100.3	4.870e2
101.0	8.991e4
102.0	1.594e4
103.0	1.298e4
104.1	2.387e3
105.0	2.746e3
105.5	2.200e1
106.0	5.690e2
107.0	4.970e2
108.1	9.428e3
109.0	1.182e3
110.0	4.660e2
111.0	3.044e4
112.2	2.360e3
113.0	1.507e5
114.1	4.593e3
115.1	9.640e3
116.1	3.603e3
117.0	9.232e4
117.5	2.080e2
118.0	1.449e4
119.0	4.955e3
120.0	1.284e3
121.0	1.083e3
122.0	3.850e2
123.0	5.780e2
124.0	7.360e2
125.1	1.612e3
126.1	1.452e3
127.1	7.350e2
128.1	1.246e3
129.1	1.060e4
130.0	8.566e3
130.6	3.200e1
131.1	4.554e3
132.1	2.040e3
133.1	1.058e4
134.1	1.441e3
134.9	6.760e3
135.5	1.300e1
136.1	1.957e3
137.0	3.072e3
137.6	5.100e1
138.1	2.876e3
139.0	1.328e3
140.0	7.570e2
141.1	1.225e3
141.9	3.980e2
142.4	3.700e1
143.1	1.375e3
144.0	9.350e2
145.0	1.369e4
146.0	1.397e4
146.5	4.000e0
147.0	1.721e4
148.1	2.095e3
149.0	3.262e3
150.1	9.580e2
151.1	1.685e3
152.1	3.234e3
153.1	3.487e3
154.1	1.202e3
155.1	2.933e3
156.0	4.751e3
157.0	1.499e3
158.1	3.944e3
159.0	5.157e3
160.0	1.781e3
161.0	3.800e3
161.5	4.000e0
162.1	1.459e3
163.0	2.156e3
164.1	2.027e3
165.1	5.115e3
166.0	3.490e2
167.1	4.990e2
168.1	8.260e2
169.1	2.438e3
170.1	8.570e2
171.1	1.851e3
172.1	1.708e3
173.1	1.023e4
174.0	3.063e3
175.0	3.747e4
176.1	4.594e3
177.1	1.947e3
178.1	7.320e2
179.1	8.055e3
180.1	2.484e3
181.1	2.251e4
182.1	1.787e3
183.0	2.063e3
184.1	1.802e3
185.1	4.884e3
185.7	3.200e1
186.2	2.745e3
187.1	2.914e3
188.1	2.312e3
189.0	1.732e3
190.1	1.836e3
190.6	1.600e1
191.1	9.280e4
192.1	7.999e3
193.1	1.136e4
194.1	2.239e3
195.1	2.436e4
196.0	8.029e3
196.6	4.100e1
197.1	1.728e3
197.9	6.828e3
198.5	7.900e1
199.1	2.655e3
200.0	8.869e3
200.5	4.500e1
201.0	3.998e3
202.0	3.293e3
202.6	4.500e1
203.2	7.695e3
204.0	2.160e3
204.5	8.000e0
205.1	1.220e3
206.1	1.590e3
207.1	2.027e3
208.0	1.049e4
208.6	3.800e1
209.1	5.627e3
210.1	2.976e3
211.1	2.650e3
211.6	7.500e1
212.2	3.616e4
213.1	6.552e3
214.1	4.173e3
215.1	1.862e3
215.6	8.200e1
216.2	2.460e3
217.1	2.255e3
218.1	1.802e3
219.1	2.922e3
220.1	3.286e3
221.1	5.843e3
222.1	3.602e3
223.1	3.748e3
224.1	1.641e3
225.1	2.704e3
226.0	1.172e3
227.1	5.308e3
227.6	4.700e1
228.2	2.337e3
229.1	2.544e3
230.1	3.413e3
231.1	2.279e3
232.1	2.089e3
233.0	2.966e3
234.1	1.704e3
235.1	1.736e3
236.0	1.595e4
236.6	7.400e1
237.1	2.889e3
238.0	2.128e3
239.1	3.494e3
240.0	1.722e4
241.0	4.994e3
242.0	3.058e3
243.1	1.298e4
244.1	5.960e3
244.6	4.900e1
245.1	3.500e3
246.1	2.280e3
247.1	2.946e3
248.1	2.892e3
249.1	5.036e4
250.0	3.056e3
250.6	3.900e1
251.1	2.432e3
252.1	9.410e2
253.1	3.618e3
253.8	7.900e1
254.3	8.230e2
255.3	3.799e3
256.2	7.000e2
257.1	2.880e3
257.6	4.000e1
258.1	3.064e3
258.6	3.500e1
259.1	3.378e3
260.1	1.360e3
260.6	3.000e0
261.1	2.866e3
262.0	2.782e3
263.1	2.400e3
264.1	1.107e3
265.1	2.576e3
266.0	2.560e3
266.6	1.600e1
267.2	2.861e3
268.1	8.760e2
269.1	3.378e3
269.6	2.500e1
270.1	1.359e3
271.1	1.110e3
272.1	1.431e3
273.1	2.327e3
274.1	2.121e3
275.1	4.749e3
276.1	2.066e3
276.7	9.800e1
277.3	4.300e3
278.2	2.132e3
278.7	1.000e2
279.2	5.763e3
280.1	4.061e3
281.2	5.346e3
282.1	3.740e3
282.6	1.630e2
283.2	2.323e3
284.1	1.851e3
285.2	1.724e3
286.1	1.728e3
287.1	1.191e3
288.1	6.658e3
288.7	2.120e2
289.2	2.698e3
290.0	7.606e3
291.1	3.998e3
292.1	3.914e3
292.7	6.900e1
293.2	5.890e3
294.2	1.688e3
294.7	5.800e1
295.2	5.861e3
296.2	1.881e3
297.2	3.323e3
298.1	2.469e3
299.1	2.185e3
300.1	2.028e3
301.1	2.283e3
302.0	2.845e3
302.5	3.300e1
303.1	1.463e3
304.1	2.186e3
305.1	6.696e3
306.1	1.555e3
307.1	5.887e3
308.0	3.921e3
308.7	6.300e1
309.2	4.313e3
310.1	3.282e3
311.1	9.809e3
312.1	4.024e3
312.6	6.000e0
313.1	3.913e3
314.1	2.107e3
315.1	2.000e3
316.1	3.085e3
317.1	6.412e4
317.6	5.300e1
318.1	5.555e3
319.1	4.934e3
320.0	2.011e3
320.6	5.600e1
321.1	4.238e3
322.1	1.582e3
322.7	2.140e2
323.3	4.330e3
324.2	2.659e3
325.2	5.374e3
326.2	2.702e3
327.2	6.285e3
328.2	2.867e3
329.1	7.265e3
330.1	4.701e3
331.1	4.754e3
332.0	2.951e3
332.7	4.340e2
333.3	6.195e3
334.1	4.262e3
335.1	2.241e3
335.6	5.900e1
336.1	2.285e3
337.1	3.638e3
337.6	7.800e1
338.1	1.990e3
339.1	2.535e3
339.9	6.193e3
340.5	4.520e2
341.2	7.921e3
342.1	2.613e3
343.0	6.873e3
344.0	3.044e3
344.6	2.890e2
345.3	5.241e3
346.2	2.899e3
346.7	8.000e0
347.2	7.071e3
348.1	2.107e3
348.7	6.700e1
349.2	3.580e3
350.1	2.046e3
350.6	8.900e1
351.2	3.912e3
352.1	2.039e3
353.0	8.069e3
353.6	4.600e1
354.2	2.816e3
355.2	7.042e3
356.1	1.254e4
357.1	6.382e3
358.1	2.529e3
359.1	3.219e3
360.1	4.185e3
360.6	8.900e1
361.2	3.271e3
362.2	2.297e3
363.2	3.037e3
364.2	1.585e3
364.7	1.800e1
365.2	2.398e3
366.0	4.501e3
367.0	2.128e3
367.9	2.529e3
368.5	4.920e2
369.1	1.873e4
370.1	3.195e3
370.7	2.650e2
371.3	3.838e3
372.1	2.104e3
373.1	2.127e3
374.0	2.459e3
374.6	4.710e2
375.3	7.826e3
376.1	3.463e3
376.6	2.480e2
377.3	8.634e3
378.2	3.178e3
379.1	1.517e4
380.1	3.995e3
380.8	2.380e2
381.3	4.427e3
382.3	2.546e3
383.2	2.689e3
384.2	2.288e3
385.1	4.083e4
386.1	5.124e3
386.7	1.060e2
387.2	6.184e3
388.2	2.643e3
389.1	2.935e3
390.0	2.474e3
390.6	7.200e1
391.3	5.537e3
392.1	2.919e3
393.1	3.808e3
394.1	1.962e3
395.1	6.173e3
396.1	3.093e3
397.0	7.405e3
398.0	3.355e3
398.5	1.000e1
399.1	5.339e3
400.1	1.533e3
400.7	1.160e2
401.2	5.958e3
402.1	4.470e3
402.6	4.200e1
403.2	2.469e3
403.7	5.900e1
404.2	2.130e3
405.1	6.240e3
405.7	1.720e2
406.2	2.256e3
407.2	3.440e3
408.1	3.336e3
408.7	1.430e2
409.2	3.484e3
410.0	1.310e3
410.9	5.209e3
411.5	2.840e2
412.1	2.605e3
412.7	1.300e1
413.2	5.338e3
414.2	2.353e3
414.7	1.620e2
415.3	4.380e3
416.1	1.680e3
417.1	4.558e3
418.1	3.722e3
418.7	3.960e2
419.3	6.145e3
420.2	2.095e3
421.2	4.883e3
422.1	1.923e3
422.6	8.300e1
423.2	3.363e3
424.1	7.806e3
425.0	6.535e3
425.6	2.950e2
426.1	1.762e3
426.7	1.340e2
427.2	5.667e3
428.2	3.312e3
429.2	3.009e3
430.2	3.115e3
430.7	1.220e2
431.3	4.859e3
432.1	1.720e3
432.8	5.730e2
433.5	4.140e3
434.3	2.114e3
435.2	4.178e3
436.1	8.712e3
436.6	1.260e2
437.2	4.385e3
438.2	4.479e3
438.9	1.411e3
439.8	3.713e3
440.4	7.680e2
441.1	3.925e3
441.6	2.200e1
442.1	2.386e3
443.1	5.051e3
444.1	4.744e3
445.1	3.166e3
446.1	2.663e3
447.1	7.275e3
448.1	7.625e3
448.6	9.800e1
449.1	4.604e3
450.1	2.859e3
450.6	8.600e1
451.2	3.925e3
452.1	3.137e3
452.8	5.500e4
453.5	1.573e4
454.3	6.140e3
455.2	3.181e3
455.8	4.530e2
456.5	2.177e3
457.4	6.050e3
458.2	4.101e3
458.8	5.860e2
459.3	7.199e3
460.3	4.774e3
461.1	3.062e3
461.7	2.800e2
462.2	3.182e3
463.2	5.777e3
463.9	1.275e3
464.5	4.591e3
465.5	2.394e4
466.4	1.119e4
467.3	6.069e3
468.2	3.315e3
469.1	2.596e3
470.1	4.096e3
470.7	1.780e2
471.2	2.618e3
472.1	1.923e3
472.7	3.510e2
473.2	3.719e3
474.1	4.423e3
475.0	2.603e3
476.0	4.349e3
476.7	8.670e2
477.4	4.337e3
478.1	1.588e3
478.8	8.077e3
479.6	2.468e3
480.4	6.477e3
480.9	2.270e2
481.4	1.315e4
482.3	3.877e3
483.1	6.682e3
483.7	5.200e2
484.3	2.933e3
485.3	6.694e3
485.8	1.220e2
486.3	3.194e3
487.3	3.343e3
487.8	5.900e1
488.3	3.348e3
489.2	4.810e3
490.1	3.091e3
490.9	2.302e3
491.7	1.919e4
492.5	1.002e4
493.5	5.187e3
494.3	1.815e3
495.0	6.079e3
495.6	9.600e1
496.1	4.155e3
496.7	6.990e2
497.3	3.404e3
497.9	3.600e2
498.5	2.695e3
499.2	1.428e3
500.0	2.911e3
500.5	2.590e2
501.1	2.396e3
501.9	3.111e3
502.6	8.150e2
503.3	1.701e4
504.3	6.098e3
505.2	5.527e3
505.9	4.580e2
506.5	4.748e3
507.4	3.082e3
508.3	3.673e3
509.2	3.815e3
510.1	3.574e3
511.1	6.151e3
512.1	4.236e3
513.0	3.575e3
514.0	2.632e3
514.6	1.900e2
515.1	7.181e3
515.6	1.900e1
516.1	3.721e3
516.6	1.760e2
517.2	3.218e3
517.7	2.560e2
518.3	2.367e3
518.9	5.000e2
519.4	3.192e3
520.4	7.532e3
521.1	3.857e4
522.0	5.764e3
522.9	2.655e3
523.9	4.185e3
524.8	4.771e3
525.4	5.600e1
525.9	3.317e3
526.6	4.930e2
527.3	4.757e3
528.1	2.924e3
528.7	4.520e2
529.4	3.478e3
530.3	2.589e3
531.2	4.864e3
531.9	9.610e2
532.5	3.116e3
533.5	8.742e3
534.2	2.011e3
534.9	5.669e3
535.5	2.610e2
536.1	2.025e3
536.6	1.320e2
537.1	4.618e3
538.1	4.251e3
538.7	1.730e2
539.2	3.794e3
539.9	3.720e2
540.5	2.731e4
541.0	3.230e2
541.6	9.630e3
542.5	3.309e3
543.3	1.864e3
544.1	3.682e3
544.7	4.770e2
545.3	2.951e3
545.8	4.800e1
546.4	4.341e3
547.2	4.053e3
547.8	4.360e2
548.4	2.500e3
549.3	9.286e3
550.2	2.808e3
551.1	5.231e3
551.7	1.030e2
552.2	3.274e3
553.2	5.455e3
554.1	3.063e3
554.6	2.430e2
555.2	3.157e3
555.7	3.900e1
556.3	2.504e3
557.2	4.510e3
558.1	2.140e3
558.7	3.900e2
559.3	2.318e3
560.1	1.017e4
560.6	1.350e2
561.2	3.965e3
562.1	3.195e3
563.2	4.871e3
563.7	1.540e2
564.3	3.124e3
564.8	1.000e2
565.3	2.377e3
565.9	6.500e2
566.5	4.589e3
567.5	2.801e3
568.0	6.620e2
568.7	5.077e3
569.3	9.730e2
570.0	3.211e3
570.8	9.060e2
571.6	6.591e3
572.2	1.150e3
573.0	3.940e3
573.9	3.077e3
574.5	3.250e2
575.1	2.219e3
575.9	3.003e3
576.7	1.923e3
577.5	4.194e3
578.3	1.418e3
579.2	5.444e3
580.2	2.967e3
581.1	4.269e3
582.1	2.509e3
582.6	1.980e2
583.1	6.247e3
584.1	2.582e3
585.1	2.339e3
585.7	2.360e2
586.2	3.896e3
586.8	5.300e1
587.3	3.280e3
588.3	4.155e3
589.1	3.127e4
590.0	5.509e3
590.6	4.870e2
591.2	3.862e3
592.1	2.464e3
592.8	3.320e2
593.3	5.746e3
594.2	2.677e3
594.8	1.320e2
595.3	3.648e3
596.2	3.115e3
597.0	1.073e3
597.6	4.414e3
598.6	2.098e3
599.4	5.802e3
600.3	4.068e3
601.3	5.591e3
602.3	3.820e3
603.2	2.676e3
603.9	5.770e2
604.6	1.849e3
605.5	3.876e3
606.2	2.817e3
607.1	2.667e3
607.9	1.405e3
608.7	6.403e3
609.6	4.198e3
610.6	1.878e3
611.5	2.643e3
612.3	1.277e3
613.0	2.675e3
613.6	1.530e2
614.1	2.645e3
615.1	4.812e3
615.6	2.220e2
616.2	3.427e3
616.9	1.389e3
617.6	5.494e3
618.4	2.457e3
618.9	3.220e2
619.5	3.210e3
620.5	2.801e3
621.4	5.374e3
622.3	3.319e3
623.0	6.020e2
623.6	3.183e3
624.4	1.343e3
625.1	3.817e3
626.1	2.410e3
627.0	2.614e3
627.6	2.560e2
628.1	9.240e3
628.7	8.740e2
629.3	3.057e3
630.3	1.922e3
631.1	4.387e3
632.1	3.402e3
632.7	3.320e2
633.3	1.963e3
633.8	4.150e2
634.4	3.339e3
635.3	2.545e3
636.1	1.350e3
636.9	3.991e3
637.4	4.010e2
638.0	3.595e3
638.6	4.690e2
639.3	2.566e3
640.2	1.447e3
641.0	3.176e3
641.6	2.840e2
642.1	2.489e3
642.7	5.000e0
643.2	3.355e3
644.1	3.002e3
644.7	6.600e1
645.2	4.009e3
645.7	2.350e2
646.3	2.443e3
647.2	4.551e3
648.1	2.447e3
649.2	3.773e3
649.9	1.259e3
650.6	5.078e3
651.5	4.210e3
652.3	1.482e3
653.1	2.686e3
654.0	2.178e3
654.5	6.900e1
655.1	2.989e3
655.6	1.130e2
656.1	3.286e3
657.1	2.233e4
658.1	5.307e3
659.1	4.162e3
660.1	2.983e3
660.6	1.060e2
661.2	3.316e3
662.2	1.570e3
662.7	7.900e1
663.3	4.557e3
664.2	2.098e3
665.1	3.573e3
666.1	3.473e3
666.6	2.700e1
667.1	4.505e3
667.9	1.724e3
668.6	3.668e3
669.5	5.876e3
670.4	2.186e3
671.2	4.462e3
672.2	2.184e3
673.1	3.678e3
673.7	7.430e2
674.4	4.016e3
674.9	1.020e2
675.4	2.815e3
676.4	3.373e3
677.2	3.790e3
678.2	3.016e3
679.0	1.791e3
679.8	4.845e3
680.4	7.160e2
681.0	3.129e3
682.0	3.230e3
682.6	2.270e2
683.1	4.814e3
683.7	1.880e2
684.2	3.884e3
684.8	2.140e2
685.3	5.319e3
686.3	3.320e3
687.3	4.569e3
688.2	1.610e3
689.1	4.703e3
690.1	3.129e3
691.0	2.229e3
691.9	2.960e3
693.0	3.743e3
693.9	2.315e3
694.5	3.850e2
695.1	3.585e3
696.1	7.480e3
696.7	8.620e2
697.3	5.294e3
698.0	9.650e2
698.6	6.756e3
699.5	9.614e3
700.2	1.573e3
700.8	5.193e3
701.8	2.799e3
702.4	8.400e1
702.9	3.933e3
703.5	3.010e2
704.0	2.731e3
704.6	2.980e2
705.2	3.991e3
706.1	3.298e3
707.1	1.826e3
707.8	3.959e3
708.4	3.960e2
709.0	3.444e3
709.9	2.578e3
710.6	2.980e2
711.3	3.557e3
711.8	4.700e1
712.3	2.713e3
713.3	5.355e3
713.8	1.080e2
714.4	3.570e3
715.1	6.776e3
716.0	3.178e3
716.6	3.950e2
717.3	4.153e3
718.1	2.575e3
719.1	4.322e3
720.1	2.450e3
721.0	2.093e3
721.8	5.436e3
722.7	2.274e3
723.5	3.775e3
724.4	1.862e3
725.1	2.179e4
726.1	5.672e3
727.1	5.128e3
727.6	1.210e2
728.1	2.384e3
729.1	4.297e3
729.8	1.176e3
730.5	2.460e3
731.4	4.592e3
732.2	2.184e3
733.1	2.890e3
734.1	2.482e3
734.6	1.230e2
735.1	4.468e3
735.7	2.730e2
736.2	2.475e3
736.9	5.360e2
737.4	3.988e3
738.3	2.085e3
739.1	4.262e3
740.1	3.302e3
741.0	3.655e3
742.0	4.465e3
742.7	5.480e2
743.3	2.794e3
743.9	6.270e2
744.6	5.345e3
745.6	5.095e3
746.4	1.812e3
747.1	3.446e3
747.7	7.300e1
748.2	5.036e3
748.7	6.400e1
749.3	3.843e3
750.3	2.060e3
751.2	5.024e3
752.0	1.254e3
752.8	3.173e3
753.7	4.269e3
754.5	1.361e3
755.3	3.581e3
756.1	1.424e3
756.8	3.510e2
757.3	3.641e3
758.3	3.039e3
758.8	3.970e2
759.4	3.554e3
760.1	6.590e2
760.9	4.014e3
761.9	2.893e3
762.4	5.300e1
763.1	2.703e3
763.6	4.360e2
764.1	6.662e3
765.1	3.838e3
766.0	2.057e3
766.9	2.462e3
767.7	3.494e3
768.6	2.216e3
769.6	3.102e3
770.5	1.954e3
771.3	2.855e3
771.9	2.770e2
772.4	2.447e3
773.0	1.080e2
773.5	1.749e3
774.5	2.763e3
775.2	6.900e2
776.0	1.662e3
776.8	3.465e3
777.5	1.109e3
778.3	2.259e3
778.8	1.260e2
779.4	2.101e3
780.2	1.683e3
781.1	3.603e3
781.7	2.860e2
782.2	2.110e3
783.2	5.042e3
783.7	1.960e2
784.3	2.743e3
784.9	3.210e2
785.5	2.966e3
786.1	4.320e2
786.8	3.783e3
787.8	3.202e3
788.4	3.770e2
789.1	2.460e3
790.1	2.149e3
790.9	2.772e3
791.6	8.360e2
792.3	2.248e3
793.1	1.431e4
794.0	5.066e3
794.6	4.790e2
795.2	3.254e3
795.9	1.179e3
796.6	3.145e3
797.6	3.590e3
798.3	8.250e2
799.1	2.149e3
800.0	3.540e3
800.5	2.560e2
801.1	3.394e3
802.0	3.298e3
803.0	2.933e3
803.9	2.919e3
804.9	3.282e3
805.8	2.609e3
806.4	5.380e2
806.9	4.147e3
807.6	4.960e2
808.2	2.780e3
808.8	1.550e2
809.3	3.450e3
810.3	2.464e3
811.1	1.843e3
811.9	2.725e3
812.5	6.800e1
813.0	3.762e3
814.0	2.149e3
814.6	3.940e2
815.2	2.657e3
815.9	1.121e3
816.6	3.089e3
817.6	3.292e3
818.4	5.420e2
819.0	4.491e3
819.6	4.190e2
820.2	3.219e3
820.8	7.390e2
821.5	3.232e3
822.0	2.610e2
822.6	3.271e3
823.2	5.490e2
823.8	3.354e3
824.4	1.810e2
824.9	2.149e3
825.9	3.578e3
826.8	2.480e3
827.7	3.364e3
828.6	1.097e3
829.2	3.677e3
830.1	2.043e3
831.1	3.674e3
831.6	5.100e1
832.1	5.942e3
833.1	2.733e3
833.9	2.713e3
834.8	2.699e3
835.6	3.507e3
836.5	2.052e3
837.5	3.134e3
838.5	2.772e3
839.1	7.140e2
839.7	2.084e3
840.4	7.380e2
841.1	2.317e3
842.1	3.072e3
842.7	3.800e1
843.2	2.197e3
844.2	2.235e3
844.8	5.590e2
845.5	3.278e3
846.3	1.154e3
847.1	3.031e3
848.1	3.139e3
848.7	6.310e2
849.3	3.441e3
850.2	1.915e3
851.0	3.557e3
851.8	1.415e3
852.6	2.820e3
853.5	3.898e3
854.1	3.190e2
854.7	3.724e3
855.3	7.560e2
856.0	2.895e3
857.0	2.929e3
857.8	1.121e3
858.7	2.373e3
859.7	5.281e3
860.4	1.428e3
861.2	9.681e3
861.9	1.709e3
862.7	3.190e3
863.6	3.665e3
864.4	1.200e3
865.2	2.498e3
865.7	2.400e2
866.3	3.361e3
867.0	7.990e2
867.7	3.843e3
868.3	6.400e2
869.0	4.078e3
869.9	3.255e3
870.5	4.680e2
871.1	3.654e3
872.1	2.087e3
873.1	2.597e3
874.1	2.863e3
875.1	2.789e3
875.8	1.784e3
876.7	3.726e3
877.5	7.130e2
878.2	3.425e3
878.9	8.470e2
879.6	3.558e3
880.6	2.921e3
881.4	1.032e3
882.1	2.246e3
882.9	5.380e2
883.5	3.494e3
884.5	2.746e3
885.3	1.313e3
886.0	2.176e3
887.0	4.904e3
887.7	1.179e3
888.3	2.284e3
889.2	3.156e3
890.2	3.251e3
890.7	1.020e2
891.2	2.935e3
892.1	1.608e3
893.0	1.718e3
893.7	2.921e3
894.3	1.430e2
894.8	3.177e3
895.8	2.823e3
896.4	2.850e2
897.0	2.676e3
897.6	1.820e2
898.2	2.614e3
899.1	3.251e3
900.1	4.817e3
900.6	8.230e2
901.2	3.649e3
902.2	2.598e3
903.2	3.310e3
903.9	1.060e3
904.6	2.084e3
905.2	4.600e2
905.9	3.644e3
906.4	5.400e1
906.9	3.369e3
907.6	4.930e2
908.2	2.845e3
909.1	1.762e3
909.8	2.956e3
910.5	6.220e2
911.0	2.965e3
911.7	8.420e2
912.4	2.323e3
913.4	2.953e3
914.0	4.710e2
914.8	4.276e3
915.7	2.153e3
916.6	3.350e3
917.2	4.960e2
917.8	2.106e3
918.3	6.800e1
919.0	4.384e3
919.6	2.230e2
920.2	3.205e3
920.8	1.440e2
921.3	3.109e3
922.2	1.259e3
922.8	2.347e3
923.7	2.263e3
924.3	3.080e2
924.9	3.293e3
925.4	4.900e1
926.0	2.982e3
926.5	5.600e1
927.1	3.166e3
928.1	3.039e3
928.6	1.280e2
929.2	8.363e3
930.1	3.963e3
930.6	1.740e2
931.1	2.742e3
932.0	3.122e3
932.9	2.341e3
933.6	1.070e3
934.3	2.634e3
935.0	7.120e2
935.7	3.710e3
936.6	3.638e3
937.6	2.614e3
938.3	8.140e2
939.0	2.760e3
940.0	2.980e3
940.8	1.388e3
941.6	3.924e3
942.2	6.700e1
942.7	3.115e3
943.7	2.169e3
944.3	1.840e2
944.8	2.536e3
946.0	2.491e3
946.9	2.971e3
947.5	1.560e2
948.0	4.106e3
949.0	4.187e3
949.9	2.639e3
950.6	9.760e2
951.2	2.616e3
952.2	2.655e3
952.8	5.410e2
953.5	2.775e3
954.2	7.170e2
954.9	3.992e3
955.7	1.895e3
956.7	2.856e3
957.4	5.990e2
958.0	2.845e3
958.6	3.350e2
959.3	2.574e3
960.3	2.300e3
961.3	3.105e3
962.1	1.583e3
962.9	3.247e3
963.9	3.509e3
964.4	8.700e1
964.9	2.911e3
965.9	2.970e3
966.8	2.495e3
967.5	8.120e2
968.2	4.723e3
969.0	1.412e3
969.7	2.579e3
970.5	1.014e3
971.3	3.987e3
972.0	1.034e3
972.6	2.179e3
973.5	2.571e3
974.2	7.090e2
974.8	2.719e3
975.8	3.261e3
976.8	2.490e3
977.4	1.200e1
978.0	3.673e3
978.7	1.737e3
979.6	2.386e3
980.1	8.500e1
980.7	2.628e3
981.5	1.093e3
982.2	3.724e3
982.7	1.530e2
983.2	3.320e3
983.8	1.870e2
984.4	2.723e3
985.1	1.006e3
985.8	3.139e3
986.8	3.381e3
987.7	2.034e3
988.6	3.143e3
989.3	1.445e3
990.2	2.991e3
991.2	3.463e3
991.7	4.000e0
992.2	2.776e3
992.8	6.900e1
993.3	3.089e3
994.2	1.902e3
994.9	7.960e2
995.6	3.635e3
996.4	1.974e3
997.2	6.665e3
998.2	2.931e3
999.0	2.435e3
999.7	1.200e3
1000.4	3.261e3
1001.2	1.533e3
1002.1	2.781e3
1003.0	1.198e3
1003.8	2.920e3
1004.4	5.250e2
1005.0	2.550e3
1005.8	1.695e3
1006.6	3.913e3
1007.5	3.870e3
1008.1	3.930e2
1008.7	2.328e3
1009.6	3.104e3
1010.6	3.726e3
1011.4	1.570e3
1012.3	2.922e3
1013.0	9.950e2
1013.7	3.413e3
1014.4	1.410e3
1015.2	2.862e3
1016.0	2.557e3
1017.0	3.194e3
1017.8	1.186e3
1018.6	2.645e3
1019.1	2.820e2
1019.8	3.024e3
1020.3	4.220e2
1021.0	2.869e3
1021.6	2.790e2
1022.1	2.484e3
1022.7	2.490e2
1023.2	3.119e3
1024.1	2.322e3
1025.0	3.618e3
1025.6	5.450e2
1026.2	3.605e3
1027.0	1.476e3
1027.9	3.233e3
1028.5	8.000e1
1029.0	2.721e3
1029.5	1.100e2
1030.1	3.377e3
1031.1	2.490e3
1031.8	1.176e3
1032.6	3.711e3
1033.1	3.270e2
1033.7	3.524e3
1034.4	4.900e2
1035.1	2.473e3
1035.6	1.200e2
1036.2	4.579e3
1037.1	2.654e3
1038.0	2.839e3
1038.6	1.890e2
1039.2	2.952e3
1040.2	2.522e3
1040.7	2.500e1
1041.2	2.126e3
1042.2	2.522e3
1042.7	6.500e1
1043.2	1.964e3
1043.8	1.470e2
1044.3	2.409e3
1045.0	3.630e2
1045.6	3.117e3
1046.4	1.485e3
1047.1	2.664e3
1048.0	3.077e3
1048.6	4.140e2
1049.2	2.370e3
1050.2	4.445e3
1050.8	3.260e2
1051.3	3.346e3
1052.1	1.623e3
1052.9	2.999e3
1053.6	3.070e2
1054.3	3.054e3
1054.9	3.830e2
1055.5	2.835e3
1056.1	5.780e2
1056.8	2.427e3
1057.5	6.380e2
1058.1	2.985e3
1058.8	8.810e2
1059.5	4.015e3
1060.4	2.242e3
1061.4	3.632e3
1062.2	1.974e3
1063.0	3.004e3
1063.5	1.790e2
1064.1	2.481e3
1064.7	1.340e2
1065.2	5.597e3
1066.1	3.548e3
1066.9	1.435e3
1067.6	2.494e3
1068.3	2.060e2
1068.9	3.280e3
1069.8	1.698e3
1070.7	2.110e3
1071.6	3.230e3
1072.1	1.110e2
1072.6	2.510e3
1073.2	4.460e2
1073.8	3.395e3
1074.8	2.728e3
1075.4	6.660e2
1076.1	2.904e3
1076.9	1.381e3
1077.7	3.768e3
1078.6	2.344e3
1079.5	2.875e3
1080.2	1.077e3
1080.8	3.239e3
1081.3	8.700e1
1081.8	3.392e3
1082.4	9.700e1
1082.9	3.036e3
1083.9	2.679e3
1084.8	3.757e3
1085.5	1.331e3
1086.2	2.517e3
1087.2	3.188e3
1088.1	2.034e3
1089.1	3.376e3
1089.9	2.255e3
1090.9	3.906e3
1091.9	2.859e3
1092.4	4.000e0
1092.9	2.319e3
1093.5	3.730e2
1094.1	2.238e3
1094.6	1.500e2
1095.2	2.788e3
1096.0	1.765e3
1096.9	1.427e3
1097.7	3.903e3
1098.4	8.550e2
1099.0	2.680e3
1100.0	2.837e3
1100.9	1.902e3
1101.6	4.080e2
1102.3	1.820e3
1103.2	2.148e3
1104.1	4.154e3
1104.9	1.593e3
1105.7	3.092e3
1106.3	2.960e2
1106.9	2.984e3
1107.4	1.300e1
1107.9	2.013e3
1108.5	5.600e1
1109.1	2.572e3
1109.7	2.460e2
1110.3	2.652e3
1110.8	1.600e2
1111.3	2.174e3
1112.3	2.177e3
1113.0	5.100e2
1113.7	2.795e3
1114.4	6.140e2
1115.0	1.941e3
1116.0	2.565e3
1116.6	2.260e2
1117.2	2.722e3
1117.7	1.550e2
1118.2	2.346e3
1119.1	4.392e3
1120.0	1.796e3
1120.8	3.253e3
1121.3	1.270e2
1121.8	2.731e3
1122.6	7.990e2
1123.3	2.879e3
1123.8	1.000e1
1124.3	2.389e3
1125.3	2.759e3
1126.1	1.420e3
1127.0	2.418e3
1127.6	2.740e2
1128.2	3.163e3
1128.9	6.580e2
1129.6	3.054e3
1130.4	2.491e3
1131.2	7.460e2
1131.8	2.553e3
1132.4	3.730e2
1133.0	4.589e3
1133.8	1.557e3
1134.6	3.246e3
1135.7	1.352e3
1136.5	3.709e3
1137.4	2.208e3
1138.2	2.920e3
1139.0	6.990e2
1139.8	2.678e3
1140.7	2.231e3
1141.7	2.076e3
1142.3	6.700e1
1142.9	3.089e3
1143.5	7.000e2
1144.3	2.709e3
1145.1	1.013e3
1145.8	2.456e3
1146.8	3.207e3
1147.4	3.480e2
1148.0	3.201e3
1148.5	7.000e0
1149.0	2.184e3
1149.9	2.259e3
1150.7	1.139e3
1151.5	2.387e3
1152.2	1.940e3
1153.0	3.170e3
1153.6	2.300e2
1154.2	2.618e3
1154.7	2.700e1
1155.2	1.773e3
1156.0	2.822e3
1156.6	3.830e2
1157.2	2.417e3
1158.2	1.977e3
1159.2	3.623e3
1159.9	1.202e3
1160.7	3.632e3
1161.2	1.510e2
1161.8	2.411e3
1162.7	2.851e3
1163.4	7.210e2
1164.0	2.445e3
1164.7	1.337e3
1165.4	2.922e3
1166.3	2.984e3
1167.0	6.780e2
1167.7	3.074e3
1168.6	2.331e3
1169.5	2.828e3
1170.4	2.881e3
1171.2	9.130e2
1172.0	3.096e3
1173.0	2.186e3
1173.6	4.680e2
1174.2	3.264e3
1174.9	3.120e2
1175.5	3.401e3
1176.0	1.200e1
1176.6	3.241e3
1177.5	1.938e3
1178.4	1.887e3
1179.1	1.072e3
1179.8	2.346e3
1180.8	2.357e3
1181.7	2.149e3
1182.3	5.760e2
1182.9	3.164e3
1183.9	2.258e3
1184.6	8.250e2
1185.2	2.695e3
1186.1	1.280e3
1186.9	3.592e3
1187.5	2.290e2
1188.1	2.390e3
1188.6	1.090e2
1189.1	2.786e3
1189.7	3.580e2
1190.3	3.160e3
1191.3	3.022e3
1192.2	2.485e3
1192.9	1.468e3
1193.8	1.109e3
1194.6	2.424e3
1195.1	7.000e0
1195.6	3.061e3
1196.5	2.133e3
1197.1	2.380e2
1197.7	2.574e3
1198.6	2.229e3
1199.3	9.140e2
1200.0	2.113e3
1200.7	3.680e2
1201.4	4.314e3
1201.9	3.700e1
1202.4	2.688e3
1203.4	2.367e3
1204.3	2.991e3
1204.8	1.920e2
1205.5	2.954e3
1206.2	1.296e3
1206.9	2.800e3
1207.5	3.610e2
1208.2	1.584e3
1209.0	2.808e3
1209.9	1.005e3
1210.6	1.189e3
1211.3	2.996e3
1212.1	7.310e2
1212.9	1.979e3
1213.6	2.310e2
1214.2	2.491e3
1214.9	7.620e2
1215.5	2.342e3
1216.5	1.915e3
1217.5	3.171e3
1218.5	2.510e3
1219.4	1.823e3
1220.1	1.650e2
1220.6	3.182e3
1221.3	8.870e2
1222.2	2.226e3
1223.0	1.530e3
1223.7	5.220e2
1224.4	2.203e3
1225.4	2.403e3
1226.1	9.520e2
1226.9	3.582e3
1227.7	1.935e3
1228.5	9.630e2
1229.3	2.315e3
1230.3	2.526e3
1230.8	4.100e1
1231.3	2.454e3
1232.4	2.584e3
1232.9	1.150e2
1233.5	2.752e3
1234.3	1.038e3
1235.1	2.570e3
1235.8	5.460e2
1236.4	3.003e3
1237.2	6.270e2
1237.8	2.516e3
1238.5	5.320e2
1239.1	1.810e3
1240.0	3.503e3
1240.5	5.000e0
1241.0	2.757e3
1241.9	1.814e3
1242.8	2.559e3
1243.4	2.960e2
1244.1	3.080e3
1244.7	1.940e2
1245.3	3.168e3
1246.1	1.007e3
1246.9	2.748e3
1247.6	2.170e2
1248.1	2.474e3
1248.7	5.240e2
1249.4	3.296e3
1249.9	3.530e2
1250.5	3.464e3
1251.4	8.970e2
1252.1	2.297e3
1253.1	1.843e3
1253.6	5.600e1
1254.1	2.723e3
1254.9	1.040e3
1255.6	2.443e3
1256.3	4.890e2
1256.8	2.632e3
1257.8	2.655e3
1258.6	8.540e2
1259.2	3.068e3
1259.9	5.670e2
1260.5	2.602e3
1261.1	6.000e0
1261.6	3.578e3
1262.3	7.690e2
1263.0	2.180e3
1264.0	2.005e3
1264.6	5.250e2
1265.3	2.146e3
1266.1	1.303e3
1267.0	2.416e3
1268.0	1.939e3
1268.5	3.550e2
1269.2	3.512e3
1270.0	1.493e3
1270.8	3.093e3
1271.4	3.220e2
1272.0	2.497e3
1272.6	5.060e2
1273.1	3.083e3
1273.8	7.290e2
1274.5	2.667e3
1275.3	1.095e3
1276.0	2.419e3
1276.5	1.200e2
1277.0	2.240e3
1277.6	1.170e2
1278.2	2.232e3
1279.1	2.924e3
1279.8	7.260e2
1280.6	2.247e3
1281.2	5.210e2
1281.8	2.038e3
1282.8	2.146e3
1283.6	1.011e3
1284.4	2.848e3
1284.9	1.350e2
1285.4	2.892e3
1286.3	1.603e3
1287.3	2.084e3
1288.1	1.063e3
1288.9	2.643e3
1289.8	1.400e3
1290.6	2.693e3
1291.3	9.730e2
1292.0	3.299e3
1292.9	1.868e3
1293.8	2.101e3
1294.5	5.090e2
1295.1	2.335e3
1296.1	2.350e3
1297.1	2.036e3
1297.9	1.794e3
1298.7	2.077e3
1299.4	4.910e2
1300.0	2.019e3
1300.9	2.691e3
1301.5	2.080e2
1302.1	2.530e3
1302.7	3.040e2
1303.3	3.474e3
1304.2	2.076e3
1305.2	1.368e3
1306.1	3.536e3
1307.0	1.967e3
1308.0	3.623e3
1308.7	7.990e2
1309.4	2.948e3
1310.3	1.614e3
1311.1	3.267e3
1312.1	2.490e3
1313.0	2.102e3
1313.7	3.590e2
1314.3	2.868e3
1315.0	5.010e2
1315.8	1.718e3
1316.8	1.706e3
1317.4	4.980e2
1318.0	3.141e3
1318.7	3.780e2
1319.3	2.570e3
1320.2	1.526e3
1321.3	2.369e3
1322.0	7.080e2
1322.7	2.432e3
1323.6	2.012e3
1324.4	1.970e3
1325.4	2.499e3
1326.4	2.606e3
1327.3	1.655e3
1328.2	2.237e3
1328.8	2.590e2
1329.4	2.205e3
1330.1	4.440e2
1330.8	2.625e3
1331.3	4.860e2
1332.0	2.518e3
1332.5	3.680e2
1333.1	1.830e3
1333.7	2.090e2
1334.3	1.529e3
1335.1	3.289e3
1336.0	2.402e3
1336.9	2.052e3
1337.8	3.203e3
1338.3	2.070e2
1338.9	2.080e3
1339.8	3.042e3
1340.6	2.400e3
1341.6	8.060e2
1342.4	3.230e3
1343.0	2.720e2
1343.6	2.658e3
1344.3	1.001e3
1345.0	2.378e3
1345.5	1.060e2
1346.1	2.510e3
1347.2	1.426e3
1348.2	2.378e3
1348.7	3.000e1
1349.2	2.253e3
1350.2	1.409e3
1350.8	2.142e3
1351.8	2.573e3
1352.5	7.760e2
1353.4	2.643e3
1354.3	2.194e3
1355.0	8.770e2
1355.7	3.069e3
1356.5	1.008e3
1357.2	2.635e3
1358.0	1.086e3
1358.7	2.711e3
1359.6	2.528e3
1360.6	1.586e3
1361.3	1.067e3
1362.1	2.299e3
1363.0	2.031e3
1364.0	2.409e3
1364.7	6.330e2
1365.4	2.639e3
1366.0	9.800e1
1366.5	2.442e3
1367.5	1.747e3
1368.3	1.941e3
1369.4	2.812e3
1370.3	2.045e3
1371.2	1.625e3
1372.3	2.409e3
1372.8	4.200e1
1373.4	2.408e3
1374.4	1.967e3
1375.2	2.639e3
1376.2	1.997e3
1377.1	2.818e3
1378.1	2.315e3
1378.6	1.410e2
1379.2	2.166e3
1379.9	6.620e2
1380.5	1.219e3
1381.4	2.865e3
1382.1	7.160e2
1382.9	1.859e3
1383.6	6.020e2
1384.4	2.284e3
1385.1	6.800e2
1385.8	1.990e3
1386.8	2.508e3
1387.7	8.160e2
1388.6	2.189e3
1389.2	4.000e2
1389.9	2.625e3
1390.4	7.600e1
1391.0	3.466e3
1391.7	4.070e2
1392.3	1.375e3
1392.9	5.200e1
1393.4	1.609e3
1394.3	3.047e3
1395.3	1.370e3
1395.9	4.180e2
1396.5	3.117e3
1397.2	7.470e2
1398.0	2.907e3
1398.9	1.195e3
1399.7	2.668e3
1400.6	1.333e3
1401.6	1.119e3
1402.4	2.151e3
1403.2	9.350e2
1403.9	2.630e3
1404.5	1.910e2
1405.0	2.437e3
1406.1	2.395e3
1406.9	1.156e3
1407.9	1.384e3
1408.7	1.121e3
1409.4	1.788e3
1410.1	5.670e2
1410.7	2.203e3
1411.4	7.310e2
1412.2	2.619e3
1413.2	1.724e3
1414.1	1.370e3
1415.0	2.678e3
1415.5	1.060e2
1416.1	2.097e3
1417.1	2.605e3
1417.7	1.010e2
1418.2	2.294e3
1419.2	2.254e3
1420.1	2.952e3
1421.1	2.182e3
1422.1	2.761e3
1423.0	2.472e3
1424.0	2.114e3
1425.1	2.378e3
1425.8	1.533e3
1426.6	2.313e3
1427.1	1.390e2
1427.7	2.570e3
1428.3	4.300e2
1429.0	1.826e3
1429.9	2.518e3
1430.7	6.490e2
1431.4	1.699e3
1431.9	2.690e2
1432.6	2.434e3
1433.3	1.264e3
1434.0	3.358e3
1434.8	7.510e2
1435.5	1.882e3
1436.5	8.290e2
1437.3	2.835e3
1438.3	1.438e3
1439.2	2.670e3
1440.1	2.634e3
1440.8	2.530e2
1441.4	2.121e3
1442.1	4.000e2
1442.9	2.491e3
1443.5	3.330e2
1444.2	3.444e3
1445.2	2.083e3
1446.2	1.164e3
1447.1	2.551e3
1448.0	1.551e3
1449.1	2.579e3
1450.0	8.650e2
1450.8	2.323e3
1451.4	1.440e2
1452.0	2.397e3
1452.6	7.200e1
1453.1	2.460e3
1453.8	1.405e3
1454.8	2.717e3
1455.6	1.553e3
1456.6	2.322e3
1457.4	1.323e3
1458.3	2.146e3
1459.2	1.927e3
1460.2	2.117e3
1461.1	2.176e3
1461.7	1.280e2
1462.2	2.387e3
1462.8	2.280e2
1463.5	2.091e3
1464.1	2.330e2
1464.8	2.853e3
1465.7	1.471e3
1466.6	2.082e3
1467.6	1.429e3
1468.6	1.891e3
1469.4	8.030e2
1470.1	1.649e3
1470.9	1.953e3
1471.6	6.470e2
1472.4	2.302e3
1473.4	3.463e3
1474.0	1.030e2
1474.6	1.785e3
1475.1	4.600e1
1475.6	1.875e3
1476.4	9.150e2
1477.0	3.212e3
1478.2	1.871e3
1479.1	1.980e3
1479.9	1.081e3
1480.7	2.013e3
1481.7	1.967e3
1482.2	4.400e1
1482.7	2.333e3
1483.7	2.187e3
1484.5	8.650e2
1485.3	2.910e3
1486.2	9.050e2
1487.0	1.614e3
1487.7	3.850e2
1488.3	1.649e3
1488.9	2.090e2
1489.4	2.077e3
1490.2	1.333e3
1491.1	2.082e3
1492.0	1.605e3
1492.9	1.745e3
1493.9	2.182e3
1494.8	2.489e3
1495.3	6.900e1
1495.8	1.990e3
1496.5	4.600e2
1497.2	2.265e3
1497.8	4.290e2
1498.4	2.604e3
1499.4	1.465e3
1500.4	2.251e3
1501.0	2.800e2
1501.7	1.992e3
1502.3	8.600e1
1502.8	1.991e3
1503.8	1.736e3
1504.7	1.573e3
1505.5	1.507e3
1506.4	2.709e3
1507.1	1.620e2
1507.6	2.101e3
1508.6	1.827e3
1509.2	3.750e2
1509.8	2.016e3
1510.6	8.540e2
1511.4	1.629e3
1512.0	2.490e2
1512.7	2.729e3
1513.2	1.210e2
1513.8	1.881e3
1514.3	4.000e0
1514.8	3.025e3
1515.8	1.746e3
1516.4	1.440e2
1516.9	1.834e3
1517.9	7.950e2
1518.9	1.851e3
1519.5	4.010e2
1520.3	2.015e3
1520.8	4.500e1
1521.4	2.321e3
1522.3	1.863e3
1522.8	1.020e2
1523.4	2.879e3
1524.4	1.516e3
1525.3	2.384e3
1526.0	3.370e2
1526.6	1.073e3
1527.5	2.309e3
1528.3	1.365e3
1529.4	2.334e3
1530.2	1.471e3
1531.1	1.538e3
1531.7	3.810e2
1532.3	2.192e3
1532.9	2.500e1
1533.4	2.437e3
1534.2	1.535e3
1535.1	9.050e2
1535.9	1.802e3
1536.5	4.630e2
1537.1	1.500e3
1538.1	2.478e3
1538.9	1.575e3
1539.4	4.000e0
1539.9	1.835e3
1540.6	3.690e2
1541.2	2.609e3
1542.2	2.054e3
1542.9	2.730e2
1543.5	2.249e3
1544.2	3.770e2
1544.9	1.359e3
1545.8	1.612e3
1546.7	1.935e3
1547.2	1.200e1
1547.7	1.333e3
1548.2	4.000e0
1548.8	1.816e3
1549.7	1.102e3
1550.5	1.957e3
1551.3	1.227e3
1552.2	2.342e3
1552.8	4.330e2
1553.4	1.906e3
1554.5	1.156e3
1555.6	1.523e3
1556.7	1.995e3
1557.4	4.290e2
1558.1	1.618e3
1558.8	9.380e2
1559.5	3.050e3
1560.4	1.810e3
1561.0	2.130e2
1561.6	1.539e3
1562.5	9.800e2
1563.4	2.703e3
1564.6	1.731e3
1565.3	6.530e2
1565.9	2.414e3
1566.6	6.240e2
1567.4	2.175e3
1567.9	1.830e2
1568.5	2.089e3
1569.5	1.812e3
1570.1	2.250e2
1570.8	1.817e3
1571.6	1.415e3
1572.1	4.000e0
1572.7	1.337e3
1573.5	2.705e3
1574.4	2.072e3
1575.2	1.791e3
1576.1	1.475e3
1576.7	3.920e2
1577.4	1.352e3
1578.2	9.370e2
1579.1	1.768e3
1579.7	1.600e2
1580.3	2.413e3
1581.0	6.090e2
1581.6	1.636e3
1582.4	8.470e2
1583.2	2.031e3
1583.9	3.630e2
1584.5	1.884e3
1585.1	4.090e2
1585.7	1.129e3
1586.6	2.185e3
1587.4	4.050e2
1588.1	2.714e3
1589.1	2.315e3
1590.0	1.249e3
1590.8	2.384e3
1591.4	3.350e2
1592.0	1.281e3
1592.9	5.260e2
1593.7	1.338e3
1594.4	3.590e2
1595.0	2.141e3
1595.8	1.462e3
1596.4	1.010e2
1596.9	1.436e3
1597.7	7.280e2
1598.2	4.500e1
1598.7	1.762e3
1599.7	9.010e2
1600.5	1.852e3
1601.1	1.080e2
1601.6	2.254e3
1602.2	8.800e1
1602.7	1.823e3
1603.3	4.000e0
1603.8	1.655e3
1604.5	6.310e2
1605.3	1.988e3
1606.1	1.195e3
1606.6	1.790e2
1607.2	2.050e3
1608.3	2.017e3
1609.2	1.617e3
1610.0	1.041e3
1610.9	2.360e3
1611.6	5.250e2
1612.4	1.866e3
1613.0	1.180e2
1613.6	2.334e3
1614.4	1.218e3
1615.2	1.753e3
1616.2	1.148e3
1617.0	2.560e3
1617.8	6.970e2
1618.6	1.670e3
1619.6	1.791e3
1620.3	2.839e3
1621.1	9.680e2
1622.0	2.148e3
1622.7	6.310e2
1623.4	1.911e3
1624.0	6.600e1
1624.6	2.190e3
1625.5	1.317e3
1626.4	1.733e3
1627.4	1.156e3
1628.3	2.207e3
1629.0	1.184e3
1629.8	1.259e3
1630.7	1.372e3
1631.3	6.600e1
1631.9	2.460e3
1632.7	1.063e3
1633.6	1.772e3
1634.3	8.760e2
1635.0	1.956e3
1635.6	3.800e2
1636.2	1.719e3
1637.2	1.815e3
1638.1	1.456e3
1639.1	1.437e3
1639.9	7.670e2
1640.8	2.256e3
1641.3	4.900e1
1641.9	2.124e3
1642.7	4.930e2
1643.6	2.122e3
1644.3	6.900e2
1645.0	1.599e3
1645.6	1.460e2
1646.1	1.804e3
1646.6	4.100e1
1647.3	2.012e3
1648.1	1.018e3
1649.0	1.712e3
1649.8	6.390e2
1650.6	1.682e3
1651.5	2.228e3
1652.1	3.700e1
1652.7	1.601e3
1653.6	1.973e3
1654.5	9.170e2
1655.3	1.271e3
1655.9	2.200e1
1656.4	9.270e2
1657.3	1.410e3
1658.1	1.578e3
1658.8	5.290e2
1659.7	1.716e3
1660.2	3.810e2
1660.9	1.501e3
1661.5	2.540e2
1662.1	1.679e3
1663.0	1.123e3
1663.8	1.695e3
1664.5	2.920e2
1665.1	2.140e3
1665.7	5.700e1
1666.2	6.630e2
1667.1	1.435e3
1668.0	1.050e3
1668.5	5.600e1
1669.0	2.380e3
1669.7	6.940e2
1670.5	1.337e3
1671.1	2.600e2
1671.8	2.328e3
1672.4	1.810e2
1673.1	5.680e2
1673.8	2.031e3
1674.3	5.700e1
1674.9	1.285e3
1675.9	1.410e3
1676.9	1.655e3
1677.7	5.540e2
1678.4	1.196e3
1679.4	1.207e3
1679.9	9.500e1
1680.5	1.101e3
1681.4	1.757e3
1682.3	1.469e3
1683.1	8.820e2
1684.0	1.834e3
1684.6	4.600e1
1685.2	1.337e3
1685.8	2.670e2
1686.6	1.983e3
1687.2	1.870e2
1687.8	1.701e3
1688.4	3.990e2
1689.0	1.331e3
1689.9	1.348e3
1690.5	1.800e2
1691.0	1.362e3
1692.0	1.757e3
1692.9	6.880e2
1693.5	1.498e3
1694.1	9.000e0
1694.8	1.079e3
1695.3	2.120e2
1695.9	1.958e3
1696.8	2.479e3
1697.7	1.207e3
1698.6	1.896e3
1699.5	8.240e2
1700.3	1.364e3
1700.9	3.750e2
1701.7	1.324e3
1702.3	8.900e1
1703.0	2.040e3
1703.7	3.750e2
1704.5	2.413e3
1705.4	1.490e3
1706.3	8.060e2
1707.2	6.520e2
1707.9	2.391e3
1708.5	1.500e2
1709.1	1.942e3
1710.1	1.127e3
1711.0	1.463e3
1711.8	7.320e2
1712.3	2.400e1
1712.9	1.959e3
1713.9	1.439e3
1714.9	1.507e3
1715.6	6.130e2
1716.4	1.841e3
1717.4	1.216e3
1718.1	9.390e2
1718.9	1.488e3
1719.9	1.797e3
1720.8	1.853e3
1721.3	1.300e1
1721.9	2.142e3
1722.7	1.655e3
1723.6	1.010e3
1724.3	5.340e2
1724.9	1.267e3
1725.8	1.992e3
1726.4	1.670e2
1727.2	2.368e3
1728.3	1.643e3
1729.2	2.621e3
1730.2	7.860e2
1731.0	1.693e3
1732.0	1.803e3
1733.0	1.448e3
1733.9	1.683e3
1734.5	8.900e1
1735.1	1.367e3
1735.8	6.040e2
1736.5	1.616e3
1737.3	1.681e3
1738.0	5.160e2
1738.7	2.017e3
1739.8	2.184e3
1740.4	4.820e2
1741.2	1.897e3
1741.7	1.100e1
1742.2	1.419e3
1742.9	4.640e2
1743.6	1.338e3
1744.6	1.844e3
1745.2	6.140e2
1746.0	2.342e3
1746.9	6.830e2
1747.7	7.220e2
1748.4	2.333e3
1749.3	5.150e2
1750.0	1.171e3
1750.8	2.034e3
1751.7	1.441e3
1752.3	2.300e1
1752.8	6.780e2
1753.7	1.342e3
1754.4	1.550e2
1755.0	2.355e3
1755.9	1.969e3
1756.5	6.580e2
1757.3	2.113e3
1757.9	3.900e1
1758.5	1.309e3
1759.0	1.300e1
1759.5	1.235e3
1760.5	1.183e3
1761.5	1.595e3
1762.2	6.990e2
1762.9	1.897e3
1763.4	2.570e2
1764.1	1.562e3
1764.6	2.200e1
1765.2	1.015e3
1765.7	3.500e1
1766.2	1.205e3
1767.3	1.354e3
1768.1	6.570e2
1769.0	2.037e3
1769.9	8.870e2
1770.7	1.502e3
1771.3	9.600e1
1772.0	1.699e3
1772.8	1.011e3
1773.7	1.767e3
1774.6	1.243e3
1775.4	1.610e3
1775.9	8.100e1
1776.4	1.717e3
1777.4	8.930e2
1777.9	9.000e0
1778.4	1.246e3
1779.4	1.062e3
1780.1	2.390e2
1780.7	1.306e3
1781.3	4.900e1
1781.9	2.041e3
1782.8	1.399e3
1783.7	7.300e2
1784.5	2.440e3
1785.5	1.357e3
1786.4	7.580e2
1787.2	1.586e3
1788.0	4.620e2
1788.8	1.374e3
1789.4	4.000e0
1789.9	1.564e3
1790.6	2.960e2
1791.3	1.728e3
1792.2	1.066e3
1792.9	8.200e1
1793.5	1.554e3
1794.3	5.610e2
1795.0	8.590e2
1795.9	1.604e3
1796.5	2.920e2
1797.1	1.117e3
1798.1	1.860e3
1798.7	3.950e2
1799.3	1.414e3
1800.1	3.210e2
1800.9	1.235e3
1801.8	9.810e2
1802.4	6.000e1
1802.9	2.002e3
1803.5	2.670e2
1804.1	2.007e3
1805.0	5.510e2
1805.7	1.554e3
1806.5	7.400e2
1807.2	3.150e2
1808.0	1.248e3
1808.9	7.550e2
1809.8	6.540e2
1810.6	1.219e3
1811.7	1.506e3
1812.6	1.171e3
1813.6	1.248e3
1814.5	8.900e2
1815.6	1.561e3
1816.4	8.860e2
1817.3	9.620e2
1818.1	1.832e3
1819.0	6.430e2
1819.9	1.346e3
1820.8	1.208e3
1821.7	6.440e2
1822.3	1.690e2
1822.9	1.013e3
1823.7	4.600e2
1824.5	1.081e3
1825.5	1.212e3
1826.3	2.005e3
1827.0	9.750e2
1827.8	1.250e3
1828.4	1.430e2
1829.0	1.627e3
1829.7	4.830e2
1830.4	1.552e3
1831.3	1.299e3
1832.2	1.256e3
1832.9	2.250e2
1833.6	9.860e2
1834.4	1.444e3
1835.3	1.852e3
1836.1	4.350e2
1836.7	2.680e2
1837.6	8.510e2
1838.6	1.397e3
1839.1	4.000e0
1839.6	1.324e3
1840.4	3.580e2
1841.1	1.103e3
1842.1	1.561e3
1843.0	1.563e3
1843.8	4.980e2
1844.6	9.110e2
1845.5	1.778e3
1846.4	1.415e3
1847.0	2.600e1
1847.5	1.759e3
1848.3	1.284e3
1849.1	6.310e2
1849.8	1.253e3
1850.7	2.452e3
1851.3	1.200e1
1851.8	1.363e3
1852.6	8.150e2
1853.4	1.143e3
1854.3	8.910e2
1854.8	2.400e1
1855.3	1.033e3
1856.0	4.700e2
1856.7	1.412e3
1857.6	2.135e3
1858.6	3.460e2
1859.3	8.550e2
1860.3	9.290e2
1860.9	3.170e2
1861.5	1.427e3
1862.3	2.870e2
1862.8	4.180e2
1863.8	1.388e3
1864.8	1.208e3
1865.7	3.460e2
1866.6	6.580e2
1867.3	1.970e3
1868.3	5.160e2
1869.1	9.160e2
1870.1	5.800e2
1870.7	1.231e3
1871.7	1.012e3
1872.7	1.579e3
1873.7	7.560e2
1874.6	1.281e3
1875.4	6.420e2
1876.2	1.454e3
1876.9	7.300e1
1877.4	1.203e3
1878.0	2.600e1
1878.5	1.097e3
1879.2	2.370e2
1879.8	1.557e3
1880.6	6.160e2
1881.4	1.357e3
1882.4	1.085e3
1883.3	1.740e3
1883.8	5.200e1
1884.4	9.590e2
1885.0	5.040e2
1885.7	2.061e3
1886.6	8.620e2
1887.4	1.824e3
1887.9	5.000e0
1888.5	7.060e2
1889.3	5.270e2
1890.1	1.134e3
1890.6	1.090e2
1891.3	1.012e3
1891.9	1.150e2
1892.5	1.466e3
1893.0	4.100e1
1893.5	5.020e2
1894.5	1.204e3
1895.2	4.900e2
1896.0	7.560e2
1896.8	2.113e3
1897.4	6.800e1
1897.9	1.590e3
1898.7	3.260e2
1899.5	1.644e3
1900.0	9.900e1
1900.6	1.751e3
1901.1	3.520e2
1901.8	1.571e3
1902.8	7.660e2
1903.7	1.036e3
1904.5	2.270e2
1905.0	1.904e3
1905.9	1.166e3
1906.6	7.630e2
1907.6	1.718e3
1908.6	1.601e3
1909.3	1.210e2
1910.0	9.390e2
1910.7	1.768e3
1911.6	7.300e2
1912.5	5.010e2
1913.4	1.561e3
1914.3	1.517e3
1915.2	5.270e2
1915.9	1.817e3
1916.4	1.400e1
1917.0	1.717e3
1917.7	3.380e2
1918.4	1.090e3
1919.0	2.450e2
1919.6	1.263e3
1920.5	1.066e3
1921.0	1.090e2
1921.6	9.370e2
1922.4	1.862e3
1923.1	3.470e2
1923.7	1.341e3
1924.3	1.710e2
1924.9	9.670e2
1925.9	7.420e2
1926.4	1.740e2
1927.1	1.301e3
1927.7	3.790e2
1928.4	1.075e3
1929.2	1.106e3
1929.9	2.820e2
1930.6	6.530e2
1931.5	9.720e2
1932.4	9.460e2
1933.3	7.660e2
1934.1	4.020e2
1934.9	9.640e2
1935.6	3.500e1
1936.1	1.130e3
1937.1	2.038e3
1938.1	9.890e2
1938.6	1.430e2
1939.3	1.240e3
1940.0	1.630e2
1940.6	1.051e3
1941.3	6.080e2
1942.0	1.230e3
1942.7	9.800e1
1943.2	1.139e3
1944.2	1.074e3
1945.0	4.740e2
1945.6	6.400e1
1946.1	7.310e2
1947.0	1.109e3
1947.7	3.100e1
1948.3	1.171e3
1948.8	1.500e1
1949.4	1.827e3
1950.1	6.570e2
1950.9	7.950e2
1951.8	5.770e2
1952.8	1.297e3
1953.6	3.750e2
1954.3	1.544e3
1954.9	1.610e2
1955.6	1.351e3
1956.3	1.230e2
1956.9	1.185e3
1957.9	1.492e3
1958.4	3.100e1
1959.0	1.148e3
1959.6	1.800e1
1960.2	9.150e2
1961.0	1.470e2
1961.6	1.252e3
1962.1	5.700e1
1962.7	1.675e3
1963.5	4.910e2
1964.3	7.470e2
1965.1	7.900e1
1965.6	8.740e2
1966.2	1.930e2
1966.9	1.203e3
1967.7	5.460e2
1968.5	9.900e2
1969.2	2.200e2
1970.0	1.252e3
1970.7	2.780e2
1971.4	5.940e2
1972.1	1.920e3
1973.0	1.138e3
1973.9	1.573e3
1974.6	3.630e2
1975.4	1.002e3
1976.1	2.940e2
1976.7	8.990e2
1977.7	1.280e2
1978.4	1.266e3
1979.6	1.843e3
1980.6	5.870e2
1981.5	1.085e3
1982.1	1.700e1
1982.7	1.005e3
1983.6	1.535e3
1984.6	5.880e2
1985.5	1.019e3
1986.5	6.060e2
1987.1	2.300e1
1987.7	1.197e3
1988.4	5.890e2
1989.0	1.240e2
1989.6	1.595e3
1990.4	5.240e2
1991.0	2.100e1
1991.5	1.255e3
1992.6	7.440e2
1993.4	1.034e3
1994.3	2.005e3
1995.3	1.631e3
1996.1	6.000e2
1997.0	8.500e2
1997.6	3.000e1
1998.1	7.870e2
1998.8	9.700e1
1999.4	1.166e3
