100.4	4.317e4
101.1	4.580e5
101.7	2.608e3
102.2	3.846e6
103.1	2.223e5
103.6	2.012e3
104.2	1.690e5
104.7	1.467e3
105.2	2.399e6
105.7	2.391e3
106.2	1.889e5
106.8	5.233e3
107.3	1.795e5
108.3	7.083e5
109.2	4.626e5
110.1	3.080e6
110.7	4.440e3
111.2	7.505e6
112.2	2.416e6
113.2	5.501e5
114.2	3.379e5
115.2	1.790e5
115.7	9.550e2
116.2	1.409e5
117.2	8.766e4
118.2	2.079e5
119.1	1.934e5
119.6	7.612e3
120.2	6.549e5
121.2	2.125e5
121.8	1.303e4
122.3	2.906e6
123.2	8.814e5
123.8	5.810e2
124.3	3.655e5
125.2	9.778e4
126.1	4.176e5
126.7	1.480e3
127.2	1.107e5
127.7	3.309e3
128.3	5.656e4
129.2	1.232e5
130.2	7.198e5
130.8	8.228e4
131.4	1.228e6
132.3	5.145e5
133.2	2.735e5
134.2	1.084e5
134.7	1.890e3
135.3	6.004e4
136.2	6.568e5
136.7	1.473e3
137.3	1.534e5
138.3	1.310e6
138.8	9.930e2
139.3	1.480e5
140.2	1.900e5
141.2	1.705e5
142.2	4.029e5
142.7	3.598e3
143.2	1.122e5
144.2	1.873e5
145.2	1.497e6
145.7	4.390e2
146.2	1.459e5
147.2	7.651e5
147.7	1.551e3
148.2	1.115e5
149.2	2.688e5
149.8	3.766e3
150.3	8.449e5
151.3	1.486e5
152.3	5.762e4
153.3	5.149e4
154.2	9.777e4
154.7	9.200e2
155.2	1.611e5
155.7	9.580e2
156.3	7.859e4
157.2	2.306e5
157.7	5.160e2
158.2	3.447e5
159.2	2.273e6
159.7	5.700e2
160.2	2.382e5
160.7	1.174e3
161.2	9.107e4
162.2	8.024e4
163.2	1.493e5
164.2	1.256e5
164.8	2.027e3
165.3	7.001e4
165.9	5.561e3
166.5	4.883e4
167.4	4.449e5
168.2	1.299e5
168.7	1.192e3
169.2	6.643e4
169.8	4.893e3
170.3	1.353e5
171.3	6.308e5
172.2	5.457e5
173.2	3.721e5
173.8	6.850e2
174.3	1.330e5
174.8	1.127e3
175.3	1.084e5
176.2	1.686e5
177.1	4.151e5
177.6	1.598e4
178.2	1.074e5
178.8	3.766e3
179.3	1.168e5
180.3	6.742e4
181.3	8.404e4
182.2	7.906e4
183.2	5.135e5
183.8	3.075e3
184.3	1.051e5
185.2	9.841e5
186.2	1.909e5
187.2	8.888e5
187.8	1.439e3
188.3	4.665e5
189.2	1.494e5
189.7	2.617e3
190.3	7.559e4
191.2	9.320e4
192.3	7.875e4
192.8	1.640e3
193.3	6.372e4
194.3	2.761e5
195.3	1.530e5
195.8	1.849e3
196.4	2.290e6
197.4	6.218e5
198.4	1.080e6
199.3	1.870e5
200.2	7.436e5
200.7	8.040e2
201.2	1.417e5
202.3	9.663e4
203.2	1.167e5
203.7	6.200e2
204.2	5.796e4
205.3	1.098e5
206.3	8.284e4
206.8	1.068e3
207.3	5.855e4
208.2	6.631e4
209.1	1.223e5
209.8	3.450e3
210.3	8.904e4
211.3	5.227e4
211.8	6.980e2
212.3	7.766e4
213.2	5.301e4
213.8	4.810e2
214.3	5.829e6
214.8	5.610e2
215.3	7.555e5
216.3	4.499e5
217.3	3.510e5
217.8	2.855e3
218.4	6.478e5
219.3	1.370e5
220.3	1.194e5
221.3	7.754e4
222.3	4.584e4
223.3	3.783e4
224.2	1.402e5
225.3	6.405e4
226.2	1.293e5
227.2	1.471e6
227.7	4.007e3
228.2	2.506e5
228.7	1.505e3
229.3	1.147e5
229.8	3.580e3
230.4	9.648e4
231.3	1.118e5
232.3	6.032e4
233.2	4.713e4
233.8	1.954e3
234.3	6.179e4
235.3	7.251e4
236.3	6.798e5
237.2	2.892e5
238.3	9.796e4
239.3	8.539e4
239.8	4.159e3
240.4	3.917e4
241.3	4.578e4
242.3	6.475e4
243.3	9.446e4
244.2	8.656e4
244.8	3.207e3
245.3	6.826e4
246.3	3.736e4
247.2	3.742e4
247.7	1.432e3
248.2	3.981e4
248.8	1.701e3
249.3	3.563e4
250.2	8.771e4
251.3	3.896e4
251.8	6.940e2
252.3	5.839e4
253.3	5.665e4
254.2	6.669e4
254.7	5.960e2
255.2	6.582e4
255.8	2.148e3
256.3	6.088e4
257.3	6.406e4
257.9	3.559e3
258.5	8.792e4
259.4	2.564e5
260.4	6.535e4
261.4	1.154e5
261.9	2.309e3
262.5	5.327e4
263.3	3.680e4
264.3	3.054e4
265.2	2.550e4
266.2	3.889e5
267.2	7.171e4
267.7	4.750e2
268.3	3.155e4
268.8	8.930e2
269.3	2.425e4
270.3	2.848e4
271.2	3.948e4
271.8	1.080e3
272.3	3.814e4
272.8	1.196e3
273.3	3.202e4
273.9	2.058e3
274.5	9.347e4
275.2	2.012e4
276.0	5.525e4
276.6	9.225e3
277.3	7.967e4
278.2	5.908e4
278.8	1.054e3
279.3	7.724e4
279.9	2.636e3
280.4	5.433e4
281.3	4.366e4
281.8	1.447e3
282.3	4.577e4
283.3	7.505e4
283.8	2.192e3
284.3	4.612e4
285.2	5.374e4
285.9	6.140e3
286.5	6.239e4
287.4	3.638e4
288.4	2.993e4
289.3	5.195e4
289.9	3.813e3
290.5	5.797e4
291.5	2.830e4
292.4	2.418e4
293.4	2.012e4
294.3	2.848e4
295.2	2.134e5
295.7	1.300e3
296.2	3.679e4
296.8	1.303e3
297.4	3.127e4
298.4	2.742e4
299.3	2.208e4
299.9	1.423e3
300.4	2.779e4
301.4	6.616e4
302.4	3.886e4
303.3	3.791e4
304.2	8.008e4
304.7	1.235e3
305.3	1.339e5
305.8	1.800e3
306.3	2.702e4
307.2	4.325e4
307.8	2.407e3
308.4	2.654e4
309.3	3.000e4
309.9	8.610e2
310.4	2.442e4
311.4	3.542e4
312.3	3.840e4
312.9	2.100e3
313.5	5.552e4
314.5	4.514e4
315.4	3.061e4
316.4	3.017e4
317.3	3.455e4
317.9	4.185e3
318.5	5.333e4
319.5	3.160e4
320.4	2.090e4
321.3	3.858e4
321.8	1.411e3
322.4	3.817e4
323.4	2.227e4
324.4	3.633e4
324.9	3.100e2
325.4	3.254e4
326.3	5.314e4
327.2	7.250e4
327.8	3.639e3
328.4	4.509e4
329.3	2.865e4
329.9	3.154e3
330.5	3.511e4
331.5	1.552e5
332.4	6.500e4
333.3	4.492e4
334.2	1.188e5
334.8	2.281e3
335.3	3.699e4
335.9	2.622e3
336.4	2.914e4
337.4	3.756e4
337.9	9.590e2
338.4	3.546e4
339.4	5.519e4
340.3	2.967e4
340.9	3.341e3
341.5	5.369e4
342.4	4.635e4
343.4	3.420e4
344.3	5.406e4
345.3	3.365e4
345.9	3.772e3
346.5	6.197e4
347.5	4.018e4
348.4	2.120e4
349.3	6.318e4
350.0	6.182e3
350.6	6.555e4
351.4	2.719e4
352.4	3.764e4
353.3	5.553e4
354.3	2.033e5
354.8	2.988e3
355.3	1.050e5
356.3	3.972e4
357.2	4.981e4
357.8	7.532e3
358.5	4.049e4
359.5	1.728e5
360.5	5.981e4
361.4	3.186e4
362.3	3.006e4
363.2	3.925e5
363.7	3.745e3
364.3	5.046e4
365.3	3.684e4
366.3	4.516e4
366.8	3.530e2
367.3	3.566e4
367.8	1.259e3
368.4	2.368e4
368.9	2.975e3
369.5	4.603e4
370.4	2.363e4
371.3	4.261e4
372.3	5.172e4
373.2	6.123e4
373.9	6.350e3
374.5	4.082e4
375.4	2.806e4
376.4	2.146e4
377.4	3.684e4
378.1	1.087e4
378.8	3.784e4
379.5	1.302e4
380.3	5.185e4
380.8	1.415e3
381.3	3.590e4
382.3	2.417e4
382.9	3.715e3
383.5	3.730e4
384.5	2.406e4
385.4	2.151e4
386.0	7.570e2
386.5	2.118e4
387.4	3.097e4
388.3	1.764e4
389.2	3.152e4
389.7	2.728e3
390.3	2.594e4
390.9	2.994e3
391.5	3.494e4
392.5	3.385e4
393.0	9.810e2
393.5	1.259e5
394.0	6.130e2
394.6	9.017e4
395.5	4.261e4
396.5	2.395e4
397.0	4.900e2
397.5	2.611e4
398.4	1.923e4
398.9	1.916e3
399.5	3.821e4
400.0	6.850e2
400.5	3.693e4
401.4	1.933e4
402.2	1.721e5
403.2	3.551e4
403.7	4.710e2
404.2	2.523e4
404.8	3.076e3
405.4	2.513e4
406.1	9.052e3
406.8	2.607e4
407.6	1.499e4
408.5	2.953e4
409.4	5.365e4
409.9	8.140e2
410.5	2.736e4
411.0	7.620e2
411.5	2.816e4
412.4	2.359e4
413.0	3.598e3
413.6	5.999e4
414.5	2.860e4
415.5	3.916e4
416.0	2.118e3
416.6	3.180e4
417.5	2.090e4
418.4	1.554e4
419.3	2.517e4
420.2	1.661e4
421.2	3.831e4
421.9	7.998e3
422.6	4.418e4
423.5	4.139e4
424.4	1.774e4
425.4	3.192e4
425.9	6.260e2
426.4	1.776e4
427.0	2.608e3
427.6	4.071e4
428.5	2.415e4
429.5	2.006e4
430.4	1.792e4
431.2	3.295e5
431.7	7.280e2
432.2	4.830e4
432.8	4.536e3
433.4	3.013e4
434.0	4.265e3
434.6	2.823e4
435.5	1.939e4
436.3	3.390e4
436.9	3.130e3
437.5	6.458e4
438.0	1.340e3
438.6	4.309e4
439.5	2.226e4
440.4	1.548e4
441.3	5.747e4
442.2	2.021e4
442.8	3.373e3
443.4	4.409e4
444.4	1.949e4
445.0	2.117e3
445.6	3.024e4
446.4	1.259e4
447.2	2.252e4
448.2	3.708e4
448.9	2.841e3
449.5	3.099e4
450.4	3.094e4
451.3	2.479e4
452.0	3.558e3
452.6	2.525e4
453.5	2.679e4
454.4	1.925e4
455.0	2.191e3
455.5	2.486e4
456.2	3.159e3
456.8	2.030e4
457.6	4.289e4
458.6	2.168e4
459.5	1.839e4
460.5	3.560e4
461.4	2.187e4
462.3	9.990e3
463.0	4.610e4
463.9	2.139e4
464.6	9.168e3
465.3	3.144e4
465.8	2.862e3
466.5	2.254e4
467.0	1.525e3
467.6	2.971e4
468.5	1.830e4
469.4	1.830e4
470.2	1.601e5
470.9	1.268e4
471.6	4.626e4
472.3	9.091e3
473.0	2.989e4
473.8	1.494e4
474.5	9.179e3
475.2	2.172e4
475.9	3.662e3
476.5	2.356e4
477.1	4.796e3
477.7	1.770e4
478.5	8.764e3
479.3	2.236e4
480.3	3.661e4
481.3	2.008e4
482.1	1.161e4
482.9	3.016e4
483.8	1.952e4
484.8	1.614e4
485.7	3.107e4
486.6	1.389e4
487.4	5.210e4
488.3	1.981e4
488.8	8.800e2
489.4	3.192e4
490.1	9.038e3
490.8	3.659e4
491.7	2.055e4
492.4	5.089e3
493.0	1.781e4
493.9	2.073e4
494.8	2.999e4
495.7	1.579e4
496.6	3.226e4
497.5	1.793e4
498.3	1.772e4
499.2	2.405e5
500.1	3.566e4
501.1	2.370e4
501.9	4.580e4
502.8	2.338e4
503.7	2.098e4
504.7	3.031e4
505.3	3.188e3
505.9	2.012e4
506.5	5.748e3
507.2	2.215e4
508.1	1.634e4
508.7	1.526e3
509.2	8.187e4
509.9	1.210e4
510.6	2.614e4
511.6	3.223e4
512.5	2.203e4
513.0	6.460e2
513.6	2.119e4
514.3	8.329e3
515.1	1.939e4
515.9	6.413e4
516.8	3.185e4
517.8	1.803e4
518.8	4.060e4
519.8	2.298e4
520.3	3.834e3
520.9	2.362e4
521.8	2.055e4
522.6	1.081e4
523.3	2.654e4
524.0	3.669e3
524.5	3.531e4
525.5	2.738e4
526.0	1.293e3
526.5	3.607e4
527.1	1.843e3
527.6	2.553e4
528.2	2.039e3
528.7	3.936e4
529.6	3.451e4
530.5	1.289e4
531.3	6.373e4
532.2	3.117e4
533.0	1.219e4
533.8	2.496e4
534.8	2.018e4
535.5	1.128e4
536.3	2.187e4
537.3	2.026e4
538.2	1.558e5
538.7	8.550e2
539.2	3.722e4
540.1	1.499e4
540.9	3.987e4
541.9	2.536e4
542.8	1.463e4
543.7	2.307e4
544.3	2.966e3
544.9	1.848e4
545.8	3.741e4
546.7	2.336e4
547.5	2.471e4
548.4	3.753e4
548.9	8.470e2
549.4	2.320e4
550.2	5.420e3
550.9	3.101e4
551.9	2.039e4
552.6	9.127e3
553.3	2.778e4
554.1	1.436e4
554.9	3.679e4
555.8	2.918e4
556.4	1.049e3
556.9	4.322e4
557.8	2.744e4
558.8	1.465e4
559.7	3.856e4
560.7	2.957e4
561.6	2.281e4
562.2	2.072e3
562.7	1.894e4
563.7	2.197e4
564.6	1.826e4
565.4	8.918e3
566.1	1.659e4
566.6	6.200e2
567.2	2.077e5
567.7	1.894e3
568.2	4.918e4
569.2	2.622e4
569.8	5.014e3
570.3	3.274e4
571.0	6.667e3
571.6	1.984e4
572.2	8.230e2
572.8	1.706e4
573.7	2.503e4
574.7	1.882e4
575.7	2.700e4
576.4	8.512e3
577.2	6.143e4
577.8	1.084e4
578.5	2.776e4
579.1	1.958e3
579.6	2.335e4
580.6	1.563e4
581.3	5.428e3
582.0	1.755e4
582.9	2.276e4
583.8	2.011e4
584.7	4.145e4
585.7	2.133e4
586.6	8.735e3
587.4	2.215e4
588.1	8.427e3
588.9	1.612e4
589.8	3.124e4
590.8	2.119e4
591.3	2.239e3
591.9	1.525e4
592.5	9.030e2
593.1	2.236e4
593.6	3.710e2
594.1	1.479e4
595.0	1.493e4
595.6	1.324e3
596.1	1.761e4
596.7	1.117e3
597.2	2.202e4
598.1	1.236e4
598.9	3.114e4
599.4	6.150e2
599.9	1.876e4
600.8	1.221e4
601.7	1.901e4
602.2	1.243e3
602.8	1.475e4
603.8	2.751e4
604.8	3.047e4
605.5	6.913e3
606.2	1.100e5
607.1	2.728e4
608.0	1.842e4
609.0	2.267e4
609.7	8.515e3
610.5	1.639e4
611.1	2.800e3
611.6	1.665e4
612.2	1.285e3
612.7	2.233e4
613.3	2.187e3
613.9	1.492e4
614.9	1.603e4
615.5	4.034e3
616.2	2.119e4
617.0	1.032e4
617.8	2.105e4
618.8	1.288e4
619.7	2.089e4
620.7	1.406e4
621.4	2.642e3
622.0	1.591e4
622.6	3.723e3
623.2	2.249e4
624.2	1.121e4
624.7	6.100e2
625.2	1.896e4
626.1	1.029e4
627.0	1.678e4
628.0	1.117e4
628.9	2.368e4
629.8	1.578e4
630.8	1.309e4
631.3	1.190e2
631.8	1.946e4
632.8	1.805e4
633.8	2.620e4
634.5	8.927e3
635.2	1.430e5
636.1	2.509e4
637.1	1.402e4
637.6	1.975e3
638.2	1.911e4
639.0	5.711e3
639.8	1.149e4
640.3	2.330e2
640.8	1.056e4
641.7	1.429e4
642.3	1.140e3
642.8	2.320e4
643.9	1.750e4
644.6	4.467e3
645.2	4.338e4
646.2	1.461e4
647.0	1.139e4
647.8	2.692e4
648.8	1.723e4
649.3	1.504e3
649.9	1.325e4
650.6	4.379e3
651.3	1.204e4
652.2	2.095e4
652.8	2.797e3
653.5	1.028e4
654.4	1.116e4
655.4	1.683e4
656.0	2.816e3
656.6	1.820e4
657.5	1.813e4
658.5	1.256e4
659.4	1.654e4
660.2	6.290e3
661.0	1.386e4
661.9	2.152e4
662.8	1.343e4
663.4	7.510e2
663.9	2.243e4
664.9	1.208e4
665.4	7.780e2
666.0	1.528e4
666.6	2.035e3
667.2	2.369e4
667.8	2.012e3
668.4	1.192e4
669.0	3.520e2
669.5	3.487e4
670.1	1.077e3
670.6	4.328e4
671.6	3.529e4
672.1	2.764e3
672.8	2.671e4
673.5	9.037e3
674.2	8.666e4
674.9	9.146e3
675.6	2.660e4
676.2	3.899e3
676.8	1.677e4
677.7	2.448e4
678.2	2.060e2
678.7	1.578e4
679.2	4.280e2
679.7	1.225e4
680.4	2.291e3
681.1	9.255e3
681.7	1.377e3
682.4	9.492e3
683.4	1.091e4
684.3	2.255e4
685.0	5.015e3
685.7	3.061e4
686.3	1.902e3
686.9	3.059e4
687.8	1.681e4
688.8	1.561e4
689.4	2.111e3
690.0	1.311e4
690.9	1.228e4
691.8	2.319e4
692.4	3.025e3
693.0	1.903e4
693.9	1.046e4
694.6	3.867e3
695.3	1.131e4
695.9	1.359e3
696.5	1.129e4
697.4	1.183e4
698.0	3.100e2
698.5	1.204e4
699.2	3.205e3
699.9	1.310e4
700.9	1.907e4
701.9	1.335e4
702.6	3.824e3
703.2	1.209e5
704.1	2.735e4
705.0	1.584e4
705.9	2.589e4
706.8	1.119e4
707.6	2.023e4
708.2	4.416e3
708.9	1.606e4
709.4	1.144e3
709.9	1.407e4
710.9	1.025e4
711.6	5.208e3
712.3	1.043e4
713.3	3.694e4
714.2	1.494e4
715.1	1.297e4
716.0	1.021e4
716.8	1.749e4
717.3	1.533e3
717.9	1.453e4
718.4	9.960e2
719.0	1.231e4
720.0	2.261e4
720.9	1.075e4
721.4	4.280e2
721.9	2.060e4
722.9	2.399e4
723.7	1.232e4
724.6	1.716e5
725.1	3.770e2
725.6	2.249e5
726.6	2.048e5
727.6	7.265e4
728.6	5.462e4
729.6	3.198e4
730.2	2.397e3
730.8	3.014e4
731.5	6.561e3
732.2	2.158e4
733.1	1.020e4
734.0	1.324e4
735.0	1.563e4
735.8	2.204e4
736.4	3.302e3
737.1	2.333e4
738.1	1.275e4
738.8	4.285e3
739.5	1.097e4
740.4	7.223e3
741.3	8.979e3
742.2	8.138e4
743.1	2.130e4
744.1	1.326e4
744.6	1.066e3
745.2	2.002e4
745.9	7.448e3
746.6	2.248e4
747.6	2.784e4
748.1	5.780e2
748.6	3.796e4
749.2	3.010e2
749.7	3.991e4
750.7	3.612e4
751.5	1.346e4
752.3	2.797e4
752.9	4.777e3
753.6	1.389e4
754.3	4.927e3
755.1	1.343e4
755.9	7.390e3
756.7	2.083e4
757.2	4.600e2
757.7	1.476e4
758.4	4.902e3
759.1	1.941e4
760.0	1.038e4
761.0	2.134e4
761.8	7.465e3
762.6	1.381e4
763.1	1.589e3
763.7	1.270e4
764.3	2.751e3
764.9	1.346e4
765.8	2.108e4
766.8	1.449e4
767.6	6.838e3
768.4	1.078e4
769.0	1.870e3
769.6	1.013e4
770.4	6.903e3
771.2	1.013e5
772.1	2.302e4
772.8	6.829e3
773.6	1.920e4
774.2	6.130e3
774.9	2.135e4
775.8	1.243e4
776.6	2.337e4
777.2	3.139e3
777.9	1.235e4
778.8	1.151e4
779.3	6.000e1
779.9	2.189e4
780.5	3.791e3
781.2	4.042e4
782.2	1.513e4
783.0	9.530e3
784.0	1.397e4
784.9	1.383e4
785.5	1.478e3
786.0	1.037e4
786.6	1.261e3
787.2	1.356e4
788.2	2.621e4
789.2	2.143e4
790.0	1.095e4
790.8	2.928e4
791.7	1.559e4
792.7	1.061e4
793.7	1.731e4
794.2	3.430e2
794.7	1.285e4
795.7	1.511e4
796.4	3.642e3
797.1	1.379e4
797.6	8.400e2
798.2	1.473e4
799.1	1.211e4
799.7	3.600e2
800.2	1.319e4
800.7	7.690e2
801.3	1.257e4
802.2	8.520e3
803.1	1.806e4
804.1	1.213e4
804.6	4.310e2
805.1	2.711e4
806.0	1.326e4
807.0	1.194e4
807.9	1.100e4
808.4	2.540e2
808.9	1.229e4
809.6	2.154e3
810.2	7.133e4
811.1	2.089e4
811.8	2.555e3
812.5	1.258e4
813.3	8.756e3
814.2	1.308e4
815.0	4.835e3
815.7	1.146e4
816.4	2.893e3
817.1	1.008e4
818.0	7.315e3
818.9	1.640e4
819.5	2.453e3
820.1	1.895e4
821.1	1.207e4
822.0	8.092e3
822.9	9.269e3
823.9	1.193e4
824.8	2.375e4
825.5	6.159e3
826.2	1.071e4
827.2	1.448e4
828.2	1.269e4
828.7	4.230e2
829.2	1.603e4
830.2	1.305e4
831.1	1.168e4
832.0	7.502e3
833.0	1.400e4
833.9	1.068e4
834.9	1.103e4
835.4	1.890e2
835.9	7.900e3
836.5	2.900e2
837.0	8.745e3
838.0	1.280e4
838.6	2.927e3
839.2	8.374e4
840.1	2.179e4
840.7	3.499e3
841.3	1.798e4
842.2	1.600e4
843.2	1.146e4
844.1	2.092e4
845.1	1.503e4
846.0	9.471e3
847.0	1.093e4
847.6	1.904e3
848.1	1.040e4
848.7	4.970e2
849.2	3.086e4
850.1	1.300e4
850.8	2.164e3
851.4	1.088e4
852.4	1.247e4
853.0	2.689e3
853.7	1.376e4
854.4	2.907e3
855.1	1.568e4
855.6	7.110e2
856.2	1.561e4
856.9	4.903e3
857.6	1.296e4
858.2	2.373e3
858.8	2.505e4
859.7	1.214e4
860.5	1.060e4
861.3	4.956e3
862.1	1.169e4
862.9	1.011e4
863.8	2.167e4
864.3	1.150e2
864.8	1.490e4
865.6	6.236e3
866.4	1.403e4
867.2	9.570e3
868.2	1.514e4
869.0	7.774e3
869.9	1.082e4
870.4	9.470e2
870.9	1.340e4
871.8	1.336e4
872.5	4.690e3
873.3	2.362e4
874.1	6.681e3
874.9	1.292e4
875.7	5.563e3
876.6	9.627e3
877.4	7.274e3
878.2	5.539e4
879.2	2.128e4
879.8	1.119e3
880.3	1.895e4
881.3	1.627e4
881.9	3.957e3
882.6	1.550e4
883.6	1.399e4
884.3	4.061e3
885.0	1.066e4
885.6	6.880e2
886.1	9.789e3
886.7	3.500e2
887.2	7.485e3
887.7	3.670e2
888.2	1.470e4
888.8	4.940e2
889.3	8.962e3
890.1	4.467e3
890.9	8.710e3
891.8	8.681e3
892.8	2.463e4
893.4	3.294e3
894.0	1.286e4
894.9	9.386e3
895.8	1.230e4
896.4	1.450e3
897.0	1.248e4
897.9	1.926e4
898.6	4.211e3
899.3	1.179e4
900.0	5.224e3
900.8	1.099e4
901.8	1.269e4
902.7	1.294e4
903.4	2.995e3
904.1	1.009e4
905.0	1.067e4
905.6	4.040e2
906.1	1.728e4
906.6	1.388e3
907.2	5.968e4
908.1	2.142e4
909.1	1.397e4
909.6	4.450e2
910.2	1.703e4
910.7	3.120e2
911.2	8.306e3
912.2	1.900e4
912.9	5.547e3
913.6	1.320e4
914.6	8.608e3
915.6	1.109e4
916.4	5.896e3
917.2	2.708e4
918.2	1.006e4
919.1	1.183e4
920.0	8.018e3
920.9	1.304e4
921.5	9.950e2
922.0	1.106e4
923.0	1.300e4
923.5	1.098e3
924.1	1.468e4
925.1	7.512e3
926.1	9.635e3
926.9	2.398e4
927.7	6.791e3
928.4	1.356e4
929.1	3.626e3
929.8	7.865e3
930.7	9.762e3
931.8	1.744e4
932.4	2.831e3
933.1	1.153e4
933.9	3.796e3
934.6	1.351e4
935.4	8.919e3
936.3	1.245e4
936.9	2.166e3
937.5	1.152e4
938.3	6.190e3
939.1	1.212e4
940.1	1.104e4
940.7	1.260e3
941.2	1.904e4
942.0	7.700e3
942.8	1.152e4
943.5	2.982e3
944.2	1.092e4
945.1	7.101e3
945.7	1.547e3
946.3	4.510e4
947.2	1.531e4
948.2	1.143e4
949.1	1.075e4
949.9	1.233e4
950.6	3.214e3
951.3	1.305e4
952.2	9.334e3
953.2	7.306e3
954.2	1.029e4
955.1	5.938e3
956.0	1.728e4
956.5	2.657e3
957.1	1.141e4
958.1	8.509e3
958.8	2.203e3
959.4	9.887e3
960.1	3.168e3
960.7	1.852e4
961.3	4.839e3
962.0	1.369e4
963.0	9.918e3
963.9	7.724e3
964.7	4.993e3
965.4	1.607e4
966.3	1.004e4
967.2	7.608e3
968.1	6.476e3
969.1	9.083e3
970.0	1.117e4
971.0	1.121e4
971.7	2.922e3
972.3	9.331e3
973.1	3.687e3
973.7	1.091e4
974.5	5.491e3
975.2	4.328e4
976.1	1.616e4
976.9	5.788e3
977.7	1.368e4
978.5	8.682e3
979.4	1.012e4
980.3	1.924e4
981.0	4.109e3
981.6	1.428e4
982.3	2.774e3
982.9	9.948e3
983.4	3.450e2
983.9	1.263e4
984.6	3.440e3
985.2	2.627e4
986.2	1.213e4
987.1	9.623e3
987.6	4.520e2
988.1	9.855e3
989.0	1.031e4
989.7	1.560e3
990.3	9.074e3
991.2	9.949e3
992.1	1.366e4
992.9	5.173e3
993.7	1.041e4
994.2	2.050e3
994.8	2.182e4
995.5	4.217e3
996.1	1.422e4
997.1	1.124e4
998.1	8.226e3
999.0	9.723e3
999.9	1.843e4
1000.5	4.439e3
1001.2	1.413e4
1002.1	1.163e4
1002.7	2.351e3
1003.3	1.084e4
1004.1	7.734e3
1005.0	1.311e4
1005.9	1.099e4
1006.5	1.010e3
1007.1	1.429e4
1007.6	1.589e3
1008.2	1.348e4
1008.8	7.360e2
1009.3	1.883e4
1010.3	1.284e4
1010.9	3.770e3
1011.6	9.881e3
1012.4	5.928e3
1013.3	7.642e3
1014.2	4.502e4
1015.2	1.965e4
1015.9	7.017e3
1016.8	1.655e4
1017.8	1.012e4
1018.3	3.950e2
1018.9	1.037e4
1019.8	1.043e4
1020.3	1.078e3
1020.9	1.061e4
1021.5	1.420e3
1022.1	8.956e3
1023.1	1.151e4
1023.6	6.350e2
1024.1	1.689e4
1025.1	9.583e3
1026.1	9.000e3
1026.7	2.096e3
1027.2	1.192e4
1028.2	1.695e4
1029.1	1.508e4
1029.8	3.747e3
1030.5	1.466e4
1031.4	1.226e4
1032.1	4.022e3
1032.9	1.445e4
1033.5	2.685e3
1034.1	1.470e4
1034.6	1.469e3
1035.2	1.167e4
1035.8	1.492e3
1036.4	1.087e4
1037.1	3.831e3
1037.8	1.235e4
1038.3	1.812e3
1038.9	1.429e4
1039.6	1.878e3
1040.2	1.137e4
1040.9	3.292e3
1041.5	9.930e3
1042.4	8.745e3
1043.2	4.021e4
1044.1	1.519e4
1045.1	1.086e4
1045.6	1.080e2
1046.2	1.363e4
1046.7	8.190e2
1047.2	9.735e3
1048.2	1.923e4
1049.0	4.857e3
1049.8	1.380e4
1050.4	1.339e3
1051.0	1.124e4
1051.6	1.390e3
1052.2	1.309e4
1052.7	6.060e2
1053.2	2.389e4
1054.1	1.368e4
1054.9	6.750e3
1055.5	1.306e4
1056.1	3.620e2
1056.6	1.611e4
1057.1	3.430e2
1057.6	1.161e4
1058.4	8.761e3
1059.4	1.062e4
1060.4	1.412e4
1061.3	7.878e3
1062.1	9.121e3
1063.0	2.456e4
1063.8	1.174e4
1064.7	1.033e4
1065.7	1.046e4
1066.3	9.170e2
1066.9	8.983e3
1067.8	1.748e4
1068.3	7.850e2
1068.9	1.219e4
1069.5	3.058e3
1070.3	1.265e4
1071.2	1.170e4
1072.0	8.088e3
1072.9	1.439e4
1073.6	2.620e3
1074.3	1.071e4
1074.8	1.270e2
1075.3	1.323e4
1076.2	9.452e3
1077.2	1.707e4
1078.0	1.030e4
1078.9	1.496e4
1079.6	3.950e3
1080.3	1.101e4
1081.3	8.047e3
1082.2	2.967e4
1083.1	1.424e4
1083.8	5.175e3
1084.6	1.191e4
1085.1	2.383e3
1085.7	1.315e4
1086.4	2.774e3
1087.1	1.119e4
1088.0	9.181e3
1088.6	1.607e3
1089.2	1.108e4
1089.8	1.807e3
1090.4	1.157e4
1091.2	5.586e3
1092.0	1.397e4
1092.7	4.010e3
1093.3	1.328e4
1094.0	2.726e3
1094.6	8.832e3
1095.4	3.926e3
1096.1	1.161e4
1097.1	1.936e4
1097.6	3.920e2
1098.1	1.224e4
1098.6	1.670e2
1099.1	1.533e4
1100.1	1.129e4
1100.7	2.410e3
1101.4	1.427e4
1102.2	9.826e3
1102.8	1.057e3
1103.3	1.212e4
1104.2	5.995e3
1105.1	1.286e4
1105.8	4.400e3
1106.5	1.149e4
1107.2	2.941e3
1107.8	9.928e3
1108.8	6.998e3
1109.8	1.240e4
1110.5	4.870e3
1111.2	2.906e4
1112.1	1.481e4
1113.1	1.293e4
1114.1	1.447e4
1114.6	1.324e3
1115.2	1.011e4
1115.8	2.617e3
1116.4	1.959e4
1116.9	1.206e3
1117.4	1.174e4
1118.3	6.738e3
1119.2	1.050e4
1119.7	7.010e2
1120.3	1.017e4
1121.2	2.304e4
1122.2	1.263e4
1123.1	7.946e3
1124.1	1.003e4
1125.0	1.373e4
1125.7	4.013e3
1126.4	1.129e4
1127.4	1.082e4
1128.4	1.458e4
1129.1	5.028e3
1129.9	9.930e3
1130.8	1.538e4
1131.5	4.151e3
1132.1	1.454e4
1132.8	3.260e3
1133.6	1.137e4
1134.1	2.600e2
1134.6	7.766e3
1135.2	1.972e3
1135.8	1.421e4
1136.8	8.943e3
1137.8	1.214e4
1138.7	6.036e3
1139.5	1.438e4
1140.4	1.046e4
1141.0	1.242e3
1141.6	9.819e3
1142.6	1.411e4
1143.2	1.394e3
1143.8	1.296e4
1144.5	4.112e3
1145.2	1.258e4
1146.0	5.842e3
1146.7	1.261e4
1147.3	1.233e3
1147.9	1.367e4
1148.6	3.283e3
1149.3	8.763e3
1150.2	3.156e4
1151.1	1.218e4
1152.0	1.685e4
1152.9	9.007e3
1153.8	1.122e4
1154.5	3.588e3
1155.2	1.387e4
1156.1	8.587e3
1157.1	1.129e4
1158.1	9.525e3
1158.6	3.240e2
1159.1	1.210e4
1159.9	4.224e3
1160.6	1.339e4
1161.5	8.308e3
1162.4	1.046e4
1163.2	5.965e3
1164.0	8.838e3
1164.9	1.490e4
1165.5	1.631e3
1166.1	1.189e4
1167.1	9.973e3
1167.8	4.830e3
1168.6	7.982e3
1169.5	1.333e4
1170.3	9.617e3
1171.1	5.832e3
1172.0	1.204e4
1172.9	8.859e3
1173.9	1.252e4
1174.7	3.462e3
1175.3	8.824e3
1176.2	1.075e4
1177.1	6.183e3
1178.0	1.069e4
1178.6	3.242e3
1179.2	2.492e4
1179.9	4.788e3
1180.6	1.291e4
1181.2	2.095e3
1181.8	1.513e4
1182.8	9.924e3
1183.4	4.855e3
1184.2	1.457e4
1184.8	2.540e3
1185.5	1.399e4
1186.2	5.728e3
1187.0	1.244e4
1187.5	5.590e2
1188.1	7.535e3
1188.7	9.120e2
1189.2	1.621e4
1190.1	8.998e3
1191.0	9.822e3
1191.5	3.170e2
1192.0	8.784e3
1193.0	1.156e4
1193.5	2.340e2
1194.0	8.740e3
1195.0	1.197e4
1195.9	8.564e3
1196.8	9.996e3
1197.8	8.904e3
1198.5	2.393e3
1199.0	1.422e4
1200.0	1.396e4
1201.0	9.447e3
1201.6	1.992e3
1202.3	1.182e4
1203.2	6.372e3
1204.0	1.208e4
1204.6	1.109e3
1205.1	1.127e4
1205.7	4.550e2
1206.2	8.251e3
1207.2	1.196e4
1208.2	1.399e4
1209.2	1.053e4
1209.8	4.440e2
1210.3	7.749e3
1210.8	3.220e2
1211.4	1.317e4
1211.9	6.900e2
1212.4	1.238e4
1213.4	1.375e4
1213.9	1.065e3
1214.5	1.157e4
1215.1	1.166e3
1215.7	1.114e4
1216.3	1.016e3
1216.8	8.149e3
1217.5	2.758e3
1218.2	2.539e4
1218.9	4.404e3
1219.6	1.237e4
1220.2	6.760e2
1220.7	1.391e4
1221.3	2.525e3
1222.0	1.206e4
1222.7	4.452e3
1223.4	9.892e3
1224.3	4.459e3
1225.2	1.009e4
1225.7	2.190e2
1226.3	9.735e3
1227.0	5.485e3
1227.8	1.490e4
1228.7	1.365e4
1229.6	1.041e4
1230.3	2.718e3
1231.0	9.403e3
1231.6	4.000e2
1232.1	1.128e4
1233.0	1.589e4
1233.7	2.012e3
1234.3	1.016e4
1235.3	1.249e4
1236.2	9.440e3
1237.1	1.092e4
1238.0	1.451e4
1238.8	5.933e3
1239.7	1.107e4
1240.4	3.894e3
1241.1	1.166e4
1242.1	1.121e4
1242.6	3.590e2
1243.1	1.222e4
1244.0	5.954e3
1244.8	1.250e4
1245.8	1.024e4
1246.5	3.450e3
1247.2	2.138e4
1248.0	5.816e3
1248.7	1.343e4
1249.3	2.668e3
1250.0	1.336e4
1251.0	9.686e3
1251.6	1.633e3
1252.1	1.460e4
1253.1	1.022e4
1253.9	1.157e4
1254.6	2.589e3
1255.3	1.053e4
1256.2	9.025e3
1257.1	1.926e4
1258.0	1.179e4
1258.8	7.493e3
1259.6	1.275e4
1260.4	5.378e3
1261.2	8.499e3
1262.0	1.493e4
1262.8	3.432e3
1263.5	1.053e4
1264.2	3.990e3
1264.9	9.561e3
1265.9	1.123e4
1266.9	1.468e4
1267.7	6.718e3
1268.5	1.294e4
1269.3	7.732e3
1270.2	1.041e4
1271.0	4.302e3
1271.8	1.976e4
1272.8	1.143e4
1273.3	9.000e1
1273.9	1.258e4
1274.7	6.642e3
1275.6	1.170e4
1276.5	1.339e4
1277.4	6.742e3
1278.1	1.053e4
1279.1	9.166e3
1279.9	1.119e4
1280.8	6.535e3
1281.6	1.575e4
1282.1	2.220e2
1282.7	1.207e4
1283.4	5.005e3
1284.1	1.280e4
1284.6	6.830e2
1285.1	1.211e4
1285.7	1.285e3
1286.2	2.247e4
1286.8	1.009e3
1287.3	1.481e4
1288.1	6.556e3
1288.9	1.485e4
1289.4	2.980e2
1289.9	1.056e4
1290.6	1.880e3
1291.2	1.317e4
1292.0	9.550e3
1293.0	1.201e4
1293.9	1.496e4
1294.9	1.051e4
1295.8	1.456e4
1296.4	2.236e3
1297.0	1.408e4
1297.8	7.776e3
1298.6	1.188e4
1299.3	5.085e3
1300.1	1.328e4
1300.8	4.453e3
1301.4	1.367e4
1302.4	1.560e4
1303.2	7.490e3
1304.1	1.205e4
1305.1	1.322e4
1305.8	3.079e3
1306.4	1.557e4
1306.9	6.200e1
1307.4	1.302e4
1308.2	4.623e3
1308.9	1.460e4
1309.9	1.307e4
1310.8	8.285e3
1311.8	1.282e4
1312.4	1.914e3
1313.0	1.430e4
1314.0	1.475e4
1314.6	2.344e3
1315.1	2.423e4
1315.7	2.208e3
1316.3	1.476e4
1317.2	1.026e4
1318.1	1.536e4
1319.1	1.317e4
1319.6	7.540e2
1320.2	1.319e4
1321.2	1.358e4
1322.1	8.902e3
1323.0	1.330e4
1323.9	1.427e4
1324.5	3.345e3
1325.2	1.528e4
1326.1	1.583e4
1326.8	4.008e3
1327.5	1.290e4
1328.1	1.767e3
1328.7	1.214e4
1329.4	4.158e3
1330.1	1.241e4
1330.8	3.437e3
1331.4	1.357e4
1332.2	3.786e3
1332.9	1.281e4
1333.6	6.991e3
1334.2	6.590e2
1334.7	1.442e4
1335.2	3.920e2
1335.7	1.441e4
1336.6	8.255e3
1337.5	1.442e4
1338.5	1.556e4
1339.3	5.061e3
1340.0	1.834e4
1340.7	1.579e3
1341.3	1.187e4
1342.2	1.191e4
1343.2	1.107e4
1344.2	1.490e4
1345.1	9.146e3
1346.0	7.598e3
1346.7	4.527e3
1347.4	1.266e4
1348.2	8.602e3
1349.0	1.239e4
1349.9	1.555e4
1350.8	9.078e3
1351.8	1.485e4
1352.7	1.247e4
1353.4	2.196e3
1354.0	1.800e4
1354.9	1.629e4
1355.5	2.984e3
1356.1	1.269e4
1356.6	1.080e2
1357.1	1.438e4
1358.0	8.004e3
1358.9	1.654e4
1359.9	1.033e4
1360.9	1.167e4
1361.5	1.315e3
1362.1	1.329e4
1363.1	1.044e4
1363.7	1.800e3
1364.3	1.551e4
1365.3	1.292e4
1366.3	9.434e3
1367.2	1.606e4
1367.9	4.662e3
1368.6	1.877e4
1369.2	5.627e3
1370.0	1.538e4
1371.0	1.163e4
1371.9	1.018e4
1372.4	1.240e2
1372.9	1.201e4
1373.9	1.571e4
1374.8	9.200e3
1375.7	1.433e4
1376.2	2.300e2
1376.7	1.321e4
1377.7	1.031e4
1378.5	7.037e3
1379.2	1.803e4
1380.0	1.210e4
1380.6	4.002e3
1381.3	1.211e4
1382.2	9.683e3
1383.1	1.956e4
1384.0	1.096e4
1384.9	1.415e4
1385.8	8.760e3
1386.7	1.224e4
1387.3	4.874e3
1388.1	1.550e4
1389.1	1.413e4
1389.6	2.070e2
1390.1	1.366e4
1391.0	9.609e3
1391.8	1.149e4
1392.8	1.785e4
1393.8	1.750e4
1394.6	1.299e4
1395.5	9.629e3
1396.3	1.353e4
1397.2	1.377e4
1397.8	1.373e3
1398.4	1.162e4
1399.4	1.197e4
1400.4	2.054e4
1401.3	1.140e4
1402.2	1.867e4
1402.7	3.320e2
1403.3	1.961e4
1404.1	7.273e3
1405.0	1.271e4
1405.7	4.016e3
1406.4	1.569e4
1407.2	7.573e3
1407.9	1.554e4
1408.8	7.750e3
1409.6	1.241e4
1410.5	1.355e4
1411.2	3.772e3
1411.9	1.332e4
1412.5	2.090e3
1413.1	1.317e4
1414.0	9.017e3
1414.9	1.572e4
1415.5	2.406e3
1416.1	1.434e4
1417.0	1.137e4
1417.9	1.853e4
1418.6	3.687e3
1419.2	1.313e4
1420.2	1.318e4
1420.9	5.385e3
1421.8	1.950e4
1422.3	9.710e2
1422.9	1.640e4
1423.8	1.268e4
1424.6	4.391e3
1425.3	1.376e4
1426.2	1.281e4
1427.2	1.310e4
1427.8	7.040e2
1428.3	1.455e4
1429.1	7.312e3
1429.8	1.188e4
1430.4	1.412e3
1431.0	1.297e4
1431.7	2.654e3
1432.3	1.574e4
1433.0	3.554e3
1433.7	1.327e4
1434.4	4.577e3
1435.1	1.421e4
1435.7	4.698e3
1436.3	1.147e4
1437.2	1.263e4
1437.8	8.930e2
1438.3	1.343e4
1439.3	9.657e3
1440.3	1.292e4
1441.2	1.166e4
1442.0	7.397e3
1442.8	1.650e4
1443.3	3.290e2
1443.8	1.712e4
1444.7	7.689e3
1445.6	1.694e4
1446.2	1.611e3
1446.8	1.500e4
1447.3	4.260e2
1447.9	1.039e4
1448.9	1.438e4
1449.9	1.036e4
1450.4	1.120e3
1450.9	1.882e4
1451.6	7.446e3
1452.3	1.549e4
1453.1	6.624e3
1453.9	1.433e4
1454.5	2.713e3
1455.1	1.728e4
1456.1	1.243e4
1457.1	1.548e4
1457.7	2.811e3
1458.2	1.189e4
1458.9	3.301e3
1459.5	1.195e4
1460.3	7.083e3
1461.1	1.532e4
1461.7	2.161e3
1462.3	1.714e4
1463.1	5.732e3
1463.9	1.398e4
1464.8	1.167e4
1465.8	1.406e4
1466.4	9.270e2
1466.9	1.040e4
1467.4	1.137e3
1468.0	1.225e4
1468.6	8.000e1
1469.1	1.419e4
1469.7	2.539e3
1470.3	1.513e4
1470.9	1.123e3
1471.4	1.365e4
1472.4	1.498e4
1473.0	2.683e3
1473.6	1.159e4
1474.2	1.618e3
1474.8	1.427e4
1475.8	1.178e4
1476.7	9.550e3
1477.6	1.484e4
1478.5	1.219e4
1479.1	1.222e3
1479.6	1.431e4
1480.6	1.249e4
1481.5	9.950e3
1482.4	1.357e4
1483.4	1.459e4
1484.2	4.979e3
1484.9	1.261e4
1485.9	2.024e4
1486.5	2.596e3
1487.1	1.440e4
1488.0	8.305e3
1488.9	1.307e4
1489.4	5.440e2
1490.0	2.107e4
1490.8	6.908e3
1491.6	1.316e4
1492.6	1.435e4
1493.3	7.699e3
1494.1	1.294e4
1494.7	2.435e3
1495.3	1.453e4
1495.9	1.256e3
1496.4	1.343e4
1497.0	1.622e3
1497.6	1.424e4
1498.2	1.097e3
1498.7	1.344e4
1499.6	7.951e3
1500.4	1.676e4
1501.1	7.677e3
1501.9	1.493e4
1502.5	2.465e3
1503.2	1.417e4
1503.8	2.733e3
1504.4	1.389e4
1505.2	7.553e3
1506.0	1.450e4
1506.8	3.643e3
1507.5	1.580e4
1508.3	8.162e3
1509.1	1.789e4
1510.1	1.277e4
1511.0	1.188e4
1511.9	1.294e4
1512.5	1.305e3
1513.0	1.367e4
1513.8	7.359e3
1514.7	1.366e4
1515.7	1.379e4
1516.7	1.326e4
1517.6	1.030e4
1518.5	1.747e4
1519.4	1.438e4
1520.4	1.592e4
1521.4	1.567e4
1522.3	1.657e4
1522.9	7.190e2
1523.4	1.404e4
1524.4	1.176e4
1525.0	1.712e3
1525.6	1.559e4
1526.3	4.734e3
1527.1	1.734e4
1527.9	8.882e3
1528.5	2.746e3
1529.2	1.644e4
1530.0	8.683e3
1530.8	1.268e4
1531.8	1.091e4
1532.8	1.354e4
1533.7	1.170e4
1534.5	1.211e4
1535.3	1.422e4
1536.3	1.323e4
1536.8	3.680e2
1537.3	1.286e4
1538.1	6.276e3
1538.9	1.492e4
1539.5	2.231e3
1540.2	1.905e4
1541.1	1.242e4
1542.0	1.274e4
1542.7	2.558e3
1543.3	1.332e4
1544.2	1.286e4
1544.9	4.599e3
1545.6	1.264e4
1546.2	1.642e3
1546.8	1.520e4
1547.4	1.813e3
1548.0	1.514e4
1548.7	5.019e3
1549.4	1.485e4
1550.4	8.114e3
1551.3	1.407e4
1552.1	7.346e3
1553.0	1.326e4
1554.0	1.584e4
1554.8	8.958e3
1555.7	1.444e4
1556.7	1.338e4
1557.3	2.839e3
1558.0	1.536e4
1559.0	1.318e4
1559.9	1.358e4
1560.9	1.647e4
1561.5	1.042e3
1562.1	1.020e4
1562.6	3.870e2
1563.1	1.704e4
1563.9	7.892e3
1564.7	1.725e4
1565.4	4.026e3
1566.2	1.390e4
1566.7	5.760e2
1567.3	1.422e4
1568.2	9.319e3
1568.9	1.547e4
1569.8	1.481e4
1570.5	2.622e3
1571.1	1.468e4
1571.9	8.627e3
1572.7	1.643e4
1573.2	3.390e2
1573.7	1.528e4
1574.3	4.546e3
1575.0	1.215e4
1575.6	1.064e3
1576.2	1.545e4
1576.8	2.797e3
1577.4	1.484e4
1578.4	1.579e4
1579.2	1.013e4
1580.1	1.086e4
1580.7	2.321e3
1581.4	1.290e4
1582.0	2.876e3
1582.6	1.578e4
1583.5	8.765e3
1584.5	1.426e4
1585.5	1.219e4
1586.3	2.987e3
1586.9	1.506e4
1587.8	1.152e4
1588.8	1.379e4
1589.7	8.994e3
1590.5	1.687e4
1591.2	3.640e3
1591.8	1.420e4
1592.7	1.539e4
1593.7	1.131e4
1594.2	1.769e3
1594.8	1.331e4
1595.8	1.132e4
1596.7	9.775e3
1597.4	1.387e4
1598.1	5.416e3
1598.8	1.803e4
1599.5	4.322e3
1600.2	1.305e4
1600.8	2.523e3
1601.5	1.408e4
1602.2	5.103e3
1602.9	1.451e4
1603.7	6.204e3
1604.4	1.458e4
1605.0	4.060e2
1605.5	1.252e4
1606.2	2.663e3
1606.8	1.439e4
1607.7	1.063e4
1608.6	1.396e4
1609.5	7.186e3
1610.3	1.591e4
1611.0	4.700e3
1611.8	1.585e4
1612.5	5.883e3
1613.2	9.809e3
1614.2	1.087e4
1615.1	1.485e4
1615.9	6.271e3
1616.6	1.839e4
1617.2	8.530e2
1617.7	1.304e4
1618.3	1.158e3
1618.9	1.194e4
1619.9	1.704e4
1620.6	4.379e3
1621.2	1.278e4
1622.2	1.213e4
1623.0	3.096e3
1623.7	1.326e4
1624.5	3.857e3
1625.2	1.327e4
1626.1	1.242e4
1627.0	1.590e4
1627.5	1.035e3
1628.1	1.417e4
1628.8	7.043e3
1629.5	1.170e4
1630.1	1.966e3
1630.7	1.410e4
1631.3	2.094e3
1631.9	1.220e4
1632.7	6.238e3
1633.4	1.601e4
1634.1	3.889e3
1634.8	1.033e4
1635.7	1.591e4
1636.5	1.013e4
1637.4	1.419e4
1638.0	2.286e3
1638.6	1.562e4
1639.5	1.355e4
1640.4	9.624e3
1641.4	1.394e4
1642.4	1.384e4
1642.9	3.840e2
1643.4	1.129e4
1644.3	1.318e4
1645.0	4.373e3
1645.7	1.362e4
1646.4	7.944e3
1647.2	1.588e4
1647.8	1.903e3
1648.4	1.102e4
1649.3	1.289e4
1650.1	7.377e3
1650.9	1.461e4
1651.8	9.613e3
1652.7	1.657e4
1653.2	1.486e3
1653.8	1.534e4
1654.7	1.051e4
1655.4	3.398e3
1656.0	1.492e4
1656.9	1.214e4
1657.6	1.574e3
1658.1	1.674e4
1659.1	1.354e4
1659.9	8.989e3
1660.7	1.058e4
1661.6	7.379e3
1662.4	1.222e4
1663.1	3.765e3
1663.8	1.522e4
1664.4	1.467e3
1665.0	1.623e4
1665.9	1.033e4
1666.8	8.416e3
1667.7	1.230e4
1668.3	2.432e3
1668.9	1.505e4
1669.7	6.898e3
1670.6	1.406e4
1671.4	8.870e3
1672.4	1.719e4
1673.4	1.108e4
1674.2	6.893e3
1675.0	1.305e4
1675.9	1.451e4
1676.7	5.398e3
1677.4	1.130e4
1678.4	1.562e4
1679.4	1.703e4
1680.1	4.108e3
1680.8	1.481e4
1681.3	1.116e3
1681.9	1.544e4
1682.7	5.878e3
1683.6	1.253e4
1684.3	6.001e3
1685.1	1.297e4
1685.9	6.760e3
1686.9	1.204e4
1687.7	8.332e3
1688.5	1.401e4
1689.6	1.525e4
1690.4	8.280e3
1691.2	1.293e4
1692.2	1.355e4
1692.7	3.400e2
1693.2	1.215e4
1694.1	9.252e3
1695.0	6.792e3
1695.8	1.085e4
1696.7	1.444e4
1697.7	1.383e4
1698.7	1.088e4
1699.6	9.041e3
1700.1	3.020e2
1700.7	1.092e4
1701.7	1.329e4
1702.6	1.046e4
1703.6	1.171e4
1704.6	1.169e4
1705.4	8.568e3
1706.2	1.328e4
1707.2	1.381e4
1708.3	1.298e4
1709.1	5.130e3
1709.8	1.455e4
1710.5	4.498e3
1711.2	1.233e4
1712.2	1.337e4
1712.7	7.170e2
1713.2	1.038e4
1714.2	1.398e4
1714.9	2.740e3
1715.6	1.194e4
1716.5	1.068e4
1717.4	1.170e4
1718.2	4.522e3
1718.9	1.254e4
1719.8	1.041e4
1720.7	8.308e3
1721.5	1.106e4
1722.3	7.754e3
1723.2	1.442e4
1724.0	6.489e3
1724.7	1.579e4
1725.4	2.109e3
1726.1	1.364e4
1726.7	4.568e3
1727.5	1.121e4
1728.4	1.364e4
1729.1	3.613e3
1729.8	1.328e4
1730.8	1.317e4
1731.8	1.036e4
1732.3	3.330e2
1732.8	1.064e4
1733.7	1.396e4
1734.6	6.851e3
1735.4	1.356e4
1736.4	7.975e3
1737.3	1.041e4
1738.2	9.022e3
1739.1	1.159e4
1740.1	1.061e4
1741.0	1.235e4
1741.6	8.270e2
1742.2	1.304e4
1743.2	1.399e4
1743.8	3.224e3
1744.5	1.582e4
1745.2	7.216e3
1746.0	1.240e4
1746.7	3.871e3
1747.4	1.323e4
1748.0	3.383e3
1748.7	1.241e4
1749.6	1.386e4
1750.2	3.018e3
1750.8	1.412e4
1751.8	1.089e4
1752.4	2.343e3
1753.0	1.123e4
1753.9	1.041e4
1754.4	1.389e3
1755.0	1.164e4
1755.9	8.458e3
1756.8	1.422e4
1757.5	2.407e3
1758.1	1.498e4
1759.0	7.410e3
1759.9	8.587e3
1760.8	1.339e4
1761.4	7.480e2
1762.0	1.561e4
1762.9	1.289e4
1763.5	2.288e3
1764.2	1.048e4
1765.1	1.300e4
1766.0	7.374e3
1766.9	1.377e4
1767.7	5.832e3
1768.5	1.246e4
1769.5	1.011e4
1770.4	7.281e3
1771.3	7.339e3
1772.3	1.127e4
1773.2	1.296e4
1774.2	9.895e3
1775.2	1.193e4
1775.8	3.337e3
1776.5	1.123e4
1777.0	7.570e2
1777.6	1.198e4
1778.3	2.797e3
1779.0	1.260e4
1779.6	1.652e3
1780.3	1.477e4
1780.9	3.314e3
1781.6	1.454e4
1782.3	2.539e3
1782.9	1.182e4
1783.9	8.075e3
1784.8	1.280e4
1785.8	1.115e4
1786.5	4.173e3
1787.2	9.916e3
1787.9	3.134e3
1788.6	1.008e4
1789.4	3.944e3
1790.1	1.099e4
1790.8	2.354e3
1791.4	1.326e4
1792.1	3.406e3
1792.8	1.133e4
1793.6	3.991e3
1794.2	1.037e4
1794.8	8.890e2
1795.4	1.032e4
1795.9	7.030e2
1796.4	1.228e4
1797.3	6.356e3
1798.2	9.196e3
1799.1	7.522e3
1800.0	8.857e3
1800.6	3.358e3
1801.2	1.473e4
1801.9	2.087e3
1802.5	8.819e3
1803.0	6.200e1
1803.5	7.260e3
1804.3	3.493e3
1805.0	1.106e4
1805.5	1.222e3
1806.1	1.222e4
1807.0	9.138e3
1807.5	2.290e2
1808.0	9.857e3
1808.6	3.430e2
1809.1	1.181e4
1809.7	2.062e3
1810.4	1.222e4
1811.1	5.321e3
1811.8	1.437e4
1812.4	1.499e3
1813.1	8.409e3
1814.0	9.568e3
1814.9	9.509e3
1815.9	1.183e4
1816.5	1.313e3
1817.1	1.094e4
1817.7	1.374e3
1818.2	1.074e4
1819.2	8.331e3
1820.1	6.031e3
1821.0	8.210e3
1822.0	1.572e4
1822.8	3.677e3
1823.5	1.076e4
1824.4	6.502e3
1825.3	1.500e4
1826.0	3.674e3
1826.6	1.052e4
1827.6	7.842e3
1828.5	1.167e4
1829.1	1.610e3
1829.8	1.194e4
1830.8	1.049e4
1831.7	1.041e4
1832.7	7.588e3
1833.6	1.026e4
1834.2	4.500e1
1834.7	1.181e4
1835.3	5.910e2
1835.8	8.986e3
1836.4	4.080e2
1836.9	1.096e4
1837.5	1.288e3
1838.1	1.454e4
1838.7	7.000e2
1839.2	1.111e4
1840.2	7.845e3
1841.1	8.881e3
1841.8	3.890e3
1842.6	1.154e4
1843.5	7.845e3
1844.0	1.290e3
1844.7	1.275e4
1845.5	6.186e3
1846.4	9.627e3
1846.9	4.070e2
1847.4	8.368e3
1848.4	1.006e4
1849.1	3.784e3
1849.8	1.092e4
1850.5	1.149e3
1851.1	6.898e3
1851.8	3.621e3
1852.6	1.151e4
1853.5	8.508e3
1854.1	2.074e3
1854.8	1.076e4
1855.7	1.012e4
1856.5	4.926e3
1857.2	1.132e4
1858.2	9.198e3
1858.7	3.800e1
1859.2	9.398e3
1859.8	1.733e3
1860.5	7.395e3
1861.4	1.157e4
1862.4	1.224e4
1863.3	6.928e3
1864.2	1.295e4
1864.8	1.798e3
1865.5	1.077e4
1866.3	6.433e3
1867.1	1.142e4
1867.9	5.029e3
1868.8	1.071e4
1869.3	1.410e2
1869.8	1.248e4
1870.8	8.450e3
1871.8	6.547e3
1872.6	1.129e4
1873.3	2.806e3
1874.0	6.683e3
1874.7	4.398e3
1875.5	1.166e4
1876.5	1.215e4
1877.5	9.457e3
1878.4	6.342e3
1879.4	8.440e3
1880.1	4.459e3
1880.8	1.041e4
1881.4	1.392e3
1882.0	8.397e3
1882.5	1.300e1
1883.0	8.096e3
1883.7	2.045e3
1884.4	1.017e4
1885.2	7.400e3
1886.1	8.535e3
1887.1	8.735e3
1888.1	8.589e3
1889.1	9.680e3
1890.1	8.800e3
1890.6	5.240e2
1891.2	8.297e3
1892.1	8.338e3
1893.1	8.336e3
1893.8	2.732e3
1894.5	1.318e4
1895.4	9.784e3
1896.3	5.592e3
1897.2	8.855e3
1898.2	1.143e4
1898.7	4.180e2
1899.3	8.709e3
1899.8	2.260e2
1900.3	1.241e4
1901.3	6.412e3
1902.2	1.129e4
1903.1	5.423e3
1903.9	8.481e3
1904.8	6.248e3
1905.9	9.482e3
1906.5	9.400e2
1907.0	9.164e3
1907.5	1.860e2
1908.0	9.640e3
1908.9	6.266e3
1909.7	1.146e4
1910.2	3.870e2
1910.8	1.000e4
1911.8	1.023e4
1912.6	5.616e3
1913.5	8.439e3
1914.1	1.274e3
1914.7	9.958e3
1915.3	1.016e3
1915.9	7.749e3
1916.6	1.821e3
1917.2	1.333e4
1918.0	4.913e3
1918.8	5.954e3
1919.7	6.391e3
1920.6	1.150e4
1921.6	7.676e3
1922.2	1.407e3
1922.8	9.670e3
1923.3	1.330e2
1923.8	8.647e3
1924.8	6.790e3
1925.5	2.298e3
1926.2	8.169e3
1926.8	3.720e2
1927.3	9.970e3
1928.2	4.220e3
1929.0	9.121e3
1930.0	7.635e3
1930.7	2.351e3
1931.3	7.457e3
1932.3	1.072e4
1933.3	8.652e3
1934.2	8.847e3
1935.1	5.270e3
1936.0	9.721e3
1936.6	1.182e3
1937.2	8.739e3
1937.9	1.004e3
1938.4	8.046e3
1939.0	3.060e2
1939.5	7.099e3
1940.2	1.799e3
1940.9	6.696e3
1941.5	6.080e2
1942.0	6.908e3
1943.0	6.909e3
1943.8	3.422e3
1944.7	7.949e3
1945.6	6.826e3
1946.6	6.020e3
1947.5	7.646e3
1948.1	1.346e3
1948.7	8.101e3
1949.7	8.909e3
1950.7	8.944e3
1951.4	2.810e3
1952.1	1.107e4
1953.1	7.250e3
1953.6	8.330e2
1954.1	1.063e4
1954.8	1.727e3
1955.5	8.985e3
1956.4	6.435e3
1957.0	1.267e3
1957.7	6.240e3
1958.4	1.332e3
1959.0	9.947e3
1959.9	6.160e3
1960.7	9.749e3
1961.7	8.701e3
1962.2	3.960e2
1962.8	9.403e3
1963.5	4.300e3
1964.3	1.002e4
1965.3	5.246e3
1965.8	6.500e1
1966.3	1.371e4
1967.3	8.029e3
1967.8	1.830e2
1968.3	7.481e3
1969.3	7.425e3
1970.3	8.222e3
1970.8	9.750e2
1971.4	8.968e3
1971.9	5.640e2
1972.5	1.050e4
1973.1	2.589e3
1973.8	9.199e3
1974.6	9.952e3
1975.5	7.373e3
1976.1	1.180e3
1976.6	9.508e3
1977.6	8.727e3
1978.5	3.439e3
1979.4	8.642e3
1980.1	4.664e3
1980.9	9.323e3
1981.8	3.879e3
1982.6	8.206e3
1983.1	5.200e1
1983.6	8.212e3
1984.2	1.061e3
1984.8	1.012e4
1985.6	5.108e3
1986.6	8.083e3
1987.1	1.140e2
1987.6	9.457e3
1988.6	9.272e3
1989.6	8.716e3
1990.6	5.350e3
1991.2	1.368e3
1991.8	7.044e3
1992.8	9.312e3
1993.7	6.503e3
1994.4	2.590e3
1995.1	8.396e3
1996.1	9.372e3
1996.9	2.678e3
1997.7	9.085e3
1998.6	7.204e3
1999.1	8.900e1
1999.6	5.556e3
