100.4	5.036e4
101.1	4.939e5
101.6	2.623e3
102.2	3.851e6
103.1	2.135e5
103.6	4.143e3
104.2	2.662e5
105.2	2.690e6
105.7	1.374e3
106.2	2.199e5
106.8	1.374e4
107.4	2.251e5
108.4	8.476e5
109.2	4.319e5
110.1	3.301e6
110.6	6.550e2
111.2	8.661e6
112.2	2.902e6
113.2	6.517e5
114.2	3.526e5
115.1	1.800e5
115.7	1.655e3
116.2	1.408e5
117.2	8.876e4
117.7	2.357e3
118.2	2.583e5
119.1	2.132e5
119.6	2.195e3
120.2	8.287e5
121.1	2.678e5
121.7	1.445e4
122.3	3.070e6
123.2	9.136e5
123.7	4.289e3
124.3	3.772e5
125.2	1.035e5
126.1	4.192e5
126.6	1.697e3
127.2	1.157e5
127.7	1.091e3
128.2	6.454e4
129.2	1.234e5
129.7	2.659e3
130.2	7.572e5
130.8	9.696e4
131.5	1.481e6
132.4	5.920e5
133.2	2.809e5
134.2	1.207e5
134.7	2.188e3
135.2	5.995e4
136.2	6.994e5
136.7	3.673e3
137.2	1.675e5
138.3	1.419e6
138.8	1.781e3
139.3	1.728e5
140.2	1.945e5
141.2	1.832e5
142.1	4.269e5
142.7	5.470e2
143.2	1.208e5
144.2	1.993e5
145.2	1.635e6
145.7	4.140e2
146.2	1.534e5
147.2	8.499e5
147.7	1.010e3
148.2	1.355e5
149.2	2.857e5
149.7	5.173e3
150.3	9.063e5
150.8	1.615e3
151.3	1.487e5
152.3	5.809e4
153.2	5.400e4
154.2	1.067e5
154.7	1.201e3
155.2	1.542e5
155.7	1.226e3
156.3	8.774e4
157.1	2.402e5
157.6	3.910e2
158.2	3.536e5
159.1	2.352e6
159.7	5.940e2
160.2	2.386e5
161.2	1.039e5
162.2	9.056e4
163.2	1.691e5
164.2	1.436e5
164.7	2.973e3
165.3	8.051e4
165.8	1.054e3
166.3	5.510e4
167.3	4.392e5
168.2	1.564e5
169.2	6.553e4
169.8	5.586e3
170.3	1.347e5
171.3	6.804e5
172.2	5.647e5
173.2	4.028e5
173.7	1.425e3
174.3	1.418e5
175.3	1.035e5
176.1	1.698e5
177.0	4.544e5
177.6	2.179e4
178.2	1.126e5
178.8	3.870e3
179.3	1.285e5
180.3	6.620e4
181.2	9.315e4
182.2	9.778e4
183.2	5.736e5
183.7	2.270e3
184.3	1.183e5
185.2	1.119e6
186.2	1.942e5
187.2	1.008e6
187.7	1.140e3
188.3	4.634e5
189.2	1.493e5
189.7	2.951e3
190.3	7.768e4
191.2	1.029e5
191.7	1.006e3
192.2	9.111e4
192.8	1.317e3
193.3	6.916e4
194.3	2.807e5
195.3	1.587e5
195.8	3.774e3
196.4	2.491e6
197.3	6.934e5
198.3	1.165e6
199.3	1.869e5
200.2	8.376e5
200.7	1.342e3
201.2	1.574e5
202.2	1.096e5
203.2	1.145e5
204.2	6.112e4
205.2	1.081e5
205.7	1.362e3
206.3	8.006e4
207.3	5.623e4
208.2	7.409e4
209.1	1.239e5
209.7	2.474e3
210.3	9.594e4
211.3	4.955e4
211.8	1.125e3
212.3	7.568e4
213.2	5.405e4
213.7	6.500e2
214.3	6.058e6
214.8	9.800e1
215.3	7.841e5
216.3	4.731e5
217.3	3.640e5
217.8	4.269e3
218.3	7.025e5
219.3	1.395e5
220.3	1.253e5
221.3	7.781e4
222.3	4.531e4
223.3	3.721e4
224.2	1.547e5
224.7	1.097e3
225.2	6.063e4
226.2	1.492e5
227.2	1.448e6
227.7	9.680e2
228.2	2.664e5
228.7	1.907e3
229.3	1.139e5
229.8	2.745e3
230.4	8.031e4
231.3	1.155e5
232.2	5.966e4
233.2	5.174e4
233.8	5.440e2
234.3	6.838e4
235.3	7.143e4
236.3	6.997e5
237.2	3.190e5
237.8	1.013e3
238.3	9.124e4
239.2	8.470e4
239.8	2.347e3
240.3	3.810e4
241.3	5.233e4
242.2	6.951e4
242.7	1.391e3
243.2	9.090e4
244.2	9.805e4
244.7	2.667e3
245.3	7.205e4
245.8	2.577e3
246.4	4.603e4
247.2	2.893e4
248.1	4.313e4
248.7	4.145e3
249.3	4.099e4
250.2	9.241e4
251.2	4.605e4
251.8	1.064e3
252.3	6.029e4
253.2	4.513e4
254.1	7.894e4
254.7	4.086e3
255.2	8.203e4
256.2	5.619e4
257.2	7.860e4
257.8	5.059e3
258.4	7.965e4
259.4	2.996e5
260.3	7.114e4
261.3	1.220e5
261.9	4.855e3
262.5	5.006e4
263.4	3.889e4
264.3	2.785e4
265.3	3.158e4
266.2	3.855e5
266.7	1.001e3
267.2	8.015e4
268.2	3.243e4
268.9	5.930e3
269.5	3.228e4
270.4	2.128e4
271.3	4.293e4
272.2	3.418e4
272.8	1.427e3
273.3	3.540e4
273.9	1.861e3
274.5	1.465e5
275.2	1.589e4
275.9	6.995e4
276.5	1.359e4
277.3	8.181e4
278.3	6.835e4
278.8	1.959e3
279.3	7.183e4
279.8	1.903e3
280.4	5.559e4
281.3	5.059e4
282.3	4.757e4
283.3	8.524e4
284.3	4.197e4
285.1	6.236e4
285.7	4.162e3
286.3	3.926e4
287.2	4.734e4
287.8	2.498e3
288.3	3.009e4
289.3	5.101e4
289.9	2.318e3
290.4	5.466e4
291.4	2.842e4
292.3	2.447e4
293.3	2.096e4
293.8	5.430e2
294.3	3.151e4
295.2	2.146e5
295.7	3.410e2
296.2	3.731e4
296.8	1.818e3
297.4	3.266e4
298.3	2.400e4
299.2	2.650e4
299.8	3.122e3
300.4	3.010e4
301.4	6.513e4
302.3	4.199e4
303.3	2.923e4
304.1	9.018e4
304.7	3.269e3
305.3	1.396e5
305.8	1.645e3
306.3	2.914e4
307.2	5.620e4
307.8	2.618e3
308.4	2.881e4
309.3	3.163e4
309.8	4.980e2
310.3	2.561e4
311.3	3.865e4
312.3	3.842e4
312.9	2.157e3
313.4	5.282e4
314.5	3.785e4
315.4	2.724e4
316.3	3.265e4
317.3	3.505e4
317.9	3.016e3
318.5	4.919e4
319.4	3.127e4
320.3	1.723e4
321.3	4.037e4
321.8	1.598e3
322.4	3.608e4
323.3	2.571e4
323.8	9.090e2
324.4	3.204e4
325.4	4.153e4
326.3	5.787e4
327.2	7.491e4
327.7	2.064e3
328.3	4.120e4
329.3	2.969e4
329.9	2.770e3
330.5	4.323e4
331.4	1.514e5
332.4	6.346e4
333.3	4.697e4
334.2	1.227e5
335.2	4.097e4
335.8	2.581e3
336.4	2.837e4
337.4	4.205e4
338.4	3.842e4
339.4	5.880e4
340.3	3.336e4
340.9	4.046e3
341.5	5.777e4
342.4	4.404e4
343.3	2.842e4
344.3	4.976e4
344.8	4.640e2
345.3	3.344e4
345.9	5.219e3
346.5	5.241e4
347.5	3.879e4
348.4	2.723e4
349.3	6.193e4
349.9	4.252e3
350.5	6.092e4
351.4	3.280e4
352.3	4.124e4
353.3	6.279e4
354.3	2.070e5
354.8	1.001e3
355.3	1.099e5
356.3	4.885e4
357.3	5.246e4
357.9	6.134e3
358.5	4.214e4
359.5	1.620e5
360.4	6.310e4
361.4	3.024e4
362.3	2.911e4
363.2	4.018e5
363.7	1.920e3
364.2	5.013e4
364.8	1.613e3
365.3	4.195e4
366.2	4.343e4
366.8	1.035e3
367.3	3.749e4
368.3	2.785e4
368.9	3.058e3
369.5	5.418e4
370.4	2.907e4
371.3	4.532e4
372.3	5.321e4
373.2	6.410e4
373.8	4.577e3
374.4	3.874e4
374.9	7.100e2
375.4	3.136e4
376.4	2.061e4
377.3	4.135e4
378.1	1.625e4
378.9	4.519e4
379.5	1.165e4
380.2	5.539e4
380.8	3.436e3
381.4	4.438e4
382.3	2.433e4
382.9	4.483e3
383.5	4.073e4
384.5	2.066e4
385.5	3.212e4
386.4	1.859e4
387.3	3.757e4
388.1	1.622e4
388.9	3.767e4
389.6	1.015e4
390.3	2.360e4
390.9	1.891e3
391.5	3.305e4
392.0	1.121e3
392.5	3.203e4
393.5	1.501e5
394.5	9.667e4
395.5	4.580e4
396.4	2.418e4
396.9	1.500e3
397.5	2.932e4
398.5	2.303e4
399.0	1.220e3
399.5	4.222e4
400.1	9.900e2
400.6	3.446e4
401.4	1.776e4
402.2	1.833e5
403.2	3.522e4
403.7	2.909e3
404.3	2.791e4
404.8	6.330e2
405.3	2.557e4
406.0	7.267e3
406.6	2.705e4
407.5	2.003e4
408.5	2.391e4
409.4	5.680e4
410.0	4.554e3
410.6	3.363e4
411.4	1.395e4
412.1	2.872e4
412.8	9.426e3
413.6	5.626e4
414.5	2.790e4
415.4	4.086e4
416.0	2.743e3
416.6	3.048e4
417.5	1.890e4
418.3	1.432e4
419.2	2.523e4
420.2	1.905e4
421.2	3.801e4
421.9	8.215e3
422.6	3.985e4
423.6	3.656e4
424.5	1.889e4
425.4	2.954e4
426.4	1.980e4
427.0	3.962e3
427.6	4.048e4
428.5	2.346e4
429.5	2.866e4
430.4	1.740e4
431.2	3.223e5
431.7	2.825e3
432.3	4.401e4
432.8	2.009e3
433.4	2.824e4
434.0	2.314e3
434.5	2.407e4
435.4	2.020e4
436.4	2.780e4
436.9	1.168e3
437.5	6.048e4
438.0	9.650e2
438.5	4.385e4
439.4	2.606e4
440.4	1.644e4
441.3	5.783e4
442.2	1.691e4
442.8	3.188e3
443.4	4.035e4
444.3	2.007e4
444.9	3.792e3
445.6	2.466e4
446.3	8.449e3
447.1	2.439e4
447.6	2.160e3
448.2	3.304e4
448.8	4.506e3
449.4	3.312e4
450.4	2.600e4
451.3	2.582e4
452.1	9.138e3
452.8	2.824e4
453.7	2.380e4
454.6	1.538e4
455.5	2.518e4
456.2	4.335e3
456.8	1.919e4
457.7	4.896e4
458.5	2.914e4
459.1	1.552e3
459.6	2.054e4
460.6	3.458e4
461.5	1.936e4
462.3	1.123e4
463.0	4.517e4
463.7	8.029e3
464.3	2.423e4
465.2	2.858e4
465.9	6.535e3
466.6	3.013e4
467.1	1.744e3
467.7	2.636e4
468.5	1.046e4
469.3	2.205e4
470.2	1.560e5
470.9	1.094e4
471.6	4.317e4
472.5	2.811e4
473.5	2.233e4
474.1	4.726e3
474.7	1.995e4
475.5	9.506e3
476.3	2.179e4
476.9	1.928e3
477.5	1.715e4
478.0	9.290e2
478.5	1.575e4
479.4	1.769e4
480.3	4.007e4
481.4	2.154e4
482.0	4.369e3
482.6	3.070e4
483.6	2.289e4
484.1	1.136e3
484.7	1.777e4
485.2	6.560e2
485.7	3.040e4
486.5	1.386e4
487.3	4.367e4
488.0	7.342e3
488.6	2.147e4
489.6	3.084e4
490.1	9.640e2
490.7	2.692e4
491.6	1.999e4
492.4	9.386e3
493.2	1.951e4
493.8	3.960e2
494.3	2.273e4
495.2	2.158e4
495.9	8.219e3
496.6	3.810e4
497.6	2.619e4
498.4	1.048e4
499.2	2.256e5
500.2	3.623e4
501.1	1.986e4
501.9	5.322e4
502.8	2.321e4
503.6	1.325e4
504.5	2.705e4
505.1	3.986e3
505.8	1.767e4
506.4	3.088e3
507.0	2.019e4
507.6	6.119e3
508.2	1.644e4
509.2	7.260e4
509.8	7.781e3
510.5	2.710e4
511.5	2.572e4
512.4	2.019e4
513.1	6.824e3
513.7	1.823e4
514.4	3.255e3
515.0	1.901e4
515.8	5.880e4
516.7	3.060e4
517.7	2.148e4
518.2	9.050e2
518.7	3.373e4
519.6	2.387e4
520.2	3.971e3
520.8	2.198e4
521.7	1.623e4
522.6	2.654e4
523.2	4.858e3
523.8	2.471e4
524.8	3.967e4
525.5	8.815e3
526.1	2.978e4
527.1	3.618e4
527.9	1.496e4
528.7	3.315e4
529.2	7.340e2
529.7	3.235e4
530.5	1.005e4
531.2	5.597e4
531.8	1.333e4
532.6	2.778e4
533.2	4.400e3
533.8	2.334e4
534.5	8.125e3
535.2	2.039e4
535.8	6.140e2
536.3	2.208e4
537.3	2.210e4
538.2	1.449e5
539.1	3.722e4
540.0	1.443e4
540.8	4.010e4
541.8	2.487e4
542.6	9.293e3
543.4	2.252e4
543.9	2.104e3
544.5	1.979e4
545.1	4.065e3
545.7	3.359e4
546.7	3.133e4
547.5	1.353e4
548.3	3.432e4
549.2	1.890e4
550.1	1.194e4
551.0	2.521e4
551.9	1.940e4
552.8	1.500e4
553.6	2.401e4
554.2	4.194e3
554.8	3.477e4
555.7	2.564e4
556.3	3.894e3
556.9	3.311e4
557.9	2.323e4
558.8	1.440e4
559.7	4.080e4
560.2	1.865e3
560.8	3.986e4
561.8	2.551e4
562.3	7.140e2
562.8	1.859e4
563.6	7.434e3
564.3	2.237e4
565.3	1.710e4
566.2	1.321e4
567.1	1.936e5
567.7	3.516e3
568.3	4.183e4
569.2	2.240e4
569.7	2.047e3
570.2	3.070e4
571.2	2.111e4
572.1	1.495e4
572.9	9.490e3
573.7	2.337e4
574.6	1.281e4
575.4	2.809e4
576.3	1.541e4
577.1	5.633e4
577.9	1.573e4
578.7	2.209e4
579.4	4.044e3
580.0	1.933e4
580.5	4.440e2
581.1	1.522e4
582.1	1.616e4
582.6	7.460e2
583.1	2.345e4
583.9	8.770e3
584.5	4.405e4
585.5	1.964e4
586.4	1.408e4
587.5	1.978e4
588.1	4.843e3
588.8	1.766e4
589.8	2.665e4
590.8	1.809e4
591.3	2.340e2
591.8	1.501e4
592.4	3.365e3
593.1	1.887e4
594.1	1.655e4
595.0	1.076e4
595.9	1.752e4
596.5	2.645e3
597.1	2.107e4
598.0	1.295e4
599.0	3.233e4
599.9	1.832e4
600.8	8.357e3
601.6	2.141e4
602.1	2.150e2
602.6	1.456e4
603.2	1.461e3
603.7	2.751e4
604.2	3.120e2
604.7	2.069e4
605.5	8.055e3
606.2	1.053e5
607.1	2.288e4
608.1	1.478e4
608.7	2.370e3
609.3	2.215e4
609.8	1.073e3
610.3	1.835e4
611.0	5.433e3
611.7	1.640e4
612.7	2.044e4
613.7	1.534e4
614.3	3.760e2
614.8	1.441e4
615.4	3.202e3
616.0	2.096e4
616.8	9.728e3
617.6	2.261e4
618.2	1.167e3
618.7	1.270e4
619.6	1.964e4
620.2	2.518e3
620.8	1.307e4
621.4	1.707e3
622.0	1.353e4
622.6	1.933e3
623.2	1.771e4
624.1	1.099e4
624.7	1.729e3
625.3	1.679e4
626.1	9.506e3
626.9	1.535e4
627.8	9.058e3
628.8	2.181e4
629.7	1.552e4
630.3	1.084e3
630.8	1.144e4
631.4	8.550e2
632.0	1.623e4
632.9	1.082e4
633.8	2.480e4
634.5	8.112e3
635.2	1.275e5
636.1	2.404e4
637.1	1.607e4
637.6	1.396e3
638.2	1.944e4
639.1	1.204e4
639.9	6.185e3
640.6	1.433e4
641.7	1.426e4
642.3	3.307e3
642.9	2.041e4
643.9	1.317e4
644.5	4.291e3
645.2	4.191e4
646.0	9.923e3
646.9	1.304e4
647.8	2.754e4
648.3	7.430e2
648.8	1.789e4
649.8	1.138e4
650.4	3.296e3
651.1	1.432e4
651.6	3.810e2
652.2	1.786e4
652.7	3.030e2
653.2	1.125e4
654.1	7.440e3
655.0	1.455e4
655.9	9.023e3
656.7	2.060e4
657.6	1.791e4
658.3	2.699e3
658.9	1.588e4
659.8	1.118e4
660.8	1.497e4
661.4	1.867e3
662.0	1.985e4
662.9	1.150e4
663.9	1.958e4
664.4	1.587e3
665.0	1.405e4
665.6	1.509e3
666.2	1.144e4
667.1	2.138e4
667.9	6.811e3
668.7	1.114e4
669.6	4.297e4
670.6	5.040e4
671.5	4.336e4
672.1	1.677e3
672.7	2.241e4
673.4	9.237e3
674.2	8.411e4
675.1	2.381e4
676.0	1.465e4
676.9	1.450e4
677.8	2.503e4
678.7	1.078e4
679.5	1.499e4
680.6	1.080e4
681.3	3.109e3
682.0	9.452e3
682.6	1.943e3
683.2	1.203e4
684.2	2.022e4
685.0	6.051e3
685.8	2.940e4
686.3	3.310e2
686.8	3.083e4
687.5	5.707e3
688.2	2.063e4
689.1	7.905e3
689.9	1.149e4
690.8	1.345e4
691.7	2.307e4
692.4	3.764e3
693.0	2.109e4
693.9	1.106e4
694.8	8.880e3
695.6	1.142e4
696.1	2.700e2
696.6	1.120e4
697.6	1.266e4
698.7	1.262e4
699.2	6.430e2
699.8	1.310e4
700.8	1.434e4
701.8	1.417e4
702.5	4.953e3
703.2	1.149e5
704.0	2.304e4
705.0	1.382e4
705.9	2.708e4
706.9	1.154e4
707.8	1.660e4
708.8	1.717e4
709.4	1.251e3
709.9	1.261e4
710.9	8.210e3
711.9	1.227e4
712.6	3.618e3
713.2	3.659e4
713.8	1.909e3
714.4	1.571e4
715.1	7.940e3
716.0	1.016e4
716.9	1.868e4
717.4	5.600e2
717.9	1.332e4
718.5	1.435e3
719.1	1.294e4
720.1	2.212e4
721.1	1.329e4
721.7	2.585e3
722.3	2.416e4
723.2	1.954e4
723.9	4.879e3
724.6	1.553e5
725.1	5.310e2
725.6	2.178e5
726.6	1.960e5
727.6	6.204e4
728.6	5.102e4
729.6	2.752e4
730.2	3.179e3
730.8	2.320e4
731.4	2.680e3
732.0	1.883e4
732.9	7.112e3
733.7	1.022e4
734.3	2.556e3
734.9	1.587e4
735.8	2.534e4
736.4	3.645e3
737.1	2.006e4
737.9	1.053e4
738.9	1.553e4
739.8	1.026e4
740.8	1.575e4
741.5	5.259e3
742.2	8.467e4
743.2	2.329e4
744.1	1.569e4
744.7	1.556e3
745.2	1.963e4
745.9	3.914e3
746.6	2.068e4
747.5	2.690e4
748.0	1.393e3
748.6	3.443e4
749.1	1.918e3
749.7	3.845e4
750.7	3.298e4
751.3	3.053e3
751.9	2.519e4
752.7	1.535e4
753.6	1.261e4
754.2	4.640e2
754.7	1.279e4
755.7	1.206e4
756.2	2.640e2
756.8	2.007e4
757.4	3.784e3
758.1	1.624e4
758.6	7.340e2
759.2	1.823e4
760.1	1.031e4
761.1	1.950e4
761.9	1.541e4
762.9	1.228e4
763.8	1.116e4
764.8	1.496e4
765.7	1.943e4
766.3	1.718e3
767.0	1.343e4
767.9	1.024e4
768.5	1.554e3
769.1	8.785e3
769.7	9.060e2
770.2	1.040e4
771.2	9.586e4
772.1	2.143e4
773.1	1.366e4
774.0	2.336e4
775.0	1.921e4
775.6	8.300e2
776.1	1.750e4
777.0	1.281e4
777.9	9.559e3
778.8	1.051e4
779.3	2.860e2
779.9	1.818e4
780.6	4.234e3
781.2	3.849e4
782.1	1.130e4
783.1	1.010e4
783.6	5.160e2
784.2	1.206e4
785.1	1.190e4
786.0	7.901e3
786.6	3.085e3
787.3	1.682e4
788.3	2.778e4
788.9	8.367e3
789.7	2.009e4
790.2	1.406e3
790.8	2.540e4
791.7	1.677e4
792.6	1.010e4
793.2	2.175e3
793.9	1.059e4
794.8	1.061e4
795.7	1.665e4
796.4	4.233e3
797.1	1.269e4
798.0	1.059e4
799.0	1.277e4
799.8	5.020e3
800.5	1.304e4
801.0	2.900e2
801.5	9.540e3
802.3	4.720e3
803.1	1.893e4
804.1	1.007e4
804.6	1.050e2
805.2	2.357e4
805.9	7.360e3
806.8	1.195e4
807.5	2.740e3
808.2	1.000e4
809.2	9.713e3
810.2	7.122e4
811.1	2.007e4
812.0	1.118e4
812.7	4.706e3
813.4	1.558e4
814.0	2.046e3
814.5	9.730e3
815.5	1.075e4
816.1	1.286e3
816.6	1.208e4
817.2	9.700e1
817.7	1.030e4
818.2	7.260e2
818.8	1.497e4
819.5	6.380e3
820.2	2.083e4
820.7	5.000e2
821.2	9.668e3
821.8	6.210e2
822.3	6.663e3
823.2	1.028e4
824.3	2.353e4
825.2	1.614e4
826.1	1.112e4
826.6	1.434e3
827.2	1.417e4
827.8	2.598e3
828.5	1.073e4
829.0	3.600e2
829.6	1.578e4
830.3	5.069e3
831.0	1.138e4
831.9	6.374e3
832.9	1.394e4
833.8	7.590e3
834.8	1.421e4
835.3	1.840e3
836.0	1.051e4
836.6	1.622e3
837.2	9.935e3
838.1	1.130e4
838.6	8.030e2
839.2	7.623e4
839.9	1.931e4
840.7	2.147e4
841.5	6.798e3
842.2	2.154e4
842.8	4.660e2
843.3	1.394e4
844.2	2.101e4
845.2	1.158e4
846.1	8.704e3
847.0	1.229e4
848.0	9.472e3
848.6	1.514e3
849.2	2.977e4
849.9	4.214e3
850.6	1.363e4
851.4	5.329e3
852.2	1.405e4
853.1	6.708e3
854.0	1.276e4
854.5	4.640e2
855.0	1.133e4
855.7	2.026e3
856.3	1.408e4
857.1	5.930e3
857.9	1.532e4
858.8	2.319e4
859.7	1.323e4
860.3	2.151e3
860.9	8.759e3
861.9	2.149e4
862.5	2.155e3
863.1	1.820e4
864.0	1.244e4
864.6	2.372e3
865.3	1.075e4
866.1	7.349e3
867.0	1.155e4
867.6	2.773e3
868.2	1.826e4
869.0	7.977e3
869.9	1.162e4
870.5	9.920e2
871.1	1.482e4
871.7	2.109e3
872.3	1.199e4
873.3	1.868e4
874.0	6.176e3
874.7	9.858e3
875.3	9.900e2
875.9	9.641e3
876.4	7.850e2
877.0	1.176e4
877.6	1.537e3
878.2	5.597e4
879.1	1.534e4
880.1	1.036e4
881.0	9.655e3
881.9	1.364e4
882.5	2.017e3
883.1	1.357e4
884.1	1.618e4
885.0	1.065e4
885.9	6.523e3
886.8	1.025e4
887.5	2.999e3
888.1	1.424e4
888.8	3.309e3
889.5	1.005e4
890.4	6.478e3
891.3	9.887e3
892.1	5.906e3
892.8	2.285e4
893.8	1.414e4
894.7	7.786e3
895.5	1.232e4
896.2	3.729e3
896.9	8.882e3
897.8	1.604e4
898.4	1.014e3
899.0	8.939e3
899.9	1.294e4
900.4	1.230e2
901.0	1.124e4
901.5	9.060e2
902.1	1.772e4
903.0	1.360e4
904.0	1.152e4
904.6	2.582e3
905.3	8.420e3
906.2	1.033e4
907.2	5.670e4
908.1	2.051e4
909.1	1.377e4
910.1	2.325e4
911.0	1.090e4
912.0	2.088e4
912.9	1.411e4
913.5	5.740e2
914.0	8.543e3
914.8	3.442e3
915.5	1.207e4
916.3	8.249e3
917.2	2.375e4
918.2	1.265e4
919.1	9.411e3
919.7	2.211e3
920.3	1.222e4
921.0	3.576e3
921.6	1.127e4
922.4	3.265e3
923.0	1.199e4
923.7	2.558e3
924.3	1.571e4
925.2	4.619e3
925.9	9.547e3
926.8	2.215e4
927.8	1.698e4
928.8	1.157e4
929.3	4.810e2
929.8	1.206e4
930.3	2.190e2
930.8	1.021e4
931.8	1.530e4
932.8	7.864e3
933.7	1.015e4
934.2	6.670e2
934.7	1.480e4
935.5	5.380e3
936.4	1.359e4
937.2	8.968e3
938.1	8.576e3
939.1	1.543e4
939.7	3.586e3
940.4	1.055e4
941.4	1.828e4
941.9	4.210e2
942.4	1.170e4
943.1	3.060e3
943.9	1.057e4
944.8	8.225e3
945.5	3.143e3
946.2	4.318e4
947.0	1.120e4
947.9	1.106e4
949.0	1.482e4
949.5	1.581e3
950.1	1.160e4
951.1	1.128e4
952.1	1.040e4
952.9	4.342e3
953.7	8.179e3
954.4	5.171e3
955.1	8.643e3
956.1	1.670e4
957.1	1.083e4
957.7	2.143e3
958.3	9.085e3
958.8	7.200e1
959.3	7.544e3
960.1	2.737e3
960.7	1.769e4
961.3	1.379e3
961.8	1.235e4
962.4	9.420e2
963.0	1.257e4
963.5	3.560e2
964.0	1.024e4
964.7	2.503e3
965.4	1.425e4
966.1	6.381e3
966.9	1.244e4
967.8	6.415e3
968.7	9.141e3
969.6	1.170e4
970.2	1.298e3
970.8	1.103e4
971.7	4.711e3
972.5	1.009e4
973.1	2.268e3
973.7	9.499e3
974.5	2.419e3
975.2	4.302e4
976.1	1.320e4
977.0	1.439e4
977.7	3.889e3
978.4	1.529e4
979.1	3.277e3
979.7	1.169e4
980.5	8.476e3
981.3	1.217e4
981.8	1.853e3
982.4	1.228e4
983.1	4.129e3
983.8	1.337e4
984.5	4.560e3
985.2	2.429e4
986.1	1.184e4
987.1	1.207e4
988.0	5.465e3
988.8	1.079e4
989.3	1.012e3
989.9	9.709e3
990.4	1.080e2
990.9	1.082e4
991.5	2.244e3
992.1	1.423e4
992.6	4.100e1
993.1	9.637e3
994.0	4.694e3
994.8	1.775e4
995.3	7.640e2
995.8	1.441e4
996.7	7.691e3
997.7	1.378e4
998.6	1.007e4
999.6	1.333e4
1000.5	1.101e4
1001.2	4.634e3
1001.9	1.110e4
1002.4	3.140e2
1002.9	9.648e3
1003.8	7.730e3
1004.7	1.244e4
1005.6	9.227e3
1006.4	5.559e3
1007.2	1.530e4
1008.1	7.115e3
1008.6	5.810e2
1009.2	1.695e4
1010.1	1.281e4
1010.6	3.030e2
1011.1	1.295e4
1011.8	3.180e3
1012.5	9.185e3
1013.4	5.249e3
1014.2	3.512e4
1015.1	1.717e4
1016.0	1.110e4
1016.9	9.138e3
1017.7	1.235e4
1018.4	2.419e3
1019.1	1.329e4
1020.1	8.578e3
1021.1	7.785e3
1022.0	1.004e4
1023.0	1.242e4
1023.5	1.108e3
1024.1	1.560e4
1024.6	1.840e2
1025.2	1.238e4
1025.7	4.090e2
1026.2	8.903e3
1026.8	1.105e3
1027.4	9.534e3
1028.1	3.573e3
1028.8	1.603e4
1029.5	3.841e3
1030.1	1.524e4
1030.7	8.770e2
1031.2	1.178e4
1032.1	5.946e3
1033.0	8.421e3
1033.9	1.630e4
1034.8	1.191e4
1035.7	7.597e3
1036.7	1.125e4
1037.4	1.466e3
1038.0	1.199e4
1038.9	1.019e4
1039.6	2.565e3
1040.3	9.690e3
1040.8	5.920e2
1041.3	1.000e4
1042.2	8.365e3
1043.1	3.654e4
1044.0	1.425e4
1045.0	1.322e4
1045.7	2.991e3
1046.4	1.543e4
1047.3	7.661e3
1048.2	1.879e4
1048.8	4.820e3
1049.6	1.097e4
1050.4	5.449e3
1051.1	7.361e3
1052.0	1.264e4
1052.6	2.204e3
1053.2	2.337e4
1054.2	1.148e4
1054.8	2.090e3
1055.4	1.092e4
1056.4	1.402e4
1056.9	6.140e2
1057.5	1.218e4
1058.2	3.469e3
1058.9	1.326e4
1059.8	1.542e4
1060.8	1.094e4
1061.3	6.160e2
1061.9	8.439e3
1062.7	1.898e4
1063.3	2.218e3
1063.9	1.201e4
1064.8	6.297e3
1065.7	7.953e3
1066.3	1.017e3
1066.9	8.346e3
1067.5	3.886e3
1068.2	1.417e4
1068.8	2.193e3
1069.5	1.054e4
1070.0	8.510e2
1070.5	1.088e4
1071.3	6.191e3
1072.2	9.318e3
1072.8	1.095e3
1073.3	1.077e4
1074.2	6.317e3
1075.0	1.371e4
1076.0	1.199e4
1076.8	7.619e3
1077.5	1.641e4
1078.5	1.387e4
1079.1	2.250e2
1079.6	1.145e4
1080.4	6.070e3
1081.2	8.806e3
1082.2	3.294e4
1083.1	1.218e4
1083.9	1.144e4
1084.6	2.704e3
1085.4	1.194e4
1086.2	7.454e3
1087.1	1.281e4
1088.0	7.050e3
1088.9	8.362e3
1089.8	1.143e4
1090.5	2.700e3
1091.1	1.119e4
1092.0	8.520e3
1092.8	1.183e4
1093.8	8.020e3
1094.7	1.058e4
1095.6	7.958e3
1096.6	1.746e4
1097.6	1.412e4
1098.2	8.040e2
1098.7	1.307e4
1099.3	4.683e3
1100.0	1.395e4
1100.9	7.362e3
1101.8	1.508e4
1102.8	1.140e4
1103.5	4.676e3
1104.3	8.450e3
1105.2	1.118e4
1105.8	2.500e2
1106.3	1.270e4
1107.2	8.195e3
1108.1	8.935e3
1109.0	1.148e4
1110.0	8.737e3
1110.6	1.430e3
1111.1	2.960e4
1112.1	1.673e4
1112.6	9.700e1
1113.1	1.316e4
1113.7	2.740e3
1114.3	1.447e4
1115.2	7.539e3
1116.1	1.310e4
1116.8	4.368e3
1117.5	1.105e4
1118.3	4.075e3
1119.0	8.252e3
1119.5	8.540e2
1120.1	9.289e3
1120.7	1.080e3
1121.2	2.051e4
1122.2	1.098e4
1123.2	8.576e3
1124.1	1.115e4
1124.6	1.009e3
1125.2	9.423e3
1126.1	1.018e4
1126.8	1.444e3
1127.4	1.168e4
1128.0	1.647e3
1128.5	1.127e4
1129.1	9.850e2
1129.6	1.017e4
1130.2	3.650e2
1130.7	1.473e4
1131.6	1.309e4
1132.2	1.590e2
1132.7	1.171e4
1133.4	3.798e3
1134.1	8.956e3
1134.8	2.795e3
1135.4	1.396e4
1136.1	3.031e3
1136.8	1.332e4
1137.3	6.080e2
1137.8	1.028e4
1138.4	1.086e3
1139.0	1.090e4
1139.5	1.015e3
1140.2	9.292e3
1141.1	1.053e4
1141.7	7.600e2
1142.2	1.001e4
1142.8	2.410e2
1143.3	9.488e3
1144.2	7.252e3
1145.1	1.350e4
1146.1	9.967e3
1146.6	2.510e2
1147.1	1.238e4
1148.1	8.728e3
1149.1	7.610e3
1149.7	1.424e3
1150.3	2.680e4
1151.2	1.252e4
1151.9	2.547e3
1152.6	1.273e4
1153.5	1.081e4
1154.1	3.800e3
1154.8	1.088e4
1155.3	1.154e3
1155.9	1.048e4
1156.4	1.120e2
1156.9	8.202e3
1157.8	8.526e3
1158.4	1.322e3
1159.0	9.613e3
1159.9	8.249e3
1160.8	1.155e4
1161.5	2.180e3
1162.1	9.100e3
1162.6	5.390e2
1163.2	9.882e3
1163.9	3.790e3
1164.6	1.462e4
1165.5	9.140e3
1166.4	1.136e4
1167.4	1.091e4
1168.3	7.755e3
1169.3	1.007e4
1170.2	1.365e4
1170.7	3.810e2
1171.2	1.185e4
1172.0	5.362e3
1172.9	8.944e3
1173.8	9.136e3
1174.4	1.330e2
1174.9	1.075e4
1175.5	1.508e3
1176.1	1.077e4
1176.9	3.979e3
1177.7	1.034e4
1178.4	2.143e3
1179.1	2.283e4
1179.9	8.180e3
1180.8	1.204e4
1181.4	1.448e3
1181.9	1.537e4
1182.9	8.881e3
1183.4	3.700e2
1184.0	1.607e4
1184.5	4.620e2
1185.0	1.228e4
1185.5	2.540e2
1186.0	1.206e4
1186.6	2.168e3
1187.3	1.028e4
1188.2	6.508e3
1189.1	1.790e4
1189.6	2.670e2
1190.2	9.872e3
1191.1	1.114e4
1192.1	9.873e3
1193.1	9.078e3
1193.7	2.579e3
1194.4	9.902e3
1195.1	4.976e3
1195.9	1.336e4
1196.9	1.115e4
1197.4	3.660e2
1198.0	7.595e3
1198.9	1.727e4
1199.8	6.430e3
1200.5	1.309e4
1201.1	8.530e2
1201.6	1.017e4
1202.2	3.280e2
1202.7	7.891e3
1203.2	6.640e2
1203.8	1.299e4
1204.3	7.150e2
1204.9	1.009e4
1205.5	4.980e2
1206.1	9.371e3
1206.7	1.396e3
1207.3	1.042e4
1208.0	5.381e3
1208.9	1.036e4
1209.7	3.613e3
1210.5	7.610e3
1211.1	2.566e3
1211.7	1.083e4
1212.3	4.940e2
1212.8	9.379e3
1213.8	9.934e3
1214.7	1.077e4
1215.7	1.284e4
1216.6	8.324e3
1217.5	4.697e3
1218.2	2.514e4
1219.2	1.419e4
1220.2	1.028e4
1221.1	5.927e3
1221.8	9.662e3
1222.5	2.630e3
1223.2	1.365e4
1224.0	6.576e3
1224.8	1.071e4
1225.8	8.347e3
1226.7	9.590e3
1227.5	3.212e3
1228.2	1.277e4
1229.1	9.881e3
1230.1	1.148e4
1231.0	6.162e3
1231.8	1.109e4
1232.7	9.185e3
1233.7	1.166e4
1234.6	1.223e4
1235.2	1.697e3
1235.8	1.147e4
1236.7	5.575e3
1237.5	1.319e4
1238.3	7.345e3
1239.2	1.316e4
1239.7	2.760e2
1240.2	1.048e4
1240.9	2.604e3
1241.6	1.154e4
1242.1	3.430e2
1242.7	1.005e4
1243.2	1.001e3
1243.8	9.633e3
1244.4	1.108e3
1245.0	7.569e3
1245.9	9.505e3
1246.5	2.460e3
1247.2	1.898e4
1248.1	1.090e4
1248.7	2.469e3
1249.3	1.107e4
1249.9	5.600e1
1250.4	1.294e4
1250.9	3.220e2
1251.5	8.567e3
1252.4	1.504e4
1252.9	2.080e2
1253.4	1.102e4
1254.4	7.982e3
1255.3	9.351e3
1256.3	1.003e4
1257.3	1.712e4
1257.9	3.146e3
1258.6	1.188e4
1259.1	3.720e2
1259.6	1.097e4
1260.6	1.345e4
1261.6	8.581e3
1262.6	1.009e4
1263.6	1.143e4
1264.5	7.434e3
1265.2	3.091e3
1265.9	6.178e3
1266.7	1.391e4
1267.5	5.013e3
1268.2	1.401e4
1268.7	5.980e2
1269.2	1.062e4
1269.9	3.448e3
1270.7	1.044e4
1271.6	1.543e4
1272.5	1.013e4
1273.5	1.091e4
1274.5	9.308e3
1275.1	2.816e3
1275.8	1.053e4
1276.5	2.620e3
1277.1	1.210e4
1278.0	8.044e3
1279.0	1.071e4
1279.9	1.019e4
1280.6	4.701e3
1281.4	1.413e4
1282.3	8.399e3
1283.1	1.243e4
1284.1	7.982e3
1284.6	7.350e2
1285.1	8.224e3
1286.1	2.105e4
1287.1	1.543e4
1288.1	8.608e3
1288.7	2.512e3
1289.5	1.336e4
1290.1	2.158e3
1290.7	9.949e3
1291.5	6.313e3
1292.5	1.192e4
1293.4	6.802e3
1294.3	1.156e4
1294.8	6.690e2
1295.4	7.842e3
1296.4	1.121e4
1297.3	1.068e4
1297.9	1.605e3
1298.5	7.157e3
1299.0	2.690e2
1299.6	1.162e4
1300.1	9.600e2
1300.7	1.276e4
1301.4	5.011e3
1302.1	1.104e4
1302.6	6.550e2
1303.2	1.140e4
1303.7	4.530e2
1304.3	9.999e3
1305.2	1.297e4
1306.2	1.085e4
1307.1	1.366e4
1308.0	9.758e3
1309.0	1.214e4
1309.8	5.710e3
1310.6	1.155e4
1311.3	1.733e3
1311.8	1.309e4
1312.4	1.318e3
1313.0	1.297e4
1313.5	4.370e2
1314.0	1.490e4
1314.5	6.960e2
1315.1	1.943e4
1316.0	1.386e4
1317.0	1.067e4
1317.6	2.313e3
1318.3	1.096e4
1319.2	9.566e3
1319.8	5.050e2
1320.3	1.334e4
1321.1	6.105e3
1321.9	1.406e4
1322.9	1.023e4
1323.6	3.222e3
1324.2	8.555e3
1325.2	2.010e4
1326.1	1.196e4
1326.8	3.994e3
1327.4	1.162e4
1328.4	1.014e4
1329.4	1.413e4
1330.2	6.374e3
1331.0	1.426e4
1332.0	1.172e4
1332.8	5.047e3
1333.6	1.273e4
1334.3	3.804e3
1335.1	1.319e4
1335.6	6.120e2
1336.2	1.243e4
1337.1	1.398e4
1338.1	1.014e4
1338.9	5.896e3
1339.7	1.224e4
1340.6	6.104e3
1341.4	1.145e4
1342.3	1.113e4
1343.3	1.072e4
1344.2	1.394e4
1345.2	1.268e4
1346.2	8.691e3
1347.1	1.133e4
1348.0	8.918e3
1348.5	1.100e2
1349.0	1.343e4
1350.0	1.123e4
1351.0	1.209e4
1351.6	2.932e3
1352.3	1.030e4
1353.2	7.717e3
1354.1	2.204e4
1355.0	9.035e3
1355.9	1.326e4
1356.6	3.925e3
1357.3	1.430e4
1357.9	1.262e3
1358.4	1.204e4
1359.3	1.440e4
1360.0	1.260e3
1360.6	1.333e4
1361.4	8.279e3
1362.4	1.144e4
1363.3	7.780e3
1364.1	1.388e4
1365.1	8.911e3
1366.0	1.185e4
1366.6	4.760e2
1367.1	1.172e4
1367.9	5.957e3
1368.7	1.400e4
1369.7	1.130e4
1370.6	1.036e4
1371.6	1.351e4
1372.4	6.105e3
1373.4	1.325e4
1374.3	1.039e4
1375.0	4.857e3
1375.7	1.270e4
1376.7	1.173e4
1377.6	1.178e4
1378.6	1.255e4
1379.6	1.381e4
1380.4	5.250e3
1381.3	1.020e4
1382.2	9.371e3
1383.2	2.164e4
1384.0	7.268e3
1384.8	1.105e4
1385.5	5.101e3
1386.2	1.275e4
1387.2	1.136e4
1388.1	1.600e4
1388.8	7.228e3
1389.7	1.298e4
1390.4	3.644e3
1391.1	1.243e4
1392.0	7.787e3
1393.0	1.494e4
1393.5	1.685e3
1394.1	1.152e4
1395.0	7.863e3
1395.8	1.467e4
1396.8	1.045e4
1397.4	1.734e3
1398.0	1.273e4
1398.9	1.091e4
1399.7	6.528e3
1400.4	1.387e4
1401.0	2.940e2
1401.5	1.080e4
1402.2	3.104e3
1402.9	1.459e4
1403.4	4.800e2
1403.9	1.147e4
1404.9	1.290e4
1405.5	5.280e2
1406.1	1.312e4
1406.9	4.955e3
1407.6	1.109e4
1408.5	1.265e4
1409.1	5.200e2
1409.6	1.261e4
1410.3	4.679e3
1411.0	9.982e3
1412.0	8.495e3
1412.9	1.211e4
1413.6	3.256e3
1414.3	7.312e3
1415.1	1.153e4
1415.8	3.638e3
1416.5	8.433e3
1417.4	1.285e4
1418.5	1.337e4
1419.0	3.208e3
1419.7	1.296e4
1420.6	5.701e3
1421.4	1.040e4
1422.3	1.859e4
1423.3	1.256e4
1423.9	9.460e2
1424.4	1.033e4
1424.9	1.340e2
1425.4	1.381e4
1426.1	2.859e3
1426.7	1.317e4
1427.3	6.430e2
1427.8	1.264e4
1428.5	4.572e3
1429.3	1.238e4
1429.8	5.280e2
1430.4	1.019e4
1431.4	1.333e4
1432.4	1.458e4
1432.9	2.530e2
1433.4	1.067e4
1434.0	6.550e2
1434.5	9.705e3
1435.2	2.801e3
1435.9	1.193e4
1436.7	6.583e3
1437.5	1.469e4
1438.2	5.743e3
1438.9	1.258e4
1439.8	8.854e3
1440.6	5.560e3
1441.5	1.224e4
1442.4	1.205e4
1443.4	1.499e4
1444.4	1.106e4
1444.9	8.450e2
1445.5	1.061e4
1446.2	2.910e3
1447.0	1.363e4
1447.9	9.038e3
1448.7	4.545e3
1449.4	1.151e4
1450.0	1.377e3
1450.6	1.427e4
1451.5	1.151e4
1452.1	4.026e3
1452.8	1.257e4
1453.9	1.061e4
1454.9	1.373e4
1455.5	1.648e3
1456.1	1.170e4
1456.7	3.520e3
1457.4	1.546e4
1458.1	6.825e3
1459.0	1.011e4
1459.9	1.465e4
1460.5	2.021e3
1461.1	1.365e4
1461.9	4.513e3
1462.6	1.169e4
1463.4	5.133e3
1464.2	1.318e4
1464.9	3.614e3
1465.6	9.710e3
1466.3	3.795e3
1466.9	1.389e4
1467.9	1.049e4
1468.8	1.208e4
1469.4	1.438e3
1470.0	1.327e4
1470.8	6.034e3
1471.5	1.452e4
1472.1	1.023e3
1472.7	1.286e4
1473.3	3.516e3
1473.9	1.104e4
1474.6	2.105e3
1475.2	1.683e4
1475.9	3.859e3
1476.6	1.373e4
1477.3	4.281e3
1477.9	1.194e4
1478.8	8.653e3
1479.5	3.026e3
1480.2	1.196e4
1480.7	8.720e2
1481.3	1.041e4
1481.9	2.580e3
1482.6	1.279e4
1483.5	7.709e3
1484.3	1.295e4
1484.9	1.669e3
1485.5	1.410e4
1486.4	5.078e3
1487.1	1.220e4
1487.7	1.348e3
1488.3	1.136e4
1488.8	3.160e2
1489.3	9.249e3
1490.2	1.365e4
1491.0	5.782e3
1491.8	1.220e4
1492.7	7.974e3
1493.5	1.155e4
1494.5	1.383e4
1495.2	2.341e3
1495.9	1.050e4
1496.6	4.299e3
1497.4	1.114e4
1498.2	6.978e3
1499.1	1.227e4
1499.6	2.096e3
1500.2	1.523e4
1500.8	8.690e2
1501.3	1.121e4
1502.3	1.029e4
1503.3	1.049e4
1504.3	1.367e4
1504.9	2.425e3
1505.6	1.470e4
1506.3	6.832e3
1507.1	1.134e4
1508.0	1.237e4
1508.6	4.540e2
1509.1	1.322e4
1509.6	1.175e3
1510.2	1.374e4
1511.0	5.250e3
1511.8	1.173e4
1512.5	3.669e3
1513.1	1.230e4
1513.8	3.341e3
1514.5	1.297e4
1515.3	8.156e3
1516.2	1.290e4
1516.8	5.080e2
1517.3	1.207e4
1518.2	1.080e4
1519.1	1.473e4
1520.1	1.153e4
1521.1	1.476e4
1522.1	1.270e4
1522.7	5.540e2
1523.2	1.080e4
1523.8	1.991e3
1524.5	1.276e4
1525.1	1.867e3
1525.7	1.439e4
1526.7	1.002e4
1527.6	1.254e4
1528.2	2.364e3
1528.9	1.597e4
1529.7	5.865e3
1530.4	1.338e4
1531.3	8.712e3
1531.9	2.599e3
1532.5	1.504e4
1533.3	6.405e3
1534.2	1.192e4
1535.0	8.948e3
1535.9	1.113e4
1536.9	8.282e3
1537.9	7.150e3
1538.5	1.429e3
1539.1	1.524e4
1539.8	4.584e3
1540.6	1.192e4
1541.6	1.106e4
1542.5	1.218e4
1543.1	1.908e3
1543.6	1.359e4
1544.3	2.321e3
1544.9	1.282e4
1545.5	1.045e3
1546.1	1.231e4
1547.0	1.177e4
1548.0	1.114e4
1548.8	8.188e3
1549.6	9.607e3
1550.1	3.600e2
1550.7	1.268e4
1551.2	1.925e3
1551.9	1.105e4
1552.8	1.063e4
1553.5	3.274e3
1554.1	1.129e4
1555.0	1.318e4
1555.9	1.030e4
1556.8	7.057e3
1557.8	1.317e4
1558.6	1.322e4
1559.6	1.441e4
1560.5	8.367e3
1561.3	5.629e3
1562.1	1.181e4
1563.0	9.300e3
1563.6	7.090e2
1564.2	1.122e4
1564.8	1.471e3
1565.5	1.026e4
1566.1	2.022e3
1566.7	1.142e4
1567.7	7.865e3
1568.5	1.185e4
1569.5	1.039e4
1570.0	2.820e2
1570.5	1.333e4
1571.1	7.200e2
1571.7	1.187e4
1572.3	1.634e3
1572.8	1.257e4
1573.7	1.482e4
1574.4	4.171e3
1575.1	1.202e4
1575.8	5.556e3
1576.6	9.944e3
1577.2	1.366e3
1577.8	1.269e4
1578.5	5.922e3
1579.2	1.262e4
1580.1	4.737e3
1580.8	1.424e4
1581.3	2.680e2
1581.9	1.275e4
1582.4	6.790e2
1582.9	1.162e4
1583.9	9.165e3
1584.4	1.534e3
1585.0	9.904e3
1586.0	1.219e4
1587.0	1.149e4
1587.8	8.864e3
1588.4	2.077e3
1589.0	1.387e4
1589.5	8.230e2
1590.0	1.129e4
1591.0	1.394e4
1592.0	1.442e4
1592.7	4.552e3
1593.5	1.315e4
1594.3	8.736e3
1595.2	1.304e4
1596.0	5.587e3
1596.8	1.587e4
1597.8	9.325e3
1598.5	3.711e3
1599.2	1.151e4
1599.9	4.554e3
1600.7	1.709e4
1601.6	9.694e3
1602.1	1.030e2
1602.6	1.000e4
1603.3	2.498e3
1603.9	1.364e4
1604.8	6.535e3
1605.8	1.076e4
1606.5	3.808e3
1607.2	1.163e4
1608.1	1.254e4
1608.7	1.365e3
1609.3	1.416e4
1609.8	3.540e2
1610.3	7.057e3
1610.9	8.230e2
1611.5	1.155e4
1612.3	4.361e3
1613.2	1.004e4
1613.7	1.170e3
1614.3	1.121e4
1615.2	1.163e4
1616.0	6.226e3
1616.9	1.432e4
1617.5	3.279e3
1618.2	9.179e3
1619.2	1.048e4
1619.8	1.375e3
1620.4	1.417e4
1621.3	6.305e3
1622.1	1.007e4
1623.1	1.750e4
1623.7	1.424e3
1624.3	1.306e4
1625.1	7.571e3
1626.0	1.356e4
1626.6	1.941e3
1627.2	1.691e4
1627.9	2.951e3
1628.5	1.300e4
1629.3	6.777e3
1630.2	1.040e4
1630.7	1.110e2
1631.2	1.271e4
1631.9	3.742e3
1632.6	1.157e4
1633.5	1.138e4
1634.5	1.091e4
1635.2	3.996e3
1635.9	1.271e4
1636.8	1.029e4
1637.4	3.869e3
1638.1	1.114e4
1638.6	5.510e2
1639.2	1.167e4
1639.7	2.952e3
1640.4	1.267e4
1641.2	5.887e3
1642.0	1.287e4
1642.9	8.902e3
1643.8	1.138e4
1644.3	1.040e2
1644.8	1.159e4
1645.7	1.597e4
1646.4	3.050e3
1647.1	1.127e4
1648.1	1.462e4
1648.8	5.538e3
1649.6	1.327e4
1650.2	2.295e3
1650.9	8.369e3
1651.7	1.072e4
1652.4	3.615e3
1653.1	1.223e4
1653.6	1.198e3
1654.2	1.188e4
1655.2	1.286e4
1655.7	9.190e2
1656.3	1.634e4
1656.8	3.060e2
1657.3	1.086e4
1658.1	6.128e3
1658.8	1.227e4
1659.6	6.022e3
1660.3	1.152e4
1660.9	9.680e2
1661.4	8.439e3
1662.4	8.661e3
1663.0	8.850e2
1663.5	1.006e4
1664.3	4.375e3
1664.9	9.711e3
1665.8	1.209e4
1666.8	1.214e4
1667.8	8.553e3
1668.7	9.173e3
1669.6	1.084e4
1670.2	3.380e3
1670.9	1.268e4
1671.8	8.711e3
1672.8	1.361e4
1673.7	8.941e3
1674.7	9.229e3
1675.3	1.523e3
1675.8	9.345e3
1676.7	9.909e3
1677.6	1.303e4
1678.5	1.186e4
1679.5	9.637e3
1680.3	5.478e3
1681.1	1.034e4
1682.0	8.899e3
1682.6	4.720e2
1683.1	1.342e4
1683.8	3.996e3
1684.5	1.085e4
1685.2	3.999e3
1686.0	1.120e4
1686.8	6.657e3
1687.7	1.054e4
1688.3	4.110e2
1688.8	1.175e4
1689.4	4.130e2
1689.9	1.127e4
1690.9	8.280e3
1691.8	1.275e4
1692.3	3.280e2
1692.8	1.223e4
1693.4	1.111e3
1694.0	1.197e4
1694.9	6.728e3
1695.8	1.199e4
1696.8	9.431e3
1697.6	1.193e4
1698.2	4.760e2
1698.7	9.445e3
1699.6	1.104e4
1700.2	1.812e3
1700.9	1.170e4
1701.5	2.703e3
1702.1	1.087e4
1703.0	8.856e3
1704.0	1.176e4
1704.6	3.449e3
1705.3	1.254e4
1705.9	1.689e3
1706.5	9.881e3
1707.4	1.060e4
1708.3	8.957e3
1709.2	1.050e4
1710.2	1.504e4
1710.7	6.130e2
1711.3	1.239e4
1712.0	7.694e3
1712.9	9.239e3
1713.9	1.000e4
1714.9	8.191e3
1715.9	8.077e3
1716.5	2.293e3
1717.2	1.196e4
1718.2	1.101e4
1719.2	9.925e3
1719.9	5.699e3
1720.8	1.061e4
1721.6	4.467e3
1722.5	1.030e4
1723.5	1.240e4
1724.0	3.680e2
1724.6	7.933e3
1725.3	2.533e3
1726.0	8.404e3
1726.7	3.490e3
1727.4	1.087e4
1728.3	6.794e3
1729.1	1.249e4
1729.8	3.354e3
1730.5	1.051e4
1731.5	1.244e4
1732.4	7.786e3
1733.3	1.398e4
1734.0	1.841e3
1734.6	8.959e3
1735.5	8.685e3
1736.4	9.070e3
1737.4	1.101e4
1738.0	1.564e3
1738.6	8.426e3
1739.7	9.281e3
1740.6	1.209e4
1741.3	2.792e3
1742.0	1.297e4
1742.5	1.068e3
1743.1	1.051e4
1743.7	1.816e3
1744.4	1.200e4
1745.3	1.047e4
1746.1	7.152e3
1747.0	1.129e4
1748.0	9.275e3
1748.6	2.272e3
1749.3	1.109e4
1750.0	2.920e3
1750.6	7.658e3
1751.3	1.207e3
1751.8	1.097e4
1752.4	5.000e2
1752.9	9.019e3
1753.5	4.240e2
1754.0	1.252e4
1754.6	2.010e2
1755.1	1.117e4
1756.0	6.458e3
1756.9	9.570e3
1757.8	1.150e4
1758.4	1.900e3
1759.1	1.086e4
1759.6	8.600e1
1760.1	1.413e4
1760.7	9.980e2
1761.3	1.203e4
1761.8	1.880e2
1762.3	9.486e3
1763.3	1.009e4
1764.2	1.285e4
1765.0	5.219e3
1765.8	8.751e3
1766.4	1.862e3
1767.0	1.086e4
1767.8	4.352e3
1768.5	9.908e3
1769.5	7.138e3
1770.4	9.842e3
1771.2	3.529e3
1771.9	9.448e3
1772.4	2.750e2
1773.0	8.583e3
1773.9	1.266e4
1774.6	3.711e3
1775.2	1.180e4
1775.8	7.820e2
1776.3	1.029e4
1777.0	3.017e3
1777.7	8.174e3
1778.6	1.284e4
1779.6	8.591e3
1780.2	1.198e3
1780.8	1.332e4
1781.7	8.223e3
1782.4	7.380e2
1782.9	9.913e3
1783.7	5.536e3
1784.5	1.177e4
1785.1	5.230e2
1785.6	1.066e4
1786.5	6.361e3
1787.3	1.105e4
1788.0	4.552e3
1788.7	1.097e4
1789.4	2.525e3
1790.2	1.039e4
1790.7	3.770e2
1791.2	1.094e4
1792.2	1.323e4
1793.0	2.424e3
1793.6	7.819e3
1794.6	8.917e3
1795.1	8.020e2
1795.6	1.032e4
1796.2	1.487e3
1796.8	1.090e4
1797.4	9.500e2
1798.0	8.554e3
1799.0	7.498e3
1799.8	4.131e3
1800.5	9.473e3
1801.3	4.036e3
1802.0	8.733e3
1802.5	1.380e2
1803.1	9.232e3
1803.9	7.759e3
1804.7	9.924e3
1805.7	9.911e3
1806.7	6.694e3
1807.3	1.181e3
1807.8	8.488e3
1808.5	2.190e3
1809.3	8.748e3
1810.2	7.010e3
1811.0	8.453e3
1811.7	3.665e3
1812.4	1.065e4
1812.9	2.260e2
1813.4	9.317e3
1814.4	1.122e4
1815.2	4.925e3
1816.1	1.082e4
1817.1	8.261e3
1817.6	2.800e2
1818.1	8.012e3
1819.0	5.063e3
1819.7	9.384e3
1820.5	5.238e3
1821.4	8.944e3
1822.4	8.028e3
1823.3	6.665e3
1824.1	7.928e3
1824.7	2.970e2
1825.3	9.877e3
1826.1	2.577e3
1826.8	8.983e3
1827.8	6.488e3
1828.6	3.878e3
1829.5	9.609e3
1830.4	7.790e3
1831.1	3.915e3
1831.8	1.204e4
1832.5	4.364e3
1833.3	1.089e4
1833.8	7.800e1
1834.3	1.035e4
1834.8	5.930e2
1835.4	1.093e4
1835.9	1.900e1
1836.4	7.932e3
1837.0	4.830e2
1837.5	6.335e3
1838.1	4.510e2
1838.6	1.002e4
1839.5	4.512e3
1840.4	8.207e3
1841.4	1.013e4
1842.4	7.966e3
1843.2	5.036e3
1844.0	7.617e3
1845.0	6.872e3
1845.9	9.513e3
1846.6	2.079e3
1847.3	7.894e3
1847.9	1.578e3
1848.5	9.505e3
1849.0	8.610e2
1849.6	8.082e3
1850.4	3.032e3
1851.1	6.981e3
1852.0	9.006e3
1852.7	1.147e3
1853.3	8.986e3
1854.1	4.234e3
1854.8	9.383e3
1855.4	1.436e3
1856.0	1.093e4
1856.7	2.649e3
1857.3	7.484e3
1857.9	1.157e3
1858.5	6.573e3
1859.2	1.126e3
1859.8	9.592e3
1860.4	6.340e2
1861.0	8.117e3
1861.9	9.587e3
1862.9	6.772e3
1863.7	8.866e3
1864.5	5.147e3
1865.4	8.927e3
1866.4	6.005e3
1867.3	5.216e3
1868.3	9.968e3
1868.8	3.840e2
1869.3	8.961e3
1870.2	5.228e3
1871.1	6.831e3
1871.7	1.417e3
1872.3	8.855e3
1872.9	9.400e2
1873.4	9.821e3
1874.4	8.516e3
1874.9	5.670e2
1875.5	8.602e3
1876.0	1.292e3
1876.6	7.568e3
1877.6	7.226e3
1878.1	3.780e2
1878.7	7.013e3
1879.7	1.185e4
1880.7	5.563e3
1881.2	1.432e3
1881.8	9.619e3
1882.5	3.275e3
1883.2	7.714e3
1884.1	1.004e4
1884.7	1.773e3
1885.3	6.122e3
1886.1	2.940e3
1886.8	8.696e3
1887.6	3.058e3
1888.5	1.151e4
1889.1	7.400e2
1889.6	1.138e4
1890.2	1.167e3
1890.8	5.472e3
1891.6	8.714e3
1892.6	8.673e3
1893.6	7.166e3
1894.2	1.513e3
1894.8	6.893e3
1895.6	8.097e3
1896.5	5.885e3
1897.0	3.510e2
1897.5	7.707e3
1898.1	3.100e2
1898.6	7.820e3
1899.1	1.400e2
1899.6	9.212e3
1900.5	4.805e3
1901.2	9.497e3
1901.8	1.719e3
1902.5	5.453e3
1903.4	7.500e3
1904.3	7.243e3
1905.3	5.942e3
1905.9	8.130e2
1906.5	7.116e3
1907.5	5.265e3
1908.5	8.248e3
1909.2	2.313e3
1909.9	6.793e3
1910.5	2.570e2
1911.1	8.476e3
1912.0	4.127e3
1912.6	1.352e3
1913.2	8.032e3
1913.9	2.289e3
1914.6	7.628e3
1915.5	5.949e3
1916.5	7.474e3
1917.2	1.736e3
1917.8	7.769e3
1918.5	1.659e3
1919.2	9.646e3
1920.0	4.439e3
1920.8	6.532e3
1921.3	5.100e1
1921.9	8.596e3
1922.6	2.385e3
1923.3	7.271e3
1923.8	5.800e1
1924.3	6.645e3
1925.3	5.919e3
1926.3	7.744e3
1927.3	9.212e3
1928.0	3.465e3
1928.8	7.541e3
1929.3	5.300e1
1929.8	4.496e3
1930.8	5.768e3
1931.7	1.011e4
1932.3	1.186e3
1932.9	9.955e3
1933.4	3.890e2
1933.9	4.587e3
1934.9	7.750e3
1935.4	5.050e2
1936.0	9.007e3
1937.0	7.846e3
1937.7	3.742e3
1938.5	6.845e3
1939.4	5.672e3
1940.0	1.480e3
1940.6	8.687e3
1941.1	6.500e1
1941.7	6.105e3
1942.6	7.797e3
1943.4	4.282e3
1944.2	6.954e3
1944.7	1.870e2
1945.2	6.624e3
1945.8	1.144e3
1946.5	6.721e3
1947.3	5.010e3
1948.2	6.466e3
1948.9	3.860e3
1949.7	7.007e3
1950.6	3.227e3
1951.4	8.338e3
1952.0	9.960e2
1952.6	6.906e3
1953.3	1.458e3
1954.0	7.693e3
1954.8	3.139e3
1955.6	7.925e3
1956.1	9.920e2
1956.7	8.365e3
1957.3	1.422e3
1958.0	8.214e3
1958.9	6.422e3
1959.9	7.360e3
1960.4	1.820e2
1961.0	4.502e3
1961.8	9.222e3
1962.8	8.178e3
1963.8	6.369e3
1964.7	6.687e3
1965.4	9.450e2
1966.0	9.035e3
1966.9	4.047e3
1967.9	7.476e3
1968.4	1.880e2
1969.0	8.003e3
1969.6	2.244e3
1970.2	9.936e3
1971.1	5.160e3
1971.7	5.600e1
1972.2	7.921e3
1973.1	4.470e3
1974.0	7.640e3
1974.7	2.186e3
1975.5	8.157e3
1976.4	7.583e3
1977.4	7.066e3
1977.9	4.870e2
1978.6	7.004e3
1979.3	3.371e3
1980.1	7.510e3
1981.0	5.607e3
1982.0	6.645e3
1982.6	1.946e3
1983.3	7.909e3
1984.3	4.530e3
1984.9	2.077e3
1985.5	4.200e3
1986.3	9.113e3
1987.1	4.075e3
1988.0	8.003e3
1988.9	7.872e3
1989.8	2.511e3
1990.5	6.982e3
1991.5	6.748e3
1992.4	6.674e3
1992.9	7.100e1
1993.4	8.613e3
1994.3	4.727e3
1994.8	1.520e2
1995.4	6.640e3
1996.2	2.236e3
1997.0	5.378e3
1998.0	6.821e3
1998.8	3.338e3
1999.5	5.726e3
