100.4	8.260e2
101.1	1.063e5
102.1	1.742e4
103.1	1.127e4
103.6	4.000e0
104.1	5.310e2
105.1	1.442e3
106.1	2.583e3
106.7	6.000e0
107.3	3.550e2
108.2	1.369e4
109.2	1.451e3
110.2	1.309e3
111.2	1.609e4
111.8	2.520e2
112.4	2.898e3
113.1	3.595e5
114.1	7.518e3
115.1	5.949e3
115.6	6.600e1
116.1	3.394e3
117.1	7.139e4
117.6	2.340e2
118.1	1.142e4
119.1	3.646e3
120.1	1.354e3
121.2	3.674e3
122.1	8.610e2
122.7	3.000e0
123.2	7.060e2
124.1	1.120e3
124.7	3.500e1
125.2	2.529e3
126.1	1.311e3
127.1	8.650e2
128.2	9.740e2
129.2	1.155e3
130.1	1.512e4
131.1	2.219e3
131.6	1.000e0
132.2	1.464e3
133.1	4.267e3
133.6	2.800e1
134.2	6.950e2
135.1	8.495e3
135.6	9.000e0
136.1	2.005e3
137.1	3.140e3
137.6	1.000e1
138.2	9.590e2
139.1	3.120e2
140.0	1.319e3
140.5	2.000e1
141.1	2.175e3
142.1	4.400e2
143.1	6.696e3
143.8	2.130e2
144.4	2.161e3
145.1	1.396e5
145.6	2.210e2
146.1	2.064e4
147.1	1.457e4
147.7	1.030e2
148.2	2.640e3
149.2	1.934e3
149.8	1.000e1
150.3	9.310e2
151.2	1.351e3
152.2	5.317e3
153.2	2.520e3
154.2	3.080e2
155.1	1.323e3
156.1	2.170e3
156.8	1.600e1
157.3	1.300e3
158.2	4.115e3
158.7	4.000e0
159.3	1.547e3
160.1	9.010e2
161.1	1.112e3
162.2	8.060e2
163.2	8.740e2
163.7	3.000e0
164.2	2.442e3
165.1	1.625e3
166.2	1.001e3
167.2	4.050e2
168.2	2.720e2
168.7	1.600e1
169.2	2.047e3
170.1	4.230e2
171.2	9.330e2
172.2	5.260e2
172.7	2.000e0
173.3	5.900e2
174.1	1.267e4
174.6	3.300e1
175.2	1.219e4
176.2	5.183e3
177.2	9.780e2
178.2	5.000e2
179.1	3.266e3
179.6	2.900e1
180.1	1.971e3
180.6	7.800e1
181.2	2.913e4
182.1	2.254e3
183.1	1.660e3
184.1	7.185e3
185.1	6.330e3
185.7	2.800e1
186.2	1.344e3
186.7	2.000e0
187.2	1.185e3
188.1	1.005e3
188.6	2.000e0
189.2	8.900e2
190.1	1.095e3
190.6	3.500e1
191.2	9.712e3
192.1	2.063e3
193.1	4.386e3
193.7	3.000e0
194.2	1.411e3
195.2	2.548e3
196.1	1.497e3
196.6	2.000e0
197.2	8.950e2
198.1	3.804e3
199.1	9.190e2
200.1	1.537e3
201.1	1.839e3
202.0	1.003e3
203.2	5.120e2
204.1	1.096e3
204.7	2.100e1
205.4	6.361e3
206.1	3.084e3
207.2	1.501e3
208.1	3.247e4
209.1	2.626e3
210.1	4.600e3
210.7	7.300e1
211.2	5.716e3
211.8	1.070e2
212.3	9.162e3
213.2	5.833e3
214.1	1.794e3
214.6	2.000e0
215.2	1.215e3
216.0	1.680e3
217.1	1.467e3
218.1	1.125e3
218.6	3.000e0
219.1	3.046e3
219.7	1.330e2
220.2	5.593e3
221.1	2.977e3
222.2	1.000e3
223.2	1.369e3
224.1	1.104e3
225.1	2.503e3
226.1	2.935e3
227.1	2.023e3
228.1	1.520e3
229.1	8.090e2
230.1	2.705e3
230.6	2.000e0
231.1	1.199e3
232.1	3.011e3
232.7	1.800e1
233.2	1.986e3
234.1	3.049e3
234.7	4.700e1
235.3	7.270e2
236.1	3.165e4
237.1	2.626e3
238.2	1.890e3
238.7	1.000e0
239.2	3.055e3
240.1	8.404e3
240.6	4.100e1
241.2	2.461e3
241.7	3.000e0
242.2	2.724e3
243.2	5.480e3
243.7	1.000e1
244.2	5.537e3
245.1	7.530e2
245.7	3.000e0
246.3	4.500e2
247.2	1.951e3
248.2	2.154e3
249.2	7.007e4
250.1	4.060e3
250.7	4.100e1
251.2	1.210e3
252.1	1.387e3
253.1	2.123e3
253.6	2.900e1
254.2	4.770e2
254.7	3.800e1
255.3	1.037e3
256.2	5.780e2
257.2	1.779e3
258.1	1.592e3
258.7	3.000e0
259.2	2.930e3
260.2	1.691e3
260.7	2.000e0
261.3	2.540e3
262.1	4.247e3
263.1	1.649e3
263.7	3.500e1
264.2	6.310e2
265.2	1.196e3
266.2	1.783e3
266.7	1.000e0
267.3	8.890e2
268.3	3.740e2
269.2	1.586e3
269.8	5.000e0
270.4	3.430e2
271.2	7.870e2
272.2	7.630e2
273.2	5.790e2
274.1	3.320e2
274.7	1.400e1
275.2	1.720e3
276.1	1.776e3
276.7	3.300e1
277.3	5.330e2
278.2	7.660e2
279.2	2.042e3
280.1	5.820e2
280.6	1.000e0
281.1	1.790e3
282.1	1.161e3
283.1	5.750e2
283.6	2.000e0
284.2	6.750e2
285.2	8.850e2
286.2	3.669e3
287.2	1.561e3
287.7	2.000e0
288.2	1.178e4
289.2	2.823e3
290.1	1.298e3
291.2	1.292e3
292.2	1.630e3
293.2	9.640e2
294.1	4.890e2
295.1	1.064e3
296.1	6.340e2
296.7	8.000e0
297.2	6.760e2
298.2	1.300e3
298.7	3.000e0
299.3	7.010e2
300.2	1.366e3
301.2	1.326e3
302.2	6.810e2
303.1	4.360e2
304.1	1.785e3
305.1	2.686e3
306.1	1.005e3
306.7	5.000e1
307.2	3.575e3
308.1	4.146e3
308.6	3.900e1
309.1	2.211e3
310.1	3.279e3
310.7	1.200e2
311.2	4.548e3
312.2	4.215e3
313.1	9.249e3
314.0	2.782e3
314.6	1.900e1
315.1	1.955e3
315.8	1.230e2
316.5	1.060e3
317.2	7.930e4
317.7	5.000e1
318.2	4.247e3
319.2	3.215e3
320.2	1.866e3
321.1	3.526e3
322.1	9.710e2
323.1	1.486e3
323.6	3.700e1
324.2	1.027e3
325.2	2.467e3
326.1	1.277e3
326.6	2.300e1
327.2	4.469e3
328.2	7.630e2
329.1	3.972e3
330.1	3.101e3
330.7	1.000e1
331.2	2.268e3
332.1	6.470e2
333.2	1.692e3
334.2	5.279e3
335.2	1.591e3
336.1	2.342e3
337.1	1.662e3
338.1	1.045e3
338.8	7.600e1
339.3	1.179e3
340.2	1.774e3
340.7	8.700e1
341.3	2.069e3
342.1	1.224e3
343.1	4.559e3
343.6	7.100e1
344.2	1.575e3
345.1	1.110e3
345.6	3.000e1
346.2	1.806e3
347.1	1.008e3
347.6	1.800e1
348.1	7.970e2
349.1	3.584e3
349.7	9.000e0
350.2	1.447e3
351.1	1.841e3
352.2	8.410e2
353.1	5.951e3
354.1	2.232e3
354.7	1.280e2
355.3	2.173e3
356.2	2.043e4
357.1	4.213e3
358.1	1.672e3
359.1	1.578e3
359.6	2.000e0
360.2	2.088e3
360.7	1.120e2
361.3	1.274e3
362.1	7.000e2
363.1	1.403e3
364.2	1.157e3
365.2	9.030e2
366.2	3.523e3
366.7	7.600e1
367.2	1.214e3
367.7	3.000e0
368.2	8.440e2
369.2	1.200e3
370.2	1.557e3
371.0	5.340e2
371.6	6.000e1
372.1	3.467e3
372.6	4.400e1
373.2	2.414e3
374.1	1.119e3
375.1	2.912e3
376.1	3.179e3
376.7	2.980e2
377.4	4.080e3
378.2	1.525e3
379.1	5.412e3
380.1	3.187e3
380.6	1.710e2
381.2	1.287e3
382.1	1.962e3
382.9	1.580e2
383.5	9.160e2
384.3	1.335e3
385.2	6.176e4
386.2	6.093e3
387.2	3.042e3
388.1	1.413e3
389.1	2.351e3
390.0	9.060e2
390.6	3.000e0
391.1	1.418e3
392.0	1.111e3
392.6	4.000e1
393.2	2.047e3
394.1	1.645e3
394.6	5.700e1
395.2	4.637e3
396.2	1.290e3
397.1	5.115e3
398.1	1.905e3
399.1	2.982e3
399.7	6.800e1
400.2	9.820e2
401.1	1.372e3
401.7	2.000e0
402.2	4.199e3
402.7	4.800e1
403.2	9.360e2
404.1	1.062e3
405.1	1.152e3
405.6	1.110e2
406.2	6.280e2
406.7	3.300e1
407.2	9.690e2
408.1	1.166e3
408.7	1.280e2
409.3	2.237e3
410.2	9.700e2
411.1	3.583e3
411.6	3.800e1
412.2	1.449e3
413.1	1.628e3
413.6	3.000e0
414.1	1.423e3
415.1	1.969e3
416.2	1.124e3
416.9	6.638e3
417.5	3.130e2
418.1	1.779e3
418.7	3.000e0
419.2	1.331e3
420.2	7.980e2
421.2	3.430e3
421.7	3.700e1
422.3	1.637e3
422.8	3.340e2
423.4	3.562e3
424.2	1.837e4
425.1	3.361e3
426.1	1.615e3
426.6	1.880e2
427.2	1.168e3
428.1	1.311e3
428.8	2.060e2
429.4	2.106e3
430.1	7.040e2
430.9	1.897e3
431.9	9.530e2
432.9	5.480e2
433.5	1.340e2
434.1	2.336e3
434.7	6.600e1
435.4	9.520e2
436.2	7.550e2
437.2	1.694e3
438.2	2.000e3
438.7	1.000e0
439.2	8.230e2
440.1	2.099e3
440.7	2.500e1
441.2	2.566e3
442.1	1.056e3
442.6	4.500e1
443.2	3.520e3
444.1	1.930e3
445.1	1.827e3
445.6	4.000e1
446.2	1.675e3
447.2	2.747e3
448.1	2.164e3
449.1	1.201e3
449.8	1.290e2
450.3	1.377e3
451.3	3.628e3
452.3	1.398e3
453.2	5.780e4
454.1	5.739e3
454.7	2.550e2
455.3	2.761e3
456.2	2.085e3
457.0	8.300e2
457.7	2.475e3
458.5	3.710e2
459.2	9.820e2
460.0	1.584e3
461.1	1.314e3
462.1	1.222e3
462.6	3.800e1
463.2	4.096e3
464.1	1.792e3
464.7	1.000e0
465.2	3.162e3
466.2	1.571e3
467.1	1.568e3
468.0	1.089e3
468.6	8.500e1
469.2	2.206e3
469.7	2.000e1
470.2	4.354e3
471.1	1.450e3
472.1	9.550e2
473.0	1.415e3
474.0	1.343e3
474.6	1.240e2
475.2	1.228e3
476.1	1.689e3
476.6	1.000e0
477.2	1.828e3
478.2	1.100e3
479.1	4.251e3
480.1	1.789e3
481.1	1.232e3
481.7	1.670e2
482.3	1.942e3
483.2	1.650e3
484.1	1.258e3
485.1	3.662e3
486.1	1.561e3
486.6	7.500e1
487.2	1.202e3
487.7	6.000e0
488.2	6.260e2
489.1	2.515e3
489.7	7.700e1
490.2	9.040e2
491.2	1.518e3
492.2	1.933e4
493.2	3.608e3
494.1	1.679e3
495.1	2.062e3
496.1	1.274e3
497.0	1.178e3
498.0	1.054e3
498.6	1.000e0
499.1	1.905e3
499.6	2.300e1
500.1	1.069e3
500.6	2.400e1
501.2	1.325e3
502.1	2.360e3
503.1	1.559e3
504.0	9.480e2
504.9	1.181e3
505.6	2.258e3
506.5	8.600e2
507.2	5.390e2
508.0	2.202e3
508.6	6.300e1
509.1	2.274e3
510.0	7.740e2
510.6	5.900e1
511.2	3.629e3
512.2	1.805e3
513.1	2.197e3
513.7	3.000e0
514.2	1.274e3
515.1	3.425e3
515.7	1.780e2
516.3	2.046e3
516.8	9.500e1
517.3	1.802e3
518.2	9.540e2
519.2	1.521e3
520.2	1.317e3
520.7	3.200e1
521.2	5.844e4
522.1	6.824e3
523.2	2.880e3
524.2	2.056e3
525.1	2.037e3
526.1	1.435e3
527.1	1.740e3
528.1	1.487e3
529.1	1.132e3
529.7	6.000e1
530.2	1.232e3
531.2	4.621e3
532.1	1.651e3
532.6	1.800e1
533.2	2.586e3
534.2	1.596e3
535.1	2.137e3
535.6	2.100e1
536.1	1.210e3
537.2	2.936e3
538.2	4.572e3
538.7	2.600e1
539.2	1.406e3
540.1	8.750e2
540.9	1.517e3
541.5	1.620e2
542.1	9.100e2
542.9	5.320e2
543.7	1.636e3
544.4	6.050e2
545.2	1.131e3
546.1	1.035e3
546.7	1.100e1
547.2	3.334e3
548.2	1.108e3
548.7	3.000e1
549.2	8.390e2
549.8	9.100e1
550.3	2.275e3
551.2	2.184e3
552.0	1.011e3
552.5	1.400e1
553.1	3.582e3
553.7	3.380e2
554.3	2.118e3
555.2	9.040e2
555.7	5.800e1
556.2	8.370e2
557.2	1.991e3
557.7	2.400e1
558.2	7.610e2
559.1	1.482e3
559.7	5.000e1
560.2	1.871e4
561.1	3.807e3
562.0	1.174e3
562.6	2.270e2
563.2	2.764e3
564.2	1.442e3
565.2	1.452e3
566.2	8.630e2
567.1	1.355e3
568.1	1.005e3
569.1	1.286e3
569.6	5.900e1
570.2	1.968e3
571.1	7.310e2
572.0	1.238e3
573.0	2.533e3
574.0	1.270e3
574.9	1.786e3
575.5	2.080e2
576.1	1.796e3
577.1	2.301e3
577.7	6.900e1
578.2	1.363e3
579.1	3.516e3
580.1	1.024e3
581.1	2.429e3
582.1	1.095e3
582.6	6.400e1
583.1	2.906e3
583.7	6.500e1
584.3	1.798e3
585.2	8.550e2
586.1	1.494e3
586.6	4.200e1
587.2	1.530e3
587.7	1.780e2
588.3	1.018e3
589.2	4.609e4
590.2	5.909e3
590.7	5.100e1
591.2	3.698e3
592.2	2.414e3
592.7	6.000e0
593.2	2.411e3
594.1	8.390e2
595.0	1.804e3
595.6	1.740e2
596.2	1.396e3
596.7	9.600e1
597.3	1.112e3
598.2	8.900e2
598.7	1.020e2
599.2	4.082e3
600.1	1.330e3
600.6	1.000e0
601.1	2.338e3
602.1	1.260e3
602.9	1.675e3
603.8	1.832e3
604.5	3.360e2
605.2	2.017e3
606.2	4.800e3
607.1	2.224e3
607.6	2.200e1
608.2	1.513e3
608.9	1.690e2
609.4	1.589e3
610.2	5.890e2
611.1	1.756e3
612.1	1.585e3
613.1	1.692e3
614.1	1.517e3
615.1	3.179e3
615.6	8.500e1
616.2	1.839e3
616.7	4.700e1
617.3	1.749e3
618.2	1.643e3
619.0	2.032e3
619.6	1.440e2
620.2	1.124e3
620.7	2.400e1
621.2	2.835e3
622.2	1.611e3
623.1	1.646e3
624.1	9.530e2
624.9	2.676e3
625.5	1.880e2
626.0	2.066e3
626.7	2.150e2
627.3	1.741e3
628.2	1.345e4
629.2	3.170e3
630.2	1.223e3
631.1	2.830e3
631.6	4.500e1
632.1	1.787e3
633.1	1.382e3
634.1	1.005e3
635.1	1.613e3
635.9	9.850e2
636.7	5.910e2
637.6	1.532e3
638.5	1.312e3
639.1	3.580e2
639.7	1.297e3
640.5	4.080e2
641.3	1.486e3
642.2	8.220e2
643.2	1.410e3
644.2	1.595e3
644.7	3.900e1
645.2	1.715e3
646.1	9.110e2
646.6	3.700e1
647.2	3.184e3
648.1	1.442e3
648.7	2.870e2
649.4	2.710e3
650.2	1.135e3
651.0	2.365e3
652.0	1.145e3
653.0	1.526e3
653.7	4.390e2
654.4	1.632e3
655.3	1.108e3
656.2	1.466e3
657.2	2.858e4
658.2	4.333e3
658.7	9.500e1
659.2	2.675e3
660.1	1.560e3
660.8	3.470e2
661.4	2.385e3
662.2	1.035e3
663.0	1.850e3
663.9	1.647e3
664.5	1.010e2
665.0	1.882e3
665.9	1.648e3
666.6	5.510e2
667.3	3.983e3
668.1	8.940e2
669.0	1.976e3
669.6	8.800e1
670.1	3.001e3
671.1	2.289e3
672.1	1.158e3
672.6	7.000e0
673.1	1.985e3
674.1	2.837e3
675.0	1.557e3
675.6	1.620e2
676.1	1.610e3
676.8	5.020e2
677.5	2.181e3
678.3	7.050e2
679.1	1.592e3
679.9	8.870e2
680.7	1.539e3
681.6	1.224e3
682.3	6.460e2
683.2	3.462e3
684.0	1.402e3
684.8	2.101e3
685.5	7.650e2
686.2	1.869e3
686.7	1.000e0
687.3	1.676e3
688.2	2.525e3
689.1	2.730e3
690.0	1.780e3
690.6	5.600e1
691.2	1.923e3
692.1	1.222e3
692.9	2.148e3
693.8	1.398e3
694.5	4.150e2
695.2	1.688e3
695.7	7.900e1
696.2	9.666e3
697.2	2.450e3
697.8	1.740e2
698.4	1.662e3
699.3	2.282e3
700.2	1.643e3
701.1	1.000e3
701.9	6.850e2
702.7	1.580e3
703.4	2.480e2
704.1	1.016e3
704.9	1.735e3
706.0	2.225e3
706.5	2.640e2
707.3	1.843e3
708.0	2.600e2
708.6	2.123e3
709.5	2.249e3
710.4	9.140e2
711.2	1.680e3
712.1	2.027e3
712.7	2.660e2
713.3	2.147e3
714.2	1.263e3
715.2	3.724e3
716.3	1.973e3
717.3	2.073e3
718.3	1.690e3
718.9	3.580e2
719.5	2.578e3
720.2	4.550e2
720.9	1.955e3
721.7	8.100e2
722.3	1.683e3
723.2	1.298e3
724.2	1.401e3
724.7	7.800e1
725.2	2.197e4
726.2	4.832e3
726.8	5.920e2
727.5	3.385e3
728.5	2.344e3
729.1	2.020e2
729.7	2.581e3
730.3	3.380e2
730.9	1.736e3
731.4	3.500e1
732.0	1.640e3
732.6	2.610e2
733.2	2.072e3
733.7	2.500e1
734.3	1.816e3
735.2	2.952e3
736.1	1.418e3
737.0	2.761e3
738.0	2.032e3
738.5	1.230e2
739.1	2.461e3
739.7	2.780e2
740.3	2.097e3
741.2	3.142e3
742.1	3.614e3
742.8	3.870e2
743.4	2.376e3
744.1	2.800e2
744.7	3.446e3
745.4	7.610e2
746.1	1.563e3
747.0	1.674e3
748.0	1.963e3
748.6	1.140e2
749.1	1.360e3
749.9	2.055e3
750.5	2.900e2
751.1	2.792e3
752.1	2.947e3
753.0	2.328e3
754.0	2.259e3
754.5	7.200e1
755.1	2.359e3
756.0	1.386e3
756.9	1.881e3
757.8	1.832e3
758.5	2.030e2
759.2	5.008e3
760.0	2.117e3
760.9	1.712e3
761.7	2.043e3
762.4	2.500e2
763.0	2.135e3
763.6	9.400e1
764.2	9.204e3
765.1	2.971e3
766.0	1.884e3
766.7	1.001e3
767.4	3.557e3
768.1	6.100e2
768.7	2.129e3
769.4	3.850e2
770.0	9.380e2
770.8	1.907e3
771.6	5.960e2
772.3	2.398e3
773.3	1.620e3
774.3	2.698e3
775.2	1.652e3
775.9	7.090e2
776.8	2.534e3
777.3	1.920e2
778.0	1.507e3
778.8	4.707e3
779.5	4.830e2
780.1	2.495e3
780.7	3.800e1
781.2	2.118e3
782.2	1.499e3
782.7	4.700e1
783.3	3.570e3
784.3	1.927e3
785.2	2.602e3
785.8	9.900e1
786.3	2.648e3
787.3	3.113e3
788.2	1.705e3
789.1	1.809e3
789.8	4.170e2
790.4	1.991e3
791.2	1.364e3
792.1	2.135e3
792.7	5.700e1
793.2	1.675e4
794.1	4.378e3
794.6	6.500e1
795.2	2.326e3
795.8	3.000e1
796.3	2.468e3
797.3	2.187e3
797.9	3.000e2
798.4	3.185e3
799.3	1.926e3
800.2	2.459e3
800.8	2.140e2
801.3	2.594e3
802.3	2.811e3
803.3	2.984e3
803.8	3.200e1
804.3	1.696e3
805.2	2.700e3
806.2	1.694e3
807.1	2.570e3
808.1	3.193e3
808.7	2.900e2
809.3	2.383e3
810.2	2.924e3
811.2	2.429e3
812.0	1.174e3
812.8	4.198e3
813.3	1.380e2
813.9	2.168e3
815.0	2.199e3
815.9	3.072e3
816.4	1.160e2
817.0	2.513e3
817.9	3.379e3
818.5	1.700e2
819.0	3.836e3
820.0	2.811e3
820.5	1.380e2
821.0	2.606e3
821.6	8.900e1
822.1	3.229e3
823.0	1.788e3
823.6	1.690e2
824.2	1.763e3
824.7	2.500e1
825.2	1.949e3
826.1	2.973e3
826.7	1.900e1
827.2	5.516e3
828.1	2.477e3
829.1	2.424e3
829.8	2.860e2
830.3	1.538e3
831.2	2.630e3
831.7	1.440e2
832.2	7.242e3
833.2	2.624e3
833.7	1.470e2
834.3	2.409e3
834.9	3.000e0
835.4	2.972e3
836.1	1.072e3
836.9	1.978e3
837.8	1.874e3
838.7	1.293e3
839.6	1.989e3
840.4	1.009e3
841.1	2.719e3
841.6	1.380e2
842.2	3.435e3
842.9	7.010e2
843.6	1.658e3
844.4	5.970e2
845.1	2.156e3
846.0	1.064e3
846.8	5.000e3
847.9	3.077e3
848.4	1.900e1
848.9	1.766e3
849.9	2.158e3
850.7	5.800e2
851.4	3.111e3
852.2	1.529e3
852.9	3.215e3
853.8	1.209e3
854.7	1.974e3
855.6	3.599e3
856.5	2.364e3
857.2	1.090e3
858.0	1.830e3
859.0	1.717e3
859.9	2.048e3
860.6	6.740e2
861.2	1.418e4
862.0	3.595e3
862.6	5.910e2
863.2	2.070e3
864.2	2.418e3
865.1	1.548e3
865.8	3.070e2
866.4	2.827e3
867.3	1.901e3
868.1	1.806e3
868.9	8.860e2
869.7	3.733e3
870.4	8.500e2
871.2	3.107e3
872.1	1.364e3
872.8	2.531e3
873.6	4.510e2
874.3	3.393e3
874.9	3.840e2
875.6	2.133e3
876.3	6.860e2
877.0	2.626e3
877.5	7.700e1
878.0	1.657e3
878.9	2.286e3
879.4	1.020e2
880.0	1.473e3
880.9	6.374e3
881.5	3.550e2
882.1	2.075e3
883.0	2.223e3
884.0	2.427e3
885.0	1.426e3
885.8	2.842e3
886.5	6.500e2
887.2	3.501e3
888.1	2.209e3
888.6	2.290e2
889.1	3.057e3
890.1	3.534e3
891.2	2.482e3
892.2	2.001e3
893.2	2.902e3
894.2	1.706e3
894.7	2.000e0
895.2	4.681e3
896.0	1.861e3
897.0	1.805e3
897.5	8.600e1
898.0	1.988e3
898.7	1.930e2
899.2	1.878e3
899.8	8.100e1
900.3	6.602e3
901.0	8.760e2
901.7	3.256e3
902.4	1.094e3
903.2	2.926e3
903.7	2.700e1
904.2	2.468e3
904.8	2.250e2
905.4	1.727e3
905.9	1.040e2
906.4	1.834e3
907.0	1.910e2
907.5	1.328e3
908.4	3.275e3
909.4	2.091e3
910.3	2.233e3
911.2	8.520e2
912.0	1.145e3
912.9	2.405e3
913.4	1.000e2
913.9	1.533e3
914.8	4.603e3
915.5	1.040e3
916.1	3.166e3
917.0	2.079e3
917.5	5.600e1
918.1	2.796e3
918.7	4.810e2
919.5	2.538e3
920.2	1.560e3
921.2	2.231e3
921.7	2.700e1
922.2	1.754e3
922.8	4.620e2
923.4	3.108e3
924.1	8.440e2
924.8	2.226e3
925.8	2.253e3
926.7	1.519e3
927.7	2.026e3
928.5	9.270e2
929.3	9.047e3
930.2	3.349e3
930.8	3.570e2
931.4	2.393e3
931.9	4.300e1
932.4	2.342e3
933.4	1.441e3
934.3	3.846e3
935.2	1.692e3
936.1	1.844e3
937.1	1.885e3
937.9	2.975e3
938.5	3.370e2
939.3	2.720e3
940.0	9.460e2
940.8	2.134e3
941.4	2.950e2
942.0	2.580e3
942.6	3.360e2
943.1	2.617e3
943.7	3.770e2
944.4	2.672e3
945.0	3.810e2
945.6	2.422e3
946.2	4.150e2
946.7	1.939e3
947.4	1.100e2
947.9	1.936e3
948.8	5.714e3
949.5	1.314e3
950.3	2.369e3
951.1	1.299e3
952.0	1.730e3
952.7	3.880e2
953.3	1.818e3
953.8	1.010e2
954.3	2.536e3
955.3	3.553e3
956.3	2.472e3
957.3	2.931e3
957.8	2.140e2
958.3	2.355e3
959.3	1.817e3
960.2	1.412e3
961.2	1.374e3
962.1	2.702e3
962.7	1.340e2
963.2	4.311e3
963.8	5.420e2
964.4	2.862e3
965.3	1.744e3
965.9	3.590e2
966.5	2.464e3
967.3	1.011e3
968.1	4.593e3
968.7	1.500e2
969.2	3.039e3
969.8	2.750e2
970.4	2.250e3
971.1	4.480e2
971.7	2.908e3
972.4	5.440e2
973.1	2.625e3
974.0	1.064e3
974.9	1.643e3
975.5	1.500e2
976.1	2.204e3
976.8	7.230e2
977.5	2.800e3
978.1	3.240e2
978.7	2.365e3
979.7	1.786e3
980.4	5.470e2
981.0	2.381e3
981.6	1.370e2
982.2	1.719e3
983.0	4.844e3
983.9	2.468e3
984.6	1.392e3
985.4	2.578e3
986.2	8.020e2
987.2	2.590e3
988.0	2.732e3
988.7	4.640e2
989.3	1.630e3
989.9	9.000e1
990.4	1.614e3
991.3	2.031e3
991.9	2.600e2
992.5	2.265e3
993.3	9.410e2
994.1	2.104e3
995.0	1.072e3
995.8	2.296e3
996.5	8.330e2
997.2	8.836e3
998.2	2.852e3
999.1	2.572e3
1000.1	1.323e3
1000.6	6.200e1
1001.2	1.571e3
1001.7	7.400e1
1002.2	3.807e3
1002.7	3.500e1
1003.3	2.118e3
1004.2	1.884e3
1005.0	5.090e2
1005.7	2.233e3
1006.5	1.251e3
1007.3	3.017e3
1008.0	6.280e2
1008.8	2.243e3
1009.4	2.850e2
1010.0	2.323e3
1010.7	8.830e2
1011.3	2.689e3
1012.1	1.059e3
1013.0	1.960e3
1013.5	1.300e1
1014.0	2.610e3
1015.0	2.712e3
1015.9	9.470e2
1016.8	4.302e3
1017.7	2.806e3
1018.6	1.665e3
1019.4	9.580e2
1020.2	1.759e3
1021.2	1.769e3
1022.2	2.102e3
1023.1	3.410e3
1024.0	1.755e3
1024.6	1.760e2
1025.2	1.964e3
1026.2	2.854e3
1027.1	1.429e3
1028.0	1.226e3
1028.9	1.660e3
1029.6	2.350e2
1030.2	2.860e3
1031.2	3.237e3
1032.0	2.292e3
1032.9	2.391e3
1033.5	2.000e0
1034.0	1.782e3
1034.5	2.900e1
1035.0	2.152e3
1035.7	5.360e2
1036.4	4.120e3
1037.3	2.473e3
1038.1	1.463e3
1039.0	3.364e3
1039.6	6.800e1
1040.1	2.506e3
1040.7	1.430e2
1041.4	2.096e3
1042.0	2.210e2
1042.6	3.242e3
1043.1	7.100e1
1043.6	2.026e3
1044.4	6.960e2
1045.1	2.797e3
1046.1	2.617e3
1046.7	2.020e2
1047.3	1.756e3
1048.2	7.690e2
1049.0	2.183e3
1050.1	2.589e3
1051.0	3.766e3
1051.9	2.336e3
1052.9	2.379e3
1053.6	6.270e2
1054.4	2.312e3
1055.4	2.366e3
1056.2	2.159e3
1057.1	2.248e3
1057.7	6.000e1
1058.2	1.872e3
1059.1	2.511e3
1059.9	1.408e3
1060.8	1.209e3
1061.7	2.149e3
1062.5	1.202e3
1063.4	2.002e3
1064.3	1.562e3
1065.3	6.622e3
1066.1	3.293e3
1067.0	1.496e3
1067.8	1.953e3
1068.7	1.241e3
1069.5	2.281e3
1070.5	2.697e3
1071.4	2.361e3
1072.3	1.828e3
1073.3	2.283e3
1074.2	1.484e3
1075.1	2.082e3
1075.6	1.230e2
1076.1	1.914e3
1076.7	1.540e2
1077.5	1.982e3
1078.0	3.700e1
1078.5	2.539e3
1079.2	2.930e2
1079.9	3.163e3
1080.4	2.750e2
1081.0	1.849e3
1081.9	2.199e3
1082.4	2.000e0
1082.9	1.745e3
1083.4	1.700e1
1084.0	1.554e3
1084.9	3.761e3
1085.9	2.144e3
1086.4	7.800e1
1086.9	2.440e3
1087.7	1.145e3
1088.5	2.477e3
1089.0	5.400e1
1089.6	2.380e3
1090.5	9.070e2
1091.3	2.278e3
1092.1	1.035e3
1092.9	2.603e3
1093.5	5.650e2
1094.1	2.190e3
1094.6	1.500e1
1095.1	2.321e3
1095.7	2.940e2
1096.2	2.318e3
1096.9	7.930e2
1097.6	3.114e3
1098.4	1.211e3
1099.2	3.284e3
1100.0	1.197e3
1100.9	1.998e3
1101.7	1.876e3
1102.6	1.051e3
1103.4	1.494e3
1104.3	3.806e3
1105.3	2.775e3
1106.2	1.559e3
1106.8	4.820e2
1107.4	2.513e3
1108.2	1.498e3
1109.1	2.379e3
1109.8	1.087e3
1110.4	1.701e3
1111.3	1.648e3
1112.2	1.883e3
1113.2	1.973e3
1113.8	2.620e2
1114.4	2.370e3
1115.0	7.890e2
1115.8	2.423e3
1116.4	4.090e2
1117.0	1.824e3
1117.7	4.260e2
1118.3	2.784e3
1119.2	2.838e3
1119.9	1.017e3
1120.6	2.012e3
1121.5	2.032e3
1122.5	1.294e3
1123.0	1.830e2
1123.6	2.546e3
1124.4	1.317e3
1125.3	2.356e3
1126.2	1.285e3
1127.1	2.412e3
1128.0	2.153e3
1128.7	4.720e2
1129.4	2.244e3
1130.2	1.506e3
1131.0	7.350e2
1131.8	2.440e3
1132.5	1.181e3
1133.3	5.953e3
1134.0	1.468e3
1134.7	2.799e3
1135.6	1.393e3
1136.1	1.320e2
1136.7	2.158e3
1137.2	1.600e1
1137.8	1.926e3
1138.6	2.466e3
1139.3	9.090e2
1140.1	2.336e3
1141.1	1.350e3
1141.9	2.608e3
1142.6	1.306e3
1143.4	1.917e3
1144.2	1.310e3
1145.1	2.302e3
1146.0	1.473e3
1146.9	2.393e3
1147.8	1.795e3
1148.3	1.230e2
1149.0	1.417e3
1149.8	3.123e3
1150.8	2.154e3
1151.7	1.867e3
1152.6	3.158e3
1153.2	4.890e2
1153.8	2.717e3
1154.4	4.350e2
1155.0	2.110e3
1155.5	2.300e1
1156.0	3.005e3
1156.7	1.208e3
1157.5	3.281e3
1158.4	1.390e3
1159.2	3.397e3
1160.1	1.972e3
1160.7	2.940e2
1161.2	2.457e3
1161.8	2.120e2
1162.3	3.294e3
1163.3	1.513e3
1164.0	6.270e2
1164.8	1.875e3
1165.6	4.560e2
1166.3	1.931e3
1167.2	3.132e3
1168.0	2.157e3
1169.0	1.955e3
1170.0	2.503e3
1170.9	1.705e3
1171.6	6.610e2
1172.3	3.556e3
1173.2	2.327e3
1174.1	1.205e3
1174.9	2.628e3
1175.4	2.300e1
1175.9	3.619e3
1176.5	1.480e2
1177.0	2.151e3
1178.0	2.546e3
1178.6	3.600e2
1179.2	2.089e3
1179.8	2.900e2
1180.5	2.031e3
1181.2	8.470e2
1181.9	2.135e3
1182.8	2.551e3
1183.7	1.898e3
1184.6	1.216e3
1185.5	1.987e3
1186.3	9.920e2
1187.0	3.001e3
1187.8	1.149e3
1188.6	1.940e3
1189.2	1.820e2
1189.8	2.448e3
1190.8	1.381e3
1191.7	2.171e3
1192.4	5.930e2
1193.1	2.520e3
1193.6	4.400e1
1194.2	1.668e3
1195.2	1.687e3
1196.2	2.497e3
1197.2	1.765e3
1197.8	3.060e2
1198.4	1.595e3
1199.3	2.158e3
1200.3	1.739e3
1201.2	4.513e3
1202.1	1.317e3
1202.9	2.100e3
1203.8	1.872e3
1204.8	2.594e3
1205.5	7.800e2
1206.3	2.773e3
1206.9	5.490e2
1207.5	2.719e3
1208.3	6.650e2
1209.2	1.736e3
1210.1	2.480e3
1210.8	9.510e2
1211.5	2.707e3
1212.5	1.683e3
1213.1	6.500e1
1213.6	1.929e3
1214.3	1.018e3
1215.0	2.551e3
1216.0	1.712e3
1216.9	1.953e3
1217.6	5.450e2
1218.2	1.350e3
1219.1	2.019e3
1219.9	1.179e3
1220.6	2.888e3
1221.5	2.444e3
1222.4	2.180e3
1223.1	3.930e2
1223.7	2.435e3
1224.7	2.010e3
1225.3	4.430e2
1225.9	2.092e3
1226.7	7.330e2
1227.3	2.739e3
1228.1	7.110e2
1228.9	2.634e3
1229.4	5.000e1
1229.9	2.280e3
1230.5	3.290e2
1231.0	3.246e3
1232.1	2.184e3
1232.6	1.410e2
1233.2	2.048e3
1233.9	2.210e2
1234.5	1.406e3
1235.3	3.625e3
1235.9	5.240e2
1236.5	2.551e3
1237.1	6.600e1
1237.6	1.939e3
1238.1	1.290e2
1238.7	1.892e3
1239.2	7.400e1
1239.7	1.549e3
1240.6	4.107e3
1241.5	2.578e3
1242.3	7.120e2
1243.0	2.631e3
1243.6	4.490e2
1244.3	2.299e3
1245.2	1.395e3
1246.0	9.610e2
1246.8	2.546e3
1247.3	3.900e1
1247.8	2.053e3
1248.3	2.800e1
1248.8	2.577e3
1249.8	1.619e3
1250.5	4.670e2
1251.2	1.892e3
1251.9	9.090e2
1252.7	2.049e3
1253.3	2.760e2
1253.9	2.190e3
1254.8	3.393e3
1255.3	2.000e0
1255.8	2.093e3
1256.4	2.120e2
1256.9	2.972e3
1257.5	7.000e1
1258.0	1.968e3
1259.0	3.080e3
1259.9	2.715e3
1260.9	1.913e3
1261.8	1.832e3
1262.3	2.420e2
1262.9	1.412e3
1263.8	1.838e3
1264.7	1.468e3
1265.6	2.229e3
1266.6	2.784e3
1267.2	6.810e2
1267.9	1.372e3
1268.7	3.344e3
1269.6	2.590e3
1270.3	6.740e2
1271.0	2.457e3
1272.0	2.125e3
1272.9	2.488e3
1273.6	5.750e2
1274.2	1.905e3
1275.2	2.381e3
1276.1	2.311e3
1277.2	1.397e3
1278.2	2.643e3
1279.1	2.414e3
1279.8	4.590e2
1280.5	2.346e3
1281.3	1.328e3
1282.3	2.548e3
1283.2	2.084e3
1283.8	2.180e2
1284.3	2.336e3
1284.9	1.900e2
1285.5	2.709e3
1286.1	2.780e2
1286.7	2.008e3
1287.6	1.861e3
1288.2	1.110e2
1288.8	3.206e3
1289.3	1.110e2
1289.9	2.365e3
1290.9	1.902e3
1291.8	2.969e3
1292.5	7.280e2
1293.4	2.529e3
1294.2	1.432e3
1295.2	2.091e3
1296.1	2.419e3
1296.7	2.550e2
1297.4	1.911e3
1298.1	6.320e2
1298.8	2.095e3
1299.6	1.330e3
1300.4	2.261e3
1301.1	8.900e2
1301.8	2.509e3
1302.8	2.647e3
1303.7	2.322e3
1304.4	2.890e2
1305.0	2.805e3
1306.0	2.658e3
1307.0	1.931e3
1307.6	3.850e2
1308.2	2.884e3
1309.1	2.854e3
1309.7	4.130e2
1310.3	2.108e3
1311.2	2.203e3
1312.1	2.096e3
1312.8	6.800e1
1313.4	2.537e3
1314.0	2.180e2
1314.6	2.180e3
1315.5	1.448e3
1316.1	4.120e2
1316.8	2.676e3
1317.4	8.490e2
1318.1	2.140e3
1318.8	2.660e2
1319.3	2.878e3
1320.2	1.267e3
1321.1	3.085e3
1322.0	1.408e3
1322.9	2.899e3
1323.5	1.126e3
1324.2	3.059e3
1325.1	1.905e3
1325.9	1.472e3
1326.7	2.662e3
1327.7	2.137e3
1328.3	9.000e0
1328.8	2.274e3
1329.3	1.360e2
1329.8	2.416e3
1330.4	2.000e0
1330.9	2.222e3
1331.6	5.160e2
1332.4	2.299e3
1333.4	2.774e3
1334.3	1.084e3
1335.1	2.083e3
1335.9	8.460e2
1336.5	1.697e3
1337.4	3.434e3
1338.0	2.970e2
1338.6	2.288e3
1339.2	2.100e2
1339.8	2.088e3
1340.7	2.677e3
1341.3	6.100e1
1341.8	1.321e3
1342.8	1.530e3
1343.6	6.120e2
1344.2	2.863e3
1345.2	1.897e3
1345.8	3.110e2
1346.4	2.264e3
1347.1	1.109e3
1347.9	2.332e3
1348.8	1.639e3
1349.3	5.000e1
1349.9	1.835e3
1350.8	2.600e3
1351.7	1.538e3
1352.2	1.780e2
1352.8	2.310e3
1353.8	1.643e3
1354.7	1.692e3
1355.5	2.212e3
1356.2	5.740e2
1356.8	3.023e3
1357.4	7.910e2
1358.1	2.184e3
1359.1	1.659e3
1360.0	2.326e3
1360.7	5.670e2
1361.4	2.896e3
1362.4	1.710e3
1362.9	2.260e2
1363.4	2.023e3
1364.0	9.600e1
1364.6	1.396e3
1365.4	1.963e3
1366.3	2.050e3
1367.1	1.202e3
1367.8	2.673e3
1368.7	1.044e3
1369.6	2.024e3
1370.5	1.854e3
1371.5	2.909e3
1372.5	2.710e3
1373.5	2.730e3
1374.4	1.746e3
1375.0	1.550e2
1375.5	1.125e3
1376.3	3.636e3
1377.1	1.371e3
1377.9	2.649e3
1378.8	1.400e3
1379.7	3.231e3
1380.3	1.700e2
1380.8	1.791e3
1381.7	1.100e3
1382.6	2.756e3
1383.6	1.644e3
1384.5	1.450e3
1385.5	2.448e3
1386.3	1.180e3
1387.0	1.620e3
1387.9	2.286e3
1388.8	1.748e3
1389.7	1.218e3
1390.5	1.852e3
1391.1	1.280e2
1391.6	2.461e3
1392.3	5.260e2
1392.9	2.059e3
1393.8	1.048e3
1394.6	2.673e3
1395.2	1.580e2
1395.8	1.987e3
1396.5	1.111e3
1397.4	2.300e3
1398.0	7.010e2
1398.7	2.355e3
1399.3	3.890e2
1399.9	1.449e3
1400.9	1.876e3
1401.9	1.872e3
1402.4	4.200e1
1402.9	1.774e3
1403.7	1.568e3
1404.5	2.628e3
1405.4	2.575e3
1405.9	2.400e2
1406.5	2.296e3
1407.3	1.236e3
1408.2	3.244e3
1409.1	1.663e3
1409.7	5.200e1
1410.2	1.758e3
1411.2	2.258e3
1411.8	5.810e2
1412.4	2.543e3
1413.3	1.696e3
1414.1	2.077e3
1415.0	2.088e3
1415.5	1.000e2
1416.1	1.791e3
1416.9	5.990e2
1417.7	2.178e3
1418.2	5.200e1
1418.7	1.725e3
1419.5	9.810e2
1420.3	3.021e3
1420.8	5.300e1
1421.4	2.747e3
1422.2	1.582e3
1423.0	2.097e3
1423.8	8.650e2
1424.6	2.566e3
1425.1	8.300e1
1425.7	2.307e3
1426.2	1.050e2
1426.8	1.831e3
1427.7	2.363e3
1428.6	1.479e3
1429.6	2.337e3
1430.2	3.320e2
1430.8	1.815e3
1431.7	2.499e3
1432.4	7.240e2
1433.1	2.068e3
1433.8	5.280e2
1434.5	2.155e3
1435.5	1.749e3
1436.1	2.900e2
1436.8	2.138e3
1437.5	7.770e2
1438.2	2.171e3
1439.0	1.012e3
1439.7	2.573e3
1440.2	3.200e1
1440.8	2.666e3
1441.7	2.302e3
1442.3	1.440e2
1442.9	1.612e3
1443.4	6.700e1
1443.9	3.064e3
1444.9	2.449e3
1445.5	4.390e2
1446.2	1.845e3
1446.7	3.400e1
1447.2	2.327e3
1448.0	7.680e2
1448.9	2.385e3
1449.9	1.506e3
1450.6	7.040e2
1451.3	2.640e3
1452.2	2.190e3
1453.0	6.900e2
1453.8	2.131e3
1454.6	5.700e2
1455.3	1.945e3
1456.2	2.172e3
1457.1	1.462e3
1457.8	8.290e2
1458.5	2.063e3
1459.5	1.925e3
1460.4	1.087e3
1461.0	2.160e2
1461.6	1.282e3
1462.5	1.870e3
1463.5	1.189e3
1464.6	2.159e3
1465.5	1.723e3
1466.1	2.000e2
1466.7	1.286e3
1467.6	2.275e3
1468.4	8.280e2
1469.2	1.594e3
1470.1	2.397e3
1470.9	1.151e3
1471.7	2.062e3
1472.6	1.545e3
1473.6	2.705e3
1474.3	7.830e2
1475.1	2.229e3
1475.6	2.300e1
1476.1	1.712e3
1476.7	2.570e2
1477.2	1.871e3
1478.0	8.280e2
1478.7	1.392e3
1479.6	2.235e3
1480.1	3.000e0
1480.7	2.069e3
1481.2	7.900e1
1481.8	2.728e3
1482.7	1.601e3
1483.6	1.340e3
1484.5	1.714e3
1485.3	9.110e2
1486.0	1.284e3
1486.6	1.090e2
1487.3	1.754e3
1487.8	2.220e2
1488.4	1.383e3
1489.3	2.143e3
1489.8	6.300e1
1490.3	2.323e3
1491.0	4.060e2
1491.7	1.119e3
1492.6	1.899e3
1493.2	1.050e2
1493.7	1.981e3
1494.6	1.779e3
1495.2	7.610e2
1496.0	2.375e3
1496.7	5.430e2
1497.3	1.984e3
1498.1	8.030e2
1499.0	1.627e3
1499.6	3.000e2
1500.2	1.767e3
1501.1	1.937e3
1502.0	8.140e2
1502.8	1.588e3
1503.7	1.107e3
1504.6	1.960e3
1505.1	1.000e1
1505.7	1.992e3
1506.4	1.036e3
1507.3	2.633e3
1507.8	2.800e1
1508.3	1.979e3
1509.0	3.630e2
1509.6	1.869e3
1510.2	4.000e2
1510.8	1.422e3
1511.3	8.000e0
1511.8	2.118e3
1512.6	6.920e2
1513.3	2.344e3
1514.2	1.508e3
1514.8	1.100e2
1515.3	2.029e3
1516.3	1.874e3
1517.3	7.990e2
1518.1	1.533e3
1518.8	9.970e2
1519.7	2.022e3
1520.6	1.468e3
1521.3	8.510e2
1522.0	2.354e3
1522.7	9.230e2
1523.3	1.784e3
1524.3	1.647e3
1525.0	5.160e2
1525.8	1.542e3
1526.7	1.131e3
1527.5	1.876e3
1528.1	6.300e1
1528.6	1.488e3
1529.3	4.680e2
1530.0	1.555e3
1530.7	3.560e2
1531.3	1.445e3
1531.9	4.430e2
1532.5	1.656e3
1533.0	2.700e1
1533.6	1.563e3
1534.1	1.360e2
1534.7	1.510e3
1535.7	1.003e3
1536.3	2.790e2
1536.9	1.190e3
1537.7	2.184e3
1538.4	5.070e2
1539.2	1.175e3
1540.2	1.781e3
1541.1	2.180e3
1542.0	1.635e3
1543.0	2.037e3
1543.8	7.900e2
1544.5	1.523e3
1545.1	1.980e2
1545.7	2.006e3
1546.2	1.900e1
1546.8	1.696e3
1547.5	4.760e2
1548.2	1.366e3
1548.9	6.040e2
1549.6	2.203e3
1550.4	7.920e2
1551.2	2.168e3
1552.0	5.400e2
1552.7	1.577e3
1553.3	1.730e2
1553.8	2.108e3
1554.6	7.950e2
1555.4	1.956e3
1556.3	1.060e3
1556.9	1.770e2
1557.5	1.799e3
1558.3	1.741e3
1558.8	1.000e0
1559.4	1.609e3
1560.2	1.388e3
1560.7	9.300e1
1561.4	1.669e3
1562.3	1.856e3
1563.2	9.060e2
1563.9	1.997e3
1564.9	1.004e3
1565.7	2.236e3
1566.4	3.530e2
1567.0	1.868e3
1567.7	5.980e2
1568.4	1.701e3
1569.4	8.460e2
1570.2	1.528e3
1570.9	3.340e2
1571.6	1.559e3
1572.2	3.130e2
1572.8	1.565e3
1573.7	7.290e2
1574.7	1.760e3
1575.3	4.500e1
1575.8	2.255e3
1576.3	1.460e2
1576.8	2.049e3
1577.5	2.710e2
1578.1	1.738e3
1578.7	2.880e2
1579.3	2.033e3
1579.8	3.000e0
1580.4	2.141e3
1580.9	7.600e1
1581.4	1.978e3
1582.2	7.840e2
1583.0	5.610e2
1583.7	1.601e3
1584.5	1.040e3
1585.0	1.800e1
1585.5	1.878e3
1586.1	1.980e2
1586.7	2.030e3
1587.7	1.685e3
1588.3	2.500e2
1588.9	1.581e3
1589.5	1.300e1
1590.0	2.217e3
1590.5	5.600e1
1591.1	1.731e3
1591.8	7.730e2
1592.7	1.544e3
1593.7	1.583e3
1594.5	1.452e3
1595.1	1.310e2
1595.7	1.924e3
1596.8	1.176e3
1597.5	4.590e2
1598.2	1.369e3
1599.1	1.797e3
1599.8	5.780e2
1600.5	1.412e3
1601.4	1.631e3
1602.3	6.860e2
1603.2	1.504e3
1604.1	1.568e3
1604.9	5.190e2
1605.6	2.093e3
1606.6	1.532e3
1607.5	1.049e3
1608.2	2.670e2
1608.8	2.184e3
1609.4	5.900e1
1609.9	1.620e3
1610.6	2.620e2
1611.1	1.697e3
1612.1	1.259e3
1613.1	1.317e3
1613.6	4.400e1
1614.2	1.609e3
1615.1	1.259e3
1615.7	4.770e2
1616.3	1.638e3
1617.3	1.828e3
1618.1	1.050e3
1619.1	1.585e3
1619.9	3.940e2
1620.7	1.605e3
1621.3	2.820e2
1622.0	1.970e3
1622.5	3.800e1
1623.0	1.768e3
1623.9	1.819e3
1624.8	1.429e3
1625.7	1.003e3
1626.4	4.120e2
1627.1	1.064e3
1628.0	1.914e3
1628.9	1.423e3
1629.9	1.612e3
1630.8	9.470e2
1631.6	1.563e3
1632.6	1.356e3
1633.4	1.237e3
1634.0	2.860e2
1634.6	1.684e3
1635.1	1.300e1
1635.7	1.744e3
1636.7	1.443e3
1637.7	1.070e3
1638.6	1.685e3
1639.2	7.200e1
1639.8	1.628e3
1640.4	4.830e2
1641.1	1.208e3
1642.1	6.250e2
1642.8	1.481e3
1643.8	1.421e3
1644.8	1.384e3
1645.8	1.321e3
1646.6	7.920e2
1647.4	1.659e3
1648.3	1.588e3
1648.9	1.180e2
1649.5	1.550e3
1650.1	3.950e2
1650.8	1.400e3
1651.7	1.268e3
1652.7	1.451e3
1653.4	4.390e2
1654.0	1.589e3
1654.6	5.600e1
1655.1	2.315e3
1655.7	2.490e2
1656.2	1.866e3
1657.2	1.518e3
1657.8	2.400e2
1658.4	1.580e3
1659.0	2.460e2
1659.7	1.369e3
1660.6	2.120e3
1661.2	3.230e2
1661.9	1.332e3
1662.8	1.567e3
1663.6	5.690e2
1664.3	2.272e3
1665.2	2.542e3
1666.2	6.190e2
1667.0	1.384e3
1667.8	9.100e2
1668.7	9.300e2
1669.6	1.952e3
1670.4	4.820e2
1671.0	1.217e3
1671.6	2.160e2
1672.2	1.248e3
1673.2	1.737e3
1673.8	1.200e2
1674.4	1.508e3
1675.3	8.320e2
1676.2	1.654e3
1677.1	1.643e3
1677.7	8.600e1
1678.4	1.225e3
1679.2	1.046e3
1680.2	1.039e3
1681.2	6.840e2
1682.1	2.185e3
1683.0	1.227e3
1683.7	2.790e2
1684.4	1.340e3
1685.3	1.436e3
1686.2	9.310e2
1687.0	1.739e3
1687.6	3.900e1
1688.1	1.418e3
1689.0	1.206e3
1689.7	1.960e2
1690.5	1.283e3
1691.4	1.102e3
1692.1	4.250e2
1692.9	1.639e3
1693.4	4.300e1
1694.0	1.143e3
1694.7	3.950e2
1695.4	1.182e3
1696.2	4.940e2
1696.8	1.437e3
1697.4	5.100e1
1697.9	1.667e3
1698.7	6.180e2
1699.6	1.172e3
1700.2	5.430e2
1701.0	1.522e3
1701.6	1.370e2
1702.2	1.745e3
1702.8	5.400e1
1703.4	9.680e2
1704.1	4.030e2
1704.8	1.494e3
1705.3	8.000e1
1705.9	1.033e3
1706.7	6.800e2
1707.5	1.733e3
1708.6	1.024e3
1709.3	3.110e2
1710.0	1.709e3
1710.6	6.220e2
1711.3	1.566e3
1712.2	6.960e2
1713.1	4.530e2
1713.9	1.422e3
1714.5	5.600e1
1715.0	1.484e3
1715.6	3.430e2
1716.4	1.478e3
1717.0	2.100e2
1717.6	6.120e2
1718.6	7.980e2
1719.5	1.333e3
1720.3	2.790e2
1721.0	1.829e3
1722.0	9.550e2
1722.7	4.190e2
1723.5	8.150e2
1724.3	1.656e3
1725.1	4.120e2
1725.9	1.207e3
1726.5	2.070e2
1727.1	1.685e3
1727.7	1.390e2
1728.3	1.246e3
1729.0	2.340e2
1729.6	1.006e3
1730.6	1.464e3
1731.6	1.672e3
1732.5	7.340e2
1733.3	1.445e3
1734.1	3.240e2
1735.0	1.551e3
1735.8	6.600e2
1736.8	1.991e3
1737.4	2.730e2
1738.1	1.686e3
1738.9	6.560e2
1739.8	1.520e3
1740.7	7.390e2
1741.7	1.697e3
1742.6	6.260e2
1743.6	1.305e3
1744.4	8.070e2
1745.3	1.548e3
1745.9	1.660e2
1746.5	1.190e3
1747.0	5.400e1
1747.7	8.470e2
1748.2	1.280e2
1748.8	1.054e3
1749.7	1.352e3
1750.3	4.980e2
1751.1	1.442e3
1751.6	6.300e1
1752.3	8.990e2
1753.2	1.695e3
1754.0	4.940e2
1754.9	1.150e3
1755.6	2.100e2
1756.3	1.585e3
1756.8	8.600e1
1757.4	8.800e2
1758.4	8.300e2
1759.1	2.470e2
1759.8	8.510e2
1760.5	4.050e2
1761.3	1.580e3
1761.8	1.000e0
1762.4	1.441e3
1763.0	4.060e2
1763.7	1.464e3
1764.7	1.163e3
1765.3	2.820e2
1765.9	1.592e3
1766.5	3.020e2
1767.1	1.187e3
1768.2	1.366e3
1768.7	4.600e1
1769.3	1.055e3
1770.3	1.086e3
1771.1	1.198e3
1771.9	3.120e2
1772.5	1.094e3
1773.4	1.806e3
1774.2	7.050e2
1775.0	1.282e3
1776.0	9.210e2
1777.0	1.271e3
1777.9	1.142e3
1778.5	6.000e0
1779.0	1.385e3
1780.0	9.210e2
1780.6	9.700e1
1781.2	1.364e3
1781.8	1.570e2
1782.4	1.109e3
1783.4	9.280e2
1784.4	1.412e3
1785.2	5.380e2
1786.1	1.198e3
1786.7	4.500e1
1787.2	1.108e3
1788.1	5.900e2
1789.0	1.658e3
1789.9	7.690e2
1790.7	5.500e2
1791.4	1.101e3
1792.1	1.380e2
1792.7	1.269e3
1793.7	7.550e2
1794.7	1.378e3
1795.2	6.300e1
1795.8	1.169e3
1796.6	1.053e3
1797.2	1.330e2
1797.9	7.610e2
1798.8	1.560e3
1799.4	1.690e2
1800.0	1.613e3
1800.9	8.220e2
1801.8	1.290e3
1802.7	8.910e2
1803.3	4.300e2
1804.0	1.694e3
1804.9	8.960e2
1805.5	2.990e2
1806.3	1.067e3
1806.9	4.760e2
1807.7	1.371e3
1808.5	6.530e2
1809.4	3.780e2
1810.3	1.541e3
1811.3	7.090e2
1812.0	1.125e3
1812.7	2.180e2
1813.3	1.431e3
1814.3	9.540e2
1814.8	8.500e1
1815.4	1.089e3
1815.9	1.800e1
1816.5	1.294e3
1817.1	1.900e1
1817.7	1.704e3
1818.5	1.034e3
1819.1	2.500e2
1819.8	9.760e2
1820.8	9.610e2
1821.8	1.225e3
1822.7	6.680e2
1823.5	1.216e3
1824.1	1.270e2
1824.7	1.323e3
1825.4	4.040e2
1826.0	1.373e3
1826.7	1.920e2
1827.3	7.450e2
1828.0	4.350e2
1828.7	1.554e3
1829.6	8.400e2
1830.4	1.603e3
1831.3	7.480e2
1832.3	1.059e3
1833.2	1.114e3
1834.2	1.449e3
1835.0	6.110e2
1835.7	1.433e3
1836.6	8.350e2
1837.5	1.789e3
1838.4	9.510e2
1838.9	5.200e1
1839.4	6.390e2
1840.4	1.118e3
1841.0	1.900e1
1841.6	1.745e3
1842.3	7.570e2
1843.1	2.133e3
1843.8	4.750e2
1844.6	1.160e3
1845.5	1.542e3
1846.4	8.930e2
1847.0	3.800e1
1847.5	1.673e3
1848.5	1.132e3
1849.4	7.140e2
1850.1	7.500e1
1850.6	1.303e3
1851.6	5.750e2
1852.5	1.792e3
1853.5	1.109e3
1854.5	7.380e2
1855.4	1.189e3
1856.1	2.780e2
1856.7	1.609e3
1857.2	1.390e2
1857.8	1.508e3
1858.4	2.810e2
1859.2	1.333e3
1860.1	7.280e2
1861.1	1.081e3
1862.1	1.426e3
1863.0	1.141e3
1863.7	2.100e2
1864.4	1.159e3
1864.9	1.010e2
1865.6	1.001e3
1866.5	1.596e3
1867.4	9.910e2
1868.0	6.000e1
1868.5	1.139e3
1869.6	1.148e3
1870.4	6.880e2
1871.3	7.760e2
1872.1	1.123e3
1873.0	6.490e2
1874.0	1.568e3
1874.7	3.960e2
1875.3	9.970e2
1876.3	1.159e3
1877.2	7.100e2
1877.8	1.150e2
1878.4	1.200e3
1879.1	2.210e2
1879.8	8.690e2
1880.4	2.330e2
1881.0	2.135e3
1881.8	7.660e2
1882.6	1.050e3
1883.6	1.155e3
1884.6	1.282e3
1885.6	7.490e2
1886.4	1.279e3
1887.4	1.428e3
1888.1	2.550e2
1888.8	8.620e2
1889.7	1.648e3
1890.2	4.500e1
1890.8	1.106e3
1891.6	4.880e2
1892.2	4.880e2
1893.2	5.080e2
1893.8	1.240e2
1894.3	1.132e3
1895.2	7.510e2
1896.1	1.184e3
1896.8	1.020e2
1897.5	8.440e2
1898.1	1.750e2
1898.7	1.173e3
1899.3	2.700e1
1899.8	1.058e3
1900.8	1.299e3
1901.6	6.150e2
1902.4	1.274e3
1903.1	4.000e1
1903.6	1.488e3
1904.2	1.310e2
1904.9	1.190e3
1905.4	1.500e2
1906.2	1.317e3
1907.0	1.069e3
1907.6	1.230e2
1908.3	1.241e3
1909.1	4.550e2
1910.1	9.930e2
1910.6	3.000e0
1911.2	5.890e2
1912.1	9.190e2
1912.7	3.240e2
1913.4	1.181e3
1914.0	1.520e2
1914.6	8.750e2
1915.4	4.620e2
1916.2	1.374e3
1917.1	5.290e2
1918.0	1.364e3
1918.9	9.320e2
1919.4	2.000e0
1920.0	1.381e3
1920.7	3.890e2
1921.6	5.590e2
1922.5	9.010e2
1923.5	1.830e3
1924.0	2.100e1
1924.6	9.420e2
1925.4	6.260e2
1926.4	1.047e3
1927.3	3.090e2
1927.9	8.600e2
1928.8	4.080e2
1929.5	1.140e3
1930.1	1.270e2
1930.6	1.159e3
1931.3	9.600e1
1931.9	9.010e2
1932.4	6.000e0
1933.0	7.910e2
1933.7	2.600e2
1934.3	1.094e3
1934.8	9.400e1
1935.4	9.360e2
1936.0	1.840e2
1936.6	1.276e3
1937.2	2.700e1
1937.9	6.320e2
1938.8	1.102e3
1939.8	1.039e3
1940.6	6.680e2
1941.1	1.340e2
1941.7	1.081e3
1942.5	2.040e2
1943.1	1.254e3
1944.1	7.270e2
1944.9	8.300e2
1945.4	2.000e0
1945.9	9.160e2
1946.5	5.700e1
1947.0	9.180e2
1947.6	3.500e1
1948.3	7.480e2
1949.2	1.376e3
1950.2	5.910e2
1951.2	6.040e2
1952.2	9.650e2
1952.7	1.000e0
1953.3	1.371e3
1954.1	1.770e2
1954.7	1.256e3
1955.4	1.250e2
1955.9	9.220e2
1956.9	8.870e2
1957.4	6.700e1
1958.1	9.490e2
1958.8	1.640e2
1959.4	8.300e2
1960.3	9.830e2
1960.9	9.500e1
1961.5	5.090e2
1962.1	1.600e1
1962.8	1.150e3
1963.7	8.370e2
1964.7	7.730e2
1965.3	5.700e1
1965.9	9.530e2
1966.5	1.830e2
1967.1	1.222e3
1967.6	4.000e0
1968.2	6.250e2
1968.8	3.630e2
1969.5	7.530e2
1970.5	1.314e3
1971.1	1.380e2
1971.6	8.690e2
1972.6	8.330e2
1973.5	8.220e2
1974.3	4.630e2
1975.1	1.139e3
1976.0	4.930e2
1977.0	1.431e3
1977.9	1.750e2
1978.7	1.428e3
1979.2	1.030e2
1979.8	3.780e2
1980.8	1.236e3
1981.3	1.500e1
1981.8	8.540e2
1982.4	1.600e2
1983.0	1.021e3
1983.6	9.100e1
1984.3	1.024e3
1985.0	1.960e2
1985.8	1.363e3
1986.4	2.200e2
1987.2	8.360e2
1988.2	1.110e3
1988.9	1.530e2
1989.6	8.670e2
1990.6	9.640e2
1991.1	7.100e1
1991.8	1.189e3
1992.7	8.070e2
1993.6	6.530e2
1994.1	1.350e2
1994.7	1.219e3
1995.3	8.000e0
1996.0	1.187e3
1996.8	6.610e2
1997.7	9.350e2
1998.6	9.990e2
1999.5	7.980e2
