100.6	3.200e1
101.2	2.197e3
102.1	4.360e2
103.1	4.619e3
103.6	8.000e0
104.4	2.330e2
105.2	2.800e3
106.0	3.600e1
107.3	1.790e2
108.0	2.700e1
108.9	1.000e2
110.1	2.030e2
111.0	1.800e1
111.5	1.102e3
112.6	2.486e3
113.1	9.650e4
114.2	1.317e3
115.1	3.780e3
116.4	2.560e2
117.1	1.921e4
118.0	1.610e3
119.2	1.283e4
120.0	1.381e3
120.7	1.000e1
121.3	3.470e2
122.3	3.790e2
123.3	3.900e1
124.0	1.000e1
125.1	4.290e2
126.0	1.900e2
127.0	5.140e2
127.8	1.100e1
128.3	1.370e2
129.2	4.302e3
130.1	5.659e3
131.2	4.163e3
132.0	1.000e1
132.5	8.060e2
133.2	2.335e4
134.3	1.543e3
135.2	8.422e3
135.7	1.100e1
136.4	3.630e2
137.3	1.108e3
138.1	6.020e2
139.3	8.620e2
140.3	1.315e3
141.3	3.899e3
142.1	2.270e2
143.2	1.768e3
144.1	5.370e2
145.1	3.217e3
146.1	4.143e3
147.2	1.508e4
148.2	2.224e3
149.2	1.206e3
149.9	1.150e2
150.5	1.660e2
151.1	7.960e2
151.8	1.800e1
152.5	1.090e2
153.1	1.290e3
154.1	2.730e2
155.2	3.166e3
155.9	1.280e2
156.6	4.980e2
157.3	1.612e3
158.0	4.740e2
159.2	2.422e3
160.1	1.146e3
160.7	2.500e1
161.3	1.481e3
162.1	1.133e3
162.6	5.600e1
163.2	2.177e3
164.2	1.298e3
165.3	9.488e3
166.3	8.200e2
167.0	9.960e2
168.2	1.260e2
169.1	1.123e3
170.2	1.900e2
171.4	1.154e3
172.2	2.300e2
173.2	8.600e2
174.2	1.478e3
175.2	1.986e4
175.7	2.990e2
176.5	2.393e3
177.3	4.068e3
178.4	5.290e2
179.2	7.984e3
180.2	1.918e3
181.2	7.469e3
182.1	1.363e3
183.1	8.020e2
183.9	2.800e1
184.5	9.030e2
185.4	2.500e3
186.2	8.970e2
186.9	1.840e2
187.4	2.133e3
188.3	1.059e3
189.2	2.566e3
190.1	3.056e3
191.2	3.345e4
192.1	3.376e3
193.2	4.905e3
194.2	1.802e3
195.1	9.285e3
196.0	1.323e4
196.6	1.110e2
197.1	3.113e3
198.0	1.699e4
199.2	4.055e3
200.0	8.585e3
201.0	3.068e3
202.1	3.879e3
203.3	2.065e3
204.2	7.140e2
205.3	1.171e3
206.2	4.218e3
206.7	5.000e1
207.3	4.708e3
208.1	2.255e4
209.2	3.240e3
210.1	2.454e3
210.7	8.000e0
211.3	7.630e2
212.3	5.427e3
213.1	2.023e3
214.1	2.207e3
215.0	8.690e2
216.1	2.494e3
216.7	3.580e2
217.2	3.451e3
218.2	1.981e3
219.2	4.733e3
220.2	2.491e3
221.0	8.020e2
222.2	1.179e3
222.7	9.000e0
223.2	1.660e3
224.1	2.124e3
225.1	2.211e3
226.1	3.124e3
226.7	3.290e2
227.2	2.937e3
228.0	1.524e3
228.5	9.700e1
229.2	1.469e3
230.2	3.255e3
231.2	2.877e3
232.1	7.291e3
233.2	2.633e3
234.2	1.739e3
235.2	1.356e3
236.2	2.265e4
237.2	3.521e3
238.1	2.283e3
239.3	1.012e3
240.2	7.189e3
240.7	7.900e1
241.2	6.766e3
242.2	3.575e3
242.8	3.980e2
243.3	5.928e3
244.3	4.927e3
244.8	8.700e1
245.3	3.680e3
246.2	2.803e3
246.7	2.410e2
247.2	2.622e3
248.1	1.763e3
249.3	1.133e4
250.2	3.561e3
251.1	1.049e3
251.9	8.000e0
252.4	1.479e3
253.1	1.552e3
253.7	2.700e1
254.3	4.270e2
255.2	4.670e2
256.2	1.105e3
256.8	4.800e1
257.5	3.908e3
258.3	2.852e3
259.2	4.953e3
260.2	5.318e3
260.7	1.900e1
261.3	4.514e3
262.2	2.300e3
263.2	2.757e3
263.8	4.800e1
264.4	2.633e3
265.1	6.980e2
265.6	2.168e3
266.3	2.540e2
267.3	1.324e3
268.3	8.470e2
269.1	4.780e2
270.2	4.130e2
271.0	1.990e2
271.5	7.440e2
272.3	7.610e2
273.5	5.390e2
274.4	7.830e2
275.1	2.778e3
276.2	3.782e3
277.2	2.087e3
278.1	1.849e3
279.1	1.207e3
280.1	1.458e3
280.7	9.000e0
281.2	1.548e3
282.2	2.134e3
283.2	1.069e3
284.2	1.085e3
285.2	1.431e3
285.7	9.000e0
286.3	3.657e3
287.3	2.181e3
288.2	8.860e2
289.3	2.047e3
290.2	2.378e3
291.3	3.049e3
292.2	1.336e3
292.8	2.740e2
293.4	1.785e3
294.4	1.850e3
295.2	3.582e3
296.1	1.912e3
296.8	9.000e0
297.4	3.882e3
298.2	1.458e3
299.3	1.050e3
300.2	9.420e2
301.0	2.093e3
301.6	8.900e1
302.3	2.378e3
303.2	6.230e2
304.1	4.013e3
304.7	9.500e1
305.3	3.480e3
306.1	1.681e3
307.3	1.906e3
308.1	4.117e3
309.1	2.247e3
310.2	3.226e3
310.7	1.800e1
311.3	4.367e3
312.1	1.516e3
313.0	2.788e3
314.2	2.167e3
315.1	2.545e3
316.0	7.000e2
316.6	3.710e2
317.3	1.137e4
318.2	1.582e3
319.2	2.205e3
320.2	2.187e3
320.8	2.750e2
321.4	7.241e3
322.0	9.020e2
322.6	3.890e2
323.4	2.882e3
324.1	4.240e2
325.2	3.390e3
326.1	3.031e3
327.2	5.655e3
327.7	2.870e2
328.4	2.512e3
329.1	1.513e3
330.0	1.682e3
330.6	9.000e0
331.1	1.316e3
332.1	2.796e3
333.2	2.355e3
334.2	8.760e2
335.1	3.540e3
336.2	3.916e3
337.2	3.806e3
338.2	1.873e3
339.2	2.773e3
340.2	3.312e3
341.3	3.395e3
342.2	3.460e3
343.1	1.471e3
344.0	1.215e3
344.8	2.607e3
345.6	3.410e2
346.4	1.148e3
347.2	2.616e3
348.4	3.540e2
349.2	4.119e3
350.3	8.090e2
351.2	3.475e3
352.2	1.852e3
353.2	3.640e3
353.9	9.900e1
354.4	1.784e3
355.0	2.990e2
355.6	4.125e3
356.4	1.253e3
357.4	5.888e3
358.0	2.294e3
358.6	2.840e2
359.3	2.748e3
360.1	2.803e3
361.1	2.142e3
362.2	2.136e3
363.1	2.156e3
363.9	1.242e3
364.6	2.600e1
365.2	2.104e3
366.2	4.366e3
367.1	3.339e3
367.7	4.300e1
368.5	1.219e3
369.3	1.222e3
370.2	2.187e3
371.2	1.229e3
372.2	3.218e3
372.7	6.300e1
373.2	1.755e3
374.2	1.910e3
375.1	1.853e3
376.2	2.241e3
377.1	1.774e3
378.2	1.685e3
379.2	4.306e3
380.3	1.462e3
380.8	8.000e0
381.3	1.170e3
382.3	2.625e3
383.2	4.550e2
384.1	1.857e3
384.7	1.200e1
385.3	1.093e4
386.2	2.287e3
386.7	2.000e1
387.3	5.156e3
388.0	2.217e3
388.5	1.320e2
389.1	8.410e2
390.1	1.501e3
390.8	5.910e2
391.5	2.900e3
392.2	1.379e3
393.1	3.042e3
393.9	1.189e3
394.4	1.590e2
395.2	3.601e3
395.9	5.320e2
396.6	1.457e3
397.4	8.930e2
398.2	1.374e3
399.1	1.420e3
399.7	3.080e2
400.4	1.365e3
401.2	5.420e2
402.2	1.125e3
403.2	2.575e3
404.0	1.618e3
404.7	1.100e1
405.2	1.073e3
406.1	7.990e2
407.0	1.853e3
407.5	1.400e1
408.2	1.931e3
408.7	1.440e2
409.3	1.373e3
410.1	1.604e3
410.9	3.440e2
411.4	2.452e3
412.1	1.017e3
413.1	5.450e2
414.3	1.077e3
415.2	7.280e2
416.1	1.245e3
417.1	3.096e3
417.6	8.000e0
418.3	1.874e3
419.2	2.111e3
420.1	1.095e3
421.2	2.074e3
422.1	2.403e3
422.7	9.700e1
423.3	2.838e3
424.2	8.590e2
425.2	2.288e3
425.8	9.000e0
426.4	1.113e3
427.0	8.100e1
427.5	3.650e3
428.2	5.790e2
428.7	1.480e2
429.3	1.956e3
430.2	1.317e3
431.1	1.728e3
432.1	1.323e3
433.2	1.986e3
434.2	1.199e3
434.8	8.000e0
435.4	1.744e3
436.2	1.166e3
437.0	2.514e3
438.0	2.024e3
438.6	2.970e2
439.2	1.602e3
440.3	2.981e3
441.2	3.644e3
442.1	1.556e3
442.6	1.090e2
443.2	2.419e3
444.2	3.150e3
445.0	2.989e3
445.5	2.700e1
446.1	7.800e2
446.8	1.872e3
447.6	2.028e3
448.3	1.019e3
449.1	1.144e3
449.7	1.100e1
450.2	1.597e3
451.1	1.797e3
452.1	1.752e3
452.7	1.500e2
453.2	1.025e4
454.2	2.266e3
454.7	9.000e0
455.3	3.324e3
456.2	1.124e3
457.1	3.400e3
458.0	2.284e3
458.9	1.719e3
459.5	3.990e2
460.2	2.698e3
461.3	2.580e3
462.2	1.005e3
462.9	2.288e3
463.6	1.400e1
464.2	8.400e2
464.7	1.100e1
465.3	1.597e3
466.2	1.516e3
467.1	2.476e3
467.7	8.000e0
468.2	2.466e3
469.3	5.172e3
470.1	9.230e2
471.2	2.799e3
472.2	1.186e3
473.3	2.981e3
474.3	7.660e2
475.0	1.759e3
475.6	2.410e2
476.1	2.045e3
477.0	1.069e3
478.0	1.654e3
479.3	2.307e3
480.3	2.533e3
481.1	1.694e3
482.1	8.290e2
483.1	3.043e3
484.2	1.801e3
484.9	9.600e1
485.4	1.955e3
486.3	1.001e3
487.3	3.017e3
488.0	9.980e2
488.6	2.660e2
489.3	1.082e3
490.1	7.110e2
490.9	1.798e3
491.8	6.630e2
492.8	7.080e2
493.5	2.908e3
494.4	8.520e2
495.2	2.590e3
496.2	3.129e3
497.3	8.650e2
497.8	2.090e2
498.3	1.991e3
499.2	2.385e3
499.8	4.890e2
500.4	1.235e3
501.5	2.393e3
502.5	3.624e3
503.1	5.660e2
503.7	2.780e3
504.3	2.550e2
504.8	1.180e3
505.4	6.300e1
506.2	2.930e3
507.1	2.203e3
508.1	3.161e3
508.8	1.420e2
509.4	1.712e3
510.3	1.321e3
510.9	1.990e2
511.4	1.193e3
512.2	3.187e3
513.3	2.232e3
514.3	1.671e3
515.2	3.336e3
516.2	3.075e3
517.1	1.195e3
517.9	9.670e2
518.6	1.700e1
519.3	4.812e3
520.3	2.162e3
521.2	1.011e4
522.1	3.020e3
522.8	2.600e2
523.4	3.652e3
524.1	4.720e2
525.0	1.734e3
525.9	2.732e3
527.0	9.430e2
527.9	4.894e3
528.5	8.000e1
529.2	2.834e3
530.2	1.201e3
531.2	2.596e3
532.2	3.013e3
532.8	4.270e2
533.3	3.499e3
534.2	9.040e2
535.2	1.601e3
536.2	1.196e3
537.1	3.019e3
538.2	2.499e3
539.2	1.278e3
540.2	8.670e2
540.9	8.800e1
541.4	2.867e3
542.2	1.656e3
543.2	1.428e3
544.1	1.962e3
545.2	3.708e3
546.2	1.371e3
547.1	1.441e3
548.0	7.150e2
548.8	2.412e3
549.8	1.534e3
550.8	2.422e3
551.5	3.970e2
552.2	2.231e3
553.2	1.651e3
553.8	3.590e2
554.5	2.334e3
555.6	2.047e3
556.5	1.968e3
557.5	2.051e3
558.3	8.570e2
559.0	2.475e3
559.7	3.350e2
560.3	1.342e3
561.3	1.754e3
562.3	1.939e3
563.2	1.107e3
564.0	2.503e3
565.0	2.130e3
565.8	1.357e3
566.7	9.800e2
567.6	9.470e2
568.3	6.870e2
569.2	1.984e3
570.1	1.702e3
570.7	2.000e2
571.3	2.423e3
572.2	1.815e3
573.0	6.480e2
573.9	1.355e3
574.5	5.710e2
575.1	1.814e3
575.7	6.680e2
576.4	1.407e3
577.1	8.120e2
577.6	1.650e2
578.4	2.379e3
579.2	8.440e2
579.9	2.724e3
580.6	7.800e1
581.2	3.216e3
582.2	1.820e3
582.9	4.840e2
583.5	2.477e3
584.4	1.598e3
585.1	4.060e2
585.8	1.430e3
586.5	7.320e2
587.3	2.579e3
588.3	2.169e3
589.3	8.619e3
590.1	8.800e2
590.8	9.570e2
591.3	1.080e2
592.0	1.660e2
592.6	1.678e3
593.1	1.050e2
593.8	2.452e3
594.7	1.369e3
595.6	9.030e2
596.5	1.968e3
597.2	8.260e2
598.0	1.523e3
599.0	1.510e3
600.0	1.456e3
600.8	2.134e3
601.8	1.524e3
602.6	7.910e2
603.3	2.029e3
604.1	1.078e3
604.7	1.060e2
605.3	3.583e3
606.2	2.442e3
607.2	9.600e2
608.0	1.879e3
608.9	2.692e3
609.7	1.297e3
610.3	5.120e2
611.0	2.410e2
611.6	1.526e3
612.3	3.190e2
613.2	1.569e3
614.0	2.027e3
614.6	2.010e2
615.2	2.144e3
615.8	9.000e0
616.4	1.953e3
617.3	1.166e3
618.2	2.360e3
619.1	8.780e2
619.7	9.160e2
620.4	1.636e3
621.0	5.100e1
621.6	1.660e3
622.8	1.796e3
623.8	1.387e3
624.4	1.800e2
625.1	2.148e3
625.7	1.610e2
626.2	1.661e3
626.9	2.260e2
627.5	2.120e3
628.4	9.380e2
629.2	2.658e3
630.2	1.212e3
631.3	1.998e3
632.2	9.670e2
632.9	1.000e1
633.5	8.540e2
634.3	8.640e2
635.2	1.552e3
636.1	1.792e3
637.1	1.237e3
637.9	5.810e2
638.7	1.661e3
639.5	5.400e2
640.2	1.484e3
641.2	1.706e3
642.2	1.486e3
643.1	2.152e3
643.6	1.370e2
644.3	5.870e2
645.0	1.420e3
646.0	7.810e2
646.8	1.211e3
647.8	1.515e3
648.8	2.728e3
649.6	1.030e3
650.3	3.048e3
651.0	3.590e2
651.6	2.695e3
652.2	1.070e2
652.8	1.171e3
653.8	2.395e3
654.5	9.300e1
655.0	2.271e3
656.1	1.704e3
657.2	4.092e3
658.1	1.683e3
659.0	2.861e3
660.0	2.987e3
660.9	1.058e3
661.5	2.596e3
662.3	8.380e2
663.1	1.415e3
663.7	1.000e1
664.4	1.438e3
665.3	2.360e2
666.1	2.236e3
667.0	1.624e3
667.9	1.637e3
668.9	1.403e3
669.8	7.280e2
670.5	1.550e2
671.2	1.304e3
671.7	5.150e2
672.4	9.070e2
673.2	2.498e3
674.1	3.775e3
674.7	2.770e2
675.2	2.487e3
676.0	7.170e2
676.8	3.069e3
678.0	2.236e3
678.9	1.000e1
679.5	1.457e3
680.3	3.530e2
680.8	1.204e3
681.6	2.023e3
682.3	1.499e3
682.9	2.700e2
683.5	1.086e3
684.3	1.279e3
685.1	9.480e2
686.1	1.713e3
686.6	1.040e2
687.4	1.295e3
688.3	1.216e3
689.1	1.022e3
689.9	7.200e2
691.0	1.386e3
691.9	1.416e3
693.0	1.558e3
693.9	1.442e3
694.6	2.410e2
695.2	1.806e3
696.1	5.130e2
696.9	1.702e3
697.9	2.792e3
698.9	3.077e3
699.4	6.100e1
699.9	2.497e3
701.2	1.461e3
702.1	2.597e3
703.1	1.853e3
703.8	2.940e2
704.3	6.980e2
705.0	2.205e3
706.0	1.158e3
706.9	3.060e2
707.6	2.172e3
708.4	9.360e2
709.1	1.857e3
710.0	8.200e2
710.7	2.735e3
711.7	2.535e3
712.4	4.960e2
713.0	8.770e2
713.8	2.596e3
714.5	1.780e2
715.1	1.262e3
716.1	1.044e3
716.9	2.585e3
717.8	1.967e3
718.6	4.900e1
719.2	3.775e3
719.9	9.270e2
720.6	1.590e2
721.2	2.276e3
722.2	3.684e3
723.1	1.171e3
724.2	1.448e3
725.1	4.130e3
726.0	2.317e3
726.7	4.200e2
727.3	1.602e3
728.2	7.430e2
729.0	1.476e3
729.8	9.200e2
730.4	1.000e1
730.9	5.480e2
731.7	1.067e3
732.8	1.977e3
733.8	1.929e3
734.9	2.660e3
735.7	2.750e3
736.6	1.607e3
737.8	2.995e3
738.8	7.570e2
739.6	3.800e1
740.1	1.650e3
740.7	4.630e2
741.5	1.976e3
742.1	3.390e2
742.8	1.057e3
743.5	1.950e2
744.0	1.792e3
744.9	1.053e3
745.8	2.105e3
746.5	1.790e3
747.4	7.340e2
748.2	1.486e3
748.8	1.560e2
749.4	1.325e3
750.4	2.089e3
751.1	8.890e2
752.0	8.840e2
752.8	3.217e3
753.5	7.190e2
754.5	7.260e2
755.0	9.000e0
755.6	5.340e2
756.1	8.000e0
756.7	1.140e3
757.2	5.800e1
757.8	2.191e3
758.6	7.710e2
759.3	2.717e3
760.2	1.590e3
761.2	1.024e3
762.1	2.921e3
763.1	3.464e3
763.8	2.140e2
764.5	2.045e3
765.5	6.040e2
766.1	2.604e3
766.7	2.750e2
767.3	1.751e3
768.0	1.870e2
768.6	3.700e1
769.1	1.484e3
770.2	1.909e3
771.2	9.760e2
772.0	3.510e2
772.7	2.764e3
773.7	1.198e3
774.6	9.360e2
775.2	2.630e2
775.9	1.774e3
776.8	1.189e3
778.0	1.909e3
778.8	1.171e3
779.6	1.063e3
780.4	9.240e2
781.2	5.670e2
781.7	1.340e2
782.5	1.376e3
783.4	2.393e3
784.6	6.870e2
785.2	1.697e3
786.2	1.527e3
787.0	1.240e2
787.8	1.029e3
788.4	1.600e1
789.0	2.377e3
789.8	2.750e2
790.4	2.744e3
791.0	1.800e1
791.7	2.241e3
792.3	1.267e3
792.9	3.140e2
793.4	3.616e3
794.2	1.655e3
795.3	8.780e2
796.3	5.650e2
797.2	2.692e3
798.0	1.030e3
798.8	2.774e3
799.3	8.000e0
800.1	1.345e3
800.9	2.760e2
801.6	2.251e3
802.2	1.090e3
803.0	1.257e3
803.9	5.190e2
804.5	1.138e3
805.1	2.610e2
805.8	1.779e3
806.4	7.100e1
807.2	1.440e2
807.9	1.230e3
808.8	2.509e3
809.7	6.770e2
810.5	8.050e2
811.2	1.944e3
811.9	1.290e2
812.5	2.321e3
813.1	4.400e1
813.7	6.150e2
814.5	1.005e3
815.3	5.790e2
816.2	1.148e3
817.3	1.204e3
818.1	8.600e2
819.0	1.435e3
819.8	1.817e3
820.5	1.100e1
821.2	1.504e3
822.1	1.252e3
822.9	1.729e3
823.9	1.175e3
824.8	1.103e3
825.4	1.168e3
826.1	3.190e2
826.7	2.303e3
827.6	1.424e3
828.1	8.000e0
828.9	2.760e2
829.6	2.123e3
830.5	1.349e3
831.2	5.030e2
832.1	1.300e3
833.1	2.465e3
834.0	1.198e3
834.5	1.100e1
835.1	5.700e2
835.9	1.062e3
836.8	1.771e3
837.5	5.400e1
838.1	2.656e3
838.7	2.055e3
839.4	3.870e2
840.6	1.596e3
841.5	1.513e3
842.0	1.100e1
842.8	1.251e3
843.8	2.258e3
844.3	8.000e0
845.5	2.205e3
846.3	4.870e2
846.9	1.263e3
847.8	2.004e3
848.5	4.930e2
849.1	2.031e3
850.1	1.791e3
851.2	1.939e3
852.0	1.422e3
852.9	6.100e1
853.5	3.616e3
854.3	2.023e3
855.2	1.495e3
855.9	1.180e2
856.4	1.669e3
857.2	2.220e2
857.7	1.842e3
858.3	2.800e2
859.2	8.500e2
860.0	8.090e2
860.6	1.400e1
861.1	2.577e3
862.1	8.840e2
863.0	1.424e3
863.5	5.000e1
864.1	8.440e2
864.9	1.507e3
866.0	3.330e2
867.0	2.228e3
868.0	7.530e2
868.9	1.685e3
869.5	1.830e2
870.0	1.300e3
871.1	7.240e2
872.0	1.184e3
872.6	2.410e2
874.0	1.451e3
874.8	7.730e2
875.6	1.974e3
876.4	5.770e2
877.2	1.944e3
878.0	5.020e2
878.5	9.000e0
879.1	7.470e2
880.2	2.183e3
880.9	1.920e2
881.5	6.510e2
882.2	1.985e3
883.1	1.006e3
883.9	1.682e3
884.5	9.950e2
885.3	1.778e3
886.0	3.970e2
886.8	9.570e2
887.6	1.724e3
888.4	4.500e1
889.3	1.305e3
890.3	4.010e2
891.3	2.319e3
892.2	1.637e3
892.9	2.110e2
893.5	1.430e3
894.9	3.480e2
895.6	4.160e2
896.2	1.353e3
897.1	7.160e2
898.0	9.870e2
898.7	5.500e2
899.4	1.380e2
899.9	2.193e3
900.4	1.600e1
901.1	1.202e3
901.7	7.100e2
902.4	8.460e2
902.9	1.430e2
903.4	7.100e2
904.1	3.740e2
905.0	7.710e2
905.8	1.411e3
906.6	1.580e2
907.1	7.650e2
908.0	1.309e3
908.6	1.170e2
909.3	1.492e3
910.1	4.100e2
910.9	1.348e3
911.7	6.370e2
912.4	2.445e3
913.4	8.700e2
914.3	1.048e3
915.1	1.640e2
916.1	1.868e3
916.7	2.800e1
917.3	1.515e3
918.3	3.610e2
919.0	4.800e1
919.7	5.770e2
920.4	1.343e3
921.2	7.380e2
922.0	3.330e2
922.6	1.305e3
923.4	1.535e3
924.1	2.470e2
924.8	2.600e1
925.4	6.540e2
925.9	2.000e1
926.5	7.550e2
927.2	1.290e2
927.9	8.860e2
928.9	1.230e3
929.8	1.013e3
930.3	5.600e1
930.9	1.910e3
932.1	7.420e2
933.0	1.502e3
933.7	1.440e2
934.7	1.089e3
935.8	4.400e2
936.5	1.758e3
937.1	1.570e2
937.9	1.345e3
938.4	8.100e1
939.2	1.319e3
939.9	9.000e0
940.5	2.760e2
941.4	1.731e3
942.5	8.700e2
943.4	6.170e2
944.2	1.600e2
945.1	2.143e3
946.0	4.030e2
947.0	1.770e2
947.7	1.125e3
948.4	3.990e2
949.1	1.612e3
949.6	2.250e2
950.3	1.003e3
951.3	5.010e2
952.1	2.005e3
952.7	3.430e2
953.4	2.761e3
954.4	8.860e2
955.7	1.500e3
956.6	2.035e3
957.2	7.600e1
957.9	1.611e3
958.5	2.490e2
959.1	1.900e1
959.9	1.928e3
960.8	1.081e3
961.3	1.100e2
962.2	3.380e2
963.1	1.763e3
963.9	1.280e2
964.5	8.260e2
965.2	4.480e2
965.7	1.318e3
966.6	2.850e3
967.3	9.340e2
968.0	3.220e2
969.0	1.859e3
969.9	1.186e3
970.8	3.360e2
971.5	1.396e3
972.6	1.197e3
973.3	4.590e2
974.3	1.506e3
975.0	1.600e1
975.6	1.463e3
976.3	1.100e2
976.9	2.525e3
977.9	1.395e3
978.8	8.620e2
980.0	9.320e2
980.9	4.980e2
981.5	2.280e2
982.1	1.000e3
982.6	8.000e0
983.3	2.690e2
984.5	1.392e3
985.5	4.300e2
986.2	8.150e2
987.0	1.634e3
987.5	1.340e2
988.2	1.984e3
989.1	8.740e2
990.0	2.760e3
991.3	1.057e3
992.1	2.055e3
993.3	2.160e2
994.0	1.137e3
994.9	8.270e2
995.6	2.961e3
996.2	9.000e0
996.7	1.183e3
997.3	1.800e1
997.9	1.920e3
998.6	4.700e1
999.4	2.435e3
1000.3	1.100e1
1000.9	1.219e3
1001.6	1.960e2
1002.2	2.749e3
1002.8	3.990e2
1003.3	1.102e3
1004.2	2.141e3
1004.9	1.790e2
1005.4	1.525e3
1006.2	1.400e2
1007.0	1.140e3
1007.6	2.450e2
1008.4	2.041e3
1009.3	3.160e2
1010.0	1.810e2
1010.8	1.731e3
1011.6	1.900e1
1012.5	3.086e3
1013.2	1.946e3
1013.7	5.220e2
1014.6	2.405e3
1015.7	1.642e3
1016.2	1.100e1
1016.9	1.192e3
1017.5	8.000e0
1018.0	6.310e2
1019.1	2.004e3
1020.1	6.800e2
1020.8	9.060e2
1021.6	1.433e3
1022.3	2.460e2
1023.1	2.330e2
1023.9	1.579e3
1024.5	8.000e0
1025.0	1.405e3
1026.0	1.144e3
1027.0	1.362e3
1027.7	1.614e3
1028.8	1.080e3
1029.7	1.489e3
1030.3	8.000e0
1030.8	2.329e3
1031.6	6.050e2
1032.3	1.035e3
1033.0	1.840e2
1033.6	2.890e2
1034.3	2.211e3
1035.0	2.321e3
1035.9	1.777e3
1036.5	1.000e1
1037.0	2.340e2
1037.6	1.514e3
1038.4	4.260e2
1039.3	1.690e3
1040.2	1.525e3
1040.9	1.200e2
1041.7	5.330e2
1042.5	2.022e3
1043.2	8.000e0
1044.0	4.830e2
1044.6	3.680e2
1045.7	1.472e3
1046.3	5.240e2
1047.8	1.347e3
1049.1	1.480e2
1049.6	1.705e3
1050.4	6.500e1
1051.2	7.950e2
1051.9	2.630e2
1052.8	4.880e2
1053.6	5.440e2
1054.2	1.666e3
1055.2	2.260e2
1055.9	5.530e2
1056.7	7.750e2
1057.6	9.210e2
1058.4	2.700e2
1059.5	1.820e2
1060.3	4.880e2
1061.1	1.480e2
1061.9	2.288e3
1062.9	1.775e3
1063.6	2.390e2
1064.5	3.780e2
1065.2	2.406e3
1066.1	1.514e3
1067.0	1.132e3
1067.8	2.330e2
1068.4	4.720e2
1069.2	4.290e2
1070.0	9.950e2
1070.5	2.389e3
1071.4	3.470e2
1072.4	2.653e3
1073.2	5.170e2
1074.1	3.780e2
1074.9	7.960e2
1075.9	3.010e2
1076.5	1.000e1
1077.4	1.275e3
1077.9	3.390e2
1078.5	1.222e3
1079.3	3.800e2
1080.0	1.390e2
1080.7	7.480e2
1082.1	1.102e3
1083.4	4.260e2
1084.1	1.208e3
1084.9	4.180e2
1085.9	2.092e3
1086.5	4.510e2
1087.2	2.211e3
1088.2	7.770e2
1088.9	1.700e1
1089.6	9.420e2
1090.4	6.090e2
1091.1	5.220e2
1092.1	8.660e2
1093.1	1.760e2
1094.1	3.220e2
1095.0	7.810e2
1096.0	9.330e2
1096.8	3.650e2
1097.7	1.175e3
1098.6	1.995e3
1099.4	2.880e2
1100.1	1.600e2
1101.1	2.530e2
1102.0	3.670e2
1102.7	5.900e1
1103.6	7.730e2
1104.3	2.190e2
1104.9	1.420e2
1105.5	7.540e2
1106.3	8.000e0
1106.9	2.467e3
1107.5	1.300e1
1108.0	8.800e1
1108.8	1.232e3
1109.8	9.670e2
1110.7	2.180e2
1111.2	1.020e3
1112.1	1.007e3
1112.6	8.000e0
1113.2	3.530e2
1114.2	2.690e2
1114.8	1.221e3
1116.2	3.690e2
1116.8	1.309e3
1117.7	1.321e3
1118.4	1.585e3
1119.2	1.400e2
1119.8	1.080e2
1120.7	1.368e3
1121.3	1.980e2
1121.9	1.404e3
1123.1	4.540e2
1123.7	1.300e1
1124.3	8.690e2
1125.1	2.082e3
1125.6	9.000e0
1126.3	1.179e3
1127.6	7.360e2
1128.4	8.000e0
1128.9	5.040e2
1129.5	1.800e1
1130.2	9.050e2
1131.1	1.575e3
1132.1	1.013e3
1133.1	4.470e2
1133.9	4.920e2
1134.4	1.030e2
1135.2	4.810e2
1136.0	1.814e3
1136.9	1.476e3
1137.5	4.900e1
1138.2	1.219e3
1139.1	1.001e3
1140.0	1.336e3
1140.8	8.880e2
1141.7	4.910e2
1142.4	2.269e3
1143.1	7.970e2
1143.9	9.980e2
1144.8	6.900e2
1145.4	1.000e1
1146.0	2.590e2
1146.7	1.858e3
1147.9	8.520e2
1148.8	2.468e3
1149.8	9.830e2
1150.9	1.221e3
1151.6	2.220e2
1152.6	1.199e3
1153.3	1.780e2
1153.9	1.655e3
1154.7	1.700e2
1155.4	2.725e3
1155.9	1.100e1
1156.4	8.890e2
1157.3	6.150e2
1157.9	2.060e2
1158.5	1.481e3
1159.4	3.100e2
1160.0	1.646e3
1160.8	2.980e2
1161.3	1.030e2
1161.8	1.080e3
1162.9	7.110e2
1163.7	6.500e1
1164.8	1.006e3
1165.7	8.350e2
1166.3	3.710e2
1166.9	2.529e3
1167.5	8.820e2
1168.3	1.778e3
1169.0	1.970e2
1169.5	2.270e2
1170.0	8.670e2
1171.0	8.890e2
1171.6	1.950e2
1172.1	1.006e3
1173.0	1.481e3
1173.8	8.260e2
1174.8	4.700e1
1175.6	2.934e3
1176.9	6.400e1
1177.8	1.074e3
1178.6	5.060e2
1179.2	9.250e2
1180.1	2.880e2
1180.8	2.032e3
1181.6	9.900e1
1182.3	1.797e3
1183.4	2.079e3
1184.3	5.180e2
1185.1	1.251e3
1185.9	9.060e2
1186.7	1.547e3
1187.5	1.790e2
1188.2	4.920e2
1189.3	1.589e3
1189.9	8.900e1
1190.5	1.131e3
1191.3	5.560e2
1192.1	1.807e3
1193.0	1.684e3
1193.9	4.290e2
1194.8	1.310e2
1195.5	8.730e2
1196.1	1.100e1
1196.8	1.057e3
1197.9	1.845e3
1198.9	2.620e2
1199.9	2.940e2
1200.6	9.630e2
1201.6	4.510e2
1202.6	1.431e3
1203.4	3.520e2
1203.9	2.390e2
1204.7	3.200e2
1205.3	8.000e0
1205.9	7.900e2
1206.6	1.431e3
1207.2	8.000e0
1207.7	6.250e2
1208.5	1.999e3
1209.5	1.912e3
1210.4	9.300e2
1211.2	1.738e3
1211.9	8.770e2
1212.8	1.653e3
1213.6	3.620e2
1214.3	5.070e2
1215.1	4.700e1
1216.0	2.240e2
1216.7	1.199e3
1217.7	2.153e3
1218.4	1.970e2
1219.2	2.634e3
1219.8	2.600e2
1220.7	2.290e2
1221.2	1.000e1
1222.2	2.490e2
1223.2	2.010e2
1223.9	4.650e2
1224.6	8.000e0
1225.1	8.540e2
1225.8	1.002e3
1227.1	9.860e2
1228.1	5.130e2
1228.7	2.060e2
1229.3	1.833e3
1230.7	2.138e3
1232.2	1.300e3
1232.8	2.400e1
1233.3	2.146e3
1234.1	5.220e2
1235.2	1.903e3
1236.0	3.070e2
1236.8	1.063e3
1237.5	1.185e3
1238.5	1.065e3
1239.3	1.618e3
1239.9	9.000e0
1240.5	9.420e2
1241.1	2.500e2
1241.9	2.540e2
1242.8	5.000e2
1243.6	4.350e2
1244.5	3.440e2
1245.1	5.590e2
1246.2	3.740e2
1247.0	2.980e2
1248.2	3.610e2
1248.8	1.842e3
1249.3	8.040e2
1249.9	2.700e1
1250.7	9.150e2
1251.5	1.776e3
1252.5	1.260e2
1253.5	7.270e2
1254.4	9.630e2
1255.3	1.167e3
1255.9	2.270e2
1256.5	1.304e3
1257.6	1.930e3
1258.4	4.340e2
1259.1	1.687e3
1260.1	2.670e2
1260.8	5.030e2
1261.4	1.524e3
1262.8	3.910e2
1263.5	1.480e2
1264.1	7.170e2
1265.2	6.090e2
1266.2	1.241e3
1266.7	9.000e0
1267.2	1.927e3
1268.1	7.410e2
1269.0	1.000e1
1269.6	5.740e2
1270.2	1.516e3
1270.8	2.480e2
1271.5	2.167e3
1272.4	1.100e2
1273.1	5.810e2
1273.8	1.060e2
1274.4	2.270e3
1275.7	1.167e3
1276.8	8.350e2
1277.5	6.200e1
1278.2	1.223e3
1279.5	1.317e3
1280.0	1.730e2
1280.9	8.540e2
1281.7	3.460e2
1282.8	1.265e3
1283.4	3.540e2
1284.1	2.099e3
1284.7	4.990e2
1285.5	5.780e2
1286.5	1.130e3
1287.2	3.450e2
1287.7	1.000e1
1288.3	9.990e2
1289.3	2.119e3
1290.4	4.650e2
1291.2	4.610e2
1291.8	3.350e2
1292.3	4.610e2
1293.0	2.370e2
1293.9	6.790e2
1294.9	6.410e2
1296.0	9.590e2
1296.6	1.000e1
1297.1	1.845e3
1297.9	8.000e1
1298.6	2.715e3
1299.5	9.300e1
1300.0	1.325e3
1301.0	3.980e2
1301.7	2.500e1
1302.4	1.340e2
1303.0	8.680e2
1304.0	8.220e2
1304.8	6.550e2
1305.5	3.150e2
1306.3	4.950e2
1307.3	1.461e3
1308.1	3.150e2
1309.2	1.100e1
1309.7	1.783e3
1310.4	2.150e2
1311.0	1.089e3
1311.9	1.000e1
1312.4	2.666e3
1313.6	1.100e3
1314.2	1.000e1
1314.9	5.210e2
1315.6	7.720e2
1316.2	4.230e2
1317.0	3.580e2
1317.6	1.840e3
1318.8	8.070e2
1319.5	2.200e2
1320.1	4.970e2
1320.7	1.600e1
1321.6	1.277e3
1322.1	9.000e0
1322.6	2.100e1
1323.4	6.500e1
1324.0	1.863e3
1324.6	4.300e1
1325.4	1.700e1
1325.9	2.021e3
1327.0	1.943e3
1328.0	2.380e2
1328.8	1.144e3
1329.6	1.500e2
1330.2	7.530e2
1330.9	2.460e2
1331.6	8.000e0
1332.2	8.550e2
1333.3	1.347e3
1333.9	4.340e2
1335.0	4.370e2
1335.7	9.910e2
1336.8	5.500e1
1337.3	1.100e1
1338.0	1.247e3
1338.6	1.950e2
1339.2	6.490e2
1339.8	2.160e2
1340.4	1.840e2
1341.1	1.462e3
1341.8	2.830e2
1342.5	1.145e3
1343.7	4.600e1
1344.4	6.360e2
1345.3	1.145e3
1346.0	1.038e3
1346.5	1.200e1
1347.2	8.360e2
1348.2	1.083e3
1349.2	3.380e2
1349.9	4.410e2
1350.9	8.460e2
1351.5	2.140e2
1352.1	1.746e3
1353.0	1.041e3
1353.6	7.700e1
1354.1	1.437e3
1354.9	8.090e2
1355.5	8.000e0
1356.1	1.245e3
1356.6	2.860e2
1357.4	3.100e1
1358.1	7.440e2
1359.0	2.320e2
1360.6	1.980e2
1361.6	7.350e2
1362.5	6.360e2
1363.3	1.508e3
1364.2	7.250e2
1364.9	5.180e2
1366.3	4.740e2
1367.1	6.000e1
1367.6	1.922e3
1368.6	6.700e2
1369.3	4.100e1
1369.9	2.840e2
1371.1	4.630e2
1371.8	2.032e3
1372.5	3.169e3
1373.1	4.860e2
1374.3	1.691e3
1375.0	8.100e1
1375.5	1.000e1
1376.3	7.650e2
1377.1	2.390e2
1377.6	1.900e1
1378.5	9.110e2
1379.7	1.107e3
1380.6	5.000e2
1381.4	6.340e2
1382.3	2.080e2
1383.1	3.160e2
1384.1	2.100e2
1384.8	6.610e2
1385.8	1.738e3
1386.9	1.300e3
1388.0	2.440e2
1389.4	7.470e2
1390.2	2.700e1
1390.9	1.853e3
1391.5	8.000e0
1392.4	1.198e3
1393.1	4.990e2
1393.9	3.680e2
1394.7	1.265e3
1395.3	5.390e2
1396.0	6.540e2
1397.0	7.820e2
1397.6	5.140e2
1398.3	6.070e2
1398.9	6.020e2
1399.6	3.360e2
1400.6	1.154e3
1401.4	4.100e2
1402.1	8.600e1
1402.9	9.570e2
1403.6	1.700e1
1404.4	1.657e3
1405.3	2.600e1
1405.9	2.700e1
1406.5	9.720e2
1407.3	1.320e2
1408.0	3.800e2
1409.0	5.500e2
1409.5	2.800e1
1410.1	2.066e3
1411.2	2.079e3
1411.8	1.049e3
1412.5	2.660e2
1413.5	7.650e2
1414.1	8.000e0
1414.7	1.576e3
1415.3	1.080e3
1416.2	4.440e2
1416.9	8.400e1
1417.9	2.500e1
1418.7	3.017e3
1419.8	3.540e2
1420.7	1.300e1
1421.2	2.980e2
1421.8	5.800e1
1422.4	4.810e2
1423.6	1.105e3
1424.6	5.370e2
1425.5	7.080e2
1426.5	6.280e2
1427.5	1.314e3
1428.5	4.090e2
1429.5	1.402e3
1430.4	9.610e2
1431.4	4.340e2
1432.1	1.610e2
1432.8	6.500e1
1433.7	8.670e2
1434.7	8.000e0
1435.3	4.300e2
1435.8	1.570e2
1436.6	1.836e3
1437.3	9.000e0
1437.8	1.171e3
1438.5	1.000e1
1439.2	2.142e3
1439.9	2.520e2
1440.4	3.260e2
1441.2	1.040e2
1441.7	1.248e3
1442.3	1.700e1
1442.8	1.461e3
1443.4	8.000e0
1444.1	1.645e3
1445.2	3.800e1
1446.2	1.559e3
1447.6	3.440e2
1448.2	3.650e2
1448.8	8.000e0
1449.5	1.012e3
1450.0	8.200e1
1450.6	5.590e2
1452.4	3.530e2
1452.9	1.920e2
1453.6	1.042e3
1454.1	4.500e1
1454.7	4.300e2
1455.2	8.000e0
1455.7	8.790e2
1456.9	4.810e2
1457.7	1.157e3
1458.5	5.710e2
1459.2	1.000e1
1460.5	4.210e2
1461.6	1.976e3
1463.4	5.250e2
1464.1	3.860e2
1465.1	2.700e1
1465.7	2.950e2
1466.3	9.000e0
1466.8	4.570e2
1467.6	1.800e1
1468.6	3.350e2
1469.3	4.070e2
1470.2	7.560e2
1471.0	1.200e1
1471.8	4.370e2
1472.5	1.800e1
1473.2	3.230e2
1474.1	2.720e2
1474.9	2.428e3
1475.7	1.343e3
1476.3	3.350e2
1477.6	2.290e2
1478.3	2.410e2
1479.5	3.900e1
1480.2	2.300e1
1480.8	2.300e1
1481.5	6.050e2
1482.1	2.300e1
1482.7	5.690e2
1483.2	1.700e1
1484.0	6.000e2
1484.7	8.000e0
1485.3	7.090e2
1486.4	7.300e2
1487.0	1.320e3
1487.7	1.400e1
1488.2	9.350e2
1489.3	4.560e2
1490.1	1.520e3
1490.9	1.240e2
1491.6	1.032e3
1492.5	2.680e2
1493.8	2.090e2
1494.6	4.270e2
1495.1	7.100e1
1496.0	3.790e2
1496.9	8.500e1
1497.6	1.403e3
1498.4	3.470e2
1498.9	8.000e0
1499.9	1.140e2
1500.4	9.000e0
1501.0	1.649e3
1501.9	1.621e3
1502.8	3.400e2
1503.3	1.173e3
1504.5	2.120e2
1505.1	2.122e3
1505.7	7.400e1
1506.8	1.626e3
1507.5	7.930e2
1508.7	1.900e1
1509.4	8.000e0
1509.9	5.350e2
1510.8	2.760e2
1511.6	4.980e2
1512.2	1.191e3
1512.9	3.310e2
1513.9	6.000e1
1514.8	2.130e2
1516.0	4.460e2
1517.0	9.000e0
1517.5	4.080e2
1518.2	1.112e3
1518.8	8.000e0
1519.4	5.100e2
1520.0	8.640e2
1521.3	9.000e2
1521.9	1.600e1
1522.7	3.940e2
1523.3	8.000e0
1523.8	3.880e2
1524.6	1.002e3
1526.1	2.400e2
1527.2	1.343e3
1528.2	7.440e2
1528.9	9.400e2
1530.1	1.893e3
1531.2	9.260e2
1532.0	1.090e3
1532.8	1.132e3
1533.9	1.167e3
1535.2	5.460e2
1535.7	1.000e1
1536.8	4.440e2
1537.4	2.510e2
1537.9	7.700e1
1538.7	2.110e2
1539.7	8.620e2
1540.2	5.200e2
1541.0	5.040e2
1541.9	3.980e2
1542.6	9.490e2
1543.5	2.420e2
1544.3	3.430e2
1545.0	5.920e2
1546.1	1.118e3
1546.6	8.000e0
1547.3	1.800e1
1548.0	8.400e2
1548.5	1.700e1
1549.0	2.900e2
1550.0	7.440e2
1550.7	1.600e1
1551.3	9.020e2
1552.3	1.187e3
1553.1	2.500e1
1553.8	1.055e3
1554.8	1.750e2
1556.0	4.800e2
1556.9	4.640e2
1558.0	1.420e2
1559.0	8.080e2
1560.0	1.370e2
1561.0	5.480e2
1561.8	3.760e2
1562.4	1.049e3
1563.3	5.140e2
1564.0	6.500e1
1564.8	6.960e2
1565.7	1.800e1
1566.4	2.160e2
1567.0	1.000e1
1567.6	2.960e2
1568.4	1.960e2
1569.2	2.500e1
1570.3	3.900e1
1571.3	5.630e2
1572.3	2.400e2
1573.2	3.480e2
1575.1	2.130e2
1575.8	1.418e3
1576.3	6.650e2
1576.9	1.190e2
1577.7	2.056e3
1578.4	3.130e2
1579.2	2.200e1
1579.7	2.280e2
1580.6	5.500e1
1581.2	2.810e2
1581.9	1.370e2
1582.5	1.630e2
1583.1	1.071e3
1583.9	8.600e1
1585.2	1.191e3
1586.2	1.560e2
1586.7	1.275e3
1587.3	3.730e2
1588.1	4.260e2
1589.2	3.930e2
1590.3	1.640e2
1590.8	1.100e1
1591.3	2.190e2
1592.4	1.200e1
1592.9	1.054e3
1593.7	3.500e2
1594.7	9.000e0
1595.7	1.420e2
1596.3	1.000e1
1597.1	2.280e2
1597.7	7.900e2
1598.3	4.200e2
1598.9	2.300e1
1599.5	3.340e2
1600.6	6.100e1
1601.6	4.390e2
1602.2	1.300e1
1602.7	1.645e3
1603.7	2.820e2
1604.6	3.500e1
1605.2	1.000e1
1605.7	8.060e2
1606.3	1.081e3
1607.0	1.800e1
1607.8	1.045e3
1608.7	3.000e1
1609.5	2.310e2
1610.1	1.124e3
1610.7	5.290e2
1611.5	5.450e2
1612.4	1.618e3
1613.1	2.020e2
1613.7	6.720e2
1614.5	8.790e2
1615.3	1.000e1
1615.8	2.580e2
1616.5	1.900e1
1617.4	3.100e1
1618.4	3.270e2
1619.3	4.100e2
1620.2	1.800e1
1621.2	2.100e2
1621.7	8.000e0
1623.3	1.114e3
1623.8	1.070e3
1624.8	2.160e2
1625.6	1.380e2
1626.2	6.070e2
1626.9	1.100e1
1627.6	1.280e3
1628.4	3.630e2
1629.1	2.410e2
1629.7	1.700e1
1630.5	3.100e1
1631.2	1.126e3
1631.8	8.000e0
1632.8	4.320e2
1633.5	1.853e3
1634.4	3.500e2
1635.2	3.900e1
1636.8	4.920e2
1637.7	5.680e2
1638.4	1.714e3
1640.1	4.280e2
1640.9	3.500e1
1641.9	2.630e2
1642.9	1.159e3
1643.7	4.660e2
1644.3	1.348e3
1645.5	1.896e3
1646.3	1.770e2
1646.9	4.490e2
1647.8	6.010e2
1648.3	6.700e1
1648.9	2.990e2
1649.6	8.330e2
1650.1	6.430e2
1651.0	4.240e2
1652.3	1.950e2
1653.1	1.062e3
1654.1	5.040e2
1655.1	4.500e1
1655.9	8.400e1
1656.8	7.290e2
1657.5	9.000e0
1658.1	2.150e2
1658.7	1.251e3
1659.9	6.200e1
1660.8	8.800e2
1661.5	1.584e3
1662.4	9.600e2
1663.6	8.340e2
1664.2	2.600e1
1665.2	1.604e3
1666.1	4.340e2
1666.9	1.800e1
1667.7	6.370e2
1668.3	7.300e1
1668.9	3.500e1
1669.5	2.432e3
1670.6	2.120e2
1671.3	6.080e2
1672.2	8.000e0
1672.8	2.050e2
1673.9	1.710e3
1674.5	1.120e2
1675.5	4.780e2
1676.6	6.500e2
1677.3	1.100e1
1677.9	3.220e2
1678.8	9.750e2
1679.7	2.840e2
1681.0	3.320e2
1681.9	2.300e1
1682.5	3.890e2
1683.8	2.900e1
1684.4	8.020e2
1685.2	1.488e3
1685.9	2.050e2
1686.5	1.800e1
1687.2	3.110e2
1688.0	4.320e2
1689.4	6.080e2
1690.5	4.860e2
1691.3	9.390e2
1692.0	3.550e2
1692.9	2.600e1
1693.4	9.000e0
1694.4	2.170e2
1695.5	6.550e2
1696.2	3.480e2
1696.7	2.000e1
1697.6	1.760e2
1698.2	2.800e2
1699.5	3.270e2
1701.1	1.640e2
1701.6	6.130e2
1702.6	1.029e3
1703.7	1.035e3
1704.4	7.000e1
1705.2	8.420e2
1705.9	2.790e2
1706.8	1.900e1
1707.6	8.290e2
1708.4	1.500e2
1709.4	6.730e2
1710.7	9.460e2
1711.7	2.070e3
1712.3	6.400e1
1713.0	4.460e2
1713.8	6.510e2
1714.8	4.000e1
1715.7	1.000e1
1716.9	9.540e2
1717.8	4.310e2
1718.8	3.080e2
1719.3	2.310e2
1720.1	6.400e1
1721.1	2.900e1
1721.8	9.000e0
1722.4	5.300e2
1723.4	1.270e3
1724.5	3.480e2
1725.3	2.400e1
1726.3	2.270e2
1727.0	1.520e3
1727.8	5.420e2
1728.5	7.700e1
1729.3	1.800e1
1730.2	3.840e2
1731.0	1.900e1
1732.0	1.500e2
1732.5	2.950e2
1733.2	9.000e0
1733.7	1.880e2
1734.2	9.000e0
1734.8	4.400e1
1735.4	3.150e2
1736.0	2.248e3
1736.7	3.060e2
1738.1	5.750e2
1738.7	5.390e2
1739.6	1.160e2
1740.4	4.060e2
1741.0	1.012e3
1741.8	1.011e3
1742.3	8.000e0
1742.9	1.005e3
1743.9	1.800e1
1744.6	7.160e2
1746.1	5.120e2
1746.9	5.900e1
1747.5	1.202e3
1748.3	1.185e3
1749.3	7.460e2
1750.6	4.960e2
1751.4	1.820e2
1752.0	6.000e2
1752.9	7.100e1
1753.4	7.190e2
1754.2	4.700e1
1754.7	8.000e0
1755.5	4.080e2
1756.4	2.620e2
1757.1	1.640e2
1758.0	2.240e2
1758.7	1.561e3
1759.6	1.150e2
1760.2	9.530e2
1761.8	1.280e2
1762.9	2.350e2
1763.7	4.500e1
1764.5	6.320e2
1765.3	3.300e1
1766.2	2.200e1
1767.0	6.160e2
1768.0	3.250e2
1768.9	4.620e2
1769.8	4.140e2
1770.4	4.100e1
1771.0	1.790e2
1771.7	9.000e0
1772.3	8.200e1
1773.0	2.590e2
1774.0	1.000e1
1774.6	2.600e2
1775.9	3.700e1
1776.6	1.900e1
1777.3	6.000e2
1778.2	3.380e2
1779.5	8.520e2
1780.1	1.258e3
1780.9	5.400e1
1781.7	3.500e1
1782.8	4.850e2
1783.9	1.700e1
1784.5	2.600e1
1785.2	3.870e2
1786.5	9.900e2
1787.7	1.000e1
1788.5	1.590e2
1789.5	5.850e2
1790.2	9.000e0
1791.0	1.040e2
1791.6	8.000e0
1792.2	3.100e1
1793.0	1.373e3
1793.9	3.000e1
1794.9	1.070e2
1795.8	1.900e1
1796.6	2.500e1
1797.3	1.000e1
1797.9	3.840e2
1798.9	4.010e2
1799.7	4.460e2
1800.3	2.140e2
1801.1	6.340e2
1801.8	3.100e1
1802.6	1.800e1
1803.4	2.700e1
1804.1	8.600e2
1804.9	1.320e2
1805.9	4.600e2
1806.5	1.078e3
1807.2	4.040e2
1807.8	2.670e2
1808.4	1.610e2
1809.0	6.330e2
1810.0	1.800e1
1810.6	3.000e1
1811.7	1.000e1
1812.2	3.100e1
1812.7	8.000e0
1813.2	2.230e2
1813.8	5.600e1
1814.7	2.600e1
1815.6	1.500e2
1816.2	1.053e3
1816.9	3.900e1
1817.6	7.440e2
1818.2	9.700e1
1818.8	7.000e1
1819.7	2.000e2
1820.4	2.340e2
1821.1	7.050e2
1821.7	8.000e0
1822.5	3.800e1
1823.4	9.000e0
1823.9	1.343e3
1824.7	5.360e2
1825.5	1.280e2
1826.1	8.080e2
1826.9	1.100e1
1827.6	2.470e2
1828.5	9.000e0
1829.5	3.900e2
1830.8	2.800e2
1831.4	1.100e1
1832.1	2.330e2
1833.7	3.270e2
1834.2	3.190e2
1834.9	1.510e2
1835.9	7.610e2
1836.6	8.000e0
1837.2	5.470e2
1837.9	1.600e1
1838.7	4.450e2
1839.5	1.170e2
1840.2	8.410e2
1841.1	3.700e2
1842.0	4.130e2
1843.1	4.600e1
1843.9	3.500e1
1844.7	2.920e2
1845.3	6.740e2
1846.0	1.410e2
1846.7	9.290e2
1847.6	1.570e2
1849.3	3.590e2
1850.2	5.660e2
1850.8	3.600e1
1851.4	2.610e2
1851.9	5.730e2
1852.5	3.300e1
1853.1	2.100e1
1853.9	1.800e1
1854.5	3.030e2
1855.1	6.640e2
1856.0	3.450e2
1856.9	6.820e2
1857.8	3.100e1
1858.4	8.000e0
1859.2	4.170e2
1860.0	8.000e0
1860.6	5.460e2
1861.3	2.210e2
1861.8	1.990e2
1862.5	3.200e1
1863.2	7.160e2
1864.0	2.400e2
1864.6	9.000e0
1865.1	2.700e1
1865.8	4.100e2
1866.5	1.040e2
1867.6	3.550e2
1868.6	6.950e2
1869.6	7.040e2
1870.2	1.420e2
1870.9	1.058e3
1871.8	1.236e3
1873.0	2.010e3
1873.7	8.000e1
1874.5	4.060e2
1875.3	4.900e1
1876.1	2.139e3
1876.7	4.940e2
1877.3	3.860e2
1878.1	1.000e1
1878.7	5.300e1
1879.4	1.930e2
1880.0	9.280e2
1880.9	9.000e0
1881.4	4.890e2
1882.0	2.100e1
1883.2	5.190e2
1883.8	3.580e2
1884.7	6.110e2
1885.5	8.000e0
1886.1	3.500e2
1886.8	4.600e1
1887.8	5.300e1
1888.7	1.870e2
1889.6	1.600e1
1891.0	6.750e2
1891.7	8.660e2
1892.6	6.400e2
1893.1	2.270e2
1893.9	8.000e0
1894.5	1.870e2
1895.2	1.147e3
1896.1	3.000e1
1896.6	2.000e1
1897.2	1.100e1
1897.8	3.390e2
1898.8	2.500e1
1899.8	2.860e2
1900.7	1.683e3
1901.6	4.000e1
1902.3	1.000e1
1903.1	1.160e2
1904.2	8.000e0
1904.8	2.350e2
1905.5	2.970e2
1906.5	6.720e2
1907.4	1.600e1
1908.1	4.300e1
1909.5	4.800e1
1910.5	5.300e1
1911.3	8.900e2
1912.2	4.700e1
1913.0	7.700e2
1913.8	5.710e2
1914.6	2.900e1
1915.4	3.000e1
1916.3	5.400e1
1917.2	2.300e1
1917.9	2.500e1
1918.7	4.700e1
1919.5	9.400e1
1920.1	2.800e1
1921.1	5.600e1
1922.3	3.040e2
1923.0	5.000e1
1924.3	1.750e2
1924.9	2.200e1
1925.8	6.740e2
1926.6	4.170e2
1927.8	2.650e2
1929.5	8.120e2
1930.6	4.010e2
1931.4	2.800e1
1932.1	6.800e1
1933.0	1.005e3
1934.0	1.260e2
1935.4	7.610e2
1936.2	2.900e1
1936.8	9.000e0
1937.4	2.190e2
1938.2	9.400e1
1938.9	8.000e0
1939.6	1.500e2
1940.5	1.799e3
1941.6	2.350e2
1942.4	3.600e1
1943.0	3.100e2
1943.6	1.980e2
1944.4	2.700e1
1945.2	4.400e1
1946.1	1.061e3
1947.0	8.000e0
1947.5	6.040e2
1948.3	1.700e1
1949.1	5.670e2
1950.1	5.230e2
1950.9	2.900e1
1952.4	2.410e2
1953.1	1.800e1
1953.9	2.260e2
1954.5	1.337e3
1955.4	2.490e2
1956.0	9.000e0
1957.2	2.500e1
1958.4	3.560e2
1959.1	1.610e2
1959.9	9.440e2
1961.3	4.700e1
1962.1	9.200e1
1963.0	1.800e1
1964.0	1.000e1
1964.7	1.053e3
1965.5	9.000e0
1966.0	8.000e0
1966.6	5.380e2
1967.2	7.800e2
1967.9	1.179e3
1968.5	9.600e1
1969.3	2.400e1
1970.0	1.370e2
1970.7	6.640e2
1971.8	5.480e2
1972.9	3.500e1
1973.8	4.600e1
1974.6	2.830e2
1975.5	9.500e1
1976.4	5.650e2
1977.2	4.300e1
1978.0	5.100e1
1978.9	8.830e2
1979.7	5.450e2
1980.4	9.000e0
1981.0	1.930e2
1981.5	1.300e1
1982.1	2.110e2
1982.7	2.650e2
1983.7	8.000e0
1984.4	6.960e2
1985.8	8.000e0
1986.4	5.440e2
1987.2	4.200e1
1987.8	5.520e2
1989.1	2.800e1
1990.2	8.840e2
1991.0	9.000e0
1991.7	5.700e1
1992.8	6.890e2
1993.3	1.200e1
1993.9	3.000e1
1994.6	9.060e2
1995.5	1.620e2
1996.4	5.740e2
1997.0	1.180e2
1998.5	6.940e2
1999.6	7.800e2
