100.5	7.942e4
101.2	1.122e6
102.2	8.487e5
103.2	6.366e5
104.2	1.996e5
104.7	6.584e3
105.2	1.658e5
106.2	3.421e5
106.9	2.724e4
107.4	5.622e5
108.3	5.747e5
109.1	4.247e5
109.6	1.428e4
110.2	2.094e6
111.2	2.477e6
112.2	8.521e5
113.2	3.744e5
114.2	6.675e5
114.7	2.240e3
115.2	9.110e5
115.7	3.190e2
116.3	3.124e5
117.2	3.275e5
118.2	4.419e5
119.1	1.146e6
119.7	7.923e3
120.2	5.218e5
121.2	2.393e5
121.7	1.641e4
122.3	8.525e5
123.2	1.875e5
124.2	1.617e5
125.2	2.534e5
126.2	8.811e5
126.7	1.777e3
127.2	2.863e5
128.2	1.908e5
128.7	8.863e3
129.2	4.135e5
130.2	2.032e5
131.1	8.425e5
131.7	2.509e3
132.2	3.867e5
132.8	1.157e3
133.3	3.356e5
134.2	2.221e5
135.2	2.614e5
136.1	6.908e5
136.7	1.018e3
137.2	3.546e5
137.7	6.130e3
138.3	5.809e5
139.3	2.299e5
140.2	3.434e5
141.2	3.392e5
142.2	2.301e6
143.2	3.171e5
144.2	3.422e5
145.2	2.185e5
146.2	1.818e5
146.7	3.658e3
147.2	2.699e5
148.2	1.146e5
148.7	2.744e3
149.2	3.898e5
150.2	2.364e5
150.8	2.131e3
151.3	1.345e5
152.3	1.303e5
153.2	1.312e5
154.2	2.117e5
155.2	3.994e5
155.7	6.773e3
156.3	2.256e5
157.2	5.251e5
158.2	5.189e5
159.2	1.906e6
160.2	7.121e5
160.8	1.620e2
161.3	1.434e5
162.2	1.516e5
163.2	1.888e5
164.2	2.518e5
164.8	1.200e3
165.3	1.951e5
166.2	7.250e4
167.1	1.038e5
167.8	4.200e5
168.5	1.092e5
169.3	6.845e4
170.3	1.120e5
171.3	2.262e5
172.2	3.197e5
173.2	3.432e5
174.3	1.323e5
175.0	1.070e5
175.8	4.318e5
176.5	7.781e4
177.1	5.152e5
177.7	1.386e4
178.2	1.581e5
178.8	1.045e4
179.3	1.729e5
180.3	8.352e4
181.3	1.996e5
182.3	1.290e5
183.2	1.625e6
183.8	5.094e3
184.4	2.842e5
185.2	1.260e6
186.1	2.847e5
186.7	3.550e3
187.2	9.367e5
187.7	4.761e3
188.3	3.094e5
189.2	1.924e5
190.2	9.215e4
190.7	2.570e2
191.2	1.221e5
191.7	8.940e2
192.3	1.347e5
193.3	1.563e5
193.8	2.242e3
194.3	2.700e5
194.8	8.390e2
195.4	1.771e5
195.9	8.510e2
196.4	1.881e6
197.4	4.565e5
198.4	7.115e5
199.3	1.666e5
200.2	3.255e5
200.7	1.304e3
201.3	2.502e5
202.3	1.483e5
203.3	2.727e5
204.2	1.325e5
205.2	1.629e5
205.7	3.950e2
206.2	1.168e5
207.2	1.062e5
207.8	1.146e3
208.3	8.268e4
209.2	1.607e5
210.2	1.203e5
211.3	8.133e4
212.3	1.351e5
213.2	6.027e4
213.7	4.320e2
214.3	7.589e6
215.4	1.034e6
216.3	5.652e5
217.3	3.133e5
217.8	3.294e3
218.4	3.483e5
219.3	1.758e5
220.3	1.808e5
221.3	1.282e5
222.3	9.974e4
223.3	6.665e4
224.2	2.244e5
224.8	1.089e3
225.3	1.224e5
226.2	1.019e5
227.2	3.318e5
227.7	1.053e3
228.2	1.436e5
229.2	1.116e5
230.2	8.723e4
230.8	5.588e3
231.3	3.062e5
232.3	1.190e5
233.2	1.449e5
234.3	1.153e5
235.2	1.422e5
235.8	3.956e3
236.3	1.627e6
237.3	4.380e5
238.3	2.106e5
238.8	6.600e2
239.3	1.402e5
240.3	8.926e4
241.3	6.505e4
242.2	1.033e5
243.2	1.667e5
244.2	8.175e4
244.8	1.510e3
245.3	7.584e4
245.8	2.430e2
246.4	8.480e4
246.9	1.737e3
247.4	8.213e4
248.3	6.122e4
249.2	7.285e4
249.7	1.115e3
250.3	8.372e4
250.8	5.250e2
251.3	6.967e4
252.3	1.203e5
253.3	8.817e4
253.8	8.800e2
254.3	1.181e5
255.3	8.768e4
255.8	4.593e3
256.4	6.111e4
257.3	4.988e4
258.1	5.724e4
258.7	7.635e3
259.4	1.828e5
260.3	8.252e4
260.8	5.362e3
261.4	1.479e5
262.4	9.169e4
263.2	5.671e4
263.7	8.430e2
264.3	7.043e4
265.2	5.563e4
266.2	4.248e4
266.7	1.750e2
267.3	6.524e4
267.8	2.854e3
268.3	3.160e4
269.2	4.861e4
269.8	6.876e3
270.4	3.965e4
271.4	9.557e4
272.3	5.895e4
273.3	6.310e4
273.8	7.180e2
274.3	5.893e4
275.3	5.277e4
276.3	6.525e4
276.8	1.550e3
277.3	1.005e5
277.8	1.001e3
278.3	7.741e4
279.3	8.656e4
280.3	5.146e4
281.2	6.614e4
282.3	5.128e4
283.3	5.712e4
283.9	4.253e3
284.5	5.231e4
285.3	2.880e4
286.1	5.341e4
286.7	1.961e3
287.2	6.555e4
288.2	6.139e4
288.7	7.970e2
289.2	7.323e4
289.8	1.147e3
290.3	4.014e4
290.8	4.580e2
291.3	4.881e4
292.3	6.960e4
292.9	3.980e2
293.4	4.952e4
294.3	4.311e4
295.3	5.669e4
296.3	5.636e4
297.3	3.756e4
297.8	1.236e3
298.3	5.250e4
298.8	1.380e3
299.3	3.869e4
300.3	4.159e4
300.8	9.400e1
301.4	4.454e4
302.3	4.995e4
303.3	5.754e4
304.2	8.198e4
304.7	6.450e2
305.3	9.945e4
306.2	4.324e4
307.2	4.168e4
307.8	2.231e3
308.3	3.380e4
309.2	3.520e4
310.1	4.329e4
310.7	3.905e3
311.3	3.592e4
312.3	2.559e4
313.3	4.251e4
313.8	3.100e2
314.3	8.523e4
315.3	4.609e4
316.3	7.198e4
316.8	1.670e2
317.3	4.349e4
318.3	3.436e4
319.3	3.446e4
319.9	2.422e3
320.4	3.981e4
321.4	7.664e4
322.2	3.166e4
323.1	5.431e4
323.7	3.892e3
324.3	3.150e4
325.2	3.855e4
325.7	6.590e2
326.3	5.826e4
327.3	4.185e4
327.8	1.181e3
328.3	3.336e4
329.3	4.197e4
329.9	5.080e2
330.4	4.007e4
331.3	9.358e4
332.3	9.932e4
332.8	4.600e1
333.4	5.858e4
333.9	8.840e2
334.4	5.118e4
335.1	9.591e3
335.7	4.772e4
336.5	1.405e4
337.2	4.436e4
337.8	4.185e3
338.4	3.940e4
338.9	2.480e2
339.4	4.237e4
340.4	4.048e4
341.3	3.086e4
342.3	4.190e4
343.3	3.350e4
344.3	4.798e4
344.8	2.250e3
345.3	5.818e4
346.3	3.590e4
347.3	5.444e4
348.2	5.517e4
349.2	7.205e4
349.8	7.590e2
350.3	4.729e4
350.8	1.056e3
351.4	6.224e4
352.3	4.265e4
353.3	3.928e4
354.3	1.464e5
354.8	4.180e2
355.3	1.713e5
356.3	6.059e4
357.2	6.116e4
357.8	1.388e3
358.3	4.437e4
359.3	8.592e4
360.3	4.702e4
361.2	3.380e4
362.2	2.888e4
363.2	7.557e4
363.7	1.226e3
364.3	4.594e4
364.9	1.713e3
365.4	9.287e4
366.3	1.921e4
367.0	4.116e4
367.6	8.836e3
368.3	4.055e4
369.2	2.850e4
370.1	2.353e4
370.9	3.890e4
371.5	3.323e3
372.0	3.025e4
372.8	4.105e4
373.6	1.488e4
374.4	2.879e4
375.3	3.343e4
376.3	2.570e4
376.8	5.280e2
377.4	4.352e4
378.2	2.888e4
379.1	3.729e4
379.7	2.782e3
380.3	2.680e4
381.2	4.764e4
382.2	3.174e4
382.8	3.625e3
383.4	3.398e4
384.3	1.895e4
385.2	3.628e4
386.2	2.580e4
387.1	1.184e4
387.7	2.644e4
388.5	1.635e4
389.2	2.837e4
390.0	9.335e3
390.7	2.673e4
391.7	3.959e4
392.3	1.904e3
392.9	2.045e4
393.8	2.435e4
394.4	1.787e3
395.1	2.959e4
395.7	5.064e3
396.3	3.618e4
397.2	2.566e4
398.2	2.571e4
398.8	1.105e3
399.3	2.537e4
399.9	5.770e2
400.4	2.465e4
401.2	1.399e4
402.1	1.995e4
403.1	2.065e4
404.1	2.647e4
405.1	2.066e4
405.8	7.571e3
406.5	2.679e4
407.4	1.500e4
408.3	2.506e4
409.2	4.151e4
410.2	2.038e4
411.2	2.897e4
412.2	1.759e4
412.7	3.723e3
413.3	3.087e4
414.2	2.009e4
415.2	2.612e4
416.1	3.080e4
416.7	3.517e3
417.3	1.828e4
418.3	1.466e4
419.2	2.539e4
420.1	1.973e4
421.0	2.331e4
422.0	2.530e4
422.9	2.101e4
423.4	3.690e2
424.0	1.671e4
424.7	6.572e3
425.4	2.734e4
426.3	1.203e4
426.8	6.540e2
427.4	3.632e4
428.3	1.693e4
429.4	2.609e4
430.3	2.088e4
431.3	7.436e4
432.2	2.312e4
433.2	2.328e4
434.0	1.456e4
434.8	2.128e4
435.4	1.621e3
436.0	1.643e4
436.5	6.420e2
437.0	1.772e4
438.0	2.872e4
439.0	1.612e4
439.6	1.402e3
440.2	1.798e4
440.7	1.278e3
441.3	2.272e4
441.9	2.173e3
442.6	2.338e4
443.3	8.958e3
444.1	1.780e4
445.1	1.238e4
446.0	1.832e4
446.6	2.103e3
447.2	3.811e4
448.1	1.862e4
448.8	2.556e3
449.4	5.659e4
450.4	3.086e4
451.0	1.070e3
451.5	2.760e4
452.4	1.744e4
453.3	1.660e4
454.3	1.806e4
455.2	2.448e4
455.9	5.418e3
456.6	2.020e4
457.1	3.910e2
457.7	1.525e4
458.5	9.155e3
459.3	1.857e4
460.3	1.555e4
461.2	1.004e4
462.1	1.602e4
462.9	7.331e3
463.6	1.836e4
464.2	2.112e3
465.0	1.755e4
465.6	5.120e2
466.2	1.209e4
466.7	3.170e2
467.2	1.487e4
468.2	2.107e4
468.8	1.429e3
469.4	1.199e4
469.9	1.183e3
470.4	1.399e4
471.2	9.317e3
472.2	1.836e4
473.1	1.168e4
474.0	1.464e4
475.0	1.935e4
476.1	1.706e4
476.6	2.402e3
477.4	1.983e4
478.4	1.700e4
479.3	1.334e4
480.2	1.587e4
481.1	7.894e3
482.0	1.891e4
482.5	1.268e3
483.1	1.257e4
483.7	1.955e3
484.3	1.125e4
485.1	1.688e4
485.6	8.000e0
486.2	1.829e4
487.3	1.977e4
487.8	2.098e3
488.5	1.623e4
489.5	1.816e4
490.3	9.476e3
491.2	1.928e4
492.2	1.212e4
493.1	1.782e4
493.8	2.325e3
494.4	1.934e4
495.3	8.154e3
496.0	3.128e3
496.7	1.627e4
497.5	1.359e4
498.4	9.163e3
499.2	4.224e4
500.1	2.267e4
501.1	1.250e4
502.0	9.284e3
502.5	2.150e2
503.2	1.457e4
503.8	1.961e3
504.4	1.209e4
505.2	1.645e4
506.1	1.345e4
506.7	4.700e2
507.2	1.619e4
508.3	1.087e4
509.2	1.948e4
510.2	1.469e4
511.1	2.368e4
512.0	1.120e4
512.7	2.952e3
513.3	1.889e4
513.8	4.580e2
514.3	1.494e4
515.2	2.618e4
516.3	1.676e4
516.8	3.380e2
517.3	1.806e4
517.9	1.678e3
518.5	1.403e4
519.5	1.451e4
520.3	1.065e4
521.2	1.373e4
521.7	1.000e1
522.2	1.712e4
522.8	9.430e2
523.4	1.427e4
524.3	1.081e4
525.3	1.637e4
526.3	1.706e4
527.2	2.687e4
527.8	1.051e3
528.3	1.673e4
529.3	1.151e4
530.3	1.285e4
531.3	1.286e4
532.1	1.480e4
532.7	5.430e2
533.3	1.244e4
534.1	8.321e3
535.0	1.549e4
535.5	1.004e3
536.2	1.095e4
537.2	1.023e4
538.3	1.345e4
539.1	1.299e4
539.9	4.551e3
540.6	1.298e4
541.5	1.660e4
542.5	1.981e4
543.4	1.213e4
544.2	8.669e3
545.2	1.419e4
546.2	1.686e4
547.2	1.280e4
548.1	1.232e4
549.0	1.242e4
550.0	6.202e3
550.8	1.604e4
551.4	9.220e2
552.0	1.234e4
553.0	7.822e3
553.9	3.627e3
554.5	1.159e4
555.4	1.642e4
556.3	1.097e4
557.0	1.697e3
557.5	7.580e3
558.4	1.331e4
559.1	4.171e3
559.7	1.986e4
560.4	3.072e3
561.2	1.806e4
562.2	7.376e3
563.1	1.915e4
563.9	3.502e3
564.5	1.149e3
565.2	1.442e4
565.8	7.840e2
566.3	8.411e3
567.2	2.886e4
568.0	8.052e3
568.9	1.075e4
569.7	1.157e4
570.4	6.068e3
571.2	1.456e4
571.9	1.504e3
572.5	1.034e4
573.5	1.228e4
574.3	9.910e3
575.2	1.357e4
576.1	1.232e4
576.7	2.778e3
577.3	1.440e4
578.2	3.635e3
578.9	1.198e4
579.7	1.490e4
580.4	4.397e3
581.1	1.330e4
582.1	9.174e3
583.0	2.440e4
583.6	9.000e0
584.1	1.253e4
585.1	8.292e3
585.7	2.749e3
586.3	1.381e4
587.2	7.577e3
588.1	7.554e3
589.0	1.818e4
589.6	9.980e2
590.2	6.928e3
591.0	1.297e4
591.6	2.093e3
592.2	1.006e4
593.2	7.516e3
594.2	1.121e4
595.1	8.655e3
596.1	9.758e3
597.0	9.369e3
597.9	1.094e4
598.9	1.333e4
599.7	2.548e3
600.5	5.553e3
601.4	4.959e3
601.9	1.100e1
602.4	1.185e4
603.3	1.181e4
604.3	2.856e3
605.0	1.215e4
605.9	8.324e3
606.9	1.033e4
607.5	1.800e3
608.1	9.461e3
608.8	2.754e3
609.4	9.248e3
610.4	5.535e3
610.9	2.250e2
611.5	9.528e3
612.4	2.968e3
613.3	1.031e4
614.3	1.100e4
615.2	6.163e3
616.1	1.105e4
617.0	1.029e4
617.7	2.141e3
618.3	7.790e3
619.1	7.173e3
619.7	1.038e3
620.3	6.369e3
621.2	7.125e3
621.9	2.650e2
622.4	8.524e3
623.0	5.020e2
623.5	1.384e4
624.3	6.750e3
624.9	1.493e3
625.5	8.686e3
626.5	7.115e3
627.0	1.052e3
627.6	1.105e4
628.4	1.609e3
629.1	1.302e4
629.6	2.590e2
630.5	1.022e4
631.3	2.016e3
632.0	1.519e4
633.0	6.881e3
633.5	8.000e0
634.0	7.415e3
634.6	9.100e2
635.1	2.292e4
635.7	7.990e2
636.4	1.194e4
637.3	3.016e3
637.9	1.042e4
638.4	8.490e2
639.0	1.119e4
640.0	1.827e3
640.6	3.588e3
641.3	9.647e3
642.3	7.067e3
643.3	1.051e4
644.2	7.053e3
645.2	6.459e3
646.1	4.520e3
646.9	2.623e3
647.6	9.498e3
648.6	8.278e3
649.4	2.137e3
650.2	9.094e3
650.9	1.210e3
651.6	9.856e3
652.2	1.714e3
652.9	1.105e4
653.9	9.323e3
654.6	5.029e3
655.4	8.529e3
656.2	9.010e2
656.8	7.991e3
657.8	1.014e4
658.6	2.938e3
659.4	6.809e3
660.2	2.114e3
660.9	1.023e4
661.6	3.607e3
662.4	1.261e4
663.1	1.432e3
663.8	9.683e3
664.4	7.950e2
665.1	8.047e3
666.1	7.403e3
666.7	8.770e2
667.2	5.571e3
667.7	1.214e3
668.4	6.233e3
668.9	3.970e2
669.6	9.880e3
670.3	3.843e3
671.0	7.934e3
672.2	4.052e3
673.0	8.884e3
673.7	1.374e3
674.4	4.643e3
675.1	8.928e3
675.7	5.620e2
676.3	6.324e3
677.3	5.018e3
678.1	4.943e3
678.9	2.965e3
679.4	3.360e2
680.1	5.928e3
680.9	7.672e3
681.8	3.724e3
682.8	4.357e3
683.8	6.111e3
684.4	1.170e2
684.9	6.634e3
685.7	2.595e3
686.6	4.803e3
687.6	1.016e4
688.3	2.857e3
689.1	6.321e3
689.7	4.260e2
690.3	9.246e3
690.8	2.690e2
691.4	5.601e3
692.3	7.774e3
693.0	4.543e3
693.8	7.514e3
694.5	1.130e3
695.1	5.153e3
696.0	4.936e3
696.7	4.030e2
697.3	1.294e4
698.0	2.950e3
698.8	1.165e4
699.4	9.510e2
699.9	6.381e3
700.9	6.065e3
701.7	1.018e3
702.3	7.660e3
703.3	2.527e4
704.1	4.842e3
704.7	9.340e2
705.3	1.151e4
706.3	6.328e3
706.8	1.100e1
707.4	3.924e3
708.2	5.609e3
708.8	9.000e0
709.3	6.235e3
710.0	9.160e2
710.5	2.718e3
711.4	5.877e3
712.4	6.597e3
713.5	8.046e3
714.3	6.470e3
715.1	1.173e3
715.8	6.735e3
716.6	2.632e3
717.2	7.848e3
717.8	2.320e2
718.3	7.200e3
719.2	1.364e4
720.1	6.142e3
721.1	7.859e3
721.6	2.400e2
722.1	5.466e3
722.7	7.750e2
723.5	4.322e3
724.4	4.091e3
725.1	1.211e3
725.6	7.343e3
726.2	1.704e3
727.0	8.416e3
728.0	7.498e3
728.9	4.358e3
729.8	5.537e3
730.5	1.749e3
731.2	1.053e4
731.8	8.000e0
732.3	9.870e3
733.3	8.900e3
733.9	5.450e2
734.5	9.615e3
735.1	2.079e3
735.9	7.826e3
736.4	2.830e2
737.0	7.885e3
737.9	7.160e2
738.5	5.324e3
739.5	1.005e4
740.2	2.763e3
740.9	7.190e3
741.5	1.866e3
742.2	7.268e3
742.7	1.000e1
743.2	3.687e3
743.9	1.166e3
744.5	4.030e3
745.3	7.533e3
746.0	6.400e2
746.6	7.162e3
747.3	3.750e3
748.1	6.305e3
749.1	5.486e3
749.9	7.685e3
750.8	4.801e3
751.6	2.301e3
752.3	8.903e3
753.4	8.368e3
754.1	3.408e3
754.7	3.850e2
755.3	4.596e3
755.9	1.933e3
756.7	4.679e3
757.7	4.219e3
758.5	8.561e3
759.1	1.107e3
759.9	6.830e3
760.8	3.989e3
761.7	3.629e3
762.7	4.153e3
763.7	9.625e3
764.6	3.900e3
765.3	1.108e4
766.2	2.296e3
767.1	4.991e3
767.8	5.530e2
768.4	6.270e3
769.1	2.131e3
769.9	5.234e3
770.5	1.034e3
771.1	1.155e4
771.7	5.280e2
772.3	1.376e4
773.3	2.998e3
774.0	7.895e3
774.8	1.368e3
775.4	5.095e3
776.2	9.575e3
777.2	3.646e3
778.0	7.141e3
778.5	3.950e2
779.1	6.097e3
779.6	5.520e2
780.2	5.214e3
781.2	5.680e3
782.1	7.454e3
782.7	1.100e1
783.3	1.377e3
783.9	4.545e3
784.5	2.260e2
785.2	5.754e3
785.9	2.463e3
786.6	5.736e3
787.4	5.006e3
788.5	5.781e3
789.2	1.723e3
789.8	9.000e0
790.4	6.490e3
791.5	3.591e3
792.1	9.350e2
792.8	4.999e3
793.8	6.150e3
794.9	3.778e3
795.8	8.986e3
796.7	2.475e3
797.6	8.639e3
798.2	1.730e3
798.9	3.427e3
799.8	5.551e3
800.5	8.100e1
801.1	1.159e4
802.1	4.927e3
803.1	5.738e3
803.6	5.490e2
804.2	8.717e3
805.1	1.162e4
805.6	2.620e2
806.2	9.026e3
807.0	2.463e3
808.0	7.013e3
809.0	1.481e3
809.7	7.659e3
810.4	9.410e2
811.0	6.977e3
811.9	6.789e3
812.6	1.615e3
813.3	3.473e3
813.9	1.015e3
814.5	5.368e3
815.2	1.923e3
816.1	1.683e3
816.9	4.065e3
817.6	1.159e3
818.2	5.916e3
818.8	9.720e2
819.4	4.657e3
820.0	2.363e3
820.8	7.865e3
821.8	5.445e3
822.5	2.875e3
823.4	9.815e3
824.1	1.395e3
824.7	8.880e3
825.7	5.300e3
826.7	8.221e3
827.4	5.658e3
828.1	2.789e3
828.7	4.970e2
829.2	7.242e3
829.8	1.169e3
830.4	3.499e3
831.3	5.839e3
832.1	2.790e3
832.7	1.031e3
833.2	1.053e4
834.2	2.195e3
835.2	8.464e3
835.7	6.660e2
836.3	7.459e3
836.8	5.240e2
837.5	6.538e3
838.4	2.840e3
839.3	1.619e4
840.2	7.098e3
840.8	4.580e2
841.3	5.269e3
841.9	6.250e2
842.4	7.602e3
843.3	2.840e2
843.8	8.784e3
844.7	3.874e3
845.2	9.000e0
845.8	6.772e3
846.6	3.010e3
847.2	1.036e3
847.9	6.288e3
848.5	1.634e3
849.4	5.579e3
849.9	5.040e2
850.5	6.169e3
851.4	4.132e3
852.1	2.258e3
852.7	6.018e3
853.5	8.320e2
854.0	7.186e3
854.6	7.440e2
855.2	7.608e3
856.2	8.410e3
856.9	1.004e3
857.7	4.709e3
858.7	1.662e3
859.4	8.056e3
860.1	1.160e3
860.8	6.809e3
861.7	3.353e3
862.3	5.170e2
863.0	4.326e3
863.7	1.618e3
864.3	4.872e3
865.0	3.163e3
865.9	7.103e3
866.9	5.162e3
867.5	1.157e3
868.2	5.314e3
868.7	1.100e1
869.3	8.159e3
870.3	7.953e3
870.9	6.300e2
871.5	6.992e3
872.5	2.043e3
873.4	7.495e3
874.4	2.792e3
875.3	3.401e3
876.2	1.037e3
877.2	2.050e3
878.0	3.807e3
879.0	5.352e3
880.0	8.256e3
880.5	1.500e2
881.1	7.374e3
882.0	4.885e3
882.5	1.010e2
883.0	5.152e3
883.8	1.056e3
884.6	4.394e3
885.3	2.534e3
886.1	3.105e3
887.0	2.584e3
888.0	7.730e3
888.9	1.801e3
890.0	2.417e3
890.9	8.700e1
891.6	3.974e3
892.3	3.620e2
892.9	5.242e3
893.4	5.820e2
894.0	3.060e3
895.0	5.268e3
895.8	1.465e3
896.6	4.599e3
897.4	2.231e3
898.2	6.421e3
899.1	5.114e3
899.7	3.660e2
900.3	4.949e3
901.1	5.782e3
901.8	9.580e2
902.7	2.357e3
903.5	3.325e3
904.1	8.000e0
904.6	4.545e3
905.2	5.570e2
905.8	3.601e3
906.7	8.969e3
907.6	5.954e3
908.2	2.859e3
908.8	5.597e3
909.5	1.026e3
910.2	4.991e3
911.3	4.808e3
912.2	3.522e3
912.8	8.400e2
913.6	8.423e3
914.2	1.770e2
914.8	7.040e3
915.7	2.632e3
916.5	4.609e3
917.3	1.920e3
918.0	2.450e2
918.6	2.642e3
919.4	2.782e3
920.3	3.985e3
921.3	3.189e3
922.0	5.022e3
923.1	5.297e3
923.7	1.451e3
924.6	6.323e3
925.5	3.357e3
926.1	2.180e2
926.6	2.172e3
927.4	4.976e3
928.0	7.500e2
928.7	5.373e3
929.4	1.000e1
929.9	3.652e3
930.4	1.100e1
931.1	3.402e3
931.7	9.000e0
932.2	5.979e3
932.8	8.000e0
933.3	4.833e3
934.4	4.460e3
935.1	1.294e3
935.8	8.306e3
936.5	2.958e3
937.2	3.460e2
937.7	1.600e1
938.2	6.347e3
939.3	3.135e3
939.9	3.050e2
940.5	2.922e3
941.2	1.940e2
941.8	8.874e3
942.6	8.320e2
943.6	1.015e3
944.4	3.214e3
945.0	1.275e3
945.6	6.764e3
946.4	1.172e3
947.1	2.991e3
948.0	4.433e3
948.9	6.295e3
950.1	3.478e3
950.7	9.000e0
951.2	3.843e3
952.2	4.461e3
953.0	3.147e3
953.8	6.945e3
954.3	9.000e0
954.9	1.687e3
956.2	3.150e3
957.1	3.037e3
958.0	3.409e3
958.6	3.210e2
959.2	7.553e3
959.8	4.800e1
960.3	4.376e3
961.0	1.321e3
961.7	9.930e2
962.4	5.880e3
963.4	2.355e3
964.3	4.212e3
965.2	3.367e3
965.7	7.690e2
966.4	3.725e3
967.3	4.897e3
968.0	9.710e2
968.8	4.667e3
969.7	6.946e3
970.7	2.560e3
971.5	2.730e2
972.2	3.711e3
972.8	6.670e2
973.4	2.997e3
974.3	2.766e3
975.3	7.628e3
976.0	8.550e2
976.6	4.542e3
977.3	1.450e3
978.0	4.485e3
978.5	5.400e1
979.2	3.107e3
980.1	1.915e3
980.7	3.225e3
981.8	2.504e3
982.6	1.579e3
983.2	5.397e3
984.1	4.540e3
984.7	1.012e3
985.3	4.544e3
986.1	3.680e2
986.9	1.865e3
987.6	2.379e3
988.4	3.636e3
989.0	3.100e2
989.6	4.634e3
990.6	2.151e3
991.5	5.218e3
992.1	7.760e2
992.9	3.364e3
993.6	3.297e3
994.4	3.224e3
995.4	3.231e3
996.5	1.149e3
997.5	4.196e3
998.2	1.493e3
999.1	5.476e3
999.6	1.100e1
1000.1	5.561e3
1000.7	1.720e2
1001.3	3.762e3
1002.1	4.306e3
1003.1	1.501e3
1003.9	3.241e3
1004.6	5.212e3
1005.2	2.360e2
1005.9	4.597e3
1006.8	3.562e3
1007.3	4.620e2
1007.9	3.929e3
1008.4	1.430e2
1009.1	3.031e3
1010.0	3.339e3
1010.6	5.950e2
1011.2	3.588e3
1012.1	3.180e3
1013.3	1.901e3
1014.0	1.113e3
1014.6	4.095e3
1015.7	2.192e3
1016.4	1.970e2
1017.2	2.507e3
1018.0	6.320e2
1018.6	5.750e3
1019.2	3.490e2
1019.9	3.086e3
1020.8	3.248e3
1021.7	2.500e1
1022.5	4.681e3
1023.2	3.150e2
1023.9	2.285e3
1024.4	1.109e3
1025.2	1.581e3
1026.1	1.228e3
1027.1	2.681e3
1027.8	1.317e3
1028.4	2.530e3
1029.7	5.712e3
1030.6	2.644e3
1031.6	4.052e3
1032.3	7.570e2
1033.0	5.051e3
1033.5	1.162e3
1034.3	9.430e2
1035.2	3.174e3
1036.0	7.600e2
1036.5	1.000e1
1037.1	3.025e3
1037.7	8.870e2
1038.4	6.695e3
1039.1	7.750e2
1039.9	1.150e2
1040.5	4.480e3
1041.2	7.841e3
1042.2	2.663e3
1043.2	7.075e3
1043.7	5.000e1
1044.3	3.928e3
1045.4	3.023e3
1046.3	1.418e3
1047.9	4.880e2
1048.7	5.582e3
1049.5	1.002e3
1050.4	1.763e3
1050.9	1.000e1
1051.4	3.704e3
1052.3	3.829e3
1053.0	1.611e3
1053.9	2.721e3
1054.5	6.330e2
1055.3	3.852e3
1056.3	1.474e3
1057.1	4.133e3
1058.1	3.427e3
1058.9	8.330e2
1059.4	4.328e3
1060.4	2.181e3
1061.3	3.057e3
1062.2	8.000e0
1062.7	2.239e3
1063.3	3.620e2
1063.9	2.463e3
1065.0	2.867e3
1065.9	2.840e2
1066.5	2.827e3
1067.2	1.767e3
1068.1	7.070e2
1068.9	3.749e3
1069.9	3.096e3
1070.7	6.310e2
1071.4	3.299e3
1072.2	1.050e3
1073.0	1.996e3
1074.0	4.414e3
1074.5	4.490e2
1075.2	3.574e3
1076.1	2.926e3
1076.6	1.000e1
1077.1	5.958e3
1077.9	3.096e3
1078.7	1.310e3
1079.5	4.976e3
1080.2	2.528e3
1080.9	1.203e3
1081.5	9.100e1
1082.0	3.129e3
1082.6	2.890e2
1083.4	2.076e3
1084.4	1.659e3
1085.3	3.974e3
1086.1	3.050e2
1086.7	5.305e3
1087.4	3.630e2
1088.0	1.975e3
1088.9	2.901e3
1089.9	2.424e3
1090.9	2.277e3
1091.9	5.041e3
1092.5	1.010e2
1093.1	3.839e3
1093.7	2.040e2
1094.4	4.029e3
1095.2	1.090e3
1095.9	4.413e3
1096.7	1.017e3
1097.7	2.349e3
1098.6	4.546e3
1099.2	4.300e2
1099.7	4.746e3
1101.0	1.038e3
1101.6	1.086e3
1102.6	4.002e3
1103.5	2.060e2
1104.2	1.172e3
1104.8	6.433e3
1105.6	1.683e3
1106.7	3.465e3
1107.5	1.698e3
1108.4	2.139e3
1109.1	5.134e3
1109.8	6.900e2
1110.4	1.502e3
1111.2	3.085e3
1112.0	4.244e3
1113.0	3.610e3
1114.0	4.336e3
1114.7	2.846e3
1115.4	1.142e3
1116.1	1.497e3
1117.0	4.695e3
1118.0	3.070e2
1118.5	1.863e3
1119.7	4.731e3
1120.5	4.165e3
1121.3	1.555e3
1121.8	8.100e1
1122.6	2.244e3
1123.2	7.550e2
1124.3	6.020e2
1124.9	2.718e3
1125.7	2.471e3
1126.2	1.820e2
1127.2	1.752e3
1127.8	2.600e2
1128.5	1.929e3
1129.5	8.910e2
1130.6	1.725e3
1131.8	1.449e3
1133.0	1.989e3
1133.6	6.190e2
1134.3	3.476e3
1135.4	2.887e3
1136.0	5.540e2
1136.6	7.740e2
1137.2	1.772e3
1138.1	8.690e2
1138.8	4.928e3
1139.5	5.490e2
1140.2	2.273e3
1140.9	5.570e2
1141.4	3.844e3
1141.9	3.010e2
1142.5	3.820e3
1143.0	8.100e1
1143.7	4.470e3
1144.4	1.043e3
1145.0	8.219e3
1145.8	3.000e1
1146.4	4.410e3
1147.1	7.880e2
1148.3	1.900e1
1148.8	2.038e3
1149.8	2.487e3
1151.0	2.588e3
1151.8	5.110e2
1152.3	2.455e3
1153.1	9.680e2
1153.8	1.800e3
1154.3	9.000e0
1154.9	2.090e3
1155.7	1.557e3
1156.5	2.870e2
1157.2	4.379e3
1158.1	1.875e3
1158.9	5.935e3
1159.7	1.766e3
1160.5	3.409e3
1161.4	2.350e3
1162.0	4.039e3
1163.1	4.840e2
1163.6	5.356e3
1164.2	1.736e3
1165.2	9.770e2
1166.3	2.429e3
1167.1	2.035e3
1168.3	1.839e3
1169.1	2.297e3
1169.9	2.235e3
1170.6	2.169e3
1171.2	3.190e2
1171.7	2.126e3
1172.8	1.555e3
1173.7	3.010e3
1174.3	1.910e2
1174.9	1.632e3
1175.9	2.440e2
1176.4	5.430e2
1176.9	2.205e3
1177.7	1.838e3
1178.3	7.790e2
1178.9	2.463e3
1179.9	5.770e2
1180.5	3.384e3
1181.6	1.591e3
1182.3	3.391e3
1182.8	4.560e2
1183.5	2.572e3
1184.1	2.225e3
1184.9	1.123e3
1185.4	4.800e2
1186.2	3.968e3
1186.9	7.930e2
1187.5	9.262e3
1189.1	4.476e3
1189.7	9.000e0
1190.3	1.509e3
1190.8	1.500e1
1191.4	4.446e3
1192.1	6.490e2
1192.7	2.865e3
1193.6	2.342e3
1194.5	4.100e1
1195.0	4.609e3
1195.7	2.983e3
1196.8	2.370e2
1197.7	1.286e3
1198.2	2.460e2
1198.9	6.508e3
1199.7	4.247e3
1200.6	2.301e3
1201.2	5.380e2
1201.9	2.018e3
1202.6	8.170e2
1203.6	3.759e3
1204.2	6.980e2
1205.1	1.051e3
1205.8	2.410e2
1206.5	4.213e3
1207.2	1.474e3
1207.9	2.883e3
1208.6	3.940e2
1209.4	1.132e3
1210.3	2.160e2
1211.2	2.362e3
1211.7	3.560e2
1212.2	4.118e3
1213.0	8.660e2
1213.5	3.362e3
1214.3	3.917e3
1215.2	1.966e3
1216.7	3.085e3
1217.4	1.455e3
1218.1	1.144e3
1218.8	1.035e3
1219.4	3.222e3
1220.0	1.600e1
1220.9	4.837e3
1221.5	1.164e3
1222.2	2.711e3
1223.2	4.186e3
1224.2	1.269e3
1225.0	8.500e1
1225.8	4.515e3
1226.6	5.009e3
1227.5	1.658e3
1228.4	1.173e3
1229.2	3.041e3
1229.8	2.310e2
1230.4	7.650e2
1231.3	2.768e3
1232.4	1.086e3
1233.0	2.853e3
1233.8	8.040e2
1234.5	3.783e3
1235.2	1.344e3
1235.9	3.154e3
1236.6	7.840e2
1237.6	3.400e2
1238.2	1.378e3
1238.8	2.193e3
1239.5	3.220e2
1240.7	5.310e2
1241.6	2.274e3
1242.3	2.520e2
1243.1	2.182e3
1244.0	2.038e3
1244.6	1.926e3
1245.2	1.810e2
1246.2	1.108e3
1247.1	2.495e3
1248.0	1.354e3
1248.7	1.158e3
1250.0	3.550e2
1250.5	3.166e3
1251.3	2.310e3
1251.9	8.000e0
1252.4	3.476e3
1253.0	1.700e1
1253.7	3.666e3
1254.3	1.600e1
1254.8	6.033e3
1255.7	3.440e2
1256.6	9.640e2
1257.3	2.931e3
1258.0	3.200e1
1258.9	1.167e3
1259.7	3.482e3
1260.4	2.032e3
1261.3	2.970e2
1261.8	2.862e3
1262.9	3.338e3
1263.6	3.700e1
1264.4	4.240e2
1265.0	2.802e3
1266.0	2.439e3
1266.8	4.528e3
1267.5	5.110e2
1268.2	3.109e3
1269.0	6.900e2
1270.1	1.290e3
1271.0	1.550e3
1271.8	3.645e3
1272.6	1.452e3
1273.4	2.606e3
1274.2	9.310e2
1275.0	1.592e3
1275.7	1.463e3
1276.4	1.871e3
1277.1	3.047e3
1278.1	1.330e2
1278.7	3.340e3
1279.5	5.100e2
1280.1	9.370e2
1280.8	3.492e3
1281.8	2.129e3
1282.4	5.350e2
1283.0	3.748e3
1283.8	1.398e3
1284.3	9.000e0
1284.9	4.190e2
1285.8	2.376e3
1286.7	2.490e3
1287.3	1.000e1
1287.9	1.058e3
1288.5	2.900e2
1289.2	1.058e3
1289.7	8.000e0
1290.5	7.080e2
1291.3	6.410e2
1292.1	2.593e3
1293.1	2.108e3
1293.7	1.600e2
1294.7	1.118e3
1295.4	1.600e1
1296.2	2.128e3
1297.3	2.443e3
1298.3	1.230e3
1299.1	2.130e3
1299.8	1.700e1
1300.3	7.480e2
1301.0	6.830e2
1301.6	2.345e3
1302.4	2.327e3
1303.2	2.800e2
1303.7	8.760e2
1304.5	2.400e1
1305.1	2.905e3
1306.0	1.289e3
1306.7	3.500e1
1307.4	8.000e0
1307.9	4.897e3
1308.5	8.000e0
1309.0	1.540e3
1309.6	2.675e3
1310.3	8.890e2
1311.2	2.682e3
1312.2	1.954e3
1313.2	3.520e2
1313.7	1.935e3
1314.4	2.810e2
1315.0	8.910e2
1316.0	3.122e3
1316.5	1.010e2
1317.2	2.982e3
1317.9	2.023e3
1318.7	4.900e2
1319.5	3.158e3
1320.3	4.087e3
1321.2	5.300e2
1321.9	9.990e2
1322.6	4.880e2
1323.3	1.590e3
1324.1	6.950e2
1325.1	2.126e3
1325.8	1.023e3
1326.8	1.137e3
1328.0	1.483e3
1328.6	3.660e2
1329.2	4.105e3
1329.8	3.480e2
1330.4	9.730e2
1331.2	3.800e1
1331.9	2.550e3
1332.9	2.591e3
1334.0	6.110e2
1334.8	2.895e3
1335.5	6.400e2
1336.5	5.223e3
1337.5	5.400e2
1338.2	2.494e3
1338.8	7.290e2
1339.5	2.652e3
1340.4	1.365e3
1341.5	1.950e3
1342.2	6.620e2
1342.8	3.947e3
1343.3	8.000e0
1343.8	1.449e3
1344.4	1.920e2
1345.0	2.167e3
1345.6	4.690e2
1346.3	2.529e3
1347.0	3.100e1
1347.6	4.348e3
1348.4	2.900e2
1349.0	3.392e3
1349.5	1.000e1
1350.2	6.830e2
1350.7	1.867e3
1351.8	1.822e3
1352.8	2.130e2
1353.4	3.758e3
1354.2	3.520e2
1354.8	9.000e0
1355.5	1.060e3
1356.1	4.100e2
1357.2	4.960e2
1358.2	1.427e3
1358.8	5.620e2
1359.5	6.580e2
1360.3	2.453e3
1361.2	2.240e2
1361.9	2.236e3
1362.6	8.760e2
1363.1	8.000e0
1363.7	2.273e3
1364.5	1.695e3
1365.4	3.042e3
1366.1	6.110e2
1366.6	3.720e2
1367.6	1.436e3
1368.2	4.790e2
1368.8	4.606e3
1369.5	7.500e2
1370.1	1.846e3
1371.2	2.448e3
1372.0	1.284e3
1372.8	1.512e3
1373.6	1.817e3
1374.2	2.070e2
1375.0	1.008e3
1375.8	3.712e3
1376.3	9.000e0
1376.8	1.385e3
1377.5	2.532e3
1378.0	1.440e2
1378.9	1.773e3
1379.8	2.193e3
1380.7	3.204e3
1381.5	1.415e3
1382.1	3.440e2
1382.7	1.939e3
1383.5	8.810e2
1384.5	1.580e2
1385.2	2.392e3
1386.0	1.980e2
1386.7	2.028e3
1387.7	1.828e3
1388.3	6.740e2
1389.0	2.917e3
1389.9	1.297e3
1390.7	5.700e1
1391.3	1.992e3
1391.9	3.300e1
1392.5	2.000e3
1393.4	1.196e3
1394.4	1.105e3
1395.0	2.297e3
1395.6	2.690e2
1396.4	4.554e3
1397.5	2.527e3
1398.3	2.190e3
1399.3	3.020e2
1399.9	2.184e3
1400.7	6.540e2
1401.3	1.833e3
1401.9	2.900e1
1402.6	2.982e3
1403.5	3.893e3
1404.5	2.035e3
1405.1	3.430e2
1406.3	1.741e3
1407.2	3.441e3
1408.3	3.048e3
1409.6	1.206e3
1410.2	6.540e2
1411.5	2.030e3
1412.3	1.071e3
1413.2	5.910e2
1414.1	2.226e3
1415.2	4.100e1
1415.8	6.220e2
1416.9	2.496e3
1417.6	5.570e2
1418.4	1.556e3
1419.2	4.850e2
1420.0	6.330e2
1420.7	2.280e2
1421.7	1.490e3
1422.6	5.420e2
1423.5	1.206e3
1424.2	1.015e3
1424.8	2.480e2
1426.1	1.425e3
1426.9	6.100e1
1427.5	1.324e3
1428.8	6.000e3
1429.5	5.860e2
1430.3	2.213e3
1431.1	8.690e2
1431.9	9.330e2
1432.5	2.480e2
1433.5	1.011e3
1434.7	2.120e2
1435.3	1.876e3
1436.0	2.610e2
1436.5	2.565e3
1437.1	1.059e3
1438.1	2.039e3
1439.0	1.492e3
1439.7	6.600e2
1440.4	1.161e3
1441.2	2.449e3
1442.1	3.400e2
1442.6	8.000e0
1443.5	1.372e3
1444.3	1.794e3
1444.9	5.290e2
1445.9	2.922e3
1446.6	5.950e2
1447.4	3.120e3
1448.4	1.160e2
1449.0	1.031e3
1449.7	3.198e3
1450.8	1.928e3
1451.3	9.000e0
1451.8	1.838e3
1452.7	8.830e2
1453.5	6.200e2
1454.4	1.079e3
1455.0	1.800e1
1456.1	1.959e3
1456.8	5.110e2
1457.7	3.102e3
1458.6	8.020e2
1459.5	6.100e2
1460.0	9.000e0
1460.9	6.980e2
1461.7	2.922e3
1463.0	1.931e3
1464.1	1.657e3
1465.0	1.904e3
1465.6	8.940e2
1466.1	1.230e2
1466.7	2.845e3
1467.4	1.147e3
1468.0	7.250e2
1469.0	1.146e3
1469.9	8.030e2
1470.5	5.930e2
1471.4	1.939e3
1472.2	1.602e3
1473.3	9.350e2
1474.1	2.309e3
1474.6	3.680e2
1475.4	2.283e3
1476.1	1.571e3
1476.9	1.084e3
1477.9	2.853e3
1479.0	2.740e2
1479.8	5.900e1
1480.7	1.937e3
1481.5	6.130e2
1482.2	3.635e3
1483.1	4.274e3
1483.7	2.800e1
1484.4	9.820e2
1485.2	6.660e2
1486.2	1.951e3
1487.0	7.860e2
1487.8	3.143e3
1488.5	1.337e3
1489.6	1.567e3
1490.6	1.400e1
1491.1	8.160e2
1491.9	1.276e3
1492.8	1.022e3
1493.5	2.660e3
1494.5	5.890e2
1495.1	6.990e2
1495.9	3.090e2
1496.4	3.315e3
1497.4	3.200e1
1498.3	2.262e3
1499.1	1.263e3
1499.8	8.910e2
1500.5	4.120e2
1501.1	2.960e3
1501.9	6.490e2
1502.5	4.800e1
1503.4	2.710e2
1503.9	3.800e2
1504.4	9.000e0
1505.0	6.000e2
1505.8	1.788e3
1506.5	6.860e2
1507.4	1.463e3
1508.1	1.420e2
1509.0	1.096e3
1509.6	9.950e2
1510.2	3.462e3
1511.3	1.778e3
1512.0	1.495e3
1512.6	3.670e2
1513.7	5.480e2
1514.6	2.322e3
1515.1	2.410e2
1515.9	1.625e3
1516.6	1.900e1
1517.2	8.220e2
1517.8	3.446e3
1518.6	1.572e3
1519.1	1.000e1
1519.8	3.850e2
1520.5	3.797e3
1521.1	6.340e2
1521.9	8.820e2
1522.4	8.000e0
1523.0	2.282e3
1524.4	1.548e3
1525.6	1.069e3
1526.5	3.240e2
1527.1	1.159e3
1527.7	9.000e0
1528.7	2.409e3
1529.7	5.670e2
1530.8	1.542e3
1531.4	2.170e2
1531.9	3.080e3
1532.8	9.480e2
1533.6	8.000e0
1534.3	5.770e2
1535.1	2.272e3
1535.7	2.640e2
1536.4	1.635e3
1536.9	1.900e1
1537.9	2.981e3
1538.8	5.370e2
1539.9	1.376e3
1540.9	1.886e3
1541.6	4.020e2
1542.2	8.880e2
1543.0	3.460e2
1543.7	6.260e2
1544.6	9.550e2
1545.8	1.559e3
1546.3	1.300e1
1546.8	1.633e3
1547.4	3.280e2
1548.0	8.000e0
1548.7	1.043e3
1549.5	5.020e2
1550.5	5.220e2
1551.5	9.000e2
1552.5	8.000e0
1553.1	2.154e3
1553.7	3.750e2
1554.3	1.800e1
1555.0	2.880e2
1555.6	1.635e3
1556.3	1.590e3
1557.1	1.900e1
1557.8	1.849e3
1558.4	3.880e2
1559.2	8.710e2
1559.9	3.130e3
1560.5	8.500e1
1561.2	2.430e2
1562.0	5.100e2
1562.7	1.440e3
1563.3	8.290e2
1564.1	1.421e3
1564.9	2.200e1
1565.7	1.621e3
1566.3	6.760e2
1567.4	1.000e1
1567.9	2.905e3
1568.5	8.090e2
1569.3	2.510e2
1569.8	7.410e2
1570.6	4.760e2
1571.3	1.507e3
1572.4	2.433e3
1573.1	2.775e3
1574.1	1.739e3
1574.8	1.335e3
1575.5	4.510e2
1576.4	4.360e2
1577.3	5.590e2
1578.2	1.211e3
1578.9	3.860e2
1579.4	3.540e2
1580.2	1.763e3
1581.1	4.200e1
1581.8	6.010e2
1582.6	1.190e3
1583.4	1.504e3
1584.5	6.430e2
1585.1	1.044e3
1585.8	8.240e2
1587.0	1.013e3
1588.0	1.063e3
1588.7	3.558e3
1589.4	9.340e2
1590.2	9.720e2
1590.9	4.020e2
1591.9	3.600e2
1592.6	8.850e2
1593.2	1.600e1
1593.7	1.248e3
1594.4	1.270e3
1595.0	1.600e1
1595.6	1.109e3
1596.7	6.140e2
1597.6	1.561e3
1598.5	4.760e2
1599.2	1.330e3
1599.8	9.000e0
1600.3	2.128e3
1600.8	3.000e2
1601.7	2.927e3
1602.4	1.374e3
1603.4	1.357e3
1604.3	2.666e3
1604.9	8.000e0
1605.7	1.124e3
1606.5	1.032e3
1607.2	1.140e3
1608.1	3.110e2
1608.9	1.097e3
1609.6	4.100e1
1610.3	2.758e3
1611.1	1.200e2
1611.9	8.230e2
1612.8	9.670e2
1614.0	1.421e3
1614.8	5.890e2
1615.8	6.930e2
1616.7	1.475e3
1617.5	4.280e2
1618.5	8.830e2
1619.2	8.410e2
1620.1	9.000e0
1620.6	1.832e3
1621.2	2.840e2
1621.9	1.197e3
1622.8	6.680e2
1623.9	4.750e2
1624.4	2.554e3
1625.3	8.540e2
1626.0	7.900e2
1626.6	1.387e3
1627.4	5.560e2
1628.5	2.154e3
1629.2	2.260e2
1629.9	3.506e3
1630.4	2.190e2
1631.0	1.785e3
1631.8	1.458e3
1632.9	2.603e3
1633.8	1.930e2
1634.5	1.264e3
1635.5	8.070e2
1636.5	3.950e2
1637.4	6.370e2
1638.4	1.196e3
1639.0	1.700e1
1639.6	1.818e3
1640.5	3.232e3
1641.6	2.600e1
1642.3	9.000e0
1642.9	3.090e2
1643.8	9.470e2
1644.8	1.990e2
1645.3	9.000e0
1646.0	4.810e2
1646.7	6.300e1
1647.6	1.100e1
1648.2	9.460e2
1649.3	5.210e2
1650.2	8.440e2
1650.8	2.136e3
1651.3	9.810e2
1651.9	5.380e2
1652.5	4.070e2
1653.1	2.595e3
1653.8	8.330e2
1654.5	1.600e1
1655.3	8.380e2
1656.0	1.150e3
1656.7	2.075e3
1657.6	5.170e2
1658.2	1.600e1
1659.0	8.110e2
1659.8	1.441e3
1661.0	3.070e2
1661.6	6.360e2
1662.8	2.660e2
1663.6	1.201e3
1664.2	4.380e2
1664.9	1.739e3
1665.5	9.000e0
1666.3	5.030e2
1667.5	1.389e3
1668.2	9.000e0
1668.7	2.170e2
1669.3	1.151e3
1670.0	1.943e3
1670.8	1.952e3
1671.4	1.800e1
1672.2	3.419e3
1673.2	1.736e3
1673.8	3.500e2
1674.9	2.049e3
1676.0	4.340e2
1676.6	5.270e2
1677.5	2.672e3
1678.6	2.166e3
1679.3	1.800e1
1680.1	4.950e2
1680.6	9.000e0
1681.4	3.800e2
1681.9	8.000e0
1682.6	3.850e2
1683.3	3.663e3
1684.0	6.100e1
1684.8	1.915e3
1685.6	1.730e2
1686.4	1.607e3
1686.9	6.000e1
1687.4	1.200e1
1688.0	4.200e2
1688.8	1.239e3
1689.7	2.205e3
1690.6	4.610e2
1691.7	2.020e2
1692.5	8.320e2
1693.5	6.750e2
1694.6	2.026e3
1695.5	4.620e2
1696.5	1.355e3
1697.3	1.302e3
1698.1	1.700e1
1698.8	2.259e3
1699.6	5.710e2
1700.2	1.000e1
1700.7	1.601e3
1701.3	1.800e1
1701.8	8.590e2
1702.5	1.662e3
1703.3	4.760e2
1704.1	2.011e3
1704.9	6.910e2
1705.7	2.216e3
1706.5	1.000e1
1707.3	2.500e1
1707.8	1.724e3
1708.6	2.980e2
1709.5	1.563e3
1710.6	4.740e2
1711.3	2.370e3
1711.9	1.600e1
1712.6	2.326e3
1713.3	1.890e2
1714.1	7.040e2
1715.0	1.000e3
1715.8	1.395e3
1716.4	4.020e2
1717.3	1.993e3
1718.0	2.260e2
1718.7	1.575e3
1719.5	9.060e2
1720.2	2.495e3
1721.0	9.860e2
1722.0	1.946e3
1722.9	1.096e3
1724.2	1.226e3
1724.9	1.748e3
1725.8	3.100e1
1726.9	1.730e3
1727.6	4.690e2
1728.3	1.420e2
1729.1	6.480e2
1729.8	1.580e2
1730.3	2.625e3
1731.2	1.956e3
1732.0	1.400e1
1732.6	6.260e2
1733.6	4.040e2
1734.5	2.757e3
1735.6	1.461e3
1736.3	1.840e2
1736.9	5.160e2
1737.9	1.800e1
1738.7	5.860e2
1739.7	1.868e3
1740.8	1.142e3
1741.4	5.680e2
1742.1	2.289e3
1742.8	1.000e1
1743.4	6.650e2
1744.1	2.044e3
1744.9	6.520e2
1745.6	6.710e2
1746.4	1.428e3
1746.9	9.000e0
1747.8	1.057e3
1748.6	7.260e2
1749.5	2.617e3
1750.4	1.198e3
1751.4	1.552e3
1752.0	1.253e3
1752.7	3.230e2
1753.8	1.073e3
1754.5	2.360e2
1755.3	1.270e3
1756.2	2.067e3
1756.9	2.895e3
1757.6	2.300e1
1758.2	1.170e3
1758.9	8.000e0
1759.8	4.130e2
1760.6	6.340e2
1761.6	2.380e2
1762.6	1.894e3
1763.4	3.180e2
1764.1	2.455e3
1765.2	8.500e2
1766.0	1.122e3
1767.1	9.680e2
1767.7	6.310e2
1768.4	1.780e3
1769.6	1.880e2
1770.2	1.100e1
1771.0	6.590e2
1771.6	1.800e1
1772.4	4.150e2
1773.2	1.367e3
1774.3	1.252e3
1775.1	9.400e1
1775.6	1.265e3
1776.7	2.006e3
1777.4	1.900e1
1778.2	1.110e3
1779.2	1.420e3
1779.9	5.440e2
1780.8	1.151e3
1781.6	3.800e1
1782.5	5.040e2
1783.6	1.452e3
1784.2	9.000e0
1784.7	3.970e2
1785.4	1.301e3
1786.3	1.331e3
1787.3	9.930e2
1788.0	1.000e1
1788.8	8.000e0
1789.3	1.100e1
1790.3	4.960e2
1791.7	1.787e3
1792.9	7.680e2
1793.4	8.000e0
1794.9	1.691e3
1795.6	4.020e2
1796.3	3.610e2
1797.8	3.390e2
1798.4	1.587e3
1799.0	5.660e2
1799.6	8.500e2
1800.5	1.825e3
1801.2	1.050e3
1802.1	1.800e1
1803.3	2.549e3
1804.0	1.068e3
1804.6	8.000e0
1805.4	1.475e3
1806.0	1.000e1
1806.5	5.870e2
1807.3	1.463e3
1808.0	6.540e2
1809.4	7.760e2
1810.0	4.320e2
1810.8	3.100e1
1811.5	1.601e3
1812.2	4.900e2
1812.8	1.431e3
1813.5	7.530e2
1814.2	8.000e0
1814.8	2.610e2
1815.4	7.060e2
1816.0	9.000e0
1816.6	8.130e2
1817.6	2.160e2
1818.9	8.000e2
1819.5	3.160e2
1820.3	8.070e2
1821.4	3.270e2
1822.2	1.776e3
1822.8	2.400e1
1823.7	4.380e2
1824.4	1.270e2
1825.1	1.422e3
1825.8	4.060e2
1826.8	2.528e3
1827.9	1.960e2
1828.6	1.620e2
1829.4	1.534e3
1830.2	1.086e3
1831.0	8.000e0
1831.6	3.750e2
1832.2	1.634e3
1833.1	1.780e2
1834.2	8.550e2
1835.1	1.624e3
1835.6	2.970e2
1836.5	1.908e3
1837.5	6.030e2
1838.5	1.630e2
1839.4	2.500e2
1840.0	1.795e3
1840.6	9.000e0
1841.3	1.282e3
1842.1	7.930e2
1842.8	3.710e2
1843.5	1.433e3
1844.7	8.960e2
1845.3	2.100e1
1846.0	2.080e2
1846.9	4.770e2
1847.7	1.000e1
1848.2	1.208e3
1849.6	6.920e2
1850.2	8.000e0
1850.8	1.718e3
1851.4	3.500e2
1852.2	2.312e3
1852.8	4.810e2
1853.6	4.800e1
1854.3	8.900e1
1855.4	1.564e3
1856.0	2.070e2
1856.7	4.770e2
1857.2	1.330e3
1857.9	1.800e1
1858.6	6.690e2
1859.7	1.084e3
1860.4	1.600e1
1861.1	8.020e2
1861.8	1.678e3
1862.9	2.100e1
1863.8	3.740e2
1864.8	1.142e3
1865.3	7.400e1
1865.9	7.780e2
1866.6	7.680e2
1867.3	1.800e2
1868.2	3.420e2
1868.9	4.770e2
1870.0	7.630e2
1870.8	2.000e1
1871.4	8.000e0
1871.9	1.608e3
1872.5	8.000e0
1873.3	1.037e3
1874.3	5.570e2
1875.5	6.570e2
1876.0	1.540e2
1876.7	1.234e3
1877.7	3.900e1
1878.5	7.480e2
1879.1	5.730e2
1880.0	2.245e3
1881.0	1.399e3
1881.8	2.790e3
1883.1	2.335e3
1884.1	2.100e1
1884.8	1.740e2
1885.3	5.500e2
1886.0	2.060e2
1886.7	1.220e3
1887.4	5.930e2
1888.1	5.340e2
1888.8	2.200e1
1889.9	1.663e3
1890.7	6.390e2
1891.5	9.000e0
1892.2	1.156e3
1893.0	1.820e3
1894.6	1.128e3
1895.7	2.555e3
1896.6	8.650e2
1897.4	1.205e3
1898.2	1.435e3
1899.4	1.174e3
1900.5	7.930e2
1901.3	5.970e2
1902.3	6.550e2
1903.0	1.600e1
1903.6	5.010e2
1904.4	3.620e2
1905.4	9.000e0
1906.2	1.169e3
1907.1	7.420e2
1907.7	3.430e2
1908.4	6.460e2
1909.0	2.670e2
1910.0	9.030e2
1910.6	1.800e1
1911.2	2.473e3
1912.0	1.727e3
1912.6	4.510e2
1913.3	1.971e3
1914.2	6.620e2
1915.0	3.450e2
1915.6	1.068e3
1916.2	8.000e0
1916.8	1.734e3
1918.0	8.000e0
1918.5	1.189e3
1919.1	4.300e1
1919.6	3.880e2
1920.4	3.651e3
1921.0	9.000e0
1921.7	9.750e2
1922.7	1.680e2
1923.9	1.094e3
1924.4	6.050e2
1925.1	3.600e1
1925.7	1.491e3
1926.6	1.774e3
1927.1	8.000e0
1928.0	5.810e2
1928.9	9.450e2
1930.1	9.260e2
1931.1	1.070e2
1931.7	6.190e2
1932.6	1.651e3
1933.7	1.364e3
1934.8	7.550e2
1935.4	1.000e1
1936.1	1.900e1
1936.8	5.090e2
1937.8	1.670e2
1939.0	7.420e2
1939.6	2.128e3
1940.6	7.700e2
1941.1	8.120e2
1941.7	1.974e3
1942.5	1.260e2
1943.5	1.430e3
1944.3	2.660e2
1944.8	6.220e2
1945.4	5.270e2
1946.2	3.920e2
1947.0	8.670e2
1947.8	1.000e1
1948.5	5.960e2
1949.7	1.519e3
1950.4	4.700e1
1951.5	1.821e3
1952.5	5.560e2
1953.3	3.670e2
1953.9	1.100e1
1954.6	1.470e2
1955.2	6.480e2
1956.1	1.540e3
1956.9	9.790e2
1957.7	3.500e1
1958.3	8.000e0
1959.2	1.600e1
1960.6	9.000e0
1961.4	6.290e2
1961.9	9.000e0
1962.6	1.131e3
1963.6	4.470e2
1964.5	2.472e3
1965.2	3.100e1
1965.9	2.960e2
1966.4	1.787e3
1967.9	9.830e2
1968.7	4.200e1
1969.4	1.404e3
1970.4	5.220e2
1971.2	1.794e3
1972.0	1.900e1
1972.8	2.066e3
1973.6	2.600e1
1974.4	1.048e3
1975.3	2.101e3
1976.3	5.920e2
1976.8	2.350e2
1977.3	1.147e3
1978.1	3.500e1
1978.8	6.550e2
1979.8	2.155e3
1980.4	2.560e2
1980.9	5.980e2
1981.9	7.060e2
1982.7	1.223e3
1983.3	4.770e2
1984.0	1.400e1
1984.5	9.240e2
1985.4	1.198e3
1986.1	6.830e2
1986.7	1.078e3
1987.3	4.420e2
1988.3	3.510e2
1989.2	8.240e2
1989.8	1.900e1
1990.5	2.700e1
1991.3	1.590e2
1992.9	8.010e2
1993.6	1.463e3
1994.4	1.028e3
1995.2	4.700e1
1996.4	1.790e3
1996.9	3.110e2
1998.0	5.800e2
1998.9	4.800e2
1999.7	1.384e3
