100.5	6.713e4
101.2	1.127e6
102.2	8.874e5
103.2	6.233e5
103.7	1.220e3
104.2	2.275e5
105.2	1.783e5
106.2	2.977e5
106.8	5.115e3
107.3	4.725e5
108.2	7.360e5
109.1	4.303e5
109.7	6.934e3
110.2	2.227e6
111.2	2.741e6
112.2	7.514e5
113.1	4.008e5
113.6	2.467e3
114.1	7.023e5
114.7	1.837e3
115.2	8.349e5
115.7	4.380e2
116.2	3.049e5
117.2	2.889e5
118.2	4.291e5
119.1	1.165e6
119.6	6.811e3
120.2	4.880e5
121.2	2.543e5
121.7	8.457e3
122.3	8.443e5
123.2	1.806e5
124.2	1.480e5
124.7	3.974e3
125.3	2.316e5
126.2	8.683e5
126.7	2.533e3
127.2	3.023e5
128.2	1.716e5
129.2	3.698e5
129.7	1.025e3
130.2	1.762e5
131.2	8.130e5
132.2	3.941e5
132.7	4.966e3
133.3	3.496e5
134.2	2.407e5
135.2	2.606e5
136.1	6.687e5
136.7	7.788e3
137.2	3.731e5
137.8	8.764e3
138.3	5.568e5
139.3	2.434e5
140.2	3.637e5
141.2	3.383e5
142.2	2.455e6
143.2	3.152e5
144.2	3.718e5
144.7	1.473e3
145.3	2.398e5
146.2	1.870e5
147.2	2.753e5
148.2	1.435e5
149.2	3.369e5
150.2	2.450e5
151.2	1.197e5
151.7	4.967e3
152.3	1.202e5
153.2	1.129e5
154.2	1.994e5
155.2	4.171e5
155.7	2.294e3
156.3	2.447e5
157.2	4.943e5
157.7	3.296e3
158.2	4.999e5
159.2	1.861e6
160.2	7.244e5
160.7	1.359e3
161.2	1.365e5
162.2	1.386e5
162.8	3.193e3
163.3	1.904e5
164.2	2.065e5
164.7	2.670e3
165.2	1.799e5
166.1	4.768e4
166.9	9.001e4
167.7	3.931e5
168.4	1.474e5
169.3	9.347e4
170.3	7.913e4
171.3	2.148e5
172.3	3.037e5
173.2	2.984e5
173.8	4.480e2
174.3	1.586e5
175.1	9.433e4
175.8	4.347e5
176.4	8.146e4
177.1	5.077e5
177.6	2.061e4
178.2	1.505e5
178.8	9.520e2
179.3	1.671e5
180.3	9.096e4
181.2	2.424e5
182.2	1.586e5
183.2	1.708e6
183.8	5.559e3
184.3	2.758e5
185.2	1.289e6
186.1	2.699e5
186.7	8.140e3
187.2	9.167e5
188.3	2.748e5
189.2	1.965e5
189.7	1.689e3
190.3	1.029e5
191.3	1.209e5
191.8	4.820e2
192.3	1.473e5
192.8	1.661e3
193.3	1.339e5
194.3	2.770e5
195.3	1.585e5
195.9	5.352e3
196.4	1.854e6
197.4	4.432e5
197.9	2.807e3
198.4	6.464e5
199.4	1.706e5
200.2	2.892e5
201.2	2.306e5
201.7	5.105e3
202.3	1.350e5
203.3	2.708e5
204.2	1.313e5
205.2	1.583e5
206.3	1.252e5
207.3	1.091e5
208.2	1.026e5
209.2	1.560e5
209.7	1.887e3
210.3	1.085e5
211.2	8.727e4
212.3	1.189e5
213.2	5.648e4
214.3	7.420e6
215.4	1.055e6
216.3	5.691e5
217.3	2.796e5
217.8	4.291e3
218.4	3.369e5
219.3	1.454e5
220.3	1.891e5
221.3	1.298e5
221.8	1.566e3
222.3	7.881e4
223.2	6.567e4
224.2	1.918e5
225.2	1.023e5
226.2	1.095e5
227.2	3.220e5
228.2	1.225e5
228.7	1.081e3
229.3	1.021e5
230.3	7.802e4
231.3	2.619e5
232.3	1.005e5
233.2	1.392e5
233.8	2.848e3
234.3	1.118e5
235.2	1.229e5
235.7	4.400e2
236.3	1.627e6
237.3	4.333e5
238.3	2.345e5
239.3	1.311e5
240.3	6.800e4
241.2	6.744e4
242.2	1.083e5
243.3	1.424e5
244.3	6.850e4
244.8	1.258e3
245.3	7.606e4
245.8	4.370e2
246.3	7.038e4
247.3	6.828e4
247.8	9.380e2
248.3	7.174e4
249.3	6.679e4
250.2	8.570e4
250.7	8.460e2
251.3	6.591e4
251.8	5.890e2
252.3	1.253e5
252.8	6.700e1
253.3	9.367e4
254.3	1.121e5
255.2	7.985e4
256.3	5.888e4
256.8	1.430e3
257.3	5.992e4
257.9	2.149e3
258.4	4.060e4
259.4	1.861e5
260.3	7.759e4
260.9	2.451e3
261.4	1.391e5
262.3	4.855e4
263.0	7.612e4
264.0	5.896e4
264.6	5.750e3
265.2	4.597e4
265.8	1.140e3
266.3	5.727e4
266.8	2.496e3
267.4	6.121e4
268.3	4.328e4
269.3	4.366e4
270.3	3.761e4
271.3	8.808e4
271.8	3.935e3
272.3	7.663e4
273.3	4.881e4
274.2	5.687e4
275.2	5.743e4
276.2	5.827e4
277.2	8.211e4
277.8	3.521e3
278.3	5.657e4
278.8	5.620e2
279.3	8.003e4
280.3	4.985e4
281.2	6.832e4
281.8	4.960e2
282.3	4.483e4
282.8	2.190e2
283.3	6.883e4
284.3	3.517e4
285.3	4.278e4
285.8	1.648e3
286.3	3.662e4
287.3	5.378e4
288.3	5.868e4
289.3	5.493e4
289.8	1.124e3
290.4	4.475e4
291.3	4.415e4
292.3	4.773e4
293.3	3.194e4
294.3	4.157e4
295.2	6.941e4
295.8	2.142e3
296.3	3.797e4
297.3	2.982e4
297.8	1.557e3
298.3	4.140e4
299.4	3.591e4
300.3	3.533e4
301.3	4.118e4
301.8	8.490e2
302.3	3.509e4
303.3	5.140e4
304.3	7.449e4
305.3	8.352e4
306.2	3.110e4
306.8	5.660e2
307.3	4.299e4
308.2	2.750e4
308.7	4.680e2
309.3	5.253e4
309.8	2.196e3
310.3	3.704e4
311.3	4.310e4
311.9	4.200e2
312.4	3.341e4
313.4	3.836e4
314.3	6.779e4
315.2	3.991e4
315.7	1.383e3
316.2	4.258e4
317.2	4.659e4
317.8	4.970e2
318.3	3.746e4
319.2	2.743e4
320.2	4.122e4
320.8	2.343e3
321.4	5.121e4
322.3	4.321e4
323.3	3.775e4
323.8	1.544e3
324.4	3.803e4
324.9	1.344e3
325.4	3.106e4
326.3	5.238e4
327.3	3.204e4
328.3	2.947e4
329.3	5.604e4
329.8	1.727e3
330.4	3.611e4
331.3	9.513e4
332.3	8.609e4
333.2	4.901e4
334.3	3.687e4
334.8	1.568e3
335.3	5.559e4
336.3	3.580e4
337.2	4.252e4
338.2	2.381e4
339.2	4.582e4
340.2	3.145e4
341.1	3.398e4
342.1	4.997e4
342.7	5.560e3
343.3	2.386e4
344.3	5.051e4
345.3	3.633e4
346.3	3.017e4
346.9	3.250e2
347.4	5.942e4
348.3	4.710e4
349.3	7.370e4
349.8	2.562e3
350.3	4.275e4
351.3	3.863e4
351.8	3.846e3
352.4	4.935e4
353.3	3.084e4
354.3	1.361e5
355.3	1.574e5
356.3	5.564e4
357.2	7.240e4
357.8	1.861e3
358.3	3.903e4
359.2	8.417e4
360.2	5.626e4
361.2	3.944e4
362.2	2.926e4
362.8	1.036e3
363.3	8.637e4
364.3	3.214e4
365.3	1.049e5
366.3	2.614e4
367.2	1.657e4
367.9	2.615e4
368.6	6.425e3
369.3	3.376e4
370.2	2.841e4
370.7	2.953e3
371.3	2.054e4
372.3	4.583e4
372.8	1.784e3
373.3	3.232e4
374.3	3.445e4
375.3	2.857e4
376.3	2.239e4
377.2	3.973e4
378.3	2.861e4
379.2	4.711e4
379.7	3.090e2
380.2	3.588e4
380.7	7.190e2
381.3	5.206e4
382.2	2.610e4
383.1	2.921e4
384.2	2.573e4
385.0	9.428e3
385.8	2.814e4
386.5	1.121e4
387.2	2.841e4
387.8	4.600e1
388.3	2.763e4
389.3	2.637e4
389.8	1.910e3
390.3	3.137e4
391.0	9.573e3
391.7	3.107e4
392.3	1.120e4
393.0	3.133e4
394.0	2.682e4
394.5	1.967e3
395.0	2.490e4
395.9	2.408e4
397.0	3.479e4
397.9	2.359e4
398.5	6.793e3
399.2	2.782e4
399.8	6.930e2
400.4	2.513e4
401.4	1.675e4
402.4	1.867e4
403.4	2.017e4
404.2	1.368e4
404.9	2.409e4
405.7	1.248e4
406.5	2.419e4
407.5	1.936e4
408.2	1.617e4
409.0	3.850e4
409.9	1.625e4
410.8	1.977e4
411.7	3.535e4
412.7	1.927e4
413.6	2.175e4
414.3	4.336e3
414.9	2.663e4
415.9	1.889e4
416.5	5.133e3
417.2	1.435e4
418.0	1.759e4
418.6	4.920e2
419.1	2.274e4
420.1	2.080e4
421.0	1.187e4
421.9	2.005e4
422.5	4.188e3
423.1	2.446e4
424.0	1.044e4
424.7	8.390e2
425.3	2.914e4
425.8	3.300e2
426.3	2.092e4
426.9	3.141e3
427.5	2.507e4
428.3	1.170e4
429.2	2.554e4
430.1	1.370e4
430.7	4.911e3
431.3	7.579e4
432.3	2.187e4
433.1	2.728e4
433.9	1.275e4
434.7	2.052e4
435.5	5.659e3
436.2	1.102e4
437.1	2.223e4
438.1	1.329e4
438.7	3.617e3
439.4	2.371e4
440.2	1.160e4
440.8	1.200e1
441.3	2.540e4
442.3	1.620e4
442.8	6.360e2
443.4	1.641e4
444.3	2.441e4
444.8	4.300e2
445.3	2.144e4
446.3	1.757e4
447.2	2.451e4
448.2	1.871e4
448.8	2.246e3
449.4	5.145e4
450.4	2.916e4
451.3	1.590e4
452.2	1.506e4
453.0	1.227e4
453.9	2.199e4
454.7	2.738e3
455.4	1.413e4
456.3	1.249e4
457.2	1.706e4
457.7	1.033e3
458.3	1.108e4
459.1	1.965e4
460.0	1.823e3
460.7	1.345e4
461.5	7.616e3
462.2	1.575e4
463.2	2.917e4
463.7	1.310e2
464.2	1.334e4
465.2	1.752e4
466.2	1.638e4
466.8	1.498e3
467.4	1.450e4
468.4	2.187e4
469.3	7.020e3
470.1	1.492e4
471.2	1.862e4
471.7	5.370e2
472.2	1.301e4
473.2	1.902e4
474.1	1.308e4
475.1	1.148e4
475.7	9.450e2
476.3	1.810e4
477.2	1.234e4
477.9	1.977e3
478.5	1.580e4
479.5	1.125e4
480.4	1.032e4
480.9	7.180e2
481.5	1.452e4
482.3	1.218e4
483.3	1.781e4
483.8	1.012e3
484.4	1.138e4
485.0	7.330e2
485.6	1.809e4
486.3	6.783e3
487.1	1.125e4
487.6	1.720e2
488.2	1.107e4
489.2	1.135e4
489.7	1.345e3
490.3	1.541e4
491.0	1.606e3
491.6	1.454e4
492.4	7.796e3
493.2	1.905e4
494.1	6.133e3
494.9	1.498e4
495.4	4.230e2
495.9	1.375e4
496.6	6.179e3
497.4	1.399e4
498.3	9.484e3
499.3	2.989e4
500.1	9.907e3
500.6	1.140e3
501.2	1.102e4
502.1	1.032e4
503.1	1.520e4
503.7	3.446e3
504.5	1.241e4
505.4	1.539e4
506.4	1.127e4
507.3	1.566e4
508.3	9.012e3
509.2	1.430e4
509.7	6.610e2
510.3	1.181e4
511.2	1.729e4
511.7	8.620e2
512.2	1.557e4
512.8	1.905e3
513.4	1.110e4
514.3	8.250e3
515.2	2.175e4
515.8	2.850e3
516.4	1.389e4
517.3	9.109e3
518.0	1.555e4
518.8	1.391e3
519.4	1.122e4
520.2	4.066e3
520.9	1.496e4
521.8	9.550e3
522.3	3.830e2
522.9	1.752e4
523.7	9.165e3
524.5	5.867e3
525.3	1.924e4
526.2	2.081e4
527.2	2.310e4
527.9	6.369e3
528.7	1.515e4
529.7	2.073e4
530.4	4.488e3
531.0	1.132e4
531.6	2.290e2
532.1	1.476e4
533.2	1.006e4
534.2	1.178e4
534.9	2.727e3
535.6	1.154e4
536.6	6.112e3
537.4	1.243e4
538.3	9.774e3
539.0	5.807e3
539.6	1.832e4
540.4	6.110e3
541.3	1.146e4
541.9	3.970e2
542.4	1.047e4
543.3	1.064e4
544.1	1.199e4
544.8	2.080e2
545.3	1.354e4
546.0	4.687e3
546.8	1.480e4
547.5	5.614e3
548.2	1.279e4
549.1	1.227e4
549.9	3.613e3
550.6	1.128e4
551.4	1.083e4
552.3	2.729e3
553.1	1.046e4
553.9	1.310e4
554.5	8.280e2
555.0	1.187e4
555.9	1.704e4
556.5	1.557e3
557.1	1.285e4
557.9	6.990e3
558.7	1.088e4
559.3	3.930e3
560.1	7.287e3
560.8	2.282e3
561.4	1.634e4
562.3	1.379e4
563.2	6.657e3
564.1	1.065e4
564.6	8.000e0
565.2	1.357e4
566.2	7.427e3
567.2	2.853e4
567.9	4.872e3
568.9	1.505e4
569.8	1.034e4
570.8	1.219e4
571.4	2.030e2
571.9	8.825e3
572.5	2.618e3
573.2	9.185e3
574.1	1.267e4
575.0	4.901e3
576.0	8.001e3
576.9	5.474e3
577.5	1.241e4
578.5	7.787e3
579.3	9.889e3
580.2	6.147e3
580.7	1.100e1
581.2	7.184e3
582.2	9.780e3
583.3	1.270e4
584.2	5.688e3
585.1	1.679e4
585.6	3.180e2
586.2	9.627e3
586.9	2.103e3
587.5	1.296e4
588.0	2.430e2
588.6	1.008e4
589.5	1.100e4
590.6	1.074e4
591.4	4.546e3
592.3	1.166e4
592.9	1.123e3
593.5	5.544e3
594.5	9.610e3
595.3	5.703e3
596.1	1.316e4
597.0	1.015e4
597.8	9.586e3
598.3	1.700e1
598.9	7.359e3
599.5	1.753e3
600.2	9.136e3
600.8	4.426e3
601.8	1.175e4
602.4	1.088e3
602.9	7.229e3
603.8	8.199e3
604.4	7.120e2
605.0	1.187e4
605.7	8.770e2
606.3	1.088e4
607.3	1.372e4
608.0	1.595e3
608.6	6.862e3
609.4	4.346e3
610.2	6.315e3
611.0	1.218e4
612.2	7.464e3
613.1	6.820e3
614.1	7.165e3
614.7	3.500e2
615.2	1.008e4
616.3	9.162e3
617.2	6.978e3
617.9	7.420e2
618.4	8.276e3
619.1	5.312e3
619.8	1.033e4
620.5	1.349e3
621.2	8.884e3
622.3	1.339e4
623.2	5.506e3
624.0	2.594e3
624.8	9.088e3
625.3	7.370e2
625.9	6.687e3
626.7	1.500e2
627.3	4.557e3
628.2	8.924e3
628.7	4.180e2
629.3	1.128e4
630.3	4.635e3
631.5	7.941e3
632.0	4.730e2
632.6	1.170e4
633.3	1.018e3
633.9	6.708e3
634.6	4.130e3
635.3	2.183e4
636.2	9.948e3
637.2	1.007e4
638.0	8.440e2
638.6	9.238e3
639.4	4.624e3
640.1	1.255e4
640.8	1.744e3
641.4	5.224e3
642.4	6.874e3
643.0	9.360e2
643.5	7.118e3
644.5	3.506e3
645.3	9.375e3
646.1	5.564e3
646.8	3.710e2
647.4	7.688e3
648.0	1.887e3
648.5	1.820e2
649.0	1.133e4
650.0	7.510e3
651.0	1.004e4
651.9	4.845e3
652.6	9.834e3
653.3	2.530e2
653.9	5.606e3
654.5	2.600e1
655.1	7.617e3
656.0	7.814e3
656.7	1.774e3
657.4	8.325e3
658.3	4.389e3
659.0	9.434e3
660.0	3.321e3
660.9	9.235e3
661.8	5.232e3
662.5	1.470e2
663.1	2.074e3
663.7	8.698e3
664.8	1.284e4
665.4	2.551e3
666.1	7.381e3
666.9	7.596e3
667.8	1.235e4
668.6	3.673e3
669.4	9.210e3
670.0	2.100e2
670.5	8.198e3
671.3	3.638e3
671.9	6.100e2
672.4	4.968e3
673.4	6.429e3
674.2	3.539e3
674.9	5.939e3
675.6	1.900e1
676.3	9.819e3
677.2	3.052e3
677.7	8.250e2
678.3	1.141e4
679.3	3.152e3
679.9	1.800e1
680.4	5.303e3
681.1	4.050e2
681.8	6.355e3
682.7	8.102e3
683.4	2.074e3
684.3	1.242e4
684.8	8.080e2
685.4	7.164e3
686.4	3.727e3
687.3	8.650e3
688.0	1.543e3
688.7	6.606e3
689.7	5.957e3
690.8	4.576e3
691.3	2.180e2
691.9	5.187e3
692.4	4.100e1
693.1	6.126e3
693.7	2.200e2
694.2	6.826e3
695.2	2.711e3
696.1	5.151e3
697.0	8.915e3
697.5	6.570e2
698.0	8.132e3
698.7	1.268e3
699.4	4.068e3
700.4	4.905e3
701.3	2.577e3
701.9	8.052e3
702.5	1.218e3
703.2	2.227e4
704.0	5.359e3
704.6	1.610e2
705.1	7.243e3
705.9	4.540e2
706.4	4.089e3
707.2	5.521e3
707.8	7.370e2
708.6	1.059e4
709.2	8.650e2
710.0	5.517e3
710.6	5.230e2
711.1	5.945e3
711.6	4.140e2
712.1	4.927e3
713.0	6.783e3
713.7	3.683e3
714.3	1.321e3
715.0	3.232e3
716.0	6.881e3
716.7	6.130e2
717.3	8.373e3
717.9	1.910e3
718.5	2.818e3
719.2	8.034e3
720.2	5.322e3
720.9	2.914e3
721.6	9.953e3
722.2	3.090e2
722.9	2.656e3
723.6	1.320e3
724.3	2.835e3
725.1	3.778e3
725.9	1.380e4
726.7	4.931e3
727.4	1.305e3
728.1	7.550e3
729.0	4.765e3
730.0	1.787e3
730.8	6.902e3
731.4	3.148e3
732.1	4.545e3
732.9	8.080e3
733.9	5.916e3
734.6	7.237e3
735.4	6.292e3
736.3	3.779e3
737.1	5.299e3
737.9	4.576e3
738.6	1.609e3
739.3	2.862e3
740.1	6.017e3
741.3	6.664e3
741.8	1.240e2
742.4	1.122e4
742.9	3.700e2
743.5	9.027e3
744.2	1.934e3
745.0	6.912e3
746.0	5.963e3
746.8	3.889e3
747.7	3.906e3
748.4	1.560e3
749.2	8.504e3
749.9	5.220e3
750.7	1.808e3
751.3	1.537e3
752.0	3.717e3
753.0	8.406e3
754.2	4.606e3
755.1	1.972e3
755.8	4.062e3
756.7	4.853e3
757.3	8.140e2
758.4	2.758e3
758.9	2.160e2
759.5	3.069e3
760.6	5.781e3
761.4	2.721e3
762.4	4.634e3
763.4	4.257e3
764.4	6.323e3
765.3	7.814e3
766.0	2.817e3
766.6	1.259e3
767.3	4.763e3
768.3	5.876e3
769.2	1.567e3
769.9	6.004e3
770.5	2.595e3
771.2	2.380e4
771.8	1.700e1
772.4	6.813e3
773.3	3.536e3
774.1	6.171e3
775.1	3.502e3
775.8	2.661e3
776.7	7.701e3
777.3	2.372e3
778.4	8.622e3
779.1	3.288e3
779.9	9.755e3
780.6	1.864e3
781.2	5.332e3
781.8	2.510e2
782.3	5.428e3
783.2	8.765e3
784.2	4.522e3
784.7	3.890e2
785.3	5.748e3
786.3	2.707e3
786.9	4.950e2
787.4	7.417e3
787.9	4.980e2
788.6	4.382e3
789.5	5.375e3
790.0	4.620e2
790.6	2.634e3
791.6	3.606e3
792.2	1.096e3
793.0	2.288e3
793.6	7.631e3
794.6	4.875e3
795.2	1.122e3
795.9	4.025e3
796.5	6.770e2
797.2	4.146e3
798.2	4.575e3
799.0	3.329e3
800.0	7.796e3
800.5	2.900e2
801.1	6.404e3
802.0	6.490e3
802.9	5.293e3
803.7	6.126e3
804.8	5.305e3
805.6	2.781e3
806.5	4.859e3
807.5	4.010e3
808.5	6.478e3
809.4	6.126e3
809.9	9.300e1
810.5	5.957e3
811.3	6.641e3
812.3	4.146e3
812.9	1.295e3
813.4	7.319e3
814.2	1.574e3
814.8	2.628e3
815.6	2.251e3
816.5	2.269e3
817.2	7.170e3
818.1	7.803e3
818.9	1.814e3
819.7	7.270e3
820.4	4.040e2
821.1	6.154e3
822.0	1.619e3
822.8	5.758e3
823.4	6.700e1
823.9	5.270e3
824.7	5.597e3
825.3	2.230e3
826.1	4.420e3
826.7	6.450e2
827.2	6.448e3
827.8	3.550e2
828.4	3.322e3
829.4	6.358e3
830.4	5.069e3
831.3	5.367e3
832.0	1.536e3
832.5	1.630e2
833.3	7.346e3
834.1	3.130e3
835.0	7.620e2
835.7	5.995e3
836.3	1.905e3
837.1	3.938e3
837.7	2.128e3
838.4	2.500e3
839.3	9.097e3
840.2	4.823e3
841.0	5.010e2
841.7	5.914e3
842.7	2.764e3
843.6	6.416e3
844.3	7.810e2
844.9	5.518e3
845.5	3.690e2
846.0	5.322e3
846.6	9.050e2
847.4	5.535e3
848.2	1.575e3
848.8	6.587e3
849.4	2.840e2
849.9	1.826e3
850.6	4.350e2
851.1	2.365e3
851.9	2.379e3
852.6	6.891e3
853.3	1.996e3
854.0	4.737e3
854.6	1.018e3
855.3	7.449e3
856.0	4.249e3
856.7	3.834e3
857.7	4.517e3
858.4	6.600e2
859.0	3.282e3
859.7	5.250e2
860.4	2.687e3
861.3	2.660e3
861.9	4.355e3
862.9	4.277e3
863.6	1.098e3
864.2	5.395e3
864.8	6.920e2
865.5	6.577e3
866.2	6.450e2
867.0	4.469e3
867.9	5.551e3
868.5	9.000e0
869.0	4.503e3
870.0	6.340e3
871.0	5.888e3
872.1	1.705e3
872.7	1.060e3
873.3	4.470e3
874.1	3.236e3
874.8	7.210e3
875.4	4.850e2
875.9	4.987e3
877.0	3.078e3
877.6	6.230e2
878.3	7.493e3
879.1	2.396e3
879.8	5.579e3
880.8	4.710e3
881.5	1.108e3
882.3	3.613e3
883.0	1.031e3
883.9	3.647e3
884.6	1.600e1
885.3	2.370e3
886.0	5.447e3
887.0	4.280e2
887.6	4.665e3
888.5	2.347e3
889.4	4.489e3
890.4	2.473e3
891.2	1.534e3
891.8	3.888e3
892.6	4.294e3
893.6	5.462e3
894.5	3.014e3
895.4	1.033e3
896.1	4.910e3
896.8	3.054e3
897.8	6.670e2
898.7	4.190e2
899.4	3.659e3
900.1	1.000e1
900.6	5.922e3
901.5	4.087e3
902.2	3.440e2
902.8	4.864e3
903.3	4.190e2
903.9	5.575e3
904.6	1.016e3
905.3	5.043e3
906.2	1.552e3
907.4	9.033e3
908.2	4.668e3
909.1	3.100e3
909.9	5.310e3
910.8	2.970e3
911.9	1.673e3
912.9	2.226e3
913.7	1.369e3
914.4	2.236e3
915.4	3.474e3
916.3	1.232e3
917.2	2.861e3
918.2	3.263e3
919.0	1.494e3
919.7	3.265e3
920.5	4.870e2
921.1	3.133e3
922.2	2.400e3
923.2	7.438e3
924.1	4.550e3
925.0	1.371e3
925.8	8.000e0
926.6	4.376e3
927.5	3.735e3
928.3	1.482e3
929.0	5.276e3
929.6	9.000e0
930.1	1.678e3
930.7	2.440e2
931.5	4.560e3
932.0	2.860e2
932.8	3.294e3
933.8	4.245e3
934.5	2.330e2
935.2	4.179e3
936.3	4.303e3
937.3	4.726e3
938.2	1.561e3
938.8	7.353e3
939.3	1.600e1
939.8	2.471e3
940.5	3.780e2
941.0	3.833e3
941.8	3.449e3
942.5	2.480e2
943.4	2.530e3
944.4	1.848e3
945.4	1.199e3
946.2	4.008e3
947.2	4.019e3
947.9	1.000e1
948.5	4.585e3
949.5	3.764e3
950.5	4.469e3
951.3	1.112e3
952.0	3.053e3
952.8	2.515e3
953.4	9.000e0
953.9	3.021e3
954.7	2.602e3
955.6	2.153e3
956.2	7.740e2
957.4	6.439e3
958.1	1.955e3
958.7	3.218e3
959.8	8.220e2
960.3	3.043e3
960.9	1.430e2
961.9	3.495e3
962.4	9.210e2
963.0	3.770e2
963.6	7.576e3
964.3	1.169e3
965.3	4.151e3
965.8	1.490e2
966.4	5.707e3
967.3	2.375e3
968.1	1.555e3
969.0	3.094e3
969.9	2.535e3
971.0	2.666e3
971.6	9.000e0
972.1	7.274e3
972.8	7.720e2
973.6	4.238e3
974.5	1.659e3
975.3	5.688e3
976.2	3.651e3
977.1	4.666e3
978.0	2.912e3
978.6	1.628e3
979.3	3.199e3
980.1	7.231e3
980.9	1.684e3
981.6	2.636e3
982.3	8.000e0
982.8	5.163e3
983.6	1.924e3
984.6	1.515e3
985.4	3.143e3
986.0	1.130e2
986.5	8.880e3
987.4	5.479e3
988.3	4.245e3
989.4	2.206e3
990.2	2.591e3
991.0	3.531e3
991.7	7.310e2
992.5	3.258e3
993.4	3.210e2
993.9	2.837e3
994.7	1.776e3
995.5	3.200e3
996.2	4.130e2
996.7	2.370e2
997.4	2.538e3
998.2	2.933e3
999.2	4.621e3
1000.0	4.412e3
1000.6	6.500e2
1001.8	3.018e3
1002.4	3.300e2
1003.1	2.127e3
1004.0	1.768e3
1004.5	4.020e2
1005.2	5.782e3
1005.7	5.430e2
1006.3	5.729e3
1006.9	2.205e3
1007.7	1.660e3
1008.5	3.567e3
1009.4	4.149e3
1010.3	2.975e3
1011.0	3.260e2
1011.9	8.083e3
1012.4	4.030e2
1013.1	3.716e3
1014.1	6.440e3
1014.8	1.139e3
1015.5	3.113e3
1016.3	2.058e3
1017.3	4.727e3
1018.2	4.288e3
1018.7	9.150e2
1019.5	4.631e3
1020.1	9.030e2
1020.8	7.110e2
1021.4	2.914e3
1022.3	3.125e3
1023.3	3.069e3
1024.2	1.277e3
1025.1	6.553e3
1026.0	3.096e3
1027.3	2.753e3
1028.3	4.073e3
1029.2	3.608e3
1030.0	2.184e3
1030.9	3.446e3
1031.6	3.410e2
1032.4	3.930e3
1033.4	3.372e3
1034.4	5.510e3
1035.3	1.155e3
1036.0	3.162e3
1036.6	8.000e0
1037.1	6.120e2
1037.8	5.271e3
1038.5	1.645e3
1039.2	1.041e3
1039.9	2.713e3
1040.8	6.460e2
1041.8	1.767e3
1042.3	5.970e2
1042.8	7.353e3
1043.8	4.099e3
1044.7	6.770e2
1045.4	3.375e3
1046.0	8.090e2
1046.8	4.886e3
1047.5	1.707e3
1048.2	2.957e3
1049.0	5.160e2
1050.0	2.851e3
1051.0	2.878e3
1052.0	3.744e3
1052.7	1.756e3
1053.5	3.519e3
1054.5	3.075e3
1055.1	3.350e2
1055.7	1.448e3
1056.4	3.610e2
1057.0	5.621e3
1058.1	3.168e3
1059.1	6.420e2
1059.9	3.375e3
1060.7	5.800e1
1061.2	4.064e3
1062.1	5.040e2
1062.7	1.704e3
1063.6	3.714e3
1064.3	4.130e2
1064.8	2.220e3
1065.4	3.350e2
1066.1	1.039e3
1067.2	3.764e3
1067.8	5.230e2
1068.4	1.329e3
1069.3	1.263e3
1070.2	6.050e2
1070.8	4.978e3
1071.4	1.290e2
1071.9	1.902e3
1072.8	3.998e3
1073.4	1.100e1
1074.2	2.195e3
1075.2	6.207e3
1076.1	2.962e3
1077.1	4.721e3
1077.8	2.141e3
1078.4	1.100e1
1079.1	2.254e3
1079.8	6.380e2
1080.3	8.000e0
1080.9	6.590e2
1081.8	2.857e3
1082.8	5.477e3
1083.7	9.680e2
1084.3	2.910e2
1084.9	4.080e3
1085.7	1.118e3
1086.7	3.772e3
1087.4	2.559e3
1088.2	2.290e2
1089.0	5.012e3
1089.6	1.104e3
1090.6	3.007e3
1091.2	2.940e2
1091.9	2.202e3
1092.5	1.000e1
1093.1	1.990e3
1094.3	1.352e3
1095.1	9.900e2
1096.0	4.950e2
1096.9	3.200e2
1097.6	8.430e2
1098.2	4.690e3
1099.1	2.313e3
1100.0	5.038e3
1100.8	2.992e3
1102.0	1.376e3
1103.0	1.372e3
1103.8	6.910e2
1104.5	4.237e3
1105.3	2.696e3
1106.2	2.528e3
1107.0	1.337e3
1107.7	1.611e3
1108.3	2.016e3
1109.3	8.570e2
1110.0	8.460e2
1110.5	8.000e0
1111.1	9.484e3
1111.7	4.460e2
1112.6	1.368e3
1113.5	3.821e3
1114.4	3.545e3
1115.0	6.300e2
1115.7	8.000e0
1116.2	3.438e3
1116.9	1.123e3
1117.7	3.060e3
1118.2	3.810e2
1118.9	5.756e3
1119.6	1.425e3
1120.3	3.303e3
1121.5	1.332e3
1122.5	2.695e3
1123.1	2.300e1
1123.8	2.150e3
1124.5	1.672e3
1125.2	1.837e3
1126.0	9.970e2
1126.7	5.453e3
1127.5	5.325e3
1128.3	3.436e3
1129.4	3.040e3
1130.1	4.664e3
1131.6	2.626e3
1132.2	2.100e1
1133.0	4.345e3
1133.5	1.770e2
1134.2	2.451e3
1135.1	2.973e3
1135.6	5.720e2
1136.4	2.496e3
1137.1	4.370e2
1137.7	3.906e3
1138.6	1.193e3
1139.3	3.062e3
1140.1	5.033e3
1140.6	2.950e2
1141.5	2.510e3
1142.1	2.850e2
1142.8	2.816e3
1143.4	1.490e2
1144.0	3.514e3
1144.7	2.610e3
1145.5	2.187e3
1146.6	1.321e3
1147.4	1.077e3
1148.4	3.979e3
1149.0	8.390e2
1150.0	3.006e3
1150.6	4.720e2
1151.6	2.303e3
1152.4	1.023e3
1153.1	2.237e3
1153.9	9.450e2
1154.9	2.165e3
1155.8	2.445e3
1156.3	9.000e0
1156.9	2.091e3
1157.8	2.352e3
1158.4	8.000e0
1159.0	2.119e3
1160.0	7.518e3
1160.9	2.582e3
1161.5	9.550e2
1162.4	5.257e3
1163.1	1.113e3
1163.8	2.885e3
1164.6	1.609e3
1165.1	5.110e2
1166.2	4.004e3
1167.1	1.907e3
1168.0	3.144e3
1168.9	2.261e3
1169.6	5.905e3
1170.3	1.684e3
1170.9	3.160e2
1171.5	3.731e3
1172.7	3.075e3
1173.2	2.610e2
1174.0	4.405e3
1174.5	2.040e2
1175.1	2.523e3
1176.2	7.930e2
1177.0	1.700e1
1177.8	3.960e3
1178.8	3.830e3
1179.7	3.063e3
1180.3	6.710e2
1181.1	3.071e3
1181.6	3.040e2
1182.3	2.183e3
1183.3	2.148e3
1184.2	3.155e3
1184.8	9.430e2
1185.6	5.840e2
1186.3	2.783e3
1187.3	4.772e3
1188.0	4.830e2
1188.9	6.630e2
1189.9	1.246e3
1190.6	2.257e3
1191.4	3.782e3
1192.3	1.102e3
1193.1	1.950e2
1193.8	1.025e3
1194.6	3.431e3
1195.6	1.675e3
1196.7	2.186e3
1197.4	6.560e2
1198.0	2.420e2
1198.5	1.909e3
1199.4	5.880e2
1200.1	5.130e2
1201.3	1.170e2
1202.6	1.819e3
1203.4	1.200e3
1204.4	5.230e2
1205.1	1.714e3
1206.0	4.006e3
1206.8	2.889e3
1207.3	8.000e0
1207.9	7.680e2
1209.2	1.498e3
1209.9	4.610e2
1210.4	2.469e3
1211.3	2.273e3
1212.3	3.861e3
1213.2	4.875e3
1213.9	4.520e2
1214.7	1.909e3
1215.7	1.511e3
1216.8	2.211e3
1217.4	1.100e1
1218.0	3.770e3
1219.0	5.820e2
1219.7	2.563e3
1220.5	2.840e2
1221.5	1.667e3
1222.3	3.677e3
1222.8	8.000e0
1223.3	2.379e3
1224.2	4.752e3
1224.8	5.510e2
1225.6	1.200e1
1226.2	1.895e3
1227.3	3.620e2
1227.9	8.940e2
1228.7	2.217e3
1229.5	3.264e3
1230.3	3.150e2
1231.1	2.297e3
1231.8	1.352e3
1232.4	3.570e3
1233.1	2.500e1
1233.8	2.040e2
1234.3	2.961e3
1235.0	3.200e1
1235.7	3.024e3
1236.6	1.234e3
1237.1	4.370e2
1237.7	2.860e2
1238.7	2.045e3
1239.8	1.188e3
1240.8	3.020e2
1241.6	3.347e3
1242.2	8.000e0
1242.9	7.730e2
1243.7	1.158e3
1244.3	2.128e3
1245.2	4.520e2
1245.8	9.950e2
1247.0	1.882e3
1247.5	3.980e2
1248.1	2.200e1
1248.8	2.211e3
1250.0	2.832e3
1250.6	2.600e1
1251.2	2.300e2
1251.8	2.755e3
1252.5	2.070e3
1253.1	5.230e2
1254.0	1.606e3
1254.7	9.000e0
1255.4	3.725e3
1255.9	7.010e2
1256.5	1.983e3
1257.5	1.971e3
1258.1	5.030e2
1258.7	5.404e3
1259.3	1.028e3
1260.1	1.225e3
1260.7	3.810e2
1261.3	1.765e3
1262.3	1.470e3
1263.0	3.800e2
1263.5	1.638e3
1264.2	3.700e3
1264.9	8.620e2
1265.6	1.391e3
1266.5	1.835e3
1267.4	1.648e3
1268.3	1.717e3
1269.1	1.720e2
1270.2	3.070e2
1271.1	5.735e3
1271.9	1.800e1
1272.6	2.310e2
1273.4	9.090e2
1274.2	1.754e3
1275.6	2.118e3
1276.4	1.180e3
1277.3	3.489e3
1278.1	9.800e2
1278.7	2.046e3
1279.6	1.425e3
1280.7	2.888e3
1281.4	3.700e1
1282.0	1.165e3
1282.5	8.000e0
1283.0	8.000e0
1283.6	1.399e3
1284.6	6.560e2
1285.3	1.735e3
1286.4	5.660e2
1287.0	2.246e3
1287.9	1.970e2
1288.4	2.340e3
1289.0	8.000e0
1289.5	2.223e3
1290.3	1.064e3
1291.0	3.470e2
1291.6	8.190e2
1292.4	2.349e3
1293.5	4.194e3
1294.1	3.780e2
1294.9	2.827e3
1296.1	5.330e2
1296.9	3.348e3
1297.8	4.688e3
1298.4	1.980e2
1299.0	1.698e3
1299.7	1.476e3
1300.6	1.168e3
1301.5	5.151e3
1302.1	2.000e1
1303.0	3.328e3
1303.7	8.000e0
1304.3	1.757e3
1304.9	1.900e1
1305.5	2.183e3
1306.0	2.400e1
1306.7	1.228e3
1307.6	1.622e3
1308.3	6.340e2
1309.0	3.983e3
1309.6	8.000e0
1310.2	1.597e3
1311.1	1.074e3
1311.7	8.000e0
1312.3	1.387e3
1313.2	1.999e3
1314.2	1.731e3
1315.2	2.318e3
1316.4	3.102e3
1317.1	7.340e2
1317.7	2.862e3
1318.7	1.070e3
1319.5	2.400e1
1320.4	3.650e3
1321.8	2.795e3
1322.6	1.908e3
1323.2	3.420e2
1324.1	1.789e3
1324.9	6.630e2
1325.7	1.304e3
1326.7	1.225e3
1327.6	5.318e3
1328.5	6.220e2
1329.1	3.471e3
1329.7	2.480e2
1330.4	1.728e3
1331.2	1.336e3
1332.0	1.182e3
1332.7	1.110e2
1333.5	7.970e2
1334.2	4.194e3
1334.9	7.870e2
1335.7	1.270e3
1336.7	2.025e3
1337.6	1.553e3
1338.8	5.500e2
1339.4	2.827e3
1340.1	1.900e2
1340.6	1.710e3
1341.5	8.860e2
1342.4	2.630e3
1343.6	1.522e3
1344.6	3.211e3
1345.1	4.200e2
1345.7	2.258e3
1346.5	3.228e3
1347.3	3.927e3
1348.2	3.776e3
1349.5	1.535e3
1350.2	1.300e1
1350.8	1.460e2
1351.4	2.639e3
1352.2	2.610e3
1352.7	1.753e3
1353.6	1.021e3
1354.4	1.589e3
1355.2	2.100e1
1355.9	1.038e3
1356.5	2.810e2
1357.2	2.733e3
1357.7	1.700e1
1358.3	7.590e2
1358.9	1.600e1
1359.7	1.635e3
1360.6	2.839e3
1361.8	5.668e3
1362.4	3.500e1
1363.0	2.293e3
1363.7	8.630e2
1364.7	2.516e3
1366.0	6.860e2
1366.9	8.300e1
1367.8	3.170e3
1368.8	1.396e3
1369.5	1.100e1
1370.0	5.430e2
1370.6	1.505e3
1371.1	2.910e2
1371.6	1.534e3
1372.2	5.870e2
1372.9	8.170e2
1373.5	4.738e3
1374.5	2.560e2
1375.1	3.946e3
1375.8	5.390e2
1376.4	2.079e3
1377.5	1.924e3
1378.2	8.540e2
1379.0	2.800e1
1380.1	6.660e2
1380.6	3.212e3
1381.3	3.950e2
1382.0	4.769e3
1382.7	8.290e2
1383.4	1.405e3
1384.5	8.000e0
1385.1	8.430e2
1386.0	1.890e3
1386.8	3.400e1
1387.5	2.038e3
1388.7	1.518e3
1389.4	1.443e3
1390.1	8.430e2
1390.7	1.000e1
1391.3	2.114e3
1391.8	1.200e1
1392.4	1.561e3
1393.2	9.000e0
1393.8	2.186e3
1394.6	8.200e2
1395.6	2.020e2
1396.2	1.492e3
1396.9	1.622e3
1397.6	1.118e3
1398.7	1.522e3
1399.7	2.825e3
1400.5	1.332e3
1401.2	9.850e2
1401.8	8.000e0
1402.3	9.700e1
1402.8	4.220e2
1403.6	1.660e3
1404.1	1.100e1
1404.8	7.030e2
1405.5	8.970e2
1406.2	1.046e3
1407.0	7.160e2
1407.5	2.414e3
1408.4	9.000e0
1408.9	8.420e2
1409.6	2.400e1
1410.2	2.286e3
1410.8	5.900e1
1411.4	1.275e3
1412.4	1.980e3
1413.2	5.960e2
1413.9	3.321e3
1414.4	1.100e1
1414.9	1.052e3
1415.5	2.700e1
1416.2	9.730e2
1416.8	2.430e2
1417.5	2.010e3
1418.3	2.523e3
1419.1	9.030e2
1419.7	6.250e2
1420.7	1.617e3
1421.5	2.600e1
1422.3	3.770e2
1423.0	1.600e1
1423.7	9.200e2
1424.6	1.585e3
1425.3	6.950e2
1426.6	2.531e3
1427.3	1.673e3
1428.0	8.210e2
1428.8	2.761e3
1429.8	1.800e1
1430.4	1.570e3
1431.3	9.570e2
1431.8	5.680e2
1432.7	1.426e3
1433.7	1.113e3
1434.5	2.988e3
1435.4	6.870e2
1436.4	1.580e2
1437.0	2.004e3
1438.0	1.813e3
1438.8	1.829e3
1439.5	1.298e3
1440.0	8.000e0
1440.6	1.370e3
1442.1	1.323e3
1442.7	9.260e2
1443.7	1.612e3
1444.8	1.204e3
1445.3	9.000e0
1445.9	4.070e2
1446.5	1.702e3
1447.4	9.200e1
1448.5	2.658e3
1449.3	5.610e2
1450.0	8.700e1
1450.6	1.661e3
1451.4	8.530e2
1452.1	1.700e1
1452.8	1.896e3
1453.6	2.485e3
1454.4	3.118e3
1455.0	1.750e2
1455.6	6.540e2
1457.1	2.091e3
1458.0	4.790e2
1458.6	2.678e3
1459.7	3.217e3
1460.4	3.690e2
1461.2	5.820e2
1461.8	2.220e2
1462.5	2.471e3
1463.4	4.200e1
1464.1	1.526e3
1465.2	1.020e2
1466.0	8.820e2
1466.7	2.160e2
1467.3	1.890e3
1468.1	1.107e3
1468.8	1.000e1
1469.8	1.214e3
1470.7	2.008e3
1471.6	2.642e3
1472.3	1.800e1
1472.9	2.320e2
1473.6	2.828e3
1474.1	2.100e2
1474.6	7.800e2
1475.4	4.225e3
1476.6	3.700e1
1477.5	9.030e2
1478.1	2.915e3
1479.0	1.900e1
1479.7	2.902e3
1480.8	1.952e3
1481.5	9.000e0
1482.0	1.539e3
1483.0	2.400e1
1484.0	2.465e3
1484.7	4.300e1
1485.6	1.955e3
1486.5	2.200e1
1487.3	8.180e2
1487.9	1.100e1
1488.4	7.830e2
1489.1	5.325e3
1490.1	1.715e3
1491.0	1.216e3
1491.8	8.460e2
1492.7	2.500e3
1494.1	1.129e3
1494.8	8.330e2
1495.5	2.334e3
1496.3	2.431e3
1497.4	1.289e3
1498.0	8.000e0
1498.9	1.114e3
1499.8	2.393e3
1500.4	8.900e1
1501.0	1.080e3
1501.9	5.090e2
1502.8	4.260e2
1503.5	3.143e3
1504.1	2.280e2
1504.8	7.380e2
1505.6	1.250e2
1506.3	2.309e3
1507.0	4.020e2
1507.8	1.987e3
1508.3	8.000e0
1509.3	9.010e2
1510.1	3.610e2
1510.9	7.190e2
1511.7	2.296e3
1512.6	1.673e3
1513.2	8.000e0
1513.8	9.700e1
1514.5	1.610e2
1515.4	3.400e1
1516.1	1.818e3
1516.7	3.110e2
1517.7	1.635e3
1518.5	1.012e3
1519.4	4.230e2
1520.0	8.130e2
1520.7	1.609e3
1521.7	3.178e3
1522.3	8.000e0
1522.8	8.200e1
1523.5	2.736e3
1524.1	1.220e3
1524.8	1.323e3
1525.7	1.307e3
1526.7	3.302e3
1527.3	4.930e2
1528.0	1.015e3
1529.7	4.630e2
1530.3	5.810e2
1530.9	8.120e2
1531.7	1.434e3
1532.4	1.040e3
1533.2	2.637e3
1533.9	2.212e3
1534.6	1.900e2
1535.4	1.700e1
1536.0	7.030e2
1536.8	1.320e3
1537.9	1.610e3
1538.6	2.700e1
1539.3	1.800e1
1540.1	1.007e3
1541.0	8.360e2
1541.7	1.661e3
1542.3	2.400e1
1542.9	1.840e3
1543.9	9.020e2
1544.7	1.023e3
1545.3	8.000e0
1545.9	5.470e2
1546.5	1.329e3
1547.3	1.166e3
1548.5	1.435e3
1549.2	9.180e2
1549.9	1.028e3
1550.5	3.500e1
1551.6	2.600e3
1552.4	4.140e2
1553.4	1.011e3
1554.0	1.100e1
1554.6	6.700e2
1555.2	1.900e1
1555.7	1.169e3
1556.3	1.000e1
1557.2	1.362e3
1558.2	9.880e2
1559.0	2.086e3
1559.7	1.579e3
1560.3	9.850e2
1561.3	3.040e2
1562.0	8.760e2
1562.8	4.580e2
1563.6	5.800e1
1564.5	4.633e3
1565.3	1.730e2
1566.2	9.280e2
1566.7	2.760e2
1567.8	1.096e3
1568.8	1.110e3
1569.3	1.053e3
1570.2	1.294e3
1571.1	8.670e2
1571.8	1.664e3
1573.0	5.500e1
1573.8	1.025e3
1574.7	2.229e3
1575.5	1.114e3
1576.0	2.420e2
1576.5	1.064e3
1577.8	2.306e3
1578.7	1.164e3
1579.6	1.376e3
1580.5	6.470e2
1581.2	9.260e2
1582.3	1.795e3
1582.9	8.060e2
1583.6	1.671e3
1584.3	5.970e2
1585.2	4.500e2
1585.9	8.270e2
1587.0	9.360e2
1587.7	1.932e3
1588.8	1.122e3
1589.6	3.070e2
1590.2	1.303e3
1591.2	1.807e3
1592.1	5.700e1
1592.9	1.764e3
1593.7	7.750e2
1594.4	2.000e2
1595.3	2.100e1
1596.0	5.490e2
1596.7	7.460e2
1597.5	1.124e3
1598.0	8.000e0
1599.1	1.613e3
1599.7	8.000e0
1600.3	8.730e2
1601.1	9.970e2
1602.1	3.850e2
1603.1	6.730e2
1604.2	2.850e2
1604.9	1.235e3
1606.3	4.232e3
1607.0	2.880e2
1607.7	3.710e2
1608.9	1.525e3
1609.9	2.763e3
1610.9	7.830e2
1612.0	1.656e3
1612.6	4.620e2
1613.2	2.958e3
1614.2	1.291e3
1615.0	7.400e1
1615.9	1.284e3
1616.6	2.940e2
1617.3	9.000e0
1618.0	1.362e3
1618.8	6.690e2
1619.6	8.000e0
1620.2	1.484e3
1620.9	2.880e2
1621.5	9.000e0
1622.1	1.883e3
1623.0	2.360e2
1624.0	1.060e3
1624.6	2.650e2
1625.5	1.319e3
1626.1	2.870e2
1626.9	2.210e2
1628.0	1.383e3
1628.8	1.800e1
1629.8	2.470e3
1630.4	1.100e1
1631.3	4.700e1
1631.8	8.000e0
1632.4	8.020e2
1633.3	1.398e3
1634.0	9.000e1
1634.6	2.446e3
1635.5	1.443e3
1636.4	2.951e3
1637.2	1.800e1
1638.0	2.267e3
1638.7	1.300e2
1639.8	2.872e3
1640.6	5.740e2
1641.3	1.271e3
1641.8	1.100e1
1642.3	8.440e2
1643.5	2.244e3
1644.1	6.590e2
1644.6	8.720e2
1645.5	1.293e3
1646.6	1.866e3
1647.4	2.590e3
1648.4	1.566e3
1649.3	1.164e3
1650.4	9.740e2
1651.1	4.320e2
1651.7	5.500e2
1652.7	6.610e2
1653.5	2.960e2
1654.4	1.830e2
1655.3	1.635e3
1655.9	6.530e2
1656.9	1.391e3
1658.1	1.108e3
1659.0	8.310e2
1659.8	3.300e1
1660.3	1.300e1
1660.9	2.690e3
1662.0	1.327e3
1663.0	3.990e2
1664.0	1.447e3
1664.7	1.155e3
1665.8	2.258e3
1666.7	8.000e0
1667.5	5.450e2
1668.1	9.000e0
1668.8	3.590e2
1669.4	1.244e3
1670.4	6.530e2
1671.2	9.000e1
1671.8	1.014e3
1672.8	3.770e2
1674.0	8.130e2
1674.9	2.411e3
1675.6	1.399e3
1676.5	2.755e3
1677.6	1.121e3
1678.4	2.230e2
1679.0	7.230e2
1679.8	1.879e3
1680.4	4.050e2
1681.1	1.340e2
1681.9	1.160e3
1682.4	8.000e0
1683.0	1.226e3
1683.8	1.359e3
1685.3	1.410e3
1686.0	2.500e1
1687.0	1.520e3
1687.6	1.900e1
1688.5	8.000e0
1689.1	4.984e3
1689.8	1.300e1
1690.5	3.970e2
1691.3	2.266e3
1692.0	8.220e2
1692.8	1.101e3
1693.6	4.100e2
1694.2	1.404e3
1695.2	1.940e3
1695.9	1.847e3
1696.8	4.350e2
1697.3	1.800e1
1697.8	3.225e3
1698.9	6.600e1
1699.6	1.331e3
1700.3	1.008e3
1701.3	6.730e2
1702.2	1.269e3
1703.0	2.038e3
1704.0	3.930e2
1704.6	1.647e3
1705.4	6.200e1
1706.1	2.100e1
1707.4	2.650e3
1708.0	4.300e1
1708.6	8.650e2
1709.7	8.550e2
1710.2	9.000e0
1711.0	1.255e3
1711.8	1.810e2
1712.8	8.260e2
1713.5	7.410e2
1714.6	1.700e2
1715.8	4.140e2
1716.6	7.490e2
1717.4	1.800e1
1718.0	1.471e3
1719.0	6.460e2
1719.8	2.788e3
1720.9	5.540e2
1721.6	2.000e1
1722.2	9.630e2
1723.1	4.180e2
1724.2	1.057e3
1725.8	3.950e2
1726.3	1.900e1
1727.3	1.760e2
1728.0	1.125e3
1728.6	2.260e2
1729.4	4.540e2
1730.4	5.790e2
1731.9	2.754e3
1733.6	3.740e2
1734.5	1.700e1
1735.2	8.060e2
1736.0	4.040e2
1736.6	1.780e3
1737.4	2.000e1
1738.3	1.303e3
1738.8	1.600e1
1739.4	1.148e3
1740.3	1.173e3
1740.9	3.760e2
1741.6	1.899e3
1742.4	1.006e3
1743.3	1.364e3
1743.9	1.170e2
1744.5	1.046e3
1745.1	2.610e2
1745.7	2.330e2
1746.5	1.495e3
1747.2	1.596e3
1748.5	3.410e2
1749.0	1.087e3
1749.7	6.200e2
1750.7	1.570e3
1751.3	2.400e1
1751.9	3.170e2
1752.8	4.600e2
1753.8	1.573e3
1754.6	8.200e1
1755.9	2.777e3
1756.6	4.190e2
1758.0	1.037e3
1758.9	5.540e2
1759.4	1.310e2
1760.2	3.174e3
1761.0	4.100e1
1761.9	2.975e3
1762.6	9.000e0
1763.1	8.000e0
1763.8	6.970e2
1764.5	1.512e3
1765.1	7.140e2
1765.7	7.200e1
1766.4	5.890e2
1767.2	3.900e1
1767.9	1.365e3
1768.7	1.424e3
1769.8	2.530e2
1770.4	1.180e3
1771.7	4.620e2
1772.4	1.381e3
1773.3	4.710e2
1774.1	1.441e3
1775.1	9.870e2
1775.6	1.000e1
1776.2	1.328e3
1777.1	1.781e3
1778.0	2.073e3
1778.9	1.900e1
1779.5	4.430e2
1780.3	8.600e2
1780.9	1.100e1
1781.4	5.880e2
1782.6	9.210e2
1783.2	2.750e2
1783.7	1.000e1
1784.3	5.200e1
1784.9	7.160e2
1785.6	1.000e1
1786.2	2.034e3
1786.8	1.000e1
1787.4	3.840e2
1788.0	1.951e3
1788.8	9.780e2
1789.7	8.650e2
1790.6	2.094e3
1791.5	8.200e2
1792.2	3.600e1
1792.9	2.459e3
1793.8	1.125e3
1794.4	4.840e2
1795.1	9.410e2
1796.0	1.570e2
1796.9	8.000e0
1797.7	1.278e3
1798.9	5.100e1
1799.7	2.860e2
1800.4	1.536e3
1801.0	2.010e2
1802.1	3.000e2
1802.7	1.055e3
1803.3	2.100e1
1804.0	3.890e2
1804.7	1.700e1
1805.4	8.440e2
1806.1	2.156e3
1806.9	1.269e3
1807.4	1.430e2
1808.0	2.690e2
1808.7	1.431e3
1809.5	1.164e3
1810.4	1.090e2
1811.0	1.190e3
1811.8	7.380e2
1812.6	2.100e1
1813.5	4.079e3
1814.2	8.500e1
1815.9	3.250e2
1816.9	8.340e2
1817.8	1.136e3
1818.7	3.380e2
1819.5	2.424e3
1820.2	8.000e0
1820.7	1.341e3
1822.0	5.860e2
1823.3	6.150e2
1824.3	1.845e3
1825.2	8.360e2
1825.9	1.000e1
1826.6	5.800e2
1827.2	7.720e2
1828.1	1.281e3
1829.1	1.157e3
1829.9	2.340e2
1830.5	5.890e2
1831.2	9.280e2
1831.9	1.720e2
1832.4	1.216e3
1833.4	1.097e3
1834.4	1.110e3
1835.3	2.000e2
1836.2	2.063e3
1836.8	9.000e0
1837.5	1.804e3
1838.7	1.079e3
1839.5	1.058e3
1840.5	5.090e2
1841.0	8.950e2
1842.0	3.754e3
1843.2	2.000e1
1844.2	2.810e2
1845.2	2.475e3
1846.0	1.487e3
1846.6	1.770e2
1847.4	2.969e3
1848.2	7.210e2
1848.8	9.000e0
1850.0	1.350e3
1851.2	1.320e3
1851.9	9.640e2
1852.4	8.000e0
1853.1	2.330e2
1854.2	2.500e1
1854.9	2.180e3
1855.5	1.800e1
1856.2	8.500e1
1856.7	1.924e3
1857.6	1.510e2
1858.6	1.010e2
1859.2	3.368e3
1859.9	7.800e1
1861.1	9.820e2
1861.7	9.000e0
1862.3	7.520e2
1862.9	7.180e2
1863.6	5.710e2
1864.6	4.320e2
1865.1	7.000e0
1866.1	6.310e2
1866.7	1.043e3
1867.8	7.600e2
1868.4	2.970e2
1869.3	2.080e2
1870.2	3.348e3
1871.4	5.530e2
1872.1	7.250e2
1872.8	1.600e1
1873.7	5.400e1
1874.6	6.850e2
1875.9	1.070e2
1877.2	1.162e3
1877.9	1.900e1
1878.7	1.013e3
1879.3	1.950e2
1880.3	5.550e2
1880.8	2.200e1
1881.5	3.570e2
1882.4	6.170e2
1883.2	2.000e1
1883.7	3.290e2
1884.7	1.045e3
1885.5	5.780e2
1886.2	2.240e2
1887.1	3.980e2
1888.1	1.830e2
1888.7	1.907e3
1889.6	6.500e2
1890.4	4.000e2
1891.4	8.000e0
1892.0	1.640e2
1893.0	3.280e2
1893.8	6.960e2
1894.6	8.000e0
1895.2	3.600e2
1895.8	6.060e2
1896.7	9.810e2
1897.3	2.900e1
1898.1	7.560e2
1898.7	1.600e1
1899.3	6.360e2
1900.0	2.600e1
1900.7	3.750e2
1901.4	1.638e3
1902.3	1.233e3
1903.1	2.319e3
1904.1	6.740e2
1904.8	1.600e1
1905.9	1.532e3
1906.5	1.200e1
1907.2	5.000e2
1908.1	2.810e2
1908.9	4.880e2
1909.8	8.480e2
1910.5	4.100e2
1911.3	2.466e3
1911.9	8.120e2
1912.8	6.860e2
1913.7	6.440e2
1914.3	8.960e2
1915.3	1.394e3
1916.0	3.520e2
1916.5	6.600e1
1917.1	8.000e0
1917.8	1.471e3
1918.5	2.500e1
1919.7	3.500e1
1920.5	9.360e2
1921.1	9.000e0
1921.7	1.064e3
1922.8	2.500e1
1923.7	5.450e2
1924.6	4.570e2
1925.6	4.760e2
1926.3	1.222e3
1926.8	1.200e1
1927.4	3.790e2
1928.7	1.015e3
1929.3	8.000e0
1929.9	8.000e0
1930.8	4.930e2
1931.6	1.458e3
1932.3	9.000e0
1932.9	9.220e2
1933.6	1.100e1
1934.2	1.610e2
1934.8	9.000e0
1935.6	8.860e2
1936.4	5.880e2
1937.3	1.550e2
1938.4	1.520e2
1939.4	6.580e2
1940.1	4.200e1
1940.9	8.000e0
1942.0	8.000e0
1942.8	8.000e0
1943.5	5.960e2
1944.2	4.590e2
1945.0	1.055e3
1945.8	1.618e3
1946.5	9.800e1
1947.1	2.400e1
1947.8	2.559e3
1948.8	1.575e3
1949.5	2.500e1
1950.4	1.640e2
1951.2	7.800e1
1952.0	4.340e2
1952.7	2.500e1
1953.6	1.031e3
1954.6	7.840e2
1955.2	5.170e2
1956.0	9.000e0
1956.5	3.120e2
1957.0	8.000e0
1957.6	1.877e3
1958.7	1.622e3
1959.4	1.700e1
1960.4	3.730e2
1961.1	2.300e1
1961.8	9.760e2
1962.9	1.392e3
1963.9	9.640e2
1964.8	1.800e1
1965.4	1.741e3
1966.0	1.800e1
1966.6	1.249e3
1967.5	5.900e1
1968.6	5.460e2
1969.7	8.810e2
1970.7	4.740e2
1971.5	3.920e2
1972.2	5.560e2
1973.3	1.212e3
1974.4	4.710e2
1975.5	5.290e2
1976.4	1.663e3
1977.0	1.540e2
1977.6	1.130e3
1978.3	5.400e1
1979.2	1.003e3
1979.9	2.000e1
1980.5	1.940e2
1981.5	3.830e2
1982.3	1.043e3
1983.0	8.270e2
1983.8	3.880e2
1984.5	1.700e1
1985.1	1.256e3
1985.8	3.000e1
1987.1	9.040e2
1988.2	7.870e2
1989.0	6.400e1
1989.8	6.260e2
1990.5	8.140e2
1991.2	8.000e0
1991.9	6.130e2
1993.1	4.170e2
1993.6	5.200e1
1994.5	1.188e3
1995.5	4.430e2
1997.2	4.830e2
1997.9	5.940e2
1998.8	1.010e3
1999.7	1.900e1
