100.2	8.000e0
101.2	9.805e3
102.3	1.233e3
103.1	1.209e4
104.1	7.010e2
105.2	2.532e3
105.9	2.300e1
106.5	1.800e1
107.1	6.080e2
107.9	5.400e1
108.9	6.920e2
109.5	3.100e1
110.5	4.430e2
111.2	1.627e4
112.2	1.498e3
113.1	6.970e4
114.0	2.538e3
114.5	1.230e2
115.1	2.983e3
115.9	2.200e1
116.4	3.470e2
117.1	2.490e4
117.6	1.860e2
118.2	6.995e3
119.2	6.391e3
120.1	1.140e2
121.5	2.000e1
122.4	6.270e2
123.2	3.080e2
124.2	2.300e1
125.1	5.180e2
125.9	7.620e2
126.6	4.360e2
127.2	1.548e3
128.2	1.234e3
129.2	2.148e4
130.2	7.143e3
131.2	4.683e3
132.1	3.260e3
132.6	9.000e0
133.2	2.391e4
133.9	3.100e1
134.4	1.477e3
135.3	1.260e4
136.3	2.040e2
137.2	4.133e3
138.4	6.910e2
139.3	1.114e3
140.3	3.110e2
141.3	2.188e3
142.2	5.720e2
142.9	1.100e1
143.4	4.790e2
144.2	2.046e3
145.1	5.716e3
145.6	1.700e1
146.2	1.373e4
147.1	1.446e4
147.7	1.530e2
148.2	2.637e3
149.2	5.442e3
150.1	1.300e1
151.2	4.606e3
152.4	4.040e2
153.3	1.322e3
154.2	1.289e3
154.8	1.100e1
155.3	3.304e3
156.2	8.460e2
157.2	1.270e3
157.8	8.000e0
158.4	2.163e3
159.2	1.070e4
160.1	3.620e3
160.6	5.700e1
161.2	7.372e3
162.4	1.255e3
163.3	3.176e4
164.2	4.502e3
164.7	1.230e2
165.2	1.557e4
166.3	1.360e3
167.4	8.700e1
168.3	8.530e2
169.1	2.087e3
169.7	1.100e1
170.3	5.500e2
171.3	5.153e3
172.5	4.960e2
173.2	5.720e4
174.2	5.079e3
174.7	6.100e1
175.2	1.836e4
176.1	4.237e3
176.6	9.000e0
177.2	4.836e3
177.7	1.000e1
178.3	1.091e3
179.2	1.828e4
180.1	1.631e3
181.2	6.201e3
182.2	4.750e2
183.3	1.345e3
184.2	1.250e3
185.1	2.873e3
185.7	1.460e2
186.2	3.733e3
187.3	2.495e3
188.3	4.251e3
188.8	7.800e1
189.3	2.866e3
190.2	3.811e3
190.7	4.950e2
191.2	3.744e5
192.3	2.533e4
193.2	5.970e4
194.2	6.165e3
194.7	7.800e1
195.3	1.541e5
196.1	3.073e4
197.1	7.589e3
198.0	2.343e4
198.6	1.910e2
199.2	2.714e3
200.1	1.671e4
200.6	1.140e2
201.3	2.461e3
202.1	5.630e3
202.7	4.900e1
203.3	2.788e4
204.2	7.313e3
204.7	4.200e1
205.3	5.958e3
206.2	4.088e3
207.3	1.429e4
208.2	1.717e4
209.2	3.167e4
210.2	4.362e3
211.2	1.412e3
212.2	8.358e3
213.2	2.692e3
214.3	1.175e3
215.4	2.520e3
216.2	1.804e3
217.4	3.769e3
218.2	4.986e3
219.3	2.431e3
220.3	2.620e3
221.3	2.708e4
222.2	1.054e4
222.8	6.250e2
223.3	2.059e4
224.2	3.894e3
224.7	8.000e0
225.3	6.556e3
226.2	3.317e3
226.7	8.000e0
227.2	9.471e3
228.2	3.639e3
228.8	9.000e0
229.3	4.626e3
230.2	1.518e3
230.9	2.160e2
231.4	5.009e3
232.2	4.916e3
233.3	4.119e3
234.2	2.815e3
235.1	2.026e3
236.2	1.653e4
236.8	2.370e2
237.3	7.885e3
238.3	2.600e3
239.2	3.948e3
240.2	4.958e3
241.2	4.935e3
242.2	3.639e3
242.7	3.800e1
243.3	7.873e3
244.1	1.850e3
244.6	1.340e2
245.2	9.132e3
246.2	1.801e3
246.7	9.000e0
247.2	4.342e3
248.3	3.151e3
249.3	5.930e3
250.2	7.550e2
251.2	1.952e3
251.8	2.370e2
252.5	1.984e3
253.3	5.578e3
254.3	2.189e3
255.2	1.128e3
256.1	2.457e3
257.2	2.895e3
258.2	2.856e3
258.7	3.100e1
259.3	1.007e4
259.8	8.000e0
260.3	3.085e3
261.3	3.976e3
262.3	4.717e3
263.2	3.510e3
264.3	4.380e2
265.2	5.350e3
265.7	1.000e1
266.4	1.203e3
267.3	4.219e3
267.8	9.500e1
268.3	1.358e3
269.3	1.857e3
270.3	3.507e3
271.4	1.431e3
272.3	2.114e3
273.2	5.516e3
273.8	9.000e0
274.6	3.681e3
275.5	1.362e3
276.3	3.420e3
277.0	2.870e2
277.7	3.304e3
278.4	2.870e2
279.3	4.110e3
280.2	5.283e3
281.2	5.823e3
281.9	4.888e3
282.6	1.390e2
283.4	3.697e3
284.4	3.039e3
285.2	1.624e3
286.3	3.059e3
287.3	3.255e3
287.8	8.000e0
288.3	2.488e3
289.2	1.983e3
290.2	8.577e3
290.7	8.000e0
291.3	5.201e3
292.4	1.838e3
293.4	3.198e3
294.2	3.413e3
294.8	1.540e2
295.3	7.436e3
296.3	2.424e3
297.4	3.181e3
298.3	2.871e3
299.2	4.958e3
300.3	8.600e2
301.1	3.506e3
301.7	2.460e2
302.3	4.576e3
303.4	3.143e3
304.3	4.726e3
305.4	3.678e3
306.3	2.464e3
307.3	3.438e3
308.2	5.528e3
309.3	7.047e3
310.3	4.870e3
311.4	4.452e3
312.2	2.089e3
313.2	7.657e3
313.8	8.000e0
314.3	2.782e3
315.3	2.545e3
316.3	5.431e3
316.8	2.600e1
317.3	1.132e4
318.3	5.973e3
319.2	4.008e3
320.1	4.065e3
320.7	2.100e2
321.3	4.757e3
321.8	1.800e1
322.3	1.853e3
323.2	6.422e3
324.2	2.452e3
325.3	4.554e3
326.1	5.680e3
326.7	7.060e2
327.4	1.270e4
328.1	6.860e2
328.7	6.964e3
329.5	3.482e3
330.3	2.608e3
331.4	2.799e3
332.2	2.535e3
332.8	8.000e0
333.4	5.715e3
334.4	2.634e3
335.2	4.655e3
336.3	5.987e3
337.3	5.231e3
338.4	5.140e3
339.2	2.233e3
340.1	3.527e3
340.8	2.630e2
341.3	1.295e4
342.3	5.615e3
342.9	4.050e2
343.5	4.792e3
344.2	3.341e3
344.7	2.400e1
345.3	3.499e3
346.2	3.628e3
347.4	2.746e3
348.3	2.279e3
349.2	4.427e3
350.2	3.255e3
351.3	4.070e3
352.3	2.617e3
353.2	9.570e3
354.2	3.428e3
354.8	9.480e2
355.3	7.849e3
356.4	2.444e3
357.4	2.151e4
358.3	4.130e3
358.9	1.210e2
359.4	4.474e3
360.1	4.667e3
360.7	1.330e2
361.4	3.657e3
362.2	1.687e3
363.2	4.509e3
363.7	9.000e0
364.2	3.308e3
364.8	2.800e1
365.3	6.657e3
366.2	4.192e3
367.3	7.102e3
367.8	9.000e0
368.4	3.460e3
369.3	4.645e3
370.2	3.544e3
371.3	3.590e3
372.3	3.845e3
373.3	3.165e3
373.9	8.000e0
374.4	4.397e3
375.1	9.610e2
375.8	5.076e3
376.5	1.705e3
377.1	3.870e3
377.8	7.200e2
378.4	3.178e3
379.2	6.709e3
380.3	4.044e3
380.8	3.180e2
381.4	5.036e3
382.3	1.727e3
382.8	4.000e2
383.4	3.879e3
384.3	1.613e3
385.4	2.369e3
386.2	2.013e3
386.8	1.100e1
387.4	1.111e4
388.4	3.374e3
389.3	3.788e3
390.2	1.466e3
390.8	8.170e2
391.4	6.327e3
392.4	3.817e3
393.4	1.780e3
394.1	2.344e3
395.2	7.408e3
395.7	4.060e2
396.4	2.546e3
397.4	3.976e3
398.3	2.916e3
399.3	2.608e3
400.3	2.427e3
401.4	5.564e3
402.3	1.432e3
403.2	2.147e3
403.8	1.600e2
404.4	1.482e3
405.3	1.179e4
406.3	4.062e3
407.3	4.765e3
408.3	3.041e3
409.0	2.180e2
409.7	3.466e3
410.4	2.645e3
411.4	3.538e3
412.3	2.790e3
413.4	3.524e3
414.4	3.190e3
414.9	3.660e2
415.5	4.810e3
416.3	1.582e3
417.3	5.029e3
418.3	3.838e3
419.2	2.567e3
420.2	1.840e3
421.1	5.364e3
422.1	3.333e3
423.1	4.541e3
423.6	4.140e2
424.3	2.733e3
425.2	3.106e3
425.8	1.410e2
426.4	3.394e3
427.2	3.164e3
427.8	1.200e1
428.5	2.645e3
429.4	3.383e3
430.4	1.730e3
430.9	2.370e2
431.5	4.459e3
432.3	8.940e2
433.0	3.669e3
433.7	2.170e2
434.3	3.519e3
434.8	2.130e2
435.4	3.722e3
436.2	1.102e4
437.3	3.005e3
438.2	5.088e3
439.2	2.656e3
439.8	1.860e2
440.4	4.314e3
441.3	4.648e3
441.8	7.100e1
442.4	1.445e3
443.3	3.544e3
443.8	8.000e0
444.3	6.630e3
444.8	2.020e2
445.4	2.481e3
446.4	3.648e3
447.3	3.198e3
448.4	3.973e3
449.3	1.654e3
450.2	2.425e3
451.3	2.315e3
452.2	1.802e3
453.1	2.595e3
453.7	2.900e2
454.3	2.261e3
455.4	3.275e3
456.4	2.697e3
457.3	3.453e3
458.1	6.083e3
458.6	1.063e3
459.3	8.713e3
459.9	2.150e2
460.5	4.018e3
461.5	5.910e3
462.3	1.576e3
462.9	4.296e3
463.8	2.144e3
464.5	5.800e2
465.4	3.135e3
466.4	5.377e3
467.3	4.907e3
468.2	1.484e3
468.8	1.370e2
469.3	4.118e3
470.3	1.585e3
471.3	2.514e3
472.4	3.127e3
473.4	4.626e3
474.5	6.132e3
475.3	4.254e3
476.3	2.771e3
476.8	8.000e0
477.4	6.934e3
478.0	6.650e2
478.7	4.493e3
479.4	1.933e3
480.2	2.905e3
481.3	2.660e3
482.2	1.723e3
483.1	3.615e3
483.8	2.200e1
484.4	3.609e3
485.3	7.179e3
486.3	1.461e3
487.1	3.742e3
487.7	7.470e2
488.3	9.117e3
489.3	3.423e3
489.9	5.670e2
490.5	3.582e3
491.3	3.843e3
492.3	7.380e2
493.3	4.472e3
493.8	1.920e2
494.4	1.730e3
495.3	3.368e3
495.8	4.000e1
496.4	4.082e3
497.3	1.029e3
498.3	2.629e3
499.2	3.355e3
500.2	2.103e3
500.8	2.700e1
501.3	3.740e3
501.8	2.800e1
502.3	1.737e3
503.3	7.499e3
504.3	3.154e3
505.3	4.347e3
506.3	3.453e3
506.9	4.410e2
507.5	3.422e3
508.3	3.128e3
509.1	4.906e3
509.6	1.250e2
510.3	2.664e3
511.3	1.784e3
511.9	5.060e2
512.5	2.798e3
513.5	3.687e3
514.4	2.916e3
515.0	4.120e2
515.6	4.195e3
516.7	6.700e3
517.7	4.442e3
518.5	1.670e3
519.4	6.280e3
520.3	2.958e3
520.8	9.300e1
521.3	2.704e3
522.2	4.523e3
523.4	2.900e3
524.2	7.600e1
524.7	3.817e3
525.4	1.038e3
526.3	2.682e3
527.3	4.575e3
528.0	3.460e2
528.6	2.713e3
529.5	4.126e3
530.4	2.219e3
531.3	5.312e3
532.2	2.276e3
533.0	4.354e3
533.5	2.820e2
534.2	3.460e3
534.7	9.000e0
535.3	4.289e3
535.8	1.500e1
536.5	2.803e3
537.5	1.628e4
538.4	5.492e3
539.3	2.752e3
539.9	1.600e2
540.4	3.674e3
541.4	2.626e3
541.9	8.000e0
542.5	5.129e3
543.5	2.108e3
544.0	1.960e2
544.6	2.124e3
545.4	8.321e3
546.2	1.316e3
546.9	4.445e3
547.7	2.444e3
548.4	1.225e3
549.0	1.000e1
549.5	1.317e4
550.3	9.810e2
551.0	5.907e3
552.2	3.952e3
553.2	2.331e3
553.9	2.310e2
554.6	4.309e3
555.4	1.667e3
556.3	2.045e3
557.4	3.635e3
557.9	7.100e1
558.5	3.007e3
559.5	3.415e3
560.0	4.100e1
560.6	9.280e2
561.3	3.133e3
562.2	3.267e3
563.0	1.184e3
563.7	4.282e3
564.5	9.580e2
565.2	3.682e3
565.9	5.840e2
566.5	1.904e3
567.4	3.320e3
568.0	1.100e1
568.5	1.888e3
569.4	3.525e3
570.3	1.020e3
571.1	2.373e3
571.6	1.600e1
572.2	9.000e2
573.1	3.598e3
573.9	2.100e3
574.7	2.078e3
575.5	1.864e3
576.4	2.267e3
577.3	3.616e3
578.0	2.000e1
578.5	2.918e3
579.0	8.000e0
579.6	3.533e3
580.5	9.990e2
581.4	3.078e3
582.4	5.830e2
583.2	3.048e3
584.2	2.582e3
585.1	4.446e3
585.8	5.730e2
586.6	4.206e3
587.4	1.367e3
588.2	2.889e3
588.8	1.483e3
589.4	2.110e3
590.2	2.269e3
590.8	1.190e2
591.5	8.280e2
592.1	2.873e3
592.7	3.800e1
593.3	3.506e3
594.2	2.625e3
595.0	1.686e3
595.9	3.260e3
596.8	2.228e3
597.6	7.630e2
598.5	2.226e3
599.3	4.300e3
600.5	1.680e3
601.3	3.830e3
602.2	2.328e3
602.7	9.500e1
603.2	1.979e3
603.8	4.070e2
604.6	1.450e3
605.4	1.817e3
606.2	3.980e2
606.8	3.876e3
607.5	2.400e1
608.2	2.719e3
609.3	3.652e3
610.2	2.114e3
611.1	3.438e3
611.7	1.230e2
612.3	3.458e3
613.3	3.779e3
613.8	1.420e2
614.4	1.058e3
615.4	4.519e3
616.2	9.610e2
616.9	2.680e2
617.5	3.746e3
618.4	2.974e3
619.3	4.360e3
620.3	1.655e3
620.8	9.000e0
621.3	4.346e3
622.2	2.069e3
622.7	3.230e2
623.3	3.508e3
624.3	3.824e3
625.0	4.700e2
625.6	2.660e3
626.5	1.349e3
627.1	6.770e2
627.6	4.526e3
628.2	5.530e2
628.7	3.690e3
629.7	2.144e3
630.5	1.307e3
631.3	3.642e3
632.3	1.347e3
633.1	3.440e3
633.8	1.058e3
634.6	2.804e3
635.1	2.450e2
635.6	5.483e3
636.3	2.453e3
637.1	3.205e3
637.7	7.790e2
638.3	2.881e3
638.9	1.200e1
639.5	3.464e3
640.5	3.135e3
641.5	3.738e3
642.4	2.005e3
643.5	8.890e2
644.5	2.277e3
645.1	1.254e3
645.7	2.845e3
646.5	1.600e1
647.1	3.549e3
648.0	1.630e3
648.9	3.685e3
649.6	9.370e2
650.4	4.411e3
651.4	4.451e3
652.4	2.720e3
653.4	5.275e3
654.2	5.050e2
654.9	1.964e3
655.7	2.426e3
656.4	2.200e1
657.0	2.089e3
657.8	1.874e3
658.4	2.910e2
659.1	1.252e3
659.6	1.100e1
660.2	1.880e3
660.8	4.170e2
661.5	3.109e3
662.4	1.481e3
663.3	2.927e3
664.4	3.656e3
665.5	2.623e3
666.4	7.310e2
667.1	2.215e3
667.9	4.053e3
668.7	1.945e3
669.5	5.135e3
670.3	1.907e3
671.2	2.291e3
671.7	1.430e2
672.5	5.131e3
673.3	2.068e3
674.4	5.710e3
675.2	8.170e2
675.7	1.000e1
676.3	7.870e2
677.3	3.552e3
678.0	1.320e2
678.5	1.850e3
679.5	3.477e3
680.4	2.641e3
681.4	4.649e3
682.1	2.720e2
682.7	1.870e3
683.5	2.527e3
684.5	9.870e2
685.5	2.024e3
686.6	2.684e3
687.2	6.180e2
688.0	1.785e3
688.5	4.700e1
689.1	2.405e3
690.0	6.090e2
690.5	1.690e2
691.1	2.171e3
692.2	4.075e3
693.1	1.874e3
693.9	1.126e3
694.6	2.618e3
695.4	1.444e3
696.0	5.100e1
696.5	3.191e3
697.1	1.700e2
697.7	4.469e3
698.6	3.476e3
699.6	1.935e4
700.1	5.160e2
700.8	7.778e3
701.7	3.006e3
702.5	9.110e2
703.2	1.320e3
704.3	1.990e3
704.9	3.330e2
705.5	2.830e3
706.3	7.070e2
707.1	1.008e3
707.9	2.203e3
708.8	3.195e3
709.5	5.950e2
710.3	2.356e3
710.8	2.200e1
711.5	9.510e2
712.4	2.883e3
713.1	9.900e1
713.8	4.252e3
714.6	1.435e3
715.5	2.113e3
716.4	5.970e2
717.2	3.125e3
718.3	1.931e3
719.2	2.529e3
720.1	2.371e3
720.9	6.960e2
721.5	3.322e3
722.0	1.230e2
722.5	4.476e3
723.4	1.774e3
724.2	7.950e2
725.0	3.693e3
725.6	4.400e2
726.4	1.399e3
727.2	3.724e3
727.9	1.028e3
729.1	2.057e3
729.9	1.140e2
730.7	2.357e3
731.6	1.093e3
732.1	1.610e2
732.6	3.465e3
733.6	3.280e3
734.6	2.481e3
735.5	2.001e3
736.2	3.379e3
736.9	9.880e2
737.6	3.893e3
738.3	1.150e3
739.2	2.868e3
740.1	1.556e3
740.6	1.510e2
741.2	3.789e3
742.1	2.383e3
743.4	2.246e3
744.2	5.890e2
744.9	4.420e3
745.8	5.230e2
746.6	8.660e2
747.3	1.331e3
748.1	1.822e3
748.7	4.680e2
749.4	2.800e3
750.0	3.100e1
750.6	1.932e3
751.6	2.377e3
752.6	8.860e2
753.5	2.284e3
754.3	2.761e3
755.0	1.060e3
755.7	3.788e3
756.5	6.040e2
757.2	2.089e3
757.9	6.900e2
758.5	1.016e3
759.3	4.546e3
760.3	2.356e3
760.8	1.900e1
761.5	1.671e3
762.4	2.518e3
763.0	2.380e2
763.5	2.147e3
764.4	1.805e3
765.1	3.136e3
766.1	2.057e3
766.9	5.820e2
767.5	3.915e3
768.5	2.460e3
769.4	1.280e3
770.4	1.845e3
771.3	1.557e3
772.3	2.657e3
773.3	2.622e3
773.8	2.490e2
774.4	2.528e3
775.3	3.002e3
775.8	9.000e1
776.3	1.271e3
777.0	9.170e2
777.9	3.081e3
778.8	1.739e3
779.3	1.050e2
780.0	1.982e3
780.7	6.770e2
781.3	2.671e3
781.9	2.250e2
782.6	4.135e3
783.4	6.580e2
784.2	2.084e3
784.8	7.430e2
785.5	1.844e3
786.5	1.530e3
787.3	1.565e3
787.9	9.000e0
788.4	1.622e3
789.0	3.200e2
789.5	2.419e3
790.5	1.116e3
791.1	3.560e2
791.6	3.919e3
792.2	1.000e3
792.9	3.560e2
793.6	1.427e3
794.4	3.666e3
795.4	7.900e2
796.2	1.856e3
796.9	8.400e1
797.4	1.815e3
798.0	1.800e1
798.6	1.156e3
799.4	1.946e3
800.2	4.410e2
800.8	3.552e3
801.5	1.980e2
802.0	3.082e3
802.6	1.540e2
803.2	1.871e3
804.2	3.990e2
804.9	2.697e3
805.5	7.680e2
806.5	1.457e3
807.4	1.203e3
808.0	1.760e2
808.5	2.911e3
809.5	2.039e3
810.2	1.479e3
811.0	4.850e2
811.6	2.255e3
812.7	2.700e2
813.3	1.495e3
814.0	7.260e2
814.7	3.809e3
815.6	2.870e3
816.8	2.225e3
817.6	8.750e2
818.5	2.169e3
819.1	2.940e2
819.7	2.652e3
820.7	5.140e2
821.5	2.806e3
822.6	1.680e3
823.1	1.000e1
823.6	2.231e3
824.6	6.270e2
825.4	2.620e3
826.3	1.613e3
827.0	6.390e2
827.7	2.113e3
828.6	1.194e3
829.1	5.700e1
829.7	3.050e3
830.2	3.850e2
831.1	2.632e3
831.9	8.780e2
832.9	3.165e3
833.7	6.400e2
834.4	1.392e3
835.1	6.960e2
835.9	2.652e3
836.4	2.500e1
837.0	2.284e3
837.5	2.010e2
838.2	6.820e2
839.2	1.598e3
840.2	2.476e3
841.1	4.410e2
841.8	3.324e3
842.5	3.460e2
843.2	2.176e3
843.9	2.980e2
844.5	8.750e2
845.5	2.618e3
846.3	6.850e2
847.0	3.014e3
847.7	2.070e2
848.2	1.738e3
848.9	4.390e2
849.8	1.864e3
850.7	3.035e3
851.3	1.070e2
851.9	1.526e3
852.8	3.301e3
853.5	1.083e3
854.0	1.580e2
854.6	1.240e3
855.5	1.545e3
856.5	3.002e3
857.5	3.302e3
858.4	2.437e3
859.3	2.697e3
860.1	7.980e2
861.0	6.770e2
861.8	4.916e3
862.3	1.170e2
862.9	2.643e3
863.7	2.552e3
864.6	1.735e3
865.5	1.543e3
866.2	1.180e3
867.0	2.081e3
867.6	8.000e0
868.2	1.420e3
869.3	1.321e3
870.0	9.740e2
870.7	1.706e3
871.5	1.221e3
872.0	1.000e1
872.6	1.063e3
873.5	4.748e3
874.4	9.340e2
874.9	8.000e0
875.6	1.882e3
876.6	1.815e3
877.5	1.395e3
878.5	2.171e3
879.6	1.295e3
880.5	1.394e3
881.1	1.000e1
881.7	1.463e3
882.7	1.415e3
883.6	1.207e3
884.5	2.092e3
885.3	1.041e3
886.1	2.446e3
886.9	5.440e2
887.5	1.090e2
888.0	1.709e3
889.0	2.900e2
889.9	1.196e3
890.8	1.182e3
891.5	1.700e1
892.0	1.210e3
892.6	1.300e2
893.3	1.547e3
894.0	3.230e2
894.7	1.100e1
895.2	1.088e3
895.8	3.570e2
896.4	1.718e3
897.0	2.000e2
897.6	2.472e3
898.4	1.453e3
899.4	1.750e3
900.1	1.210e2
900.9	1.171e3
901.6	2.829e3
902.2	2.390e2
902.8	6.160e2
903.4	2.360e3
904.2	3.900e1
904.9	1.314e3
905.4	7.400e1
906.0	2.528e3
906.5	2.040e2
907.0	2.135e3
907.6	3.310e2
908.5	2.404e3
909.2	1.506e3
910.0	2.471e3
910.8	4.600e2
911.6	1.896e3
912.3	1.350e2
912.8	1.949e3
913.8	2.241e3
914.4	1.364e3
915.5	2.803e3
916.0	2.030e2
916.7	7.000e2
917.6	2.327e3
918.4	1.056e3
919.2	1.252e3
920.1	1.971e3
921.1	1.504e3
922.0	9.180e2
922.7	9.000e0
923.2	1.963e3
924.3	1.549e3
925.1	8.280e2
926.0	2.843e3
926.7	1.950e2
927.3	2.150e2
927.9	1.155e3
928.7	2.135e3
929.3	2.430e2
930.0	9.240e2
930.8	5.860e2
931.4	2.011e3
932.1	4.360e2
933.0	1.702e3
933.5	1.000e1
934.0	1.754e3
935.0	1.090e3
935.7	2.600e3
936.5	1.747e3
937.3	1.621e3
938.0	1.700e1
938.7	2.009e3
939.7	1.428e3
940.3	3.360e2
941.1	1.234e3
941.7	6.940e2
942.5	1.012e3
943.0	3.780e2
943.7	7.470e2
944.6	1.566e3
945.4	9.990e2
946.1	1.990e2
946.8	2.950e2
947.7	1.512e3
948.5	1.612e3
949.4	4.620e2
950.3	2.804e3
950.9	8.000e0
951.4	2.465e3
952.2	1.313e3
953.0	2.503e3
953.8	2.098e3
954.4	8.190e2
955.2	1.447e3
955.8	5.400e2
956.5	1.484e3
957.4	3.696e3
958.0	2.100e2
958.6	2.813e3
959.4	1.843e3
960.2	3.120e3
960.8	1.600e1
961.3	7.380e2
961.9	2.822e3
962.5	1.000e1
963.1	2.064e3
963.8	9.750e2
964.4	2.023e3
965.1	3.020e2
966.0	3.173e3
966.6	1.900e1
967.3	3.024e3
967.9	5.800e1
968.5	9.110e2
969.2	2.238e3
970.1	1.428e3
970.8	9.790e2
971.8	2.809e3
972.8	1.448e3
974.1	1.864e3
974.8	3.940e2
975.4	1.368e3
976.0	1.700e1
976.5	2.983e3
977.2	7.220e2
978.2	5.120e2
979.1	2.045e3
980.0	2.599e3
981.0	1.218e3
981.9	1.991e3
982.9	1.036e3
983.6	7.580e2
984.1	3.400e1
984.8	1.169e3
985.5	5.730e2
986.4	2.412e3
987.4	3.881e3
988.0	9.000e0
988.5	1.607e3
989.5	1.878e3
990.5	1.612e3
991.2	8.000e0
991.8	1.470e3
992.5	1.540e2
993.1	1.550e3
993.9	2.163e3
994.4	6.600e1
995.0	1.303e3
995.9	9.120e2
996.8	1.925e3
997.8	1.475e3
998.4	1.950e2
999.0	2.381e3
999.8	7.790e2
1000.9	1.442e3
1001.4	1.200e1
1002.0	8.320e2
1002.9	1.291e3
1003.5	2.200e2
1004.1	1.992e3
1004.8	3.000e2
1005.4	7.320e2
1006.0	1.100e1
1006.6	3.738e3
1007.3	5.980e2
1008.0	2.425e3
1009.0	7.930e2
1009.8	4.720e2
1010.5	1.959e3
1011.3	2.086e3
1012.1	3.490e2
1012.7	2.010e3
1013.6	2.461e3
1014.3	1.870e2
1015.2	2.414e3
1015.7	8.000e0
1016.4	2.546e3
1017.0	1.180e2
1017.5	2.926e3
1018.2	7.240e2
1019.0	5.890e2
1019.8	1.000e3
1020.6	1.768e3
1021.6	9.530e2
1022.1	1.700e2
1022.8	1.664e3
1023.5	9.100e2
1024.3	1.585e3
1025.0	9.330e2
1025.7	8.960e2
1026.5	1.997e3
1027.3	7.290e2
1028.1	1.535e3
1029.0	1.192e3
1030.0	1.663e3
1030.9	3.594e3
1031.7	4.710e2
1032.5	2.611e3
1033.6	1.599e3
1034.2	2.290e2
1035.0	2.426e3
1036.1	1.015e3
1037.1	2.414e3
1038.1	1.271e3
1039.0	1.732e3
1040.1	2.560e2
1040.7	3.370e2
1041.3	1.343e3
1042.0	3.332e3
1042.7	1.098e3
1043.4	2.642e3
1044.4	5.250e2
1045.1	2.450e3
1046.2	1.498e3
1046.8	2.530e2
1047.3	2.032e3
1048.1	4.120e2
1049.0	1.191e3
1049.9	5.850e2
1050.8	1.710e3
1051.8	8.280e2
1052.3	2.590e2
1053.1	1.518e3
1054.0	2.320e2
1054.6	1.423e3
1055.6	7.400e2
1056.4	2.029e3
1057.2	9.000e1
1058.0	1.196e3
1058.7	2.090e2
1059.4	7.660e2
1060.1	2.508e3
1060.6	6.100e1
1061.4	7.960e2
1062.1	5.363e3
1063.0	7.500e2
1063.6	2.723e3
1064.3	1.076e3
1065.0	1.197e3
1066.1	1.649e3
1067.1	4.750e2
1068.0	3.420e2
1068.7	7.680e2
1069.7	1.894e3
1070.6	5.130e2
1071.9	1.619e3
1072.6	4.560e2
1073.5	7.800e2
1074.4	1.023e3
1075.4	9.160e2
1076.4	1.599e3
1077.1	2.400e2
1077.7	2.768e3
1078.4	2.970e2
1079.0	1.838e3
1079.5	1.950e2
1080.6	1.473e3
1081.2	7.630e2
1081.9	1.198e3
1082.9	8.340e2
1083.6	4.620e2
1084.3	1.180e2
1085.2	6.340e2
1086.0	1.181e3
1086.8	2.480e3
1087.3	2.100e1
1087.9	1.619e3
1088.7	2.262e3
1089.8	1.874e3
1090.6	1.350e3
1091.3	1.100e2
1092.0	1.457e3
1092.9	1.362e3
1093.7	2.800e1
1094.3	2.412e3
1095.0	1.740e2
1096.1	1.028e3
1097.0	1.471e3
1098.1	1.428e3
1098.9	3.080e2
1099.5	3.159e3
1100.2	6.370e2
1100.9	8.460e2
1101.8	2.194e3
1102.7	6.670e2
1103.4	2.980e2
1104.0	1.386e3
1105.1	1.491e3
1106.2	2.240e3
1106.8	4.400e1
1107.6	9.110e2
1108.2	3.182e3
1109.0	1.995e3
1109.8	8.620e2
1110.4	1.850e2
1111.0	2.169e3
1111.9	1.099e3
1112.5	1.240e2
1113.1	2.053e3
1113.9	1.678e3
1114.9	2.943e3
1115.9	1.003e3
1116.8	6.050e2
1117.7	3.022e3
1118.8	1.516e3
1119.6	1.102e3
1120.4	7.410e2
1121.2	1.436e3
1122.1	1.052e3
1123.0	2.199e3
1124.1	1.515e3
1124.9	6.960e2
1125.6	1.070e3
1126.2	6.540e2
1127.0	2.432e3
1127.9	1.120e3
1128.5	1.770e2
1129.1	3.150e2
1129.8	1.709e3
1130.7	6.240e2
1131.4	2.885e3
1132.4	1.499e3
1132.9	1.210e2
1133.7	3.320e3
1134.7	2.083e3
1135.3	3.100e1
1135.9	1.559e3
1136.8	9.790e2
1138.0	1.237e3
1138.6	9.000e0
1139.1	1.746e3
1139.9	8.000e0
1140.5	1.060e3
1141.2	5.550e2
1141.8	3.200e1
1142.6	1.240e3
1143.4	1.770e2
1144.1	2.313e3
1145.0	7.860e2
1145.7	2.200e2
1146.4	3.322e3
1147.0	1.000e1
1147.6	1.513e3
1148.4	2.280e3
1149.0	5.790e2
1149.7	2.468e3
1150.4	3.770e2
1151.0	1.194e3
1151.9	6.150e2
1152.5	1.758e3
1153.4	2.717e3
1154.1	3.130e2
1154.7	1.708e3
1155.5	3.030e2
1156.2	2.574e3
1157.0	1.443e3
1157.8	1.716e3
1158.5	1.223e3
1159.2	1.071e3
1159.9	2.090e2
1160.5	2.412e3
1161.2	9.720e2
1162.0	2.005e3
1162.8	5.170e2
1163.4	1.468e3
1164.3	1.130e3
1164.9	1.570e2
1165.5	1.586e3
1166.4	1.050e2
1166.9	1.170e3
1167.9	2.602e3
1168.8	1.355e3
1169.7	1.098e3
1170.6	1.289e3
1171.3	5.621e3
1172.0	4.650e2
1172.5	2.487e3
1173.3	8.580e2
1174.2	4.680e2
1174.8	9.110e2
1175.7	3.297e3
1176.7	1.469e3
1177.7	2.924e3
1178.6	1.340e2
1179.5	4.620e2
1180.4	1.799e3
1182.1	1.873e3
1183.0	2.742e3
1183.5	9.000e0
1184.2	1.441e3
1184.7	2.370e2
1185.7	1.011e3
1186.5	1.044e3
1187.5	3.610e2
1188.1	8.500e1
1188.8	2.285e3
1189.3	1.620e2
1189.9	1.131e3
1190.8	3.650e2
1191.5	8.550e2
1192.3	1.095e3
1193.0	1.340e2
1193.6	2.854e3
1194.4	9.130e2
1195.5	1.146e3
1196.3	2.581e3
1197.1	4.320e2
1197.6	7.980e2
1198.4	1.135e3
1199.1	4.020e2
1199.8	3.393e3
1200.4	1.100e1
1201.1	1.304e3
1201.9	2.730e2
1202.7	3.324e3
1203.5	5.700e2
1204.5	2.641e3
1205.2	4.810e2
1206.0	3.560e2
1206.8	7.120e2
1207.8	1.280e3
1208.8	7.600e2
1209.6	2.220e2
1210.2	2.274e3
1211.0	1.823e3
1211.8	9.480e2
1212.9	9.130e2
1213.7	1.157e3
1214.4	3.304e3
1215.0	2.150e2
1215.7	2.697e3
1217.0	1.842e3
1218.0	1.602e3
1219.1	2.117e3
1219.8	1.199e3
1220.5	1.279e3
1221.6	1.241e3
1222.4	8.210e2
1223.2	2.082e3
1224.3	1.714e3
1225.4	8.500e2
1226.1	3.296e3
1227.0	9.930e2
1227.5	9.000e0
1228.1	8.140e2
1228.7	6.450e2
1229.4	1.887e3
1230.5	6.500e2
1231.5	1.434e3
1232.5	6.700e1
1233.3	1.441e3
1234.1	1.204e3
1234.7	2.200e1
1235.4	1.292e3
1236.2	1.410e2
1236.9	1.691e3
1237.5	7.200e1
1238.0	1.977e3
1238.9	3.150e2
1239.8	2.073e3
1240.6	3.930e2
1241.4	1.673e3
1241.9	3.870e2
1242.5	1.496e3
1243.1	2.600e1
1243.6	2.279e3
1244.5	1.705e3
1245.4	1.567e3
1246.0	1.120e2
1246.7	1.424e3
1247.6	1.723e3
1248.3	3.255e3
1249.2	1.485e3
1250.2	1.420e2
1250.7	2.659e3
1251.5	5.700e1
1252.1	7.440e2
1252.7	2.736e3
1253.4	1.100e1
1253.9	1.300e3
1254.5	1.300e1
1255.1	6.680e2
1256.0	1.230e3
1256.9	1.524e3
1257.8	1.354e3
1258.4	1.400e1
1259.0	2.286e3
1259.8	2.720e2
1260.3	1.294e3
1261.0	2.830e2
1261.9	1.083e3
1262.6	1.022e3
1263.5	1.585e3
1264.6	2.798e3
1265.4	2.678e3
1266.4	7.740e2
1267.5	3.162e3
1268.1	1.590e2
1268.6	8.600e2
1269.3	1.045e3
1270.0	1.370e3
1270.8	5.800e2
1271.9	1.774e3
1272.9	1.181e3
1273.8	1.425e3
1274.5	1.000e1
1275.1	5.800e2
1276.0	3.900e1
1276.6	2.258e3
1277.6	1.224e3
1278.6	1.448e3
1279.7	1.445e3
1280.3	3.580e2
1280.9	1.642e3
1281.4	1.000e1
1282.0	1.162e3
1282.6	3.900e2
1283.2	1.413e3
1284.2	2.636e3
1285.1	9.670e2
1286.1	8.980e2
1287.0	3.940e2
1287.6	1.408e3
1288.4	6.370e2
1289.1	7.230e2
1289.7	2.010e2
1290.5	8.390e2
1291.4	2.344e3
1292.0	4.820e2
1292.8	1.284e3
1294.0	4.500e1
1294.8	2.306e3
1295.6	6.010e2
1296.3	2.304e3
1297.1	1.320e2
1297.6	1.711e3
1298.4	1.790e2
1299.0	1.350e2
1299.8	1.161e3
1300.5	3.660e2
1301.1	4.640e2
1301.9	1.169e3
1302.4	9.000e0
1303.2	1.969e3
1303.9	8.000e0
1304.5	2.046e3
1305.5	1.928e3
1306.4	1.159e3
1306.9	5.890e2
1307.8	5.200e2
1308.7	7.620e2
1309.5	2.790e3
1310.1	4.800e1
1310.7	5.060e2
1311.3	1.541e3
1311.9	6.940e2
1312.5	1.754e3
1313.1	3.840e2
1313.8	1.653e3
1314.4	2.060e2
1315.1	5.320e2
1316.0	1.540e3
1316.7	5.270e2
1317.2	1.300e2
1318.0	1.940e2
1318.8	5.510e2
1319.7	9.950e2
1320.6	2.499e3
1321.4	1.996e3
1322.2	4.932e3
1323.0	5.140e2
1323.7	5.930e2
1324.4	2.900e1
1325.1	2.402e3
1326.0	5.010e2
1326.6	1.910e2
1327.3	1.587e3
1327.9	7.000e1
1328.8	1.194e3
1329.4	8.600e1
1330.5	8.660e2
1331.1	7.380e2
1331.7	8.690e2
1332.4	5.970e2
1333.1	2.100e1
1333.6	1.620e3
1334.5	2.160e2
1335.0	1.548e3
1335.6	5.250e2
1336.4	1.501e3
1337.1	1.283e3
1338.0	8.220e2
1339.1	1.370e3
1339.7	5.760e2
1340.4	9.510e2
1341.3	1.720e2
1342.3	1.739e3
1343.5	1.152e3
1344.1	9.300e1
1344.8	7.660e2
1345.6	2.321e3
1346.3	6.650e2
1347.1	6.570e2
1348.0	3.840e2
1348.7	1.823e3
1349.9	7.590e2
1350.7	2.820e2
1351.4	9.880e2
1352.1	9.760e2
1352.7	8.000e0
1353.3	1.003e3
1354.2	9.460e2
1354.7	8.000e0
1355.3	2.641e3
1356.0	4.650e2
1356.8	2.510e2
1357.9	8.700e1
1358.5	1.006e3
1359.2	2.370e2
1359.9	5.410e2
1360.7	9.630e2
1361.8	1.752e3
1362.6	5.190e2
1363.4	6.720e2
1363.9	2.810e2
1364.7	8.550e2
1365.7	7.920e2
1366.3	1.200e1
1367.0	2.660e2
1368.0	9.930e2
1369.1	3.370e2
1369.9	2.609e3
1370.7	9.830e2
1371.4	3.720e2
1372.0	2.150e2
1372.6	1.321e3
1373.3	9.600e1
1374.0	2.890e2
1375.0	2.087e3
1376.2	9.110e2
1377.2	1.747e3
1378.0	4.650e2
1379.0	9.270e2
1379.9	2.590e2
1380.7	3.236e3
1381.3	1.200e1
1382.1	1.332e3
1382.8	9.000e0
1383.3	7.450e2
1384.0	2.915e3
1385.0	4.280e2
1386.1	1.504e3
1386.6	1.370e2
1387.2	1.115e3
1387.8	1.040e2
1388.3	1.447e3
1389.0	5.840e2
1389.7	1.706e3
1390.4	9.400e1
1391.0	7.090e2
1392.1	8.230e2
1392.7	8.700e1
1393.3	2.249e3
1394.2	1.170e3
1395.0	3.458e3
1396.0	1.424e3
1397.0	1.205e3
1397.8	1.057e3
1398.4	1.770e2
1399.0	1.939e3
1399.9	1.734e3
1400.6	2.463e3
1401.6	1.008e3
1402.6	4.090e2
1403.2	1.215e3
1403.9	6.220e2
1404.5	9.670e2
1405.2	4.310e2
1405.8	1.768e3
1406.6	6.100e2
1407.4	1.118e3
1408.3	2.089e3
1409.3	1.837e3
1410.2	1.240e3
1411.3	2.130e2
1412.0	2.158e3
1412.7	3.860e2
1413.3	1.404e3
1413.9	3.940e2
1414.8	9.240e2
1415.7	6.700e2
1416.6	1.169e3
1417.6	1.568e3
1418.3	2.200e1
1418.9	6.670e2
1419.5	6.000e1
1420.0	4.075e3
1420.8	1.370e2
1421.5	2.455e3
1422.5	1.486e3
1423.4	2.919e3
1424.3	2.236e3
1425.3	2.216e3
1425.8	2.110e2
1426.4	2.548e3
1427.2	2.040e2
1428.1	1.676e3
1429.1	6.080e2
1430.0	1.112e3
1430.9	1.045e3
1431.9	2.380e2
1432.5	8.740e2
1433.6	7.970e2
1434.5	1.787e3
1435.3	3.180e2
1435.9	7.390e2
1436.6	2.754e3
1437.6	1.482e3
1438.5	4.470e2
1439.2	1.083e3
1440.0	3.120e2
1440.7	1.460e2
1441.5	9.000e0
1442.0	1.496e3
1442.9	1.138e3
1444.0	1.510e2
1444.8	1.530e2
1445.5	7.100e2
1446.2	2.302e3
1447.0	5.000e1
1447.6	3.880e2
1448.6	2.090e2
1449.9	1.365e3
1450.9	2.802e3
1451.5	4.930e2
1452.4	1.968e3
1453.3	6.300e1
1453.8	1.238e3
1454.5	4.190e2
1455.2	7.160e2
1456.2	2.190e2
1456.8	1.700e2
1457.5	1.901e3
1458.7	1.338e3
1459.5	6.050e2
1460.0	9.700e1
1460.5	1.397e3
1461.2	2.300e1
1461.8	5.720e2
1462.4	1.210e2
1463.0	3.130e2
1463.8	1.700e1
1465.2	1.308e3
1466.2	7.010e2
1467.0	4.790e2
1467.9	3.710e2
1468.6	7.390e2
1469.3	6.230e2
1470.0	1.430e2
1470.6	1.560e3
1471.3	3.100e2
1472.3	1.869e3
1473.1	4.420e2
1474.1	1.540e3
1475.0	7.610e2
1475.6	2.657e3
1476.9	9.000e0
1477.6	5.120e2
1478.4	3.030e2
1479.3	9.400e2
1480.3	3.094e3
1481.1	5.240e2
1481.7	6.320e2
1482.5	1.801e3
1483.5	4.270e2
1484.4	9.020e2
1485.5	1.518e3
1486.4	1.034e3
1487.2	1.129e3
1488.1	1.100e1
1488.8	5.360e2
1490.0	7.200e2
1490.6	1.129e3
1491.6	1.395e3
1492.3	5.580e2
1493.2	1.286e3
1493.8	9.000e0
1494.4	7.330e2
1495.0	1.100e1
1495.6	6.130e2
1496.2	1.700e1
1497.1	1.140e2
1497.6	1.527e3
1498.6	1.602e3
1499.6	1.205e3
1500.9	1.029e3
1501.7	3.170e2
1502.6	2.080e2
1503.5	1.065e3
1504.0	4.190e2
1504.6	6.400e2
1505.4	1.730e2
1506.3	1.141e3
1506.8	9.000e1
1507.7	1.196e3
1508.2	8.000e0
1508.7	8.840e2
1509.4	8.100e1
1510.0	1.365e3
1510.6	8.500e1
1511.4	1.118e3
1512.5	1.650e2
1513.2	1.061e3
1514.3	4.090e2
1515.1	9.820e2
1515.7	1.060e2
1516.4	6.830e2
1517.5	1.186e3
1518.3	1.300e2
1518.9	6.860e2
1519.5	8.000e0
1520.4	1.093e3
1521.4	7.500e2
1522.3	6.790e2
1523.4	8.150e2
1524.3	6.750e2
1525.2	1.376e3
1525.7	9.000e1
1526.4	5.080e2
1527.4	1.773e3
1528.3	1.816e3
1529.3	1.159e3
1530.2	1.374e3
1530.8	6.400e1
1531.5	1.636e3
1532.3	1.204e3
1533.0	3.670e2
1534.0	1.038e3
1534.6	4.550e2
1535.4	1.174e3
1536.7	7.600e2
1537.2	2.200e1
1537.8	5.000e2
1538.6	1.171e3
1539.2	8.000e0
1540.1	6.820e2
1540.9	7.410e2
1542.1	5.060e2
1542.7	4.500e2
1543.5	3.560e2
1544.2	2.684e3
1545.5	2.307e3
1546.4	4.100e2
1547.0	8.000e0
1547.5	2.113e3
1548.6	1.601e3
1549.2	2.080e2
1549.8	2.701e3
1550.9	1.645e3
1551.6	1.000e1
1552.1	2.250e2
1553.4	1.511e3
1554.6	6.630e2
1555.4	2.034e3
1556.0	8.040e2
1556.7	8.150e2
1557.3	2.070e2
1557.8	1.528e3
1558.7	2.494e3
1560.3	3.130e2
1560.9	3.120e2
1561.6	1.465e3
1562.5	3.720e2
1563.4	3.600e1
1564.4	4.240e2
1565.2	6.360e2
1565.9	3.590e2
1566.5	8.100e1
1567.3	1.787e3
1568.1	1.850e2
1568.9	7.300e1
1569.8	1.302e3
1570.4	1.600e1
1571.1	8.100e2
1571.7	2.850e2
1572.4	2.900e1
1573.2	3.251e3
1574.0	1.600e1
1574.7	7.350e2
1575.2	9.000e0
1575.8	3.140e2
1576.3	6.800e2
1577.3	3.080e2
1578.1	7.300e2
1578.8	8.000e0
1579.4	1.637e3
1580.1	9.500e1
1581.0	8.100e2
1581.5	8.000e0
1582.2	4.700e2
1583.1	1.560e2
1583.9	1.789e3
1584.8	1.314e3
1585.6	1.061e3
1586.4	1.088e3
1587.3	1.634e3
1588.0	1.430e2
1588.7	1.193e3
1589.5	3.710e2
1590.2	1.746e3
1591.3	1.234e3
1591.9	1.100e1
1592.5	4.620e2
1593.3	1.483e3
1593.8	1.050e2
1594.5	6.900e2
1595.3	1.894e3
1596.1	1.313e3
1597.2	1.266e3
1598.1	1.660e2
1599.2	2.200e3
1600.1	5.280e2
1600.7	4.490e2
1601.3	1.300e1
1601.8	1.266e3
1602.5	8.000e1
1603.5	1.142e3
1604.3	7.560e2
1605.0	4.040e2
1605.7	8.670e2
1606.4	2.231e3
1607.0	4.430e2
1607.9	1.455e3
1609.0	1.393e3
1609.8	1.100e1
1610.3	1.470e3
1610.9	9.640e2
1611.8	4.670e2
1612.4	1.820e3
1613.2	7.920e2
1614.2	1.765e3
1615.2	5.750e2
1616.0	5.560e2
1616.9	3.410e2
1617.5	1.700e1
1618.0	7.000e2
1618.9	1.076e3
1619.5	1.510e2
1620.2	1.565e3
1621.1	3.610e2
1622.1	1.263e3
1622.7	6.360e2
1623.3	1.400e2
1624.2	8.540e2
1625.2	7.610e2
1625.8	6.070e2
1626.8	4.980e2
1627.8	9.220e2
1628.6	2.270e2
1629.4	8.430e2
1630.5	5.720e2
1631.1	5.600e1
1631.7	1.857e3
1632.4	4.610e2
1633.0	1.100e1
1633.6	4.480e2
1634.7	3.700e2
1635.3	1.700e1
1636.0	2.940e2
1636.8	1.333e3
1637.6	7.200e2
1638.3	1.210e2
1638.8	1.163e3
1639.7	1.440e2
1640.3	9.590e2
1641.0	3.230e2
1641.6	2.301e3
1642.7	1.742e3
1643.6	1.716e3
1644.4	3.060e2
1645.2	7.650e2
1645.9	1.387e3
1647.1	6.800e2
1648.2	6.460e2
1648.8	3.530e2
1649.8	9.720e2
1650.8	1.180e2
1651.4	1.116e3
1652.0	1.890e2
1652.9	4.050e2
1653.9	7.590e2
1654.6	6.120e2
1655.4	1.501e3
1656.2	1.840e2
1657.2	7.190e2
1658.2	1.170e3
1659.1	1.172e3
1659.7	1.512e3
1660.5	9.630e2
1661.2	4.010e2
1661.8	2.008e3
1662.6	2.830e2
1663.5	1.520e2
1664.4	1.830e3
1665.3	8.180e2
1665.9	8.520e2
1666.7	1.940e2
1668.0	1.102e3
1669.1	1.600e1
1670.0	9.110e2
1670.9	6.720e2
1671.6	1.896e3
1672.5	5.140e2
1673.4	1.011e3
1674.5	2.100e1
1675.2	2.121e3
1675.9	4.100e1
1676.5	2.362e3
1677.4	1.175e3
1678.0	4.250e2
1678.7	7.100e2
1679.3	1.300e1
1679.8	1.081e3
1680.7	2.300e1
1681.3	3.490e2
1682.1	7.430e2
1682.8	9.090e2
1683.7	2.186e3
1684.6	4.670e2
1685.4	8.670e2
1686.2	6.520e2
1687.0	8.650e2
1687.9	4.610e2
1688.7	4.180e2
1689.5	2.447e3
1690.0	1.100e1
1690.6	4.320e2
1692.0	6.530e2
1692.6	1.000e1
1693.1	1.366e3
1693.7	5.700e1
1694.7	7.670e2
1695.4	1.800e1
1696.0	5.150e2
1696.7	8.530e2
1697.6	5.680e2
1698.2	2.240e2
1699.2	1.888e3
1700.3	1.223e3
1701.0	8.370e2
1702.1	2.100e2
1703.5	1.901e3
1704.4	2.424e3
1705.2	1.220e2
1706.2	8.170e2
1707.0	7.390e2
1708.0	5.790e2
1709.1	1.734e3
1710.4	1.106e3
1711.1	1.300e1
1711.8	9.820e2
1712.9	1.100e2
1713.8	1.728e3
1714.8	2.100e2
1715.4	6.370e2
1716.4	2.885e3
1717.2	1.198e3
1717.8	2.503e3
1718.6	9.200e1
1719.7	3.005e3
1720.5	5.250e2
1721.4	3.350e2
1722.0	2.300e1
1722.6	1.400e1
1723.1	1.373e3
1724.1	1.410e3
1724.9	6.300e2
1725.7	1.762e3
1726.3	1.000e1
1726.9	5.640e2
1728.1	2.740e2
1728.7	9.030e2
1729.5	1.000e3
1730.2	3.470e2
1730.9	8.000e0
1731.6	3.560e2
1732.4	1.086e3
1733.4	1.367e3
1734.0	1.420e2
1734.7	4.120e2
1735.4	1.970e2
1736.3	5.640e2
1737.1	5.590e2
1737.9	9.000e0
1738.7	4.810e2
1739.4	8.000e0
1740.0	2.575e3
1741.1	3.050e2
1741.8	1.907e3
1743.0	1.061e3
1743.8	6.480e2
1744.3	9.000e0
1745.0	3.490e2
1746.1	7.560e2
1747.1	1.479e3
1748.0	5.280e2
1748.6	1.700e1
1749.3	1.010e2
1749.8	6.690e2
1750.6	5.360e2
1751.1	7.000e1
1752.4	1.420e2
1753.2	1.364e3
1754.0	9.400e2
1755.0	1.700e1
1755.7	5.110e2
1756.2	5.400e1
1756.9	7.080e2
1758.0	1.405e3
1759.4	1.322e3
1760.3	1.213e3
1761.1	2.810e2
1761.7	1.282e3
1762.5	1.050e3
1763.5	1.114e3
1764.3	2.600e1
1765.3	1.153e3
1766.1	1.526e3
1766.7	9.260e2
1767.6	7.700e2
1768.3	9.000e0
1768.9	6.350e2
1770.1	8.010e2
1771.1	2.900e2
1771.8	8.000e0
1772.4	4.450e2
1773.2	3.540e2
1773.9	6.000e1
1774.5	3.700e1
1775.3	2.628e3
1775.9	6.800e1
1776.5	8.000e0
1777.2	8.310e2
1777.9	8.000e0
1778.5	4.430e2
1779.5	2.450e2
1780.6	1.093e3
1781.3	6.300e1
1782.6	8.050e2
1783.4	6.700e2
1784.5	7.290e2
1785.0	8.000e0
1785.6	1.130e2
1786.2	1.200e1
1786.8	4.550e2
1787.5	4.860e2
1788.1	2.390e2
1789.2	6.970e2
1789.9	8.000e0
1790.4	1.930e2
1791.3	3.051e3
1792.6	9.050e2
1793.2	2.100e1
1793.8	9.500e2
1794.4	1.700e1
1795.3	1.044e3
1795.9	1.000e1
1796.6	7.900e1
1797.6	9.000e0
1798.1	1.970e2
1798.8	5.370e2
1799.5	9.670e2
1800.3	7.160e2
1801.0	1.380e2
1801.6	7.070e2
1802.5	1.103e3
1803.0	2.090e2
1803.6	1.100e1
1804.1	1.709e3
1805.1	8.270e2
1806.2	3.000e1
1806.9	7.590e2
1807.9	2.014e3
1808.9	1.700e1
1809.5	3.000e1
1810.3	1.020e3
1811.3	1.421e3
1812.2	8.000e0
1812.8	8.580e2
1813.6	1.700e2
1814.5	1.227e3
1815.4	1.528e3
1816.3	1.520e3
1816.9	8.000e0
1817.4	7.900e1
1818.2	7.800e1
1818.9	1.479e3
1819.6	5.730e2
1820.8	1.072e3
1821.6	1.615e3
1822.7	1.489e3
1823.6	7.470e2
1824.3	1.900e1
1825.0	1.170e2
1825.6	1.666e3
1826.1	3.380e2
1826.8	2.043e3
1827.7	8.070e2
1828.3	1.562e3
1829.1	7.530e2
1829.9	6.500e1
1830.9	2.700e1
1831.5	5.560e2
1832.5	1.234e3
1833.2	1.820e2
1834.4	5.140e2
1835.3	1.900e1
1836.1	1.126e3
1836.9	1.700e1
1837.5	5.280e2
1838.4	1.445e3
1839.0	8.000e0
1839.6	1.903e3
1840.7	6.000e1
1841.7	1.290e2
1842.2	2.100e1
1842.9	2.040e2
1843.5	1.579e3
1844.0	9.300e1
1844.6	9.250e2
1845.8	6.000e2
1846.4	1.038e3
1847.1	5.200e1
1847.7	1.800e1
1848.7	3.400e1
1849.7	1.051e3
1850.7	6.080e2
1851.4	7.270e2
1852.0	1.100e1
1852.6	9.950e2
1853.2	2.000e1
1854.2	2.770e2
1856.0	8.700e2
1856.8	2.850e2
1858.0	2.522e3
1858.7	8.000e0
1859.2	1.411e3
1860.4	1.369e3
1861.4	6.530e2
1862.4	5.090e2
1863.1	3.170e2
1863.7	1.100e1
1864.4	1.250e3
1865.0	1.390e2
1865.9	9.280e2
1867.1	2.880e2
1868.2	2.213e3
1869.0	1.410e3
1869.8	1.670e2
1870.3	7.840e2
1871.4	7.160e2
1872.4	1.581e3
1873.2	5.600e1
1874.0	1.444e3
1874.7	9.000e0
1875.3	1.990e2
1876.1	1.405e3
1877.0	2.190e2
1877.8	8.100e2
1878.4	4.090e2
1879.6	1.649e3
1880.3	8.880e2
1881.3	1.030e2
1882.1	9.000e0
1883.0	3.300e1
1884.4	5.600e1
1885.2	6.300e2
1885.7	8.000e0
1886.3	8.840e2
1886.9	1.063e3
1888.1	1.820e2
1889.0	1.080e2
1889.7	1.810e2
1890.3	4.300e1
1891.9	9.070e2
1892.7	5.800e2
1893.4	9.000e0
1894.1	3.660e2
1895.3	5.200e2
1896.2	1.331e3
1896.8	3.400e2
1898.0	2.109e3
1899.0	8.200e2
1900.0	3.340e2
1900.8	3.630e2
1901.3	9.000e0
1901.8	1.500e2
1902.5	3.220e2
1903.2	5.510e2
1904.1	1.700e1
1904.8	6.210e2
1905.8	1.076e3
1906.6	3.700e2
1907.1	1.010e2
1907.8	1.269e3
1908.8	2.000e2
1909.7	1.173e3
1910.5	2.740e2
1911.3	9.260e2
1911.9	2.430e2
1912.9	6.180e2
1913.6	1.125e3
1914.3	1.100e3
1915.0	3.600e1
1916.0	5.900e1
1916.9	8.550e2
1917.9	5.680e2
1918.4	8.000e0
1919.1	5.890e2
1919.9	2.170e2
1920.4	9.170e2
1921.4	2.640e2
1921.9	8.000e0
1922.6	4.140e2
1923.1	1.900e1
1923.9	9.520e2
1924.6	9.000e0
1925.3	7.500e1
1926.1	3.540e2
1926.9	4.700e1
1927.5	1.042e3
1928.5	1.124e3
1929.4	4.590e2
1930.3	3.150e2
1931.4	3.310e2
1932.1	2.860e2
1933.1	4.610e2
1933.7	1.115e3
1934.5	5.880e2
1935.7	9.770e2
1936.5	1.228e3
1937.2	6.710e2
1937.8	9.000e0
1938.6	6.050e2
1939.3	5.390e2
1939.9	1.720e2
1940.8	3.170e2
1941.8	6.360e2
1942.7	2.470e2
1943.5	5.870e2
1944.2	3.490e2
1945.1	5.990e2
1946.3	3.420e2
1947.6	1.570e2
1948.2	2.400e1
1949.3	2.100e1
1950.3	1.400e2
1951.0	2.680e3
1951.9	1.010e2
1953.0	1.900e2
1953.6	3.640e2
1954.4	3.430e2
1955.1	1.100e1
1955.7	7.640e2
1956.4	4.400e1
1956.9	9.000e0
1957.5	7.560e2
1958.6	9.590e2
1959.9	1.148e3
1960.6	1.318e3
1961.4	2.640e2
1961.9	1.000e1
1962.6	1.882e3
1963.4	8.420e2
1964.2	1.578e3
1965.1	5.100e1
1966.1	4.890e2
1966.9	1.491e3
1968.0	1.568e3
1968.6	3.650e2
1969.5	5.930e2
1970.6	4.320e2
1971.6	2.620e2
1972.9	1.141e3
1973.5	3.620e2
1974.9	1.980e2
1975.7	2.400e1
1976.6	7.320e2
1977.4	4.560e2
1978.1	1.000e1
1978.6	7.690e2
1979.6	5.500e1
1980.3	5.800e1
1981.0	5.540e2
1981.6	1.100e1
1983.0	1.220e2
1983.7	4.470e2
1984.3	1.980e2
1984.9	7.000e2
1985.7	1.182e3
1986.5	3.400e1
1987.2	4.800e1
1988.4	6.680e2
1989.5	4.600e1
1990.4	3.670e2
1991.5	8.870e2
1992.2	1.470e2
1992.9	6.500e2
1993.7	5.930e2
1994.6	4.800e1
1995.3	3.500e2
1996.0	1.100e1
1996.7	1.330e2
1997.6	5.070e2
1999.0	1.690e2
