100.3	7.580e2
101.0	9.374e4
101.9	1.854e4
103.0	1.494e4
103.9	9.420e2
104.9	3.303e3
106.0	3.260e2
106.8	6.100e1
107.3	1.770e2
108.1	1.000e4
109.0	8.670e2
110.2	3.850e2
111.1	3.328e3
111.7	1.800e1
112.3	1.466e3
113.0	1.625e5
113.5	8.400e1
114.0	4.051e3
115.0	5.778e3
116.0	4.933e3
117.0	1.024e5
118.0	1.680e4
118.5	7.400e1
119.0	6.110e3
120.0	1.705e3
121.0	1.334e3
122.0	5.690e2
122.5	2.700e1
123.1	3.350e2
123.9	8.550e2
124.5	7.700e1
125.2	1.847e3
126.1	7.690e2
126.9	6.680e2
128.0	1.331e3
128.5	2.400e1
129.1	1.703e3
130.0	9.315e3
131.1	2.683e3
132.2	5.000e2
133.0	6.765e3
133.6	2.600e1
134.1	1.366e3
135.0	5.957e3
135.9	2.009e3
137.0	2.505e3
138.0	3.416e3
139.0	1.729e3
140.0	1.165e3
141.1	8.130e2
142.1	7.190e2
143.0	1.636e3
143.5	2.100e1
144.1	1.519e3
145.0	1.553e4
146.0	1.847e4
147.0	1.921e4
148.0	1.128e3
148.9	2.658e3
149.4	5.000e0
150.1	1.052e3
151.0	1.286e3
151.6	1.380e2
152.1	4.735e3
153.1	3.179e3
154.0	8.680e2
155.0	2.223e3
156.0	2.881e3
156.5	4.000e0
157.0	2.123e3
158.1	4.963e3
159.1	2.019e3
160.0	1.581e3
161.0	1.771e3
162.1	2.381e3
163.0	2.558e3
164.0	1.606e3
165.0	3.924e3
166.1	7.610e2
167.0	7.030e2
168.1	4.580e2
169.1	2.144e3
170.1	4.260e2
171.1	1.856e3
172.0	1.446e3
173.0	1.477e3
174.0	3.045e3
174.5	3.050e2
175.1	4.069e4
176.1	3.818e3
177.0	2.824e3
178.0	8.660e2
179.0	3.819e3
180.0	2.869e3
181.1	2.299e4
182.1	2.036e3
183.0	2.612e3
184.0	1.597e3
185.0	4.829e3
185.5	6.300e1
186.1	1.959e3
187.0	3.108e3
187.6	1.700e1
188.1	2.423e3
189.0	2.239e3
190.0	1.823e3
190.5	3.000e0
191.0	1.339e4
192.0	1.939e3
193.1	5.339e3
194.1	2.291e3
195.0	5.072e3
195.9	1.313e4
197.0	2.971e3
197.9	1.450e4
198.5	1.190e2
199.0	1.970e3
199.9	7.745e3
200.4	1.240e2
201.1	3.193e3
202.0	2.585e3
203.1	1.478e3
204.1	1.234e3
205.1	1.728e3
206.0	1.771e3
207.0	2.886e3
207.5	3.400e1
208.0	1.408e4
209.1	2.054e3
210.0	1.760e3
211.1	2.470e3
211.7	9.900e1
212.2	3.296e4
213.1	5.928e3
214.1	3.877e3
215.1	1.120e3
216.0	8.480e2
217.0	2.603e3
218.0	2.341e3
218.5	1.500e1
219.1	2.426e3
220.0	4.170e3
221.1	2.755e3
221.9	1.541e3
222.5	4.000e0
223.1	1.587e3
223.9	1.235e3
224.9	1.968e3
226.1	1.418e3
227.0	2.246e3
227.5	5.300e1
228.1	1.558e3
229.1	1.964e3
230.0	2.565e3
231.1	2.442e3
232.0	3.614e3
233.1	2.367e3
234.0	3.036e3
235.1	1.801e3
236.0	2.573e4
237.1	2.917e3
238.1	2.892e3
238.6	4.500e1
239.1	3.333e3
240.0	2.353e4
240.5	1.000e2
241.0	4.616e3
242.0	5.136e3
242.6	4.000e0
243.1	1.162e4
244.1	5.354e3
245.1	1.223e3
246.0	1.484e3
246.9	2.078e3
247.5	3.900e1
248.1	2.360e3
249.1	6.320e4
250.1	4.111e3
250.6	1.010e2
251.1	2.723e3
252.1	5.980e2
252.6	4.000e0
253.1	1.236e3
254.2	5.260e2
255.1	1.774e3
256.0	8.960e2
257.0	1.848e3
257.5	4.000e0
258.0	2.629e3
259.0	3.207e3
260.0	2.262e3
261.0	2.870e3
262.0	5.008e3
263.0	2.861e3
264.0	1.642e3
264.5	9.300e1
265.1	2.355e3
266.0	2.590e3
267.0	1.734e3
268.0	1.566e3
268.5	2.500e1
269.1	3.128e3
269.6	2.600e1
270.2	1.025e3
270.8	5.000e1
271.3	1.656e3
272.1	6.510e2
273.1	1.597e3
274.1	1.212e3
275.1	4.862e3
276.0	1.528e3
277.0	1.613e3
278.0	2.007e3
278.5	5.000e0
279.1	3.156e3
280.1	2.379e3
281.1	1.916e3
282.1	3.533e3
283.1	1.521e3
284.1	2.131e3
285.1	1.194e3
286.1	2.390e3
286.7	7.900e1
287.2	1.762e3
288.1	9.272e3
289.1	3.727e3
290.1	5.054e3
290.6	2.600e1
291.1	2.340e3
292.0	3.717e3
292.6	2.700e1
293.2	2.413e3
294.0	1.256e3
294.6	1.540e2
295.2	2.033e3
296.1	1.676e3
296.6	5.400e1
297.1	1.447e3
298.1	2.647e3
299.1	1.657e3
300.1	1.029e3
301.1	1.524e3
302.0	1.657e3
302.5	1.300e1
303.1	1.419e3
304.1	1.741e3
305.0	5.986e3
305.6	5.000e1
306.1	1.446e3
307.1	5.058e3
308.0	4.114e3
308.6	3.900e1
309.1	3.545e3
310.1	3.292e3
311.1	1.007e4
312.0	6.065e3
313.1	3.060e3
313.9	1.121e3
314.9	2.296e3
315.8	1.189e3
316.5	5.400e1
317.1	7.504e4
318.1	7.265e3
319.0	3.605e3
320.1	1.351e3
321.0	3.774e3
321.6	1.060e2
322.1	2.301e3
323.0	4.435e3
323.6	1.850e2
324.2	4.828e3
325.1	4.411e3
326.1	2.202e3
327.1	4.837e3
327.6	1.500e1
328.1	1.968e3
329.1	7.197e3
330.0	2.803e3
331.0	5.207e3
332.0	2.101e3
333.1	4.534e3
334.1	4.242e3
334.8	1.032e3
335.5	3.096e3
336.2	1.657e3
337.1	3.847e3
338.0	2.225e3
338.6	9.000e0
339.1	2.586e3
339.9	5.468e3
340.4	6.500e1
341.0	2.565e3
341.9	2.584e3
342.4	1.710e2
343.0	8.316e3
344.0	2.828e3
345.0	2.492e3
345.9	2.567e3
346.5	7.500e1
347.0	4.284e3
348.0	1.579e3
349.0	2.420e3
349.6	2.100e1
350.1	2.178e3
351.1	2.632e3
352.1	1.256e3
353.0	7.744e3
354.0	1.178e3
355.0	3.429e3
355.6	1.000e1
356.1	1.311e4
357.1	6.657e3
358.0	2.232e3
359.1	2.717e3
360.0	2.636e3
360.8	9.650e2
361.5	3.451e3
362.2	8.440e2
362.9	2.272e3
363.6	1.590e2
364.2	1.360e3
365.2	1.408e3
366.1	5.850e3
367.0	1.651e3
367.9	1.391e3
368.5	1.640e2
369.1	1.508e4
370.1	3.183e3
371.1	1.912e3
372.1	3.154e3
373.0	2.425e3
374.0	2.142e3
374.7	4.080e2
375.3	5.953e3
376.1	3.029e3
376.6	9.400e1
377.2	7.824e3
378.1	3.218e3
379.1	1.157e4
380.0	4.179e3
380.6	3.200e2
381.2	2.900e3
382.0	1.700e3
382.5	2.240e2
383.1	1.974e3
383.6	1.600e1
384.1	1.544e3
385.1	4.598e4
386.1	4.693e3
386.6	3.400e1
387.1	3.091e3
388.1	1.389e3
389.0	2.081e3
390.0	1.354e3
390.6	1.490e2
391.2	4.460e3
392.1	2.364e3
393.1	3.367e3
394.1	1.868e3
395.1	4.755e3
396.0	2.347e3
397.0	7.213e3
398.0	4.389e3
398.6	1.570e2
399.1	4.452e3
400.0	1.947e3
400.6	1.400e2
401.2	5.061e3
402.1	5.047e3
403.1	2.420e3
404.0	1.907e3
405.0	1.481e3
405.9	2.194e3
406.5	2.510e2
407.1	1.958e3
407.9	3.964e3
408.9	1.899e3
409.6	3.484e3
410.3	5.870e2
411.1	6.276e3
411.6	1.750e2
412.1	2.667e3
413.2	3.399e3
414.1	1.578e3
415.1	2.363e3
415.6	5.600e1
416.1	1.557e3
417.1	3.473e3
418.0	2.496e3
418.7	2.510e2
419.3	3.058e3
420.0	1.349e3
421.0	6.216e3
421.9	2.399e3
422.5	6.800e1
423.2	3.578e3
424.1	1.136e4
425.0	5.929e3
425.6	2.680e2
426.1	1.521e3
427.1	4.150e3
428.0	3.575e3
428.5	1.610e2
429.1	2.750e3
430.1	2.323e3
431.1	2.891e3
432.0	1.084e3
433.0	1.919e3
434.0	3.862e3
434.9	1.302e3
435.8	2.664e3
436.4	3.710e2
437.0	3.460e3
437.9	3.169e3
438.4	1.980e2
439.0	1.978e3
440.0	2.820e3
440.5	1.250e2
441.1	2.730e3
442.0	2.465e3
443.0	3.165e3
444.0	4.774e3
444.5	1.380e2
445.0	2.832e3
445.9	2.036e3
446.5	3.110e2
447.1	7.155e3
448.0	2.859e3
448.5	5.000e1
449.0	1.948e3
449.9	2.607e3
450.5	7.100e1
451.0	3.330e3
451.5	3.900e1
452.1	1.577e3
452.6	6.900e1
453.1	4.715e4
454.0	5.456e3
454.5	5.500e1
455.0	3.203e3
456.0	2.147e3
456.6	1.060e2
457.3	3.074e3
458.2	2.435e3
458.8	8.800e1
459.3	6.478e3
460.1	3.261e3
461.0	2.128e3
461.9	2.784e3
462.6	3.380e2
463.2	4.939e3
464.1	2.732e3
464.8	1.436e3
465.4	1.639e4
466.4	6.688e3
467.4	3.799e3
468.2	1.573e3
469.0	5.251e3
469.5	6.200e1
470.0	5.348e3
471.1	2.169e3
472.0	1.538e3
472.5	4.100e1
473.1	3.910e3
474.0	1.633e3
475.1	1.961e3
476.0	3.906e3
476.5	1.680e2
477.1	3.679e3
477.6	2.000e1
478.1	2.211e3
479.1	8.684e3
480.0	3.310e3
480.6	3.500e2
481.2	4.022e3
482.1	2.038e3
482.6	3.500e1
483.1	5.208e3
484.1	2.002e3
484.6	8.500e1
485.2	4.451e3
486.2	2.580e3
486.7	6.600e1
487.2	3.947e3
488.1	1.366e3
489.1	3.550e3
490.0	2.028e3
490.9	1.229e3
491.7	2.118e4
492.5	8.554e3
493.4	6.943e3
494.1	1.639e3
495.0	5.132e3
496.0	3.462e3
497.0	3.125e3
497.9	1.316e3
498.8	2.241e3
499.8	1.532e3
500.3	5.100e1
500.8	1.875e3
501.8	3.879e3
502.3	1.230e2
502.8	2.669e3
503.9	2.446e3
504.4	2.960e2
505.0	2.163e3
505.8	4.043e3
506.8	2.071e3
507.8	3.173e3
508.4	5.510e2
509.1	3.583e3
509.9	2.557e3
511.0	5.003e3
512.0	2.555e3
512.6	9.500e1
513.2	2.614e3
514.1	2.330e3
515.1	5.975e3
516.0	2.776e3
517.1	2.568e3
518.0	2.534e3
518.5	2.740e2
519.1	2.139e3
519.6	7.200e1
520.2	2.116e3
521.1	4.460e4
522.0	6.677e3
522.5	1.400e2
523.0	4.355e3
523.9	1.967e3
524.6	5.377e3
525.5	3.261e3
526.4	1.143e3
527.3	3.226e3
528.1	1.689e3
529.0	2.691e3
530.0	2.701e3
530.5	1.940e2
531.1	3.410e3
531.9	2.716e3
532.9	2.944e3
533.7	6.377e3
534.4	9.460e2
535.0	3.447e3
535.9	1.928e3
536.5	2.300e2
537.1	4.433e3
538.2	4.033e3
539.0	1.389e3
539.9	2.189e3
540.6	8.200e2
541.3	3.260e3
542.1	2.031e3
543.1	2.211e3
544.0	2.968e3
545.0	2.253e3
545.6	1.020e2
546.1	1.955e3
547.0	5.406e3
548.0	2.414e3
548.9	1.984e3
549.5	1.840e2
550.1	1.927e3
551.0	3.299e3
552.0	1.494e3
553.0	3.895e3
554.0	3.088e3
555.0	2.469e3
555.9	2.714e3
556.9	1.889e3
557.4	8.200e1
558.0	2.186e3
558.6	1.360e2
559.2	1.874e3
560.2	9.153e3
561.1	3.582e3
562.1	1.606e3
563.0	4.848e3
564.0	3.230e3
565.0	2.165e3
565.8	2.139e3
566.8	2.981e3
567.4	4.970e2
568.0	1.761e3
569.0	2.165e3
570.0	1.457e3
570.8	2.429e3
571.7	1.504e3
572.4	4.920e2
573.0	2.754e3
573.9	2.741e3
574.9	2.370e3
575.4	6.100e1
576.0	2.572e3
576.9	3.218e3
577.8	3.375e3
578.4	7.730e2
579.1	4.416e3
580.0	2.900e3
581.0	3.053e3
582.0	1.490e3
582.5	2.170e2
583.0	5.792e3
584.0	2.202e3
584.5	1.250e2
585.0	1.620e3
585.8	2.782e3
586.4	2.890e2
587.0	2.477e3
587.5	1.900e1
588.0	1.745e3
588.6	2.980e2
589.1	3.785e4
590.1	5.298e3
591.0	3.753e3
591.6	4.260e2
592.2	2.307e3
593.2	4.109e3
593.8	3.560e2
594.4	2.194e3
595.4	4.070e3
596.2	1.864e3
597.2	2.432e3
598.0	2.013e3
598.5	4.410e2
599.1	4.428e3
599.9	2.699e3
600.5	4.040e2
601.1	5.090e3
602.0	3.214e3
603.0	3.151e3
603.9	2.368e3
605.0	3.424e3
605.9	4.665e3
606.4	1.320e2
607.0	2.550e3
608.0	1.573e3
608.9	2.903e3
610.0	1.753e3
610.9	2.132e3
611.9	2.745e3
612.8	2.236e3
613.4	2.510e2
614.0	1.966e3
614.5	1.190e2
615.0	3.790e3
616.0	2.629e3
616.9	1.861e3
617.8	2.617e3
618.4	4.610e2
619.1	2.567e3
620.1	2.523e3
621.0	3.874e3
621.6	2.310e2
622.2	2.545e3
623.1	1.990e3
623.7	1.170e2
624.2	2.812e3
624.8	3.910e2
625.4	2.710e3
626.3	1.218e3
627.1	2.418e3
628.1	9.653e3
629.0	2.543e3
630.0	2.292e3
630.6	1.800e2
631.2	4.398e3
632.1	2.272e3
633.0	2.596e3
634.0	1.576e3
634.5	8.700e1
635.1	2.921e3
636.0	1.532e3
637.0	2.102e3
637.9	1.971e3
638.5	1.800e2
639.1	2.586e3
640.0	2.372e3
640.5	2.400e1
641.0	2.743e3
641.9	2.585e3
643.0	3.464e3
644.0	2.089e3
644.6	3.180e2
645.1	3.768e3
646.0	1.592e3
647.0	5.274e3
647.8	2.662e3
648.5	9.200e2
649.2	3.535e3
650.2	1.260e3
651.0	5.675e3
651.6	1.060e2
652.1	2.644e3
653.1	3.307e3
654.0	2.259e3
655.0	1.957e3
656.1	2.543e3
656.6	4.000e0
657.1	2.852e4
658.0	4.923e3
658.5	9.000e1
659.1	2.777e3
660.0	3.917e3
661.0	2.328e3
662.0	2.550e3
662.8	8.070e2
663.5	3.746e3
664.1	8.220e2
664.9	2.675e3
665.4	1.340e2
666.0	2.113e3
666.6	5.900e1
667.1	3.635e3
668.1	2.566e3
668.7	5.400e2
669.3	4.801e3
670.3	1.854e3
671.1	4.198e3
672.1	1.626e3
673.0	3.924e3
674.0	4.061e3
674.9	2.521e3
675.4	2.410e2
676.0	2.552e3
676.6	1.340e2
677.1	2.415e3
678.0	1.406e3
678.9	2.616e3
679.8	3.752e3
680.5	7.690e2
681.2	2.954e3
682.0	1.790e3
682.6	1.400e2
683.1	6.610e3
684.1	3.317e3
684.9	3.989e3
685.5	3.060e2
686.0	2.290e3
686.5	2.600e1
687.1	3.286e3
688.0	2.267e3
688.7	7.540e2
689.3	4.281e3
690.0	1.416e3
691.0	3.622e3
692.0	2.199e3
692.5	6.300e1
693.0	3.402e3
694.0	2.104e3
694.5	1.430e2
695.0	2.554e3
695.6	2.910e2
696.1	9.117e3
697.0	2.774e3
698.0	1.860e3
698.9	6.634e3
699.8	3.452e3
700.4	3.800e2
701.1	3.703e3
701.9	1.169e3
702.6	2.131e3
703.3	6.420e2
704.0	1.402e3
705.0	2.618e3
705.9	2.672e3
706.5	5.100e1
707.1	2.909e3
708.0	1.763e3
708.9	4.336e3
709.9	2.369e3
710.8	3.340e3
711.4	1.260e2
711.9	2.494e3
712.5	2.600e1
713.0	3.799e3
713.5	1.400e1
714.0	2.725e3
715.0	5.643e3
715.9	2.433e3
716.5	6.310e2
717.1	4.296e3
718.1	2.634e3
718.6	6.550e2
719.2	4.185e3
720.1	1.215e3
721.1	2.484e3
722.0	3.057e3
723.1	2.818e3
723.7	1.800e2
724.2	1.418e3
725.1	2.383e4
726.0	4.590e3
727.0	2.833e3
728.0	3.297e3
728.7	1.034e3
729.4	4.104e3
730.1	9.860e2
730.7	1.765e3
731.6	3.840e3
732.6	2.477e3
733.4	7.310e2
734.0	2.670e3
735.0	3.384e3
735.9	2.590e3
736.9	4.440e3
737.8	3.186e3
738.3	3.920e2
738.9	2.653e3
739.4	1.930e2
740.0	2.392e3
740.6	4.150e2
741.1	2.873e3
742.0	3.501e3
742.9	3.280e3
743.4	5.300e1
743.9	1.614e3
744.8	4.908e3
745.7	2.127e3
746.5	3.527e3
747.5	3.120e3
748.2	7.770e2
749.0	2.989e3
749.5	8.400e1
750.1	2.757e3
751.1	5.844e3
751.6	2.060e2
752.2	2.985e3
753.1	2.605e3
754.0	2.601e3
754.9	2.326e3
755.4	9.000e0
756.0	2.525e3
756.5	1.700e2
757.1	2.601e3
757.7	1.410e2
758.2	2.227e3
759.2	3.119e3
759.9	1.129e3
760.7	3.851e3
761.7	2.915e3
762.3	6.320e2
762.9	3.330e3
763.5	2.990e2
764.1	9.637e3
765.0	4.308e3
765.5	7.600e1
766.1	3.126e3
766.6	4.500e1
767.2	3.755e3
768.1	2.179e3
769.0	2.218e3
770.0	2.092e3
771.1	2.135e3
771.9	2.227e3
772.9	2.994e3
773.8	3.105e3
774.4	1.160e2
774.9	2.826e3
775.8	2.784e3
776.7	3.495e3
777.6	3.933e3
778.1	1.600e1
778.7	2.206e3
779.6	2.930e3
780.3	6.840e2
781.1	2.897e3
782.0	1.600e3
782.9	3.001e3
783.8	2.219e3
784.5	4.230e2
785.1	3.419e3
786.1	2.490e3
786.8	1.079e3
787.4	2.889e3
788.4	3.220e3
789.4	2.228e3
790.2	1.673e3
791.1	1.453e3
791.9	2.271e3
792.5	1.500e2
793.1	1.548e4
794.0	5.102e3
794.6	4.010e2
795.2	3.584e3
796.0	1.091e3
796.8	2.305e3
797.4	3.500e2
798.0	2.040e3
798.5	2.900e1
799.2	3.305e3
799.7	4.750e2
800.3	1.910e3
801.2	3.506e3
802.1	1.822e3
803.0	2.691e3
803.9	2.465e3
804.5	8.730e2
805.2	3.001e3
806.1	2.156e3
807.0	4.207e3
807.9	2.234e3
808.5	2.070e2
809.0	3.082e3
810.0	2.445e3
810.6	4.000e0
811.1	1.481e3
811.7	1.240e2
812.2	1.921e3
812.8	1.060e2
813.3	3.369e3
814.2	1.641e3
815.1	2.670e3
816.0	2.810e3
817.0	2.905e3
818.0	2.931e3
818.6	7.500e1
819.2	4.352e3
820.0	2.678e3
820.6	1.290e2
821.1	2.903e3
822.1	3.548e3
823.0	1.529e3
823.8	2.670e3
824.4	1.570e2
825.0	3.468e3
825.9	2.648e3
826.6	3.400e2
827.3	4.080e3
828.1	1.484e3
828.9	3.953e3
829.4	1.800e1
829.9	2.525e3
830.9	3.331e3
831.5	6.310e2
832.2	5.810e3
832.8	9.380e2
833.4	2.455e3
834.2	1.574e3
835.2	4.765e3
836.1	3.357e3
836.7	2.400e2
837.3	2.612e3
838.1	1.593e3
838.7	3.710e2
839.3	2.766e3
840.1	1.165e3
841.0	2.602e3
842.0	2.840e3
843.0	1.988e3
843.9	1.428e3
844.8	2.420e3
845.6	2.494e3
846.3	4.950e2
846.9	3.077e3
847.5	3.590e2
848.0	2.416e3
849.0	3.179e3
850.0	2.475e3
850.5	9.400e1
851.1	2.857e3
852.0	2.489e3
852.5	9.200e1
853.1	2.851e3
854.0	1.373e3
855.0	3.780e3
856.0	2.959e3
856.6	5.080e2
857.2	2.223e3
858.1	2.172e3
858.7	7.320e2
859.4	2.782e3
860.2	1.299e3
861.1	1.329e4
862.0	5.535e3
862.5	1.470e2
863.1	3.469e3
863.8	8.370e2
864.5	2.882e3
865.2	1.311e3
866.0	2.605e3
867.0	3.486e3
867.9	3.018e3
868.8	2.391e3
869.5	7.290e2
870.2	2.845e3
871.2	2.828e3
872.0	1.430e3
873.0	3.027e3
873.5	3.200e1
874.0	3.520e3
874.6	1.010e2
875.1	4.490e3
875.9	1.753e3
876.8	2.864e3
877.4	2.740e2
878.0	3.715e3
879.0	2.279e3
880.1	2.934e3
881.0	2.915e3
881.7	1.033e3
882.4	2.588e3
883.4	2.556e3
884.1	1.347e3
884.8	2.849e3
885.5	8.380e2
886.3	1.562e3
887.1	5.954e3
888.0	3.213e3
888.9	2.690e3
889.9	3.667e3
890.5	3.790e2
891.1	2.694e3
892.0	2.121e3
892.9	3.803e3
893.6	4.430e2
894.2	2.146e3
895.2	4.873e3
895.8	2.180e2
896.3	3.024e3
897.1	1.808e3
897.9	3.144e3
898.5	6.420e2
899.1	2.528e3
900.1	5.694e3
901.0	3.478e3
902.1	2.794e3
902.7	2.500e1
903.2	3.281e3
904.0	1.350e3
904.8	3.098e3
905.5	4.470e2
906.1	2.695e3
906.8	1.111e3
907.5	2.989e3
908.2	2.141e3
909.1	3.214e3
909.9	1.739e3
910.8	2.631e3
911.3	1.640e2
911.9	2.909e3
912.4	2.040e2
913.0	3.049e3
913.7	1.446e3
914.6	3.248e3
915.3	1.490e3
916.1	2.817e3
917.0	2.632e3
917.9	1.325e3
918.6	5.650e2
919.2	4.169e3
920.1	1.965e3
920.9	3.097e3
921.9	2.553e3
922.4	1.480e2
922.9	3.096e3
923.9	4.862e3
924.6	8.470e2
925.2	2.905e3
926.1	1.715e3
927.0	2.536e3
928.0	2.537e3
928.6	2.540e2
929.2	1.185e4
930.0	4.206e3
931.0	3.119e3
931.6	5.060e2
932.2	3.880e3
933.2	2.908e3
934.0	1.794e3
934.8	3.345e3
935.8	4.027e3
936.4	5.500e2
937.0	2.924e3
937.8	1.916e3
938.5	4.980e2
939.1	2.915e3
940.1	2.402e3
940.7	3.210e2
941.3	2.956e3
942.3	3.611e3
943.0	1.311e3
943.6	3.818e3
944.4	9.430e2
945.1	3.644e3
945.6	5.600e1
946.1	2.578e3
947.1	2.593e3
947.7	3.450e2
948.3	2.903e3
949.0	1.857e3
949.9	3.305e3
950.8	1.713e3
951.7	2.932e3
952.4	2.420e2
953.0	3.555e3
953.7	5.860e2
954.3	2.028e3
955.2	6.846e3
956.0	2.324e3
956.8	3.176e3
957.4	2.550e2
958.0	4.101e3
959.0	2.910e3
959.6	2.490e2
960.2	2.464e3
961.1	4.240e3
962.1	3.631e3
962.8	7.530e2
963.4	4.371e3
964.1	1.576e3
964.9	3.117e3
965.9	2.240e3
966.5	1.310e2
967.0	3.616e3
967.5	1.340e2
968.1	4.685e3
969.1	3.838e3
970.1	2.246e3
971.1	3.199e3
972.0	3.120e3
972.7	1.367e3
973.5	2.347e3
974.0	1.300e1
974.5	2.680e3
975.3	1.977e3
976.0	1.054e3
976.6	3.569e3
977.3	1.460e3
978.1	2.208e3
979.1	3.591e3
979.9	1.498e3
980.7	2.552e3
981.5	1.807e3
982.3	2.831e3
983.2	3.928e3
984.0	1.490e3
984.9	3.016e3
985.8	1.685e3
986.3	1.490e2
987.0	3.949e3
987.5	3.300e1
988.0	2.993e3
989.0	4.444e3
990.0	1.953e3
990.8	2.967e3
991.4	3.400e2
991.9	3.659e3
992.6	8.160e2
993.3	2.518e3
993.8	3.800e1
994.3	3.618e3
995.2	1.496e3
995.9	2.388e3
996.6	3.600e2
997.2	9.493e3
998.1	4.754e3
998.8	8.760e2
999.5	3.287e3
1000.2	6.890e2
1000.8	3.599e3
1001.7	2.456e3
1002.3	2.180e2
1002.8	3.159e3
1003.7	1.725e3
1004.6	2.284e3
1005.3	1.156e3
1006.0	3.447e3
1007.0	2.876e3
1007.7	4.710e2
1008.3	2.324e3
1009.3	1.820e3
1010.2	3.559e3
1011.1	2.274e3
1012.0	2.271e3
1012.6	4.100e1
1013.1	3.663e3
1013.8	1.406e3
1014.7	2.897e3
1015.4	1.268e3
1016.1	2.718e3
1017.0	5.033e3
1017.5	2.830e2
1018.1	3.000e3
1018.9	1.114e3
1019.6	2.525e3
1020.3	1.009e3
1021.1	2.883e3
1021.8	1.651e3
1022.7	4.896e3
1023.6	3.922e3
1024.3	1.277e3
1025.1	3.805e3
1025.9	1.504e3
1026.6	4.175e3
1027.3	8.580e2
1028.1	2.321e3
1029.1	3.201e3
1029.7	5.100e2
1030.4	3.011e3
1031.0	1.307e3
1031.7	5.385e3
1032.2	1.800e1
1032.7	3.887e3
1033.6	1.149e3
1034.5	3.158e3
1035.3	1.502e3
1036.1	3.789e3
1037.0	3.803e3
1038.1	2.897e3
1038.9	1.274e3
1039.6	4.415e3
1040.2	4.800e2
1040.8	2.703e3
1041.3	3.050e2
1041.8	2.717e3
1042.8	2.129e3
1043.7	2.945e3
1044.5	9.790e2
1045.2	2.968e3
1046.1	2.278e3
1046.7	4.740e2
1047.3	3.184e3
1048.1	8.450e2
1048.9	3.316e3
1049.5	5.140e2
1050.2	3.130e3
1051.1	3.167e3
1052.1	2.914e3
1053.1	3.577e3
1054.1	2.635e3
1054.8	1.249e3
1055.5	4.139e3
1056.4	2.079e3
1057.1	1.640e3
1057.9	4.246e3
1058.8	2.004e3
1059.7	2.961e3
1060.3	3.160e2
1060.9	2.999e3
1061.6	1.174e3
1062.3	4.175e3
1063.1	1.531e3
1063.9	2.514e3
1064.5	4.310e2
1065.2	7.906e3
1066.1	3.138e3
1066.9	1.414e3
1067.8	3.712e3
1068.7	2.980e3
1069.7	1.923e3
1070.4	8.730e2
1071.0	3.624e3
1072.1	2.575e3
1072.7	5.800e2
1073.3	2.437e3
1074.3	2.928e3
1074.9	3.370e2
1075.4	3.122e3
1076.3	1.035e3
1077.0	3.433e3
1077.5	6.300e1
1078.0	3.874e3
1078.7	6.990e2
1079.3	3.124e3
1079.9	4.900e1
1080.5	1.837e3
1081.0	1.030e2
1081.5	2.904e3
1082.4	2.178e3
1083.4	3.129e3
1083.9	7.200e1
1084.5	3.488e3
1085.1	8.970e2
1085.8	4.156e3
1086.4	1.240e2
1087.0	2.330e3
1087.9	3.236e3
1088.7	1.373e3
1089.6	2.538e3
1090.2	1.920e2
1090.8	2.522e3
1091.7	2.484e3
1092.3	4.700e2
1092.9	3.778e3
1093.5	7.450e2
1094.2	3.469e3
1094.8	4.080e2
1095.5	3.052e3
1096.2	7.040e2
1096.9	2.586e3
1097.8	3.577e3
1098.5	5.910e2
1099.2	2.951e3
1100.1	1.294e3
1100.9	2.962e3
1101.5	3.600e1
1102.0	2.535e3
1103.0	1.743e3
1103.6	6.880e2
1104.3	5.284e3
1104.9	1.196e3
1105.7	2.899e3
1106.4	7.470e2
1107.1	3.904e3
1107.6	1.000e2
1108.2	2.755e3
1109.1	1.346e3
1109.9	2.210e3
1110.6	3.240e2
1111.2	2.956e3
1112.1	3.288e3
1113.0	2.906e3
1113.8	1.346e3
1114.5	3.521e3
1115.2	6.960e2
1115.9	2.036e3
1117.0	1.733e3
1117.9	2.387e3
1118.5	4.600e1
1119.0	4.436e3
1119.9	3.141e3
1121.0	2.665e3
1121.9	1.820e3
1122.6	5.720e2
1123.4	3.137e3
1124.4	2.057e3
1125.2	9.580e2
1125.9	1.600e3
1126.8	1.622e3
1127.6	3.143e3
1128.2	4.040e2
1128.9	2.004e3
1129.9	3.362e3
1130.7	1.272e3
1131.5	2.766e3
1132.4	1.493e3
1133.2	5.507e3
1134.1	2.457e3
1134.6	2.490e2
1135.2	2.371e3
1136.3	2.812e3
1137.0	7.350e2
1137.8	2.460e3
1138.4	5.730e2
1139.0	2.340e3
1140.0	2.838e3
1140.5	1.300e1
1141.0	2.364e3
1142.0	2.905e3
1142.6	1.080e2
1143.1	1.926e3
1144.0	1.512e3
1144.9	2.219e3
1145.9	3.559e3
1146.8	2.579e3
1147.3	1.540e2
1147.9	2.303e3
1148.5	4.940e2
1149.2	3.091e3
1149.8	7.280e2
1150.5	2.743e3
1151.2	7.330e2
1151.9	2.180e3
1152.8	4.202e3
1153.7	2.681e3
1154.7	2.877e3
1155.4	4.980e2
1156.1	2.500e3
1156.7	1.460e2
1157.2	2.037e3
1157.8	3.280e2
1158.5	2.149e3
1159.2	1.031e3
1160.0	3.448e3
1161.0	3.596e3
1161.5	3.020e2
1162.1	3.414e3
1163.0	2.875e3
1164.0	2.066e3
1164.8	9.120e2
1165.7	2.983e3
1166.4	8.300e2
1167.2	4.651e3
1168.1	2.977e3
1169.1	2.075e3
1170.1	6.390e2
1170.9	2.762e3
1171.6	7.160e2
1172.3	4.004e3
1173.0	1.797e3
1173.9	2.822e3
1174.5	3.250e2
1175.1	2.349e3
1176.1	3.471e3
1176.9	1.463e3
1177.7	2.369e3
1178.3	2.770e2
1178.9	1.916e3
1179.9	2.674e3
1180.9	2.228e3
1181.9	2.349e3
1182.4	4.750e2
1183.1	2.970e3
1183.9	1.490e3
1184.7	3.521e3
1185.5	9.610e2
1186.2	3.370e3
1187.0	1.296e3
1187.8	2.119e3
1188.6	1.646e3
1189.6	2.872e3
1190.2	1.080e2
1190.7	3.232e3
1191.3	7.470e2
1192.0	2.846e3
1192.8	1.433e3
1193.5	2.631e3
1194.0	3.600e1
1194.6	2.678e3
1195.2	1.062e3
1196.0	2.989e3
1196.9	1.608e3
1197.7	2.679e3
1198.8	2.046e3
1199.7	2.999e3
1200.5	1.196e3
1201.2	6.690e3
1202.1	3.183e3
1203.1	2.537e3
1204.0	2.255e3
1204.7	2.380e2
1205.3	3.155e3
1206.1	2.537e3
1206.7	1.490e2
1207.3	2.743e3
1208.1	1.972e3
1208.7	4.080e2
1209.3	1.713e3
1210.3	2.049e3
1210.8	7.700e1
1211.3	2.609e3
1212.1	1.160e3
1212.9	2.976e3
1213.8	2.097e3
1214.7	3.165e3
1215.3	3.500e2
1216.0	3.509e3
1216.7	1.017e3
1217.5	3.028e3
1218.2	4.430e2
1218.8	2.392e3
1219.5	4.880e2
1220.3	3.432e3
1221.4	2.951e3
1221.9	4.800e1
1222.5	2.455e3
1223.2	1.531e3
1224.0	2.417e3
1224.5	1.190e2
1225.1	2.989e3
1225.6	1.670e2
1226.2	3.299e3
1226.9	1.155e3
1227.6	3.851e3
1228.4	1.025e3
1229.1	2.948e3
1230.0	3.682e3
1230.9	2.580e3
1231.6	4.220e2
1232.3	2.333e3
1232.8	4.500e1
1233.3	2.193e3
1234.2	1.812e3
1235.1	3.649e3
1235.7	9.700e1
1236.2	3.701e3
1237.2	2.010e3
1238.0	9.260e2
1238.8	2.218e3
1239.4	3.100e2
1240.0	2.850e3
1240.6	2.940e2
1241.2	2.877e3
1242.2	2.457e3
1242.8	8.310e2
1243.4	3.047e3
1244.0	4.420e2
1244.6	2.711e3
1245.5	2.536e3
1246.2	1.013e3
1246.9	2.850e3
1247.8	1.689e3
1248.7	3.739e3
1249.6	1.932e3
1250.4	2.628e3
1251.4	2.068e3
1252.0	2.880e2
1252.7	2.511e3
1253.6	3.320e3
1254.5	2.397e3
1255.1	3.080e2
1255.6	3.326e3
1256.3	5.960e2
1256.9	2.645e3
1257.4	4.500e1
1257.9	2.234e3
1258.7	8.640e2
1259.4	2.555e3
1260.0	1.440e2
1260.6	3.275e3
1261.5	2.186e3
1262.2	3.590e2
1262.9	2.897e3
1263.9	3.538e3
1264.5	4.440e2
1265.2	2.976e3
1266.1	2.242e3
1266.7	5.300e1
1267.2	3.611e3
1268.2	3.220e3
1269.2	5.213e3
1270.1	2.931e3
1270.7	8.280e2
1271.4	2.886e3
1272.1	7.480e2
1272.7	1.888e3
1273.8	3.415e3
1274.8	2.202e3
1275.3	3.240e2
1275.9	2.639e3
1276.4	8.400e1
1277.0	2.324e3
1277.8	1.376e3
1278.6	2.601e3
1279.4	7.380e2
1280.1	1.978e3
1281.2	1.933e3
1281.7	9.000e0
1282.3	3.458e3
1283.1	1.830e3
1284.0	2.672e3
1284.6	5.010e2
1285.3	2.485e3
1286.1	1.427e3
1286.9	2.853e3
1287.8	2.695e3
1288.8	4.704e3
1289.3	1.610e2
1289.9	3.195e3
1290.9	1.988e3
1291.4	1.330e2
1292.0	3.086e3
1293.0	3.094e3
1293.8	2.051e3
1294.7	3.025e3
1295.6	1.870e3
1296.6	3.337e3
1297.2	4.080e2
1297.9	2.367e3
1298.8	2.353e3
1299.8	2.919e3
1300.5	9.110e2
1301.3	2.409e3
1302.3	1.904e3
1303.2	2.428e3
1304.1	1.690e3
1305.1	2.565e3
1305.9	1.713e3
1306.7	3.463e3
1307.6	1.513e3
1308.4	3.695e3
1309.3	2.302e3
1309.9	3.520e2
1310.5	2.132e3
1311.5	3.231e3
1312.0	1.070e2
1312.6	2.544e3
1313.4	1.054e3
1314.1	3.010e3
1315.1	1.932e3
1316.0	3.354e3
1316.6	5.390e2
1317.2	2.415e3
1318.2	2.940e3
1318.8	1.950e2
1319.3	3.732e3
1319.8	8.600e1
1320.4	2.575e3
1321.2	7.480e2
1321.9	2.632e3
1322.6	9.200e1
1323.1	3.036e3
1324.0	2.740e3
1325.0	2.533e3
1325.8	1.858e3
1326.6	6.630e2
1327.3	1.657e3
1328.2	3.607e3
1329.2	2.048e3
1329.7	1.210e2
1330.3	2.529e3
1331.0	1.648e3
1331.8	3.101e3
1332.5	8.270e2
1333.3	3.605e3
1334.2	2.285e3
1335.1	2.484e3
1335.8	3.100e2
1336.4	1.468e3
1337.3	4.679e3
1337.9	5.060e2
1338.5	3.788e3
1339.5	2.830e3
1340.3	1.430e3
1341.2	1.897e3
1342.2	3.187e3
1342.8	3.740e2
1343.3	2.524e3
1344.2	1.605e3
1345.1	2.212e3
1346.0	2.597e3
1346.8	1.404e3
1347.6	3.016e3
1348.4	9.190e2
1349.2	2.542e3
1350.0	1.883e3
1350.9	2.467e3
1351.5	1.750e2
1352.1	2.662e3
1353.1	2.654e3
1353.7	4.180e2
1354.4	2.675e3
1355.3	2.537e3
1356.3	1.951e3
1357.3	3.159e3
1358.1	1.345e3
1359.0	2.216e3
1359.6	3.320e2
1360.1	2.199e3
1361.2	2.359e3
1361.7	8.600e1
1362.2	1.793e3
1363.1	2.729e3
1363.7	6.240e2
1364.5	2.269e3
1365.1	5.310e2
1365.8	2.337e3
1366.4	4.760e2
1367.2	3.505e3
1367.9	8.840e2
1368.6	2.082e3
1369.2	1.100e2
1369.7	3.139e3
1370.4	8.660e2
1371.1	3.241e3
1372.1	1.589e3
1372.6	2.070e2
1373.2	2.565e3
1374.0	1.445e3
1374.8	3.570e3
1375.8	1.887e3
1376.5	7.780e2
1377.3	2.452e3
1377.8	7.100e1
1378.3	2.851e3
1379.0	6.930e2
1379.7	2.002e3
1380.3	1.490e2
1380.8	2.934e3
1381.3	3.300e1
1381.9	1.380e3
1382.7	1.631e3
1383.6	2.433e3
1384.2	2.310e2
1384.8	2.254e3
1385.3	1.440e2
1385.8	2.310e3
1386.6	2.217e3
1387.6	1.463e3
1388.6	2.518e3
1389.4	1.133e3
1390.3	3.167e3
1391.2	2.450e3
1391.9	1.093e3
1392.6	2.994e3
1393.3	1.218e3
1394.1	1.740e3
1395.0	3.333e3
1395.7	4.320e2
1396.4	2.886e3
1397.1	9.750e2
1397.8	2.978e3
1398.7	1.459e3
1399.7	2.744e3
1400.6	2.357e3
1401.3	7.560e2
1402.0	3.298e3
1403.0	2.788e3
1404.0	2.431e3
1404.6	1.450e2
1405.1	3.360e3
1405.8	9.950e2
1406.6	2.699e3
1407.5	1.962e3
1408.4	8.290e2
1409.3	2.392e3
1410.2	2.415e3
1411.1	2.130e3
1412.1	3.058e3
1412.7	1.700e2
1413.3	2.159e3
1414.2	2.114e3
1414.8	1.920e2
1415.3	2.422e3
1416.4	1.899e3
1417.3	1.221e3
1418.0	2.401e3
1418.6	7.400e1
1419.1	2.350e3
1419.9	1.758e3
1420.7	1.200e3
1421.6	2.160e3
1422.5	1.035e3
1423.2	3.058e3
1424.2	1.994e3
1425.2	2.093e3
1426.2	2.574e3
1426.8	1.340e2
1427.3	2.539e3
1428.1	6.960e2
1428.8	3.037e3
1429.6	1.348e3
1430.4	1.748e3
1431.3	2.174e3
1431.9	2.890e2
1432.6	2.766e3
1433.1	4.300e1
1433.7	2.510e3
1434.4	7.460e2
1435.1	2.038e3
1435.8	5.180e2
1436.5	2.373e3
1437.1	2.940e2
1437.8	3.073e3
1438.5	6.790e2
1439.1	2.549e3
1440.0	1.465e3
1440.5	1.240e2
1441.0	2.433e3
1442.0	3.174e3
1442.7	1.876e3
1443.3	1.110e2
1443.8	2.369e3
1444.7	1.959e3
1445.7	3.282e3
1446.8	2.536e3
1447.8	2.420e3
1448.4	6.670e2
1449.0	1.686e3
1449.9	1.891e3
1451.1	2.187e3
1451.9	1.044e3
1452.6	2.139e3
1453.4	1.331e3
1454.3	1.764e3
1454.8	4.740e2
1455.4	2.188e3
1456.5	1.871e3
1457.4	2.880e3
1457.9	2.280e2
1458.5	3.065e3
1459.2	5.920e2
1459.8	3.126e3
1460.7	2.236e3
1461.2	5.400e1
1461.7	2.214e3
1462.8	2.754e3
1463.3	5.600e1
1463.9	2.313e3
1464.8	1.049e3
1465.6	1.602e3
1466.2	4.000e1
1466.7	2.746e3
1467.7	1.495e3
1468.5	1.346e3
1469.3	2.477e3
1470.2	1.487e3
1470.9	6.640e2
1471.7	2.144e3
1472.2	2.100e2
1472.8	2.855e3
1473.4	7.910e2
1474.1	2.745e3
1474.7	1.450e2
1475.3	9.170e2
1476.2	1.585e3
1477.0	2.374e3
1477.9	2.316e3
1478.8	2.741e3
1479.4	2.130e2
1480.0	3.326e3
1480.6	5.680e2
1481.3	2.009e3
1481.9	1.580e2
1482.4	1.566e3
1483.0	1.270e2
1483.5	2.117e3
1484.3	7.830e2
1485.0	2.102e3
1485.5	7.200e1
1486.1	2.061e3
1486.8	1.740e2
1487.4	2.360e3
1488.2	2.273e3
1489.1	1.687e3
1489.9	2.727e3
1490.8	2.353e3
1491.8	2.167e3
1492.7	1.557e3
1493.6	2.055e3
1494.2	2.350e2
1494.8	2.057e3
1495.3	6.400e1
1495.8	2.607e3
1496.4	4.300e1
1496.9	2.951e3
1497.4	1.380e2
1498.0	2.402e3
1498.9	1.089e3
1499.8	2.382e3
1500.9	2.228e3
1501.8	1.500e3
1502.4	4.110e2
1503.1	2.599e3
1504.0	2.928e3
1504.7	2.260e2
1505.2	2.153e3
1506.2	2.334e3
1507.2	1.840e3
1508.2	1.754e3
1509.0	2.789e3
1509.8	1.751e3
1510.6	2.012e3
1511.5	1.408e3
1512.5	2.359e3
1513.5	1.774e3
1514.3	1.303e3
1514.9	6.630e2
1515.6	2.042e3
1516.6	1.552e3
1517.4	2.059e3
1518.4	1.869e3
1518.9	3.000e0
1519.4	2.251e3
1520.0	2.850e2
1520.6	1.970e3
1521.3	5.120e2
1521.9	1.516e3
1522.9	1.928e3
1523.8	2.293e3
1524.4	2.800e2
1524.9	1.696e3
1525.8	2.169e3
1526.4	6.220e2
1527.1	2.220e3
1527.7	8.800e1
1528.2	2.472e3
1529.2	2.335e3
1529.8	2.390e2
1530.4	3.070e3
1531.0	9.800e1
1531.5	1.770e3
1532.5	2.290e3
1533.1	3.600e1
1533.6	2.090e3
1534.6	3.122e3
1535.4	1.425e3
1536.3	2.126e3
1537.2	1.485e3
1538.1	2.040e3
1538.7	1.930e2
1539.3	2.344e3
1540.4	1.447e3
1541.4	2.752e3
1542.0	7.110e2
1542.7	2.577e3
1543.5	7.520e2
1544.1	2.238e3
1544.6	6.100e1
1545.1	1.957e3
1545.7	4.500e2
1546.3	2.726e3
1547.1	7.600e2
1547.8	1.691e3
1548.8	2.784e3
1549.8	2.085e3
1550.5	3.360e2
1551.1	1.754e3
1552.1	2.470e3
1553.0	1.970e3
1553.8	2.353e3
1554.7	7.820e2
1555.6	1.755e3
1556.3	6.590e2
1557.0	1.493e3
1557.8	1.635e3
1558.5	2.830e2
1559.1	2.440e3
1560.0	1.110e3
1560.9	2.222e3
1561.6	2.720e2
1562.3	3.689e3
1563.1	2.103e3
1563.8	1.343e3
1564.4	1.330e2
1565.0	1.680e3
1565.8	1.958e3
1566.7	2.717e3
1567.7	2.165e3
1568.3	6.010e2
1568.9	2.481e3
1569.9	2.874e3
1570.7	1.436e3
1571.5	1.880e3
1572.4	2.070e3
1573.3	1.708e3
1574.3	1.986e3
1575.1	6.330e2
1575.9	1.682e3
1577.0	2.273e3
1577.8	1.760e3
1578.6	2.084e3
1579.5	1.671e3
1580.3	3.460e2
1581.1	2.140e3
1582.0	2.181e3
1582.9	2.458e3
1583.8	2.281e3
1584.5	6.390e2
1585.2	2.583e3
1586.0	1.707e3
1587.0	2.005e3
1587.7	7.060e2
1588.5	1.665e3
1589.1	2.160e2
1589.6	2.191e3
1590.5	8.730e2
1591.3	2.354e3
1592.1	1.473e3
1593.0	2.633e3
1593.5	6.700e1
1594.1	1.569e3
1594.7	3.410e2
1595.3	2.723e3
1596.0	2.110e2
1596.6	2.447e3
1597.5	1.023e3
1598.4	1.270e3
1599.2	2.291e3
1599.7	8.000e1
1600.3	2.560e3
1601.2	1.794e3
1601.9	7.400e2
1602.7	1.696e3
1603.7	2.396e3
1604.3	4.060e2
1605.0	2.107e3
1605.8	4.820e2
1606.5	1.202e3
1607.5	1.689e3
1608.4	1.039e3
1609.1	2.504e3
1610.1	2.776e3
1611.0	1.494e3
1611.7	8.640e2
1612.4	1.481e3
1612.9	5.000e1
1613.4	1.908e3
1614.1	1.130e2
1614.6	1.915e3
1615.5	6.010e2
1616.4	2.313e3
1617.1	5.070e2
1617.8	2.836e3
1618.4	2.600e1
1619.0	1.755e3
1619.6	1.300e2
1620.1	1.380e3
1620.8	4.530e2
1621.4	1.670e3
1622.0	1.400e2
1622.6	2.033e3
1623.5	1.217e3
1624.3	1.823e3
1625.1	3.088e3
1626.1	1.066e3
1627.0	1.383e3
1627.8	7.770e2
1628.5	2.250e3
1629.1	5.090e2
1629.7	2.202e3
1630.5	5.680e2
1631.2	1.105e3
1631.8	1.430e2
1632.4	1.500e3
1632.9	4.110e2
1633.5	1.897e3
1634.3	1.319e3
1635.1	2.767e3
1636.0	1.549e3
1636.9	1.602e3
1637.7	8.020e2
1638.5	2.402e3
1639.2	4.130e2
1639.9	2.154e3
1640.5	8.700e1
1641.2	1.673e3
1642.1	1.225e3
1643.0	2.310e3
1644.0	9.770e2
1644.9	1.149e3
1645.9	1.840e3
1646.4	4.200e1
1646.9	1.853e3
1648.1	1.960e3
1649.1	3.399e3
1649.6	8.200e1
1650.1	1.689e3
1651.0	1.174e3
1652.0	1.694e3
1653.0	1.735e3
1653.9	1.584e3
1654.9	2.135e3
1655.9	1.329e3
1656.4	1.400e2
1656.9	1.490e3
1658.0	2.068e3
1659.0	1.646e3
1659.6	2.090e2
1660.2	1.360e3
1661.0	8.030e2
1661.7	1.228e3
1662.6	5.830e2
1663.6	2.420e3
1664.3	1.920e2
1664.9	1.392e3
1665.8	1.830e3
1666.8	8.870e2
1667.7	1.496e3
1668.4	6.650e2
1669.1	1.282e3
1669.7	3.280e2
1670.3	1.670e3
1671.1	6.830e2
1671.7	1.453e3
1672.7	1.217e3
1673.7	1.191e3
1674.2	9.300e1
1674.7	1.529e3
1675.6	1.395e3
1676.3	7.230e2
1677.0	2.189e3
1677.6	3.390e2
1678.2	2.088e3
1678.7	2.170e2
1679.3	1.768e3
1680.1	1.090e3
1681.0	8.840e2
1681.9	1.642e3
1682.5	3.560e2
1683.2	2.105e3
1683.8	5.830e2
1684.4	2.305e3
1685.3	1.621e3
1685.9	5.240e2
1686.6	2.001e3
1687.3	7.120e2
1688.0	1.817e3
1688.7	4.950e2
1689.4	1.928e3
1690.2	1.080e3
1691.0	1.554e3
1691.9	1.135e3
1692.8	1.983e3
1693.7	1.268e3
1694.3	1.410e2
1695.0	1.559e3
1696.0	1.064e3
1696.8	2.021e3
1697.6	8.970e2
1698.3	1.559e3
1699.3	1.945e3
1699.8	1.520e2
1700.4	1.252e3
1701.3	2.505e3
1702.3	9.580e2
1703.3	1.743e3
1704.0	5.780e2
1704.6	2.440e3
1705.2	8.900e1
1705.8	1.878e3
1706.6	1.330e3
1707.1	1.100e2
1707.8	1.924e3
1708.4	9.000e1
1709.0	1.569e3
1709.5	9.200e1
1710.1	1.617e3
1711.0	2.450e2
1711.6	2.985e3
1712.2	5.240e2
1713.1	1.631e3
1713.9	1.162e3
1714.6	1.200e3
1715.3	6.120e2
1716.0	8.390e2
1716.8	1.388e3
1717.6	2.066e3
1718.6	1.937e3
1719.3	5.300e2
1720.1	1.502e3
1720.7	8.870e2
1721.3	1.840e2
1721.9	1.906e3
1722.8	7.630e2
1723.6	1.712e3
1724.2	4.500e1
1724.7	8.510e2
1725.5	2.059e3
1726.1	5.130e2
1726.9	1.217e3
1727.7	1.350e3
1728.2	2.800e1
1728.7	1.047e3
1729.3	2.400e1
1729.8	1.396e3
1730.6	3.190e2
1731.3	1.994e3
1732.3	1.887e3
1733.2	1.256e3
1733.8	5.300e1
1734.3	1.066e3
1735.1	2.137e3
1735.9	6.010e2
1736.7	1.770e3
1737.6	1.435e3
1738.2	7.300e1
1738.8	1.412e3
1739.8	2.242e3
1740.8	7.830e2
1741.8	2.436e3
1742.4	1.020e2
1742.9	8.020e2
1743.8	1.988e3
1744.4	2.940e2
1745.1	1.497e3
1745.6	2.900e1
1746.2	1.798e3
1747.1	1.646e3
1747.7	8.000e1
1748.2	1.727e3
1748.7	2.900e1
1749.4	9.140e2
1750.3	1.349e3
1750.9	2.630e2
1751.6	2.041e3
1752.4	9.210e2
1753.3	1.338e3
1753.9	2.050e2
1754.6	1.381e3
1755.6	1.414e3
1756.5	1.373e3
1757.0	2.130e2
1757.6	1.500e3
1758.2	2.150e2
1759.0	1.950e3
1759.7	8.080e2
1760.4	2.048e3
1761.1	8.340e2
1762.0	1.548e3
1762.9	1.935e3
1763.7	7.710e2
1764.5	1.768e3
1765.2	5.470e2
1766.0	1.559e3
1767.0	1.533e3
1767.5	5.600e1
1768.1	1.847e3
1769.0	1.644e3
1769.6	3.580e2
1770.2	1.198e3
1770.8	4.100e1
1771.3	1.674e3
1772.2	8.620e2
1772.9	1.723e3
1773.4	4.000e0
1773.9	1.807e3
1774.6	3.060e2
1775.3	1.392e3
1776.3	2.602e3
1777.2	1.432e3
1777.9	2.210e2
1778.6	1.291e3
1779.6	1.367e3
1780.3	2.470e2
1781.1	1.660e3
1781.9	9.990e2
1782.8	1.200e3
1783.8	1.495e3
1784.6	1.870e3
1785.4	4.230e2
1786.3	1.238e3
1786.9	3.120e2
1787.6	8.310e2
1788.5	1.309e3
1789.3	6.310e2
1790.1	2.058e3
1790.8	4.220e2
1791.4	1.165e3
1792.3	1.193e3
1792.9	8.000e1
1793.6	1.121e3
1794.3	4.710e2
1795.1	1.621e3
1795.6	7.700e1
1796.2	1.231e3
1797.0	7.180e2
1797.7	1.802e3
1798.8	1.392e3
1799.3	2.450e2
1800.0	1.195e3
1801.1	1.490e3
1801.9	8.450e2
1802.8	9.960e2
1803.8	1.343e3
1804.7	7.740e2
1805.4	8.650e2
1805.9	1.240e2
1806.5	9.470e2
1807.3	7.090e2
1807.9	5.150e2
1808.6	1.615e3
1809.6	1.384e3
1810.2	5.000e0
1810.7	1.574e3
1811.2	8.000e1
1811.9	1.492e3
1812.5	5.420e2
1813.3	1.993e3
1814.1	2.560e2
1814.7	4.790e2
1815.6	1.652e3
1816.5	1.227e3
1817.4	1.029e3
1818.1	8.240e2
1819.0	1.839e3
1819.8	9.350e2
1820.9	1.325e3
1821.9	1.515e3
1822.6	4.590e2
1823.4	1.601e3
1824.1	5.090e2
1824.8	1.492e3
1825.5	5.410e2
1826.3	1.669e3
1827.2	1.043e3
1828.1	1.951e3
1828.7	9.200e1
1829.3	1.459e3
1830.2	1.977e3
1831.3	1.346e3
1832.2	1.288e3
1832.7	1.440e2
1833.3	1.455e3
1834.1	7.900e2
1834.9	1.919e3
1835.7	1.141e3
1836.5	1.851e3
1837.6	1.610e3
1838.6	1.277e3
1839.3	5.600e1
1839.9	1.648e3
1840.5	1.810e2
1841.2	1.641e3
1842.2	1.366e3
1842.9	3.240e2
1843.7	2.280e3
1844.7	4.190e2
1845.4	1.900e3
1846.4	1.565e3
1847.2	1.479e3
1848.1	9.050e2
1848.6	2.460e2
1849.3	1.277e3
1850.2	1.484e3
1850.8	1.910e2
1851.4	9.630e2
1852.3	1.579e3
1852.8	1.400e1
1853.4	1.339e3
1854.2	1.992e3
1855.1	1.265e3
1856.0	1.005e3
1856.7	1.330e2
1857.3	2.512e3
1857.9	7.900e1
1858.4	2.153e3
1859.2	6.120e2
1859.8	1.837e3
1860.8	6.220e2
1861.8	1.882e3
1862.8	1.735e3
1863.7	5.610e2
1864.3	7.700e1
1864.9	1.396e3
1865.6	1.020e2
1866.4	1.256e3
1867.3	1.330e3
1867.9	3.800e1
1868.4	1.811e3
1869.2	9.910e2
1870.0	3.430e2
1870.9	1.813e3
1871.4	3.700e1
1872.0	5.660e2
1872.8	1.300e3
1873.3	5.100e1
1873.9	1.284e3
1875.0	1.026e3
1875.9	1.862e3
1876.9	1.388e3
1877.6	1.300e2
1878.3	1.810e3
1879.2	6.280e2
1880.2	1.555e3
1880.7	1.500e2
1881.2	1.341e3
1882.3	1.560e3
1883.0	6.590e2
1883.8	1.607e3
1884.7	7.640e2
1885.3	1.322e3
1886.0	2.690e2
1886.6	1.080e3
1887.5	1.118e3
1888.3	5.080e2
1889.1	1.657e3
1890.0	1.118e3
1891.0	1.014e3
1891.7	1.200e1
1892.2	1.728e3
1892.8	2.870e2
1893.4	4.830e2
1894.1	1.911e3
1894.9	5.140e2
1895.8	1.066e3
1896.8	2.076e3
1897.5	5.520e2
1898.2	1.798e3
1899.2	8.850e2
1900.0	9.980e2
1900.6	1.400e1
1901.1	1.170e3
1901.8	2.080e2
1902.4	1.027e3
1903.0	2.440e2
1903.6	1.779e3
1904.2	6.000e1
1904.8	8.850e2
1905.6	1.263e3
1906.5	9.610e2
1907.3	1.312e3
1908.1	7.090e2
1908.9	1.548e3
1909.4	4.400e1
1909.9	1.060e3
1910.9	1.020e3
1911.7	1.704e3
1912.6	1.170e3
1913.5	6.640e2
1914.2	1.572e3
1915.2	1.307e3
1915.9	1.363e3
1916.8	9.320e2
1917.8	1.396e3
1918.5	5.140e2
1919.1	1.233e3
1920.1	1.564e3
1920.8	5.320e2
1921.6	1.349e3
1922.4	4.210e2
1923.3	1.975e3
1924.2	4.050e2
1925.0	1.742e3
1925.9	9.470e2
1926.6	4.340e2
1927.3	1.237e3
1927.9	2.170e2
1928.5	1.372e3
1929.3	8.050e2
1930.0	4.480e2
1931.0	1.048e3
1931.5	4.000e1
1932.0	7.640e2
1933.0	1.584e3
1933.9	1.416e3
1934.8	1.305e3
1935.7	9.750e2
1936.3	2.050e2
1937.0	1.798e3
1937.8	8.310e2
1938.6	1.927e3
1939.5	1.131e3
1940.2	9.200e1
1940.8	7.160e2
1941.8	1.422e3
1942.5	3.740e2
1943.3	7.650e2
1943.8	1.800e1
1944.5	1.804e3
1945.2	4.610e2
1946.1	1.509e3
1946.6	2.740e2
1947.3	6.380e2
1948.1	1.157e3
1949.0	9.960e2
1949.7	3.190e2
1950.4	2.091e3
1951.4	1.017e3
1952.0	3.600e1
1952.5	1.043e3
1953.4	9.660e2
1954.3	6.910e2
1955.2	8.800e2
1956.2	4.470e2
1956.9	1.478e3
1958.1	1.375e3
1958.6	5.000e1
1959.2	1.203e3
1959.7	5.000e0
1960.3	1.442e3
1961.3	5.230e2
1962.2	1.263e3
1963.0	6.960e2
1963.7	1.164e3
1964.5	2.420e2
1965.1	1.044e3
1966.1	1.877e3
1966.9	4.760e2
1967.6	1.272e3
1968.2	2.020e2
1969.0	2.039e3
1969.7	6.770e2
1970.4	9.340e2
1971.1	4.000e0
1971.7	1.049e3
1972.7	1.011e3
1973.2	1.110e2
1973.8	1.684e3
1974.6	4.010e2
1975.3	1.735e3
1975.9	5.100e1
1976.6	1.272e3
1977.4	3.920e2
1978.2	1.617e3
1978.9	4.070e2
1979.7	1.049e3
1980.3	3.510e2
1981.0	1.058e3
1981.9	7.820e2
1982.5	1.880e2
1983.1	1.190e3
1983.9	3.870e2
1984.7	1.625e3
1985.3	1.920e2
1985.9	1.515e3
1986.9	1.181e3
1987.5	1.590e2
1988.0	1.636e3
1988.7	2.400e1
1989.2	4.850e2
1990.0	1.485e3
1990.7	7.690e2
1991.4	9.800e2
1992.0	1.220e2
1992.5	8.220e2
1993.2	1.291e3
1993.9	1.530e2
1994.6	1.216e3
1995.5	1.799e3
1996.5	1.586e3
1997.5	9.780e2
1998.2	8.400e1
1998.7	1.068e3
1999.6	5.680e2
