100.3	2.130e2
101.0	1.049e4
102.0	5.836e3
103.0	5.824e3
103.6	3.300e1
104.4	3.470e2
105.1	9.440e2
106.0	3.050e2
108.1	3.930e2
108.9	9.000e1
109.9	4.970e2
111.0	3.083e3
111.6	1.400e1
112.3	3.690e2
113.0	4.286e4
114.1	8.440e2
115.0	4.532e3
116.1	2.203e3
117.0	4.694e4
118.0	8.653e3
119.0	3.531e3
120.0	8.860e2
121.2	5.800e2
122.3	8.100e1
122.9	4.120e2
124.1	1.157e3
125.0	5.010e2
125.9	1.650e3
126.9	1.020e3
127.9	1.507e3
129.0	9.232e3
130.1	1.939e3
131.1	3.395e3
131.7	1.580e2
132.3	6.710e2
133.1	1.167e4
134.0	5.590e2
135.0	6.426e3
135.9	1.791e3
136.4	8.700e1
137.0	4.236e3
138.0	1.692e3
139.1	2.880e2
140.1	4.460e2
141.1	6.710e2
142.0	1.690e2
142.5	1.300e1
143.0	1.722e3
144.2	5.690e2
145.0	4.547e3
146.0	9.927e3
147.0	2.133e4
148.0	1.487e3
148.7	1.300e2
149.3	9.350e2
150.2	7.200e1
150.9	1.398e3
151.8	9.290e2
152.5	7.600e1
153.1	1.373e3
154.0	1.051e3
155.1	3.958e3
155.9	2.306e3
157.1	3.351e3
158.0	8.730e2
158.6	1.650e2
159.1	4.400e3
160.1	9.610e2
161.0	5.252e3
162.0	1.277e3
163.0	6.403e3
164.0	1.924e3
165.0	8.417e3
166.0	1.840e2
166.9	7.910e2
168.2	6.230e2
169.1	1.108e3
170.2	3.320e2
171.0	1.677e3
172.0	1.340e3
173.1	3.223e3
174.1	1.553e3
175.0	3.807e4
176.1	1.776e3
177.0	2.071e4
177.9	1.334e3
179.1	5.907e3
180.1	1.210e3
181.1	7.794e3
182.1	1.393e3
183.0	1.549e3
184.1	1.202e3
185.0	3.215e3
186.0	9.530e2
187.1	2.993e3
188.1	1.752e3
189.1	2.466e3
189.8	5.650e2
190.5	1.290e2
191.1	2.345e4
191.9	1.522e3
192.5	1.820e2
193.0	3.070e3
193.5	1.590e2
194.1	2.957e3
195.1	3.417e4
195.9	2.586e4
197.0	7.524e3
197.9	2.603e4
199.0	6.684e3
199.9	1.714e4
200.4	3.000e1
201.1	1.073e4
202.0	3.632e3
202.8	1.500e1
203.4	1.673e3
204.0	4.560e2
204.5	9.700e1
205.1	1.898e3
206.0	2.139e3
207.1	2.580e3
208.0	1.115e4
209.0	2.764e3
210.1	1.264e3
211.3	1.640e3
212.2	1.896e4
213.2	3.675e3
214.1	2.490e3
214.7	1.600e1
215.2	2.290e3
216.1	1.298e3
217.1	1.192e4
218.1	2.019e3
219.1	3.528e3
219.9	1.022e3
220.5	1.400e2
221.1	2.811e3
222.0	3.752e3
223.1	1.929e3
223.9	2.421e3
224.5	1.110e2
225.0	2.327e3
226.0	7.050e2
227.1	1.925e3
227.7	7.000e1
228.3	7.350e2
229.2	3.991e3
230.0	2.116e3
231.1	3.632e3
232.1	2.925e3
233.0	5.268e3
234.0	1.652e3
235.0	3.829e3
236.1	1.066e4
237.1	1.490e3
238.0	1.402e3
239.0	2.287e3
240.0	1.524e4
240.6	1.930e2
241.1	6.119e3
241.9	3.672e3
242.5	9.000e1
243.1	6.451e3
244.0	2.275e3
245.0	1.637e3
246.0	2.673e3
247.0	1.244e3
248.1	1.136e3
249.1	8.892e3
250.1	1.437e3
251.0	1.473e3
252.1	5.550e2
252.7	6.100e1
253.2	9.590e2
254.1	5.440e2
255.2	2.694e3
256.1	9.780e2
257.1	1.475e3
258.0	2.935e3
259.1	6.467e3
260.0	8.510e2
260.8	2.668e3
261.4	3.130e2
262.0	2.771e3
263.1	3.448e3
264.0	7.420e2
265.0	3.771e3
265.9	2.001e3
267.2	1.404e3
268.1	1.089e3
269.1	3.615e3
270.2	6.640e2
271.1	9.400e2
271.9	1.084e3
272.6	1.200e1
273.1	2.236e3
274.0	1.673e3
274.8	3.890e2
275.4	3.194e3
276.2	8.630e2
276.9	1.682e3
277.5	2.280e2
278.1	9.590e2
279.0	3.725e3
280.0	2.389e3
281.0	2.722e3
281.5	2.000e1
282.1	3.525e3
283.2	6.920e2
284.1	3.465e3
285.1	1.707e3
286.1	4.595e3
287.1	2.020e3
288.2	1.367e3
289.2	8.700e2
290.0	5.335e3
291.1	2.712e3
292.1	4.426e3
293.1	2.867e3
293.9	1.211e3
295.1	3.787e3
296.2	1.182e3
297.1	1.389e3
298.0	1.950e3
299.1	1.400e3
300.0	1.744e3
301.0	1.055e3
301.9	2.019e3
302.5	4.300e1
303.0	7.830e2
303.5	2.030e2
304.1	1.198e3
305.1	6.784e3
306.0	2.607e3
307.1	3.215e3
308.1	5.012e3
309.1	3.061e3
310.1	1.585e3
311.1	5.162e3
311.9	1.740e3
313.1	3.499e3
314.0	2.914e3
315.0	8.363e3
316.1	1.156e3
317.1	1.103e4
318.1	2.379e3
318.6	2.080e2
319.2	5.889e3
319.9	1.180e3
320.4	1.200e2
321.0	4.884e3
322.1	2.337e3
323.1	3.425e3
323.6	3.780e2
324.2	9.470e3
325.1	4.469e3
326.1	1.607e3
327.2	3.472e3
328.0	1.130e3
329.1	2.122e3
330.1	1.447e3
331.0	6.767e3
332.0	1.412e3
332.6	3.750e2
333.1	5.817e3
334.0	1.914e3
334.7	1.140e2
335.2	2.830e3
336.1	1.295e3
337.0	7.429e3
338.0	1.567e3
339.2	1.660e3
340.1	1.743e3
341.1	3.602e3
342.0	2.830e3
343.1	2.744e3
344.0	1.871e3
344.6	9.800e1
345.2	2.457e3
346.0	3.114e3
347.0	3.969e3
348.1	1.263e3
349.1	6.929e3
350.0	1.245e3
351.0	1.951e3
352.2	3.080e3
353.0	4.502e3
354.0	2.321e3
355.0	1.589e3
356.1	5.230e2
357.1	5.298e3
357.6	6.500e1
358.1	2.189e3
359.1	9.910e2
360.0	2.348e3
360.9	2.973e3
362.0	1.684e3
363.0	1.907e3
363.9	2.616e3
364.5	7.000e1
365.2	2.470e3
366.1	2.270e3
367.0	2.975e3
368.0	2.028e3
369.0	1.977e3
369.7	4.590e2
370.3	2.971e3
371.1	1.431e3
371.6	3.500e1
372.1	1.646e3
373.0	2.197e3
374.0	2.057e3
375.0	1.317e3
376.0	4.005e3
376.6	8.000e1
377.2	2.580e3
378.0	4.320e2
379.1	3.891e3
380.0	1.044e3
381.0	1.852e3
382.0	1.985e3
383.0	1.628e3
383.9	1.794e3
384.4	1.330e2
385.0	3.580e3
386.0	1.761e3
387.2	1.355e3
388.2	1.065e3
389.0	7.540e2
389.8	1.543e3
390.4	3.560e2
391.0	2.404e3
391.8	1.616e3
392.5	5.100e1
393.1	2.962e3
394.2	2.376e3
395.2	3.843e3
396.2	1.318e3
397.1	2.683e3
398.1	2.919e3
399.1	2.437e3
400.0	7.890e2
400.5	1.400e1
401.0	2.393e3
401.9	1.032e3
403.1	2.578e3
403.9	1.359e3
405.0	2.149e3
406.1	1.475e3
406.7	1.600e2
407.2	2.579e3
408.0	1.223e3
409.1	1.949e3
409.9	6.760e2
410.9	1.709e3
411.9	2.308e3
413.2	3.791e3
414.2	1.232e3
415.0	4.171e3
416.1	9.820e2
417.0	4.074e3
417.9	1.399e3
418.7	7.630e2
419.5	2.785e3
420.1	3.060e2
421.0	2.771e3
421.9	3.419e3
422.7	7.750e2
423.4	2.061e3
424.2	8.710e2
425.1	1.786e3
426.1	1.006e3
427.0	1.027e3
428.1	3.671e3
429.1	5.733e3
429.7	1.600e1
430.3	1.082e3
431.0	3.380e3
431.9	2.252e3
433.0	2.976e3
434.0	2.798e3
434.5	1.300e1
435.1	3.815e3
436.0	1.541e3
437.1	2.373e3
437.7	1.180e2
438.2	2.231e3
439.1	5.440e2
439.9	8.540e2
441.1	1.450e3
441.9	2.883e3
442.9	1.815e3
443.5	8.500e1
444.0	1.275e4
445.0	5.207e3
446.0	1.127e3
447.0	3.959e3
448.0	2.167e3
449.2	3.238e3
449.8	3.700e1
450.3	5.230e2
451.0	6.371e3
451.8	1.366e3
452.3	5.700e2
453.0	3.111e3
453.9	2.505e3
454.7	2.500e2
455.4	2.607e3
456.1	1.879e3
457.1	2.386e3
457.9	3.889e3
458.4	1.660e2
459.0	2.349e3
460.1	1.470e3
461.1	2.341e3
462.0	1.057e3
462.8	2.362e3
463.4	1.910e2
464.0	4.355e3
465.0	8.950e2
465.9	4.926e3
466.4	3.640e2
467.0	5.829e3
467.6	1.840e2
468.1	3.171e3
469.0	3.952e3
470.0	2.644e3
471.0	2.653e3
471.8	1.156e3
473.0	2.818e3
473.8	8.800e2
474.4	1.750e2
475.2	1.945e3
476.1	3.394e3
477.0	1.390e3
477.5	1.200e1
478.0	3.095e3
479.0	3.392e3
479.8	2.366e3
480.5	5.660e2
481.1	2.326e3
482.0	2.084e3
482.6	1.200e1
483.1	3.999e3
484.0	2.506e3
484.9	4.670e3
485.6	1.420e2
486.1	1.707e3
487.0	3.291e3
487.9	3.177e3
488.9	3.097e3
490.0	2.165e3
490.9	1.251e3
491.7	2.361e3
492.4	6.030e2
493.1	3.443e3
494.1	1.431e3
495.0	2.563e3
495.5	6.600e1
496.1	3.603e3
496.9	8.140e2
497.6	2.741e3
498.2	1.320e2
499.1	2.762e3
500.1	3.112e3
501.0	3.893e3
501.9	2.847e3
502.4	1.800e2
503.0	2.973e3
503.8	2.664e3
504.8	3.270e3
505.8	2.943e3
506.3	1.300e1
506.9	1.792e3
507.4	9.600e1
508.0	2.277e3
509.0	1.385e3
509.9	1.865e3
510.4	6.270e2
511.0	2.658e3
512.0	1.924e3
512.9	1.746e3
513.5	2.710e2
514.0	2.502e3
515.1	2.905e3
516.1	2.198e3
517.2	3.713e3
518.0	2.932e3
519.0	3.065e3
520.0	1.566e3
520.9	1.404e3
521.7	3.159e3
522.5	1.290e3
523.3	2.933e3
524.2	1.235e3
525.1	3.397e3
526.0	2.060e3
526.9	3.368e3
527.9	1.432e3
528.9	2.413e3
529.8	2.413e3
530.4	2.610e2
530.9	2.707e3
531.8	3.305e3
532.3	5.500e1
533.0	2.132e3
534.1	2.137e3
535.0	1.940e3
535.9	1.723e3
537.0	3.135e3
537.9	2.138e3
538.6	4.880e2
539.1	1.129e3
540.0	1.943e3
540.8	1.904e3
541.7	4.225e3
542.3	5.040e2
542.9	3.160e3
543.7	2.450e2
544.2	1.758e3
545.0	4.410e2
545.7	2.848e3
546.3	5.320e2
546.9	3.638e3
548.0	2.059e3
548.5	2.900e2
549.0	4.917e3
549.9	1.218e3
551.1	8.200e2
551.8	2.471e3
552.3	6.800e1
552.9	4.597e3
554.0	2.267e3
555.0	4.303e3
555.7	1.300e2
556.3	3.393e3
557.1	1.469e3
558.1	1.161e3
558.9	1.712e3
559.7	2.120e3
560.9	5.600e2
561.7	1.518e3
562.3	5.450e2
563.3	2.286e3
564.1	5.403e3
565.1	3.089e3
565.9	1.075e3
566.9	3.237e3
567.4	1.500e1
567.9	1.969e3
568.9	4.391e3
569.8	2.028e3
570.3	6.000e1
570.9	2.605e3
571.9	3.781e3
572.8	2.085e3
573.8	2.662e3
574.5	1.630e2
575.0	2.257e3
576.0	1.919e3
577.0	1.920e3
577.6	1.390e2
578.1	2.045e3
579.0	9.780e2
579.8	5.364e3
580.4	5.910e2
580.9	3.950e3
581.4	1.420e2
582.0	2.182e3
583.0	4.627e3
583.8	7.370e2
584.5	2.330e3
585.5	3.871e3
586.2	8.380e2
586.9	3.848e3
587.8	2.104e3
588.5	3.940e2
589.1	2.022e3
590.0	1.540e3
591.1	3.675e3
591.9	1.064e3
592.6	1.766e3
593.2	5.290e2
593.8	2.142e3
594.4	3.650e2
595.0	2.300e3
596.0	1.993e3
597.1	2.189e3
598.0	2.907e3
599.0	2.241e3
599.7	3.690e2
600.2	1.736e3
601.2	2.344e3
602.0	3.821e3
603.0	4.032e3
604.1	1.671e3
605.0	1.286e3
605.6	7.440e2
606.3	2.978e3
607.1	1.135e3
608.0	4.840e2
609.0	2.687e3
609.9	1.309e3
610.9	3.426e3
611.8	3.405e3
612.6	5.530e2
613.2	3.698e3
614.1	1.560e3
614.8	3.620e3
615.7	2.111e3
616.4	2.460e3
616.9	1.650e2
617.8	2.272e3
618.9	4.321e3
619.7	2.781e3
620.9	4.850e3
621.9	1.901e3
622.9	2.136e3
623.8	2.156e3
624.4	4.090e2
625.0	1.242e3
626.0	2.352e3
626.7	9.500e1
627.3	2.226e3
628.2	1.732e3
629.1	2.757e3
630.0	1.711e3
630.9	3.911e3
631.5	4.770e2
632.2	3.807e3
632.7	1.720e2
633.4	4.172e3
634.3	2.414e3
635.2	2.244e3
636.2	1.917e3
637.3	5.926e3
638.0	6.920e2
638.6	2.692e3
639.6	3.443e3
640.3	5.510e2
641.1	2.314e3
642.2	1.925e3
643.1	1.551e3
644.2	2.224e3
645.0	2.474e3
645.9	9.280e2
646.9	4.308e3
647.9	2.417e3
648.8	1.370e3
649.7	1.550e3
650.6	1.401e3
651.6	2.790e3
652.3	5.920e2
653.0	4.884e3
653.9	2.925e3
655.0	4.174e3
655.9	2.610e3
656.9	2.081e3
657.9	2.094e3
659.0	3.046e3
659.6	1.360e2
660.1	2.071e3
661.1	3.024e3
662.0	2.004e3
663.1	2.099e3
663.8	6.320e2
664.5	2.408e3
665.3	1.967e3
666.1	1.480e3
666.7	1.220e2
667.4	1.310e3
668.2	2.506e3
668.8	1.130e2
669.4	2.243e3
670.1	6.370e2
670.9	3.715e3
671.4	3.190e2
672.1	2.375e3
672.8	1.064e3
673.4	2.170e2
674.1	1.259e3
675.1	2.030e3
676.0	2.796e3
676.8	6.030e2
677.3	3.476e3
678.3	1.880e3
679.2	5.397e3
679.7	3.480e2
680.3	2.400e3
681.2	2.093e3
682.1	1.317e3
683.0	2.417e3
683.6	1.410e2
684.1	3.713e3
684.7	1.260e2
685.2	1.780e3
686.2	1.869e3
687.1	8.230e2
688.1	1.493e3
689.1	3.112e3
690.1	9.550e2
690.8	3.171e3
691.7	1.353e3
692.3	6.380e2
693.0	2.092e3
694.0	2.352e3
694.5	9.700e1
695.1	3.228e3
696.1	2.942e3
696.9	1.421e3
697.8	1.738e3
698.6	3.455e3
699.2	1.940e2
699.8	3.406e3
700.4	1.010e2
700.9	1.837e3
702.0	2.306e3
702.9	2.202e3
703.9	1.863e3
705.0	3.506e3
705.7	5.890e2
706.4	1.999e3
707.4	1.955e3
708.2	5.040e2
708.8	2.405e3
709.8	2.548e3
710.5	4.630e2
711.2	2.671e3
712.2	2.934e3
713.1	1.094e3
714.0	1.219e3
715.2	2.587e3
715.7	2.950e2
716.3	2.495e3
717.2	2.688e3
718.0	1.310e3
718.7	3.300e2
719.2	2.286e3
720.0	5.310e2
720.9	3.317e3
721.7	2.155e3
722.6	3.566e3
723.2	3.500e1
723.8	2.052e3
724.4	4.590e2
725.0	2.226e3
725.9	1.760e3
726.6	2.211e3
727.4	4.146e3
728.2	5.360e2
728.9	3.066e3
729.9	1.775e3
730.8	1.080e3
731.6	1.601e3
732.3	2.129e3
733.0	7.960e2
733.9	1.248e3
734.6	2.212e3
735.4	3.740e2
736.1	1.986e3
736.8	3.626e3
737.6	2.284e3
738.1	4.330e2
738.9	2.318e3
739.5	5.760e2
740.1	1.873e3
740.9	1.461e3
741.8	1.457e3
742.6	1.005e3
743.5	1.537e3
744.2	5.730e2
744.9	2.917e3
745.9	1.152e3
746.8	1.972e3
747.7	1.913e3
748.3	4.250e2
748.9	1.681e3
749.8	1.509e3
750.6	1.864e3
751.3	4.340e2
751.9	8.960e2
752.6	3.418e3
753.3	9.350e2
753.9	2.645e3
754.6	1.400e2
755.3	1.743e3
755.9	5.100e2
756.4	9.700e1
757.0	1.968e3
758.0	1.565e3
758.8	1.310e3
759.7	2.122e3
760.3	2.640e2
760.9	2.140e3
761.6	2.830e2
762.4	4.770e2
763.1	2.039e3
763.9	8.390e2
764.5	2.791e3
765.3	6.620e2
766.0	3.125e3
767.0	1.002e3
767.9	1.524e3
768.4	3.000e2
768.9	2.754e3
769.8	1.356e3
770.8	1.799e3
772.1	1.537e3
772.9	2.659e3
773.9	2.103e3
774.4	2.900e1
774.9	1.434e3
775.7	2.421e3
776.3	2.370e2
776.8	3.106e3
777.7	1.028e3
778.3	1.364e3
779.3	6.760e2
780.0	2.617e3
780.9	1.913e3
781.4	8.900e1
782.0	2.867e3
782.6	2.430e2
783.2	2.993e3
784.0	3.500e2
784.5	1.529e3
785.3	2.425e3
786.0	1.113e3
786.8	3.408e3
787.9	1.822e3
788.5	2.970e2
789.1	3.956e3
789.8	7.100e2
790.4	1.114e3
791.4	1.418e3
792.4	2.529e3
793.1	6.390e2
794.0	1.523e3
795.0	2.269e3
795.8	9.850e2
796.8	2.563e3
797.7	8.950e2
798.5	3.598e3
799.3	9.250e2
800.2	2.624e3
801.1	1.974e3
802.0	1.910e3
802.9	1.308e3
803.8	3.177e3
804.5	4.750e2
805.1	3.793e3
806.4	1.515e3
807.1	1.657e3
808.0	1.740e3
808.8	3.122e3
809.8	1.820e3
810.7	1.972e3
811.6	1.844e3
812.6	2.157e3
813.5	1.127e3
814.2	4.260e2
814.9	2.632e3
815.8	7.620e2
816.3	2.700e1
816.9	4.050e2
817.6	2.508e3
818.2	2.870e2
818.8	2.564e3
819.5	1.010e2
820.1	2.559e3
821.2	2.352e3
822.1	2.845e3
823.1	2.514e3
823.9	7.800e2
824.6	1.379e3
825.7	3.106e3
826.5	1.009e3
827.4	1.640e3
828.2	7.520e2
828.9	2.353e3
830.2	5.630e2
831.3	1.641e3
832.2	1.356e3
833.2	9.980e2
833.9	2.308e3
834.4	1.070e2
835.0	2.566e3
835.8	2.071e3
836.3	2.080e2
837.2	2.821e3
838.4	2.060e2
839.0	2.149e3
839.8	3.110e2
840.4	1.509e3
841.1	1.064e3
842.1	2.530e3
842.7	6.020e2
843.4	1.473e3
844.1	2.660e2
844.9	5.480e2
845.8	1.907e3
846.8	1.565e3
847.9	1.076e3
848.6	4.450e2
849.3	2.394e3
850.1	1.646e3
850.9	7.970e2
851.9	1.468e3
852.8	1.350e3
853.8	2.624e3
854.4	3.420e2
855.0	1.644e3
855.7	4.550e2
856.6	1.466e3
857.3	9.750e2
858.0	1.580e3
858.9	1.957e3
859.7	5.050e2
860.6	1.054e3
861.2	1.080e2
861.7	2.104e3
862.4	3.480e2
863.3	3.490e2
864.0	2.170e3
864.6	2.300e1
865.3	1.578e3
866.3	1.959e3
867.0	1.385e3
867.9	6.830e2
868.6	3.358e3
869.2	3.350e2
869.9	7.350e2
870.6	3.700e1
871.1	2.751e3
872.1	2.952e3
873.2	1.895e3
874.0	8.460e2
874.9	1.766e3
875.9	2.293e3
876.5	1.320e2
877.1	1.861e3
878.1	8.590e2
879.0	2.089e3
879.9	1.389e3
880.8	2.142e3
881.5	5.860e2
882.3	1.700e2
882.8	3.231e3
883.7	1.444e3
884.3	1.470e2
884.9	2.398e3
885.8	1.005e3
886.5	2.650e2
887.3	1.782e3
887.9	9.470e2
889.0	2.837e3
889.7	1.940e2
890.4	2.499e3
891.3	1.219e3
891.8	5.200e1
892.5	3.037e3
893.4	2.738e3
894.2	2.360e2
894.9	1.745e3
895.6	1.510e2
896.2	2.673e3
897.2	1.985e3
898.1	2.193e3
899.0	1.538e3
899.7	8.690e2
900.5	4.130e2
901.1	4.300e1
901.6	2.242e3
902.7	2.254e3
903.9	2.473e3
904.4	1.010e2
905.0	1.708e3
905.7	2.500e1
906.3	1.711e3
907.3	3.914e3
908.2	2.690e2
908.9	2.195e3
909.8	8.770e2
910.6	2.450e3
911.5	2.924e3
912.3	1.679e3
912.9	2.780e2
913.7	2.365e3
914.6	1.152e3
915.6	1.350e2
916.1	2.842e3
916.8	1.251e3
917.4	2.630e2
918.1	2.745e3
918.9	7.810e2
919.4	4.200e1
920.1	1.274e3
920.7	1.660e2
921.3	3.116e3
922.0	9.430e2
922.9	2.183e3
924.2	9.660e2
925.2	2.858e3
926.2	9.430e2
927.1	2.052e3
928.0	1.845e3
928.8	1.156e3
929.4	5.400e1
929.9	4.162e3
930.6	3.780e2
931.3	1.664e3
932.2	1.367e3
933.1	7.970e2
933.9	1.497e3
934.8	2.027e3
935.4	4.850e2
935.9	2.746e3
936.9	3.506e3
937.8	4.570e2
938.8	1.508e3
939.6	3.487e3
940.4	4.210e2
941.3	2.265e3
942.0	6.400e2
943.0	2.982e3
943.8	7.290e2
944.4	5.460e2
945.1	1.896e3
945.8	8.600e1
946.7	1.236e3
947.6	8.340e2
948.5	1.909e3
949.2	4.600e1
949.9	1.385e3
950.7	2.064e3
951.4	4.640e2
952.0	3.068e3
952.6	2.500e1
953.2	1.784e3
954.1	3.174e3
954.8	2.960e2
955.4	4.300e2
956.0	1.242e3
957.1	2.700e3
957.9	6.230e2
958.7	1.562e3
959.7	7.890e2
960.2	4.100e1
960.9	2.712e3
961.4	6.300e1
962.1	6.390e2
962.9	1.244e3
963.9	1.355e3
964.9	8.600e2
965.5	1.700e2
966.1	9.380e2
966.9	9.050e2
967.8	1.952e3
968.5	1.210e2
969.0	1.224e3
969.8	1.697e3
970.5	3.100e2
971.1	8.650e2
972.1	1.102e3
973.0	2.692e3
973.6	1.660e2
974.4	2.206e3
975.1	1.310e3
975.9	2.962e3
976.5	2.660e2
977.1	2.323e3
977.8	1.250e2
978.5	9.410e2
979.2	1.401e3
980.5	1.252e3
981.0	9.000e1
981.8	1.733e3
982.9	1.024e3
983.8	1.280e3
984.4	6.580e2
984.9	1.890e2
985.6	1.092e3
986.2	1.880e2
986.9	2.189e3
987.7	9.700e1
988.2	1.860e3
989.0	1.660e3
989.8	5.760e2
990.9	2.473e3
991.9	2.530e3
992.4	1.030e2
993.1	1.387e3
993.7	2.200e1
994.3	2.222e3
995.4	2.375e3
996.3	1.131e3
997.0	1.900e1
997.6	1.497e3
998.3	2.090e2
999.0	2.234e3
999.7	4.970e2
1000.4	1.451e3
1001.2	2.604e3
1002.4	1.470e3
1003.5	8.300e1
1004.2	3.300e1
1004.8	2.713e3
1005.8	4.070e2
1006.5	1.680e2
1007.1	2.493e3
1007.9	1.730e3
1009.0	9.840e2
1009.7	1.530e2
1010.2	7.880e2
1011.2	1.484e3
1012.4	2.754e3
1013.2	7.750e2
1014.1	1.929e3
1014.9	1.327e3
1015.4	3.180e2
1016.0	1.100e1
1016.6	1.943e3
1017.4	9.930e2
1018.4	1.640e3
1019.1	3.270e2
1019.8	4.230e2
1020.6	1.215e3
1021.2	1.600e1
1021.7	2.104e3
1022.4	2.230e2
1023.1	1.277e3
1024.1	1.264e3
1024.7	5.630e2
1025.2	1.886e3
1025.8	2.380e2
1026.3	1.241e3
1027.2	1.805e3
1028.2	1.880e2
1028.9	2.329e3
1030.0	4.010e2
1030.6	1.127e3
1031.3	4.100e1
1032.0	1.203e3
1032.8	2.390e2
1033.8	7.610e2
1034.4	2.762e3
1035.1	1.148e3
1035.7	2.330e2
1036.2	1.426e3
1037.0	1.940e3
1037.8	3.330e2
1038.6	1.808e3
1039.3	2.140e2
1040.1	1.679e3
1041.0	1.778e3
1041.7	1.017e3
1042.3	1.120e2
1042.8	1.732e3
1043.3	7.600e1
1043.9	2.042e3
1044.8	1.182e3
1045.9	8.280e2
1046.8	1.329e3
1047.5	7.140e2
1048.4	2.129e3
1049.1	2.910e2
1049.9	2.270e2
1051.0	3.070e3
1052.2	2.007e3
1052.9	4.620e2
1053.7	3.210e2
1054.5	3.800e1
1055.3	1.210e3
1056.2	1.648e3
1056.9	1.900e1
1057.4	1.318e3
1058.0	4.900e1
1058.6	1.510e3
1059.4	7.090e2
1060.2	1.529e3
1060.7	1.030e2
1061.2	1.820e3
1061.9	6.770e2
1062.7	2.113e3
1063.3	1.950e2
1064.1	1.615e3
1065.2	9.130e2
1065.8	2.970e2
1066.4	1.597e3
1067.3	1.477e3
1068.4	2.182e3
1068.9	4.500e1
1069.6	1.777e3
1070.4	1.100e3
1071.5	9.790e2
1072.6	2.422e3
1073.1	1.170e2
1073.6	1.607e3
1074.1	1.030e2
1075.1	2.319e3
1075.7	4.500e1
1076.3	6.490e2
1076.8	1.130e2
1077.4	1.526e3
1078.0	3.800e2
1078.8	1.431e3
1079.3	4.300e2
1080.0	2.989e3
1080.8	3.810e2
1081.5	1.240e3
1082.5	3.205e3
1083.5	1.232e3
1084.5	2.016e3
1085.6	3.520e2
1086.3	1.401e3
1087.1	8.460e2
1088.1	5.950e2
1088.9	2.828e3
1089.5	7.200e1
1090.2	8.690e2
1091.0	1.703e3
1091.9	1.475e3
1092.9	1.462e3
1093.9	1.286e3
1094.7	7.040e2
1095.4	1.639e3
1096.1	1.700e2
1096.8	9.450e2
1097.7	2.284e3
1098.6	4.670e2
1099.2	1.581e3
1099.8	1.840e2
1100.4	1.499e3
1101.0	5.220e2
1101.5	2.090e2
1102.1	2.410e3
1103.1	1.360e3
1103.9	2.178e3
1104.9	1.550e3
1105.7	8.860e2
1106.8	1.229e3
1107.9	2.177e3
1108.8	5.450e2
1109.9	8.330e2
1110.5	1.080e2
1111.4	7.180e2
1112.2	1.819e3
1113.1	6.670e2
1113.9	2.280e2
1114.9	6.730e2
1115.6	1.236e3
1116.3	4.270e2
1117.0	1.352e3
1118.0	5.700e1
1118.6	1.861e3
1119.2	1.350e2
1120.1	1.307e3
1121.2	3.240e2
1122.0	1.294e3
1123.0	1.717e3
1123.9	1.881e3
1125.0	1.300e3
1125.9	1.576e3
1126.7	7.010e2
1127.2	4.200e1
1128.0	1.697e3
1129.0	9.050e2
1129.7	1.555e3
1130.5	4.200e1
1131.3	1.186e3
1132.0	4.370e2
1132.7	2.363e3
1133.8	1.435e3
1134.9	1.520e3
1136.0	6.360e2
1137.0	1.195e3
1138.0	2.492e3
1138.8	6.180e2
1139.4	1.220e2
1140.1	1.116e3
1140.7	9.800e1
1141.2	1.183e3
1142.4	7.640e2
1143.4	1.367e3
1144.2	1.719e3
1145.0	4.270e2
1146.2	9.860e2
1146.8	3.950e2
1147.4	1.950e2
1148.0	1.732e3
1148.8	1.849e3
1149.9	2.084e3
1150.9	7.360e2
1151.5	2.230e2
1152.1	9.610e2
1152.9	3.670e2
1153.7	8.550e2
1154.6	1.403e3
1155.7	9.340e2
1156.4	1.383e3
1157.3	1.273e3
1158.1	1.570e2
1158.7	1.106e3
1159.8	1.488e3
1161.1	2.808e3
1161.7	1.680e2
1162.2	1.587e3
1163.2	1.088e3
1163.8	1.700e2
1164.6	1.136e3
1165.6	1.092e3
1166.6	3.810e2
1167.2	1.700e1
1167.8	1.641e3
1168.4	6.400e1
1169.0	7.760e2
1169.7	5.360e2
1170.4	5.020e2
1171.1	1.823e3
1171.9	7.400e1
1172.5	1.585e3
1173.1	2.470e2
1173.6	3.100e1
1174.4	2.911e3
1175.0	1.770e2
1175.8	7.720e2
1176.7	7.430e2
1177.2	3.900e1
1177.8	9.270e2
1178.5	8.700e1
1179.2	1.168e3
1179.8	1.590e2
1180.5	1.801e3
1181.5	1.813e3
1182.2	1.020e3
1182.9	3.060e2
1183.6	2.990e2
1184.3	2.135e3
1185.1	6.000e2
1185.9	1.955e3
1186.9	1.962e3
1187.7	2.740e2
1188.5	8.060e2
1189.5	5.190e2
1190.4	1.198e3
1191.1	5.210e2
1191.9	1.449e3
1192.6	2.420e2
1193.6	6.200e2
1194.2	1.759e3
1195.2	1.258e3
1196.2	3.870e2
1197.0	1.702e3
1197.6	2.140e2
1198.3	2.706e3
1198.9	4.760e2
1199.4	1.255e3
1200.3	4.040e2
1201.0	2.412e3
1201.9	5.480e2
1203.1	5.260e2
1203.7	7.090e2
1204.4	2.150e3
1205.3	9.890e2
1206.1	2.730e2
1207.3	4.280e2
1208.1	1.243e3
1209.0	2.115e3
1209.8	9.960e2
1210.5	3.430e2
1211.0	1.721e3
1212.1	1.007e3
1212.9	4.010e2
1213.4	2.600e1
1214.0	7.060e2
1214.7	1.474e3
1215.4	2.400e2
1216.2	6.030e2
1216.9	5.320e2
1217.6	1.249e3
1218.9	1.670e3
1219.7	4.500e2
1220.7	8.370e2
1221.6	8.500e2
1222.5	2.250e2
1223.4	1.009e3
1224.3	1.496e3
1224.8	2.600e1
1225.4	2.720e2
1225.9	7.890e2
1226.7	1.983e3
1227.5	2.750e2
1228.2	2.321e3
1229.2	1.649e3
1230.0	1.400e1
1230.9	6.980e2
1232.0	1.385e3
1232.9	2.232e3
1233.8	2.790e2
1234.6	1.130e3
1235.2	1.320e2
1235.8	8.010e2
1236.8	8.160e2
1237.3	2.500e1
1237.8	1.246e3
1238.8	4.590e2
1239.5	7.470e2
1240.7	8.570e2
1241.3	6.250e2
1241.9	1.142e3
1242.7	6.530e2
1243.2	1.800e2
1243.8	7.170e2
1244.6	2.940e2
1245.2	1.441e3
1246.2	1.511e3
1246.9	1.230e2
1247.4	8.920e2
1248.4	1.265e3
1249.2	4.134e3
1249.9	2.830e2
1250.6	2.230e2
1251.7	9.110e2
1252.6	1.257e3
1253.4	5.400e1
1253.9	1.764e3
1254.8	2.185e3
1255.7	9.800e1
1256.2	1.464e3
1257.0	5.510e2
1257.7	5.190e2
1258.5	2.640e2
1259.5	1.454e3
1260.6	1.576e3
1261.8	9.010e2
1262.7	2.220e3
1263.4	3.870e2
1264.2	1.270e3
1265.2	1.630e3
1266.1	1.611e3
1267.1	5.640e2
1268.3	9.800e2
1269.2	6.430e2
1270.0	2.110e2
1270.9	9.450e2
1271.9	2.430e2
1272.8	7.860e2
1273.5	4.840e2
1274.2	1.680e2
1275.1	1.639e3
1275.7	1.340e2
1276.2	1.733e3
1277.0	6.600e2
1278.0	1.324e3
1279.3	1.409e3
1280.0	2.880e2
1280.7	1.755e3
1281.6	5.020e2
1282.4	4.650e2
1283.4	6.080e2
1284.3	1.349e3
1284.9	7.700e1
1285.5	7.380e2
1286.4	4.920e2
1287.1	2.224e3
1287.8	1.830e2
1288.4	1.576e3
1289.0	1.280e2
1289.9	7.400e1
1290.8	3.990e2
1291.6	5.420e2
1292.2	1.433e3
1293.0	4.850e2
1293.8	1.097e3
1294.8	1.093e3
1295.5	6.400e2
1296.8	1.556e3
1297.4	2.640e2
1298.1	1.263e3
1298.9	1.514e3
1299.9	1.830e2
1300.6	2.300e2
1301.3	3.510e2
1302.0	8.000e1
1302.6	9.280e2
1303.3	4.240e2
1304.1	2.248e3
1304.7	3.440e2
1305.8	3.030e2
1306.5	6.360e2
1307.3	3.750e2
1308.2	9.120e2
1308.7	2.300e1
1309.4	1.513e3
1310.2	1.460e2
1311.0	1.146e3
1311.9	1.010e3
1312.5	1.113e3
1313.3	5.250e2
1314.0	9.460e2
1315.3	1.300e1
1316.3	7.750e2
1317.0	8.160e2
1317.6	2.990e2
1318.1	9.460e2
1318.9	6.730e2
1319.6	5.180e2
1320.1	9.000e1
1320.8	7.770e2
1321.5	7.300e1
1322.3	7.660e2
1323.0	8.160e2
1323.8	6.430e2
1324.4	5.540e2
1325.5	7.260e2
1326.4	4.510e2
1327.3	1.348e3
1328.1	1.245e3
1329.0	7.740e2
1329.6	5.000e1
1330.2	7.940e2
1331.0	8.690e2
1331.7	1.452e3
1332.7	2.080e2
1333.4	1.304e3
1334.1	6.500e1
1334.7	2.095e3
1335.6	4.100e2
1336.2	1.800e1
1337.2	6.600e1
1338.1	1.866e3
1338.8	7.690e2
1339.9	4.690e2
1341.0	6.220e2
1341.6	1.370e2
1342.6	3.650e2
1344.0	6.040e2
1344.6	9.100e1
1345.1	5.290e2
1345.7	5.750e2
1346.3	1.110e2
1346.8	9.400e2
1347.7	1.144e3
1348.3	1.720e3
1349.2	5.730e2
1350.1	3.470e2
1350.9	6.160e2
1352.1	1.445e3
1352.7	3.310e2
1353.3	7.830e2
1354.2	5.070e2
1354.8	9.470e2
1356.1	8.140e2
1357.4	8.440e2
1358.3	8.460e2
1359.3	4.240e2
1360.0	1.299e3
1360.8	2.750e2
1361.7	1.560e3
1362.5	1.561e3
1363.5	1.032e3
1364.3	1.779e3
1365.1	3.350e2
1365.9	6.490e2
1367.1	6.090e2
1367.9	1.500e1
1368.7	1.080e2
1369.4	2.109e3
1370.1	1.300e1
1370.6	1.247e3
1371.5	1.880e2
1372.1	3.160e2
1372.9	7.840e2
1373.9	3.830e2
1375.0	7.190e2
1375.8	1.300e1
1376.4	5.100e2
1377.2	7.690e2
1378.0	3.740e2
1378.7	3.210e2
1379.6	6.470e2
1380.4	7.260e2
1381.4	3.090e2
1382.5	1.043e3
1383.4	1.756e3
1384.3	3.250e2
1385.1	1.357e3
1386.0	5.060e2
1387.5	1.304e3
1388.3	7.360e2
1389.6	2.050e2
1390.3	7.030e2
1391.2	2.690e2
1392.0	8.310e2
1392.8	5.310e2
1393.6	3.120e2
1394.5	9.900e1
1395.1	9.220e2
1396.2	2.210e2
1396.9	7.770e2
1398.1	7.260e2
1398.7	8.800e1
1399.4	6.990e2
1400.1	1.603e3
1400.9	1.860e2
1401.5	6.710e2
1402.3	1.656e3
1403.4	6.300e2
1404.1	1.692e3
1405.5	2.160e2
1406.4	8.460e2
1407.2	1.600e1
1407.8	9.810e2
1408.8	6.750e2
1410.2	1.266e3
1411.2	1.050e2
1412.1	1.312e3
1412.9	1.302e3
1413.8	1.859e3
1414.7	2.580e2
1415.6	5.070e2
1416.2	1.300e1
1416.9	1.498e3
1417.6	6.520e2
1418.5	8.460e2
1419.2	1.800e2
1419.8	1.379e3
1421.0	2.440e2
1421.9	1.137e3
1422.7	3.660e2
1423.4	1.207e3
1424.1	1.300e1
1424.9	1.152e3
1425.7	7.340e2
1427.0	3.150e2
1428.0	2.200e2
1428.7	6.030e2
1429.3	1.403e3
1430.0	2.810e2
1430.8	2.226e3
1431.5	2.040e2
1432.1	7.470e2
1433.0	6.990e2
1433.8	1.679e3
1434.7	2.250e2
1435.6	7.300e2
1436.4	3.420e2
1437.5	7.090e2
1438.3	8.470e2
1439.0	3.340e2
1439.8	7.480e2
1440.5	1.640e2
1441.4	8.670e2
1442.4	4.230e2
1443.3	5.690e2
1444.0	4.400e1
1444.7	9.800e1
1445.4	1.644e3
1446.2	6.990e2
1447.3	3.220e2
1448.1	7.270e2
1448.8	3.860e2
1450.7	1.253e3
1451.6	1.151e3
1452.5	7.090e2
1453.2	3.020e2
1454.0	1.776e3
1455.0	5.010e2
1455.7	6.900e2
1456.5	7.430e2
1457.3	9.800e1
1458.1	1.189e3
1459.4	3.830e2
1460.1	1.800e1
1460.8	3.250e2
1461.6	1.077e3
1462.3	6.780e2
1462.9	5.650e2
1463.5	4.490e2
1464.9	1.327e3
1465.6	9.680e2
1466.3	7.980e2
1467.1	2.290e2
1467.8	7.000e2
1469.1	7.640e2
1469.9	1.344e3
1470.7	1.046e3
1471.6	1.560e2
1472.3	3.990e2
1473.1	7.240e2
1474.2	4.690e2
1474.7	1.520e2
1475.5	3.480e2
1476.4	1.849e3
1477.1	3.690e2
1477.7	3.680e2
1478.9	2.539e3
1479.9	1.771e3
1480.8	7.680e2
1481.3	1.300e1
1481.9	7.990e2
1482.7	1.210e2
1483.4	5.040e2
1484.9	6.460e2
1486.1	6.500e2
1486.9	1.320e2
1487.4	2.440e2
1488.1	2.580e2
1489.1	2.070e2
1490.3	1.649e3
1491.0	9.600e1
1491.5	6.300e1
1492.4	1.507e3
1493.0	1.860e2
1493.5	1.401e3
1494.4	3.460e2
1495.1	1.246e3
1495.8	3.600e2
1496.4	1.308e3
1497.1	3.430e2
1498.1	6.770e2
1498.9	2.870e2
1499.7	2.080e2
1500.6	1.374e3
1501.4	3.900e2
1502.5	5.340e2
1503.2	8.620e2
1504.0	8.930e2
1504.7	1.240e2
1505.7	2.260e2
1506.7	1.900e1
1507.5	5.520e2
1508.5	1.056e3
1509.5	2.039e3
1510.1	4.400e1
1510.6	1.320e2
1511.7	5.680e2
1512.8	3.000e1
1513.3	3.480e2
1514.0	1.870e2
1514.8	6.810e2
1515.8	2.660e2
1516.9	1.004e3
1517.7	1.700e2
1519.5	7.190e2
1520.1	1.000e2
1520.9	1.070e2
1521.7	5.700e2
1522.6	4.740e2
1523.5	2.890e2
1524.6	1.097e3
1525.6	1.032e3
1526.7	4.150e2
1527.6	1.341e3
1528.6	1.547e3
1530.1	1.230e2
1531.0	6.200e1
1531.7	8.930e2
1533.4	1.262e3
1534.4	5.720e2
1535.1	9.250e2
1535.8	1.420e2
1536.7	1.541e3
1537.6	1.580e2
1538.6	1.043e3
1539.4	6.100e2
1540.3	1.348e3
1540.8	9.200e1
1542.1	1.132e3
1543.1	1.156e3
1544.1	2.900e2
1544.9	2.300e1
1545.6	1.050e2
1546.5	9.900e2
1547.6	1.150e2
1548.6	4.270e2
1549.5	1.220e2
1550.5	8.460e2
1551.1	1.200e1
1551.8	3.030e2
1552.7	7.590e2
1553.5	5.700e1
1554.2	7.260e2
1555.2	1.400e2
1555.7	3.320e2
1556.5	8.450e2
1557.5	1.000e2
1558.2	2.500e1
1559.1	1.158e3
1560.3	7.480e2
1561.1	1.091e3
1561.9	1.122e3
1562.6	2.120e2
1563.3	6.570e2
1564.5	3.960e2
1565.5	9.720e2
1566.5	1.916e3
1567.8	7.200e1
1568.4	4.500e1
1569.2	6.140e2
1569.9	2.440e2
1570.9	9.780e2
1571.7	7.700e1
1572.3	2.250e2
1573.1	6.880e2
1573.9	6.300e2
1574.6	8.500e1
1575.5	2.790e2
1576.2	1.039e3
1577.5	6.360e2
1578.7	1.240e2
1579.9	9.280e2
1580.5	1.200e1
1582.2	5.170e2
1583.0	1.910e2
1583.7	6.960e2
1584.4	7.810e2
1585.1	2.860e2
1585.9	2.570e2
1587.0	4.170e2
1587.9	8.680e2
1588.7	1.430e2
1589.2	1.040e3
1589.9	1.830e2
1590.7	1.005e3
1591.8	3.550e2
1592.9	1.192e3
1593.9	1.794e3
1594.5	2.380e2
1595.5	1.800e1
1596.3	1.229e3
1596.8	3.430e2
1597.8	1.500e2
1598.6	1.820e2
1599.7	6.950e2
1600.6	4.180e2
1601.5	1.970e2
1602.3	3.300e2
1603.5	8.340e2
1604.1	3.800e2
1605.2	5.700e2
1606.0	3.730e2
1606.8	3.160e2
1607.9	6.650e2
1608.5	1.367e3
1609.3	1.400e1
1610.2	1.483e3
1611.1	9.590e2
1612.1	2.220e2
1612.7	3.440e2
1613.6	1.152e3
1614.5	2.550e2
1615.3	9.200e2
1616.1	1.619e3
1616.9	2.268e3
1617.5	1.120e2
1618.5	1.510e2
1619.1	1.072e3
1620.1	1.320e2
1620.9	3.400e1
1621.5	1.500e1
1622.3	3.630e2
1622.9	7.810e2
1623.5	8.900e1
1624.8	2.065e3
1625.6	2.390e2
1626.2	9.250e2
1627.7	9.330e2
1628.2	3.220e2
1629.0	1.830e2
1629.9	2.500e1
1631.4	1.720e2
1632.3	5.140e2
1633.3	1.013e3
1634.6	7.630e2
1635.2	1.850e2
1636.1	8.800e1
1637.2	2.040e2
1637.7	1.100e1
1638.3	6.740e2
1639.4	1.200e1
1641.1	1.840e2
1641.9	1.780e2
1642.5	2.130e2
1643.0	6.940e2
1644.1	1.100e1
1645.3	9.000e1
1646.3	3.830e2
1646.9	2.330e2
1647.6	4.610e2
1648.3	7.650e2
1649.0	3.470e2
1649.8	1.870e2
1650.4	5.630e2
1651.1	1.482e3
1652.2	3.000e2
1653.0	1.150e2
1653.6	2.100e2
1654.1	2.500e1
1654.9	6.310e2
1655.6	8.410e2
1657.1	2.640e2
1658.6	9.210e2
1660.3	2.560e2
1660.9	9.160e2
1661.5	2.720e2
1662.1	1.003e3
1662.8	6.740e2
1663.8	2.100e2
1664.6	1.193e3
1665.5	5.360e2
1667.1	9.140e2
1668.0	3.580e2
1668.7	9.400e1
1669.2	2.200e1
1669.8	1.220e2
1671.1	8.730e2
1672.2	3.410e2
1673.4	8.300e1
1674.3	1.200e1
1674.9	1.210e2
1675.4	1.334e3
1676.9	2.280e2
1677.4	1.570e2
1678.2	2.220e2
1679.2	4.770e2
1679.9	1.850e2
1680.5	3.410e2
1681.4	5.340e2
1682.5	2.180e2
1684.1	3.660e2
1684.9	1.950e2
1685.6	8.160e2
1686.5	1.200e1
1687.5	4.900e1
1688.5	8.050e2
1689.7	2.060e2
1690.6	2.800e1
1691.7	1.950e2
1692.4	1.110e2
1693.1	7.700e2
1693.8	8.200e1
1694.4	3.140e2
1695.4	1.101e3
1696.5	6.040e2
1697.1	6.900e1
1698.4	5.260e2
1699.3	2.310e2
1700.0	8.040e2
1701.0	4.600e1
1701.9	1.630e2
1703.0	8.980e2
1703.7	7.700e1
1704.4	1.400e1
1705.6	8.100e1
1706.9	5.740e2
1707.5	3.500e1
1708.2	1.790e2
1710.3	2.840e2
1711.2	3.100e1
1711.8	4.320e2
1712.9	6.740e2
1714.3	2.371e3
1715.4	3.030e2
1717.6	9.430e2
1718.9	4.250e2
1720.3	2.100e2
1720.9	3.000e2
1721.8	3.110e2
1722.7	1.319e3
1723.5	2.790e2
1724.6	4.930e2
1725.2	6.350e2
1725.9	7.750e2
1727.3	2.810e2
1728.4	7.080e2
1729.1	1.300e1
1729.7	2.640e2
1730.3	1.200e1
1730.9	4.340e2
1731.5	1.400e1
1732.1	1.870e2
1732.8	8.410e2
1734.9	3.550e2
1736.1	5.000e1
1737.0	1.600e1
1737.7	1.231e3
1738.4	9.900e1
1739.5	2.340e2
1740.1	8.800e2
1740.8	9.070e2
1741.6	1.124e3
1742.7	3.980e2
1744.4	3.510e2
1745.1	3.900e1
1745.7	9.970e2
1746.3	1.300e1
1747.3	1.240e2
1748.0	1.400e1
1749.0	1.970e2
1749.7	2.160e2
1750.7	5.700e1
1751.5	6.490e2
1752.1	2.970e2
1752.7	8.380e2
1753.9	1.300e1
1754.8	1.300e1
1755.7	5.360e2
1756.5	1.090e2
1757.2	3.350e2
1758.9	3.820e2
1759.8	8.880e2
1760.9	5.890e2
1761.7	1.660e2
1762.7	4.820e2
1763.6	4.040e2
1764.2	1.990e2
1765.0	3.820e2
1765.5	2.150e2
1766.3	7.030e2
1767.3	1.343e3
1768.8	1.700e1
1769.8	2.700e1
1770.5	4.110e2
1771.0	4.720e2
1771.8	4.740e2
1772.8	1.139e3
1774.3	2.200e1
1775.2	1.039e3
1776.8	4.000e2
1777.8	5.490e2
1778.7	1.300e2
1779.9	1.205e3
1780.9	1.170e2
1782.3	1.920e2
1783.0	1.140e2
1783.7	4.330e2
1784.3	4.140e2
1785.4	7.600e1
1786.3	1.500e1
1788.1	7.690e2
1788.7	5.600e1
1789.7	3.160e2
1790.3	2.700e1
1791.2	2.140e2
1792.1	3.600e2
1792.9	8.410e2
1794.0	2.440e2
1794.8	4.210e2
1795.5	5.480e2
1796.3	2.900e1
1797.2	6.990e2
1797.9	7.900e1
1798.9	6.400e2
1800.4	1.715e3
1801.1	5.720e2
1802.0	5.800e1
1802.7	6.400e1
1803.3	9.120e2
1804.5	4.610e2
1806.2	1.420e2
1807.0	1.200e1
1807.6	9.200e1
1808.6	8.190e2
1809.6	3.830e2
1810.1	2.340e2
1811.0	5.210e2
1811.9	9.200e1
1812.7	1.061e3
1814.1	3.970e2
1814.6	4.950e2
1815.4	1.200e1
1816.2	2.440e2
1816.8	1.170e2
1817.4	3.370e2
1818.0	6.540e2
1819.2	1.440e2
1820.1	8.540e2
1820.6	1.860e2
1821.7	1.880e2
1822.5	7.060e2
1824.4	1.300e1
1825.1	1.300e1
1825.7	1.540e2
1826.7	9.810e2
1828.4	4.690e2
1829.3	3.140e2
1830.3	1.050e3
1831.2	6.290e2
1831.9	4.660e2
1833.0	9.160e2
1834.0	8.500e2
1835.5	1.285e3
1836.4	1.270e2
1837.4	1.400e1
1838.2	4.370e2
1839.3	4.220e2
1839.9	8.990e2
1840.5	7.600e1
1842.0	1.740e2
1843.3	6.220e2
1843.9	1.610e2
1844.5	6.300e1
1845.6	7.760e2
1846.6	8.080e2
1847.7	4.350e2
1849.0	2.990e2
1849.8	1.200e1
1850.3	4.050e2
1851.1	1.013e3
1851.7	3.380e2
1852.3	1.200e1
1853.4	3.180e2
1854.3	4.980e2
1855.6	2.310e2
1856.8	5.310e2
1857.4	2.690e2
1858.3	4.180e2
1859.0	2.470e2
1860.0	7.260e2
1861.0	6.220e2
1862.8	5.170e2
1864.1	8.820e2
1865.4	9.600e1
1865.9	1.250e2
1868.2	3.570e2
1868.7	1.320e2
1869.3	4.640e2
1870.2	5.250e2
1871.4	5.650e2
1872.1	1.108e3
1874.4	4.590e2
1874.9	1.500e1
1876.6	3.100e1
1877.5	1.352e3
1878.0	3.420e2
1878.6	1.500e1
1879.1	5.200e1
1879.7	2.900e2
1880.5	9.100e1
1881.3	4.200e1
1882.0	1.400e1
1882.6	5.220e2
1883.1	1.220e2
1883.8	9.340e2
1886.1	4.600e2
1887.2	5.490e2
1888.1	3.650e2
1889.4	6.140e2
1890.0	2.400e1
1890.9	7.400e1
1891.5	5.320e2
1892.4	3.300e1
1893.0	5.850e2
1893.7	3.800e2
1894.4	5.480e2
1896.3	9.400e1
1897.0	4.440e2
1897.6	3.670e2
1898.2	2.410e2
1899.2	5.940e2
1900.0	1.100e3
1901.4	8.900e2
1902.3	4.600e1
1903.0	1.290e2
1904.8	1.003e3
1906.0	2.290e2
1906.9	2.500e1
1908.1	1.790e2
1908.7	1.375e3
1909.9	1.970e2
1911.2	7.350e2
1912.4	2.910e2
1912.9	1.260e2
1913.5	1.940e2
1914.1	7.370e2
1914.7	9.970e2
1915.9	1.100e2
1916.7	1.010e3
1918.9	4.210e2
1919.6	1.800e2
1920.8	1.429e3
1921.5	1.400e1
1922.4	1.170e2
1923.0	1.870e2
1923.7	1.670e2
1924.3	3.810e2
1925.2	2.700e1
1926.0	4.690e2
1927.0	5.900e2
1927.7	7.910e2
1929.2	1.400e2
1931.2	3.170e2
1931.9	6.290e2
1933.0	3.630e2
1933.7	7.300e2
1935.0	1.200e1
1935.9	8.900e1
1936.5	1.210e2
1937.3	2.480e2
1938.2	1.100e2
1939.1	4.960e2
1941.5	2.500e1
1942.3	3.940e2
1943.0	2.710e2
1943.7	3.700e2
1944.6	1.154e3
1945.3	3.580e2
1946.4	1.300e1
1947.0	7.360e2
1947.7	4.640e2
1949.8	4.480e2
1950.6	7.110e2
1951.5	2.100e1
1952.5	6.210e2
1953.5	6.800e2
1954.6	1.980e2
1956.0	1.600e1
1957.1	6.450e2
1957.9	7.120e2
1959.5	1.970e2
1960.2	1.700e1
1960.9	1.316e3
1962.5	4.880e2
1963.5	4.000e1
1964.6	1.300e1
1965.3	1.400e1
1966.0	1.100e1
1966.8	2.650e2
1967.5	6.370e2
1969.7	4.630e2
1971.3	8.730e2
1973.1	1.073e3
1973.6	1.330e2
1974.5	2.710e2
1976.2	2.200e2
1976.7	3.610e2
1977.6	3.610e2
1978.2	4.430e2
1979.2	1.410e2
1981.5	1.075e3
1984.0	7.000e2
1985.6	1.800e1
1987.6	5.520e2
1988.8	6.870e2
1989.5	8.700e1
1990.5	1.510e2
1992.3	3.900e2
1992.9	1.940e2
1994.0	1.700e1
1994.7	3.330e2
1996.0	4.880e2
1996.8	4.900e1
1997.4	4.780e2
1998.8	2.380e2
1999.5	1.076e3
