100.3	1.812e5
101.0	9.832e5
102.0	5.511e5
103.0	4.215e5
103.5	2.823e3
104.0	2.413e5
105.0	1.794e5
106.0	2.419e5
107.0	2.735e5
108.0	1.055e6
108.9	7.387e5
109.5	1.069e4
110.0	7.803e5
110.5	2.362e3
111.0	1.095e6
112.0	5.191e5
112.9	3.156e5
113.9	2.444e6
115.0	1.147e6
116.0	8.066e5
116.9	3.503e5
118.0	1.635e6
118.9	1.064e6
120.0	7.141e5
121.0	3.234e5
121.5	2.395e3
122.1	1.372e6
123.1	3.628e5
124.0	1.162e5
125.0	2.461e5
126.0	6.093e5
127.0	3.872e5
128.0	1.921e5
129.0	4.469e5
129.5	8.760e2
130.0	1.975e5
131.0	8.942e5
132.0	6.601e5
132.5	3.640e2
133.0	1.912e5
134.0	2.980e5
134.9	1.238e5
135.5	2.470e2
136.0	1.407e6
137.0	4.440e5
137.5	9.480e2
138.1	1.195e6
139.1	5.215e5
140.0	3.638e5
141.0	2.135e6
142.0	1.441e6
143.0	3.403e5
144.0	1.134e6
144.5	1.468e3
145.0	2.091e5
146.0	5.746e5
146.5	4.590e2
147.1	3.183e5
148.0	1.433e5
149.0	4.760e5
149.5	9.830e2
150.1	2.545e5
151.1	1.339e5
152.0	8.122e4
153.0	1.048e5
154.0	3.251e5
154.5	7.790e2
155.0	4.514e5
156.1	3.164e5
157.0	3.127e5
158.1	4.303e6
159.0	1.375e6
160.0	7.664e5
160.5	2.130e2
161.0	1.426e5
162.0	6.546e5
163.1	3.506e5
164.0	7.862e5
164.5	5.620e2
165.1	3.206e5
166.1	1.222e5
166.6	2.108e3
167.1	1.381e5
168.0	1.338e5
168.6	3.174e3
169.1	1.057e5
170.1	1.314e5
170.6	2.260e2
171.1	5.429e5
172.1	1.851e5
173.0	2.540e5
173.6	1.980e3
174.1	2.144e5
175.1	1.839e5
176.1	1.600e5
177.0	4.010e5
177.6	2.924e3
178.1	1.535e5
179.1	2.661e5
180.1	1.346e5
180.6	1.387e3
181.1	1.860e5
182.0	2.286e5
182.5	1.780e3
183.1	3.737e5
184.1	1.537e5
185.0	5.306e5
186.0	2.803e5
186.5	5.810e2
187.0	5.687e5
187.6	6.200e1
188.1	1.622e5
188.6	1.713e3
189.1	1.295e5
190.1	1.100e5
191.1	2.641e5
192.1	1.829e5
193.1	1.669e5
193.6	1.591e3
194.2	4.546e5
195.1	1.733e5
196.2	4.039e6
197.2	6.506e5
197.7	2.771e3
198.2	1.279e6
198.7	1.961e3
199.2	2.824e5
200.1	1.792e5
201.1	2.530e5
202.1	1.120e5
202.6	1.460e3
203.1	6.025e5
204.0	2.646e5
204.5	1.208e3
205.1	1.856e5
205.6	4.380e2
206.1	1.663e5
207.1	1.585e5
208.1	1.188e5
209.1	3.590e5
210.1	1.652e5
211.0	1.057e5
212.1	2.195e5
213.0	7.666e4
214.1	7.226e6
215.1	1.020e6
216.1	6.041e5
217.1	3.516e5
218.2	8.084e5
219.2	2.714e5
220.1	2.873e5
221.1	1.714e5
222.1	1.082e5
223.1	8.351e4
224.1	1.271e5
224.6	6.810e2
225.1	1.061e5
226.0	1.386e5
227.0	1.637e5
228.0	1.099e5
228.6	2.018e3
229.1	1.455e5
230.0	7.972e4
231.0	1.520e5
232.0	3.256e5
233.1	2.109e5
234.1	1.815e5
235.0	1.123e5
236.1	2.362e6
237.1	5.047e5
237.6	1.481e3
238.2	2.716e5
239.1	1.122e5
240.1	7.114e4
241.1	8.065e4
242.0	2.739e5
243.0	1.935e5
244.0	1.454e5
244.6	3.185e3
245.1	1.193e5
246.1	9.989e4
246.6	2.245e3
247.1	1.826e5
248.1	1.072e5
249.1	9.014e4
250.1	1.948e5
250.6	1.076e3
251.1	1.188e5
252.1	1.155e5
253.0	1.943e5
253.6	6.260e2
254.1	2.288e5
255.1	2.329e5
256.1	9.480e4
257.1	9.901e4
258.1	6.937e4
259.0	1.778e5
259.6	7.227e3
260.1	1.426e5
260.7	2.758e3
261.2	1.985e5
262.1	9.223e4
263.0	1.091e5
263.5	1.109e3
264.0	1.169e5
265.0	8.026e4
265.6	3.710e2
266.1	7.761e4
267.1	1.040e5
268.1	6.116e4
268.6	1.156e3
269.1	6.773e4
270.1	9.970e4
271.1	1.544e5
271.6	1.649e3
272.1	8.235e4
273.1	1.442e5
274.1	7.489e4
275.1	1.242e5
276.1	8.951e4
277.1	1.182e5
278.1	6.397e4
278.6	1.469e3
279.1	1.262e5
280.1	5.490e4
281.0	1.155e5
282.0	9.262e4
282.6	1.776e3
283.1	8.396e4
284.1	7.354e4
284.6	7.090e2
285.1	1.399e5
286.1	7.871e4
286.6	1.175e3
287.1	7.775e4
288.1	8.567e4
289.1	8.736e4
289.6	3.710e2
290.1	8.666e4
291.1	6.289e4
292.1	7.023e4
293.0	4.781e4
294.1	9.744e4
295.1	4.849e4
295.6	1.610e2
296.1	7.414e4
296.6	1.066e3
297.1	5.079e4
298.1	1.066e5
299.1	6.513e4
300.2	6.483e4
300.7	4.900e1
301.2	7.871e4
302.1	5.433e4
303.1	8.918e4
304.1	8.166e4
305.1	1.390e5
306.1	5.727e4
307.0	5.988e4
307.6	3.578e3
308.2	5.275e4
309.1	8.985e4
310.1	6.436e4
311.1	6.759e4
312.1	6.432e4
313.1	8.798e4
314.1	1.282e5
314.6	3.190e2
315.1	6.794e4
316.1	1.536e5
317.1	6.532e4
317.6	2.503e3
318.2	6.208e4
318.7	3.089e3
319.2	7.099e4
320.1	4.789e4
321.1	1.120e5
321.6	3.850e2
322.1	6.376e4
323.1	5.728e4
323.7	7.890e2
324.2	5.577e4
325.1	4.508e4
326.1	8.820e4
326.6	1.172e3
327.1	7.392e4
328.1	5.405e4
329.1	7.068e4
330.0	7.368e4
330.6	2.580e2
331.1	2.589e5
332.1	2.080e5
333.1	8.321e4
333.6	6.780e2
334.1	1.365e5
334.6	7.640e2
335.1	6.972e4
336.1	6.786e4
337.0	5.582e4
337.8	2.537e4
338.6	5.661e4
339.1	2.939e3
339.7	6.801e4
340.4	2.027e4
341.2	4.807e4
342.1	4.433e4
343.1	5.601e4
344.0	6.556e4
344.5	3.052e3
345.1	6.536e4
346.1	5.380e4
346.6	1.466e3
347.2	8.731e4
348.1	7.390e4
348.6	1.207e3
349.1	2.816e5
349.7	2.018e3
350.2	9.042e4
351.1	7.654e4
352.1	5.985e4
353.1	5.197e4
354.1	1.333e5
354.6	4.140e2
355.1	9.152e4
356.1	4.911e4
357.1	9.263e4
358.0	4.441e4
359.1	1.273e5
359.6	3.239e3
360.1	6.338e4
361.1	5.631e4
362.1	3.960e4
363.0	6.990e4
364.0	6.041e4
364.6	3.626e3
365.2	1.547e5
366.2	7.360e4
367.2	4.315e4
368.1	4.558e4
369.1	4.334e4
369.7	6.590e2
370.2	5.010e4
371.1	3.560e4
371.6	2.250e2
372.1	4.975e4
373.1	4.821e4
373.6	6.630e2
374.1	3.855e4
375.1	4.335e4
376.1	3.904e4
377.1	7.649e4
378.1	4.161e4
379.1	5.433e4
379.6	3.390e2
380.1	3.217e4
381.1	1.224e5
382.1	4.648e4
382.7	5.111e3
383.2	5.468e4
384.1	3.149e4
385.1	3.892e4
385.7	4.500e1
386.2	3.190e4
387.2	2.763e4
388.2	2.704e4
389.1	3.446e4
390.1	3.007e4
391.0	4.826e4
391.7	6.902e3
392.3	4.478e4
393.3	7.027e4
394.2	3.871e4
395.1	5.761e4
396.1	3.816e4
396.6	9.790e2
397.1	5.036e4
397.7	8.920e2
398.2	3.636e4
399.1	5.734e4
400.2	3.683e4
401.1	2.659e4
402.0	1.888e4
402.8	3.424e4
403.8	3.082e4
404.5	7.043e3
405.3	3.744e4
406.2	2.717e4
407.2	3.037e4
408.2	2.523e4
409.1	6.697e4
410.1	3.184e4
411.0	4.566e4
411.9	3.163e4
412.6	4.496e3
413.2	4.701e4
414.1	2.659e4
414.9	4.841e4
415.4	4.921e3
416.0	3.784e4
417.0	2.673e4
417.5	3.350e3
418.1	2.642e4
419.1	2.828e4
420.0	3.325e4
421.0	2.782e4
422.0	2.207e4
422.6	7.014e3
423.2	2.408e4
424.1	2.469e4
424.6	4.380e2
425.2	4.766e4
426.1	2.009e4
427.1	5.231e4
428.1	3.472e4
429.1	3.017e4
429.6	2.056e3
430.2	2.299e4
431.1	6.369e4
431.7	2.376e3
432.2	4.578e4
432.9	1.236e4
433.6	3.364e4
434.6	3.580e4
435.3	1.755e4
436.1	1.869e4
437.0	2.498e4
437.6	1.580e3
438.2	2.136e4
438.8	4.072e3
439.4	2.851e4
440.2	1.246e4
441.0	2.799e4
442.0	1.870e4
442.9	2.251e4
443.9	2.888e4
444.4	4.002e3
445.1	3.043e4
446.0	3.787e4
446.6	1.974e3
447.1	4.516e4
447.7	3.862e3
448.3	3.036e4
449.3	5.245e4
449.9	2.524e3
450.4	2.994e4
451.2	1.287e4
452.0	2.360e4
452.7	4.646e3
453.4	3.035e4
454.3	2.285e4
455.2	1.455e4
456.0	2.105e4
456.5	1.406e3
457.1	2.587e4
457.6	5.220e2
458.1	2.371e4
459.1	2.449e4
460.0	2.287e4
460.5	2.800e2
461.0	1.826e4
462.0	1.761e4
462.6	4.370e2
463.1	3.057e4
464.0	2.380e4
464.5	3.070e2
465.0	1.543e4
465.5	8.780e2
466.0	2.343e4
466.6	4.840e2
467.1	2.036e4
468.1	2.387e4
468.6	1.243e3
469.1	2.312e4
470.1	2.007e4
470.6	1.360e2
471.1	2.006e4
472.1	1.965e4
472.9	1.196e4
473.7	2.004e4
474.7	1.437e4
475.3	3.645e3
476.0	2.370e4
476.6	1.827e3
477.2	1.973e4
478.1	1.625e4
479.0	3.026e4
479.9	2.184e4
480.5	1.355e3
481.1	2.968e4
482.1	1.785e4
483.1	2.608e4
484.0	1.682e4
485.0	2.201e4
485.9	1.823e4
486.8	2.712e4
487.4	1.564e3
488.0	1.936e4
488.5	2.540e2
489.0	1.462e4
489.6	1.132e3
490.2	1.820e4
491.1	1.755e4
492.1	1.818e4
493.1	2.098e4
494.0	1.476e4
495.0	2.784e4
495.9	1.740e4
496.9	2.663e4
497.6	4.214e3
498.2	2.405e4
499.2	2.575e4
500.1	1.634e4
501.1	2.584e4
502.0	1.858e4
502.9	2.222e4
503.7	7.826e3
504.5	2.002e4
505.1	1.600e2
505.7	1.960e4
506.3	3.426e3
507.1	1.834e4
508.0	1.921e4
509.0	2.649e4
510.1	1.822e4
511.1	2.891e4
512.1	1.918e4
512.9	9.960e3
513.6	1.783e4
514.5	1.940e4
515.2	6.894e3
515.9	2.628e4
516.6	5.350e3
517.3	2.559e4
517.8	1.766e3
518.4	1.398e4
519.3	1.573e4
520.1	1.430e4
521.1	1.695e4
521.9	9.614e3
522.6	2.562e4
523.2	5.320e2
523.7	1.753e4
524.4	6.723e3
525.1	2.420e4
526.0	3.338e4
526.6	2.626e3
527.2	3.913e4
528.2	2.555e4
529.2	1.843e4
530.0	1.221e4
530.9	2.437e4
531.4	4.200e2
532.0	2.205e4
532.6	3.050e2
533.1	1.903e4
534.1	1.476e4
535.1	1.363e4
535.7	1.363e3
536.2	1.558e4
536.8	6.550e2
537.3	1.827e4
538.1	9.559e3
538.9	1.813e4
539.4	2.106e3
540.1	1.865e4
540.7	2.636e3
541.3	2.670e4
542.2	1.441e4
543.1	2.369e4
543.7	2.034e3
544.2	1.841e4
544.8	1.642e3
545.3	1.785e4
546.2	1.126e4
547.1	1.978e4
548.1	1.903e4
549.0	1.480e4
549.6	2.085e3
550.2	1.171e4
550.8	3.763e3
551.5	1.826e4
552.1	3.698e3
552.8	1.662e4
553.8	1.726e4
554.4	3.585e3
555.0	1.087e4
555.6	1.030e2
556.1	2.066e4
556.6	6.130e2
557.2	1.827e4
558.2	1.341e4
558.8	8.000e2
559.3	1.547e4
560.0	4.687e3
560.8	1.540e4
561.4	3.856e3
562.3	1.531e4
563.1	1.122e4
564.1	9.186e3
565.0	9.319e3
566.1	1.564e4
566.6	1.416e3
567.2	1.840e4
568.0	1.175e4
568.9	1.685e4
569.4	1.277e3
570.0	1.306e4
570.8	3.719e3
571.5	1.342e4
572.3	8.412e3
573.2	1.313e4
574.1	1.206e4
574.6	4.810e2
575.2	1.344e4
576.2	1.465e4
576.9	9.870e2
577.4	1.787e4
578.1	5.920e3
578.9	1.230e4
579.9	1.157e4
580.6	2.403e3
581.3	1.086e4
581.9	3.907e3
582.5	1.379e4
583.3	7.679e3
584.1	1.158e4
585.1	1.803e4
585.9	4.378e3
586.5	1.116e4
587.3	4.087e3
588.1	1.133e4
588.6	1.170e2
589.1	1.279e4
590.0	6.407e3
590.8	1.907e4
591.4	1.200e3
592.0	1.156e4
593.0	1.246e4
594.0	1.369e4
594.7	3.507e3
595.3	1.068e4
595.9	2.980e2
596.4	1.509e4
597.2	8.274e3
598.0	1.180e4
598.6	7.500e2
599.1	1.325e4
599.9	8.085e3
600.9	1.178e4
601.4	4.680e2
602.1	1.180e4
602.7	1.602e3
603.3	5.217e3
604.1	1.092e4
604.8	7.170e2
605.4	7.626e3
606.1	4.342e3
607.0	8.664e3
608.0	1.406e4
609.1	1.215e4
609.8	2.059e3
610.4	8.260e3
611.1	3.614e3
611.9	1.018e4
612.4	1.600e1
612.9	1.043e4
613.9	1.052e4
614.9	1.141e4
615.5	1.417e3
616.1	4.980e3
617.0	1.084e4
617.6	2.360e2
618.1	7.450e3
619.0	8.351e3
620.0	8.712e3
620.7	8.490e2
621.4	1.331e4
622.2	4.468e3
622.9	1.119e4
623.5	5.680e2
624.1	7.326e3
624.8	3.303e3
625.5	1.119e4
626.3	3.777e3
627.0	1.171e4
627.5	1.110e2
628.1	8.289e3
629.0	1.453e4
630.1	7.123e3
631.1	8.931e3
632.1	1.063e4
632.8	3.571e3
633.5	7.788e3
634.0	1.650e2
634.6	7.207e3
635.2	4.110e2
635.7	1.333e4
636.6	3.421e3
637.5	9.568e3
638.2	1.914e3
639.0	1.259e4
639.9	7.822e3
640.9	7.884e3
642.0	1.181e4
642.6	1.110e2
643.2	1.065e4
644.2	1.047e4
645.1	7.854e3
646.0	1.238e4
646.8	4.088e3
647.6	1.123e4
648.2	2.871e3
648.9	6.552e3
649.5	9.940e2
650.1	5.667e3
651.1	1.239e4
651.7	1.167e3
652.2	6.506e3
653.4	1.264e4
654.0	1.814e3
654.8	8.568e3
655.3	3.510e2
655.9	6.260e3
656.9	1.150e4
657.4	2.680e2
658.0	9.256e3
658.8	1.140e4
659.4	1.535e3
660.0	1.128e4
660.5	8.500e1
661.1	1.423e4
661.7	2.377e3
662.4	1.237e4
663.2	6.744e3
664.1	6.842e3
664.7	9.180e2
665.3	1.080e4
666.1	9.346e3
667.1	7.121e3
668.1	1.186e4
669.0	1.158e4
669.6	8.250e2
670.1	6.811e3
671.0	3.789e3
672.0	3.902e3
672.9	3.670e3
673.5	6.120e2
674.1	6.387e3
675.0	4.142e3
675.8	9.582e3
676.8	1.057e4
677.4	1.912e3
678.0	5.424e3
679.0	3.864e3
680.0	5.766e3
680.9	1.082e4
681.7	3.688e3
682.5	1.990e3
683.1	1.022e4
683.7	7.830e2
684.3	1.178e4
685.1	4.139e3
685.9	6.778e3
686.8	3.965e3
687.6	7.496e3
688.4	3.474e3
689.1	9.200e3
690.1	8.901e3
690.9	8.600e3
691.5	9.160e2
692.1	7.452e3
693.0	5.543e3
693.5	3.970e2
694.1	1.061e4
694.8	4.845e3
695.6	6.996e3
696.4	2.447e3
697.2	8.937e3
697.8	9.350e2
698.4	7.757e3
699.0	6.710e2
699.5	8.156e3
700.6	4.334e3
701.4	6.494e3
702.0	1.279e3
702.7	6.801e3
703.5	7.153e3
704.1	1.150e2
704.7	5.951e3
705.6	3.497e3
706.6	1.044e4
707.2	5.670e2
707.7	6.778e3
708.7	6.415e3
709.6	4.084e3
710.2	9.490e2
710.9	6.677e3
711.9	1.148e4
712.9	1.028e4
713.9	4.881e3
714.8	6.787e3
715.6	6.725e3
716.2	1.687e3
716.8	9.509e3
717.8	1.042e4
718.5	1.294e3
719.1	1.064e4
719.7	6.630e2
720.3	7.381e3
720.9	7.300e2
721.6	6.231e3
722.1	2.160e2
722.7	6.839e3
723.5	2.401e3
724.4	8.265e3
725.0	2.529e3
725.8	4.016e3
726.8	9.517e3
727.8	1.123e4
728.4	2.704e3
729.1	1.162e4
730.0	3.583e3
730.9	9.503e3
731.7	4.228e3
732.3	7.160e2
732.8	5.891e3
733.4	9.740e2
734.0	5.011e3
734.7	1.503e3
735.4	1.113e4
736.4	8.339e3
736.9	9.200e2
737.5	9.988e3
738.2	9.040e2
738.9	6.147e3
739.6	1.584e3
740.3	9.375e3
741.0	4.460e2
741.8	5.234e3
742.4	2.266e3
743.2	4.719e3
744.1	5.870e3
745.0	6.528e3
745.9	1.186e4
746.8	6.028e3
747.9	5.670e3
748.8	5.835e3
749.3	7.140e2
749.9	5.790e3
751.0	1.262e4
751.6	1.035e3
752.1	6.269e3
753.2	9.711e3
754.2	7.018e3
755.0	3.394e3
755.6	8.030e2
756.2	6.645e3
757.1	4.519e3
757.9	4.863e3
758.5	6.230e2
759.2	5.648e3
759.8	9.150e2
760.6	1.620e3
761.4	7.564e3
762.0	7.500e1
762.5	3.833e3
763.4	2.093e3
764.1	5.563e3
764.9	4.452e3
765.6	8.904e3
766.3	8.510e2
766.9	8.853e3
767.5	1.200e1
768.0	5.183e3
768.9	6.789e3
769.9	3.517e3
770.8	1.031e4
771.7	3.236e3
772.4	5.891e3
773.0	9.000e1
773.5	6.343e3
774.3	2.051e3
775.3	9.861e3
776.1	6.083e3
777.0	4.248e3
777.8	3.949e3
778.7	6.804e3
779.3	3.940e2
779.9	3.779e3
780.8	3.823e3
781.8	4.712e3
782.9	5.980e3
783.9	7.588e3
784.6	4.856e3
785.5	4.855e3
786.6	4.064e3
787.4	5.216e3
788.0	5.100e2
788.6	7.186e3
789.5	4.406e3
790.4	8.297e3
791.3	3.455e3
792.0	1.262e3
792.8	5.119e3
793.4	4.600e2
794.0	4.674e3
795.0	5.615e3
796.0	6.688e3
797.0	1.129e4
797.7	1.616e3
798.5	5.523e3
799.3	2.626e3
800.2	6.764e3
800.8	5.140e2
801.4	5.906e3
802.4	7.227e3
803.2	6.919e3
804.2	7.827e3
805.1	6.667e3
805.9	2.314e3
806.7	1.344e3
807.4	2.661e3
808.1	1.545e3
808.9	7.099e3
809.5	1.340e2
810.0	3.619e3
810.8	3.320e3
811.6	1.764e3
812.4	5.284e3
813.4	3.324e3
814.2	2.481e3
815.1	7.165e3
815.7	8.870e2
816.2	6.431e3
817.2	5.998e3
818.0	4.932e3
818.8	1.025e3
819.4	5.612e3
820.3	7.454e3
821.0	1.232e3
821.6	6.624e3
822.2	2.570e2
822.9	2.593e3
823.7	7.724e3
824.7	7.245e3
825.4	1.863e3
826.2	1.260e2
826.7	4.899e3
827.7	4.866e3
828.7	5.114e3
829.4	5.980e2
829.9	1.480e3
830.6	4.627e3
831.3	1.708e3
832.0	3.830e3
832.9	8.801e3
834.1	2.509e3
835.0	6.705e3
835.7	8.180e2
836.8	4.294e3
837.7	3.799e3
838.6	2.154e3
839.4	5.977e3
840.2	4.407e3
841.1	2.499e3
842.0	3.654e3
843.0	1.740e3
843.7	4.420e2
844.3	4.824e3
845.3	5.340e3
846.1	2.277e3
847.0	3.769e3
848.2	2.652e3
849.2	4.184e3
850.1	5.887e3
851.1	5.903e3
851.7	6.830e2
852.4	6.860e3
853.4	4.829e3
854.4	2.431e3
855.3	7.598e3
856.1	4.087e3
856.7	3.900e2
857.3	3.458e3
858.3	5.615e3
859.3	3.435e3
860.6	6.880e3
861.4	1.545e3
862.3	2.148e3
863.0	3.880e2
863.5	4.544e3
864.3	4.200e2
864.8	4.987e3
865.8	1.977e3
866.3	7.300e1
866.9	4.863e3
867.5	4.560e2
868.1	5.041e3
869.0	5.622e3
869.8	2.047e3
870.7	7.913e3
871.6	1.853e3
872.6	3.131e3
873.1	2.510e2
873.7	3.377e3
874.4	6.560e2
875.0	2.839e3
875.9	4.935e3
876.4	1.700e2
877.0	3.783e3
878.0	2.842e3
878.6	4.620e2
879.3	6.735e3
880.0	3.775e3
881.1	5.888e3
882.1	4.764e3
883.0	2.022e3
883.9	2.903e3
885.0	3.681e3
885.7	2.551e3
886.5	2.800e3
887.4	7.176e3
888.3	5.470e3
889.1	1.534e3
889.7	5.827e3
890.5	1.800e1
891.1	5.228e3
892.4	4.368e3
893.3	6.686e3
894.0	1.673e3
894.9	3.400e2
895.5	3.566e3
896.4	4.821e3
897.0	7.170e2
897.7	2.154e3
898.7	1.942e3
899.8	3.921e3
900.8	4.082e3
901.9	2.071e3
903.0	3.726e3
904.0	2.524e3
904.9	3.463e3
905.9	1.849e3
906.6	1.354e3
907.3	1.092e3
908.0	5.689e3
909.0	2.921e3
909.9	2.800e3
910.6	3.690e2
911.1	3.466e3
912.0	2.892e3
912.8	4.168e3
913.8	3.094e3
914.7	4.365e3
915.3	7.890e2
915.9	8.568e3
916.8	5.269e3
917.5	8.220e2
918.3	6.822e3
919.1	2.776e3
920.1	3.965e3
921.0	1.847e3
921.7	6.151e3
922.9	4.065e3
923.9	4.631e3
924.5	5.070e2
925.2	3.923e3
926.2	3.455e3
927.0	6.350e2
927.8	2.299e3
928.7	2.854e3
929.6	4.639e3
930.5	3.660e3
931.1	2.720e2
931.7	4.220e3
932.3	7.660e2
933.0	6.423e3
934.3	5.363e3
935.0	2.007e3
936.2	1.288e3
937.1	3.997e3
938.2	1.162e3
939.1	7.031e3
939.9	3.344e3
941.0	3.778e3
942.1	2.483e3
943.1	3.530e3
943.7	2.550e2
944.3	4.172e3
945.0	1.719e3
945.8	1.525e3
946.4	2.570e2
946.9	2.169e3
947.8	2.299e3
948.7	3.712e3
949.4	3.897e3
950.2	2.720e3
951.0	1.386e3
951.8	1.524e3
952.3	2.010e2
952.9	1.626e3
953.7	1.964e3
954.3	2.200e2
955.0	4.367e3
955.9	1.021e3
956.9	2.283e3
957.8	4.160e3
958.8	9.520e2
959.6	5.789e3
960.4	1.974e3
961.1	2.539e3
961.7	1.339e3
962.5	4.506e3
963.5	7.693e3
964.4	4.042e3
965.0	2.100e1
965.6	4.474e3
966.3	6.200e2
967.0	5.004e3
968.2	2.671e3
969.0	3.101e3
969.9	4.327e3
970.5	1.420e2
971.1	2.530e3
972.1	3.953e3
972.8	8.750e2
973.4	4.305e3
974.3	8.520e2
975.1	5.995e3
976.1	4.946e3
977.1	2.552e3
977.8	8.440e2
978.5	3.415e3
979.3	2.633e3
980.0	1.816e3
980.7	1.831e3
981.4	4.310e3
981.9	9.000e1
982.5	2.579e3
983.2	1.214e3
984.0	3.997e3
984.8	3.798e3
985.8	3.057e3
986.5	6.340e2
987.3	6.108e3
988.1	1.924e3
988.9	2.694e3
989.7	3.731e3
990.8	3.949e3
991.6	8.030e2
992.4	5.909e3
993.3	1.627e3
994.3	3.999e3
995.1	1.325e3
995.7	7.720e2
996.3	5.627e3
996.9	1.200e1
997.5	3.632e3
998.4	2.249e3
999.4	1.650e3
1000.4	1.811e3
1001.2	2.861e3
1002.2	3.381e3
1003.1	5.110e2
1003.9	1.434e3
1004.8	2.682e3
1005.4	5.910e2
1006.4	1.768e3
1007.2	3.373e3
1008.1	2.722e3
1009.1	7.770e2
1009.8	3.654e3
1010.5	3.320e2
1011.0	4.843e3
1011.7	7.410e2
1012.4	3.304e3
1013.3	2.261e3
1014.3	4.548e3
1015.0	7.630e2
1015.6	8.780e2
1016.4	3.698e3
1017.4	3.688e3
1018.1	1.050e2
1019.1	3.744e3
1019.7	5.360e2
1020.2	4.883e3
1020.9	2.680e2
1021.6	4.374e3
1022.2	8.690e2
1023.1	3.459e3
1023.9	1.021e3
1024.6	1.959e3
1025.5	5.627e3
1026.4	1.803e3
1027.1	1.504e3
1027.8	4.142e3
1028.8	1.509e3
1029.5	9.240e2
1030.3	4.202e3
1031.0	1.680e2
1031.6	5.313e3
1032.5	2.320e3
1033.2	1.737e3
1034.1	1.328e3
1034.8	4.866e3
1035.7	4.742e3
1036.4	8.420e2
1037.0	2.882e3
1038.2	3.811e3
1039.1	1.741e3
1039.9	1.435e3
1040.6	3.529e3
1041.6	2.985e3
1042.3	7.060e2
1043.1	2.061e3
1043.9	4.377e3
1044.9	2.667e3
1045.5	4.580e2
1046.0	1.590e2
1046.6	5.741e3
1047.7	4.984e3
1048.3	2.330e2
1048.9	4.073e3
1049.5	3.550e2
1050.2	4.774e3
1051.2	1.860e3
1052.0	3.505e3
1052.6	1.923e3
1053.2	6.090e2
1054.1	2.410e3
1055.0	3.856e3
1055.8	4.630e2
1056.6	3.924e3
1057.2	2.360e2
1058.0	2.287e3
1058.5	1.300e1
1059.1	2.279e3
1059.8	1.038e3
1060.6	1.409e3
1061.4	3.526e3
1062.2	1.095e3
1063.3	3.113e3
1064.3	2.212e3
1065.3	5.944e3
1066.3	2.318e3
1067.3	1.209e3
1068.0	5.797e3
1068.8	2.356e3
1069.6	3.113e3
1070.7	3.185e3
1071.5	2.273e3
1072.8	1.922e3
1073.4	1.970e2
1074.1	1.134e3
1075.0	2.156e3
1076.0	1.499e3
1077.0	1.955e3
1078.1	3.082e3
1079.0	1.450e3
1079.9	3.064e3
1080.6	1.950e2
1081.1	5.420e2
1081.9	2.924e3
1082.7	6.680e2
1083.2	1.640e3
1084.0	1.880e3
1084.9	2.467e3
1085.9	2.612e3
1087.1	7.680e2
1087.8	2.123e3
1088.6	2.620e2
1089.3	1.091e3
1090.3	2.397e3
1090.9	9.940e2
1091.7	4.314e3
1092.2	6.910e2
1093.0	2.427e3
1093.8	2.813e3
1094.7	7.150e2
1095.3	5.112e3
1096.4	2.148e3
1097.2	3.237e3
1098.0	4.522e3
1098.8	2.112e3
1099.9	3.202e3
1100.7	2.054e3
1101.4	3.956e3
1102.4	1.362e3
1103.3	3.676e3
1104.3	2.320e2
1104.8	2.474e3
1105.5	1.608e3
1106.4	1.440e3
1107.1	3.143e3
1108.0	2.220e3
1109.0	3.951e3
1110.0	3.949e3
1110.9	2.302e3
1111.8	1.395e3
1112.7	6.368e3
1113.5	2.201e3
1114.2	1.480e2
1114.9	4.085e3
1115.7	7.590e2
1116.7	3.930e3
1117.5	2.528e3
1119.2	1.657e3
1119.9	1.096e3
1120.7	2.293e3
1121.5	7.200e2
1122.2	1.752e3
1123.0	2.335e3
1123.7	4.670e2
1124.3	1.442e3
1125.1	2.232e3
1126.1	6.630e2
1127.0	9.310e2
1128.2	3.405e3
1129.2	1.743e3
1130.2	1.895e3
1131.2	4.576e3
1132.1	1.191e3
1132.9	2.701e3
1133.8	2.436e3
1134.7	3.180e2
1135.2	4.140e3
1135.8	1.985e3
1136.6	1.045e3
1137.5	2.435e3
1138.2	1.470e2
1138.8	6.460e2
1139.4	1.193e3
1140.4	4.291e3
1141.1	2.010e3
1142.0	2.218e3
1142.6	2.140e2
1143.3	1.386e3
1144.5	2.268e3
1145.4	1.310e3
1146.0	2.290e2
1146.7	1.964e3
1147.6	4.442e3
1148.3	5.260e2
1148.9	4.285e3
1149.9	2.417e3
1150.6	1.500e2
1151.1	1.933e3
1152.1	1.897e3
1152.9	2.707e3
1154.0	1.114e3
1154.7	1.625e3
1155.8	6.300e2
1156.7	1.013e3
1157.3	6.510e2
1157.9	2.327e3
1158.8	1.044e3
1159.7	2.665e3
1160.6	1.735e3
1161.3	2.080e2
1162.4	2.669e3
1163.7	1.090e3
1164.5	3.117e3
1165.3	3.710e2
1166.1	1.305e3
1166.8	4.633e3
1167.7	2.490e2
1168.9	2.106e3
1169.5	2.780e2
1170.0	1.964e3
1171.0	8.240e2
1171.5	1.400e1
1172.2	4.630e3
1173.2	1.558e3
1173.9	1.109e3
1174.8	3.808e3
1175.9	2.161e3
1176.5	4.380e2
1177.2	1.112e3
1178.0	1.315e3
1179.2	1.502e3
1180.1	1.354e3
1181.0	1.519e3
1181.8	1.340e2
1182.7	1.408e3
1183.8	5.830e2
1184.8	3.149e3
1185.4	2.550e2
1186.8	3.733e3
1187.5	1.960e2
1188.4	8.850e2
1189.1	7.040e2
1189.7	2.455e3
1190.7	2.680e2
1191.3	2.114e3
1192.9	1.439e3
1193.8	2.656e3
1194.6	3.450e2
1195.3	8.400e2
1196.3	3.229e3
1197.2	8.290e2
1197.7	2.000e1
1198.4	2.417e3
1199.6	2.304e3
1200.7	1.807e3
1201.6	3.318e3
1202.2	3.950e2
1202.9	1.850e2
1203.5	3.331e3
1204.3	7.810e2
1205.3	1.775e3
1206.4	2.842e3
1207.2	2.152e3
1208.1	6.630e2
1209.1	2.612e3
1210.0	4.610e2
1210.6	1.290e3
1211.4	2.044e3
1212.0	1.260e2
1213.1	2.369e3
1213.7	1.820e2
1214.2	2.434e3
1215.1	5.990e2
1216.1	4.676e3
1217.3	1.138e3
1218.1	1.140e2
1218.8	6.200e2
1219.7	7.180e2
1220.4	1.935e3
1221.3	1.018e3
1222.1	1.570e2
1222.9	1.543e3
1224.0	2.402e3
1224.6	4.100e2
1225.3	3.085e3
1226.0	4.570e2
1226.5	1.627e3
1227.5	3.180e3
1228.1	5.050e2
1229.4	1.069e3
1230.3	1.432e3
1231.2	9.230e2
1231.9	1.099e3
1232.7	7.950e2
1233.7	2.760e2
1234.5	8.100e2
1235.4	1.050e3
1236.2	1.061e3
1237.4	3.394e3
1238.0	1.920e2
1238.8	1.370e2
1239.4	9.540e2
1240.3	2.866e3
1241.3	4.049e3
1242.1	6.480e2
1243.1	1.560e3
1243.9	1.307e3
1244.8	3.115e3
1245.7	2.363e3
1246.5	8.030e2
1247.2	6.360e2
1247.7	1.460e2
1248.4	2.628e3
1249.4	9.930e2
1250.4	8.610e2
1251.2	2.623e3
1251.9	1.214e3
1252.5	9.080e2
1253.3	1.846e3
1254.1	2.178e3
1255.1	2.605e3
1256.1	2.513e3
1256.9	8.990e2
1257.5	2.440e2
1258.3	2.078e3
1259.1	8.650e2
1260.0	1.373e3
1260.8	5.680e2
1261.7	1.315e3
1262.7	2.453e3
1263.7	1.307e3
1264.6	2.700e2
1265.2	1.170e3
1265.8	1.829e3
1266.6	8.030e2
1267.3	2.670e2
1268.1	2.060e2
1268.9	1.787e3
1269.8	9.840e2
1270.6	2.109e3
1271.1	6.180e2
1271.8	7.570e2
1272.7	2.394e3
1273.4	3.550e2
1274.1	2.489e3
1274.7	6.480e2
1275.5	2.078e3
1276.1	6.270e2
1277.0	2.354e3
1277.7	9.050e2
1278.3	7.180e2
1279.7	7.250e2
1280.5	1.701e3
1281.2	1.071e3
1282.6	8.560e2
1283.8	6.120e2
1284.6	1.625e3
1285.2	4.980e2
1285.8	1.175e3
1286.7	2.199e3
1287.5	2.934e3
1288.1	5.400e1
1288.9	1.698e3
1289.6	1.200e1
1290.9	1.200e1
1291.4	4.107e3
1292.1	5.610e2
1293.1	1.970e2
1293.8	1.000e3
1294.6	8.180e2
1295.3	1.959e3
1296.8	2.290e3
1297.8	8.700e1
1298.9	8.930e2
1299.8	2.405e3
1300.3	2.300e1
1300.8	2.799e3
1301.5	9.710e2
1302.3	1.280e3
1303.3	1.553e3
1304.2	8.900e2
1305.0	1.591e3
1306.0	6.630e2
1306.6	2.272e3
1307.5	2.900e1
1308.2	3.076e3
1309.0	1.498e3
1310.0	2.640e2
1311.2	1.056e3
1311.9	3.980e2
1312.7	6.500e2
1313.7	1.940e3
1314.3	7.100e2
1315.4	1.928e3
1316.4	1.885e3
1317.1	3.520e2
1317.7	1.801e3
1318.3	4.340e2
1319.0	2.248e3
1319.6	2.400e1
1320.1	2.262e3
1321.1	9.860e2
1321.7	7.600e1
1322.2	1.759e3
1323.2	1.624e3
1323.8	2.600e2
1324.6	2.017e3
1325.6	6.190e2
1326.3	2.907e3
1327.5	4.884e3
1328.3	7.100e2
1329.0	1.910e2
1330.1	4.550e2
1331.3	1.499e3
1331.9	1.300e1
1332.5	8.900e2
1333.1	3.540e2
1333.8	6.810e2
1334.4	4.770e2
1335.0	1.500e3
1335.9	9.520e2
1337.1	1.392e3
1337.8	3.680e2
1338.5	2.581e3
1339.2	2.617e3
1340.3	2.775e3
1340.9	1.613e3
1341.6	1.700e2
1342.3	4.930e2
1343.2	4.930e2
1344.0	1.900e1
1344.7	3.531e3
1345.5	3.540e2
1346.4	1.459e3
1347.3	4.490e2
1347.9	1.080e2
1348.7	2.745e3
1349.4	8.640e2
1350.4	1.733e3
1351.1	2.020e2
1351.8	2.110e3
1352.4	2.560e2
1353.1	1.107e3
1353.6	2.250e2
1354.3	2.330e2
1354.9	6.930e2
1356.2	8.120e2
1357.1	1.138e3
1358.4	1.122e3
1359.9	2.100e3
1360.4	1.050e2
1361.0	1.708e3
1362.1	1.419e3
1363.0	1.771e3
1364.0	1.165e3
1365.2	1.192e3
1366.3	5.630e2
1367.1	3.960e2
1367.7	1.969e3
1368.7	8.600e1
1369.3	8.730e2
1369.9	6.460e2
1371.4	3.545e3
1372.0	1.520e2
1372.7	7.360e2
1373.2	1.840e2
1373.8	4.278e3
1374.7	1.080e3
1375.7	1.138e3
1376.4	7.550e2
1377.0	3.050e3
1377.5	1.880e2
1378.0	1.687e3
1378.7	4.070e2
1379.3	8.330e2
1380.8	2.102e3
1382.2	2.288e3
1382.9	3.120e2
1383.4	1.522e3
1384.0	3.530e2
1384.6	8.980e2
1385.5	5.990e2
1386.3	1.328e3
1387.3	1.773e3
1388.0	3.770e2
1388.8	2.118e3
1389.4	5.370e2
1390.3	1.253e3
1391.2	1.160e3
1392.1	6.650e2
1392.7	1.142e3
1393.3	3.300e1
1393.9	4.562e3
1394.5	2.380e2
1395.1	2.378e3
1396.1	1.151e3
1397.0	6.100e2
1398.2	1.872e3
1399.1	1.730e2
1399.7	8.060e2
1401.0	9.780e2
1401.9	2.270e2
1402.6	1.339e3
1403.2	3.310e2
1403.8	1.453e3
1404.4	2.530e2
1405.0	1.588e3
1405.8	1.830e2
1406.5	1.008e3
1407.2	4.110e2
1408.5	2.374e3
1409.4	3.120e2
1410.2	2.160e2
1410.9	7.800e1
1411.7	3.812e3
1413.2	1.070e3
1414.5	1.500e3
1415.3	2.000e3
1415.9	9.130e2
1416.9	3.530e2
1418.2	6.900e2
1419.0	1.073e3
1420.0	1.299e3
1421.1	1.096e3
1422.3	5.230e2
1423.3	7.170e2
1424.3	1.081e3
1425.4	8.240e2
1426.2	4.580e2
1426.8	6.720e2
1427.3	8.300e2
1428.2	1.850e3
1429.1	9.940e2
1430.1	2.600e2
1430.7	9.810e2
1431.8	4.980e2
1433.1	6.360e2
1433.9	1.196e3
1434.8	1.230e3
1436.7	2.885e3
1437.8	7.940e2
1438.4	3.257e3
1439.1	2.220e2
1439.8	1.159e3
1440.4	3.000e2
1441.8	6.070e2
1443.1	8.180e2
1444.3	2.063e3
1445.3	3.500e1
1446.2	1.146e3
1447.1	2.439e3
1447.6	7.800e2
1448.5	1.513e3
1449.6	8.710e2
1450.2	1.600e1
1450.9	1.554e3
1451.8	2.080e3
1452.6	4.510e2
1453.3	8.100e2
1454.1	1.300e1
1455.0	1.660e2
1455.8	6.100e2
1456.7	6.970e2
1457.4	1.029e3
1458.0	4.875e3
1458.9	2.163e3
1460.6	5.540e2
1461.5	2.040e3
1462.6	9.820e2
1463.3	1.050e2
1463.9	3.610e2
1464.9	5.890e2
1466.1	1.745e3
1466.7	3.380e2
1467.5	3.630e2
1469.1	6.100e1
1470.3	2.810e2
1471.0	6.910e2
1471.9	7.790e2
1472.8	2.770e2
1473.6	3.000e1
1474.2	5.690e2
1474.9	1.910e2
1475.5	3.180e2
1476.2	9.680e2
1476.8	1.519e3
1479.0	8.400e2
1480.1	5.160e2
1481.4	3.710e2
1482.0	3.710e2
1482.7	1.970e2
1483.5	3.586e3
1484.1	4.100e2
1485.1	1.013e3
1487.0	4.450e2
1487.7	8.390e2
1488.7	5.720e2
1489.8	5.840e2
1490.6	5.400e2
1491.2	1.471e3
1492.1	6.190e2
1494.1	4.270e2
1494.7	1.900e1
1495.3	6.350e2
1495.9	2.900e1
1496.8	9.370e2
1497.3	1.500e2
1498.0	1.100e1
1499.5	2.200e2
1500.9	4.000e2
1501.8	2.500e1
1502.7	4.640e2
1503.6	9.040e2
1505.8	2.434e3
1507.2	4.170e2
1507.8	8.460e2
1508.6	1.764e3
1509.1	4.250e2
1510.0	1.863e3
1510.8	1.452e3
1512.2	8.080e2
1513.0	1.910e2
1513.5	7.790e2
1514.2	5.740e2
1515.3	1.100e3
1516.3	1.051e3
1517.3	1.479e3
1518.2	1.290e2
1519.1	9.500e1
1520.1	5.440e2
1520.8	1.600e1
1522.4	7.030e2
1523.2	8.060e2
1523.8	1.300e2
1524.8	1.547e3
1526.4	3.880e2
1528.8	7.010e2
1529.6	1.772e3
1530.3	1.970e2
1530.9	2.760e3
1531.6	8.370e2
1532.1	2.670e2
1532.8	5.920e2
1533.9	2.845e3
1535.4	1.005e3
1536.2	4.060e2
1537.3	1.056e3
1537.9	2.970e2
1538.8	7.320e2
1539.6	1.649e3
1540.3	3.350e2
1541.3	2.955e3
1541.9	5.330e2
1542.7	2.450e2
1543.9	3.380e2
1545.5	3.600e2
1546.6	2.100e3
1547.7	1.400e1
1548.7	1.406e3
1550.6	3.250e2
1551.3	2.692e3
1552.4	9.120e2
1553.6	3.910e2
1554.5	9.800e2
1555.2	3.440e2
1555.7	7.820e2
1556.8	7.740e2
1557.7	1.100e1
1558.5	7.360e2
1559.4	3.970e2
1560.2	2.380e2
1561.2	2.338e3
1562.3	1.700e2
1563.2	2.400e1
1564.2	8.300e2
1564.8	1.234e3
1565.9	2.047e3
1566.8	9.300e1
1567.7	5.770e2
1568.7	2.172e3
1569.5	1.300e1
1570.0	3.240e2
1570.6	9.260e2
1571.8	5.190e2
1572.6	1.079e3
1573.2	1.200e1
1573.9	1.810e3
1575.2	4.110e2
1575.8	8.090e2
1576.5	4.630e2
1577.1	1.200e1
1578.3	6.390e2
1579.1	9.510e2
1579.7	3.600e2
1581.3	2.176e3
1582.0	2.800e1
1582.8	1.265e3
1583.5	6.470e2
1584.0	3.130e2
1584.7	1.520e2
1585.4	1.017e3
1586.5	6.970e2
1587.5	1.404e3
1588.5	1.220e2
1589.3	1.200e1
1589.9	1.064e3
1590.8	4.610e2
1591.7	1.391e3
1592.2	1.300e1
1592.7	1.693e3
1593.2	4.580e2
1594.0	4.680e2
1595.0	2.080e2
1596.1	4.400e2
1597.6	4.760e2
1598.3	1.210e3
1599.8	2.730e2
1600.7	1.023e3
1601.6	6.400e2
1602.3	9.340e2
1603.2	9.120e2
1604.5	2.370e2
1605.9	4.660e2
1607.1	1.821e3
1608.6	5.570e2
1609.5	5.260e2
1610.1	7.970e2
1611.2	6.090e2
1612.1	5.600e1
1612.9	6.400e2
1614.2	1.246e3
1615.2	5.890e2
1616.1	3.850e2
1616.8	4.900e1
1617.7	1.769e3
1618.5	3.100e1
1619.4	7.600e1
1620.1	1.114e3
1620.7	3.500e1
1621.6	4.490e2
1622.4	1.400e1
1623.0	3.570e2
1624.5	9.120e2
1625.4	5.860e2
1626.5	1.942e3
1628.2	1.150e3
1629.3	1.486e3
1630.3	1.082e3
1631.3	3.300e1
1632.0	2.549e3
1633.1	6.180e2
1633.9	9.570e2
1634.5	1.300e1
1635.1	7.800e1
1635.8	1.297e3
1636.4	9.140e2
1636.9	1.120e2
1638.4	7.700e2
1639.4	2.656e3
1640.3	1.920e2
1641.6	2.130e2
1642.2	5.210e2
1643.2	6.790e2
1644.1	6.270e2
1645.2	2.640e2
1646.0	1.215e3
1646.9	5.840e2
1648.4	8.420e2
1649.3	5.160e2
1649.9	2.260e2
1651.2	2.239e3
1652.3	2.510e2
1653.8	9.970e2
1654.6	7.750e2
1656.4	2.114e3
1657.2	2.560e2
1657.9	3.010e2
1658.9	2.096e3
1659.6	1.200e1
1660.4	7.380e2
1660.9	1.840e2
1661.8	4.660e2
1662.9	2.004e3
1664.6	3.690e2
1665.5	7.890e2
1666.7	5.270e2
1667.6	3.355e3
1668.6	1.192e3
1669.2	2.210e2
1670.0	2.000e2
1671.4	6.530e2
1672.6	5.130e2
1673.8	1.560e3
1674.9	4.500e1
1675.6	1.128e3
1676.7	7.470e2
1677.8	9.300e1
1679.2	1.055e3
1679.8	1.200e1
1680.5	3.710e2
1681.8	1.920e2
1683.6	9.790e2
1684.8	5.070e2
1685.9	3.600e2
1687.3	1.277e3
1688.4	7.940e2
1689.2	9.900e1
1690.3	2.270e2
1691.2	9.940e2
1691.9	5.790e2
1693.6	1.526e3
1694.2	3.910e2
1695.1	7.180e2
1696.6	7.200e2
1697.5	1.020e2
1698.4	2.801e3
1699.1	3.350e2
1699.9	7.930e2
1700.4	1.870e2
1701.7	9.860e2
1702.4	4.250e2
1703.3	1.200e1
1705.8	7.870e2
1706.6	6.200e2
1708.5	1.667e3
1709.1	4.600e1
1710.0	1.630e2
1711.7	6.900e1
1712.3	6.060e2
1713.0	5.320e2
1713.5	2.800e1
1714.3	7.070e2
1715.3	1.246e3
1715.9	1.200e1
1716.7	1.060e2
1717.7	6.930e2
1719.1	9.190e2
1720.4	1.070e3
1722.0	4.800e2
1722.7	1.200e1
1723.3	2.240e2
1724.3	4.010e2
1725.0	4.960e2
1726.3	8.840e2
1727.1	2.150e2
1728.2	2.209e3
1729.0	3.750e2
1730.0	1.300e1
1730.7	4.000e2
1732.3	1.470e2
1733.2	1.649e3
1733.8	4.580e2
1734.6	2.400e2
1735.3	5.580e2
1736.0	2.900e1
1736.6	5.710e2
1737.8	3.930e2
1738.4	1.400e1
1739.1	4.480e2
1739.7	1.200e1
1740.7	1.105e3
1741.7	2.060e2
1742.7	5.730e2
1743.3	3.630e2
1744.0	6.950e2
1744.9	4.540e2
1745.7	1.720e2
1746.5	7.600e2
1747.1	6.930e2
1747.8	2.866e3
1748.8	1.300e1
1749.5	2.650e2
1750.4	6.090e2
1751.0	8.560e2
1752.6	1.850e2
1755.1	1.205e3
1756.2	4.610e2
1756.8	1.140e2
1757.6	4.410e2
1758.5	6.300e1
1759.9	1.020e2
1760.8	5.910e2
1763.7	4.200e2
1765.1	1.720e2
1766.1	1.000e2
1766.8	7.460e2
1767.5	7.600e2
1768.3	4.100e2
1769.4	1.624e3
1770.0	2.710e2
1770.6	7.300e1
1771.2	7.190e2
1772.2	7.140e2
1772.8	1.400e1
1773.4	6.170e2
1774.8	6.000e2
1775.6	1.200e1
1776.1	9.820e2
1777.1	8.740e2
1778.0	7.600e2
1779.1	1.510e3
1780.1	4.230e2
1780.7	6.360e2
1781.4	1.220e2
1782.0	2.520e2
1782.7	1.200e1
1783.5	1.000e2
1785.3	2.800e1
1785.9	6.160e2
1786.9	2.490e2
1787.6	1.750e2
1788.5	1.390e3
1789.0	3.680e2
1790.5	1.710e2
1792.5	3.420e2
1793.6	5.630e2
1794.3	1.891e3
1794.8	1.500e1
1795.5	6.200e1
1796.2	7.960e2
1797.3	4.240e2
1798.2	9.760e2
1799.6	1.200e1
1800.7	5.830e2
1801.8	1.540e2
1802.3	6.980e2
1803.4	1.365e3
1804.5	1.400e1
1805.1	7.050e2
1806.8	2.410e2
1807.3	1.732e3
1807.9	4.070e2
1808.5	6.340e2
1809.5	5.700e2
1810.2	1.928e3
1811.1	1.300e1
1811.6	3.060e2
1812.2	1.300e1
1812.8	3.890e2
1814.0	4.080e2
1814.9	2.340e2
1816.1	4.240e2
1817.2	2.900e2
1817.9	3.200e2
1818.8	1.980e2
1820.1	3.080e2
1821.0	1.013e3
1821.8	1.500e1
1822.3	1.910e2
1823.0	1.171e3
1823.9	4.280e2
1825.1	1.960e2
1826.2	1.349e3
1827.3	1.200e1
1827.8	1.300e1
1829.1	4.750e2
1829.8	1.740e2
1830.8	2.370e2
1831.6	1.476e3
1832.9	3.280e2
1833.4	8.900e1
1834.0	8.030e2
1834.5	1.300e1
1835.1	1.150e2
1836.1	3.900e2
1838.3	3.720e2
1839.4	7.200e1
1840.5	4.710e2
1841.1	4.380e2
1842.6	5.670e2
1843.5	7.780e2
1844.5	3.470e2
1845.3	1.500e1
1845.8	1.940e2
1846.4	1.306e3
1847.4	1.267e3
1848.2	5.200e1
1849.1	4.190e2
1850.4	1.060e3
1851.4	6.080e2
1852.3	6.010e2
1853.7	5.810e2
1855.0	1.980e2
1856.0	2.360e2
1857.1	5.300e1
1857.7	1.290e3
1858.4	2.800e2
1859.0	2.750e2
1859.9	4.890e2
1860.5	3.030e2
1861.1	1.600e1
1862.7	4.480e2
1863.5	1.535e3
1864.5	5.970e2
1865.3	2.600e1
1867.1	4.680e2
1868.6	8.690e2
1870.6	3.200e1
1871.4	1.101e3
1872.0	4.900e1
1872.9	3.820e2
1873.8	5.430e2
1874.6	1.300e1
1875.8	6.730e2
1877.3	2.040e2
1878.2	3.380e2
1878.7	1.700e2
1879.5	2.710e2
1880.2	2.430e2
1881.0	5.670e2
1881.8	9.930e2
1882.9	1.092e3
1885.3	4.930e2
1886.5	1.200e1
1887.7	3.800e1
1888.7	1.100e1
1889.9	1.530e2
1890.8	1.167e3
1892.2	6.430e2
1895.2	1.640e2
1896.0	3.750e2
1897.1	9.300e2
1898.7	2.040e2
1900.4	4.990e2
1900.9	1.560e2
1901.6	6.270e2
1903.4	1.400e1
1904.2	3.600e1
1904.8	1.640e2
1905.6	7.450e2
1906.3	2.010e2
1906.9	5.890e2
1908.4	1.840e2
1909.6	8.280e2
1910.4	5.570e2
1911.1	2.600e1
1913.6	5.420e2
1914.5	5.180e2
1916.2	2.800e2
1917.1	5.600e2
1917.7	1.200e1
1918.4	2.160e2
1919.4	9.840e2
1920.1	9.590e2
1921.1	3.610e2
1922.6	1.004e3
1923.6	8.910e2
1924.4	6.030e2
1925.4	5.940e2
1926.4	1.300e1
1927.1	1.300e1
1927.8	3.280e2
1928.7	3.110e2
1929.7	5.950e2
1930.4	7.280e2
1931.9	8.340e2
1932.8	4.980e2
1934.2	6.760e2
1936.0	7.690e2
1936.9	1.950e2
1937.8	1.690e2
1938.4	1.400e1
1939.3	1.400e1
1940.3	2.640e2
1941.2	2.300e1
1942.7	9.720e2
1943.8	6.160e2
1945.0	7.300e2
1946.7	1.870e2
1947.7	5.970e2
1949.0	7.150e2
1949.9	3.300e1
1951.4	5.090e2
1952.0	1.800e1
1952.9	9.330e2
1954.4	2.000e1
1955.0	3.740e2
1956.6	2.715e3
1958.5	2.000e1
1959.7	1.210e2
1960.8	4.400e2
1961.7	3.460e2
1962.5	4.130e2
1963.1	2.730e2
1964.3	1.360e2
1965.3	1.600e1
1965.9	1.360e2
1967.0	2.290e2
1967.8	7.730e2
1969.0	2.160e2
1969.9	2.440e2
1970.7	1.091e3
1971.9	7.460e2
1973.3	1.450e2
1974.4	1.490e2
1975.4	4.360e2
1975.9	1.400e1
1976.8	1.500e1
1978.2	6.670e2
1979.4	2.940e2
1980.1	2.930e2
1980.8	3.600e1
1981.8	1.100e2
1983.0	8.700e1
1984.0	5.210e2
1985.4	2.000e1
1986.0	1.890e2
1986.7	1.200e1
1987.8	1.500e1
1988.4	2.400e1
1989.3	1.300e1
1990.5	1.200e1
1991.1	3.380e2
1993.0	6.050e2
1994.1	6.610e2
1995.3	1.250e2
1996.6	1.570e2
1997.2	1.020e3
1998.2	1.240e3
1999.0	2.600e2
1999.6	5.710e2
