100.2	3.778e3
101.0	6.378e4
101.9	1.439e4
103.0	1.576e4
104.0	1.099e3
105.0	3.732e3
106.1	3.130e2
107.1	4.470e2
108.0	1.754e4
109.0	2.014e3
110.2	3.290e2
111.1	2.206e3
112.1	5.020e2
113.0	1.223e5
114.1	3.488e3
115.0	4.931e3
115.5	4.000e0
116.0	4.078e3
117.0	8.241e4
118.0	9.243e3
119.0	9.359e3
120.0	6.550e2
121.0	7.390e2
122.1	5.290e2
123.0	5.130e2
124.1	1.742e3
125.1	2.489e3
126.0	1.714e3
126.5	4.200e1
127.0	1.565e3
128.0	1.422e3
129.0	1.211e3
130.0	1.135e4
131.1	2.577e3
132.1	5.090e2
133.0	2.443e3
134.1	6.910e2
135.0	3.964e3
136.1	1.298e3
137.0	3.350e3
137.5	5.500e1
138.0	1.013e3
139.1	2.389e3
140.0	1.166e3
141.1	2.006e3
142.1	1.418e3
143.0	2.773e3
144.1	1.597e3
145.0	5.682e3
145.6	9.000e0
146.1	4.322e3
147.0	2.449e4
148.0	2.930e3
149.0	3.255e3
150.0	3.259e3
150.5	3.600e1
151.0	3.112e3
152.0	1.283e4
153.1	4.444e3
154.0	8.920e2
155.0	2.025e3
156.1	2.540e3
157.1	3.430e3
158.1	2.076e3
159.0	2.796e3
160.0	1.237e3
161.0	9.810e3
161.6	1.100e1
162.1	1.588e3
162.9	9.678e3
163.9	2.261e3
165.0	5.694e3
165.5	5.000e0
166.1	1.338e3
167.0	1.652e3
168.0	1.638e3
169.0	4.846e3
170.1	1.920e3
171.0	2.314e3
172.0	1.646e3
172.9	2.209e3
174.0	4.119e3
175.0	2.107e4
175.5	6.300e1
176.1	5.654e3
177.0	2.552e3
177.6	4.000e1
178.1	7.520e2
179.1	3.305e3
180.1	1.486e3
181.1	3.492e4
182.1	2.595e3
183.1	1.859e3
184.1	1.866e3
185.1	2.198e3
186.1	2.555e3
187.0	3.758e3
188.0	1.191e3
189.1	2.201e3
190.0	1.615e3
191.0	1.267e4
192.1	2.495e3
193.0	5.190e3
194.0	1.271e3
195.0	4.308e3
195.9	8.198e3
196.5	7.000e1
197.0	2.970e3
197.9	9.716e3
198.5	6.200e1
199.1	2.139e3
199.9	5.260e3
200.4	3.000e1
201.0	3.192e3
202.0	2.810e3
203.0	1.256e3
204.0	1.788e3
205.1	2.121e3
206.0	9.420e2
207.0	1.025e4
208.0	2.163e3
208.6	2.100e1
209.1	2.202e3
210.1	1.980e3
211.1	1.788e3
211.6	3.300e1
212.2	1.747e4
213.1	4.095e3
214.1	2.157e3
215.1	2.047e3
216.0	2.052e3
217.0	2.969e3
218.0	3.162e3
218.5	7.100e1
219.1	4.407e3
220.1	8.001e3
220.7	2.640e2
221.2	6.486e3
222.1	2.552e3
222.6	4.800e1
223.1	3.420e3
224.0	1.941e3
225.0	2.755e3
226.1	2.038e3
227.0	2.329e3
227.5	1.180e2
228.1	1.515e3
229.0	1.578e3
230.0	1.838e3
231.1	1.467e3
232.1	1.250e3
233.0	2.714e3
234.0	1.734e3
234.5	3.600e1
235.0	1.575e3
236.1	6.224e3
237.1	1.854e3
238.0	1.502e3
239.0	6.925e3
240.0	3.260e3
241.1	2.761e3
242.1	4.705e3
242.6	2.900e1
243.1	8.014e3
244.0	9.916e3
244.6	3.800e1
245.1	1.704e3
246.0	2.542e3
246.6	4.600e1
247.1	2.038e3
248.0	3.625e3
248.6	1.420e2
249.1	9.515e4
250.1	5.722e3
251.1	3.106e3
252.0	1.699e3
252.5	3.300e1
253.1	1.996e3
254.0	1.297e3
254.6	6.700e1
255.2	3.378e3
256.2	1.014e3
257.1	1.503e3
258.1	2.014e3
259.0	2.974e3
260.0	1.989e3
260.6	8.000e0
261.1	3.127e3
262.0	2.733e3
263.0	4.350e3
264.0	3.388e3
264.5	1.400e1
265.1	3.722e3
266.0	4.892e3
267.0	1.621e3
267.5	2.200e1
268.0	1.613e3
268.6	3.400e1
269.1	4.108e3
269.9	1.769e3
270.5	2.210e2
271.1	1.581e3
272.1	1.436e3
273.0	2.802e3
274.1	1.248e3
275.0	1.205e4
276.0	2.692e3
276.5	3.300e1
277.1	1.855e3
278.2	1.806e3
279.2	3.478e3
280.0	1.961e3
280.5	3.500e1
281.1	2.996e3
282.1	2.262e3
282.6	1.500e1
283.1	2.314e3
284.1	1.930e3
285.0	2.041e3
285.9	1.020e3
286.5	8.300e1
287.1	2.340e3
287.6	3.000e1
288.2	1.682e4
289.0	9.565e3
289.9	3.132e3
290.4	2.780e2
291.1	5.894e3
292.1	2.748e3
292.7	4.900e1
293.2	3.737e3
294.0	1.918e3
295.0	2.447e3
296.0	1.754e3
296.7	1.670e2
297.3	3.058e3
298.1	1.951e3
299.2	2.897e3
300.1	1.374e3
301.0	3.330e3
301.9	1.557e3
302.9	1.551e3
303.5	1.230e2
304.1	1.774e3
304.6	1.900e1
305.1	4.964e3
306.1	3.090e3
307.1	8.292e3
308.0	3.649e3
309.0	5.564e3
309.5	8.800e1
310.1	3.855e3
310.6	1.580e2
311.1	1.180e4
312.1	7.028e3
313.1	4.467e3
314.0	2.034e3
315.0	2.916e3
316.1	2.009e3
317.1	1.027e5
318.1	5.955e3
319.1	4.063e3
319.9	1.975e3
320.5	8.300e1
321.1	3.486e3
322.1	1.551e3
323.1	5.371e3
324.1	4.637e3
324.7	3.010e2
325.2	6.967e3
326.1	2.403e3
327.0	5.760e3
327.9	5.934e3
328.5	2.250e2
329.1	7.130e3
330.0	3.543e3
330.5	7.200e1
331.1	6.120e3
332.1	2.666e3
333.1	5.577e3
334.0	5.068e3
335.0	3.526e3
335.5	1.000e1
336.0	2.008e3
336.6	6.400e1
337.1	3.556e3
338.1	2.216e3
338.8	7.340e2
339.4	5.768e3
340.2	2.199e3
341.1	3.097e3
342.0	1.894e3
343.0	9.620e3
344.0	3.527e3
345.0	2.569e3
346.0	2.808e3
346.5	6.300e1
347.1	4.434e3
348.1	2.438e3
349.0	3.703e3
349.9	4.211e3
350.4	1.130e2
351.1	2.521e3
352.1	1.529e3
353.0	7.203e3
353.9	2.625e3
354.5	3.040e2
355.2	5.164e3
356.1	1.670e4
357.0	7.872e3
358.0	2.421e3
358.6	1.060e2
359.1	3.959e3
360.0	1.878e3
360.6	8.200e1
361.2	3.285e3
362.0	1.375e3
362.5	4.000e0
363.1	3.107e3
364.0	1.892e3
364.6	1.860e2
365.2	2.140e3
365.7	1.800e1
366.2	3.569e3
367.1	1.713e3
368.1	1.874e3
369.1	6.403e3
370.0	1.683e3
370.6	4.500e1
371.1	2.377e3
371.9	1.501e3
373.1	3.061e3
374.1	1.882e3
375.1	4.676e3
376.0	2.270e3
377.2	4.490e3
378.1	2.388e3
379.0	6.702e3
380.0	3.511e3
380.7	3.810e2
381.3	3.035e3
382.2	1.694e3
383.2	2.925e3
383.7	1.810e2
384.2	2.990e3
385.1	5.859e4
386.0	6.383e3
386.5	2.100e1
387.0	3.294e3
387.9	1.274e3
388.8	2.698e3
389.4	3.790e2
390.0	1.725e3
390.9	1.171e3
391.6	4.398e3
392.4	9.220e2
393.2	3.197e3
394.0	1.946e3
394.5	7.000e1
395.0	5.589e3
396.0	3.063e3
396.6	2.800e1
397.1	8.952e3
398.0	3.743e3
398.6	4.500e1
399.1	5.026e3
400.0	2.092e3
400.5	2.100e1
401.1	4.633e3
402.1	3.863e3
403.1	2.028e3
404.0	1.438e3
404.6	2.710e2
405.2	3.344e3
406.1	1.573e3
407.0	2.088e3
408.1	3.152e3
408.8	3.920e2
409.4	4.676e3
410.2	1.841e3
411.0	7.811e3
411.9	2.931e3
412.9	3.481e3
413.5	5.700e1
414.0	2.055e3
414.7	3.110e2
415.3	3.160e3
416.2	1.441e3
417.1	4.178e3
418.0	2.882e3
419.0	2.253e3
419.9	1.126e3
420.5	2.500e1
421.0	3.573e3
422.0	3.687e3
422.6	4.600e1
423.2	4.302e3
424.1	1.295e4
425.0	5.107e3
425.6	1.750e2
426.1	2.168e3
427.1	6.991e3
427.7	6.520e2
428.4	3.723e3
429.2	1.562e3
430.0	2.395e3
430.6	2.400e2
431.2	2.737e3
432.1	1.977e3
432.8	6.530e2
433.4	7.648e3
434.3	5.282e3
434.9	1.230e2
435.4	3.724e3
435.9	4.300e1
436.4	2.656e3
437.4	6.072e3
437.9	3.300e1
438.4	3.265e3
439.3	2.799e3
440.1	1.578e3
441.1	3.360e3
442.0	1.735e3
443.0	5.386e3
444.1	2.855e3
445.1	3.267e3
446.1	2.772e3
447.1	5.368e3
448.0	3.748e3
449.0	2.344e3
449.5	2.900e1
450.0	2.637e3
451.0	3.276e3
451.9	1.822e3
452.5	5.300e1
453.1	4.706e4
454.0	5.478e3
454.5	3.260e2
455.1	2.659e3
455.6	3.800e1
456.2	1.539e3
456.7	1.190e2
457.2	4.002e3
458.2	1.999e3
459.1	4.657e3
460.1	2.525e3
461.1	2.527e3
461.9	3.108e3
462.5	1.420e2
463.1	3.943e3
464.1	3.078e3
464.9	1.376e3
465.5	1.398e4
466.4	7.100e3
467.3	4.843e3
468.1	1.728e3
468.9	4.172e3
469.9	3.771e3
470.5	2.440e2
471.1	2.776e3
472.0	1.663e3
472.6	7.360e2
473.3	4.744e3
474.0	1.778e3
474.7	2.666e3
475.3	3.470e2
475.9	3.365e3
476.9	2.626e3
477.7	2.299e3
478.4	6.300e2
479.0	9.417e3
480.0	4.879e3
480.6	2.770e2
481.1	3.957e3
481.6	3.100e1
482.1	2.383e3
483.1	4.817e3
484.0	2.024e3
484.7	6.690e2
485.3	5.795e3
486.1	2.457e3
486.8	5.150e2
487.4	3.782e3
488.2	1.373e3
489.0	2.795e3
489.8	1.668e3
490.5	3.020e2
491.1	4.137e3
492.0	1.399e4
493.0	4.516e3
493.5	3.640e2
494.1	3.015e3
495.1	7.006e3
496.0	3.517e3
496.6	1.810e2
497.2	3.079e3
498.1	1.808e3
498.9	9.670e2
499.7	2.924e3
500.5	8.410e2
501.3	2.973e3
502.2	1.742e3
503.0	2.611e3
504.0	1.929e3
504.9	3.226e3
505.9	2.745e3
506.6	2.930e2
507.2	3.032e3
508.2	2.386e3
509.2	3.070e3
510.1	1.761e3
511.1	5.046e3
511.9	1.491e3
512.5	8.400e1
513.0	2.990e3
514.0	2.288e3
514.5	3.400e1
515.0	4.829e3
516.0	2.849e3
516.5	2.500e1
517.1	1.859e3
517.9	2.011e3
518.5	1.230e2
519.0	2.953e3
520.0	1.950e3
520.5	2.760e2
521.1	3.751e4
522.1	6.564e3
522.8	7.900e2
523.5	3.823e3
524.5	6.475e3
525.0	2.100e2
525.5	4.385e3
526.5	2.181e3
527.5	3.838e3
528.1	6.360e2
528.9	2.910e3
529.9	2.233e3
530.5	3.340e2
531.1	4.617e3
532.1	2.283e3
532.6	1.720e2
533.2	4.786e3
533.9	1.491e3
534.6	3.456e3
535.5	2.105e3
536.2	3.630e2
537.0	3.945e3
538.0	3.765e3
538.5	1.140e2
539.1	2.869e3
539.6	9.400e1
540.2	3.136e3
540.8	1.420e3
541.5	3.167e3
542.1	2.530e2
542.8	2.356e3
543.3	2.190e2
543.9	2.399e3
544.5	2.030e2
545.0	2.505e3
545.6	6.100e1
546.1	2.459e3
546.9	9.136e3
547.4	6.800e1
547.9	4.100e3
548.5	3.340e2
549.2	2.798e3
550.1	2.039e3
550.9	1.975e3
551.5	3.900e2
552.1	2.208e3
553.0	4.713e3
553.9	2.267e3
554.6	2.230e2
555.2	2.666e3
556.1	2.154e3
557.0	3.274e3
557.8	9.610e2
558.3	1.400e2
559.0	3.216e3
559.5	2.070e2
560.1	9.871e3
561.0	3.193e3
562.0	1.506e3
563.0	6.114e3
564.0	2.882e3
565.0	1.471e3
565.8	2.023e3
566.3	3.400e1
566.8	2.591e3
567.4	1.830e2
568.0	2.647e3
568.7	4.570e2
569.4	1.800e3
570.0	3.450e2
570.6	1.256e3
571.5	2.642e3
572.2	6.210e2
572.9	3.317e3
573.9	2.127e3
574.8	2.688e3
575.4	1.650e2
575.9	1.838e3
576.5	4.400e1
577.0	3.819e3
578.0	1.439e3
579.0	4.567e3
580.0	3.441e3
581.0	2.498e3
581.9	1.689e3
582.4	4.400e1
582.9	2.890e3
584.0	2.828e3
584.5	4.900e1
585.1	1.421e3
586.1	3.137e3
587.0	1.515e3
588.0	1.909e3
588.6	1.690e2
589.1	3.051e4
590.0	5.322e3
590.6	3.500e2
591.3	3.340e3
592.1	1.753e3
592.7	7.770e2
593.3	2.960e3
594.1	8.210e2
594.8	3.250e3
595.8	2.922e3
596.4	4.250e2
597.0	2.407e3
597.6	2.730e2
598.1	2.942e3
598.9	1.349e3
599.6	6.524e3
600.3	1.923e3
601.0	4.776e3
602.0	2.863e3
602.8	3.410e3
603.8	1.863e3
604.4	3.310e2
605.0	2.970e3
605.6	1.120e2
606.1	3.289e3
606.7	2.560e2
607.3	2.692e3
608.1	1.585e3
609.0	2.665e3
609.9	1.618e3
610.8	1.570e3
611.8	1.843e3
612.4	2.110e2
613.1	2.302e3
614.1	2.179e3
614.9	8.517e3
615.5	1.030e2
616.0	3.559e3
617.0	3.525e3
617.6	5.360e2
618.2	2.569e3
619.2	2.209e3
620.1	1.260e3
621.0	3.581e3
622.0	2.270e3
622.8	1.230e3
623.6	3.004e3
624.6	1.854e3
625.5	1.823e3
626.2	6.450e2
627.0	3.368e3
627.5	1.400e1
628.1	8.781e3
629.0	3.287e3
630.0	2.121e3
630.5	3.100e1
631.0	5.341e3
631.9	1.652e3
632.9	1.210e3
633.6	2.730e3
634.3	1.740e2
634.9	1.536e3
635.8	2.329e3
636.5	4.440e2
637.2	2.886e3
637.7	3.370e2
638.3	1.276e3
639.2	2.919e3
640.2	2.021e3
640.8	2.140e2
641.4	2.542e3
642.1	7.880e2
642.8	2.491e3
643.7	1.517e3
644.2	1.500e1
644.9	1.635e3
645.7	2.919e3
646.4	5.940e2
647.1	3.586e3
647.7	4.430e2
648.3	2.443e3
649.2	1.937e3
650.1	1.602e3
651.1	3.444e3
652.0	2.666e3
653.0	1.842e3
654.1	2.599e3
655.1	2.236e3
656.1	1.946e3
657.1	2.291e4
658.0	4.369e3
658.6	1.440e2
659.2	2.844e3
660.2	2.433e3
661.1	2.269e3
661.9	1.207e3
662.9	2.940e3
663.9	2.090e3
664.5	4.810e2
665.1	2.427e3
666.1	1.835e3
666.7	2.670e2
667.3	2.374e3
667.9	3.200e2
668.4	1.575e3
669.3	3.821e3
670.1	1.254e3
671.1	2.723e3
671.9	1.208e3
672.5	2.030e2
673.2	2.990e3
674.1	2.484e3
674.7	8.470e2
675.4	2.150e3
676.0	5.020e2
676.6	2.064e3
677.3	7.110e2
678.1	2.967e3
678.6	1.490e2
679.2	3.998e3
680.0	1.108e3
680.9	2.357e3
681.5	2.140e2
682.0	1.725e3
683.0	7.970e3
683.6	6.110e2
684.2	3.903e3
685.1	1.738e3
686.0	2.147e3
686.9	2.343e3
687.8	1.677e3
688.4	1.360e2
689.1	3.757e3
690.0	1.574e3
690.5	1.060e2
691.1	1.795e3
691.8	1.151e3
692.5	1.390e2
693.1	2.899e3
693.9	1.421e3
694.4	5.500e1
695.0	3.028e3
695.6	2.240e2
696.1	7.416e3
696.7	3.490e2
697.2	3.187e3
698.0	1.757e3
698.8	7.563e3
699.7	3.346e3
700.3	2.070e2
701.0	2.456e3
701.6	6.100e2
702.3	1.608e3
703.2	2.609e3
704.1	9.790e2
705.1	2.571e3
705.9	1.685e3
706.7	9.070e2
707.5	2.588e3
708.1	3.940e2
708.8	2.884e3
709.7	1.599e3
710.6	1.871e3
711.1	3.900e1
711.6	2.040e3
712.3	1.700e2
712.9	2.177e3
713.9	1.467e3
714.9	5.272e3
715.9	2.398e3
716.4	4.390e2
717.0	3.686e3
717.9	1.692e3
718.8	2.710e3
719.7	3.220e3
720.2	2.900e1
720.8	2.525e3
721.3	1.400e2
721.9	2.177e3
722.4	6.500e1
723.0	3.149e3
723.9	1.758e3
724.4	2.120e2
725.1	1.784e4
726.0	3.823e3
727.0	2.871e3
727.5	7.800e1
728.1	2.318e3
728.7	5.200e1
729.2	2.237e3
729.7	3.300e1
730.3	1.544e3
731.0	1.052e3
731.8	2.322e3
732.4	1.120e2
732.9	2.558e3
733.9	1.546e3
734.6	3.400e2
735.2	3.170e3
736.0	1.428e3
736.9	3.226e3
737.9	2.660e3
738.7	1.217e3
739.4	1.958e3
740.2	7.660e2
741.0	4.250e3
741.6	2.930e2
742.2	2.907e3
742.9	5.950e2
743.5	2.766e3
744.0	7.800e1
744.6	2.787e3
745.6	2.594e3
746.2	7.240e2
747.1	2.561e3
747.9	1.549e3
748.4	1.090e2
748.9	2.771e3
749.4	8.000e1
750.0	1.972e3
751.0	7.587e3
752.0	2.688e3
752.8	4.486e3
753.9	1.596e3
754.8	2.722e3
755.4	3.330e2
756.1	1.932e3
756.6	8.600e1
757.2	2.455e3
758.0	1.526e3
758.9	1.869e3
759.4	1.650e2
760.0	1.427e3
760.9	1.977e3
761.9	2.427e3
762.5	4.680e2
763.1	2.532e3
764.1	6.744e3
765.0	3.031e3
765.6	2.760e2
766.2	1.725e3
767.1	3.413e3
767.9	1.087e3
768.6	2.516e3
769.7	1.560e3
770.2	2.550e2
770.8	2.547e3
771.3	8.000e0
771.8	1.647e3
772.5	1.650e2
773.1	2.370e3
773.9	1.321e3
774.7	1.890e3
775.3	2.720e2
775.9	1.409e3
776.9	3.023e3
777.8	1.385e3
778.4	5.100e1
778.9	1.565e3
779.4	1.480e2
780.0	1.920e3
780.5	1.460e2
781.1	2.303e3
782.0	1.133e3
783.0	4.363e3
784.1	1.799e3
785.1	1.820e3
785.9	1.697e3
787.0	3.341e3
787.5	6.100e1
788.1	1.868e3
788.6	2.200e1
789.1	2.363e3
790.0	2.241e3
790.5	4.000e0
791.0	2.643e3
791.9	1.332e3
792.5	1.450e2
793.1	1.342e4
794.1	4.481e3
795.1	2.724e3
795.9	1.696e3
796.4	6.300e1
797.0	2.390e3
797.5	7.600e1
798.1	2.068e3
798.7	2.460e2
799.3	2.023e3
800.0	6.020e2
800.6	2.536e3
801.2	4.210e2
801.9	1.879e3
802.5	8.200e1
803.0	3.990e3
803.9	2.244e3
804.5	4.300e2
805.1	3.414e3
805.9	2.286e3
806.9	2.955e3
807.8	1.476e3
808.4	7.800e1
808.9	3.099e3
809.9	2.754e3
810.8	2.043e3
811.3	9.600e1
811.8	1.858e3
812.4	1.740e2
813.0	2.328e3
813.8	7.050e2
814.6	1.701e3
815.1	9.100e1
815.8	1.376e3
816.3	2.120e2
816.9	2.196e3
817.8	2.282e3
818.4	3.270e2
819.0	6.845e3
820.0	3.068e3
821.0	2.586e3
822.1	2.304e3
823.0	1.113e3
823.9	2.374e3
824.8	1.763e3
825.7	2.720e3
826.8	2.591e3
827.7	1.979e3
828.3	3.640e2
828.9	1.289e3
829.9	2.249e3
830.4	8.200e1
830.9	3.297e3
832.0	7.459e3
832.8	1.974e3
833.6	4.887e3
834.3	1.058e3
835.0	4.303e3
835.9	2.608e3
836.9	2.003e3
837.7	1.115e3
838.5	2.512e3
839.2	7.500e2
839.9	1.570e3
840.9	1.782e3
841.9	2.278e3
842.9	1.274e3
843.8	1.452e3
844.3	1.570e2
844.9	2.569e3
845.6	6.800e2
846.4	1.974e3
847.1	5.390e2
847.7	1.939e3
848.3	3.040e2
848.9	3.038e3
849.7	4.420e2
850.3	2.848e3
851.1	2.817e3
851.7	1.670e2
852.2	2.507e3
853.1	8.000e2
853.9	2.411e3
854.9	1.645e3
855.8	2.217e3
856.4	2.590e2
857.0	1.347e3
858.0	3.297e3
858.9	2.406e3
859.8	1.483e3
860.5	2.320e2
861.1	1.287e4
862.0	3.043e3
862.6	2.810e2
863.2	2.552e3
864.0	1.494e3
864.9	2.320e3
865.9	1.427e3
866.9	2.026e3
867.9	8.820e2
868.8	1.955e3
869.4	5.430e2
870.1	1.455e3
870.8	5.580e2
871.4	2.057e3
871.9	6.600e1
872.5	2.089e3
873.3	8.000e2
874.0	2.100e3
874.5	1.190e2
875.1	2.359e3
876.0	1.882e3
877.0	2.995e3
877.5	2.590e2
878.1	2.516e3
879.0	1.819e3
880.0	1.603e3
880.5	2.200e1
881.1	1.730e3
882.1	1.976e3
883.1	1.691e3
883.9	9.930e2
884.9	2.429e3
885.4	8.700e1
886.0	1.161e3
887.0	6.045e3
887.9	2.854e3
888.5	1.640e2
889.0	2.382e3
890.0	2.107e3
890.8	7.270e2
891.3	2.441e3
892.1	1.002e3
893.0	1.783e3
894.0	2.411e3
894.8	9.790e2
895.6	2.805e3
896.2	1.330e2
896.7	1.489e3
897.7	1.327e3
898.3	1.850e2
898.9	2.830e3
899.5	2.310e2
900.1	5.410e3
901.0	2.871e3
902.0	2.284e3
902.5	7.000e0
903.0	2.705e3
903.9	3.184e3
904.5	1.600e2
905.1	1.194e3
906.0	1.626e3
906.9	1.746e3
907.6	1.190e2
908.1	1.607e3
909.1	1.847e3
910.0	1.406e3
910.9	2.652e3
911.9	1.037e3
912.5	7.600e1
913.0	2.217e3
914.0	2.443e3
914.6	2.260e2
915.2	1.448e3
916.2	2.460e3
917.1	2.010e3
918.1	1.150e3
919.0	2.502e3
920.0	1.770e3
920.6	5.600e1
921.1	2.046e3
921.8	3.430e2
922.5	2.388e3
923.2	6.700e2
924.0	2.459e3
924.9	1.191e3
925.5	1.560e2
926.0	3.675e3
926.6	2.750e2
927.2	2.443e3
928.1	1.804e3
929.1	8.788e3
930.1	3.787e3
930.9	1.586e3
931.8	2.674e3
932.4	2.830e2
932.9	1.733e3
933.5	1.000e2
934.0	1.985e3
934.8	3.420e2
935.3	2.502e3
936.3	1.378e3
937.1	9.480e2
938.0	2.450e3
938.5	1.320e2
939.1	2.682e3
940.0	1.683e3
940.7	1.223e3
941.6	2.083e3
942.3	7.000e2
943.0	2.195e3
943.9	1.408e3
945.0	3.020e3
946.0	2.643e3
946.8	1.243e3
947.6	2.176e3
948.3	9.450e2
949.1	1.667e3
950.0	2.297e3
950.9	1.729e3
951.4	5.000e1
952.0	1.400e3
952.6	2.250e2
953.2	1.820e3
954.1	1.994e3
955.0	6.790e3
956.0	3.947e3
956.5	2.000e1
957.0	2.782e3
957.5	1.170e2
958.1	2.627e3
959.0	2.004e3
959.9	2.754e3
960.5	3.150e2
961.2	2.688e3
962.0	1.579e3
963.0	2.278e3
963.9	2.046e3
964.5	3.780e2
965.1	2.168e3
966.1	1.934e3
967.0	2.797e3
967.5	6.900e1
968.0	4.210e3
968.6	2.810e2
969.2	2.899e3
969.7	1.250e2
970.2	2.440e3
971.1	1.817e3
971.9	3.273e3
972.8	1.280e3
973.6	1.810e3
974.2	4.840e2
974.9	2.474e3
975.5	2.700e1
976.0	1.872e3
976.7	6.010e2
977.4	2.779e3
978.4	1.596e3
979.2	2.440e3
980.0	1.186e3
980.8	2.514e3
981.7	1.662e3
982.7	1.466e3
983.3	7.090e2
984.2	2.035e3
985.2	2.440e3
986.2	1.819e3
987.1	2.783e3
988.0	1.539e3
988.9	2.140e3
989.6	5.540e2
990.3	1.981e3
991.2	2.108e3
991.8	4.580e2
992.5	2.537e3
993.3	1.155e3
994.0	3.833e3
994.7	7.390e2
995.3	2.234e3
996.2	1.503e3
997.1	9.155e3
998.1	3.007e3
998.9	1.081e3
999.6	2.469e3
1000.2	2.580e2
1000.8	3.098e3
1001.3	2.800e1
1001.9	2.353e3
1002.9	1.923e3
1003.7	2.753e3
1004.4	3.810e2
1005.1	1.718e3
1005.8	8.000e2
1006.5	4.199e3
1007.4	1.802e3
1008.2	1.325e3
1009.0	2.581e3
1009.7	5.070e2
1010.2	1.828e3
1011.2	2.766e3
1012.1	1.363e3
1013.1	2.834e3
1014.0	2.689e3
1014.9	1.576e3
1015.8	1.238e3
1016.6	2.959e3
1017.5	2.210e3
1018.5	2.916e3
1019.2	7.770e2
1020.0	3.079e3
1020.6	3.560e2
1021.2	2.748e3
1022.0	1.744e3
1023.0	4.759e3
1023.5	9.700e1
1024.1	2.343e3
1024.6	7.500e1
1025.1	2.069e3
1025.9	6.120e2
1026.5	1.774e3
1027.4	2.731e3
1028.0	3.050e2
1028.6	2.286e3
1029.4	8.500e2
1030.1	2.256e3
1031.1	1.853e3
1031.9	3.377e3
1032.5	3.090e2
1033.1	1.978e3
1034.2	2.286e3
1035.1	2.187e3
1036.1	4.740e3
1037.0	2.263e3
1037.8	2.616e3
1038.5	5.500e2
1039.1	3.242e3
1040.0	1.839e3
1041.0	1.507e3
1042.0	2.951e3
1042.9	1.749e3
1043.8	2.102e3
1044.6	1.059e3
1045.4	2.276e3
1046.4	1.901e3
1047.1	1.165e3
1047.9	2.726e3
1048.5	2.800e1
1049.0	2.091e3
1049.8	1.139e3
1050.7	3.509e3
1051.3	2.120e2
1051.8	2.876e3
1052.3	1.560e2
1052.9	2.109e3
1053.4	1.300e1
1054.0	2.558e3
1054.5	1.720e2
1055.1	3.949e3
1055.6	2.190e2
1056.2	1.548e3
1056.8	9.200e1
1057.3	2.357e3
1058.3	3.086e3
1059.1	1.209e3
1059.8	2.352e3
1060.7	3.290e3
1061.5	9.020e2
1062.3	3.061e3
1062.9	1.180e2
1063.4	2.665e3
1064.3	1.436e3
1065.2	8.225e3
1065.7	9.000e0
1066.2	2.721e3
1067.2	2.400e3
1067.9	5.680e2
1068.5	2.698e3
1069.6	1.802e3
1070.5	1.264e3
1071.0	2.680e2
1071.7	2.496e3
1072.4	7.950e2
1073.1	1.628e3
1074.1	2.415e3
1074.6	2.100e1
1075.1	1.917e3
1076.0	1.322e3
1076.9	2.246e3
1077.8	2.647e3
1078.4	3.050e2
1079.1	2.533e3
1080.1	1.848e3
1080.7	3.680e2
1081.3	2.263e3
1082.3	2.533e3
1083.2	1.531e3
1084.2	1.675e3
1085.0	3.386e3
1085.6	3.520e2
1086.3	2.079e3
1087.3	3.280e3
1088.2	1.561e3
1089.2	2.586e3
1089.7	4.900e1
1090.2	2.173e3
1091.1	4.602e3
1091.7	1.240e2
1092.3	3.080e3
1092.9	4.040e2
1093.5	2.854e3
1094.2	7.720e2
1095.0	2.827e3
1095.8	2.791e3
1096.6	1.216e3
1097.4	3.083e3
1098.3	2.151e3
1098.8	1.040e2
1099.3	3.634e3
1100.2	1.680e3
1100.8	1.810e2
1101.4	2.071e3
1102.1	8.250e2
1102.9	2.411e3
1103.5	6.350e2
1104.1	3.934e3
1105.1	2.192e3
1106.1	2.043e3
1107.1	3.835e3
1108.0	2.054e3
1108.9	2.084e3
1109.5	3.930e2
1110.3	1.698e3
1111.0	7.830e2
1111.8	2.547e3
1112.5	7.480e2
1113.3	3.235e3
1114.2	1.826e3
1115.0	2.346e3
1116.0	1.896e3
1116.9	1.835e3
1117.6	2.193e3
1118.2	4.180e2
1118.8	2.945e3
1119.3	4.400e1
1119.9	2.653e3
1120.5	3.410e2
1121.1	3.061e3
1121.8	1.042e3
1122.7	1.841e3
1123.3	4.870e2
1124.0	2.631e3
1124.9	3.158e3
1125.8	1.702e3
1126.4	1.370e2
1126.9	3.067e3
1127.5	1.240e2
1128.3	2.864e3
1129.0	1.284e3
1129.7	2.921e3
1130.6	1.509e3
1131.5	2.165e3
1132.3	8.960e2
1133.1	6.551e3
1133.6	9.300e1
1134.1	3.505e3
1134.7	3.940e2
1135.4	2.592e3
1136.0	4.650e2
1136.6	3.161e3
1137.2	1.290e2
1137.7	3.156e3
1138.2	2.300e1
1138.8	2.066e3
1139.3	2.940e2
1139.9	2.167e3
1140.8	3.113e3
1141.6	1.937e3
1142.3	1.361e3
1143.1	2.772e3
1143.6	1.500e1
1144.1	2.364e3
1144.7	3.220e2
1145.3	3.253e3
1146.3	1.718e3
1147.0	1.496e3
1147.8	2.855e3
1148.4	4.640e2
1149.1	2.875e3
1149.6	8.800e1
1150.1	3.311e3
1150.6	2.410e2
1151.2	2.161e3
1152.2	1.770e3
1153.0	2.290e3
1153.9	2.804e3
1154.5	1.770e2
1155.1	2.098e3
1155.9	1.537e3
1156.4	1.350e2
1157.0	2.124e3
1158.0	2.728e3
1158.7	6.620e2
1159.3	3.468e3
1160.2	1.983e3
1161.2	2.017e3
1161.7	5.000e0
1162.2	2.600e3
1162.9	9.420e2
1163.5	2.916e3
1164.4	1.821e3
1165.2	4.194e3
1165.8	3.920e2
1166.4	3.551e3
1167.4	4.865e3
1168.0	2.130e2
1168.6	2.903e3
1169.2	4.230e2
1169.7	2.698e3
1170.7	2.749e3
1171.4	1.167e3
1172.1	4.685e3
1173.0	2.851e3
1174.0	2.160e3
1175.0	2.647e3
1175.9	3.021e3
1176.7	5.570e2
1177.5	2.292e3
1178.1	5.510e2
1178.8	2.776e3
1179.7	2.578e3
1180.6	3.082e3
1181.1	1.740e2
1181.7	2.961e3
1182.5	6.010e2
1183.2	3.662e3
1184.1	3.411e3
1185.1	2.742e3
1186.0	2.578e3
1187.0	3.607e3
1187.9	2.558e3
1188.5	1.380e2
1189.0	2.202e3
1189.7	3.760e2
1190.4	1.885e3
1191.3	3.116e3
1192.3	2.074e3
1192.9	2.070e2
1193.4	2.497e3
1194.0	1.310e2
1194.5	3.041e3
1195.3	1.461e3
1196.2	2.137e3
1196.7	6.100e1
1197.2	3.120e3
1198.2	3.403e3
1198.8	2.920e2
1199.3	3.329e3
1200.3	2.524e3
1201.2	5.250e3
1202.0	3.440e3
1202.9	2.366e3
1203.9	3.240e3
1204.5	3.290e2
1205.2	2.663e3
1205.7	4.000e0
1206.3	2.203e3
1207.1	1.904e3
1208.1	2.410e3
1208.8	1.266e3
1209.6	2.476e3
1210.2	5.920e2
1210.9	2.424e3
1211.6	1.217e3
1212.2	2.620e2
1212.7	2.446e3
1213.5	8.550e2
1214.2	2.974e3
1215.0	9.420e2
1215.8	4.096e3
1216.4	3.750e2
1217.0	2.582e3
1217.8	2.007e3
1218.6	3.111e3
1219.4	1.645e3
1220.2	3.095e3
1221.1	2.138e3
1222.1	4.000e3
1223.1	2.384e3
1224.0	2.998e3
1224.6	5.250e2
1225.3	2.623e3
1225.8	2.360e2
1226.4	3.693e3
1227.2	2.498e3
1227.9	1.241e3
1228.6	2.251e3
1229.1	1.700e2
1229.7	3.398e3
1230.8	2.951e3
1231.8	2.247e3
1232.4	3.130e2
1233.1	1.899e3
1233.9	2.303e3
1234.8	3.635e3
1235.6	1.526e3
1236.3	3.544e3
1237.2	1.623e3
1238.2	2.595e3
1239.2	2.084e3
1240.1	3.733e3
1240.6	1.920e2
1241.2	2.641e3
1242.1	2.568e3
1243.0	3.455e3
1243.8	2.176e3
1244.6	1.753e3
1245.4	3.471e3
1246.3	1.914e3
1247.1	2.987e3
1248.1	2.301e3
1249.0	3.043e3
1249.6	3.290e2
1250.2	2.423e3
1251.1	2.771e3
1251.8	6.220e2
1252.5	1.896e3
1253.5	2.909e3
1254.2	6.500e2
1254.9	2.205e3
1255.8	3.270e3
1256.3	1.350e2
1256.9	1.919e3
1257.8	2.775e3
1258.4	2.460e2
1259.0	1.853e3
1259.8	2.829e3
1260.4	1.740e2
1260.9	2.771e3
1261.9	2.699e3
1262.9	2.622e3
1263.6	4.420e2
1264.2	2.195e3
1264.8	1.200e1
1265.3	2.655e3
1266.1	2.022e3
1266.9	2.856e3
1267.8	1.989e3
1268.5	4.370e2
1269.1	5.716e3
1269.7	2.970e2
1270.3	3.070e3
1271.3	2.161e3
1271.9	3.410e2
1272.5	2.514e3
1273.3	1.473e3
1274.2	2.529e3
1275.0	1.496e3
1276.0	3.082e3
1276.5	9.600e1
1277.0	2.454e3
1277.6	1.240e2
1278.1	3.154e3
1278.6	8.000e0
1279.1	3.092e3
1280.1	2.174e3
1281.1	2.280e3
1281.6	1.290e2
1282.2	1.541e3
1282.9	2.627e3
1283.8	1.934e3
1284.5	8.380e2
1285.2	3.174e3
1286.1	2.092e3
1287.0	3.345e3
1287.8	2.716e3
1288.8	3.218e3
1289.5	5.910e2
1290.3	2.486e3
1290.9	2.080e2
1291.5	2.932e3
1292.4	1.103e3
1293.2	2.379e3
1294.1	1.492e3
1295.1	2.962e3
1296.1	2.564e3
1296.6	6.200e1
1297.1	2.897e3
1298.1	2.528e3
1298.7	2.080e2
1299.2	2.526e3
1299.7	9.000e1
1300.2	2.280e3
1301.2	2.681e3
1302.2	2.257e3
1303.1	3.656e3
1303.8	5.620e2
1304.4	2.125e3
1305.1	1.007e3
1305.9	2.645e3
1306.5	2.630e2
1307.0	2.714e3
1307.9	2.173e3
1308.8	3.546e3
1309.3	8.400e1
1309.8	2.614e3
1310.4	1.230e2
1311.1	3.421e3
1311.9	1.727e3
1312.7	2.155e3
1313.5	9.250e2
1314.3	1.640e3
1315.1	2.836e3
1315.6	1.700e2
1316.2	2.775e3
1316.8	8.510e2
1317.6	2.596e3
1318.5	3.098e3
1319.3	1.020e3
1320.1	2.479e3
1320.9	7.640e2
1321.6	3.856e3
1322.4	2.050e3
1323.1	7.630e2
1323.9	2.367e3
1324.5	2.460e2
1325.1	2.523e3
1325.6	1.160e2
1326.1	2.815e3
1326.7	6.300e1
1327.2	2.765e3
1328.0	1.375e3
1328.8	2.520e3
1329.8	2.193e3
1330.7	2.317e3
1331.4	2.910e2
1332.0	2.356e3
1332.7	5.640e2
1333.4	2.710e3
1334.2	1.734e3
1334.9	5.040e2
1335.6	3.426e3
1336.4	1.129e3
1337.2	5.373e3
1338.1	2.152e3
1338.7	2.120e2
1339.2	2.221e3
1339.9	5.890e2
1340.5	2.321e3
1341.4	3.615e3
1342.1	6.900e2
1342.7	2.819e3
1343.7	2.762e3
1344.3	2.230e2
1344.9	2.522e3
1345.8	1.882e3
1346.4	1.790e2
1347.1	2.168e3
1348.0	2.031e3
1348.6	6.100e1
1349.1	3.784e3
1349.6	7.800e1
1350.1	2.614e3
1351.0	2.517e3
1351.6	2.210e2
1352.2	2.085e3
1353.1	1.554e3
1353.8	2.130e3
1354.4	6.000e0
1354.9	3.453e3
1355.9	1.750e3
1356.8	3.935e3
1357.4	3.390e2
1358.1	2.247e3
1358.8	8.930e2
1359.6	2.401e3
1360.3	8.730e2
1361.0	2.582e3
1361.8	1.707e3
1362.8	2.932e3
1363.4	3.950e2
1364.0	2.696e3
1364.6	6.520e2
1365.3	2.862e3
1365.8	1.100e1
1366.4	3.545e3
1367.1	1.213e3
1367.9	3.262e3
1368.5	5.380e2
1369.2	3.095e3
1370.1	2.127e3
1370.7	3.080e2
1371.3	2.277e3
1372.2	1.793e3
1373.1	2.598e3
1374.0	2.234e3
1374.6	6.100e1
1375.1	2.171e3
1375.7	3.810e2
1376.2	3.582e3
1377.2	2.854e3
1378.1	2.242e3
1379.1	2.367e3
1379.6	2.010e2
1380.2	2.418e3
1380.8	1.510e2
1381.3	2.706e3
1382.0	8.920e2
1382.8	1.705e3
1383.6	2.861e3
1384.6	3.093e3
1385.5	2.974e3
1386.4	1.233e3
1387.3	3.234e3
1388.0	1.395e3
1388.7	2.903e3
1389.7	1.546e3
1390.6	2.926e3
1391.3	4.170e2
1392.1	3.245e3
1393.1	2.487e3
1393.9	1.405e3
1394.5	1.870e2
1395.0	2.898e3
1395.7	5.550e2
1396.4	2.884e3
1397.1	6.140e2
1397.7	2.631e3
1398.3	3.500e2
1398.9	2.103e3
1399.8	2.860e3
1400.7	2.678e3
1401.3	2.840e2
1402.0	3.132e3
1402.5	1.550e2
1403.1	2.325e3
1404.0	1.982e3
1404.6	8.500e1
1405.1	3.472e3
1405.9	1.601e3
1406.9	2.479e3
1408.0	3.025e3
1408.9	1.259e3
1409.8	2.277e3
1410.4	1.490e2
1410.9	2.488e3
1411.9	2.407e3
1412.8	1.616e3
1413.4	6.250e2
1414.0	1.974e3
1414.8	3.301e3
1415.4	2.770e2
1416.0	2.428e3
1417.0	2.855e3
1417.8	1.161e3
1418.7	2.035e3
1419.3	4.440e2
1420.0	2.543e3
1420.7	6.350e2
1421.3	2.148e3
1422.1	9.940e2
1422.9	1.670e3
1423.7	2.834e3
1424.2	9.100e1
1424.7	2.466e3
1425.7	1.680e3
1426.4	5.070e2
1427.0	2.065e3
1427.6	7.400e1
1428.1	1.441e3
1429.1	1.375e3
1430.1	2.587e3
1430.7	3.070e2
1431.2	2.651e3
1431.8	3.730e2
1432.4	2.025e3
1432.9	1.200e2
1433.4	2.132e3
1434.4	2.588e3
1435.1	1.201e3
1435.8	2.076e3
1436.9	3.162e3
1437.6	9.410e2
1438.4	2.670e3
1439.0	5.410e2
1439.7	3.192e3
1440.3	1.070e2
1440.8	1.438e3
1441.7	1.670e3
1442.7	2.251e3
1443.4	8.380e2
1444.1	2.764e3
1444.9	1.055e3
1445.6	2.560e3
1446.1	1.390e2
1446.7	2.605e3
1447.7	2.511e3
1448.4	9.300e2
1449.2	1.851e3
1450.0	1.535e3
1450.8	2.495e3
1451.4	1.460e2
1452.0	2.319e3
1452.5	9.300e1
1453.0	2.065e3
1453.7	6.640e2
1454.4	2.023e3
1455.0	7.030e2
1455.8	2.079e3
1456.6	1.081e3
1457.4	2.370e3
1458.3	1.723e3
1459.3	2.839e3
1460.1	1.271e3
1460.9	2.393e3
1461.5	7.900e1
1462.1	2.046e3
1462.6	2.160e2
1463.2	2.311e3
1463.7	2.130e2
1464.3	1.959e3
1465.0	3.750e2
1465.5	1.711e3
1466.4	1.267e3
1467.4	1.997e3
1468.0	7.400e1
1468.5	2.362e3
1469.3	5.920e2
1470.0	2.482e3
1470.9	2.155e3
1471.5	4.920e2
1472.1	1.612e3
1472.9	3.961e3
1473.5	1.750e2
1474.0	2.912e3
1474.8	8.220e2
1475.7	2.399e3
1476.6	2.071e3
1477.6	3.517e3
1478.2	2.450e2
1478.9	2.050e3
1479.8	1.283e3
1480.7	2.354e3
1481.4	2.870e2
1482.1	2.232e3
1482.7	1.920e2
1483.3	3.014e3
1483.8	1.600e1
1484.3	2.147e3
1484.8	5.500e1
1485.3	2.110e3
1486.2	1.528e3
1486.9	4.280e2
1487.5	3.300e3
1488.5	2.325e3
1489.1	3.340e2
1489.8	2.059e3
1490.7	1.321e3
1491.5	3.494e3
1492.1	1.560e2
1492.7	3.048e3
1493.5	1.188e3
1494.3	1.964e3
1495.2	1.201e3
1496.2	2.205e3
1496.7	3.100e1
1497.3	2.951e3
1498.1	1.398e3
1498.8	5.550e2
1499.4	2.469e3
1500.1	3.850e2
1500.8	1.894e3
1501.7	3.057e3
1502.7	1.958e3
1503.7	2.838e3
1504.6	1.559e3
1505.5	2.468e3
1506.4	1.256e3
1507.3	2.565e3
1508.1	7.720e2
1508.8	2.095e3
1509.8	2.301e3
1510.4	4.200e1
1510.9	1.409e3
1511.5	2.850e2
1512.1	1.653e3
1512.7	9.500e1
1513.2	2.593e3
1513.9	4.270e2
1514.6	2.781e3
1515.2	1.860e2
1515.7	2.168e3
1516.7	2.609e3
1517.6	2.147e3
1518.5	1.882e3
1519.3	1.139e3
1520.1	2.485e3
1520.7	1.620e2
1521.3	1.805e3
1522.0	1.116e3
1522.8	3.399e3
1523.3	1.130e2
1523.9	1.980e3
1524.4	3.680e2
1525.0	2.558e3
1525.8	5.980e2
1526.5	2.341e3
1527.5	2.156e3
1528.1	2.080e2
1528.6	2.756e3
1529.6	2.150e3
1530.3	8.350e2
1530.9	1.140e2
1531.5	2.950e3
1532.3	7.320e2
1533.1	2.189e3
1534.0	1.498e3
1534.9	2.399e3
1535.8	1.623e3
1536.9	2.752e3
1537.6	1.144e3
1538.4	2.057e3
1539.1	2.910e2
1539.7	2.657e3
1540.6	2.843e3
1541.5	3.463e3
1542.2	5.390e2
1542.8	2.476e3
1543.7	1.973e3
1544.6	1.525e3
1545.4	1.686e3
1546.2	1.720e3
1547.0	1.553e3
1547.9	2.276e3
1548.8	2.555e3
1549.3	8.400e1
1549.8	3.080e3
1550.4	3.400e2
1551.0	1.634e3
1552.0	1.638e3
1553.0	2.001e3
1554.0	1.910e3
1554.5	1.400e1
1555.0	2.726e3
1555.8	6.740e2
1556.6	3.468e3
1557.4	1.916e3
1558.4	1.680e3
1558.9	8.100e1
1559.4	2.738e3
1560.1	1.103e3
1560.9	3.202e3
1561.6	5.920e2
1562.3	2.291e3
1563.2	2.363e3
1564.0	9.340e2
1564.7	2.256e3
1565.5	1.303e3
1566.4	1.641e3
1567.1	9.330e2
1567.9	1.939e3
1568.5	5.320e2
1569.2	1.783e3
1569.9	1.074e3
1570.6	2.205e3
1571.6	1.102e3
1572.3	3.027e3
1573.2	1.389e3
1573.8	4.300e1
1574.3	2.804e3
1574.9	2.230e2
1575.6	1.898e3
1576.6	2.271e3
1577.4	4.320e2
1578.0	2.463e3
1578.6	4.480e2
1579.2	3.112e3
1579.9	4.950e2
1580.5	3.387e3
1581.4	2.967e3
1582.3	1.598e3
1583.2	1.532e3
1583.7	1.250e2
1584.3	1.881e3
1585.1	1.050e3
1586.0	2.246e3
1586.8	1.332e3
1587.5	2.919e3
1588.1	9.300e1
1588.6	2.050e3
1589.2	3.870e2
1589.9	2.521e3
1590.7	9.540e2
1591.5	2.473e3
1592.4	1.620e3
1593.3	2.573e3
1594.2	2.286e3
1595.1	1.866e3
1595.9	2.566e3
1596.9	3.030e3
1597.7	6.810e2
1598.4	1.460e3
1599.3	1.543e3
1600.1	1.942e3
1600.7	1.440e2
1601.2	3.260e3
1602.2	1.898e3
1603.1	2.286e3
1603.8	6.410e2
1604.5	2.731e3
1605.1	7.000e1
1605.7	2.342e3
1606.3	4.900e1
1606.8	1.222e3
1607.7	2.554e3
1608.4	6.800e1
1608.9	2.700e3
1609.7	1.320e3
1610.4	2.591e3
1611.3	1.770e3
1611.9	3.100e1
1612.5	1.592e3
1613.1	1.760e2
1613.7	1.582e3
1614.7	2.291e3
1615.3	1.100e1
1615.8	2.009e3
1616.6	7.800e2
1617.5	2.356e3
1618.2	6.730e2
1618.9	2.352e3
1619.8	1.623e3
1620.8	1.829e3
1621.3	4.900e1
1621.8	2.415e3
1622.7	1.328e3
1623.5	2.444e3
1624.3	9.190e2
1625.1	3.003e3
1625.9	1.002e3
1626.6	2.320e3
1627.6	3.444e3
1628.1	2.470e2
1628.7	2.324e3
1629.6	2.398e3
1630.5	2.168e3
1631.5	1.499e3
1632.5	2.643e3
1633.3	1.518e3
1634.2	2.568e3
1635.1	9.750e2
1635.7	2.156e3
1636.7	2.548e3
1637.3	8.800e1
1637.8	2.500e3
1638.6	8.760e2
1639.3	1.291e3
1640.2	2.256e3
1641.0	1.199e3
1641.8	2.786e3
1642.5	8.690e2
1643.2	1.427e3
1644.2	2.077e3
1645.1	1.103e3
1645.7	4.820e2
1646.3	1.990e3
1647.0	3.930e2
1647.7	2.152e3
1648.4	1.583e3
1649.2	2.232e3
1649.8	1.710e2
1650.4	2.570e3
1650.9	1.900e1
1651.4	2.317e3
1652.1	5.120e2
1652.7	1.461e3
1653.5	2.033e3
1654.2	2.980e2
1654.8	1.575e3
1655.3	1.250e2
1655.9	2.061e3
1656.5	1.190e2
1657.0	1.881e3
1658.0	2.999e3
1658.9	1.120e3
1659.9	1.929e3
1660.5	5.170e2
1661.3	2.092e3
1662.2	2.096e3
1663.2	1.818e3
1664.1	2.016e3
1664.8	6.450e2
1665.6	2.799e3
1666.3	5.190e2
1667.1	2.615e3
1668.0	1.633e3
1669.0	2.785e3
1669.8	8.250e2
1670.5	1.986e3
1671.3	5.460e2
1672.0	2.746e3
1672.6	2.460e2
1673.2	2.127e3
1674.0	1.472e3
1674.9	1.882e3
1675.9	1.841e3
1676.5	3.650e2
1677.2	3.473e3
1678.1	1.391e3
1679.1	2.402e3
1679.6	9.900e1
1680.3	2.729e3
1680.8	1.380e2
1681.4	1.866e3
1682.3	1.780e3
1683.0	3.620e2
1683.6	1.327e3
1684.2	1.800e2
1684.7	1.001e3
1685.7	2.560e3
1686.7	1.974e3
1687.3	5.620e2
1688.0	2.668e3
1688.9	1.792e3
1689.4	1.390e2
1690.0	2.137e3
1690.6	3.450e2
1691.3	1.846e3
1692.2	1.632e3
1693.2	2.074e3
1693.8	4.450e2
1694.3	3.165e3
1695.0	5.080e2
1695.6	2.590e3
1696.4	6.060e2
1697.0	1.383e3
1697.9	2.747e3
1698.8	1.393e3
1699.7	1.400e3
1700.4	5.790e2
1701.3	2.875e3
1702.1	7.940e2
1703.0	2.138e3
1703.8	1.089e3
1704.8	1.389e3
1705.6	2.429e3
1706.5	7.100e2
1707.3	2.024e3
1708.3	1.824e3
1708.8	1.600e2
1709.4	1.835e3
1710.0	2.720e2
1710.6	2.093e3
1711.6	1.554e3
1712.6	2.316e3
1713.5	1.123e3
1714.1	2.360e2
1714.7	1.886e3
1715.6	2.367e3
1716.5	2.581e3
1717.2	2.940e2
1717.9	2.608e3
1718.6	4.120e2
1719.2	2.106e3
1719.9	4.090e2
1720.6	2.054e3
1721.4	2.680e2
1722.1	2.363e3
1723.1	1.211e3
1723.7	2.950e2
1724.3	2.144e3
1724.9	4.000e1
1725.4	3.125e3
1726.3	1.670e3
1727.3	2.368e3
1728.3	1.924e3
1728.9	8.900e1
1729.4	2.647e3
1730.4	2.436e3
1731.1	3.130e2
1731.7	1.972e3
1732.6	2.288e3
1733.4	2.719e3
1734.3	1.159e3
1735.2	2.955e3
1736.0	1.380e3
1736.6	4.600e1
1737.1	2.736e3
1737.7	1.000e2
1738.3	1.232e3
1739.2	2.011e3
1739.9	4.920e2
1740.5	3.019e3
1741.4	1.202e3
1742.1	3.750e2
1742.7	2.724e3
1743.6	1.422e3
1744.4	2.958e3
1745.3	2.188e3
1745.9	2.370e2
1746.5	2.172e3
1747.2	1.245e3
1748.1	2.080e3
1749.0	1.059e3
1749.8	1.629e3
1750.5	3.510e2
1751.1	1.971e3
1751.8	9.610e2
1752.6	3.044e3
1753.2	6.700e2
1754.1	1.388e3
1755.0	2.860e3
1755.5	1.050e2
1756.1	2.601e3
1756.8	5.080e2
1757.5	2.659e3
1758.1	2.860e2
1758.8	9.240e2
1759.6	1.191e3
1760.5	1.315e3
1761.1	1.490e2
1761.7	2.696e3
1762.3	2.120e2
1762.9	2.442e3
1763.6	8.890e2
1764.3	1.808e3
1765.4	2.436e3
1766.1	5.250e2
1766.8	1.802e3
1767.4	5.940e2
1768.0	3.358e3
1768.6	5.900e2
1769.2	1.608e3
1770.3	2.400e3
1771.0	4.160e2
1771.6	2.286e3
1772.2	2.730e2
1772.8	2.033e3
1773.7	9.420e2
1774.8	2.920e3
1775.7	1.458e3
1776.6	2.098e3
1777.4	2.533e3
1778.2	5.050e2
1779.0	1.706e3
1779.6	2.890e2
1780.2	1.402e3
1781.1	2.498e3
1782.0	1.124e3
1783.0	2.693e3
1784.0	2.294e3
1784.7	2.140e2
1785.2	1.535e3
1786.0	5.070e2
1786.8	2.210e3
1787.8	2.080e3
1788.7	2.116e3
1789.6	2.127e3
1790.2	1.650e2
1790.8	1.001e3
1791.7	1.973e3
1792.6	1.168e3
1793.4	1.781e3
1794.1	6.950e2
1794.9	1.517e3
1795.9	1.849e3
1796.8	2.331e3
1797.6	6.190e2
1798.3	2.213e3
1799.2	9.200e2
1800.0	1.973e3
1801.0	2.524e3
1801.9	1.545e3
1802.5	3.710e2
1803.0	1.485e3
1803.7	7.500e2
1804.5	1.561e3
1805.2	4.910e2
1805.9	2.326e3
1806.6	4.300e1
1807.1	2.195e3
1808.0	1.684e3
1808.7	7.050e2
1809.4	2.039e3
1810.0	6.900e1
1810.6	2.627e3
1811.2	1.210e2
1811.8	2.209e3
1812.4	1.570e2
1813.0	2.441e3
1813.6	4.400e2
1814.3	2.527e3
1815.2	9.550e2
1816.0	2.554e3
1816.9	3.900e2
1817.6	1.390e3
1818.2	8.300e1
1818.7	1.632e3
1819.3	1.440e2
1819.9	2.258e3
1820.5	7.000e1
1821.0	2.842e3
1821.6	1.540e2
1822.1	1.951e3
1823.1	1.890e3
1824.0	2.522e3
1824.9	1.340e3
1825.4	3.200e1
1825.9	2.330e3
1826.5	1.570e2
1827.0	3.608e3
1827.9	1.293e3
1828.7	6.130e2
1829.3	2.395e3
1830.3	1.704e3
1830.9	1.860e2
1831.5	2.285e3
1832.2	9.050e2
1833.0	2.173e3
1834.0	1.658e3
1834.5	2.150e2
1835.1	1.051e3
1835.9	1.899e3
1836.7	8.190e2
1837.7	1.593e3
1838.3	2.880e2
1839.0	1.952e3
1839.6	5.200e1
1840.2	2.249e3
1841.2	1.737e3
1841.8	3.650e2
1842.5	2.363e3
1843.3	6.000e2
1844.0	1.921e3
1844.8	4.680e2
1845.5	1.858e3
1846.5	1.772e3
1847.5	2.176e3
1848.1	4.360e2
1848.7	1.978e3
1849.6	1.542e3
1850.6	1.574e3
1851.6	1.846e3
1852.6	1.762e3
1853.5	1.607e3
1854.1	5.470e2
1854.9	1.920e3
1855.9	1.881e3
1856.8	1.241e3
1857.3	2.030e2
1857.9	1.995e3
1858.7	9.900e2
1859.5	2.026e3
1860.3	7.120e2
1861.0	2.227e3
1861.7	9.290e2
1862.5	2.135e3
1863.2	3.910e2
1863.9	2.047e3
1864.7	7.170e2
1865.5	1.670e3
1866.5	2.394e3
1867.1	3.800e2
1867.8	1.510e3
1868.7	2.181e3
1869.5	4.420e2
1870.4	1.679e3
1871.2	1.678e3
1872.2	1.679e3
1873.0	5.800e2
1873.6	2.911e3
1874.6	2.108e3
1875.6	2.215e3
1876.4	8.940e2
1877.4	1.864e3
1878.4	1.653e3
1879.2	1.889e3
1880.0	1.227e3
1880.6	7.270e2
1881.2	2.396e3
1882.0	1.022e3
1882.8	2.297e3
1883.4	2.700e1
1883.9	1.597e3
1884.6	8.650e2
1885.6	1.402e3
1886.6	2.242e3
1887.4	6.310e2
1888.1	1.359e3
1889.0	2.222e3
1889.8	3.520e2
1890.4	1.810e3
1891.3	1.096e3
1892.2	2.234e3
1892.8	5.780e2
1893.4	2.349e3
1893.9	2.900e1
1894.4	1.727e3
1895.4	2.754e3
1896.0	3.450e2
1896.5	1.818e3
1897.4	1.039e3
1898.4	7.090e2
1899.1	1.724e3
1900.0	6.720e2
1900.9	2.640e3
1901.8	1.320e3
1902.7	2.400e3
1903.5	9.980e2
1904.3	1.665e3
1905.3	1.633e3
1905.9	3.550e2
1906.5	1.898e3
1907.2	4.700e2
1907.9	2.258e3
1908.8	1.850e3
1909.5	4.460e2
1910.3	2.250e3
1910.9	4.130e2
1911.6	1.846e3
1912.2	4.320e2
1912.8	1.992e3
1913.7	1.058e3
1914.5	2.010e3
1915.3	4.660e2
1916.0	1.272e3
1917.0	1.612e3
1918.0	9.180e2
1918.7	2.140e2
1919.3	2.029e3
1920.2	1.548e3
1921.2	2.091e3
1922.0	8.760e2
1922.7	2.864e3
1923.5	1.811e3
1924.3	6.100e2
1925.2	2.045e3
1926.1	1.963e3
1927.1	9.340e2
1927.8	1.897e3
1928.4	4.000e0
1928.9	2.116e3
1929.7	1.649e3
1930.6	1.774e3
1931.6	1.080e3
1932.5	5.000e2
1933.3	1.515e3
1933.9	7.160e2
1934.6	2.030e3
1935.6	2.407e3
1936.3	4.930e2
1936.9	2.482e3
1937.6	7.300e1
1938.2	2.435e3
1938.8	2.140e2
1939.4	2.047e3
1940.4	1.440e3
1940.9	3.300e1
1941.5	1.682e3
1942.1	3.810e2
1942.7	1.304e3
1943.6	2.038e3
1944.2	3.310e2
1944.9	2.127e3
1945.4	4.600e1
1945.9	1.771e3
1946.5	5.350e2
1947.2	2.465e3
1947.9	5.900e2
1948.5	1.544e3
1949.6	2.137e3
1950.3	6.630e2
1951.0	2.421e3
1951.6	3.140e2
1952.2	2.323e3
1953.2	2.273e3
1954.2	2.246e3
1955.2	2.360e3
1956.1	1.177e3
1957.2	1.379e3
1957.8	1.460e2
1958.4	1.682e3
1959.1	1.230e2
1959.6	2.387e3
1960.2	1.190e2
1960.8	1.749e3
1961.4	2.160e2
1962.0	2.154e3
1962.9	8.370e2
1963.7	2.467e3
1964.5	8.560e2
1965.3	2.337e3
1965.9	2.810e2
1966.5	2.326e3
1967.5	1.922e3
1968.4	1.844e3
1969.3	1.001e3
1970.3	1.839e3
1970.8	1.790e2
1971.4	1.592e3
1972.4	1.590e3
1973.4	2.442e3
1974.3	1.298e3
1975.1	5.820e2
1975.8	1.057e3
1976.3	4.000e0
1976.8	1.478e3
1977.4	8.200e1
1977.9	1.986e3
1978.9	9.450e2
1979.7	1.369e3
1980.3	2.130e2
1980.9	1.493e3
1981.5	1.710e2
1982.1	1.644e3
1983.0	6.320e2
1983.8	1.620e3
1984.5	3.440e2
1985.2	1.615e3
1985.9	4.990e2
1986.7	1.549e3
1987.7	2.154e3
1988.4	4.280e2
1989.2	1.347e3
1990.1	1.936e3
1991.0	1.225e3
1991.6	5.100e1
1992.1	9.320e2
1993.1	1.662e3
1993.9	1.277e3
1994.5	5.700e1
1995.0	1.544e3
1996.0	1.412e3
1997.1	1.365e3
1997.7	4.780e2
1998.3	2.061e3
1998.9	1.680e2
1999.5	1.812e3
