100.4	1.285e5
101.0	1.468e6
102.0	3.241e5
103.0	3.666e5
103.7	1.764e4
104.3	2.727e5
105.2	9.157e4
106.0	2.050e5
107.0	2.334e5
108.0	1.284e6
108.9	3.854e5
109.4	2.010e4
109.9	6.238e5
111.0	1.388e6
112.0	5.530e5
112.9	2.199e5
114.0	3.853e5
115.0	7.636e5
115.6	4.510e3
116.1	2.777e5
117.0	2.582e5
118.0	4.972e5
119.0	8.035e5
120.1	4.907e5
121.0	2.236e5
121.6	2.003e3
122.1	7.578e5
123.1	1.357e5
124.0	1.343e5
124.5	1.838e3
125.1	1.429e5
126.0	6.650e5
127.1	2.333e5
128.0	1.146e5
129.0	2.582e5
129.5	3.437e3
130.1	2.270e5
131.0	1.043e6
131.5	8.350e2
132.0	1.878e5
132.6	2.450e2
133.1	5.646e5
134.1	2.152e5
135.0	1.457e5
136.0	1.708e6
136.5	1.563e3
137.0	4.145e5
137.5	1.898e3
138.1	8.468e5
139.1	1.453e5
140.0	2.362e5
141.0	3.067e5
142.0	1.097e6
143.0	1.757e5
144.1	4.112e5
145.0	1.588e5
146.0	2.450e5
147.0	2.339e5
147.5	1.066e3
148.1	8.861e4
149.0	5.772e5
150.1	2.413e5
151.1	9.885e4
151.6	1.242e3
152.1	1.025e5
153.1	9.353e4
154.0	4.442e5
154.5	2.823e3
155.1	4.406e5
156.1	1.791e5
157.0	5.548e5
158.0	5.277e5
159.0	2.969e6
160.1	5.892e5
160.6	1.108e3
161.1	1.161e5
162.0	2.474e5
162.5	9.490e2
163.1	2.226e5
164.0	7.203e5
165.1	2.653e5
166.1	7.434e4
167.0	9.711e4
167.8	2.658e5
168.8	7.165e4
169.5	6.964e3
170.1	1.235e5
171.1	3.536e5
172.1	4.107e5
173.1	5.980e5
173.6	3.289e3
174.1	1.908e5
174.9	5.129e4
175.5	3.376e5
176.3	1.476e5
177.0	8.815e5
177.9	2.239e5
178.5	1.054e4
179.2	2.006e5
180.1	1.550e5
181.1	2.037e5
182.0	2.669e5
182.5	4.726e3
183.1	7.859e5
183.6	1.704e3
184.2	2.226e5
185.1	1.640e6
186.0	3.256e5
187.0	1.626e6
188.1	2.709e5
189.1	1.721e5
190.1	1.511e5
191.0	1.568e5
192.0	6.080e5
193.1	2.275e5
193.6	4.732e3
194.2	3.632e5
195.1	2.271e5
196.2	2.412e6
197.2	5.828e5
198.2	8.544e5
199.2	1.808e5
200.1	3.383e5
201.1	2.202e5
202.1	1.461e5
203.1	3.284e5
204.0	1.540e5
205.1	2.564e5
205.6	1.279e3
206.1	1.727e5
207.2	9.494e4
208.0	1.247e5
208.5	5.940e2
209.0	1.866e5
209.6	5.960e2
210.1	1.459e5
211.1	1.230e5
212.1	1.294e5
213.0	5.686e4
214.1	1.001e7
215.2	1.323e6
216.2	7.306e5
217.1	3.356e5
217.7	1.673e3
218.2	5.035e5
219.2	1.727e5
220.1	2.190e5
220.6	5.091e3
221.2	1.406e5
222.1	1.254e5
223.0	7.520e4
223.5	1.831e3
224.1	1.745e5
225.1	1.195e5
226.0	9.420e4
227.0	2.211e5
227.6	1.404e3
228.1	1.495e5
229.1	9.841e4
230.0	8.409e4
230.5	3.084e3
231.1	2.335e5
232.1	1.515e5
233.1	1.450e5
234.1	1.745e5
235.0	9.730e4
236.1	2.315e6
237.1	4.938e5
238.1	3.003e5
239.1	1.409e5
240.0	5.909e4
240.6	4.570e2
241.1	6.611e4
242.0	1.690e5
242.6	2.170e3
243.1	1.373e5
244.0	8.629e4
244.6	1.148e3
245.1	7.522e4
246.1	5.325e4
247.1	1.294e5
248.1	7.547e4
249.0	5.171e4
249.6	1.676e3
250.1	1.144e5
251.1	6.288e4
252.1	1.723e5
253.0	9.745e4
253.6	6.756e3
254.1	2.196e5
255.1	1.266e5
255.6	1.499e3
256.1	5.737e4
257.1	5.236e4
258.0	4.939e4
258.6	3.827e3
259.1	2.066e5
260.1	1.067e5
260.6	4.871e3
261.2	1.196e5
262.1	4.888e4
262.9	1.056e5
263.5	2.023e3
264.0	8.442e4
264.5	2.602e3
265.1	4.622e4
266.1	6.307e4
267.1	4.471e4
268.1	3.823e4
269.1	3.434e4
270.0	4.460e4
270.9	7.664e4
271.5	1.120e4
272.1	7.020e4
272.6	1.037e3
273.1	6.255e4
273.6	1.206e3
274.2	6.525e4
275.1	5.003e4
276.0	8.456e4
277.0	1.122e5
277.6	2.457e3
278.1	7.229e4
278.6	3.870e2
279.1	1.228e5
280.1	6.551e4
281.0	1.212e5
282.0	7.573e4
282.5	6.020e2
283.0	8.951e4
284.0	5.848e4
285.0	6.792e4
285.6	2.839e3
286.1	5.855e4
287.1	6.760e4
287.6	2.544e3
288.2	6.561e4
289.2	6.211e4
290.1	4.420e4
291.1	3.434e4
292.1	6.024e4
293.0	4.441e4
293.5	4.420e2
294.0	6.664e4
295.0	4.991e4
295.6	1.595e3
296.1	6.647e4
296.6	3.106e3
297.2	3.706e4
298.2	4.459e4
299.1	3.686e4
300.0	5.072e4
300.6	1.764e3
301.2	6.421e4
302.1	4.890e4
303.1	9.575e4
304.0	1.395e5
304.6	7.450e2
305.1	1.021e5
306.1	4.276e4
307.0	7.270e4
307.5	4.370e2
308.0	4.854e4
309.0	6.161e4
309.6	6.658e3
310.2	5.247e4
311.2	5.099e4
312.1	5.513e4
312.7	8.610e2
313.2	7.105e4
314.1	1.102e5
315.1	4.279e4
316.1	6.499e4
317.1	4.114e4
318.1	3.815e4
319.1	2.890e4
320.0	4.896e4
321.2	8.316e4
322.1	6.143e4
323.1	4.515e4
323.6	8.380e2
324.1	4.267e4
325.1	4.321e4
325.6	2.300e3
326.1	1.237e5
327.1	5.367e4
327.6	4.380e2
328.1	4.667e4
329.1	7.290e4
329.6	3.053e3
330.2	5.338e4
331.1	2.999e5
331.6	5.200e2
332.1	1.314e5
333.0	7.146e4
333.6	6.250e2
334.1	5.520e4
335.1	3.645e4
336.0	5.832e4
336.5	2.383e3
337.1	5.026e4
338.1	4.614e4
338.6	1.250e3
339.1	4.521e4
340.1	6.463e4
340.6	5.200e2
341.1	4.325e4
342.0	4.744e4
342.6	1.240e2
343.1	3.926e4
344.1	6.146e4
345.1	6.816e4
346.1	4.003e4
347.1	6.543e4
347.9	6.708e4
348.5	4.660e3
349.1	2.377e5
349.6	6.564e3
350.2	8.551e4
351.0	5.215e4
352.0	6.392e4
352.6	1.127e3
353.1	4.801e4
354.1	3.401e5
354.6	1.818e3
355.1	1.476e5
356.1	6.333e4
357.1	1.245e5
357.6	1.797e3
358.1	3.715e4
359.1	2.926e5
359.6	8.410e2
360.1	7.332e4
361.0	6.428e4
362.0	3.692e4
362.5	7.890e2
363.1	8.473e4
364.1	4.182e4
364.7	4.444e3
365.3	5.716e4
366.1	4.111e4
367.1	3.058e4
367.6	1.219e3
368.1	4.479e4
369.1	3.695e4
370.0	2.504e4
371.0	4.982e4
371.5	2.045e3
372.1	6.492e4
373.1	3.627e4
374.1	3.827e4
374.6	6.030e2
375.1	6.362e4
375.6	2.937e3
376.2	3.994e4
377.1	1.067e5
378.0	5.236e4
379.0	5.093e4
379.5	1.932e3
380.0	3.943e4
381.0	4.623e4
381.6	1.190e3
382.1	3.362e4
383.0	2.634e4
383.8	3.014e4
384.4	4.750e2
384.9	2.550e4
385.8	4.512e4
386.3	1.031e3
386.9	2.572e4
387.4	1.830e3
388.0	2.452e4
389.0	3.414e4
389.5	1.989e3
390.1	3.632e4
390.7	2.579e3
391.2	5.873e4
392.1	3.906e4
393.1	3.789e4
394.1	2.870e4
394.6	1.020e3
395.1	4.088e4
396.2	3.528e4
397.2	3.728e4
397.7	3.020e2
398.2	3.903e4
399.3	3.369e4
400.1	3.211e4
401.1	3.170e4
402.0	2.425e4
403.0	4.072e4
403.9	2.589e4
404.6	4.067e3
405.2	5.033e4
406.1	3.175e4
406.7	9.790e2
407.2	3.313e4
408.1	2.946e4
409.1	4.608e4
409.7	1.476e3
410.2	2.278e4
411.1	4.288e4
411.6	2.514e3
412.2	3.579e4
412.7	9.000e1
413.2	3.771e4
414.0	2.314e4
414.9	2.689e4
415.6	7.652e3
416.2	2.159e4
417.3	2.596e4
418.1	1.804e4
419.0	2.131e4
419.9	2.187e4
420.6	2.507e3
421.1	2.361e4
422.1	2.115e4
422.6	1.702e3
423.2	3.091e4
424.1	1.875e4
424.6	8.390e2
425.1	2.815e4
425.7	1.876e3
426.2	3.131e4
427.2	4.198e4
428.1	1.771e4
429.1	3.234e4
430.1	3.007e4
430.7	2.828e3
431.2	6.481e4
431.8	2.753e3
432.3	3.629e4
432.9	3.466e3
433.5	3.576e4
434.3	1.504e4
435.1	2.744e4
435.7	1.519e3
436.2	2.008e4
437.2	2.155e4
438.1	1.603e4
439.1	1.012e4
440.0	1.845e4
441.0	2.199e4
441.9	1.467e4
442.5	1.448e3
443.0	1.706e4
443.7	1.988e4
444.4	3.941e3
445.0	2.376e4
446.0	2.784e4
447.0	3.028e4
448.1	2.263e4
448.7	1.370e3
449.3	1.500e5
449.8	1.860e2
450.3	4.680e4
451.4	3.760e4
452.2	1.491e4
452.9	2.492e4
453.4	7.480e2
454.0	2.416e4
454.5	9.760e2
455.0	2.487e4
456.1	2.356e4
457.1	2.514e4
458.0	1.888e4
459.0	2.562e4
459.5	2.252e3
460.0	2.731e4
461.1	1.314e4
462.0	1.849e4
462.5	4.630e2
463.1	2.769e4
463.7	1.898e3
464.3	1.551e4
465.1	1.665e4
465.9	9.162e3
466.7	1.829e4
467.6	1.755e4
468.2	1.950e3
468.9	2.105e4
469.4	3.384e3
469.9	2.082e4
470.5	7.640e2
471.1	9.600e3
471.9	2.593e4
472.5	2.396e3
473.1	2.022e4
473.8	4.447e3
474.4	1.850e4
475.2	4.937e3
476.0	4.069e4
476.8	7.487e3
477.6	2.666e4
478.2	3.520e3
478.9	2.514e4
479.9	2.364e4
480.8	7.488e3
481.6	2.145e4
482.6	1.710e4
483.2	5.077e3
484.0	2.147e4
485.0	1.466e4
485.7	3.255e3
486.3	1.923e4
486.8	5.660e2
487.4	1.498e4
488.2	3.784e3
488.9	1.687e4
489.9	2.126e4
490.6	2.416e3
491.3	1.324e4
492.1	9.050e3
493.0	1.605e4
493.5	4.390e2
494.0	1.922e4
495.0	2.105e4
496.0	2.243e4
497.0	1.292e4
498.0	2.217e4
499.0	2.595e4
499.8	1.965e4
500.4	2.060e3
501.1	1.714e4
502.0	7.096e3
502.8	1.136e4
503.4	1.220e3
504.0	1.938e4
504.9	1.209e4
505.7	1.599e4
506.2	1.650e2
506.7	1.735e4
507.3	5.940e2
507.9	2.239e4
508.8	1.446e4
509.4	1.766e3
510.0	1.978e4
510.6	9.040e2
511.2	1.533e4
512.1	1.297e4
513.1	2.108e4
514.1	1.023e4
515.0	2.982e4
515.8	3.611e3
516.5	1.814e4
517.1	4.788e3
517.8	1.854e4
518.8	2.051e4
519.5	1.041e3
520.1	1.746e4
521.1	2.041e4
521.8	2.760e3
522.4	1.785e4
523.1	7.356e3
524.0	1.546e4
525.1	1.925e4
525.6	8.150e2
526.2	4.232e4
527.1	3.027e4
527.9	1.779e4
529.0	2.117e4
529.5	9.370e2
530.1	1.078e4
530.9	1.292e4
531.5	3.240e3
532.1	1.578e4
532.7	3.030e2
533.2	1.595e4
534.0	8.988e3
534.6	1.346e3
535.2	1.495e4
536.1	1.508e4
536.7	1.167e3
537.2	1.277e4
537.7	6.240e2
538.3	1.250e4
539.3	1.256e4
540.2	7.676e3
541.0	1.482e4
541.9	1.462e4
542.4	9.280e2
543.1	1.541e4
544.0	9.161e3
544.7	1.923e4
545.3	1.017e3
545.9	1.509e4
546.5	7.180e2
547.0	1.367e4
548.1	1.502e4
548.9	1.481e4
549.7	3.744e3
550.4	1.563e4
551.2	6.216e3
552.0	1.379e4
552.8	8.398e3
553.7	1.946e4
554.4	5.644e3
555.2	1.718e4
555.8	3.650e3
556.5	1.419e4
557.2	3.135e3
558.0	1.952e4
559.0	1.088e4
559.9	4.863e3
560.7	1.821e4
561.3	2.875e3
561.9	1.039e4
562.6	2.126e3
563.3	5.520e3
564.1	1.913e4
565.0	7.909e3
565.7	1.760e4
566.7	4.794e3
567.3	1.792e4
568.1	9.764e3
569.0	6.874e3
569.6	6.690e2
570.2	1.620e4
571.1	9.831e3
572.1	1.319e4
573.2	1.277e4
573.9	4.647e3
574.7	1.542e4
575.4	8.306e3
576.2	1.370e4
577.0	1.241e4
578.0	7.337e3
578.8	1.176e4
579.8	1.393e4
580.4	1.086e3
580.9	1.424e4
581.9	1.066e4
582.5	6.210e2
583.0	1.657e4
584.0	9.545e3
584.9	1.176e4
585.9	8.412e3
586.9	9.684e3
588.0	6.974e3
588.5	2.340e2
589.1	5.436e3
589.9	1.128e4
590.5	5.950e2
591.0	7.797e3
592.0	8.860e3
592.8	6.631e3
593.4	6.620e2
594.1	1.111e4
594.9	4.484e3
595.7	1.132e4
596.4	6.950e2
596.9	1.506e4
598.0	1.485e4
598.5	5.260e2
599.1	7.819e3
600.0	1.759e4
600.9	1.222e4
601.5	5.670e2
602.0	6.160e3
602.6	2.450e2
603.2	5.963e3
604.0	1.446e4
604.8	8.625e3
606.0	6.358e3
606.8	4.087e3
607.5	9.720e3
608.1	4.610e2
608.7	6.628e3
609.6	1.188e4
610.6	4.870e3
611.5	1.017e4
612.2	2.305e3
612.9	8.135e3
613.8	8.559e3
614.8	7.967e3
615.4	5.930e2
615.9	7.720e3
616.9	1.474e4
617.7	5.690e3
618.6	5.424e3
619.5	8.023e3
620.5	1.280e4
621.0	8.240e2
621.7	5.039e3
622.6	1.062e4
623.2	6.020e2
623.7	9.232e3
624.9	1.134e4
625.9	6.276e3
627.1	1.163e4
628.2	1.123e4
629.1	7.441e3
629.8	2.270e2
630.4	1.474e4
631.1	4.635e3
631.8	1.458e3
632.5	8.474e3
633.2	3.092e3
634.0	8.169e3
635.0	1.088e4
635.9	9.971e3
636.9	1.124e4
637.8	4.562e3
638.8	8.499e3
639.5	4.589e3
640.4	3.967e3
641.0	1.788e4
641.8	5.865e3
642.5	6.640e2
643.0	1.043e4
643.6	5.300e2
644.2	4.471e3
644.9	1.132e4
645.9	1.031e4
646.5	2.150e2
647.0	4.468e3
647.9	5.503e3
648.8	6.962e3
649.6	1.026e4
650.2	1.457e3
650.8	7.596e3
651.6	5.410e2
652.1	1.039e4
653.0	9.149e3
653.8	2.411e3
654.6	9.864e3
655.6	7.830e3
656.4	4.767e3
657.2	7.169e3
658.1	2.605e3
658.8	1.139e4
659.9	1.350e4
660.8	5.757e3
661.6	8.156e3
662.3	1.185e3
662.9	2.996e3
664.1	7.891e3
664.9	4.035e3
665.8	1.318e4
666.6	5.016e3
667.4	3.140e3
668.2	6.293e3
668.8	1.321e3
669.5	8.678e3
670.2	2.255e3
671.2	4.297e3
672.2	9.234e3
672.7	1.029e3
673.3	9.594e3
674.3	1.063e4
675.5	2.857e3
676.2	5.923e3
677.2	9.382e3
677.8	1.598e3
678.4	6.021e3
679.3	6.087e3
680.0	2.054e3
680.9	4.750e3
681.4	1.560e2
682.0	5.925e3
683.1	8.963e3
683.9	4.160e3
684.7	1.475e4
685.3	9.190e2
685.9	5.460e3
687.0	3.880e3
687.8	1.453e4
688.8	6.279e3
689.3	6.900e2
689.8	8.434e3
690.8	5.109e3
691.7	6.982e3
692.2	6.170e2
693.0	8.351e3
694.0	2.287e3
694.8	4.732e3
695.6	3.239e3
696.4	5.618e3
697.2	4.438e3
697.9	2.724e3
698.7	1.044e4
699.7	4.826e3
700.6	1.406e3
701.2	5.063e3
702.1	2.433e3
702.8	1.419e4
703.3	1.241e3
704.0	6.093e3
704.7	9.968e3
705.6	4.880e3
706.2	2.390e2
706.7	3.985e3
707.3	1.729e3
708.2	5.762e3
708.8	1.515e3
709.4	6.429e3
710.1	1.478e3
710.9	6.888e3
711.4	1.365e3
712.1	6.749e3
713.0	3.969e3
713.6	7.944e3
714.4	3.556e3
715.4	6.232e3
715.9	5.020e2
716.6	5.025e3
717.2	1.490e2
717.8	8.936e3
718.5	1.769e3
719.1	1.016e4
719.9	4.123e3
720.9	8.162e3
721.7	4.051e3
722.7	9.458e3
723.5	5.101e3
724.4	5.765e3
725.5	4.356e3
726.2	3.043e3
726.8	4.320e2
727.4	4.238e3
728.3	7.997e3
729.3	4.004e3
729.9	5.170e2
730.6	5.756e3
731.4	1.253e3
732.1	4.450e3
733.0	5.701e3
733.8	5.515e3
734.9	8.174e3
735.5	1.340e3
736.2	9.281e3
737.2	6.880e3
738.2	6.257e3
739.0	5.841e3
740.2	2.974e3
740.8	9.720e2
741.4	6.314e3
742.0	1.536e3
742.7	7.124e3
743.8	3.923e3
744.8	5.850e3
745.9	6.997e3
746.8	8.142e3
747.6	1.352e3
748.3	6.213e3
749.3	1.012e4
750.0	2.312e3
750.7	8.675e3
751.6	4.059e3
752.7	8.042e3
753.6	2.134e3
754.6	5.214e3
755.6	6.306e3
756.4	7.840e2
757.0	4.191e3
757.9	8.441e3
758.5	1.051e3
759.0	8.616e3
759.7	9.040e2
760.4	6.953e3
761.0	2.322e3
761.6	6.090e3
762.2	3.960e2
762.8	5.828e3
763.7	2.197e3
764.4	7.664e3
765.4	5.293e3
766.2	5.629e3
766.9	2.758e3
767.7	9.960e2
768.2	4.922e3
768.9	2.100e3
769.5	4.942e3
770.3	3.149e3
770.9	1.051e4
771.5	1.352e3
772.2	1.073e4
773.1	4.985e3
774.1	5.508e3
775.0	2.784e3
776.0	3.177e3
776.9	8.036e3
777.9	5.125e3
779.0	5.792e3
780.1	4.970e3
781.0	5.942e3
781.9	4.853e3
783.2	9.915e3
783.8	1.673e3
784.4	1.980e3
785.2	3.571e3
786.0	1.191e3
787.0	1.443e4
787.7	2.310e2
788.2	8.770e2
788.8	4.452e3
789.8	7.542e3
790.9	2.431e3
791.8	4.921e3
792.6	5.872e3
793.5	1.660e3
794.3	3.562e3
795.2	8.580e3
795.8	1.323e3
796.6	4.128e3
797.4	1.307e3
798.1	8.347e3
799.3	5.024e3
800.5	5.543e3
801.1	8.400e1
801.7	5.562e3
802.7	5.183e3
803.6	5.563e3
804.4	2.641e3
805.2	5.386e3
806.0	6.807e3
806.9	3.596e3
807.7	1.332e3
808.5	4.268e3
809.1	5.950e2
809.7	2.876e3
810.9	4.344e3
811.5	5.880e2
812.1	3.041e3
812.9	3.899e3
813.5	1.683e3
814.1	5.888e3
815.1	2.205e3
815.9	6.723e3
816.7	6.698e3
817.3	2.661e3
818.3	3.216e3
819.0	3.470e2
819.6	5.022e3
820.6	3.321e3
821.5	5.264e3
822.4	6.381e3
823.2	3.092e3
824.3	3.765e3
824.8	3.890e2
825.4	2.289e3
826.3	2.925e3
826.9	1.537e3
827.4	6.400e1
828.0	3.507e3
829.1	6.072e3
830.0	4.191e3
830.8	1.810e3
831.6	8.497e3
832.8	4.604e3
833.5	4.510e2
834.1	4.522e3
834.9	5.026e3
836.0	4.440e3
837.0	5.403e3
837.9	3.245e3
838.5	1.180e2
839.0	9.045e3
839.6	5.180e2
840.2	5.404e3
841.1	9.010e3
842.1	5.478e3
843.0	1.328e3
843.7	5.065e3
844.7	1.710e3
845.4	6.598e3
846.2	2.840e2
846.8	5.158e3
847.5	1.808e3
848.1	4.611e3
849.1	7.081e3
849.8	2.347e3
850.4	3.632e3
851.3	1.321e3
852.0	9.260e2
852.6	4.677e3
853.2	1.244e3
854.0	5.429e3
854.5	8.440e2
855.1	9.056e3
855.9	2.532e3
856.5	6.735e3
857.4	3.139e3
858.3	1.047e4
858.9	1.168e3
859.5	8.430e2
860.5	3.430e3
861.5	3.061e3
862.7	3.820e3
863.2	1.450e2
863.7	3.169e3
864.6	6.590e3
865.5	4.989e3
866.0	2.560e2
866.6	3.183e3
867.7	2.061e3
868.2	5.100e1
869.1	3.705e3
870.1	5.069e3
870.8	1.214e3
871.6	4.379e3
872.1	7.000e2
872.7	4.204e3
873.7	1.561e3
874.6	8.800e2
875.3	5.383e3
876.3	2.426e3
877.1	6.062e3
877.9	1.981e3
878.9	7.581e3
879.5	1.550e3
880.2	4.603e3
881.0	3.347e3
881.5	3.060e2
882.1	7.379e3
883.4	6.883e3
884.4	3.091e3
885.4	3.448e3
886.5	1.608e3
887.2	3.367e3
888.2	2.515e3
889.0	7.646e3
890.0	1.835e3
891.1	1.937e3
892.1	7.732e3
892.9	4.098e3
894.0	2.514e3
895.3	3.331e3
896.2	8.276e3
897.5	2.171e3
898.4	2.442e3
899.2	1.854e3
899.9	5.242e3
900.9	4.096e3
901.5	3.770e2
902.1	4.487e3
902.7	3.202e3
903.6	3.089e3
904.2	4.460e2
904.9	3.943e3
905.7	2.895e3
906.9	2.687e3
907.6	6.049e3
908.3	1.039e3
909.2	3.246e3
910.1	4.423e3
910.7	6.590e2
911.3	3.813e3
911.8	2.850e2
912.4	5.978e3
913.2	6.660e2
913.7	1.020e2
914.4	6.081e3
915.4	5.042e3
916.2	1.432e3
917.1	3.707e3
918.0	3.260e3
919.1	9.900e2
919.9	5.900e1
920.8	4.462e3
921.4	5.720e2
922.1	2.113e3
923.0	3.036e3
923.9	9.840e2
924.8	4.854e3
925.7	1.953e3
926.8	9.900e1
927.5	4.828e3
928.6	2.848e3
929.7	4.967e3
930.8	5.125e3
931.8	2.907e3
932.7	3.639e3
933.6	3.259e3
934.6	4.175e3
935.6	1.554e3
936.5	2.122e3
937.3	2.130e3
938.4	1.890e2
939.1	3.597e3
939.8	6.810e2
940.4	2.105e3
941.0	3.500e2
941.8	6.560e3
942.6	2.426e3
943.3	3.162e3
944.2	1.796e3
944.9	1.828e3
945.7	2.938e3
946.7	7.302e3
947.6	6.620e2
948.3	4.178e3
949.4	4.286e3
950.2	2.414e3
950.9	4.710e2
951.6	1.597e3
952.4	4.697e3
953.2	5.390e2
954.0	7.650e2
954.9	3.740e3
955.7	1.004e3
956.5	4.570e2
957.1	7.216e3
957.8	2.212e3
959.0	4.314e3
959.6	1.920e2
960.2	8.970e2
961.2	4.593e3
962.1	1.153e3
962.7	2.295e3
963.4	2.732e3
964.2	2.587e3
965.0	2.295e3
965.6	1.428e3
966.4	3.362e3
967.5	5.100e1
968.2	2.934e3
969.1	2.715e3
970.1	2.926e3
970.9	7.230e2
971.7	2.518e3
972.3	2.940e2
972.8	2.115e3
973.8	6.067e3
974.6	4.140e2
975.2	3.235e3
976.1	1.507e3
976.7	2.890e3
977.4	6.240e2
978.2	3.613e3
978.8	4.290e2
979.3	2.084e3
980.4	3.248e3
981.0	8.260e2
981.9	5.022e3
982.5	1.010e2
983.1	6.404e3
983.9	4.870e2
984.6	2.876e3
985.4	5.880e2
985.9	2.288e3
987.3	4.177e3
988.0	1.237e3
989.0	3.089e3
990.1	2.717e3
991.1	4.616e3
992.2	1.474e3
992.9	3.784e3
993.7	3.037e3
994.9	2.012e3
995.6	4.370e2
996.2	5.142e3
996.8	6.800e2
997.5	4.340e3
998.2	8.260e2
999.0	2.350e3
1000.0	1.897e3
1000.5	1.500e2
1001.3	4.463e3
1002.1	2.773e3
1003.1	2.238e3
1004.4	5.120e2
1005.1	2.566e3
1006.3	2.426e3
1007.2	5.027e3
1007.9	4.490e2
1008.8	3.472e3
1009.7	3.367e3
1010.3	2.486e3
1011.1	4.932e3
1012.0	2.514e3
1012.9	3.318e3
1014.2	2.098e3
1015.0	1.893e3
1015.9	3.313e3
1016.8	6.898e3
1018.0	3.794e3
1018.8	1.738e3
1019.7	1.200e3
1020.9	3.607e3
1021.7	3.806e3
1022.4	3.267e3
1023.7	2.703e3
1024.7	2.861e3
1025.6	2.924e3
1026.5	3.020e3
1027.6	5.087e3
1028.2	2.850e2
1028.8	4.319e3
1029.8	2.508e3
1030.4	7.780e2
1031.1	2.775e3
1032.0	4.866e3
1032.9	1.831e3
1033.9	1.001e3
1034.6	5.040e2
1035.1	3.000e2
1035.8	3.228e3
1036.8	1.536e3
1037.8	2.803e3
1038.4	3.820e2
1038.9	1.583e3
1040.4	2.558e3
1041.1	1.604e3
1042.4	2.333e3
1043.2	4.278e3
1044.1	5.020e2
1045.0	2.987e3
1045.8	1.630e2
1046.5	2.749e3
1047.0	2.760e2
1048.4	4.009e3
1049.2	2.850e2
1050.0	5.460e2
1050.8	3.489e3
1051.6	7.190e2
1052.2	1.623e3
1052.9	4.065e3
1053.8	2.684e3
1054.7	1.930e2
1055.6	2.533e3
1056.6	3.089e3
1057.6	1.892e3
1058.2	3.970e2
1058.7	3.793e3
1059.4	1.290e3
1060.0	1.940e2
1060.8	1.364e3
1061.8	1.067e3
1062.4	3.874e3
1063.7	1.226e3
1064.8	4.736e3
1065.7	2.288e3
1066.2	8.420e2
1066.8	2.983e3
1067.5	2.460e2
1068.3	1.160e3
1068.8	3.030e3
1069.6	6.190e2
1070.4	4.900e2
1071.3	1.253e3
1072.0	3.160e2
1072.7	2.853e3
1073.6	2.932e3
1074.6	1.635e3
1075.5	4.637e3
1076.2	2.204e3
1076.9	2.260e2
1077.5	3.119e3
1078.1	8.600e2
1078.7	6.059e3
1079.9	1.550e3
1080.5	5.720e2
1081.0	2.166e3
1081.7	4.759e3
1083.0	6.632e3
1083.5	4.800e2
1084.2	3.309e3
1085.6	1.819e3
1086.8	1.070e2
1087.7	2.575e3
1088.7	1.649e3
1089.9	4.945e3
1090.8	3.126e3
1092.5	3.224e3
1093.3	1.072e3
1094.1	1.296e3
1094.8	5.555e3
1096.1	4.085e3
1096.8	8.780e2
1097.7	1.465e3
1098.2	5.030e2
1099.0	1.985e3
1099.9	2.049e3
1100.8	1.608e3
1101.8	8.050e2
1102.8	6.178e3
1104.0	1.910e3
1104.7	3.253e3
1106.3	1.180e3
1107.0	1.217e3
1107.9	1.561e3
1108.9	3.228e3
1110.1	2.025e3
1111.0	3.988e3
1111.7	2.733e3
1112.7	1.869e3
1113.5	4.550e2
1114.3	2.237e3
1115.0	3.570e2
1115.6	2.975e3
1116.4	4.900e3
1117.3	6.390e2
1118.0	2.543e3
1118.8	4.955e3
1120.0	4.050e3
1120.9	1.619e3
1121.7	3.428e3
1123.0	1.723e3
1124.0	2.011e3
1124.8	3.938e3
1126.2	4.332e3
1127.4	1.469e3
1128.1	2.007e3
1129.1	2.566e3
1130.3	2.800e3
1131.4	1.827e3
1132.8	3.996e3
1133.8	1.848e3
1134.7	4.458e3
1136.0	1.580e3
1136.9	2.705e3
1137.7	3.644e3
1138.8	5.390e2
1139.5	1.948e3
1140.3	1.830e3
1141.3	1.145e3
1142.4	2.123e3
1143.0	1.722e3
1143.7	7.600e1
1144.2	1.155e3
1145.1	2.702e3
1146.0	1.879e3
1147.3	2.613e3
1147.9	4.130e2
1148.5	1.381e3
1149.5	2.754e3
1150.0	8.760e2
1150.6	3.490e2
1151.4	4.200e1
1152.0	2.815e3
1153.4	3.100e3
1154.3	5.269e3
1154.9	1.770e2
1155.4	2.092e3
1156.0	4.770e2
1156.8	4.010e3
1157.7	4.421e3
1159.1	1.965e3
1159.9	1.319e3
1161.0	1.734e3
1161.8	9.150e2
1162.8	4.199e3
1163.4	9.080e2
1164.1	2.704e3
1164.9	7.834e3
1165.9	1.096e3
1166.7	2.688e3
1167.9	2.810e3
1168.8	4.090e2
1169.5	1.528e3
1170.7	3.271e3
1172.1	4.150e2
1172.7	4.244e3
1173.6	1.201e3
1174.4	1.034e3
1175.0	1.040e2
1175.8	4.630e3
1176.5	5.710e2
1177.1	1.750e2
1177.7	6.620e2
1178.3	5.540e2
1179.0	6.640e2
1179.8	3.670e2
1180.4	2.080e2
1181.0	4.266e3
1182.2	3.929e3
1182.8	1.025e3
1183.9	1.431e3
1185.0	2.197e3
1186.2	5.370e2
1187.4	2.861e3
1188.4	2.348e3
1189.5	3.000e3
1190.1	6.840e2
1190.6	3.033e3
1191.2	3.030e2
1191.8	4.971e3
1192.5	2.131e3
1193.0	2.121e3
1193.8	1.495e3
1194.8	2.622e3
1196.0	2.942e3
1196.9	8.680e2
1197.8	9.190e2
1198.9	9.720e2
1199.7	2.113e3
1200.6	3.946e3
1201.8	3.820e3
1203.3	4.410e2
1203.9	4.309e3
1204.9	2.010e2
1205.6	4.051e3
1206.6	8.750e2
1207.5	5.222e3
1208.4	3.880e2
1209.5	1.592e3
1210.9	2.152e3
1211.9	1.496e3
1212.8	1.489e3
1213.7	2.610e2
1214.3	1.209e3
1215.2	3.032e3
1216.3	2.402e3
1217.6	7.420e2
1218.5	7.370e2
1219.2	1.532e3
1219.9	3.114e3
1220.6	2.140e2
1221.1	7.750e2
1222.1	6.240e2
1223.4	1.368e3
1224.2	1.948e3
1225.0	4.613e3
1225.6	4.550e2
1227.1	3.785e3
1227.8	1.700e1
1228.3	1.559e3
1228.9	1.240e2
1229.5	2.380e3
1230.8	1.460e3
1231.8	1.587e3
1232.3	1.354e3
1233.0	9.900e1
1234.0	1.334e3
1234.5	1.220e2
1235.8	1.870e2
1237.4	2.692e3
1238.3	2.411e3
1239.4	2.106e3
1240.0	2.840e2
1240.6	1.601e3
1241.9	1.890e3
1242.6	2.260e2
1243.3	1.076e3
1244.0	1.228e3
1245.2	3.664e3
1245.8	6.800e1
1246.4	2.577e3
1247.1	3.190e2
1247.8	3.341e3
1249.6	1.293e3
1250.3	8.070e2
1251.4	1.131e3
1252.6	4.000e2
1253.7	2.415e3
1255.2	1.269e3
1256.3	1.755e3
1257.0	4.580e2
1258.5	2.660e3
1259.4	1.975e3
1260.6	6.490e2
1261.2	9.640e2
1261.9	1.694e3
1262.6	1.900e2
1263.5	4.970e2
1264.1	2.834e3
1265.0	2.127e3
1266.5	2.255e3
1267.5	2.251e3
1268.7	1.954e3
1269.6	1.690e3
1271.0	2.214e3
1271.6	3.860e2
1272.6	4.205e3
1273.6	5.082e3
1274.5	2.137e3
1275.2	4.043e3
1276.4	1.573e3
1277.4	2.976e3
1277.9	4.920e2
1278.9	1.371e3
1279.4	2.200e2
1280.8	1.849e3
1281.9	2.438e3
1282.7	8.130e2
1283.3	1.445e3
1284.5	1.905e3
1285.5	1.770e3
1286.5	1.517e3
1288.2	1.931e3
1289.2	6.181e3
1289.8	6.100e2
1290.7	7.810e2
1291.8	2.416e3
1292.6	1.421e3
1293.6	1.842e3
1294.1	6.680e2
1294.7	2.163e3
1295.5	1.223e3
1296.3	1.219e3
1297.3	2.238e3
1298.5	1.691e3
1299.4	1.714e3
1300.0	7.700e2
1300.8	3.300e2
1301.6	1.749e3
1302.8	5.563e3
1303.8	8.610e2
1304.5	1.390e2
1305.0	2.812e3
1306.9	2.571e3
1307.8	1.697e3
1308.7	3.383e3
1309.6	5.540e2
1310.3	1.592e3
1311.0	4.930e2
1312.1	1.330e3
1312.7	4.689e3
1313.6	7.010e2
1314.5	1.539e3
1315.3	2.157e3
1317.0	1.290e2
1317.6	8.750e2
1318.3	5.730e3
1319.5	1.268e3
1321.3	1.149e3
1322.1	2.156e3
1322.6	9.900e1
1323.1	5.200e2
1324.7	1.664e3
1325.9	8.180e2
1326.6	5.600e2
1327.2	9.890e2
1328.0	2.478e3
1328.7	1.553e3
1329.4	5.710e2
1330.4	4.135e3
1331.3	2.084e3
1332.8	9.200e2
1333.4	1.490e2
1334.3	1.359e3
1335.4	5.750e2
1336.0	1.938e3
1336.8	8.420e2
1337.6	1.225e3
1338.7	5.220e2
1339.3	1.970e3
1340.1	4.970e2
1341.2	1.227e3
1342.8	3.700e2
1343.6	4.580e2
1344.3	7.860e2
1345.5	3.859e3
1346.0	1.780e2
1346.7	2.130e2
1347.2	1.532e3
1348.1	2.050e3
1349.0	2.048e3
1349.8	2.590e2
1350.5	1.900e2
1351.2	1.480e3
1352.2	7.600e1
1352.8	2.040e3
1353.7	3.120e2
1354.3	4.190e2
1354.9	3.162e3
1355.5	1.202e3
1356.2	1.968e3
1356.8	2.363e3
1357.5	2.750e2
1358.1	8.970e2
1358.7	7.460e2
1359.5	1.535e3
1360.7	7.080e2
1361.5	1.135e3
1362.5	1.920e3
1363.6	6.730e2
1364.8	3.085e3
1365.6	1.002e3
1367.0	9.630e2
1367.8	4.536e3
1368.5	2.100e1
1369.2	2.591e3
1369.9	1.915e3
1371.3	1.700e1
1371.8	1.385e3
1372.7	8.840e2
1373.2	2.897e3
1374.7	8.530e2
1375.4	2.234e3
1376.2	2.800e1
1376.9	8.940e2
1377.7	2.040e2
1378.4	2.953e3
1379.1	2.100e1
1380.0	9.490e2
1380.5	4.140e2
1381.1	1.113e3
1382.0	2.400e2
1382.6	1.075e3
1384.1	2.153e3
1385.1	3.643e3
1386.1	6.150e2
1387.8	1.909e3
1388.6	1.136e3
1389.4	1.088e3
1389.9	5.060e2
1390.5	2.574e3
1391.2	2.640e2
1391.7	3.330e2
1392.7	6.810e2
1393.3	1.250e2
1394.5	1.195e3
1395.2	1.034e3
1396.3	2.291e3
1397.5	8.010e2
1398.2	1.420e3
1399.0	2.043e3
1399.6	1.440e2
1400.2	6.300e1
1400.9	2.319e3
1401.9	1.870e2
1402.4	1.444e3
1403.8	2.940e2
1404.5	2.109e3
1405.8	2.610e3
1406.6	1.382e3
1407.2	3.480e2
1407.8	1.737e3
1408.6	6.680e2
1409.8	1.745e3
1410.5	1.510e3
1412.1	1.465e3
1413.2	1.121e3
1414.0	1.078e3
1414.7	9.360e2
1415.4	1.280e2
1416.0	2.770e2
1416.7	1.239e3
1417.4	6.330e2
1418.3	2.110e3
1420.1	1.424e3
1420.9	8.390e2
1421.7	5.678e3
1422.5	4.330e2
1423.0	2.770e2
1423.8	1.441e3
1424.6	5.270e2
1425.4	2.702e3
1426.0	9.720e2
1427.2	1.309e3
1427.9	5.800e1
1428.9	6.600e2
1429.9	3.936e3
1430.5	5.740e2
1431.1	4.590e2
1432.3	2.020e2
1433.3	6.000e2
1433.9	6.760e2
1434.4	9.850e2
1435.4	2.310e2
1436.7	7.840e2
1437.7	4.400e2
1438.8	1.735e3
1439.4	1.580e2
1440.2	1.835e3
1440.8	3.880e2
1441.6	1.210e3
1442.8	1.073e3
1443.5	3.017e3
1444.1	2.290e2
1445.0	6.770e2
1446.6	3.260e2
1447.3	6.760e2
1448.2	4.093e3
1448.9	1.065e3
1449.4	4.360e2
1450.1	1.329e3
1451.2	2.910e2
1452.1	1.549e3
1452.9	3.680e2
1454.2	1.987e3
1455.6	3.450e2
1456.1	1.315e3
1457.0	2.109e3
1457.7	7.350e2
1458.4	5.500e2
1459.5	5.990e2
1460.4	6.730e2
1461.3	5.670e2
1461.9	3.670e2
1463.1	3.887e3
1464.5	8.510e2
1465.7	1.316e3
1467.4	1.278e3
1468.9	9.100e2
1469.7	9.800e1
1470.4	2.320e3
1471.8	7.050e2
1472.3	5.510e2
1473.1	1.694e3
1474.7	1.503e3
1475.6	2.862e3
1476.3	6.940e2
1477.1	8.360e2
1477.9	7.120e2
1478.8	1.941e3
1479.6	1.144e3
1480.3	1.380e2
1480.9	4.570e2
1481.6	1.027e3
1482.8	2.954e3
1484.5	1.231e3
1485.3	1.906e3
1486.3	1.153e3
1487.1	2.870e2
1487.9	1.219e3
1488.7	1.070e3
1490.7	2.645e3
1492.0	2.330e2
1494.6	3.085e3
1495.5	1.040e3
1496.3	7.210e2
1497.2	4.680e2
1497.9	2.350e2
1499.1	5.390e2
1499.9	2.470e2
1500.6	1.264e3
1501.6	8.930e2
1502.6	4.350e2
1503.1	1.280e3
1504.1	9.070e2
1505.0	1.713e3
1506.5	3.443e3
1507.1	8.600e1
1507.7	1.410e2
1508.8	1.420e2
1511.0	6.510e2
1511.7	6.070e2
1513.1	1.051e3
1513.7	1.523e3
1515.2	1.420e3
1516.6	3.120e2
1517.1	5.260e2
1517.9	4.060e2
1518.8	2.760e3
1520.1	2.578e3
1520.9	1.217e3
1521.6	3.040e2
1523.0	3.963e3
1523.9	3.000e1
1524.4	4.810e2
1525.2	7.310e2
1526.0	2.770e2
1526.6	2.777e3
1527.2	7.490e2
1528.1	1.126e3
1529.6	2.480e2
1530.1	2.781e3
1531.0	1.144e3
1532.0	1.647e3
1533.3	1.452e3
1534.5	4.570e2
1535.2	2.510e3
1536.2	2.366e3
1537.2	1.306e3
1537.9	7.950e2
1539.2	6.380e2
1540.5	1.157e3
1541.1	4.110e2
1541.6	1.022e3
1542.6	9.320e2
1543.3	2.186e3
1545.5	4.940e2
1546.4	1.622e3
1547.3	3.850e2
1547.8	2.666e3
1549.1	2.229e3
1549.8	2.770e2
1550.6	2.200e1
1551.2	3.650e3
1551.9	9.330e2
1552.5	1.610e2
1553.6	7.030e2
1555.1	6.290e2
1556.0	5.280e2
1557.0	1.682e3
1557.9	2.266e3
1558.8	1.701e3
1559.7	6.680e2
1560.9	1.276e3
1562.5	2.000e1
1564.1	8.660e2
1564.9	7.420e2
1565.8	2.003e3
1566.7	3.560e2
1567.4	5.500e2
1570.2	2.082e3
1571.7	2.035e3
1572.9	2.545e3
1573.6	4.060e2
1574.2	7.350e2
1574.8	1.643e3
1575.5	3.140e2
1576.2	1.088e3
1577.3	8.860e2
1578.4	6.480e2
1580.5	1.365e3
1581.2	1.410e2
1581.9	1.218e3
1583.4	2.612e3
1584.5	3.620e2
1585.1	4.229e3
1585.7	4.430e2
1586.4	1.151e3
1587.5	2.530e2
1589.0	2.300e2
1590.1	4.590e2
1590.6	1.920e2
1591.3	3.780e2
1593.0	1.409e3
1594.2	1.111e3
1595.1	7.920e2
1595.8	1.526e3
1597.9	2.350e2
1599.1	9.650e2
1600.6	2.349e3
1601.5	8.230e2
1602.0	3.400e2
1603.0	3.850e2
1604.5	3.518e3
1605.2	3.890e2
1606.2	7.700e1
1606.9	1.619e3
1608.8	1.380e3
1610.7	1.009e3
1611.6	1.606e3
1612.4	5.870e2
1613.5	9.290e2
1614.9	7.340e2
1615.6	1.870e2
1616.1	1.283e3
1617.2	1.259e3
1618.5	1.468e3
1619.2	2.798e3
1619.8	4.040e2
1620.8	3.010e2
1622.0	1.808e3
1622.7	6.200e1
1623.6	2.450e2
1624.5	1.345e3
1625.3	5.580e2
1626.0	3.500e1
1627.2	1.659e3
1628.2	6.180e2
1629.1	8.830e2
1630.3	1.130e2
1631.2	6.040e2
1632.8	1.449e3
1634.1	3.990e2
1635.1	1.727e3
1636.0	1.214e3
1637.2	3.670e2
1638.5	2.500e1
1639.4	8.900e1
1640.1	1.046e3
1640.7	1.720e2
1642.0	1.398e3
1642.8	1.640e2
1644.0	6.280e2
1646.7	1.162e3
1647.7	1.903e3
1650.4	2.067e3
1652.0	1.038e3
1653.3	2.200e1
1654.4	1.236e3
1655.0	2.590e2
1656.1	1.700e1
1656.6	3.860e3
1657.9	1.890e2
1659.2	8.420e2
1659.9	1.510e2
1661.6	6.460e2
1662.4	7.710e2
1663.1	5.160e2
1664.3	8.300e2
1665.3	3.500e1
1666.1	6.520e2
1667.8	1.123e3
1670.2	3.290e2
1670.7	1.785e3
1671.7	2.250e2
1673.7	2.790e2
1674.8	8.320e2
1675.6	4.850e2
1676.9	3.300e2
1678.0	8.000e1
1678.6	3.157e3
1679.6	6.880e2
1680.5	7.000e1
1681.2	1.205e3
1682.4	2.300e1
1683.3	6.600e1
1684.2	3.400e1
1684.7	3.301e3
1686.3	5.490e2
1687.8	8.790e2
1689.6	4.510e2
1690.6	3.430e2
1691.3	6.470e2
1692.1	9.680e2
1692.7	1.880e2
1693.8	3.700e1
1694.3	3.445e3
1694.9	9.640e2
1696.5	2.520e2
1697.2	5.360e2
1698.7	2.785e3
1700.0	3.070e2
1701.6	1.127e3
1702.6	1.230e3
1703.8	7.860e2
1704.5	5.610e2
1705.3	1.549e3
1706.1	2.540e2
1706.7	2.846e3
1707.6	1.574e3
1708.7	4.580e2
1709.2	3.480e2
1710.4	2.600e1
1711.2	2.453e3
1712.8	5.450e2
1714.3	3.400e2
1714.8	1.312e3
1715.4	1.840e2
1716.2	3.780e2
1717.0	2.310e2
1718.1	1.700e1
1719.2	2.430e2
1719.8	8.590e2
1721.1	8.190e2
1722.5	8.570e2
1723.1	3.150e2
1725.6	1.780e2
1726.2	2.100e2
1727.4	4.891e3
1728.2	1.859e3
1729.1	7.070e2
1731.0	2.460e2
1732.3	5.050e2
1734.8	3.950e2
1735.3	9.140e2
1736.3	4.760e2
1737.1	1.550e3
1739.3	6.010e2
1740.0	4.900e2
1740.7	8.650e2
1741.9	1.459e3
1743.0	1.376e3
1744.2	1.183e3
1744.7	1.560e2
1746.3	2.380e2
1747.2	2.100e1
1748.1	7.650e2
1749.4	1.260e3
1751.0	4.080e2
1751.6	2.727e3
1752.7	7.950e2
1753.8	5.120e2
1754.8	7.650e2
1755.7	7.840e2
1756.5	1.678e3
1757.6	3.400e2
1758.7	2.180e2
1759.4	3.140e2
1760.6	6.720e2
1761.3	3.910e2
1762.1	3.980e2
1762.8	2.800e1
1764.8	1.670e2
1765.9	1.714e3
1766.4	1.970e2
1768.5	9.630e2
1770.6	4.270e2
1771.5	4.900e1
1772.0	3.670e2
1772.7	7.690e2
1773.5	4.630e2
1774.5	9.170e2
1775.4	1.934e3
1776.6	6.480e2
1777.4	2.610e2
1778.2	5.890e2
1780.1	1.930e2
1781.5	3.710e2
1783.0	4.430e2
1783.9	3.500e2
1785.1	3.400e2
1785.6	3.730e2
1786.7	1.800e1
1788.5	4.730e2
1789.4	2.550e2
1790.8	1.652e3
1791.6	3.370e2
1792.1	1.490e2
1792.8	2.140e2
1793.7	4.600e2
1794.7	1.199e3
1796.3	1.403e3
1797.0	1.361e3
1797.9	4.350e2
1800.3	4.300e2
1802.9	6.420e2
1804.6	1.970e2
1806.1	1.090e2
1809.0	1.840e2
1810.6	6.860e2
1813.4	1.719e3
1814.3	5.130e2
1815.2	1.970e2
1816.7	6.580e2
1817.6	2.869e3
1818.4	1.224e3
1820.1	2.330e2
1821.0	7.660e2
1821.6	5.410e2
1822.7	1.800e1
1825.5	1.179e3
1826.5	1.560e2
1828.3	4.680e2
1829.4	7.620e2
1830.4	1.144e3
1831.9	2.980e2
1832.9	5.170e2
1835.4	5.830e2
1836.6	3.830e2
1837.6	1.444e3
1838.5	4.070e2
1840.5	9.470e2
1841.7	5.490e2
1842.4	2.125e3
1843.8	2.160e2
1844.3	2.020e2
1845.4	4.230e2
1848.7	6.360e2
1851.9	6.870e2
1855.0	5.100e1
1856.3	8.710e2
1857.0	2.080e2
1858.0	3.070e2
1858.7	2.840e2
1859.3	8.220e2
1860.2	1.810e2
1861.8	1.220e2
1862.6	8.750e2
1863.4	1.270e2
1866.5	5.090e2
1869.7	1.255e3
1871.0	1.166e3
1872.2	2.190e2
1873.9	6.660e2
1875.9	2.590e2
1877.8	2.940e2
1879.3	2.300e1
1879.8	1.722e3
1881.2	3.300e2
1885.0	2.180e2
1886.0	3.070e2
1886.6	6.200e1
1888.8	7.950e2
1890.6	6.540e2
1892.3	2.480e2
1893.0	4.940e2
1894.6	5.600e1
1895.4	6.700e1
1895.9	8.080e2
1896.8	2.730e2
1897.7	4.140e2
1898.3	4.120e2
1900.2	1.050e2
1901.2	6.960e2
1903.6	8.770e2
1905.3	5.590e2
1905.9	8.240e2
1907.2	2.260e2
1908.6	1.176e3
1910.3	7.530e2
1911.3	5.080e2
1912.3	8.200e1
1915.8	1.710e2
1917.3	4.180e2
1917.9	1.775e3
1919.3	3.820e2
1920.1	2.034e3
1922.4	1.150e2
1923.4	6.210e2
1926.0	6.220e2
1927.9	9.130e2
1929.0	4.000e1
1929.6	1.980e2
1930.2	9.090e2
1932.5	7.170e2
1933.4	4.540e2
1935.7	1.186e3
1938.0	1.650e2
1938.6	5.530e2
1939.7	8.020e2
1942.8	1.130e2
1944.8	2.770e2
1946.2	1.700e1
1946.7	8.620e2
1947.7	7.560e2
1948.4	4.660e2
1950.0	3.020e2
1950.7	9.160e2
1951.6	1.290e3
1952.7	2.730e2
1953.6	2.400e1
1954.7	3.200e2
1956.8	1.990e2
1957.6	5.920e2
1958.1	1.970e2
1959.3	9.770e2
1963.3	1.065e3
1965.9	6.220e2
1966.9	1.020e2
1967.6	6.010e2
1969.2	1.740e2
1970.6	1.721e3
1973.9	2.200e1
1976.9	2.650e2
1977.9	1.253e3
1978.9	3.900e1
1980.1	8.520e2
1980.7	1.700e1
1983.8	1.700e1
1985.0	4.200e2
1987.6	1.000e2
1989.4	6.650e2
1991.1	1.800e2
1991.8	1.034e3
1992.9	1.270e2
1993.6	8.040e2
1994.4	3.160e2
1995.1	2.990e2
1996.4	1.700e2
1997.0	1.342e3
