100.2	4.863e3
101.0	7.561e4
102.0	1.376e4
103.0	1.853e4
104.0	1.597e3
105.0	3.131e3
106.0	5.520e2
107.0	6.000e2
107.5	1.900e1
108.1	1.452e4
109.0	1.996e3
110.1	6.890e2
111.1	2.110e3
111.7	3.900e1
112.2	6.340e2
113.0	1.125e5
114.0	2.530e3
115.0	6.507e3
116.0	3.286e3
116.9	1.037e5
117.5	1.510e2
118.0	1.130e4
119.0	1.027e4
120.0	1.271e3
121.0	1.412e3
122.1	4.010e2
123.1	8.380e2
124.0	1.133e3
125.1	2.545e3
126.0	2.024e3
127.0	1.570e3
127.9	1.426e3
128.4	3.700e1
129.1	1.440e3
130.0	9.772e3
131.0	2.620e3
132.0	9.170e2
132.9	3.248e3
133.5	1.240e2
134.1	6.240e2
135.0	9.421e3
136.0	1.746e3
137.0	3.735e3
138.0	1.222e3
139.0	3.001e3
139.9	1.158e3
141.1	3.801e3
142.0	1.293e3
143.0	2.460e3
144.0	1.596e3
145.0	9.915e3
146.0	5.095e3
147.0	2.260e4
147.5	1.130e2
148.1	3.106e3
149.0	2.326e3
150.0	3.331e3
150.6	3.700e1
151.1	2.197e3
152.0	1.291e4
153.1	4.921e3
154.1	1.872e3
155.0	2.127e3
156.1	2.124e3
157.0	4.529e3
158.1	2.877e3
159.0	3.996e3
159.9	1.625e3
160.9	1.204e4
161.5	1.500e2
162.0	1.627e3
163.0	1.348e4
163.5	1.200e1
164.1	1.454e3
165.0	5.511e3
166.0	1.240e3
167.0	2.022e3
168.0	2.260e3
168.5	6.700e1
169.1	4.800e3
170.0	1.522e3
171.1	2.239e3
171.9	1.399e3
173.0	3.201e3
174.0	4.043e3
175.0	2.517e4
176.1	6.193e3
177.1	4.130e3
178.0	1.316e3
178.9	3.817e3
180.0	2.684e3
181.1	3.138e4
182.0	2.453e3
183.0	1.984e3
184.1	2.074e3
185.0	2.225e3
186.0	1.755e3
187.1	5.528e3
188.1	2.101e3
189.0	3.009e3
190.0	1.730e3
191.0	1.304e4
191.5	8.000e0
192.1	2.184e3
193.0	6.108e3
194.0	1.932e3
195.0	7.786e3
195.9	9.528e3
196.5	5.800e1
197.0	3.944e3
197.9	1.097e4
199.0	4.133e3
199.9	5.373e3
200.4	8.800e1
201.0	3.737e3
202.0	3.557e3
203.0	1.565e3
204.1	1.898e3
205.1	2.676e3
206.0	1.285e3
207.0	1.293e4
208.0	2.791e3
209.0	2.786e3
210.0	1.834e3
211.0	2.164e3
211.6	8.100e1
212.2	1.749e4
213.1	4.961e3
214.1	2.215e3
215.1	3.111e3
216.0	2.200e3
217.1	4.622e3
218.0	3.972e3
219.1	5.939e3
220.1	7.894e3
221.1	6.945e3
222.0	4.239e3
223.1	2.873e3
224.0	3.179e3
225.1	3.447e3
226.0	2.086e3
226.6	1.420e2
227.1	3.548e3
228.1	2.080e3
229.0	1.483e3
230.0	3.068e3
231.0	1.904e3
232.0	1.350e3
233.1	2.690e3
234.0	2.442e3
235.1	2.142e3
236.0	5.281e3
237.0	1.998e3
238.1	1.744e3
239.0	5.290e3
240.0	4.627e3
240.6	3.200e1
241.1	3.046e3
242.1	4.475e3
243.0	7.208e3
244.0	9.473e3
245.1	1.945e3
246.0	2.983e3
247.1	2.747e3
248.1	2.765e3
249.1	8.559e4
250.1	4.907e3
251.0	4.236e3
252.0	1.876e3
253.0	1.458e3
253.9	1.562e3
254.5	2.500e1
255.1	3.186e3
255.6	2.100e1
256.1	1.653e3
256.7	4.000e1
257.2	2.073e3
258.1	1.573e3
258.6	9.000e0
259.1	3.218e3
260.1	2.086e3
261.0	5.579e3
262.0	3.932e3
263.0	3.917e3
264.0	3.143e3
264.5	3.400e1
265.1	4.559e3
266.0	3.815e3
266.9	1.875e3
267.5	4.500e1
268.0	3.101e3
269.0	4.073e3
269.9	2.542e3
270.5	1.050e2
271.0	3.005e3
272.0	1.324e3
273.0	2.676e3
273.6	6.700e1
274.1	9.050e2
275.0	1.249e4
275.5	5.500e1
276.1	2.707e3
277.2	2.569e3
278.1	1.692e3
279.0	3.461e3
279.6	1.280e2
280.1	2.083e3
281.1	4.187e3
282.0	2.053e3
282.6	6.700e1
283.2	2.486e3
284.1	1.682e3
285.0	3.685e3
286.0	2.034e3
286.5	9.400e1
287.1	2.320e3
288.1	1.444e4
288.6	1.700e2
289.1	6.335e3
290.1	2.816e3
291.0	7.728e3
292.0	3.221e3
292.6	2.700e2
293.2	4.001e3
294.0	1.371e3
295.0	3.896e3
296.0	2.197e3
296.6	2.400e2
297.2	4.412e3
298.1	2.775e3
299.1	1.783e3
300.0	1.678e3
301.0	3.244e3
301.5	4.200e1
302.0	2.558e3
302.6	1.800e1
303.1	2.869e3
304.0	2.056e3
305.0	4.728e3
306.0	1.945e3
306.5	1.170e2
307.0	8.201e3
308.0	4.957e3
308.5	6.100e1
309.0	4.736e3
310.0	3.124e3
310.6	1.810e2
311.2	1.494e4
312.1	6.153e3
313.0	6.657e3
313.5	2.040e2
314.1	2.721e3
315.1	4.234e3
316.1	1.673e3
317.1	9.454e4
318.1	7.610e3
319.1	6.255e3
320.0	2.863e3
320.6	1.700e1
321.1	4.231e3
322.0	2.386e3
322.6	1.690e2
323.2	4.316e3
324.1	4.633e3
324.7	5.840e2
325.3	8.610e3
326.2	2.287e3
327.1	6.999e3
327.9	6.052e3
328.5	2.400e1
329.0	8.334e3
330.0	3.719e3
330.5	5.700e1
331.1	5.800e3
332.0	2.409e3
333.1	7.266e3
334.1	6.215e3
335.0	3.684e3
336.0	2.596e3
337.1	4.712e3
338.0	2.304e3
338.7	4.060e2
339.3	6.115e3
340.1	3.032e3
341.1	4.813e3
342.1	2.146e3
343.0	1.093e4
344.0	2.931e3
344.9	2.942e3
345.5	9.400e1
346.0	4.352e3
347.0	4.468e3
348.0	2.021e3
349.0	5.551e3
350.0	3.513e3
350.5	6.000e1
351.0	4.304e3
351.9	2.593e3
352.4	1.980e2
353.0	8.792e3
354.0	2.901e3
354.6	7.500e1
355.1	3.967e3
356.1	1.526e4
357.0	6.131e3
358.0	2.780e3
358.5	3.000e0
359.0	4.405e3
360.0	2.752e3
360.5	2.400e1
361.0	2.328e3
362.1	1.673e3
362.7	7.000e0
363.2	2.829e3
364.0	1.745e3
365.0	1.930e3
366.0	3.256e3
366.9	1.613e3
367.7	3.296e3
368.4	8.690e2
369.1	7.987e3
370.0	2.444e3
371.0	2.075e3
371.9	2.754e3
372.9	3.846e3
373.8	1.442e3
374.5	2.180e2
375.1	4.982e3
376.1	1.765e3
377.1	2.758e3
378.1	2.720e3
379.0	8.034e3
380.0	3.723e3
381.1	2.958e3
382.0	2.736e3
382.7	5.310e2
383.3	3.634e3
384.1	2.168e3
385.1	4.918e4
386.0	5.069e3
386.6	7.000e0
387.1	3.756e3
388.0	2.105e3
388.5	4.000e0
389.1	3.743e3
390.0	2.514e3
390.6	2.700e1
391.1	3.697e3
392.1	3.428e3
393.1	2.592e3
394.1	2.349e3
395.1	5.401e3
396.0	2.566e3
396.5	3.900e1
397.0	9.100e3
398.0	4.760e3
399.1	5.566e3
400.0	2.102e3
400.6	1.060e2
401.1	4.216e3
402.1	4.003e3
403.1	2.263e3
404.1	1.524e3
405.0	3.166e3
406.0	2.464e3
406.5	8.000e1
407.1	2.224e3
408.0	3.254e3
408.5	1.890e2
409.1	4.095e3
410.0	2.181e3
411.0	7.203e3
411.6	7.800e1
412.1	3.358e3
413.1	4.125e3
414.0	2.382e3
414.5	3.400e1
415.1	3.010e3
416.1	2.453e3
417.0	4.105e3
418.1	2.632e3
418.6	9.300e1
419.1	2.614e3
420.1	1.649e3
421.1	5.190e3
422.0	2.001e3
423.0	3.178e3
423.5	6.800e1
424.1	1.231e4
425.0	4.703e3
425.9	2.436e3
426.5	2.900e1
427.1	5.405e3
428.0	2.473e3
428.5	4.100e1
429.1	2.732e3
430.1	1.853e3
430.6	1.890e2
431.2	3.217e3
431.9	8.570e2
432.6	2.206e3
433.5	9.446e3
434.1	6.120e2
434.7	4.892e3
435.5	2.953e3
436.3	6.660e2
437.0	5.059e3
437.9	2.685e3
438.5	1.940e2
439.1	2.972e3
440.0	2.247e3
440.6	1.050e2
441.1	3.417e3
442.0	1.754e3
443.0	5.189e3
444.0	3.009e3
444.5	4.720e2
445.1	3.408e3
446.0	2.683e3
446.5	1.720e2
447.1	6.603e3
448.0	4.113e3
448.6	1.630e2
449.1	3.376e3
450.0	2.428e3
450.6	1.920e2
451.1	3.318e3
452.1	1.713e3
453.1	4.346e4
454.0	4.230e3
454.6	1.420e2
455.2	2.906e3
456.1	1.969e3
457.1	3.716e3
458.1	3.612e3
458.6	1.790e2
459.2	4.675e3
460.1	2.621e3
460.9	3.167e3
461.9	2.204e3
462.4	9.500e1
463.0	5.085e3
463.9	1.645e3
464.7	3.306e3
465.5	1.781e4
466.5	6.582e3
467.3	3.145e3
468.1	2.190e3
469.0	4.413e3
470.0	5.598e3
470.8	1.375e3
471.5	3.241e3
472.1	7.600e1
472.6	1.797e3
473.4	4.959e3
474.2	2.411e3
475.0	1.915e3
475.9	2.566e3
476.9	3.218e3
477.5	3.750e2
478.1	2.808e3
479.0	1.007e4
479.9	3.966e3
480.5	4.500e1
481.0	3.352e3
481.9	4.218e3
482.6	3.180e2
483.2	5.092e3
484.1	3.125e3
485.1	5.245e3
486.0	2.620e3
486.5	1.830e2
487.1	4.028e3
488.0	1.562e3
489.0	4.303e3
489.9	2.862e3
490.5	3.600e1
491.0	4.082e3
491.9	1.327e4
492.8	6.428e3
493.4	6.070e2
494.0	3.809e3
494.5	1.030e2
495.0	5.434e3
495.9	2.753e3
496.5	2.000e1
497.0	3.558e3
497.9	3.013e3
498.5	2.660e2
499.1	2.482e3
499.9	1.433e3
500.8	3.297e3
501.8	3.593e3
502.4	1.450e2
502.9	2.210e3
503.8	2.799e3
504.9	3.409e3
505.8	3.221e3
506.5	6.430e2
507.1	2.660e3
508.1	2.675e3
508.6	5.700e1
509.1	5.140e3
510.1	1.661e3
511.0	4.805e3
512.0	2.577e3
513.0	3.054e3
513.5	4.100e1
514.1	2.747e3
515.0	5.072e3
515.5	4.900e1
516.1	2.869e3
516.9	1.037e3
517.6	3.358e3
518.3	1.567e3
519.1	4.612e3
520.1	2.003e3
521.1	3.533e4
522.0	6.848e3
522.5	5.310e2
523.2	4.028e3
524.0	2.529e3
524.9	4.475e3
525.8	2.252e3
526.7	1.099e3
527.4	3.739e3
527.9	7.700e1
528.5	3.843e3
529.1	1.025e3
529.8	3.601e3
530.5	7.270e2
531.2	4.126e3
531.9	8.210e2
532.6	4.534e3
533.5	7.121e3
534.2	2.247e3
535.0	3.429e3
535.8	1.344e3
536.6	1.958e3
537.4	4.050e3
538.2	3.242e3
538.8	2.420e2
539.3	2.336e3
540.3	3.429e3
541.3	4.050e3
542.3	2.144e3
543.3	3.911e3
544.1	1.900e3
544.9	3.108e3
545.8	1.416e3
546.4	7.200e1
547.0	9.995e3
547.6	1.680e2
548.1	3.078e3
549.1	3.880e3
550.0	2.504e3
550.6	8.080e2
551.2	3.477e3
552.2	2.504e3
553.1	4.871e3
554.1	2.247e3
554.7	8.920e2
555.4	6.155e3
556.1	1.430e3
556.8	3.411e3
557.7	3.640e3
558.3	4.240e2
559.0	4.158e3
559.5	1.280e2
560.1	7.764e3
560.6	2.870e2
561.2	4.979e3
562.0	1.962e3
563.0	4.067e3
564.0	2.852e3
564.9	3.139e3
565.8	1.861e3
566.6	2.410e3
567.5	3.206e3
568.2	8.100e2
569.0	3.263e3
570.0	3.159e3
570.8	1.742e3
571.5	8.298e3
572.2	1.588e3
572.9	4.559e3
573.4	1.400e1
573.9	2.299e3
574.5	7.700e1
575.1	3.025e3
575.8	7.560e2
576.7	3.229e3
577.5	1.548e3
578.4	2.239e3
579.3	7.660e3
580.2	2.845e3
581.1	4.626e3
582.0	1.847e3
583.0	4.195e3
583.5	7.500e1
584.0	1.975e3
585.0	1.508e3
586.0	4.354e3
586.5	1.900e1
587.0	3.427e3
588.1	1.714e3
589.1	2.524e4
590.0	4.854e3
590.6	3.280e2
591.2	2.927e3
592.0	1.600e3
592.7	1.840e2
593.3	3.878e3
593.9	8.400e1
594.4	2.466e3
595.3	5.726e3
596.3	3.514e3
597.0	1.257e3
597.9	3.028e3
598.5	3.040e2
599.1	4.043e3
600.0	2.823e3
600.5	6.400e1
601.0	4.654e3
602.0	3.027e3
602.9	3.454e3
603.9	1.948e3
604.5	8.600e1
605.0	2.504e3
606.0	2.844e3
607.0	2.191e3
607.9	2.806e3
608.8	2.275e3
609.8	1.753e3
610.7	2.495e3
611.2	2.130e2
611.8	2.759e3
612.3	7.900e1
613.0	3.179e3
613.9	2.194e3
614.5	1.630e2
615.0	8.386e3
615.9	2.488e3
616.5	2.020e2
617.0	4.404e3
618.0	2.460e3
618.9	2.027e3
619.5	2.300e2
620.2	1.452e3
621.0	4.130e3
622.0	1.680e3
622.5	4.800e1
623.0	3.153e3
623.8	1.985e3
624.3	4.100e2
625.0	2.803e3
625.9	2.195e3
626.4	4.600e1
626.9	2.376e3
627.6	1.800e2
628.1	7.547e3
629.1	3.268e3
629.6	9.500e1
630.1	2.014e3
631.0	5.334e3
631.8	1.770e3
632.4	2.210e2
633.0	2.029e3
634.0	2.302e3
634.9	3.296e3
635.4	5.200e1
635.9	1.706e3
636.9	3.281e3
637.4	1.160e2
638.0	2.881e3
638.9	2.943e3
639.9	3.599e3
640.7	8.870e2
641.4	2.683e3
642.2	1.408e3
642.8	5.100e2
643.4	3.250e3
644.3	1.194e3
645.2	2.838e3
646.1	1.026e3
647.1	4.720e3
647.6	2.030e2
648.1	2.477e3
648.7	3.600e1
649.2	3.263e3
650.0	1.929e3
650.9	3.816e3
651.9	2.987e3
652.4	4.400e1
652.9	2.085e3
653.9	2.506e3
654.8	1.383e3
655.7	2.326e3
656.4	3.940e2
657.1	2.277e4
658.1	3.937e3
658.7	5.970e2
659.4	3.087e3
660.1	6.780e2
660.9	2.132e3
661.8	2.589e3
662.5	2.810e2
663.2	3.018e3
664.1	1.766e3
665.0	1.218e3
665.8	2.264e3
666.4	4.030e2
667.0	2.794e3
667.8	2.146e3
668.8	1.725e3
669.5	3.657e3
670.3	8.320e2
671.1	3.153e3
672.1	1.765e3
673.0	4.322e3
673.5	7.100e1
674.1	3.685e3
674.8	5.690e2
675.5	2.971e3
676.1	5.040e2
676.8	2.649e3
677.7	2.629e3
678.4	8.380e2
679.0	3.340e3
679.9	2.356e3
680.7	9.460e2
681.4	3.330e3
682.2	6.050e2
683.1	8.765e3
684.0	4.452e3
684.5	4.800e1
685.0	4.443e3
685.8	1.566e3
686.5	3.055e3
687.3	1.610e3
688.1	2.127e3
689.0	4.708e3
689.5	2.000e1
690.0	2.764e3
690.7	4.120e2
691.3	2.649e3
692.1	1.096e3
692.9	2.670e3
694.0	1.933e3
695.0	2.939e3
695.5	2.480e2
696.1	6.648e3
696.6	6.000e1
697.1	3.268e3
698.1	1.979e3
698.9	7.056e3
699.9	4.016e3
700.9	2.514e3
701.7	1.639e3
702.8	2.123e3
703.4	3.670e2
704.0	3.244e3
704.9	2.339e3
705.5	5.890e2
706.1	2.234e3
706.6	4.500e1
707.2	2.467e3
707.9	1.542e3
708.8	3.410e3
709.4	8.940e2
710.0	2.788e3
710.9	1.912e3
711.5	2.410e2
712.1	1.982e3
712.9	4.035e3
713.8	2.514e3
714.4	1.460e2
714.9	4.533e3
715.9	2.810e3
716.4	8.400e1
716.9	4.078e3
717.9	1.561e3
718.4	2.000e1
718.9	3.724e3
719.8	3.164e3
720.4	6.200e2
721.1	3.573e3
721.7	5.860e2
722.4	3.179e3
723.2	2.182e3
724.1	2.447e3
725.1	1.707e4
726.0	2.827e3
727.0	3.595e3
728.0	2.263e3
728.5	5.300e1
729.1	2.784e3
730.0	2.012e3
730.6	4.730e2
731.2	3.234e3
732.2	2.079e3
732.8	5.260e2
733.5	2.471e3
734.3	1.088e3
735.1	3.894e3
736.0	1.922e3
736.5	1.100e1
737.0	4.505e3
738.0	2.653e3
738.6	6.000e1
739.1	3.407e3
740.0	2.191e3
740.9	2.926e3
741.4	2.360e2
742.0	3.941e3
742.5	1.040e2
743.0	3.084e3
743.6	2.130e2
744.1	2.523e3
745.1	3.410e3
746.0	2.624e3
746.9	2.120e3
747.4	6.400e1
748.0	1.724e3
748.9	1.954e3
749.9	2.448e3
750.5	1.930e2
751.0	7.739e3
751.9	2.993e3
752.4	6.100e1
752.9	2.883e3
753.6	4.490e2
754.2	2.573e3
755.1	2.727e3
756.0	1.471e3
756.9	3.689e3
757.9	1.291e3
758.7	1.880e3
759.7	2.141e3
760.3	3.920e2
761.0	3.450e3
761.9	2.087e3
762.4	1.770e2
763.1	3.981e3
763.6	4.600e1
764.1	4.515e3
764.9	2.269e3
765.9	2.273e3
766.4	2.800e1
766.9	2.908e3
768.0	2.390e3
768.5	3.190e2
769.1	2.856e3
769.7	2.080e2
770.3	2.418e3
771.2	1.883e3
772.1	1.607e3
773.1	2.398e3
774.0	1.728e3
774.7	1.150e3
775.5	2.807e3
776.1	3.770e2
776.7	2.340e3
777.3	2.070e2
777.8	2.604e3
778.8	2.422e3
779.4	9.800e1
779.9	1.351e3
780.8	9.410e2
781.5	2.315e3
782.3	9.620e2
783.1	3.425e3
783.6	8.800e1
784.1	1.757e3
784.7	3.800e1
785.2	3.448e3
786.0	1.607e3
787.0	2.381e3
787.9	1.824e3
788.6	6.790e2
789.2	3.418e3
790.0	2.985e3
791.0	2.906e3
792.0	1.650e3
792.6	3.290e2
793.1	1.305e4
794.1	2.903e3
794.8	8.420e2
795.4	3.159e3
796.0	3.470e2
796.6	2.176e3
797.4	2.970e3
798.4	1.435e3
799.3	2.962e3
800.2	1.741e3
801.1	2.281e3
802.2	2.628e3
803.0	1.585e3
803.7	2.979e3
804.4	5.670e2
805.1	3.959e3
805.9	1.448e3
806.8	2.864e3
807.4	2.190e2
808.0	1.850e3
808.5	1.430e2
809.0	3.116e3
810.0	2.685e3
811.0	2.808e3
812.0	1.745e3
812.9	2.685e3
813.5	4.240e2
814.1	2.989e3
814.9	1.431e3
815.9	1.981e3
816.5	2.200e1
817.0	2.288e3
817.9	2.079e3
818.5	3.700e1
819.0	8.237e3
820.0	2.912e3
821.0	2.583e3
821.9	2.132e3
822.4	1.100e1
823.0	1.856e3
823.5	6.500e1
824.0	2.377e3
825.0	3.350e3
826.0	2.478e3
827.0	2.613e3
827.9	3.587e3
828.9	2.736e3
829.8	1.264e3
830.3	4.000e0
830.8	3.154e3
831.4	5.070e2
832.1	5.493e3
832.9	2.495e3
833.8	6.758e3
834.3	2.850e2
834.9	5.889e3
835.8	4.042e3
836.8	2.199e3
837.5	3.910e2
838.1	1.934e3
839.2	2.127e3
840.1	1.713e3
840.7	1.150e2
841.2	2.436e3
842.0	1.524e3
842.7	4.220e2
843.4	1.482e3
844.1	5.830e2
844.8	2.431e3
845.4	1.850e2
846.0	1.385e3
846.9	2.035e3
847.9	1.445e3
848.7	9.040e2
849.4	2.648e3
850.2	1.520e3
851.0	3.479e3
852.0	1.172e3
852.6	2.540e2
853.2	2.216e3
853.7	4.300e1
854.2	2.193e3
855.0	1.242e3
855.7	2.121e3
856.5	8.760e2
857.3	3.438e3
858.2	2.790e3
859.1	1.575e3
859.9	2.806e3
860.6	3.350e2
861.1	1.182e4
862.0	3.205e3
862.5	3.740e2
863.1	3.756e3
863.6	9.200e1
864.1	2.063e3
865.1	2.105e3
866.0	1.702e3
867.0	2.908e3
867.9	1.612e3
868.9	2.160e3
869.8	2.673e3
870.5	4.040e2
871.1	3.039e3
871.7	2.120e2
872.4	3.215e3
873.2	2.213e3
874.1	1.972e3
875.0	3.016e3
875.8	4.700e2
876.4	2.341e3
877.4	4.342e3
878.2	1.206e3
879.2	2.252e3
880.1	1.612e3
881.0	2.212e3
881.9	2.220e3
883.0	2.169e3
883.9	1.318e3
884.9	2.708e3
885.5	2.680e2
886.0	1.764e3
887.0	5.911e3
887.9	3.017e3
888.6	8.330e2
889.2	3.279e3
890.1	1.796e3
890.8	2.550e3
891.5	3.300e2
892.1	2.623e3
892.8	5.380e2
893.3	2.881e3
894.2	1.222e3
895.0	1.360e3
895.5	5.400e1
896.1	2.976e3
897.0	1.296e3
897.8	2.088e3
898.5	4.040e2
899.1	2.697e3
899.6	1.040e2
900.1	4.415e3
901.1	2.575e3
902.0	2.238e3
903.0	4.111e3
904.0	1.610e3
905.0	2.756e3
905.6	3.300e2
906.2	2.094e3
907.1	1.622e3
908.1	1.320e3
908.9	1.814e3
909.4	1.330e2
910.0	2.060e3
910.9	3.077e3
911.8	1.929e3
912.4	5.080e2
913.1	2.906e3
914.0	2.973e3
914.9	1.729e3
915.7	2.519e3
916.6	9.880e2
917.4	1.966e3
918.2	1.153e3
919.0	2.840e3
919.9	1.701e3
920.7	2.821e3
921.3	1.690e2
921.9	2.161e3
922.6	6.110e2
923.3	2.052e3
924.1	1.227e3
924.9	1.744e3
925.5	1.650e2
926.1	3.270e3
927.0	2.055e3
927.8	2.432e3
928.5	1.079e3
929.2	8.734e3
930.0	2.915e3
930.9	2.875e3
931.4	1.460e2
932.0	2.657e3
932.8	1.431e3
933.6	2.044e3
934.4	7.480e2
935.1	3.054e3
936.0	1.130e3
936.9	1.660e3
937.8	2.249e3
938.4	1.430e2
939.0	3.353e3
940.0	2.841e3
940.5	7.200e1
941.1	3.202e3
942.0	1.411e3
942.9	2.070e3
943.5	1.550e2
944.1	1.218e3
945.1	2.949e3
946.1	2.908e3
946.8	6.150e2
947.4	2.190e3
948.1	6.490e2
948.7	2.719e3
949.6	1.042e3
950.3	2.826e3
951.2	2.077e3
951.9	9.310e2
952.8	2.120e3
953.8	2.707e3
954.4	6.000e2
955.1	6.169e3
956.0	2.357e3
956.5	3.540e2
957.1	3.654e3
957.9	1.165e3
958.6	2.146e3
959.6	4.359e3
960.2	6.440e2
960.9	2.564e3
961.9	2.928e3
962.4	1.880e2
963.0	2.264e3
964.0	2.476e3
964.7	1.242e3
965.4	2.826e3
966.2	7.530e2
966.9	2.753e3
967.5	2.230e2
968.1	4.508e3
968.8	7.640e2
969.5	3.163e3
970.2	8.810e2
971.0	2.086e3
971.9	2.641e3
972.4	4.100e1
972.9	2.082e3
973.4	1.540e2
974.0	1.389e3
974.9	1.886e3
975.9	2.638e3
976.4	1.010e2
976.9	1.986e3
977.8	2.759e3
978.4	2.870e2
978.9	2.228e3
979.7	1.117e3
980.6	2.759e3
981.2	4.400e2
981.9	2.771e3
982.6	3.680e2
983.3	2.641e3
983.9	5.930e2
984.5	2.818e3
985.4	7.650e2
986.3	3.605e3
987.2	3.090e3
988.1	1.990e3
989.0	2.024e3
990.0	2.260e3
990.7	1.800e2
991.3	1.769e3
992.2	2.664e3
993.1	2.078e3
994.1	2.766e3
994.7	3.180e2
995.3	3.548e3
996.2	1.372e3
997.1	9.310e3
997.7	3.670e2
998.3	2.651e3
998.9	9.100e1
999.5	2.803e3
1000.1	3.180e2
1000.7	2.505e3
1001.3	1.910e2
1001.9	1.918e3
1002.8	1.615e3
1003.7	3.364e3
1004.4	1.091e3
1005.1	2.262e3
1006.1	2.231e3
1006.6	3.400e1
1007.1	2.812e3
1008.0	1.392e3
1008.9	3.318e3
1009.6	1.920e2
1010.1	2.619e3
1010.7	1.270e2
1011.2	2.616e3
1012.1	1.384e3
1012.8	2.738e3
1013.7	2.664e3
1014.7	2.489e3
1015.5	9.330e2
1016.2	1.875e3
1017.1	3.373e3
1018.1	2.574e3
1019.1	1.814e3
1020.0	1.468e3
1020.7	3.511e3
1021.3	2.700e2
1022.0	2.003e3
1022.5	3.400e1
1023.0	5.292e3
1023.5	1.060e2
1024.0	3.509e3
1024.8	1.272e3
1025.5	2.760e3
1026.2	6.270e2
1026.9	2.345e3
1027.5	4.720e2
1028.1	2.881e3
1028.8	1.930e2
1029.3	3.066e3
1030.2	1.807e3
1031.2	3.143e3
1032.2	2.580e3
1033.0	5.050e2
1033.6	2.463e3
1034.5	1.724e3
1035.3	1.151e3
1036.2	4.161e3
1037.2	2.122e3
1038.0	2.410e3
1038.6	4.830e2
1039.2	3.258e3
1040.3	1.978e3
1041.1	7.620e2
1041.7	1.425e3
1042.5	2.939e3
1043.0	3.760e2
1043.7	2.824e3
1044.2	2.300e2
1044.8	2.105e3
1045.7	3.145e3
1046.3	1.650e2
1046.9	2.327e3
1047.8	2.227e3
1048.4	1.700e1
1049.0	2.134e3
1049.9	2.116e3
1050.9	2.554e3
1051.4	9.700e1
1052.0	1.862e3
1052.5	3.300e1
1053.0	2.843e3
1053.6	4.300e1
1054.1	2.036e3
1054.6	9.100e1
1055.1	2.834e3
1055.6	7.100e1
1056.2	2.429e3
1057.2	3.285e3
1057.8	7.500e2
1058.5	2.561e3
1059.2	1.321e3
1059.9	2.072e3
1060.5	2.120e2
1061.1	2.724e3
1061.6	1.340e2
1062.2	3.635e3
1062.9	9.080e2
1063.6	2.980e3
1064.4	7.090e2
1065.2	7.388e3
1066.0	3.424e3
1067.0	2.856e3
1067.9	2.334e3
1068.4	2.900e1
1068.9	2.471e3
1069.9	1.638e3
1070.8	2.212e3
1071.8	3.447e3
1072.8	3.195e3
1073.4	6.030e2
1074.1	2.285e3
1075.1	2.973e3
1075.9	1.396e3
1076.6	2.137e3
1077.3	4.800e2
1077.9	2.934e3
1078.5	6.790e2
1079.2	3.720e3
1079.9	8.140e2
1080.7	2.222e3
1081.2	1.110e2
1081.7	2.155e3
1082.8	1.897e3
1083.4	3.320e2
1084.0	3.069e3
1084.5	3.800e1
1085.0	2.081e3
1086.0	2.405e3
1087.0	2.296e3
1087.9	3.452e3
1088.7	9.560e2
1089.4	2.273e3
1090.2	1.458e3
1090.8	1.270e2
1091.3	4.061e3
1092.1	2.049e3
1093.0	3.307e3
1093.7	8.910e2
1094.4	2.829e3
1095.4	3.831e3
1096.4	2.723e3
1097.3	2.343e3
1097.9	2.120e2
1098.5	2.263e3
1099.5	3.312e3
1100.1	5.650e2
1100.8	3.247e3
1101.4	4.400e2
1102.1	1.410e3
1102.6	8.100e1
1103.1	3.561e3
1103.8	7.030e2
1104.3	4.126e3
1105.4	3.423e3
1106.0	1.220e2
1106.5	1.959e3
1107.4	3.373e3
1108.2	9.420e2
1108.9	3.092e3
1109.8	1.277e3
1110.5	2.291e3
1111.0	7.300e1
1111.6	3.150e3
1112.2	5.420e2
1113.0	2.627e3
1113.5	2.600e1
1114.0	2.459e3
1114.7	7.980e2
1115.4	2.910e3
1116.3	1.476e3
1117.2	3.055e3
1117.9	7.870e2
1118.6	3.471e3
1119.1	2.200e2
1119.7	3.331e3
1120.4	8.850e2
1121.1	2.511e3
1122.1	2.012e3
1123.0	3.044e3
1123.9	1.788e3
1124.9	2.978e3
1125.5	1.290e2
1126.0	2.238e3
1126.9	1.155e3
1127.6	2.831e3
1128.2	3.160e2
1128.8	2.413e3
1129.4	4.110e2
1130.0	3.735e3
1130.9	2.495e3
1131.5	2.050e2
1132.1	2.442e3
1132.7	4.500e2
1133.2	7.156e3
1134.0	1.664e3
1134.8	3.020e3
1135.4	1.930e2
1135.9	3.358e3
1136.9	3.094e3
1137.5	4.010e2
1138.1	2.138e3
1139.0	2.592e3
1139.6	4.400e2
1140.2	2.307e3
1141.2	2.173e3
1142.1	1.901e3
1143.0	9.140e2
1143.6	3.032e3
1144.2	7.000e1
1144.7	3.162e3
1145.4	9.600e2
1146.1	3.277e3
1147.0	2.824e3
1147.9	3.044e3
1148.5	3.300e2
1149.1	2.313e3
1150.1	3.268e3
1151.0	2.122e3
1151.5	2.310e2
1152.1	2.633e3
1152.7	4.800e1
1153.2	2.314e3
1154.1	3.322e3
1155.1	2.504e3
1155.8	1.084e3
1156.6	2.239e3
1157.3	7.860e2
1158.2	2.524e3
1159.1	3.507e3
1160.1	2.465e3
1160.9	2.183e3
1161.8	3.089e3
1162.4	1.680e2
1163.0	3.504e3
1164.0	2.171e3
1164.7	8.810e2
1165.4	3.342e3
1166.2	1.078e3
1166.9	2.567e3
1167.8	2.594e3
1168.7	1.959e3
1169.4	3.392e3
1170.5	3.113e3
1171.2	1.502e3
1172.0	3.983e3
1172.7	4.870e2
1173.4	3.056e3
1174.2	2.418e3
1175.2	3.241e3
1176.2	2.520e3
1177.2	3.280e3
1178.1	1.886e3
1179.0	3.527e3
1179.8	1.788e3
1180.7	3.002e3
1181.7	2.215e3
1182.3	4.810e2
1183.0	2.165e3
1183.9	1.070e3
1184.7	2.965e3
1185.4	9.320e2
1186.1	2.617e3
1186.6	3.900e1
1187.1	3.933e3
1188.1	2.604e3
1189.1	2.363e3
1189.9	1.545e3
1190.8	2.592e3
1191.3	4.850e2
1191.9	2.220e3
1192.9	2.453e3
1193.8	3.185e3
1194.4	2.400e1
1194.9	2.497e3
1195.7	1.060e3
1196.5	3.629e3
1197.0	2.450e2
1197.6	3.349e3
1198.1	7.400e1
1198.6	3.624e3
1199.4	1.251e3
1200.2	2.442e3
1201.1	6.057e3
1202.1	3.845e3
1203.0	1.664e3
1203.7	3.400e3
1204.3	1.510e2
1204.9	1.684e3
1205.5	3.060e2
1206.1	2.652e3
1206.7	6.250e2
1207.3	3.155e3
1208.0	6.800e2
1208.7	3.601e3
1209.6	2.012e3
1210.3	1.020e3
1211.1	3.881e3
1212.1	2.200e3
1212.8	8.510e2
1213.4	2.324e3
1214.0	1.120e2
1214.5	2.729e3
1215.4	3.477e3
1216.1	1.597e3
1216.9	2.575e3
1217.4	1.650e2
1218.0	3.107e3
1219.0	2.673e3
1219.5	4.600e1
1220.0	3.016e3
1220.9	2.819e3
1221.9	1.829e3
1222.7	3.425e3
1223.7	2.104e3
1224.2	9.700e1
1224.8	2.647e3
1225.7	2.454e3
1226.3	1.600e2
1226.8	2.086e3
1227.5	3.323e3
1228.4	1.244e3
1229.1	3.702e3
1230.0	2.530e3
1230.9	1.723e3
1231.8	2.942e3
1232.5	7.210e2
1233.2	3.402e3
1233.7	4.900e1
1234.2	1.981e3
1235.0	3.435e3
1236.0	1.705e3
1236.9	3.286e3
1237.9	2.268e3
1238.5	3.490e2
1239.1	1.992e3
1240.1	2.722e3
1241.0	2.087e3
1241.9	4.398e3
1242.5	1.390e2
1243.1	3.367e3
1243.7	7.750e2
1244.4	2.751e3
1245.3	2.003e3
1245.8	3.410e2
1246.4	3.417e3
1247.4	2.963e3
1247.9	1.180e2
1248.5	3.239e3
1249.0	1.520e2
1249.6	3.646e3
1250.4	1.095e3
1251.1	3.113e3
1252.0	1.118e3
1252.9	3.596e3
1253.4	1.990e2
1254.0	1.487e3
1254.9	3.355e3
1255.5	9.830e2
1256.3	2.951e3
1257.1	1.206e3
1258.1	3.342e3
1258.7	5.300e1
1259.2	3.346e3
1260.1	1.657e3
1261.1	2.687e3
1261.7	9.260e2
1262.4	3.750e3
1263.0	1.750e2
1263.6	3.115e3
1264.1	1.240e2
1264.6	2.347e3
1265.3	2.210e2
1265.8	4.045e3
1266.8	2.583e3
1267.6	1.328e3
1268.3	2.705e3
1269.2	6.686e3
1270.1	2.825e3
1270.8	1.073e3
1271.5	3.130e3
1272.1	1.620e2
1272.6	2.781e3
1273.4	1.072e3
1274.1	2.753e3
1275.1	2.468e3
1276.0	2.430e3
1276.6	4.260e2
1277.2	3.238e3
1277.8	1.170e2
1278.3	2.851e3
1279.2	2.645e3
1280.1	2.442e3
1280.9	1.532e3
1281.8	2.939e3
1282.3	2.640e2
1282.9	2.269e3
1283.9	1.920e3
1284.9	2.359e3
1285.9	2.012e3
1286.9	2.622e3
1287.6	1.261e3
1288.4	3.284e3
1289.3	2.112e3
1290.3	3.494e3
1291.2	2.504e3
1292.2	1.465e3
1293.0	2.981e3
1293.6	1.690e2
1294.1	2.002e3
1295.0	4.615e3
1295.9	2.949e3
1296.5	3.520e2
1297.1	4.261e3
1297.9	2.207e3
1298.4	4.550e2
1299.1	3.003e3
1299.9	2.097e3
1300.8	2.328e3
1301.7	3.104e3
1302.4	7.140e2
1303.2	2.357e3
1303.9	1.152e3
1304.7	2.000e3
1305.6	2.978e3
1306.4	5.080e2
1307.1	3.195e3
1308.1	2.529e3
1308.9	1.110e3
1309.6	4.273e3
1310.2	2.760e2
1310.8	4.866e3
1311.6	1.289e3
1312.5	2.406e3
1313.4	3.249e3
1314.1	4.630e2
1314.7	2.306e3
1315.5	1.214e3
1316.3	3.232e3
1317.2	2.161e3
1317.7	8.500e1
1318.3	3.054e3
1319.2	1.401e3
1320.1	1.774e3
1321.0	3.668e3
1321.8	1.126e3
1322.7	2.782e3
1323.2	1.600e1
1323.7	2.249e3
1324.4	1.006e3
1325.2	3.455e3
1326.1	1.109e3
1326.9	3.715e3
1327.8	2.731e3
1328.3	1.110e2
1328.9	2.918e3
1329.9	1.988e3
1330.5	1.140e2
1331.0	3.070e3
1331.9	1.888e3
1332.8	2.912e3
1333.4	1.020e2
1333.9	3.601e3
1334.7	1.209e3
1335.5	2.429e3
1336.3	1.896e3
1337.2	4.577e3
1338.0	2.762e3
1338.9	2.924e3
1339.6	9.360e2
1340.3	2.993e3
1340.8	2.500e1
1341.4	2.342e3
1342.3	2.549e3
1343.2	2.166e3
1344.0	1.101e3
1344.7	1.617e3
1345.7	2.089e3
1346.3	3.490e2
1346.9	3.221e3
1347.6	1.084e3
1348.4	2.614e3
1349.0	4.100e1
1349.5	2.869e3
1350.3	1.638e3
1351.2	3.172e3
1352.0	1.913e3
1353.1	2.106e3
1353.8	4.141e3
1354.6	1.127e3
1355.4	2.923e3
1355.9	8.100e1
1356.4	2.689e3
1357.2	1.264e3
1358.0	2.605e3
1358.9	2.838e3
1359.7	1.821e3
1360.7	3.370e3
1361.7	2.422e3
1362.3	4.720e2
1362.9	3.498e3
1363.9	2.977e3
1364.8	2.410e3
1365.3	1.690e2
1365.9	2.050e3
1366.8	1.849e3
1367.7	2.347e3
1368.4	3.320e2
1369.0	2.184e3
1369.5	1.770e2
1370.1	2.614e3
1370.6	6.000e1
1371.2	3.072e3
1372.0	2.930e3
1373.1	2.494e3
1373.9	9.470e2
1374.7	1.702e3
1375.6	2.659e3
1376.5	3.123e3
1377.3	1.912e3
1378.2	2.669e3
1379.2	2.001e3
1379.9	1.620e2
1380.5	2.225e3
1381.4	2.618e3
1382.1	7.810e2
1382.9	2.785e3
1383.4	2.300e1
1383.9	1.616e3
1384.8	3.378e3
1385.3	2.830e2
1385.9	3.043e3
1386.6	7.100e2
1387.4	2.675e3
1388.2	1.905e3
1388.9	8.690e2
1389.7	3.127e3
1390.6	2.862e3
1391.2	2.100e1
1391.7	2.638e3
1392.4	1.635e3
1393.2	2.870e3
1394.2	2.108e3
1395.1	1.612e3
1395.9	2.488e3
1396.9	2.155e3
1397.8	2.805e3
1398.7	2.196e3
1399.4	3.560e2
1400.0	3.056e3
1401.0	1.454e3
1401.9	3.319e3
1402.8	1.238e3
1403.7	2.958e3
1404.4	5.310e2
1405.2	4.607e3
1406.1	2.307e3
1407.0	3.156e3
1407.7	7.420e2
1408.4	2.307e3
1409.2	1.606e3
1410.1	1.752e3
1411.1	2.620e3
1412.1	1.584e3
1413.1	2.364e3
1414.0	2.086e3
1414.9	2.716e3
1415.8	2.086e3
1416.5	7.750e2
1417.2	3.417e3
1418.1	1.075e3
1418.8	2.166e3
1419.7	2.619e3
1420.4	3.380e2
1421.0	2.064e3
1421.5	2.280e2
1422.1	3.514e3
1422.9	2.362e3
1423.7	2.919e3
1424.6	1.405e3
1425.4	3.920e2
1426.2	2.378e3
1427.0	1.928e3
1428.0	1.839e3
1429.0	1.574e3
1430.0	2.286e3
1430.9	2.856e3
1431.9	2.428e3
1432.6	4.200e2
1433.2	2.187e3
1434.2	1.561e3
1435.0	3.725e3
1435.8	1.851e3
1436.7	2.071e3
1437.7	2.434e3
1438.3	4.620e2
1439.0	3.049e3
1439.6	2.150e2
1440.1	1.985e3
1441.1	3.071e3
1441.9	1.383e3
1442.7	2.923e3
1443.7	9.490e2
1444.3	3.602e3
1444.8	1.900e1
1445.4	2.455e3
1446.0	4.190e2
1446.7	2.754e3
1447.3	6.140e2
1447.9	3.949e3
1448.9	3.004e3
1449.6	3.210e2
1450.2	3.023e3
1451.2	2.315e3
1451.9	3.870e2
1452.6	2.651e3
1453.1	2.400e1
1453.6	2.965e3
1454.1	3.040e2
1454.8	1.562e3
1455.6	2.509e3
1456.3	7.540e2
1457.0	2.801e3
1457.7	8.590e2
1458.5	2.914e3
1459.4	2.047e3
1460.1	6.140e2
1460.8	3.177e3
1461.6	1.098e3
1462.6	3.048e3
1463.4	2.290e3
1464.0	2.060e2
1464.6	2.544e3
1465.3	4.400e2
1466.0	2.288e3
1466.8	1.606e3
1467.7	2.559e3
1468.7	3.030e3
1469.5	2.770e3
1470.2	6.890e2
1470.8	2.671e3
1471.8	1.373e3
1472.6	4.299e3
1473.3	1.973e3
1474.0	2.275e3
1474.9	2.626e3
1475.4	7.200e1
1475.9	2.326e3
1476.8	1.821e3
1477.4	4.050e2
1478.0	3.348e3
1478.7	9.790e2
1479.5	3.013e3
1480.4	2.005e3
1481.1	1.038e3
1481.8	2.489e3
1482.7	1.788e3
1483.5	2.436e3
1484.2	9.720e2
1484.9	3.361e3
1485.8	2.267e3
1486.8	2.178e3
1487.6	1.206e3
1488.4	2.339e3
1489.3	1.581e3
1490.3	1.403e3
1491.1	1.692e3
1492.0	2.084e3
1492.9	3.502e3
1493.6	1.091e3
1494.3	2.212e3
1495.2	1.601e3
1495.7	3.200e1
1496.2	2.262e3
1497.2	2.464e3
1497.8	4.360e2
1498.5	1.703e3
1499.5	2.830e3
1500.3	1.352e3
1501.1	1.437e3
1502.0	2.192e3
1503.0	3.122e3
1503.7	6.670e2
1504.5	1.527e3
1505.5	2.284e3
1506.1	3.240e2
1506.7	2.528e3
1507.7	2.253e3
1508.5	1.297e3
1509.5	2.805e3
1510.3	1.979e3
1510.9	1.720e2
1511.6	2.058e3
1512.5	3.336e3
1513.3	8.190e2
1514.0	2.693e3
1514.9	9.610e2
1515.7	3.221e3
1516.7	2.211e3
1517.4	4.160e2
1518.2	3.071e3
1519.2	1.946e3
1520.1	1.875e3
1520.7	3.910e2
1521.4	2.381e3
1522.1	4.560e2
1522.8	1.713e3
1523.7	1.843e3
1524.4	1.010e2
1524.9	1.973e3
1525.5	8.000e1
1526.1	3.425e3
1527.0	1.851e3
1527.6	2.580e2
1528.2	2.651e3
1529.0	1.496e3
1529.9	2.837e3
1530.5	2.470e2
1531.1	2.714e3
1531.9	1.401e3
1532.9	3.249e3
1533.8	1.867e3
1534.6	2.256e3
1535.1	4.000e1
1535.7	2.104e3
1536.3	6.470e2
1536.9	3.018e3
1537.9	1.560e3
1538.9	3.026e3
1539.6	7.420e2
1540.2	2.175e3
1541.0	1.206e3
1541.7	2.351e3
1542.3	4.430e2
1542.9	1.580e3
1543.5	4.460e2
1544.2	2.377e3
1544.7	9.300e1
1545.3	2.155e3
1545.8	1.800e1
1546.4	2.339e3
1547.0	4.000e2
1547.5	2.951e3
1548.3	8.850e2
1549.1	2.105e3
1550.0	1.813e3
1550.9	3.071e3
1551.9	2.716e3
1552.5	2.710e2
1553.1	2.490e3
1553.7	3.820e2
1554.3	2.890e3
1555.2	2.285e3
1556.2	2.838e3
1556.7	2.670e2
1557.3	2.475e3
1558.3	2.798e3
1559.2	3.741e3
1560.0	1.142e3
1560.8	2.895e3
1561.5	1.370e3
1562.3	3.649e3
1562.8	3.300e1
1563.3	2.303e3
1564.3	3.070e3
1565.3	1.885e3
1566.0	7.000e2
1566.8	2.635e3
1567.3	6.600e1
1567.9	3.039e3
1568.9	2.036e3
1569.9	3.389e3
1570.9	2.438e3
1571.9	3.084e3
1572.9	2.036e3
1573.9	1.705e3
1574.5	3.150e2
1575.1	3.140e3
1576.0	2.402e3
1576.8	1.490e3
1577.6	2.282e3
1578.1	1.210e2
1578.7	2.153e3
1579.2	1.440e2
1579.8	3.144e3
1580.5	1.118e3
1581.4	2.950e3
1582.0	1.160e2
1582.5	1.626e3
1583.4	2.950e3
1584.2	1.191e3
1584.9	2.498e3
1585.5	1.730e2
1586.2	1.755e3
1586.9	6.470e2
1587.7	3.210e3
1588.4	9.400e2
1589.1	2.787e3
1590.1	2.646e3
1590.8	4.700e2
1591.4	1.943e3
1592.2	6.180e2
1592.9	1.888e3
1593.8	2.023e3
1594.5	6.870e2
1595.2	3.019e3
1596.1	1.533e3
1597.2	2.033e3
1598.1	1.885e3
1598.6	7.000e1
1599.1	2.196e3
1599.8	9.960e2
1600.5	1.885e3
1601.0	1.130e2
1601.5	2.258e3
1602.2	5.070e2
1602.8	2.145e3
1603.4	2.170e2
1604.0	2.367e3
1604.7	9.040e2
1605.4	2.522e3
1606.3	1.914e3
1607.0	7.040e2
1607.7	2.829e3
1608.3	4.500e1
1608.8	2.658e3
1609.5	4.920e2
1610.1	2.407e3
1611.0	2.644e3
1611.7	8.860e2
1612.5	2.543e3
1613.1	2.020e2
1613.6	2.381e3
1614.6	1.973e3
1615.6	2.261e3
1616.3	9.950e2
1617.0	2.802e3
1617.6	1.890e2
1618.1	2.468e3
1618.8	7.400e2
1619.5	2.867e3
1620.0	3.600e1
1620.8	2.567e3
1621.3	2.480e2
1622.0	2.529e3
1622.8	1.538e3
1623.7	3.201e3
1624.6	7.460e2
1625.3	1.758e3
1626.2	2.065e3
1627.0	8.840e2
1627.8	1.915e3
1628.5	3.350e2
1629.1	2.439e3
1629.8	1.175e3
1630.4	1.941e3
1631.0	1.700e1
1631.5	1.415e3
1632.5	2.254e3
1633.4	1.705e3
1634.1	5.260e2
1634.8	2.174e3
1635.8	3.921e3
1636.7	1.658e3
1637.3	2.960e2
1637.9	1.142e3
1638.7	2.364e3
1639.7	2.162e3
1640.3	1.870e2
1640.8	1.933e3
1641.6	1.113e3
1642.3	3.410e3
1643.3	2.404e3
1644.1	4.180e2
1644.8	1.459e3
1645.3	4.400e1
1645.8	2.842e3
1646.5	3.410e2
1647.1	1.820e3
1647.7	1.480e2
1648.2	2.587e3
1648.9	4.980e2
1649.5	2.002e3
1650.1	3.430e2
1650.8	2.247e3
1651.3	2.070e2
1651.9	2.114e3
1652.9	3.220e3
1653.8	9.510e2
1654.6	1.510e3
1655.4	3.173e3
1656.0	1.630e2
1656.5	2.264e3
1657.5	2.195e3
1658.2	1.760e2
1658.8	1.833e3
1659.8	2.199e3
1660.7	2.618e3
1661.3	6.290e2
1662.0	2.703e3
1662.9	9.380e2
1663.7	2.000e3
1664.3	1.710e2
1664.9	2.820e3
1665.4	5.800e1
1665.9	1.719e3
1666.5	4.100e2
1667.2	1.838e3
1667.9	1.056e3
1668.7	2.139e3
1669.6	1.219e3
1670.5	9.890e2
1671.2	3.019e3
1671.7	6.600e1
1672.2	1.988e3
1673.2	2.128e3
1674.1	2.217e3
1674.6	6.300e1
1675.2	2.186e3
1676.1	2.737e3
1676.8	1.660e2
1677.3	2.429e3
1678.3	2.686e3
1679.2	8.880e2
1680.0	2.168e3
1681.0	2.702e3
1681.6	3.670e2
1682.2	2.688e3
1683.2	1.931e3
1684.0	1.760e3
1684.9	3.316e3
1685.6	3.160e2
1686.2	2.144e3
1686.8	1.250e2
1687.4	2.652e3
1688.2	1.245e3
1689.2	1.896e3
1690.3	2.306e3
1691.2	1.833e3
1691.7	1.900e1
1692.3	1.712e3
1693.2	1.906e3
1693.8	2.610e2
1694.3	2.596e3
1695.0	2.830e2
1695.6	1.872e3
1696.2	1.900e2
1696.8	2.623e3
1697.8	2.357e3
1698.4	1.910e2
1698.9	2.620e3
1699.6	6.520e2
1700.5	2.785e3
1701.3	9.350e2
1702.1	1.500e3
1702.8	4.300e1
1703.3	2.244e3
1704.2	1.066e3
1704.9	1.926e3
1705.8	2.409e3
1706.4	1.030e2
1707.0	2.155e3
1707.6	4.410e2
1708.4	1.187e3
1709.4	1.885e3
1710.0	2.970e2
1710.5	2.546e3
1711.3	1.026e3
1712.1	1.527e3
1712.7	2.120e2
1713.3	2.560e3
1714.2	1.215e3
1714.9	2.161e3
1715.6	3.600e1
1716.2	1.911e3
1717.0	7.810e2
1717.8	2.165e3
1718.4	2.000e2
1719.1	3.227e3
1720.0	1.933e3
1720.5	1.250e2
1721.1	2.345e3
1722.0	3.146e3
1722.6	5.000e1
1723.1	1.591e3
1724.1	2.134e3
1725.0	1.511e3
1725.9	1.619e3
1726.8	2.320e3
1727.7	2.453e3
1728.3	3.800e2
1728.9	2.269e3
1729.9	2.895e3
1730.9	1.962e3
1731.4	2.500e1
1732.0	1.999e3
1732.5	1.600e1
1733.0	2.412e3
1733.8	8.360e2
1734.4	2.411e3
1735.3	1.554e3
1736.1	1.997e3
1737.0	1.101e3
1737.9	2.291e3
1738.6	9.560e2
1739.4	2.512e3
1740.3	2.501e3
1741.1	2.087e3
1742.0	2.469e3
1742.6	1.460e2
1743.1	2.103e3
1743.9	1.950e3
1744.5	2.540e2
1745.1	2.818e3
1745.6	8.000e1
1746.3	2.336e3
1747.0	5.880e2
1747.8	2.187e3
1748.5	6.060e2
1749.2	2.514e3
1749.9	3.720e2
1750.4	2.156e3
1751.4	2.667e3
1752.1	6.280e2
1752.8	1.764e3
1753.8	8.730e2
1754.8	2.234e3
1755.7	1.500e3
1756.5	1.650e3
1757.4	3.468e3
1758.1	4.900e2
1758.7	2.250e3
1759.2	4.100e1
1759.8	2.245e3
1760.6	1.300e3
1761.6	2.244e3
1762.2	1.500e2
1762.8	2.873e3
1763.8	2.137e3
1764.5	4.720e2
1765.3	1.911e3
1766.0	6.730e2
1766.8	1.946e3
1767.5	5.690e2
1768.2	2.129e3
1769.1	2.667e3
1769.9	5.650e2
1770.7	2.285e3
1771.5	1.140e3
1772.3	2.416e3
1773.2	2.648e3
1773.7	8.900e1
1774.2	3.030e3
1774.9	8.940e2
1775.6	2.647e3
1776.3	6.040e2
1777.0	1.420e3
1777.9	2.310e3
1778.9	1.782e3
1779.8	1.666e3
1780.3	1.540e2
1780.9	2.007e3
1781.8	1.072e3
1782.6	1.678e3
1783.4	1.303e3
1784.3	2.379e3
1785.4	2.580e3
1785.9	1.950e2
1786.5	1.808e3
1787.0	1.380e2
1787.6	2.847e3
1788.6	2.182e3
1789.4	9.850e2
1790.1	1.555e3
1790.6	3.300e1
1791.1	1.788e3
1792.0	1.837e3
1792.9	2.443e3
1793.5	1.290e2
1794.0	2.291e3
1795.0	1.865e3
1795.6	6.600e1
1796.2	1.827e3
1796.7	1.250e2
1797.2	2.360e3
1797.8	2.370e2
1798.4	1.781e3
1799.0	7.900e1
1799.6	2.125e3
1800.1	4.040e2
1800.8	2.562e3
1801.6	1.039e3
1802.4	1.667e3
1803.3	1.383e3
1804.1	5.490e2
1804.9	3.577e3
1805.5	1.800e1
1806.0	2.497e3
1806.6	2.380e2
1807.1	2.360e3
1808.1	1.129e3
1808.9	7.570e2
1809.8	2.710e3
1810.8	1.390e3
1811.6	1.583e3
1812.5	9.800e2
1813.1	4.020e2
1813.6	1.731e3
1814.2	2.220e2
1814.7	1.688e3
1815.6	2.110e3
1816.4	8.720e2
1817.2	1.865e3
1817.9	8.690e2
1818.8	2.196e3
1819.4	2.740e2
1820.0	1.818e3
1820.9	9.110e2
1821.9	1.817e3
1822.6	3.150e2
1823.2	2.102e3
1823.8	3.100e1
1824.3	2.149e3
1825.2	1.378e3
1825.8	2.640e2
1826.5	1.653e3
1827.4	1.718e3
1828.4	1.660e3
1829.0	4.280e2
1829.6	2.245e3
1830.4	8.410e2
1831.3	2.484e3
1832.0	1.005e3
1832.8	1.874e3
1833.4	4.400e1
1834.0	1.558e3
1834.8	1.523e3
1835.3	2.060e2
1835.9	1.604e3
1836.6	2.620e2
1837.2	1.334e3
1837.9	1.998e3
1838.8	1.376e3
1839.7	2.250e3
1840.7	9.130e2
1841.4	2.110e2
1842.1	2.522e3
1842.9	1.894e3
1843.6	2.639e3
1844.5	1.779e3
1845.4	2.470e3
1846.3	1.690e3
1847.1	2.916e3
1848.0	1.608e3
1848.6	5.110e2
1849.2	2.260e3
1849.8	1.930e2
1850.4	9.810e2
1851.2	1.340e3
1851.8	5.160e2
1852.5	2.084e3
1853.1	2.970e2
1853.6	1.765e3
1854.6	1.467e3
1855.4	2.305e3
1856.5	1.389e3
1857.4	7.280e2
1858.3	2.168e3
1858.9	4.570e2
1859.5	2.170e3
1860.2	6.870e2
1861.0	2.004e3
1861.6	1.300e2
1862.1	2.365e3
1862.9	6.250e2
1863.6	1.819e3
1864.6	1.390e3
1865.3	2.710e2
1866.2	2.158e3
1867.0	3.540e2
1867.7	2.751e3
1868.5	1.479e3
1869.4	9.530e2
1869.9	1.100e1
1870.5	1.369e3
1871.4	2.659e3
1872.0	4.800e1
1872.7	1.715e3
1873.3	2.340e2
1873.9	2.506e3
1874.8	1.653e3
1875.5	4.840e2
1876.2	1.974e3
1876.8	3.540e2
1877.4	2.029e3
1878.4	2.362e3
1878.9	9.900e1
1879.5	1.911e3
1880.1	7.210e2
1880.9	2.718e3
1881.7	1.245e3
1882.5	2.042e3
1883.4	2.356e3
1884.3	9.770e2
1885.2	2.821e3
1886.0	1.112e3
1886.6	1.740e2
1887.2	1.793e3
1887.8	3.760e2
1888.3	2.173e3
1889.1	6.610e2
1889.8	2.114e3
1890.8	1.183e3
1891.6	2.295e3
1892.5	1.898e3
1893.5	1.793e3
1894.2	1.126e3
1894.9	2.032e3
1895.6	6.110e2
1896.4	3.284e3
1897.3	1.510e3
1898.1	8.380e2
1899.0	1.232e3
1899.6	1.520e2
1900.2	2.313e3
1901.1	2.090e3
1901.8	1.340e2
1902.4	1.857e3
1903.0	4.100e2
1903.7	2.023e3
1904.6	1.627e3
1905.5	1.430e3
1906.3	3.106e3
1907.2	1.453e3
1908.0	1.718e3
1909.0	1.821e3
1909.9	1.341e3
1910.8	2.174e3
1911.7	1.517e3
1912.6	1.858e3
1913.6	1.588e3
1914.6	1.369e3
1915.3	7.220e2
1916.1	1.873e3
1916.8	7.730e2
1917.4	2.437e3
1918.0	4.400e2
1918.6	2.108e3
1919.4	9.550e2
1920.6	2.094e3
1921.3	4.850e2
1921.9	1.926e3
1922.9	2.108e3
1923.6	4.060e2
1924.2	9.400e2
1925.1	1.400e3
1925.7	3.180e2
1926.2	1.709e3
1927.1	2.445e3
1927.9	5.350e2
1928.6	1.815e3
1929.6	2.119e3
1930.3	1.342e3
1930.9	3.100e1
1931.5	2.579e3
1932.2	7.620e2
1933.0	1.291e3
1933.9	1.345e3
1934.4	1.890e2
1935.0	2.384e3
1935.9	6.480e2
1936.9	2.015e3
1937.4	1.030e2
1938.0	1.445e3
1938.9	1.724e3
1939.5	2.500e1
1940.0	2.234e3
1940.6	1.780e2
1941.2	2.153e3
1941.9	7.780e2
1942.7	2.623e3
1943.2	4.000e0
1943.8	2.062e3
1944.7	2.274e3
1945.4	4.090e2
1946.0	1.831e3
1946.8	4.320e2
1947.5	1.902e3
1948.2	2.420e2
1948.9	2.039e3
1949.7	9.940e2
1950.6	1.938e3
1951.3	5.730e2
1951.9	1.892e3
1952.6	2.250e2
1953.3	2.103e3
1954.2	2.282e3
1954.7	1.440e2
1955.2	1.987e3
1956.1	1.473e3
1957.0	1.124e3
1957.5	3.360e2
1958.2	1.795e3
1958.8	1.780e2
1959.4	2.972e3
1960.3	6.230e2
1961.0	1.558e3
1961.6	1.420e2
1962.3	1.874e3
1963.2	1.059e3
1964.0	1.825e3
1964.6	7.430e2
1965.3	1.423e3
1966.0	4.880e2
1966.7	1.966e3
1967.4	8.060e2
1968.0	1.820e2
1968.6	2.161e3
1969.1	1.700e2
1969.7	2.331e3
1970.4	3.770e2
1971.1	2.118e3
1972.1	1.336e3
1972.8	5.190e2
1973.6	1.744e3
1974.6	2.444e3
1975.4	9.340e2
1976.3	2.348e3
1977.2	1.854e3
1978.0	9.390e2
1978.9	2.030e3
1979.5	2.020e2
1980.1	2.183e3
1981.0	7.890e2
1981.8	3.057e3
1982.5	9.300e1
1983.0	2.349e3
1983.6	9.900e1
1984.1	1.214e3
1985.0	2.678e3
1985.7	3.770e2
1986.5	1.423e3
1987.2	1.140e2
1987.8	1.830e3
1988.3	1.000e2
1988.9	1.389e3
1989.5	1.840e2
1990.1	1.468e3
1991.1	2.261e3
1992.0	1.201e3
1993.0	2.996e3
1993.9	6.980e2
1994.8	1.691e3
1995.6	9.770e2
1996.3	2.544e3
1997.2	1.868e3
1998.2	1.826e3
1999.2	2.141e3
1999.7	3.280e2
