100.3	4.170e2
101.0	3.992e4
102.0	1.783e4
102.9	1.094e4
103.9	2.705e3
104.9	2.101e3
105.4	4.090e2
106.2	3.240e2
107.2	5.300e2
108.9	5.840e2
109.4	3.000e1
110.1	1.870e2
111.0	7.141e4
112.1	4.620e3
113.0	3.387e4
113.9	1.792e3
114.5	1.520e2
115.0	1.115e4
116.0	5.908e3
117.0	1.265e5
118.0	2.341e4
119.0	9.006e3
119.9	2.767e3
121.0	1.003e3
122.1	4.210e2
123.0	3.350e2
124.0	8.680e2
125.1	9.090e2
126.0	5.772e3
127.1	1.544e3
128.2	5.125e3
129.1	3.626e4
130.0	1.091e4
131.0	1.021e4
132.1	3.404e3
133.1	2.168e4
134.1	2.640e3
135.1	7.564e3
135.6	3.300e1
136.1	2.292e3
137.1	5.493e3
137.6	1.090e2
138.1	1.842e3
139.1	1.977e3
140.2	3.010e2
141.0	1.597e3
141.5	3.900e1
142.1	1.161e3
143.1	1.973e3
144.1	4.547e3
145.1	9.426e3
146.0	2.077e4
147.0	2.111e4
148.1	4.736e3
149.1	2.947e3
150.2	8.330e2
151.0	1.686e3
151.9	1.353e3
152.7	1.360e2
153.2	3.248e3
154.1	3.000e3
155.1	9.662e3
156.1	4.524e3
157.0	2.954e3
158.1	2.310e3
159.0	9.269e3
160.0	3.179e3
161.1	9.874e3
162.1	3.456e3
163.0	6.570e3
164.1	5.455e3
165.1	1.182e4
166.1	9.190e2
167.0	2.389e3
168.0	1.645e3
169.2	2.558e3
170.1	1.702e3
171.2	2.381e3
172.1	3.255e3
173.1	4.568e4
174.1	7.679e3
175.0	2.491e4
175.6	7.600e1
176.1	2.928e3
177.1	3.883e3
178.1	1.440e3
179.1	1.641e4
180.1	4.120e3
180.6	1.400e1
181.1	8.909e3
182.1	1.673e3
183.1	5.437e3
184.1	1.999e3
185.0	4.889e3
185.6	2.880e2
186.1	3.355e3
187.1	8.525e3
188.1	4.029e3
189.0	3.847e3
190.0	7.264e3
190.6	2.250e2
191.1	2.172e5
192.1	1.667e4
193.1	3.134e4
194.2	2.006e3
195.1	3.555e4
196.0	2.309e4
197.0	2.902e3
197.9	2.247e4
198.4	3.300e1
199.1	2.574e3
200.0	2.091e4
200.5	1.330e2
201.0	7.362e3
202.1	7.446e3
203.1	3.725e4
204.1	6.494e3
205.2	6.397e3
206.1	3.105e3
207.1	5.989e3
208.0	1.387e4
209.2	2.891e4
210.1	6.333e3
211.2	3.344e3
212.2	2.649e4
213.0	6.229e3
214.1	4.217e3
215.0	2.214e3
215.9	5.456e3
216.5	5.570e2
217.1	4.148e3
218.1	7.038e3
219.1	1.964e3
220.2	1.970e3
221.2	1.545e4
222.1	1.332e4
223.1	1.888e4
223.6	2.120e2
224.2	6.553e3
225.1	9.805e3
226.1	4.189e3
227.1	1.339e4
228.0	3.141e3
229.1	4.342e3
229.6	1.300e1
230.1	5.557e3
231.1	4.742e3
232.1	4.180e3
233.0	4.513e3
233.6	5.300e1
234.1	5.155e3
235.1	2.831e3
236.0	3.301e4
236.5	1.670e2
237.1	6.649e3
238.1	4.848e3
239.1	6.918e3
240.0	2.591e4
241.0	1.111e4
241.6	7.320e2
242.2	7.356e3
243.2	1.211e4
244.1	5.737e3
245.2	6.822e3
246.1	4.919e3
247.1	6.095e3
248.1	6.303e3
249.1	3.777e3
250.1	1.352e3
251.2	6.616e3
252.2	2.670e3
253.3	1.094e4
254.3	2.408e3
255.2	1.934e3
256.1	2.812e3
257.1	9.505e3
258.0	5.632e3
258.6	1.360e2
259.2	6.538e3
260.1	3.601e3
261.2	9.329e3
262.1	7.853e3
263.1	7.433e3
263.6	1.200e1
264.1	3.566e3
265.1	7.448e3
266.1	4.711e3
267.2	5.804e3
268.1	5.144e3
269.1	2.903e3
270.0	4.494e3
271.3	1.800e3
272.2	2.515e3
273.1	8.005e3
274.1	4.221e3
275.1	4.594e3
275.7	2.770e2
276.2	4.334e3
277.2	2.651e3
277.7	2.370e2
278.2	2.399e3
279.1	9.017e3
280.0	1.168e4
281.1	4.565e3
282.1	6.550e3
283.2	7.292e3
284.1	6.698e3
285.1	2.472e3
286.1	5.192e3
286.6	1.620e2
287.2	6.330e3
288.1	5.211e3
289.2	5.437e3
290.1	1.714e4
291.1	4.430e3
292.1	9.293e3
292.6	8.300e1
293.2	6.591e3
294.1	5.114e3
295.1	1.164e4
296.1	5.070e3
297.1	4.191e3
298.0	5.828e3
298.5	2.440e2
299.1	4.738e3
300.0	5.728e3
300.6	3.200e1
301.2	7.349e3
302.1	6.756e3
302.8	2.150e2
303.3	4.362e3
304.2	5.667e3
305.2	1.006e4
306.2	4.412e3
307.2	4.011e3
308.0	7.121e3
309.0	3.478e3
309.5	1.920e2
310.1	9.399e3
311.1	1.001e4
312.0	5.352e3
312.5	5.210e2
313.1	1.057e4
314.1	5.026e3
315.1	3.964e3
316.1	6.739e3
317.1	8.803e3
317.6	5.070e2
318.2	6.280e3
319.2	8.887e3
320.1	6.033e3
321.1	4.518e3
322.0	2.361e3
323.1	6.734e3
324.1	5.996e3
325.1	8.684e3
326.0	2.247e3
327.1	5.151e3
327.6	2.760e2
328.1	9.651e3
329.1	5.480e3
330.1	8.250e3
331.1	5.627e3
332.1	4.811e3
333.1	8.029e3
333.7	5.950e2
334.2	4.436e3
335.2	3.418e3
336.1	5.755e3
337.1	8.068e3
338.1	4.934e3
339.2	3.706e3
340.0	7.083e3
341.2	1.859e4
342.2	1.030e4
342.7	3.980e2
343.2	9.758e3
343.8	1.220e2
344.3	9.094e3
345.0	2.032e3
345.7	6.677e3
346.3	1.389e3
347.1	8.810e3
348.1	4.912e3
349.1	6.375e3
350.2	3.634e3
351.2	1.168e4
351.7	6.200e1
352.2	4.600e3
353.1	1.944e4
353.7	2.900e1
354.2	1.896e4
355.2	1.215e4
356.1	4.839e3
356.6	5.000e1
357.2	1.439e4
358.1	8.583e3
359.1	4.304e3
360.0	6.067e3
360.6	3.600e1
361.1	3.187e3
361.9	4.976e3
362.5	1.910e2
363.2	5.064e3
364.1	3.634e3
364.6	2.070e2
365.2	8.266e3
365.8	4.630e2
366.4	6.015e3
367.3	3.712e3
368.1	3.323e3
368.7	9.800e1
369.2	4.903e3
370.2	5.519e3
371.1	2.576e3
372.1	7.194e3
372.6	1.720e2
373.2	6.516e3
374.2	4.949e3
375.1	2.543e3
375.9	7.537e3
376.5	3.110e2
377.2	8.829e3
378.1	6.845e3
379.2	9.800e3
380.1	5.660e3
381.1	7.895e3
382.2	7.529e3
383.1	8.093e3
384.1	2.785e3
384.6	3.200e1
385.1	6.591e3
386.2	4.381e3
387.2	1.070e4
388.2	6.374e3
388.8	1.360e2
389.3	6.154e3
390.2	3.578e3
391.2	4.309e3
392.0	6.967e3
392.6	6.500e1
393.1	4.218e3
393.7	5.300e1
394.2	5.021e3
395.0	2.750e3
395.9	3.532e3
396.5	4.200e2
397.1	3.224e3
398.0	4.954e3
398.6	7.400e1
399.1	4.956e3
400.0	3.206e3
401.1	6.047e3
402.1	7.856e3
402.6	2.710e2
403.2	4.035e3
404.1	4.686e3
404.7	2.090e2
405.2	7.564e3
406.1	1.810e3
407.0	3.433e3
407.9	3.827e3
408.5	7.930e2
409.1	4.683e3
410.1	4.249e3
410.6	1.390e2
411.2	4.186e3
412.0	5.643e3
413.1	3.958e3
414.1	3.436e3
414.7	1.240e2
415.3	7.464e3
416.3	2.731e3
417.2	1.131e4
418.1	4.288e3
418.7	1.500e2
419.3	6.060e3
420.2	3.998e3
421.1	1.017e4
422.1	5.280e3
422.7	1.060e2
423.3	3.451e3
424.1	2.909e3
425.1	7.189e3
426.0	4.392e3
426.7	6.200e2
427.2	7.111e3
428.1	3.861e3
429.0	4.631e3
430.1	5.771e3
430.8	5.440e2
431.3	8.558e3
432.2	6.525e3
433.1	6.987e3
434.1	4.647e3
434.6	1.830e2
435.2	4.555e3
436.1	9.821e3
436.6	5.000e1
437.2	4.482e3
438.2	3.909e3
439.1	7.234e3
439.6	2.720e2
440.2	4.675e3
441.1	8.077e3
442.1	4.368e3
443.2	5.842e3
443.8	1.900e2
444.3	1.010e4
444.8	2.680e2
445.3	5.984e3
446.2	5.356e3
447.2	5.395e3
448.1	1.308e4
449.1	6.635e3
449.6	1.960e2
450.2	6.289e3
451.2	4.558e3
452.1	5.058e3
453.2	5.582e3
454.2	4.435e3
455.1	5.827e3
455.8	8.030e2
456.5	3.753e3
457.4	1.019e4
458.2	6.976e3
459.1	6.525e3
460.1	5.115e3
461.2	6.012e3
462.2	7.417e3
463.0	2.518e3
463.8	5.843e3
464.5	7.170e2
465.2	3.373e3
466.2	1.130e4
467.2	6.865e3
468.1	3.895e3
469.1	6.890e3
470.1	8.108e3
471.3	5.657e3
472.1	5.829e3
473.2	7.576e3
474.1	8.343e3
474.7	1.440e2
475.2	5.950e3
476.1	6.006e3
477.1	8.183e3
478.1	5.806e3
478.6	3.600e1
479.1	6.881e3
480.1	4.204e3
481.1	3.822e3
482.1	5.033e3
483.0	5.807e3
483.9	2.606e3
484.5	7.220e2
485.3	8.253e3
486.2	7.475e3
487.1	5.588e3
488.1	1.057e4
489.1	5.708e3
489.8	7.008e3
490.4	5.960e2
491.1	7.154e3
492.0	3.956e3
493.1	6.221e3
493.6	2.590e2
494.2	3.447e3
494.7	1.500e1
495.3	6.008e3
496.3	7.504e3
497.2	6.415e3
498.1	1.705e3
498.7	2.546e3
499.5	3.989e3
500.2	1.000e3
500.9	6.363e3
501.5	1.556e3
502.3	6.030e3
503.3	1.383e5
504.3	3.460e4
505.3	1.436e4
506.2	5.196e3
507.1	7.641e3
508.0	4.025e3
508.9	6.074e3
509.5	1.043e3
510.1	6.897e3
511.1	6.942e3
512.1	5.344e3
512.7	3.830e2
513.3	4.599e3
514.2	6.432e3
514.7	3.030e2
515.3	1.596e4
516.3	6.497e3
517.2	8.268e3
518.1	2.883e3
519.0	7.688e3
519.6	5.820e2
520.1	4.001e3
520.9	3.951e3
521.5	6.570e2
522.1	3.708e3
523.1	5.552e3
524.1	3.304e3
525.1	5.012e3
526.0	4.203e3
526.6	8.430e2
527.1	8.289e3
528.0	7.085e3
528.6	1.394e3
529.3	5.471e3
530.3	9.889e3
531.4	8.210e3
532.2	4.370e3
533.1	6.877e3
534.1	6.553e3
535.1	8.447e3
536.0	4.136e3
536.7	3.460e2
537.3	6.132e3
538.2	5.900e3
538.8	7.500e2
539.3	3.032e4
540.3	6.519e3
541.3	1.348e4
542.3	6.899e3
543.1	4.821e3
544.1	4.273e3
544.7	5.620e2
545.3	5.926e3
546.2	2.858e3
546.9	6.868e3
547.7	1.766e3
548.5	4.564e3
549.3	6.038e4
550.3	1.660e4
551.3	1.143e4
552.2	5.387e3
553.3	4.231e3
554.2	4.749e3
555.1	5.707e3
555.6	1.080e2
556.2	4.394e3
557.0	2.994e3
557.6	8.050e2
558.3	7.614e3
559.2	5.575e3
560.1	5.196e3
561.2	7.812e3
562.2	4.535e3
563.2	4.395e3
564.2	4.834e3
564.8	4.440e2
565.5	4.426e3
566.5	2.605e3
567.5	4.608e3
568.2	2.704e3
569.1	6.130e3
569.6	2.190e2
570.2	4.959e3
570.7	2.140e2
571.3	8.585e3
572.2	6.538e3
572.9	1.249e3
573.5	6.922e3
574.5	2.211e3
575.4	5.111e3
576.3	5.992e3
577.3	4.483e3
578.2	5.690e3
579.2	9.884e3
579.7	1.890e2
580.3	3.545e3
580.8	2.390e2
581.3	4.307e3
582.0	6.500e2
582.8	5.933e3
583.4	1.122e3
584.1	4.652e3
584.8	3.240e2
585.4	4.826e3
586.4	7.756e3
587.3	5.583e3
587.8	9.800e1
588.3	7.059e3
589.3	3.918e3
590.1	2.960e3
590.9	7.058e3
591.5	9.670e2
592.2	7.038e3
592.8	2.120e2
593.4	1.447e4
594.4	5.780e3
595.1	1.223e3
595.8	5.584e3
596.8	2.797e3
597.6	7.611e3
598.3	2.061e3
599.2	5.359e3
599.8	2.480e2
600.4	3.835e3
601.3	1.398e4
602.2	7.235e3
603.2	1.021e4
604.2	6.767e3
605.1	3.484e3
606.2	6.255e3
607.2	3.331e3
607.7	1.080e2
608.2	3.977e3
609.2	5.916e3
609.8	7.360e2
610.4	5.848e3
611.5	3.616e3
612.3	1.659e3
613.1	6.079e3
613.8	7.830e2
614.4	5.263e3
615.3	4.656e3
616.3	2.950e3
617.0	1.565e3
617.6	9.330e3
618.7	6.488e3
619.3	1.156e3
620.0	4.035e3
620.7	6.440e2
621.3	1.745e4
622.3	9.242e3
623.2	6.680e3
623.8	4.120e2
624.4	4.179e3
625.4	4.741e3
625.9	2.090e2
626.4	3.912e3
627.2	2.139e3
627.7	7.300e1
628.2	1.046e4
628.8	8.690e2
629.4	4.457e3
630.4	6.623e3
631.3	3.767e3
631.9	1.170e2
632.4	6.420e3
633.3	3.935e3
633.8	3.400e1
634.3	6.963e3
634.8	3.880e2
635.4	5.469e3
636.4	1.019e4
636.9	4.820e2
637.4	9.546e3
638.3	3.387e3
639.3	7.705e3
640.0	1.289e3
640.6	5.312e3
641.3	1.213e3
642.1	4.122e3
643.0	2.617e3
644.0	4.169e3
644.5	3.820e2
645.2	6.487e3
645.7	4.380e2
646.3	5.836e3
646.9	7.770e2
647.5	4.317e3
648.4	9.373e3
648.9	2.260e2
649.5	6.498e3
650.4	1.008e4
651.4	6.679e3
652.3	4.928e3
653.2	5.154e3
653.8	5.100e2
654.4	3.688e3
655.3	5.969e3
656.3	3.452e3
656.8	4.030e2
657.4	5.512e3
658.0	1.448e3
658.6	4.225e3
659.5	5.053e3
660.1	8.230e2
660.7	5.263e3
661.4	8.910e2
661.9	4.972e3
662.8	1.727e3
663.6	5.675e3
664.4	2.279e3
665.2	8.190e3
666.2	4.599e3
667.1	5.176e3
668.0	9.013e3
668.7	2.031e3
669.4	7.097e3
670.4	5.237e3
671.3	5.182e3
672.2	3.324e3
673.0	5.109e3
673.9	2.510e3
674.8	5.322e3
675.5	2.026e3
676.2	5.067e3
676.8	1.450e2
677.3	8.302e3
677.9	1.770e2
678.4	4.777e3
679.5	6.824e3
680.5	3.662e3
681.3	7.509e3
682.2	4.968e3
682.8	3.890e2
683.4	6.916e3
684.1	1.339e3
684.9	5.350e3
685.5	1.227e3
686.3	6.946e3
687.2	5.556e3
687.8	2.470e2
688.3	6.005e3
689.2	4.838e3
690.2	6.407e3
690.8	3.590e2
691.3	5.335e3
692.3	6.735e3
692.8	7.300e1
693.4	6.773e3
694.0	6.000e1
694.5	6.467e3
695.4	1.385e4
695.9	6.800e1
696.5	8.568e3
697.4	2.090e4
698.4	1.001e4
699.4	1.167e4
700.0	3.840e2
700.6	6.114e3
701.1	1.590e2
701.7	3.902e3
702.7	4.400e3
703.5	1.450e3
704.3	4.880e3
704.8	2.690e2
705.3	5.508e3
706.0	1.752e3
706.7	7.475e3
707.5	6.869e3
708.4	5.095e3
709.4	6.317e3
710.2	3.483e3
710.8	4.180e2
711.3	6.503e3
712.3	5.155e3
712.9	7.820e2
713.5	1.822e4
714.4	7.135e3
715.1	3.089e3
716.0	5.440e3
716.8	1.898e3
717.6	1.148e4
718.5	6.203e3
719.3	2.740e3
720.1	6.814e3
721.1	6.153e3
721.8	1.167e3
722.4	3.653e3
723.1	6.312e3
723.9	3.536e3
724.6	5.806e3
725.5	4.851e3
726.4	8.713e3
727.4	9.100e3
728.3	3.580e3
729.0	1.445e3
729.7	9.690e3
730.3	1.165e3
731.1	6.121e3
731.8	2.718e3
732.5	6.173e3
733.1	6.480e2
733.7	5.831e3
734.7	4.680e3
735.7	5.537e3
736.4	2.367e3
737.4	3.672e3
738.4	5.024e3
739.4	2.140e3
740.2	7.309e3
740.8	6.320e2
741.4	9.208e3
741.9	2.190e2
742.5	5.228e3
743.5	5.646e3
744.4	3.235e3
745.4	3.615e3
745.9	8.900e1
746.5	6.816e3
747.4	5.036e3
748.3	1.203e4
749.2	1.265e4
750.2	8.069e3
751.1	4.671e3
751.7	9.120e2
752.4	7.444e3
753.2	2.072e3
753.9	3.408e3
754.8	5.421e3
755.3	6.860e2
755.8	4.842e3
756.7	2.346e3
757.6	5.327e3
758.5	3.618e3
759.4	4.775e3
760.4	4.848e3
761.3	4.257e3
762.2	5.753e3
763.2	4.549e3
764.3	4.816e3
765.0	4.320e2
765.6	1.018e4
766.5	4.643e3
767.4	1.035e4
768.0	1.860e2
768.5	3.325e3
769.3	8.013e3
769.9	5.320e2
770.5	5.786e3
771.5	1.146e4
772.3	2.770e3
773.1	5.720e3
773.8	4.540e2
774.4	5.166e3
774.9	1.870e2
775.4	6.334e3
776.0	1.140e2
776.5	6.135e3
777.4	6.779e3
778.3	4.307e3
779.2	4.015e3
780.3	5.449e3
780.9	4.400e2
781.5	3.780e3
782.2	4.670e2
782.9	5.063e3
783.4	3.450e2
784.0	4.617e3
784.6	1.610e2
785.1	3.359e3
786.1	4.626e3
786.7	4.610e2
787.4	6.128e3
787.9	1.680e2
788.4	5.776e3
789.4	4.207e3
790.4	2.558e3
791.3	2.793e3
792.1	3.469e3
792.9	4.347e3
793.9	5.094e3
794.5	1.190e2
795.1	4.122e3
795.8	9.800e2
796.5	5.118e3
797.0	1.330e2
797.6	4.521e3
798.5	3.695e3
799.4	8.652e3
800.4	3.441e3
801.3	6.575e3
802.2	2.871e3
802.8	2.220e2
803.3	4.162e3
804.2	4.261e3
804.8	3.460e2
805.3	3.452e3
805.9	3.300e2
806.5	5.289e3
807.2	2.183e3
807.9	3.430e2
808.5	4.500e3
809.0	4.400e1
809.6	5.561e3
810.2	6.210e2
810.8	5.732e3
811.5	2.323e3
812.5	5.029e3
813.5	4.153e3
814.3	1.957e3
815.0	3.981e3
815.8	2.436e3
816.7	3.650e3
817.6	2.771e3
818.1	1.850e2
818.7	2.479e3
819.6	3.660e3
820.4	1.591e3
821.3	5.332e3
822.2	5.911e3
823.0	2.717e3
823.9	4.301e3
824.8	1.243e3
825.6	6.202e3
826.5	4.808e3
827.6	4.386e3
828.3	1.708e3
829.0	4.617e3
829.8	2.886e3
830.6	1.043e3
831.3	6.271e3
832.0	9.700e2
832.7	5.790e3
833.3	2.700e2
833.8	5.724e3
834.4	2.180e2
835.0	3.681e3
835.6	1.240e2
836.1	4.968e3
836.8	1.215e3
837.5	4.300e3
838.1	3.560e2
838.6	3.105e3
839.5	4.975e3
840.3	2.252e3
841.3	4.076e3
842.0	1.130e3
842.7	4.586e3
843.5	3.395e3
844.4	3.478e3
845.0	5.600e2
845.5	1.016e4
846.5	4.860e3
847.1	1.069e3
847.8	4.483e3
848.7	1.113e3
849.4	3.154e3
850.0	1.590e2
850.6	1.865e3
851.5	5.287e3
852.2	7.730e2
853.1	4.238e3
853.7	1.125e3
854.5	4.509e3
855.2	8.990e2
855.8	4.111e3
856.7	2.012e3
857.6	6.173e3
858.6	9.209e3
859.5	1.272e4
860.1	2.720e2
860.6	6.100e3
861.5	5.519e3
862.2	3.560e2
862.8	1.196e3
863.7	4.355e3
864.5	1.769e3
865.4	2.317e3
866.3	2.811e3
866.9	1.620e2
867.5	3.373e3
868.4	2.149e3
869.4	7.045e3
870.3	3.081e3
871.2	4.115e3
871.8	1.480e2
872.3	5.012e3
873.0	4.750e2
873.7	5.173e3
874.6	2.382e3
875.4	3.896e3
876.3	5.194e3
877.2	3.131e3
878.1	5.372e3
878.8	1.110e2
879.5	2.825e3
880.1	4.130e2
880.6	3.573e3
881.7	5.159e3
882.5	2.975e3
883.3	6.090e3
883.8	1.060e2
884.3	2.595e3
885.2	1.695e3
885.8	4.850e2
886.4	5.214e3
887.4	3.537e3
887.9	7.120e2
888.6	3.836e3
889.3	9.650e2
889.9	2.704e3
890.9	3.148e3
891.6	5.930e2
892.3	1.823e3
893.1	2.761e3
894.0	3.936e3
894.8	4.299e3
895.8	2.196e3
896.5	4.230e2
897.2	3.395e3
897.7	4.270e2
898.5	4.842e3
899.0	1.840e2
899.5	2.491e3
900.2	5.230e2
900.8	5.885e3
901.5	8.220e2
902.2	4.240e3
902.8	6.230e2
903.4	3.709e3
904.4	4.086e3
905.2	2.518e3
905.9	8.330e2
906.6	3.219e3
907.3	6.560e2
907.9	4.456e3
908.5	1.392e3
909.2	3.634e3
910.0	1.320e3
910.8	2.992e3
911.7	1.451e3
912.5	2.564e3
913.2	4.007e3
913.8	6.410e2
914.4	4.507e3
915.2	1.441e3
916.1	5.589e3
916.6	2.300e1
917.3	3.825e3
918.0	1.293e3
918.8	8.620e2
919.4	3.019e3
920.4	2.671e3
921.2	1.626e3
922.2	5.384e3
922.9	1.316e3
923.5	5.667e3
924.4	3.630e3
925.3	3.963e3
926.4	3.134e3
926.9	7.000e1
927.5	4.064e3
928.4	3.689e3
929.5	3.751e3
930.5	3.898e3
931.0	9.500e1
931.6	4.050e3
932.5	2.358e3
933.1	2.160e2
933.7	3.902e3
934.4	2.200e2
935.0	2.743e3
935.7	5.340e2
936.4	3.110e3
937.1	1.910e2
937.9	3.720e3
938.4	2.000e1
938.9	3.329e3
939.6	9.390e2
940.3	5.772e3
940.8	1.740e2
941.3	4.393e3
941.9	6.060e2
942.6	2.268e3
943.5	3.078e3
944.3	1.804e3
945.1	1.844e3
945.9	3.945e3
946.9	2.634e3
947.8	4.208e3
948.5	5.160e2
949.0	4.230e3
949.8	2.031e3
950.9	3.896e3
951.9	3.206e3
952.9	2.526e3
953.7	3.148e3
954.3	5.300e2
954.9	3.665e3
955.8	4.704e3
956.6	1.437e3
957.3	3.473e3
958.0	3.190e2
958.7	4.692e3
959.8	2.500e3
960.8	1.604e3
961.6	6.553e3
962.1	7.800e1
962.6	2.898e3
963.7	3.651e3
964.7	3.338e3
965.6	2.856e3
966.4	2.937e3
967.2	6.800e2
967.9	4.652e3
968.7	9.330e2
969.4	3.162e3
970.3	1.588e3
971.3	1.932e3
972.0	1.260e2
972.5	4.529e3
973.5	2.706e3
974.5	1.768e3
975.4	2.023e3
976.2	3.644e3
977.0	3.367e3
977.8	2.710e3
978.6	3.527e3
979.2	2.110e2
979.8	2.765e3
980.7	1.662e3
981.9	3.037e3
982.5	2.570e2
983.1	2.275e3
984.0	3.674e3
985.0	8.870e2
985.7	4.873e3
986.3	1.063e3
986.9	3.941e3
987.6	1.612e3
988.4	3.533e3
989.3	5.770e2
989.9	1.748e3
990.8	3.266e3
991.7	2.908e3
992.6	5.670e2
993.3	2.825e3
994.2	2.760e3
994.8	1.030e2
995.3	3.382e3
996.0	7.540e2
996.7	2.770e3
997.5	2.189e3
998.5	1.444e3
999.3	4.199e3
1000.4	2.456e3
1001.3	4.988e3
1001.8	2.350e2
1002.4	3.707e3
1003.3	4.404e3
1003.9	1.720e2
1004.4	2.499e3
1005.1	8.780e2
1005.8	2.134e3
1006.7	3.296e3
1007.6	2.813e4
1008.7	1.214e4
1009.7	7.880e3
1010.5	2.098e3
1011.1	4.460e2
1011.6	1.838e3
1012.5	2.506e3
1013.4	4.431e3
1013.9	1.190e2
1014.6	4.777e3
1015.3	1.321e3
1016.1	4.086e3
1016.8	8.680e2
1017.7	2.546e3
1018.2	2.560e2
1018.7	3.488e3
1019.8	3.720e3
1020.6	2.535e3
1021.6	2.417e3
1022.5	4.040e3
1023.5	1.400e3
1024.3	2.100e2
1025.0	2.283e3
1025.8	2.360e3
1026.6	2.846e3
1027.4	1.895e3
1028.3	4.433e3
1029.1	8.000e2
1029.8	5.164e3
1030.9	2.890e3
1031.6	2.094e3
1032.4	1.732e3
1033.1	4.884e3
1034.1	3.627e3
1034.6	9.200e1
1035.1	3.103e3
1036.1	3.665e3
1037.0	2.841e3
1037.7	5.560e2
1038.3	2.010e3
1039.2	3.120e3
1040.2	3.831e3
1040.9	1.643e3
1041.8	3.231e3
1042.8	2.751e3
1043.4	3.000e2
1043.9	6.700e2
1045.0	1.965e3
1045.6	9.560e2
1046.3	2.758e3
1047.1	9.410e2
1047.8	8.380e2
1048.7	4.071e3
1049.2	1.120e2
1049.8	3.747e3
1050.7	1.468e3
1051.3	2.100e1
1051.8	3.099e3
1052.4	1.400e2
1053.0	3.722e3
1053.8	2.468e3
1054.7	3.191e3
1055.6	1.147e3
1056.5	3.110e3
1057.5	3.510e3
1058.3	1.177e3
1059.3	3.737e3
1059.8	1.880e2
1060.4	3.613e3
1061.0	3.790e2
1061.5	7.263e3
1062.6	7.059e3
1063.2	1.720e2
1063.7	4.566e3
1064.4	1.310e3
1065.4	2.584e3
1066.1	1.020e3
1066.9	4.041e3
1067.5	3.220e2
1068.1	2.136e3
1068.8	3.370e2
1069.4	3.667e3
1070.0	3.810e2
1070.7	2.844e3
1071.7	2.913e3
1072.4	9.840e2
1073.1	3.174e3
1073.8	6.810e2
1074.8	1.373e3
1075.4	3.120e2
1076.0	2.100e3
1076.6	2.900e2
1077.2	4.136e3
1078.1	2.823e3
1078.8	1.738e3
1079.8	3.085e3
1080.8	2.220e3
1081.7	2.061e3
1082.4	9.850e2
1083.1	2.895e3
1084.3	2.579e3
1085.0	2.430e2
1085.8	2.622e3
1086.8	2.803e3
1087.4	1.120e3
1088.4	1.455e3
1088.9	5.430e2
1089.6	4.150e3
1090.8	1.752e3
1091.4	2.540e2
1091.9	3.277e3
1092.5	2.650e2
1093.0	3.899e3
1093.9	1.625e3
1094.6	1.026e3
1095.3	3.402e3
1095.9	1.950e2
1096.5	1.820e3
1097.4	3.167e3
1098.4	2.744e3
1099.1	7.550e2
1099.7	4.220e3
1100.8	3.552e3
1101.5	1.561e3
1102.3	1.684e3
1103.3	2.120e3
1104.0	3.520e2
1104.7	2.701e3
1105.7	5.770e2
1106.4	4.372e3
1107.4	1.745e3
1108.3	3.796e3
1109.2	2.063e3
1109.8	7.510e2
1110.7	2.260e3
1111.5	5.640e2
1112.2	2.101e3
1113.0	4.470e2
1113.6	3.493e3
1114.6	1.761e3
1115.5	1.543e3
1116.1	1.360e2
1116.7	3.653e3
1117.5	1.104e3
1118.4	1.752e3
1119.0	3.600e1
1119.6	3.518e3
1120.5	3.157e3
1121.2	5.050e2
1121.8	3.538e3
1122.7	2.173e3
1123.3	5.290e2
1123.9	2.398e3
1125.0	3.058e3
1125.6	5.440e2
1126.2	2.745e3
1126.8	3.360e2
1127.4	8.170e2
1128.1	2.851e3
1128.7	3.070e2
1129.3	2.208e3
1129.8	8.900e2
1130.4	3.549e3
1131.1	7.260e2
1131.7	2.716e3
1132.6	3.022e3
1133.2	4.930e2
1133.8	2.993e3
1134.5	5.120e2
1135.3	3.008e3
1135.9	6.750e2
1136.6	4.013e3
1137.5	1.574e3
1138.1	3.260e2
1138.7	3.014e3
1139.4	8.280e2
1140.0	3.320e3
1140.9	1.429e3
1141.9	2.236e3
1142.9	1.869e3
1143.9	1.692e3
1144.9	2.058e3
1145.8	1.588e3
1146.7	4.631e3
1147.4	4.670e2
1148.0	2.456e3
1148.6	1.910e2
1149.1	3.896e3
1149.7	3.630e2
1150.3	4.396e3
1150.9	8.300e1
1151.7	2.795e3
1152.7	1.820e3
1153.6	1.814e3
1154.2	7.400e1
1154.7	3.744e3
1155.8	1.110e3
1156.7	2.697e3
1157.8	3.107e3
1158.4	2.370e2
1159.0	2.336e3
1159.7	4.860e2
1160.4	2.904e3
1161.0	1.440e2
1161.6	2.574e3
1162.3	1.044e3
1163.1	1.313e3
1164.2	2.402e3
1165.1	2.340e3
1166.0	1.958e3
1167.0	7.390e2
1167.9	3.683e3
1168.8	2.519e3
1169.7	4.316e3
1170.8	3.045e3
1171.4	6.220e2
1172.0	3.503e3
1172.8	1.520e2
1173.3	1.962e3
1174.3	2.297e3
1174.9	1.170e2
1175.7	1.956e3
1176.4	1.247e3
1177.1	3.272e3
1178.1	2.794e3
1178.9	3.355e3
1179.6	7.540e2
1180.3	3.993e3
1180.9	8.600e1
1181.4	1.253e3
1182.5	2.860e3
1183.2	5.440e2
1183.9	2.689e3
1184.6	7.970e2
1185.3	1.100e3
1186.1	1.709e3
1186.9	3.799e3
1187.5	1.860e2
1188.2	2.395e3
1189.2	3.965e3
1189.9	2.910e2
1190.7	1.542e3
1191.7	1.875e3
1192.7	1.701e3
1193.2	3.040e2
1193.8	2.735e3
1194.7	4.175e3
1195.5	1.106e3
1196.4	2.586e3
1197.1	2.760e2
1197.7	1.095e3
1198.6	2.226e3
1199.2	5.850e2
1199.9	2.313e3
1201.3	2.845e3
1202.1	2.155e3
1203.1	1.980e3
1203.9	1.078e3
1204.7	2.439e3
1205.4	8.780e2
1206.0	2.316e3
1206.7	5.390e2
1207.4	1.115e3
1208.4	2.186e3
1209.1	8.570e2
1209.9	1.255e3
1210.9	2.596e3
1211.8	7.870e2
1212.6	3.749e3
1213.4	1.273e3
1214.4	1.435e3
1215.3	2.649e3
1216.3	2.411e3
1217.3	5.440e2
1218.0	2.436e3
1218.8	9.710e2
1219.7	9.600e2
1220.7	2.703e3
1221.8	4.029e3
1222.7	2.613e3
1223.5	8.600e2
1224.0	1.360e2
1224.6	3.798e3
1225.2	5.600e1
1225.8	3.164e3
1226.4	2.360e2
1227.0	3.409e3
1227.8	7.210e2
1228.7	2.072e3
1229.6	1.665e3
1230.4	2.370e2
1231.0	7.310e2
1231.9	3.221e3
1232.9	2.765e3
1233.8	3.480e3
1234.8	9.200e1
1235.4	1.114e3
1236.3	2.891e3
1237.4	2.102e3
1238.2	5.100e1
1238.7	2.170e3
1239.7	3.582e3
1240.3	3.940e2
1241.1	1.783e3
1242.0	4.336e3
1242.7	6.850e2
1243.3	1.977e3
1244.1	3.600e2
1244.7	2.370e3
1245.7	2.262e3
1246.7	2.659e3
1247.9	2.586e3
1248.6	1.150e2
1249.1	1.752e3
1250.0	1.165e3
1250.6	6.197e3
1251.6	2.421e3
1252.4	1.625e3
1253.3	4.345e3
1254.0	2.025e3
1254.8	2.311e3
1255.7	2.340e3
1256.5	9.900e2
1257.1	7.710e2
1257.7	2.252e3
1258.4	2.120e2
1258.9	4.730e2
1259.7	1.054e3
1260.7	2.086e3
1261.6	2.533e3
1262.1	7.700e1
1262.7	2.139e3
1263.4	9.950e2
1264.3	2.956e3
1265.2	1.771e3
1266.0	3.057e3
1266.9	1.578e3
1267.8	2.581e3
1268.8	2.180e3
1269.8	1.510e3
1270.3	3.670e2
1271.1	2.650e3
1271.7	4.360e2
1272.5	9.300e1
1273.1	2.735e3
1273.8	1.197e3
1274.6	1.752e3
1275.2	8.000e2
1275.8	2.373e3
1276.7	2.013e3
1277.4	8.210e2
1278.2	2.873e3
1278.9	6.930e2
1279.9	1.567e3
1280.6	1.052e3
1281.5	2.842e3
1282.6	2.260e3
1283.2	7.060e2
1283.8	1.404e3
1284.6	1.393e3
1285.5	1.176e3
1286.4	4.670e3
1287.1	8.350e2
1287.7	7.700e2
1288.3	2.303e3
1289.2	1.345e3
1290.4	2.406e3
1291.4	2.755e3
1292.2	2.536e3
1292.7	1.280e2
1293.2	1.693e3
1294.2	2.475e3
1295.4	2.671e3
1296.2	1.620e2
1296.9	8.850e2
1297.7	1.382e3
1298.5	3.775e3
1299.2	8.940e2
1300.0	2.231e3
1300.8	4.510e2
1301.6	2.302e3
1302.6	2.227e3
1303.6	4.043e3
1304.4	1.201e3
1305.3	2.201e3
1305.9	1.520e2
1306.8	9.300e2
1307.5	3.925e3
1308.4	2.202e3
1309.1	6.790e2
1309.9	2.728e3
1310.6	8.280e2
1311.4	1.669e3
1311.9	1.780e2
1312.5	1.111e3
1313.4	3.166e3
1314.0	2.700e2
1314.6	3.160e3
1315.4	5.940e2
1316.1	2.529e3
1317.0	9.870e2
1317.7	1.458e3
1318.6	1.502e3
1319.5	2.535e3
1320.4	4.370e2
1321.3	1.188e3
1322.0	2.513e3
1322.7	1.241e3
1323.7	1.338e3
1324.8	2.439e3
1325.7	1.302e3
1326.2	2.270e2
1326.8	1.621e3
1327.6	2.367e3
1328.1	1.200e1
1328.7	1.829e3
1329.5	9.160e2
1330.3	1.815e3
1330.8	1.570e2
1331.5	7.200e1
1332.1	6.540e2
1332.7	1.278e3
1333.4	1.010e3
1334.0	3.383e3
1334.6	2.880e2
1335.3	1.460e3
1336.1	1.411e3
1337.1	2.294e3
1338.1	1.940e3
1339.0	1.600e3
1339.9	1.950e3
1340.6	3.000e2
1341.4	2.980e3
1342.1	7.670e2
1343.0	2.800e3
1343.7	4.100e2
1344.6	2.425e3
1345.3	1.032e3
1346.4	1.488e3
1347.5	9.060e2
1348.4	5.100e1
1348.9	2.137e3
1349.7	8.430e2
1350.5	5.490e2
1351.1	2.098e3
1351.8	7.170e2
1352.5	2.738e3
1353.5	2.462e3
1354.1	5.700e1
1354.9	1.044e3
1355.6	2.225e3
1356.5	8.400e2
1357.3	3.398e3
1358.2	1.362e3
1359.0	3.590e2
1359.6	1.280e2
1360.2	1.888e3
1361.4	2.120e3
1362.2	1.119e3
1362.8	1.990e2
1363.4	2.277e3
1364.0	7.460e2
1364.6	9.160e2
1365.4	2.119e3
1366.2	1.825e3
1366.9	1.141e3
1367.9	2.251e3
1368.8	2.620e2
1369.7	2.332e3
1370.3	3.420e2
1370.8	1.146e3
1371.4	3.240e2
1371.9	2.619e3
1372.8	2.115e3
1373.4	1.870e2
1373.9	3.422e3
1374.8	9.250e2
1375.5	9.200e1
1376.0	2.207e3
1376.9	3.740e2
1377.6	2.004e3
1378.6	1.052e3
1379.3	5.520e2
1380.3	2.414e3
1381.3	1.347e3
1382.3	2.588e3
1383.2	1.207e3
1384.4	1.059e3
1385.0	2.903e3
1385.9	9.880e2
1386.8	1.077e3
1387.7	2.432e3
1388.8	1.528e3
1389.8	9.410e2
1390.6	5.230e2
1391.5	1.972e3
1392.1	8.000e1
1392.8	2.515e3
1393.9	1.045e3
1394.8	1.689e3
1395.6	8.620e2
1396.4	1.778e3
1397.2	1.444e3
1398.0	1.228e3
1398.7	7.600e2
1399.4	1.370e3
1400.2	4.690e2
1401.0	1.654e3
1401.8	4.600e2
1402.6	3.285e3
1403.3	4.130e2
1404.0	5.290e2
1404.7	2.967e3
1405.7	1.273e3
1406.6	2.644e3
1407.6	1.055e3
1408.2	8.830e2
1408.7	1.500e1
1409.3	1.189e3
1410.1	1.865e3
1411.2	1.642e3
1411.8	3.500e1
1412.5	1.916e3
1413.1	4.350e2
1414.0	2.111e3
1414.7	1.360e2
1415.2	1.291e3
1416.2	2.432e3
1417.2	5.760e2
1418.3	1.120e3
1419.0	2.451e3
1419.8	1.200e1
1420.3	1.433e3
1421.1	2.200e2
1421.8	1.234e3
1422.6	6.090e2
1423.6	8.850e2
1424.3	5.660e2
1425.0	1.152e3
1425.8	2.505e3
1426.6	7.450e2
1427.3	2.693e3
1428.4	1.169e3
1429.1	5.290e2
1429.8	1.109e3
1430.3	1.470e2
1431.0	1.932e3
1431.9	2.266e3
1432.6	1.620e2
1433.3	1.096e3
1434.1	1.679e3
1435.0	7.860e2
1435.6	1.368e3
1436.3	4.120e2
1437.5	7.720e2
1438.1	6.600e1
1438.6	1.499e3
1439.8	1.640e3
1440.5	9.410e2
1441.1	1.824e3
1442.0	2.250e2
1442.7	2.613e3
1443.3	1.250e2
1443.9	9.690e2
1444.6	1.435e3
1445.3	1.087e3
1446.1	1.446e3
1446.9	3.710e2
1447.6	1.366e3
1448.1	4.600e1
1448.8	2.039e3
1449.8	1.987e3
1450.8	1.357e3
1451.8	6.310e2
1452.4	1.074e3
1453.1	4.900e2
1453.8	2.160e3
1454.8	9.980e2
1455.6	7.780e2
1456.5	6.390e2
1457.5	6.570e2
1458.2	3.290e2
1458.9	1.424e3
1459.8	3.650e2
1460.6	1.961e3
1461.3	1.172e3
1462.0	2.156e3
1462.6	1.200e1
1463.1	1.120e2
1463.7	2.056e3
1464.4	4.980e2
1465.0	1.498e3
1465.9	4.630e2
1466.7	2.673e3
1467.6	7.290e2
1468.7	2.626e3
1469.3	4.980e2
1470.0	1.353e3
1470.8	2.420e2
1471.8	1.214e3
1472.7	9.740e2
1473.5	1.902e3
1474.4	8.190e2
1475.6	1.419e3
1476.5	1.042e3
1477.1	4.500e1
1477.6	1.578e3
1478.6	9.920e2
1479.6	1.389e3
1480.6	1.554e3
1481.3	1.525e3
1482.0	7.160e2
1482.6	3.013e3
1483.6	8.800e2
1484.2	1.830e2
1484.7	2.588e3
1485.5	3.440e2
1486.4	1.339e3
1487.1	1.000e2
1487.8	9.880e2
1488.8	1.517e3
1489.6	9.370e2
1490.4	1.654e3
1491.1	1.200e1
1491.8	5.290e2
1492.7	1.614e3
1493.3	8.900e1
1494.0	1.061e3
1494.7	4.960e2
1495.3	1.523e3
1496.1	1.328e3
1496.9	2.871e3
1498.0	8.170e2
1498.8	2.320e2
1499.3	2.056e3
1499.9	2.300e1
1500.7	1.382e3
1501.5	2.420e2
1502.0	1.266e3
1502.9	9.320e2
1503.6	4.740e2
1504.2	4.360e2
1505.5	1.348e3
1506.1	1.120e2
1506.7	8.610e2
1507.2	6.100e1
1507.9	1.325e3
1508.7	1.386e3
1509.5	1.644e3
1510.4	4.960e2
1511.0	6.100e2
1511.9	1.051e3
1512.9	1.738e3
1513.6	1.990e3
1514.6	1.943e3
1515.9	1.038e3
1516.5	4.710e2
1517.6	2.840e2
1518.4	6.740e2
1519.3	8.010e2
1520.1	5.020e2
1521.1	1.555e3
1522.0	9.850e2
1522.7	9.610e2
1523.6	2.871e3
1524.4	8.770e2
1525.4	1.200e2
1526.0	1.147e3
1526.8	1.784e3
1527.6	8.470e2
1528.1	6.400e1
1528.7	1.633e3
1529.6	5.280e2
1530.4	1.635e3
1531.3	2.800e1
1532.1	3.610e2
1532.9	1.347e3
1533.6	1.264e3
1534.5	3.570e2
1535.2	1.468e3
1535.9	3.970e2
1536.6	7.100e2
1537.3	1.051e3
1538.3	1.242e3
1539.0	1.444e3
1539.9	1.520e2
1540.5	3.260e2
1541.5	2.600e1
1542.4	7.970e2
1542.9	1.250e2
1543.5	1.645e3
1544.5	2.259e3
1545.5	1.130e3
1546.5	8.530e2
1547.3	5.750e2
1548.1	1.919e3
1549.3	2.065e3
1550.0	2.070e2
1550.7	1.076e3
1551.4	2.300e2
1552.1	3.169e3
1552.9	1.576e3
1553.7	8.190e2
1554.6	2.298e3
1555.5	1.160e3
1556.6	2.631e3
1557.5	8.950e2
1558.3	1.344e3
1559.2	5.190e2
1559.8	4.100e1
1560.5	5.160e2
1561.4	2.017e3
1562.2	1.246e3
1562.9	4.900e2
1563.6	1.423e3
1564.2	1.540e2
1564.8	1.958e3
1565.5	5.350e2
1566.2	1.940e2
1566.8	1.295e3
1567.4	6.400e1
1567.9	4.600e2
1568.7	1.205e3
1569.7	1.450e3
1570.4	8.670e2
1571.0	3.380e2
1571.5	6.400e1
1572.2	2.148e3
1572.9	2.840e2
1573.4	6.550e2
1574.2	1.773e3
1575.0	7.320e2
1575.9	9.490e2
1576.9	3.960e2
1577.8	1.609e3
1578.3	2.500e2
1578.9	4.500e2
1579.8	4.920e2
1580.7	1.723e3
1582.2	5.400e2
1582.7	1.160e2
1583.5	5.540e2
1584.2	1.830e2
1584.7	8.400e1
1585.4	9.680e2
1586.2	1.289e3
1587.1	7.640e2
1587.8	1.932e3
1588.3	8.900e1
1588.9	7.860e2
1589.9	1.456e3
1590.8	1.999e3
1591.6	3.700e2
1592.4	2.762e3
1592.9	8.060e2
1593.6	4.760e2
1594.3	6.510e2
1595.4	8.120e2
1596.3	1.078e3
1597.0	1.154e3
1597.9	1.431e3
1598.4	5.620e2
1599.5	1.640e2
1600.1	1.158e3
1601.2	1.890e3
1601.8	2.900e1
1602.7	9.800e2
1603.4	6.970e2
1604.3	1.590e3
1605.3	7.460e2
1606.1	3.930e2
1606.7	1.013e3
1607.7	1.316e3
1608.4	3.380e2
1609.6	4.890e2
1610.2	1.264e3
1611.0	1.350e2
1611.7	9.660e2
1612.5	1.034e3
1613.1	3.450e2
1613.9	8.060e2
1614.6	2.137e3
1615.6	1.026e3
1616.4	1.050e2
1616.9	1.335e3
1617.5	6.770e2
1618.2	1.407e3
1619.0	4.210e2
1620.0	8.950e2
1621.2	2.208e3
1622.0	6.160e2
1622.9	4.420e2
1623.7	1.856e3
1624.2	2.000e2
1625.0	1.474e3
1625.5	2.380e2
1626.2	1.596e3
1626.9	1.610e2
1627.6	1.016e3
1628.3	2.586e3
1628.8	1.900e2
1629.6	1.119e3
1630.4	2.617e3
1630.9	2.160e2
1631.7	1.588e3
1632.3	3.480e2
1632.9	1.279e3
1633.8	8.630e2
1634.7	7.330e2
1635.5	2.200e1
1636.5	5.220e2
1637.5	5.360e2
1638.2	5.090e2
1638.8	9.430e2
1639.6	1.216e3
1640.4	1.770e2
1641.2	7.700e2
1641.9	1.149e3
1643.0	1.178e3
1643.6	3.800e2
1644.6	5.590e2
1645.5	3.020e2
1646.7	1.834e3
1647.4	5.300e2
1648.2	1.399e3
1649.1	2.651e3
1650.1	1.097e3
1650.8	3.540e2
1651.6	1.268e3
1652.5	1.042e3
1653.1	3.110e2
1653.8	1.611e3
1654.4	2.270e2
1655.1	8.230e2
1656.4	7.350e2
1657.4	1.996e3
1658.4	1.261e3
1659.3	4.170e2
1660.1	6.080e2
1660.9	6.770e2
1661.9	1.300e2
1663.0	3.530e2
1663.9	6.400e2
1664.4	3.830e2
1665.8	7.230e2
1666.6	4.600e2
1667.2	1.176e3
1668.3	8.360e2
1669.3	5.160e2
1670.1	7.590e2
1670.9	8.270e2
1671.7	7.790e2
1672.4	1.750e2
1673.3	7.240e2
1674.1	1.428e3
1675.0	6.230e2
1676.0	5.010e2
1677.0	1.870e3
1677.6	3.980e2
1678.1	1.300e1
1678.9	3.970e2
1679.6	2.418e3
1680.2	5.390e2
1680.9	1.990e2
1682.0	1.969e3
1682.8	7.480e2
1683.6	1.556e3
1684.3	4.340e2
1685.1	8.460e2
1685.9	1.950e2
1686.7	1.871e3
1687.8	1.318e3
1689.0	1.629e3
1690.3	7.800e2
1691.6	9.360e2
1692.2	1.790e2
1692.7	2.979e3
1693.9	2.930e2
1694.8	5.060e2
1695.5	6.540e2
1696.4	1.800e2
1697.1	9.160e2
1698.0	4.450e2
1698.7	2.015e3
1699.7	9.100e2
1700.4	1.172e3
1701.0	1.420e2
1701.8	9.920e2
1702.5	1.130e3
1703.2	4.130e2
1703.7	1.370e2
1704.3	8.350e2
1705.0	1.920e2
1705.8	6.170e2
1706.5	7.000e2
1707.5	1.616e3
1708.3	4.660e2
1709.5	1.926e3
1710.3	8.310e2
1711.1	1.778e3
1712.0	3.150e2
1713.0	4.270e2
1714.1	1.318e3
1715.2	7.160e2
1716.2	1.299e3
1717.7	9.640e2
1718.6	3.390e2
1719.7	1.116e3
1720.4	2.040e2
1721.2	4.430e2
1722.1	2.900e2
1723.0	8.250e2
1723.9	4.510e2
1724.6	7.350e2
1725.5	1.583e3
1726.4	1.531e3
1727.2	6.710e2
1727.9	1.502e3
1728.5	1.300e1
1729.0	5.450e2
1730.0	1.854e3
1731.0	1.703e3
1731.6	5.480e2
1732.5	1.297e3
1733.8	1.340e2
1734.4	6.870e2
1735.1	1.669e3
1736.1	4.500e2
1737.7	1.403e3
1738.2	8.100e1
1738.9	9.350e2
1739.7	7.080e2
1740.6	1.620e3
1741.4	6.660e2
1742.5	1.790e2
1744.0	8.720e2
1744.8	6.900e2
1745.4	4.910e2
1746.3	1.364e3
1747.2	7.950e2
1748.2	1.459e3
1749.2	9.340e2
1749.8	4.000e1
1750.6	9.790e2
1751.6	2.556e3
1752.2	2.890e2
1753.2	3.770e2
1753.9	1.113e3
1755.0	1.068e3
1756.2	2.300e2
1756.9	6.480e2
1757.9	1.212e3
1758.6	4.900e1
1759.1	3.190e2
1760.3	9.330e2
1761.9	1.933e3
1762.8	3.110e2
1763.6	8.620e2
1764.5	8.020e2
1765.1	2.900e1
1765.9	8.360e2
1766.6	1.517e3
1767.7	1.333e3
1768.4	1.260e2
1769.1	1.682e3
1769.7	7.160e2
1770.6	7.230e2
1771.1	2.500e1
1771.7	8.950e2
1772.6	3.510e2
1773.8	3.600e2
1774.9	1.030e2
1775.5	1.209e3
1776.9	6.970e2
1778.1	8.250e2
1778.8	9.200e1
1779.4	8.930e2
1780.2	7.080e2
1781.0	1.271e3
1782.0	1.143e3
1782.7	1.090e2
1783.3	7.390e2
1784.2	1.152e3
1785.3	2.330e3
1786.3	9.800e1
1787.1	5.440e2
1787.8	6.820e2
1788.4	1.100e1
1789.4	3.370e2
1790.0	9.870e2
1790.9	9.720e2
1791.8	1.225e3
1792.3	1.200e1
1792.8	3.700e2
1793.5	9.360e2
1794.2	3.250e2
1795.2	7.800e2
1796.3	7.150e2
1797.0	1.300e1
1798.2	1.152e3
1798.7	1.500e1
1799.4	3.690e2
1800.5	1.009e3
1801.9	9.300e1
1802.7	8.850e2
1803.5	5.480e2
1804.2	1.615e3
1805.2	1.134e3
1806.2	1.022e3
1807.4	1.215e3
1808.0	7.440e2
1808.7	8.740e2
1809.6	3.180e2
1810.3	1.533e3
1811.0	4.890e2
1811.7	1.830e2
1812.6	1.520e3
1813.3	1.700e1
1814.1	1.960e2
1815.0	1.229e3
1815.6	5.210e2
1816.2	1.644e3
1817.0	8.380e2
1817.8	1.779e3
1818.6	1.050e2
1819.2	4.340e2
1819.8	6.310e2
1821.2	9.600e2
1822.0	1.050e2
1822.6	3.240e2
1823.3	8.980e2
1824.3	1.084e3
1824.9	8.360e2
1825.5	2.750e2
1826.5	1.092e3
1827.3	3.160e2
1828.0	1.398e3
1829.3	2.380e2
1829.8	1.189e3
1831.2	7.320e2
1832.2	1.833e3
1833.4	8.710e2
1834.0	6.410e2
1834.7	1.420e2
1836.1	1.522e3
1837.0	3.740e2
1837.9	3.910e2
1838.8	5.120e2
1840.1	3.340e2
1840.9	7.360e2
1841.7	4.660e2
1842.4	1.906e3
1843.0	1.520e2
1843.9	1.480e3
1844.5	9.200e1
1845.0	7.510e2
1846.2	1.075e3
1847.4	7.900e2
1848.0	2.380e2
1850.1	1.357e3
1851.0	1.235e3
1852.4	3.920e2
1853.2	1.334e3
1854.2	4.200e2
1855.1	6.410e2
1855.7	1.560e2
1856.6	9.170e2
1857.6	2.650e2
1858.2	1.737e3
1858.7	1.200e1
1859.8	7.110e2
1860.8	1.270e2
1861.4	1.362e3
1862.4	4.830e2
1863.8	1.379e3
1865.1	6.930e2
1866.1	1.500e3
1866.7	2.000e1
1867.6	1.122e3
1868.3	6.490e2
1870.0	2.290e2
1870.6	1.093e3
1871.9	4.740e2
1873.1	1.761e3
1874.2	1.360e3
1874.9	4.900e1
1875.5	1.252e3
1876.2	1.200e1
1876.7	2.920e2
1877.9	5.270e2
1878.7	8.230e2
1879.9	3.970e2
1880.7	1.182e3
1881.3	2.700e1
1881.9	4.730e2
1882.4	2.090e2
1883.6	1.025e3
1884.3	2.350e2
1885.6	4.030e2
1886.2	6.060e2
1886.8	1.125e3
1887.7	1.211e3
1889.3	8.860e2
1890.2	9.010e2
1891.1	2.098e3
1892.0	8.110e2
1893.2	1.671e3
1894.1	5.740e2
1894.7	1.110e2
1895.2	1.361e3
1896.1	7.730e2
1896.8	8.130e2
1898.1	3.620e2
1898.8	3.500e1
1899.9	5.600e2
1900.6	1.960e2
1901.3	1.200e1
1902.2	8.040e2
1902.7	6.100e1
1903.3	4.130e2
1904.1	1.305e3
1904.9	1.430e2
1905.5	7.830e2
1906.3	6.130e2
1906.9	5.960e2
1907.6	2.081e3
1908.8	2.380e2
1909.7	2.090e2
1910.6	1.420e2
1911.1	1.459e3
1912.1	2.380e2
1912.9	5.220e2
1914.3	1.980e2
1915.1	2.200e2
1915.8	4.180e2
1916.3	2.400e2
1917.3	1.900e1
1917.9	1.130e2
1919.1	1.066e3
1919.9	7.230e2
1920.5	5.720e2
1921.3	1.230e2
1921.9	6.100e2
1923.0	4.990e2
1923.8	3.680e2
1924.7	6.160e2
1925.6	1.619e3
1926.4	6.950e2
1926.9	2.550e2
1927.7	5.820e2
1928.4	1.330e2
1929.1	3.340e2
1929.9	1.230e2
1930.6	6.930e2
1931.3	2.230e3
1932.4	3.640e2
1933.7	6.970e2
1934.8	1.025e3
1935.7	5.930e2
1937.3	7.330e2
1938.3	1.201e3
1939.0	1.354e3
1939.7	4.500e1
1940.3	7.060e2
1941.3	4.600e1
1942.2	1.512e3
1943.3	6.040e2
1944.0	1.790e2
1944.6	2.500e2
1945.5	3.370e2
1946.7	1.600e2
1947.5	1.240e2
1948.2	7.290e2
1949.2	3.230e2
1950.4	2.060e2
1951.0	4.000e2
1951.8	7.060e2
1952.8	4.620e2
1953.9	3.480e2
1954.7	1.130e2
1956.0	1.870e3
1956.5	7.900e1
1957.2	4.500e1
1957.8	1.073e3
1959.0	1.128e3
1959.8	1.088e3
1960.5	8.800e1
1961.1	6.570e2
1961.8	1.200e1
1962.6	8.800e1
1963.5	1.273e3
1964.2	5.680e2
1965.2	3.060e2
1965.8	5.420e2
1966.9	1.467e3
1967.4	3.730e2
1968.0	6.070e2
1968.8	3.560e2
1969.7	1.072e3
1970.4	3.770e2
1972.2	1.230e2
1972.8	1.332e3
1973.7	2.063e3
1974.5	2.390e2
1975.1	1.230e2
1975.9	1.079e3
1976.8	1.016e3
1977.8	5.380e2
1978.6	3.290e2
1979.8	1.126e3
1980.7	1.010e3
1981.5	9.740e2
1982.4	6.420e2
1983.3	1.435e3
1984.5	5.140e2
1985.2	2.009e3
1985.8	6.180e2
1986.8	1.100e1
1987.6	1.478e3
1989.0	1.215e3
1990.3	9.780e2
1991.3	4.300e1
1992.3	1.570e2
1993.0	5.740e2
1994.7	9.620e2
1995.2	5.900e1
1995.9	8.800e1
1996.6	4.770e2
1997.5	6.860e2
1999.0	9.530e2
1999.6	5.360e2
