100.2	5.196e3
100.9	9.503e4
102.0	2.089e4
103.0	2.317e4
103.9	1.312e3
104.9	4.120e3
105.8	1.310e2
106.5	4.460e2
107.2	3.160e2
108.0	1.778e4
109.1	1.766e3
110.0	6.560e2
110.5	1.500e1
111.1	1.959e3
111.8	3.900e1
112.3	6.930e2
113.0	1.204e5
114.0	3.211e3
115.0	9.216e3
115.5	7.900e1
116.0	3.357e3
117.0	1.509e5
118.0	1.692e4
119.0	1.280e4
119.9	1.637e3
121.0	1.477e3
121.5	5.900e1
122.2	7.900e2
123.1	5.540e2
123.9	1.203e3
125.1	2.236e3
126.0	2.573e3
127.0	1.900e3
128.0	1.670e3
129.0	1.691e3
129.5	2.700e1
130.1	1.132e4
131.0	2.149e3
131.9	8.120e2
133.0	3.381e3
133.6	9.500e1
134.1	6.060e2
135.0	5.294e3
136.0	1.948e3
137.0	3.958e3
138.0	1.189e3
139.0	2.931e3
140.0	1.468e3
141.1	2.711e3
142.1	1.567e3
143.0	3.704e3
144.0	1.169e3
145.0	1.490e4
146.0	6.282e3
147.0	2.432e4
148.0	5.027e3
149.0	3.613e3
150.0	3.414e3
151.0	3.150e3
151.5	2.800e1
152.0	1.434e4
153.0	4.464e3
154.0	1.079e3
155.0	2.905e3
156.0	3.280e3
156.5	3.400e1
157.1	3.881e3
158.1	2.827e3
158.9	2.327e3
159.4	1.410e2
160.0	3.235e3
160.9	1.005e4
162.0	3.113e3
162.9	1.018e4
163.4	3.500e1
164.0	1.819e3
165.0	3.844e3
166.0	1.111e3
167.0	1.497e3
167.5	4.500e1
168.1	1.791e3
169.1	5.177e3
170.1	1.391e3
171.0	2.198e3
171.9	2.024e3
173.0	4.520e3
174.0	6.753e3
175.0	2.257e4
175.5	3.000e0
176.1	6.700e3
177.0	3.471e3
178.0	1.552e3
179.0	3.512e3
179.9	1.648e3
180.5	5.500e1
181.0	3.700e4
182.0	3.027e3
183.0	2.736e3
184.0	1.687e3
185.0	2.275e3
186.0	3.042e3
187.0	3.843e3
187.9	2.541e3
188.5	3.000e0
189.0	2.936e3
190.0	1.684e3
191.0	1.257e4
192.0	2.366e3
193.0	6.835e3
194.0	1.678e3
195.0	5.873e3
195.9	9.684e3
196.4	2.810e2
197.0	3.705e3
197.9	1.121e4
199.0	2.280e3
199.9	6.328e3
200.4	6.500e1
201.0	4.009e3
201.9	3.505e3
202.5	4.100e1
203.0	2.074e3
204.0	1.567e3
205.0	2.381e3
206.0	1.257e3
207.0	1.349e4
208.0	2.938e3
209.0	3.137e3
210.1	2.506e3
211.0	1.639e3
211.6	1.050e2
212.2	1.899e4
213.1	4.871e3
213.6	2.050e2
214.1	3.456e3
215.0	1.641e3
216.0	2.186e3
216.9	3.400e3
218.0	4.579e3
219.0	6.173e3
219.6	5.600e1
220.1	6.956e3
221.1	5.533e3
222.0	3.681e3
223.1	3.970e3
224.0	3.059e3
224.9	3.287e3
225.5	1.150e2
226.0	2.817e3
227.0	2.862e3
228.0	1.800e3
229.0	2.211e3
229.9	2.730e3
230.5	3.600e1
231.0	1.655e3
231.6	1.700e1
232.1	1.023e3
233.0	3.004e3
234.0	2.271e3
235.0	2.968e3
236.0	9.074e3
236.6	9.000e0
237.1	2.437e3
238.0	1.772e3
239.0	5.912e3
240.0	4.375e3
241.0	2.801e3
241.5	3.000e1
242.0	4.580e3
243.1	9.042e3
244.0	8.469e3
245.0	2.573e3
246.0	3.979e3
247.0	2.675e3
248.0	4.819e3
248.5	3.900e1
249.1	8.899e4
250.1	5.810e3
251.0	4.505e3
252.0	2.041e3
253.0	2.135e3
254.0	1.837e3
255.1	3.250e3
255.9	1.693e3
257.0	2.231e3
258.0	1.801e3
259.1	3.136e3
260.0	2.631e3
260.6	1.000e1
261.1	3.423e3
262.0	4.403e3
262.9	5.975e3
263.4	3.100e1
264.0	4.145e3
264.5	1.140e2
265.1	2.712e3
266.0	7.003e3
266.5	8.900e1
267.1	4.260e3
268.0	3.445e3
268.9	5.956e3
269.5	2.100e2
270.1	2.976e3
271.0	2.634e3
272.0	1.820e3
273.0	3.476e3
273.5	4.900e1
274.1	1.516e3
275.0	1.597e4
276.0	2.448e3
277.0	2.288e3
277.8	1.813e3
278.4	4.710e2
279.0	3.660e3
279.9	2.736e3
280.4	2.200e1
281.0	3.731e3
282.0	3.091e3
282.7	3.390e2
283.3	5.598e3
284.1	2.742e3
285.0	2.777e3
286.0	2.689e3
286.5	6.700e1
287.0	1.971e3
288.1	1.410e4
289.0	6.034e3
290.0	2.811e3
291.0	6.295e3
292.0	5.245e3
292.6	8.500e1
293.1	3.805e3
294.1	2.035e3
295.1	4.162e3
296.0	2.398e3
296.6	6.600e1
297.1	2.650e3
298.0	4.218e3
298.6	1.040e2
299.1	3.012e3
300.0	1.455e3
300.6	5.600e1
301.1	4.819e3
302.0	2.746e3
303.0	2.376e3
304.0	2.342e3
305.0	5.204e3
306.0	2.435e3
306.5	2.900e1
307.0	8.356e3
308.0	5.893e3
309.1	6.121e3
310.0	3.897e3
310.5	1.450e2
311.1	1.073e4
312.1	7.744e3
313.0	7.169e3
313.9	2.603e3
314.4	7.400e1
315.0	3.259e3
316.0	1.656e3
317.1	9.724e4
318.0	6.643e3
319.1	5.385e3
319.9	2.897e3
320.4	9.600e1
321.0	4.994e3
321.9	2.693e3
322.6	6.460e2
323.1	5.627e3
324.0	3.819e3
324.6	4.040e2
325.2	7.072e3
326.1	3.258e3
326.8	9.570e2
327.4	7.290e3
328.2	1.754e3
329.0	7.993e3
330.0	5.512e3
331.0	6.347e3
331.9	2.492e3
332.5	6.090e2
333.2	5.707e3
334.1	6.094e3
335.0	3.627e3
335.9	3.253e3
336.5	1.580e2
337.0	4.368e3
337.9	2.569e3
338.8	1.097e3
339.4	5.378e3
340.2	2.797e3
341.0	4.112e3
341.9	2.443e3
342.5	1.580e2
343.0	1.409e4
343.9	4.071e3
344.5	1.060e2
345.0	3.052e3
346.0	3.386e3
346.5	1.840e2
347.1	5.730e3
348.1	2.748e3
349.0	3.968e3
349.9	3.803e3
350.4	1.470e2
351.0	4.297e3
352.0	2.699e3
353.0	1.227e4
354.0	3.500e3
354.5	1.320e2
355.1	6.729e3
356.1	2.074e4
357.0	8.514e3
358.0	2.444e3
358.5	4.000e1
359.0	4.019e3
360.0	3.496e3
361.0	2.613e3
362.0	2.080e3
363.0	2.991e3
364.0	2.297e3
364.9	2.490e3
365.9	4.545e3
366.4	3.330e2
367.0	2.572e3
368.0	2.808e3
368.5	3.400e1
369.0	7.485e3
370.0	3.214e3
371.0	2.706e3
371.9	2.313e3
372.5	1.470e2
373.1	3.948e3
374.1	2.595e3
375.0	5.863e3
376.0	2.626e3
377.0	3.270e3
378.0	3.322e3
379.0	1.094e4
380.0	4.394e3
381.0	3.092e3
381.9	3.855e3
382.4	2.620e2
383.0	3.705e3
383.6	4.400e1
384.1	2.704e3
385.1	4.928e4
386.0	5.648e3
386.5	1.640e2
387.1	4.471e3
387.9	1.466e3
388.6	3.008e3
389.7	2.387e3
390.4	2.750e2
391.0	2.511e3
391.9	4.336e3
392.4	1.580e2
393.0	3.000e3
394.0	3.228e3
394.5	1.800e1
395.0	7.091e3
396.0	4.050e3
397.0	1.144e4
398.0	4.367e3
398.5	1.530e2
399.0	7.607e3
399.6	2.380e2
400.2	3.176e3
401.0	4.348e3
402.0	3.332e3
402.5	9.800e1
403.1	2.675e3
404.1	3.431e3
404.8	1.219e3
405.6	2.288e3
406.2	8.450e2
406.9	2.721e3
407.8	4.580e3
408.4	6.280e2
409.1	3.293e3
410.0	2.493e3
410.5	6.800e1
411.0	1.069e4
412.0	3.808e3
413.0	4.333e3
413.9	3.142e3
414.5	5.800e1
415.1	2.791e3
416.0	1.852e3
416.6	4.230e2
417.2	4.624e3
418.0	2.299e3
418.5	1.900e1
419.0	3.199e3
420.0	2.083e3
420.9	5.817e3
421.9	2.926e3
422.5	1.600e2
423.1	5.814e3
424.1	1.452e4
424.6	1.450e2
425.1	4.197e3
426.1	1.448e3
427.0	7.674e3
428.0	3.719e3
428.7	6.110e2
429.3	4.224e3
430.1	1.668e3
431.0	3.092e3
432.0	2.181e3
432.7	1.036e3
433.4	1.048e4
434.3	3.582e3
435.1	4.645e3
435.9	2.325e3
436.4	2.390e2
437.0	4.605e3
438.0	3.755e3
438.9	3.266e3
439.4	7.400e1
439.9	2.786e3
440.9	2.967e3
441.9	4.144e3
442.5	4.500e1
443.0	4.603e3
443.5	7.900e1
444.0	3.530e3
444.9	2.972e3
445.4	2.000e1
445.9	3.294e3
446.5	1.580e2
447.0	4.836e3
448.0	3.525e3
449.0	3.226e3
449.9	2.192e3
450.5	6.780e2
451.1	3.126e3
451.9	2.094e3
452.5	1.880e2
453.0	4.352e4
453.9	5.823e3
454.9	3.265e3
455.4	7.100e1
456.0	2.519e3
457.0	4.226e3
458.0	2.383e3
458.5	1.230e2
459.1	5.452e3
460.0	2.297e3
461.0	2.678e3
462.0	2.752e3
462.5	2.700e2
463.1	3.822e3
464.0	2.846e3
464.5	1.830e2
465.1	5.275e3
466.0	5.087e3
467.0	4.070e3
468.0	2.209e3
468.5	7.400e1
469.1	4.436e3
470.0	4.392e3
470.5	5.100e1
471.0	3.726e3
471.8	2.133e3
472.5	9.630e2
473.3	4.847e3
473.9	9.310e2
474.6	3.244e3
475.2	1.292e3
476.0	3.066e3
476.5	8.000e0
477.0	3.147e3
477.5	6.900e1
478.0	2.825e3
479.1	1.240e4
479.9	5.113e3
480.6	5.960e2
481.2	4.766e3
482.0	2.378e3
482.5	8.200e1
483.1	4.780e3
483.6	2.320e2
484.1	2.380e3
485.0	6.555e3
485.9	3.116e3
486.8	3.252e3
487.8	3.393e3
488.4	4.160e2
489.0	4.290e3
489.9	2.680e3
490.5	2.300e2
491.1	5.348e3
492.0	1.278e4
493.0	4.900e3
493.5	5.000e0
494.1	3.532e3
495.0	6.224e3
495.9	3.584e3
496.8	3.843e3
497.8	3.264e3
498.9	3.833e3
499.5	9.710e2
500.2	2.373e3
501.0	2.118e3
501.9	3.664e3
502.9	3.257e3
503.5	1.370e2
504.0	3.077e3
505.0	2.723e3
505.8	1.419e3
506.5	3.927e3
507.3	1.036e3
508.1	2.538e3
508.9	3.519e3
509.9	2.856e3
510.4	2.580e2
511.0	5.489e3
512.0	2.875e3
513.0	3.886e3
514.0	2.857e3
515.0	4.784e3
515.6	1.290e2
516.1	4.292e3
516.9	1.802e3
517.8	4.028e3
518.4	3.000e2
519.0	3.835e3
519.9	2.134e3
520.5	2.760e2
521.1	3.708e4
522.0	4.675e3
523.0	3.778e3
524.0	4.349e3
524.8	4.076e3
525.7	2.702e3
526.4	6.630e2
527.1	4.112e3
527.9	3.165e3
528.5	4.000e0
529.0	3.401e3
529.5	1.970e2
530.1	3.539e3
530.9	2.186e3
531.6	3.833e3
532.3	5.850e2
533.0	4.315e3
533.5	1.750e2
534.1	2.793e3
535.0	2.955e3
536.0	2.875e3
537.0	3.331e3
537.8	2.917e3
538.6	3.909e3
539.4	1.449e3
540.1	3.148e3
540.9	4.832e3
541.8	2.828e3
542.5	6.450e2
543.1	3.619e3
543.9	2.628e3
544.8	3.992e3
545.8	3.345e3
546.4	3.920e2
547.0	1.218e4
548.0	2.669e3
548.9	2.530e3
549.7	2.831e3
550.3	2.860e2
550.9	2.274e3
551.8	2.907e3
552.4	1.300e2
552.9	3.802e3
553.9	2.781e3
554.5	3.630e2
555.2	3.499e3
556.0	1.868e3
557.0	3.107e3
558.0	2.031e3
559.1	3.673e3
559.6	5.000e1
560.1	1.061e4
561.1	4.809e3
562.1	2.449e3
563.0	5.963e3
563.6	4.610e2
564.2	3.577e3
564.7	3.110e2
565.3	2.452e3
566.3	3.144e3
567.0	4.670e2
567.6	3.031e3
568.2	4.920e2
569.0	2.726e3
569.9	2.932e3
570.9	2.370e3
571.8	2.379e3
572.5	1.248e3
573.2	4.282e3
574.0	2.781e3
575.0	2.670e3
576.0	2.387e3
577.0	2.254e3
577.8	2.797e3
578.4	2.460e2
579.0	5.048e3
579.9	2.832e3
580.5	2.160e2
581.0	3.976e3
582.0	1.950e3
582.5	6.700e1
583.1	3.573e3
583.7	2.410e2
584.2	2.494e3
585.1	1.173e3
585.9	4.392e3
586.8	2.167e3
587.5	4.620e2
588.1	2.922e3
589.1	2.732e4
590.0	5.901e3
590.5	7.500e1
591.0	3.355e3
592.0	3.260e3
592.6	4.200e2
593.3	3.631e3
594.0	1.749e3
594.9	3.225e3
595.9	3.759e3
596.9	2.948e3
597.9	3.618e3
598.5	4.330e2
599.1	3.474e3
599.6	3.300e1
600.1	2.544e3
601.0	4.424e3
601.6	1.420e2
602.1	3.876e3
602.7	3.970e2
603.3	4.673e3
604.1	2.543e3
604.9	5.039e3
605.9	5.120e3
606.5	9.460e2
607.1	4.518e3
608.1	2.346e3
608.7	1.320e2
609.3	3.187e3
610.1	1.509e3
610.9	2.054e3
611.9	2.456e3
612.4	8.000e1
612.9	3.057e3
613.9	2.026e3
614.4	4.200e1
615.0	7.979e3
615.5	5.900e1
616.0	4.432e3
617.0	2.293e3
617.9	3.402e3
618.4	1.320e2
619.0	4.021e3
620.0	2.478e3
620.5	1.450e2
621.0	3.523e3
622.0	2.480e3
622.9	2.175e3
623.7	2.471e3
624.3	2.800e2
624.9	3.075e3
626.0	2.072e3
626.5	1.810e2
627.1	3.595e3
628.0	8.528e3
629.0	4.722e3
630.0	2.875e3
631.0	4.146e3
631.9	2.651e3
632.9	2.716e3
633.9	2.679e3
634.9	2.047e3
635.9	2.611e3
636.5	3.300e1
637.0	2.480e3
637.9	2.521e3
638.6	5.610e2
639.2	3.568e3
640.1	1.166e3
640.9	3.763e3
641.9	2.689e3
642.8	2.052e3
643.8	1.963e3
644.4	4.110e2
645.0	2.834e3
645.9	1.965e3
646.5	2.200e1
647.0	4.053e3
647.6	2.960e2
648.2	2.497e3
649.1	3.388e3
650.0	2.504e3
650.6	1.820e2
651.1	3.609e3
652.0	1.736e3
652.5	5.000e0
653.0	2.602e3
653.9	3.118e3
654.8	2.667e3
655.7	2.311e3
656.4	6.350e2
657.0	2.146e4
657.9	4.004e3
658.6	8.430e2
659.3	4.500e3
660.0	6.920e2
660.6	3.001e3
661.6	3.344e3
662.3	2.840e2
662.9	2.142e3
663.9	2.988e3
664.9	2.176e3
665.5	4.900e1
666.0	2.224e3
666.9	3.103e3
667.9	3.306e3
668.5	1.140e2
669.0	3.277e3
669.6	3.660e2
670.1	2.989e3
671.1	2.547e3
672.0	2.457e3
673.0	3.709e3
673.9	3.483e3
674.7	2.742e3
675.3	1.260e2
675.8	3.151e3
676.5	4.790e2
677.1	1.821e3
677.9	3.146e3
678.5	3.460e2
679.1	3.981e3
680.0	1.710e3
680.8	2.908e3
681.3	5.300e1
681.9	2.475e3
682.5	1.010e2
683.0	9.805e3
683.6	2.080e2
684.1	6.083e3
684.9	2.712e3
685.8	4.140e3
686.3	2.280e2
686.9	2.471e3
687.8	3.956e3
688.5	3.660e2
689.1	3.516e3
689.9	1.574e3
690.7	2.748e3
691.3	1.870e2
691.9	2.813e3
692.5	3.600e1
693.0	3.146e3
694.0	1.867e3
695.0	3.544e3
695.5	1.460e2
696.0	6.312e3
696.6	1.770e2
697.1	3.321e3
698.1	2.661e3
699.1	6.834e3
699.9	1.678e3
700.7	2.905e3
701.3	1.880e2
701.9	3.184e3
702.7	2.256e3
703.6	2.958e3
704.2	5.640e2
704.8	2.872e3
705.8	2.617e3
706.8	2.187e3
707.7	2.516e3
708.3	4.040e2
708.9	3.252e3
709.4	9.000e0
709.9	2.917e3
710.8	2.379e3
711.4	3.380e2
711.9	2.276e3
712.9	3.137e3
713.6	3.910e2
714.2	2.017e3
715.1	6.843e3
715.9	2.143e3
716.6	9.110e2
717.1	3.710e3
718.1	1.768e3
719.1	3.470e3
719.7	4.910e2
720.3	2.385e3
721.0	6.700e2
721.6	3.354e3
722.3	1.282e3
723.1	3.640e3
724.0	1.860e3
724.6	1.990e2
725.1	1.666e4
725.7	1.240e2
726.3	4.348e3
727.1	2.294e3
728.0	1.763e3
729.0	2.901e3
729.8	2.372e3
730.7	2.594e3
731.6	2.969e3
732.4	1.359e3
733.4	2.871e3
734.1	1.147e3
734.8	2.931e3
735.7	2.732e3
736.4	2.220e2
736.9	3.318e3
737.9	2.416e3
738.4	1.230e2
739.0	3.220e3
740.0	2.484e3
740.5	9.000e0
741.0	3.562e3
741.9	2.612e3
742.9	3.723e3
743.8	2.289e3
744.4	1.660e2
745.0	3.044e3
745.8	1.887e3
746.8	3.024e3
747.7	3.744e3
748.3	1.640e2
748.8	2.422e3
749.4	1.140e2
749.9	1.804e3
751.0	9.711e3
751.5	3.030e2
752.1	3.552e3
753.1	2.954e3
753.6	2.500e2
754.2	1.752e3
755.0	2.713e3
755.9	1.323e3
756.5	4.600e1
757.0	3.565e3
757.9	1.678e3
758.9	2.021e3
759.5	2.410e2
760.0	1.879e3
761.0	2.893e3
761.9	1.882e3
762.9	2.726e3
763.5	4.700e2
764.1	6.621e3
765.0	3.629e3
765.9	1.927e3
766.5	5.000e0
767.0	3.118e3
767.5	7.300e1
768.0	2.766e3
769.0	1.889e3
769.9	1.426e3
770.5	3.700e2
771.1	2.360e3
772.0	1.971e3
773.1	4.247e3
773.9	1.211e3
774.7	2.332e3
775.7	2.074e3
776.3	5.680e2
777.0	3.794e3
777.9	1.659e3
778.8	2.154e3
779.8	2.230e3
780.4	2.500e1
780.9	2.377e3
781.5	1.790e2
782.0	1.371e3
783.0	3.070e3
784.0	3.094e3
785.0	1.804e3
785.9	3.064e3
786.9	2.213e3
787.9	2.656e3
788.8	1.994e3
789.7	3.264e3
790.3	3.480e2
790.9	2.201e3
791.8	1.673e3
792.5	2.500e2
793.1	1.288e4
794.0	3.560e3
794.7	4.620e2
795.3	3.003e3
796.3	2.495e3
797.0	6.810e2
797.6	2.504e3
798.3	3.800e2
799.2	3.049e3
800.0	1.804e3
800.8	2.447e3
801.4	4.470e2
802.1	2.560e3
802.7	2.620e2
803.2	3.813e3
804.1	8.160e2
804.7	3.194e3
805.5	1.216e3
806.3	1.643e3
807.2	2.356e3
808.0	1.271e3
809.0	3.054e3
810.0	3.350e3
810.8	1.211e3
811.5	2.163e3
812.1	2.660e2
812.8	3.661e3
813.3	1.300e2
813.9	2.747e3
814.9	2.170e3
815.8	2.813e3
816.8	2.856e3
817.4	4.010e2
818.0	1.761e3
819.0	1.103e4
820.0	2.891e3
821.0	3.162e3
821.9	1.714e3
822.7	2.376e3
823.3	1.820e2
823.9	2.205e3
824.5	1.660e2
825.2	3.336e3
826.1	1.517e3
827.0	2.997e3
828.0	1.965e3
828.6	1.700e1
829.1	2.569e3
830.0	1.944e3
830.9	3.506e3
831.4	4.500e1
831.9	6.764e3
832.8	2.768e3
833.7	3.704e3
834.3	3.310e2
835.0	5.091e3
836.0	3.011e3
836.9	1.915e3
837.7	1.573e3
838.6	1.960e3
839.4	1.203e3
840.1	5.240e2
840.7	2.134e3
841.5	1.205e3
842.3	1.884e3
843.2	2.467e3
843.9	1.746e3
844.8	3.399e3
845.7	2.179e3
846.2	3.210e2
846.8	3.187e3
847.4	3.500e2
847.9	2.649e3
848.7	2.210e2
849.2	3.236e3
850.0	1.782e3
850.6	3.000e2
851.3	3.185e3
852.1	1.759e3
852.7	1.340e2
853.2	2.478e3
854.2	2.065e3
854.9	4.900e2
855.5	3.190e3
856.5	2.152e3
857.1	3.230e2
857.7	4.203e3
858.7	2.122e3
859.7	2.996e3
860.4	6.160e2
861.1	9.247e3
862.0	2.662e3
862.7	1.245e3
863.5	2.954e3
864.0	1.600e1
864.5	2.113e3
865.5	2.546e3
866.0	1.920e2
866.6	1.951e3
867.5	2.363e3
868.3	4.910e2
869.0	1.591e3
869.9	2.331e3
871.0	2.769e3
871.5	1.660e2
872.1	2.477e3
873.0	2.731e3
873.5	7.100e1
874.0	2.204e3
874.9	2.124e3
875.7	1.651e3
876.6	1.981e3
877.4	3.781e3
878.1	8.490e2
878.8	2.528e3
879.4	2.940e2
880.0	1.807e3
880.9	2.405e3
881.8	1.534e3
882.4	1.920e2
883.0	1.825e3
883.7	4.930e2
884.3	2.833e3
885.0	1.271e3
885.9	1.823e3
886.5	2.310e2
887.0	7.895e3
888.0	4.092e3
888.5	2.120e2
889.1	2.396e3
889.8	1.275e3
890.4	3.225e3
891.1	5.950e2
891.8	2.029e3
892.4	1.720e2
893.0	2.813e3
893.5	1.180e2
894.1	2.314e3
894.8	6.040e2
895.5	2.384e3
896.2	2.180e2
896.8	2.281e3
897.8	1.620e3
898.4	6.800e1
899.0	2.508e3
900.0	4.351e3
900.9	3.592e3
901.8	2.150e3
902.7	4.255e3
903.7	2.966e3
904.2	5.800e1
904.9	2.530e3
905.6	5.890e2
906.4	2.162e3
907.1	5.510e2
907.8	2.500e3
908.7	1.168e3
909.4	4.540e2
910.1	2.029e3
911.1	1.842e3
912.0	1.943e3
912.6	2.160e2
913.1	2.856e3
913.9	1.462e3
914.8	1.677e3
915.3	9.000e0
915.9	2.096e3
916.8	2.508e3
917.4	3.040e2
918.0	2.088e3
919.0	2.599e3
919.5	4.500e1
920.0	1.711e3
921.0	2.985e3
921.5	5.600e1
922.0	2.481e3
922.9	1.240e3
923.7	2.336e3
924.2	2.020e2
924.9	2.064e3
925.5	6.700e1
926.0	2.810e3
927.0	2.501e3
927.6	1.260e2
928.1	1.952e3
929.1	9.549e3
930.0	2.306e3
931.1	3.110e3
932.0	1.362e3
932.9	2.262e3
933.9	1.985e3
934.5	2.220e2
935.0	2.605e3
935.9	2.418e3
936.5	1.740e2
937.1	2.307e3
937.9	1.469e3
938.9	3.196e3
939.8	1.876e3
940.4	2.290e2
941.0	2.514e3
942.0	3.229e3
942.8	8.140e2
943.5	2.671e3
944.3	6.460e2
944.9	2.859e3
945.8	2.033e3
946.4	1.500e1
947.0	2.345e3
947.7	6.370e2
948.5	3.255e3
949.4	1.738e3
950.1	5.260e2
950.8	2.291e3
951.6	1.202e3
952.4	2.099e3
953.0	6.580e2
953.6	2.221e3
954.3	4.260e2
955.0	6.603e3
955.8	3.166e3
956.4	2.180e2
956.9	2.987e3
957.9	2.435e3
958.5	8.400e1
959.1	2.122e3
960.0	1.655e3
961.0	3.063e3
961.9	1.947e3
962.4	1.480e2
963.0	2.902e3
963.9	1.933e3
964.4	3.240e2
965.0	2.459e3
965.9	1.306e3
966.7	3.013e3
967.5	1.179e3
968.3	3.607e3
969.1	2.295e3
970.0	1.883e3
970.9	2.759e3
971.9	2.854e3
972.7	1.126e3
973.5	2.210e3
974.1	2.240e2
974.8	2.226e3
975.7	9.700e2
976.4	2.492e3
977.0	1.000e1
977.5	2.388e3
978.4	1.066e3
979.1	6.190e2
980.0	2.594e3
980.5	1.810e2
981.1	2.607e3
982.0	1.359e3
982.9	2.067e3
983.4	7.000e1
983.9	2.870e3
984.9	1.945e3
985.8	1.971e3
986.4	4.900e1
986.9	3.823e3
987.8	1.912e3
988.4	1.540e2
989.0	2.726e3
990.0	1.101e3
990.8	2.172e3
991.8	2.226e3
992.8	2.650e3
993.4	9.500e1
994.0	3.321e3
994.5	1.070e2
995.1	2.003e3
996.1	2.137e3
997.1	7.820e3
998.1	3.119e3
998.6	4.790e2
999.2	3.510e3
1000.1	2.096e3
1000.9	1.345e3
1001.8	1.975e3
1002.3	6.400e1
1003.0	2.742e3
1003.9	2.279e3
1004.8	1.681e3
1005.8	1.302e3
1006.8	2.422e3
1007.4	5.060e2
1008.0	2.628e3
1008.9	1.497e3
1009.7	3.474e3
1010.3	6.150e2
1011.0	2.347e3
1012.0	1.593e3
1012.9	1.170e3
1013.8	3.897e3
1014.3	3.410e2
1014.9	2.129e3
1015.8	1.753e3
1016.7	2.422e3
1017.6	2.684e3
1018.2	7.320e2
1018.8	2.649e3
1019.8	1.651e3
1020.7	2.554e3
1021.4	5.460e2
1022.1	2.320e3
1023.0	6.284e3
1023.9	3.055e3
1024.4	9.400e1
1025.0	2.095e3
1025.9	2.204e3
1026.5	5.890e2
1027.1	2.470e3
1027.8	2.170e2
1028.4	2.136e3
1029.2	1.465e3
1030.1	3.049e3
1030.6	2.330e2
1031.1	3.639e3
1032.1	1.497e3
1033.1	2.953e3
1034.0	1.630e3
1034.9	2.649e3
1035.4	1.220e2
1036.1	4.020e3
1037.0	2.998e3
1038.1	2.486e3
1039.0	3.181e3
1039.5	1.070e2
1040.1	1.686e3
1041.0	2.522e3
1041.9	2.029e3
1042.6	9.340e2
1043.3	1.993e3
1044.0	2.870e2
1044.6	3.574e3
1045.2	5.380e2
1045.9	2.537e3
1046.5	4.120e2
1047.1	2.043e3
1048.0	1.276e3
1049.0	3.465e3
1049.8	9.140e2
1050.6	2.850e3
1051.4	1.621e3
1052.4	2.959e3
1052.9	3.640e2
1053.6	2.725e3
1054.5	1.604e3
1055.3	2.912e3
1056.1	1.229e3
1057.1	1.614e3
1058.0	2.435e3
1058.7	5.350e2
1059.3	2.545e3
1060.0	8.550e2
1060.8	3.050e3
1061.5	3.740e2
1062.1	3.049e3
1062.7	5.000e1
1063.2	2.991e3
1063.8	4.700e1
1064.3	2.478e3
1065.2	6.993e3
1066.2	3.876e3
1067.0	1.652e3
1067.7	1.255e3
1068.6	2.643e3
1069.2	3.040e2
1069.8	2.706e3
1070.4	1.250e2
1070.9	1.987e3
1071.4	4.200e1
1071.9	2.880e3
1072.7	6.850e2
1073.4	2.432e3
1074.0	3.970e2
1074.7	3.041e3
1075.6	2.032e3
1076.6	2.341e3
1077.4	1.305e3
1078.1	3.392e3
1078.7	4.700e2
1079.4	2.215e3
1080.0	5.840e2
1080.7	3.649e3
1081.5	8.480e2
1082.5	1.231e3
1083.3	2.220e3
1084.0	6.820e2
1084.6	2.913e3
1085.2	3.710e2
1085.8	2.072e3
1086.7	1.711e3
1087.6	3.155e3
1088.2	2.750e2
1088.9	3.121e3
1089.8	1.878e3
1090.4	1.086e3
1091.1	4.166e3
1091.9	2.694e3
1092.5	1.360e2
1093.0	3.290e3
1093.9	2.264e3
1094.8	1.898e3
1095.8	3.293e3
1096.3	1.920e2
1096.9	3.360e3
1097.7	1.687e3
1098.5	2.298e3
1099.4	2.942e3
1100.1	7.920e2
1100.8	3.122e3
1101.8	2.119e3
1102.5	5.520e2
1103.2	2.445e3
1104.1	4.220e3
1105.0	2.035e3
1105.6	2.420e2
1106.2	2.954e3
1106.7	1.510e2
1107.3	2.881e3
1108.0	8.110e2
1108.9	2.580e3
1109.4	3.900e1
1109.9	2.397e3
1110.8	2.130e3
1111.4	2.860e2
1112.0	2.345e3
1112.9	2.472e3
1113.8	2.089e3
1114.4	9.000e1
1114.9	2.837e3
1115.6	8.820e2
1116.4	2.544e3
1117.3	2.564e3
1117.8	4.100e1
1118.3	3.450e3
1119.1	7.700e2
1119.8	2.236e3
1120.4	5.070e2
1121.0	3.253e3
1121.6	1.170e2
1122.1	1.453e3
1123.0	2.466e3
1123.6	6.900e1
1124.1	1.615e3
1124.7	5.000e1
1125.2	2.086e3
1126.0	1.433e3
1126.9	3.166e3
1127.8	1.496e3
1128.8	2.585e3
1129.4	5.960e2
1130.0	3.303e3
1130.5	1.630e2
1131.0	2.268e3
1131.5	9.600e1
1132.1	2.072e3
1133.0	5.853e3
1133.8	1.646e3
1134.7	3.523e3
1135.6	2.022e3
1136.6	3.292e3
1137.5	2.096e3
1138.1	4.590e2
1138.7	1.829e3
1139.5	3.418e3
1140.3	1.140e3
1141.1	2.675e3
1141.9	1.466e3
1142.7	3.525e3
1143.6	2.158e3
1144.1	1.610e2
1144.7	3.246e3
1145.3	1.210e2
1145.8	3.120e3
1146.4	2.800e2
1147.0	2.301e3
1147.9	1.531e3
1148.7	3.899e3
1149.5	1.139e3
1150.3	3.205e3
1150.9	4.580e2
1151.5	2.553e3
1152.4	3.847e3
1153.3	1.293e3
1154.2	2.377e3
1154.7	2.600e1
1155.3	2.469e3
1156.0	2.019e3
1156.9	1.838e3
1157.6	2.958e3
1158.4	1.355e3
1159.1	3.929e3
1160.0	1.931e3
1160.9	3.817e3
1161.9	2.063e3
1162.7	3.222e3
1163.3	4.820e2
1163.9	1.979e3
1164.9	2.619e3
1165.8	2.888e3
1166.4	2.820e2
1166.9	2.775e3
1167.9	3.695e3
1168.5	3.210e2
1169.0	3.597e3
1170.0	2.510e3
1171.0	2.652e3
1172.1	4.844e3
1173.0	2.321e3
1173.9	3.398e3
1175.0	2.955e3
1175.8	1.491e3
1176.6	3.513e3
1177.5	2.415e3
1178.4	2.636e3
1179.1	8.120e2
1179.9	3.364e3
1180.4	9.300e1
1181.0	2.546e3
1181.9	2.796e3
1182.7	7.970e2
1183.5	3.293e3
1184.3	2.297e3
1185.2	2.664e3
1185.8	4.300e2
1186.4	3.256e3
1187.2	1.178e3
1187.8	3.331e3
1188.7	2.571e3
1189.7	2.404e3
1190.2	1.200e1
1190.8	2.806e3
1191.3	1.370e2
1191.9	2.390e3
1192.9	2.321e3
1193.8	2.607e3
1194.5	1.102e3
1195.2	2.624e3
1195.9	4.650e2
1196.5	1.837e3
1197.6	3.485e3
1198.2	7.170e2
1198.9	3.788e3
1199.5	1.400e2
1200.0	2.492e3
1201.1	5.375e3
1202.0	3.778e3
1203.0	1.723e3
1203.9	1.715e3
1204.7	2.972e3
1205.4	1.630e2
1206.1	3.138e3
1206.6	2.310e2
1207.1	2.299e3
1208.2	2.740e3
1209.1	2.888e3
1209.7	4.190e2
1210.3	2.289e3
1211.3	3.816e3
1212.0	3.880e2
1212.6	2.543e3
1213.4	9.090e2
1214.2	4.005e3
1214.9	1.487e3
1215.6	2.649e3
1216.2	5.500e1
1216.7	2.365e3
1217.2	1.700e2
1217.7	2.686e3
1218.2	2.900e1
1218.8	1.958e3
1219.8	2.640e3
1220.8	3.566e3
1221.7	2.223e3
1222.7	3.159e3
1223.7	3.442e3
1224.5	1.181e3
1225.5	2.124e3
1226.3	9.360e2
1227.2	3.551e3
1228.0	2.394e3
1228.6	2.000e2
1229.1	2.974e3
1230.1	2.193e3
1230.8	1.234e3
1231.5	2.917e3
1232.5	2.892e3
1233.0	3.700e1
1233.5	3.223e3
1234.1	2.280e2
1234.6	1.452e3
1235.5	1.815e3
1236.2	4.170e2
1236.9	2.925e3
1237.5	1.660e2
1238.1	3.397e3
1239.0	2.665e3
1239.6	2.820e2
1240.1	5.508e3
1241.1	3.141e3
1242.1	2.586e3
1242.6	6.200e1
1243.2	1.681e3
1244.0	3.114e3
1244.9	2.558e3
1245.9	2.097e3
1246.4	8.200e1
1247.0	2.875e3
1247.6	2.580e2
1248.2	2.778e3
1249.1	1.818e3
1250.1	2.532e3
1250.9	1.846e3
1251.8	1.932e3
1252.8	2.136e3
1253.7	3.135e3
1254.4	6.630e2
1255.1	2.590e3
1255.7	6.400e2
1256.3	2.807e3
1256.9	3.000e1
1257.4	3.235e3
1258.0	3.740e2
1258.6	3.120e3
1259.1	7.000e0
1259.6	2.350e3
1260.7	2.458e3
1261.6	2.608e3
1262.5	2.490e3
1263.2	1.640e3
1264.0	2.218e3
1264.9	2.301e3
1265.5	9.500e1
1266.0	4.047e3
1267.0	2.751e3
1267.5	3.000e1
1268.0	2.219e3
1269.0	4.950e3
1269.5	1.900e2
1270.1	2.713e3
1271.1	2.646e3
1272.0	1.151e3
1272.8	2.891e3
1273.5	6.010e2
1274.1	2.729e3
1275.0	2.343e3
1275.9	2.998e3
1276.5	6.900e1
1277.0	1.675e3
1277.5	3.700e1
1278.0	1.808e3
1279.0	2.063e3
1280.0	2.074e3
1281.0	3.134e3
1282.0	2.946e3
1283.1	2.797e3
1283.8	5.930e2
1284.4	2.514e3
1285.0	1.060e2
1285.5	4.110e3
1286.5	2.702e3
1287.1	6.110e2
1287.8	3.699e3
1288.4	4.170e2
1288.9	2.256e3
1290.0	2.188e3
1291.0	2.973e3
1291.6	2.110e2
1292.1	2.696e3
1292.9	1.490e3
1293.7	2.899e3
1294.5	7.980e2
1295.2	2.631e3
1296.2	3.498e3
1296.9	7.840e2
1297.5	2.138e3
1298.1	7.140e2
1298.7	3.629e3
1299.4	8.840e2
1300.1	2.641e3
1300.7	2.670e2
1301.3	2.968e3
1301.8	2.200e1
1302.3	3.182e3
1303.1	1.665e3
1303.9	3.000e3
1305.0	3.235e3
1305.6	4.840e2
1306.2	2.677e3
1307.1	3.109e3
1308.0	3.787e3
1308.7	4.690e2
1309.3	2.881e3
1310.1	1.638e3
1311.1	3.059e3
1311.9	1.328e3
1312.7	3.174e3
1313.7	2.888e3
1314.7	3.066e3
1315.3	5.810e2
1315.9	3.069e3
1316.7	1.461e3
1317.5	3.185e3
1318.3	1.368e3
1319.0	3.096e3
1319.6	2.600e2
1320.1	2.821e3
1320.9	9.010e2
1321.5	3.049e3
1322.5	2.104e3
1323.3	4.850e2
1323.9	2.828e3
1324.4	4.300e1
1324.9	1.506e3
1325.5	6.100e1
1326.1	2.112e3
1327.0	1.443e3
1327.7	2.857e3
1328.3	3.580e2
1328.9	2.846e3
1329.5	1.260e2
1330.1	1.908e3
1331.0	2.510e3
1331.7	5.500e1
1332.3	2.175e3
1333.2	2.696e3
1334.1	1.579e3
1334.7	1.400e2
1335.2	2.134e3
1336.1	1.960e3
1336.6	7.000e0
1337.1	3.419e3
1338.1	2.299e3
1338.6	1.020e2
1339.2	2.599e3
1340.0	1.510e3
1340.9	2.087e3
1342.0	2.255e3
1342.9	1.209e3
1343.8	2.602e3
1344.3	2.770e2
1344.9	3.008e3
1345.4	3.000e2
1346.0	2.161e3
1347.0	2.324e3
1347.8	1.551e3
1348.7	2.176e3
1349.7	2.474e3
1350.7	2.296e3
1351.7	2.787e3
1352.4	4.980e2
1353.0	2.267e3
1353.7	6.470e2
1354.5	2.494e3
1355.1	5.330e2
1355.7	2.305e3
1356.4	4.400e2
1357.0	3.114e3
1357.7	7.980e2
1358.3	2.986e3
1359.3	1.777e3
1360.3	1.884e3
1361.2	2.799e3
1362.1	2.368e3
1363.0	2.566e3
1363.6	5.220e2
1364.3	3.409e3
1365.1	8.920e2
1365.9	2.452e3
1366.5	1.490e2
1367.0	2.266e3
1367.6	3.310e2
1368.2	1.994e3
1368.9	1.089e3
1369.7	2.703e3
1370.3	6.930e2
1371.0	2.204e3
1371.5	7.500e1
1372.1	2.716e3
1372.6	2.190e2
1373.2	1.623e3
1374.2	1.804e3
1375.0	2.458e3
1376.1	3.560e3
1376.6	2.800e1
1377.1	2.483e3
1378.0	1.610e3
1378.6	2.370e2
1379.2	1.850e3
1379.8	3.210e2
1380.4	2.454e3
1381.3	2.427e3
1382.3	2.201e3
1383.0	7.680e2
1383.8	2.194e3
1384.4	3.760e2
1385.0	2.308e3
1385.7	2.810e2
1386.3	1.728e3
1387.2	3.302e3
1388.2	2.614e3
1388.8	1.910e2
1389.4	2.594e3
1390.1	1.176e3
1390.9	2.856e3
1391.8	2.710e3
1392.7	1.793e3
1393.5	2.443e3
1394.5	1.515e3
1395.3	3.088e3
1396.2	2.635e3
1397.1	2.643e3
1397.9	1.588e3
1398.7	3.393e3
1399.6	1.286e3
1400.4	2.846e3
1401.1	6.520e2
1401.9	2.853e3
1402.7	1.032e3
1403.6	2.196e3
1404.3	5.710e2
1404.9	3.277e3
1405.8	3.366e3
1406.8	2.006e3
1407.5	8.080e2
1408.3	1.663e3
1409.2	2.375e3
1409.9	9.150e2
1410.6	3.231e3
1411.4	1.233e3
1412.2	2.257e3
1413.3	2.612e3
1413.8	3.100e1
1414.3	2.121e3
1414.8	6.300e1
1415.4	2.911e3
1416.2	1.948e3
1417.1	1.628e3
1417.8	8.790e2
1418.6	2.460e3
1419.2	2.210e2
1419.7	3.696e3
1420.3	4.620e2
1420.9	2.549e3
1421.4	2.700e1
1422.0	1.678e3
1422.9	3.095e3
1423.5	3.660e2
1424.2	3.066e3
1424.8	3.320e2
1425.4	2.342e3
1426.3	2.268e3
1427.2	1.952e3
1428.2	2.574e3
1429.1	9.600e2
1429.9	2.411e3
1430.5	4.810e2
1431.2	2.979e3
1432.0	1.179e3
1432.7	1.994e3
1433.3	6.100e1
1433.9	2.701e3
1434.5	1.380e2
1435.0	2.767e3
1435.9	1.417e3
1436.7	8.290e2
1437.4	2.431e3
1438.0	8.520e2
1438.7	3.163e3
1439.3	4.090e2
1439.8	2.355e3
1440.6	1.608e3
1441.6	1.579e3
1442.6	3.397e3
1443.4	8.670e2
1444.0	2.753e3
1445.0	2.791e3
1445.9	1.732e3
1446.5	1.790e2
1447.1	2.459e3
1448.0	2.966e3
1448.8	4.770e2
1449.5	2.654e3
1450.5	2.500e3
1451.2	5.060e2
1451.9	3.095e3
1452.9	1.652e3
1453.8	3.837e3
1454.3	4.280e2
1455.0	3.076e3
1455.9	2.157e3
1456.5	2.650e2
1457.1	2.515e3
1457.7	3.830e2
1458.3	2.294e3
1458.9	8.710e2
1459.6	2.842e3
1460.5	3.116e3
1461.1	1.240e2
1461.7	2.393e3
1462.6	7.910e2
1463.5	2.526e3
1464.2	6.560e2
1464.8	2.825e3
1465.7	5.460e2
1466.3	2.838e3
1467.2	1.357e3
1468.0	1.861e3
1469.0	2.321e3
1470.0	3.969e3
1470.9	1.350e3
1471.5	1.490e2
1472.1	2.693e3
1473.1	4.116e3
1473.8	1.381e3
1474.7	1.364e3
1475.5	2.467e3
1476.3	1.017e3
1477.1	2.918e3
1477.8	7.960e2
1478.5	2.677e3
1479.1	2.210e2
1479.7	2.777e3
1480.4	3.800e2
1481.0	1.705e3
1482.0	2.482e3
1482.7	7.070e2
1483.3	2.942e3
1484.3	1.251e3
1485.2	1.678e3
1486.3	2.690e3
1487.2	1.640e3
1488.2	2.873e3
1488.8	4.410e2
1489.4	3.219e3
1490.3	2.339e3
1490.9	3.310e2
1491.5	2.824e3
1492.3	9.860e2
1493.0	2.181e3
1493.6	1.410e2
1494.1	2.062e3
1494.7	2.650e2
1495.3	2.781e3
1496.1	2.180e2
1496.6	2.205e3
1497.1	7.000e0
1497.7	1.869e3
1498.6	3.545e3
1499.5	1.104e3
1500.3	1.995e3
1501.3	2.296e3
1501.9	1.490e2
1502.4	2.367e3
1503.4	1.938e3
1504.3	9.490e2
1505.3	1.978e3
1505.8	2.300e1
1506.3	2.195e3
1507.3	1.686e3
1508.3	2.412e3
1508.9	1.290e2
1509.5	1.425e3
1510.4	2.169e3
1511.0	4.460e2
1511.7	2.725e3
1512.6	2.698e3
1513.1	1.300e1
1513.6	1.914e3
1514.1	8.200e1
1514.6	2.374e3
1515.4	1.066e3
1516.1	2.077e3
1516.8	2.480e2
1517.4	1.987e3
1518.0	5.100e1
1518.6	2.544e3
1519.1	3.700e2
1519.7	1.829e3
1520.3	1.520e2
1520.9	2.086e3
1521.9	2.080e3
1522.8	1.786e3
1523.7	2.772e3
1524.7	2.189e3
1525.5	1.604e3
1526.3	5.480e2
1527.0	2.534e3
1527.7	1.340e3
1528.5	2.621e3
1529.1	4.070e2
1529.8	2.955e3
1530.7	1.447e3
1531.6	1.902e3
1532.3	3.360e2
1532.8	2.050e3
1533.8	2.239e3
1534.3	2.920e2
1534.8	2.013e3
1535.3	3.000e0
1535.9	2.427e3
1536.9	2.178e3
1537.6	6.270e2
1538.4	3.315e3
1539.2	1.478e3
1540.0	2.629e3
1540.6	1.750e2
1541.2	2.349e3
1541.7	2.310e2
1542.3	2.593e3
1543.4	2.085e3
1544.2	2.127e3
1545.2	1.996e3
1545.8	1.440e2
1546.4	2.498e3
1547.2	1.535e3
1548.1	2.065e3
1548.7	2.770e2
1549.4	2.480e3
1550.4	1.807e3
1551.3	2.210e3
1552.0	6.900e2
1552.7	2.748e3
1553.3	4.400e1
1553.8	3.715e3
1554.4	6.100e1
1554.9	2.668e3
1555.5	5.020e2
1556.2	2.992e3
1556.7	3.310e2
1557.4	2.018e3
1557.9	1.900e1
1558.4	2.116e3
1559.3	2.693e3
1560.4	1.850e3
1561.3	2.250e3
1562.1	3.083e3
1563.0	1.025e3
1563.8	1.948e3
1564.7	2.407e3
1565.6	1.636e3
1566.4	6.750e2
1567.1	2.521e3
1568.1	3.137e3
1569.0	1.262e3
1569.5	1.230e2
1570.1	2.039e3
1570.8	6.210e2
1571.5	1.934e3
1572.2	3.630e2
1572.8	1.579e3
1573.3	1.190e2
1573.9	2.358e3
1574.4	3.600e1
1575.0	2.774e3
1575.8	2.211e3
1576.7	2.301e3
1577.4	8.390e2
1578.2	2.019e3
1579.2	2.505e3
1580.2	3.005e3
1580.7	1.120e2
1581.3	2.472e3
1582.3	2.086e3
1582.8	6.000e0
1583.3	3.325e3
1584.3	1.655e3
1585.1	1.239e3
1585.9	2.398e3
1586.7	1.305e3
1587.6	2.328e3
1588.2	5.500e2
1588.9	1.371e3
1589.8	2.730e3
1590.6	1.690e3
1591.4	1.341e3
1592.3	1.844e3
1593.2	1.774e3
1594.0	9.850e2
1594.8	2.389e3
1595.3	4.700e1
1595.9	2.386e3
1596.5	5.610e2
1597.2	1.594e3
1598.1	2.863e3
1599.0	1.628e3
1599.8	2.796e3
1600.7	1.600e3
1601.5	6.440e2
1602.1	3.007e3
1602.9	9.980e2
1603.6	2.586e3
1604.1	3.900e1
1604.6	2.759e3
1605.4	1.268e3
1606.2	2.808e3
1606.9	1.250e3
1607.7	2.787e3
1608.3	5.280e2
1609.0	2.820e3
1609.6	3.140e2
1610.2	1.928e3
1610.7	8.000e0
1611.2	1.526e3
1611.8	3.780e2
1612.4	3.278e3
1613.3	1.205e3
1614.1	1.936e3
1615.0	2.414e3
1615.9	1.623e3
1616.8	1.954e3
1617.5	3.000e2
1618.1	1.805e3
1618.6	4.500e1
1619.1	2.514e3
1620.1	2.176e3
1621.1	9.940e2
1621.9	2.966e3
1622.8	1.199e3
1623.7	2.260e3
1624.3	2.540e2
1624.9	2.035e3
1625.6	2.980e2
1626.3	1.367e3
1627.2	9.020e2
1628.0	2.698e3
1628.9	1.952e3
1629.5	3.340e2
1630.1	2.193e3
1630.8	8.460e2
1631.8	2.202e3
1632.3	1.810e2
1632.9	2.990e3
1633.8	1.397e3
1634.4	4.900e1
1634.9	2.330e3
1635.6	2.790e2
1636.2	1.560e3
1637.1	2.147e3
1638.1	2.395e3
1638.6	7.000e1
1639.2	2.227e3
1640.0	1.435e3
1640.6	3.200e1
1641.1	2.622e3
1641.6	3.500e1
1642.1	1.525e3
1643.0	2.002e3
1644.0	2.038e3
1644.9	2.823e3
1645.5	2.760e2
1646.2	1.599e3
1647.1	1.650e3
1648.0	2.093e3
1648.7	7.830e2
1649.4	2.770e3
1650.3	1.859e3
1651.2	2.072e3
1652.0	1.678e3
1652.6	1.000e1
1653.1	1.856e3
1654.0	2.111e3
1655.0	1.521e3
1655.6	5.800e1
1656.1	2.263e3
1656.6	8.700e1
1657.2	1.886e3
1657.8	2.230e2
1658.3	2.993e3
1659.0	1.066e3
1660.0	3.337e3
1660.9	8.270e2
1661.6	1.858e3
1662.1	1.640e2
1662.6	2.152e3
1663.3	2.660e2
1663.8	2.675e3
1664.5	3.220e2
1665.1	1.674e3
1666.0	2.178e3
1666.7	8.030e2
1667.4	2.618e3
1668.3	2.097e3
1669.2	1.601e3
1669.8	3.150e2
1670.4	2.186e3
1671.1	3.870e2
1671.7	2.135e3
1672.5	8.850e2
1673.4	1.888e3
1674.3	2.738e3
1674.9	3.720e2
1675.5	3.480e3
1676.2	6.260e2
1677.1	2.506e3
1677.9	9.080e2
1678.6	2.512e3
1679.7	2.082e3
1680.6	8.900e2
1681.4	2.640e3
1682.3	1.983e3
1683.0	6.460e2
1683.8	2.488e3
1684.6	1.532e3
1685.4	2.199e3
1686.3	2.099e3
1687.2	1.139e3
1688.2	1.594e3
1688.7	7.400e1
1689.3	2.404e3
1690.2	2.510e3
1691.3	1.238e3
1692.1	1.747e3
1692.8	2.160e2
1693.3	2.901e3
1694.0	7.750e2
1694.7	2.133e3
1695.6	1.513e3
1696.5	2.019e3
1697.5	1.844e3
1698.2	5.850e2
1698.9	1.804e3
1699.7	5.880e2
1700.4	1.697e3
1701.1	6.330e2
1701.8	2.031e3
1703.0	2.249e3
1703.5	2.270e2
1704.1	2.835e3
1705.2	2.083e3
1706.1	8.860e2
1706.9	1.880e3
1707.6	1.437e3
1708.6	1.166e3
1709.1	5.400e1
1709.6	2.753e3
1710.5	2.759e3
1711.4	4.180e2
1712.0	1.590e3
1713.0	3.061e3
1713.7	7.410e2
1714.4	2.669e3
1715.4	3.258e3
1716.0	4.930e2
1716.6	1.912e3
1717.6	1.731e3
1718.1	1.290e2
1718.7	1.698e3
1719.6	1.257e3
1720.4	1.760e3
1720.9	9.000e0
1721.4	2.684e3
1722.2	1.113e3
1723.0	1.885e3
1724.1	2.672e3
1724.7	2.580e2
1725.4	1.668e3
1726.4	2.173e3
1727.3	1.759e3
1727.9	1.650e2
1728.6	2.188e3
1729.4	1.265e3
1730.3	2.568e3
1731.1	1.202e3
1731.8	1.603e3
1732.8	2.025e3
1733.3	1.840e2
1733.9	2.126e3
1734.5	9.000e1
1735.1	1.616e3
1736.0	2.356e3
1737.0	1.975e3
1737.6	4.450e2
1738.2	1.630e3
1739.2	2.034e3
1739.7	4.600e1
1740.2	2.259e3
1740.8	3.120e2
1741.4	1.954e3
1742.3	1.872e3
1743.3	2.049e3
1744.1	1.756e3
1744.9	6.780e2
1745.5	2.807e3
1746.5	2.452e3
1747.1	3.280e2
1747.8	2.389e3
1748.7	2.854e3
1749.5	1.432e3
1750.4	1.536e3
1751.2	2.299e3
1752.1	1.274e3
1752.9	2.303e3
1753.8	1.813e3
1754.8	1.971e3
1755.5	1.153e3
1756.5	2.038e3
1757.0	1.400e2
1757.6	2.035e3
1758.4	1.505e3
1759.1	4.020e2
1759.7	1.842e3
1760.5	8.590e2
1761.2	2.601e3
1761.7	2.300e1
1762.2	1.824e3
1762.9	2.040e2
1763.4	1.939e3
1764.4	2.095e3
1765.0	2.340e2
1765.6	1.353e3
1766.6	1.997e3
1767.5	7.720e2
1768.0	8.500e1
1768.6	1.922e3
1769.1	7.000e0
1769.7	1.589e3
1770.7	1.773e3
1771.5	3.300e2
1772.1	2.920e3
1772.9	1.528e3
1773.7	1.826e3
1774.3	1.890e2
1774.8	2.412e3
1775.6	7.570e2
1776.4	1.923e3
1777.2	7.250e2
1778.0	2.062e3
1779.0	1.679e3
1779.8	2.508e3
1780.7	1.423e3
1781.7	1.667e3
1782.3	2.900e1
1782.8	1.680e3
1783.4	3.300e2
1783.9	2.460e3
1784.5	1.720e2
1785.1	2.088e3
1786.0	1.824e3
1787.1	1.302e3
1788.1	2.151e3
1789.0	2.622e3
1790.0	1.844e3
1790.9	2.160e3
1791.8	2.167e3
1792.7	1.447e3
1793.7	2.151e3
1794.7	2.091e3
1795.5	1.292e3
1796.2	5.590e2
1796.9	1.112e3
1797.5	4.800e1
1798.0	1.403e3
1798.8	1.599e3
1799.7	5.960e2
1800.5	2.839e3
1801.2	8.740e2
1801.9	2.270e3
1802.5	6.300e1
1803.1	1.693e3
1803.9	1.620e3
1804.8	1.706e3
1805.8	1.307e3
1806.4	2.690e2
1807.1	2.243e3
1807.6	5.100e1
1808.2	2.733e3
1808.7	5.000e1
1809.2	2.740e3
1809.8	2.700e2
1810.4	2.068e3
1811.3	1.851e3
1812.0	2.222e3
1813.0	2.601e3
1813.5	4.380e2
1814.1	1.522e3
1815.0	1.367e3
1815.9	1.660e3
1816.5	1.530e2
1817.1	2.085e3
1817.9	2.360e2
1818.6	1.653e3
1819.5	1.191e3
1820.4	2.513e3
1821.3	9.420e2
1822.3	1.621e3
1823.1	2.014e3
1824.1	1.503e3
1824.6	1.900e1
1825.2	1.931e3
1825.7	4.000e0
1826.2	2.301e3
1826.8	2.500e1
1827.3	2.730e3
1828.1	1.200e3
1829.0	1.941e3
1830.0	1.849e3
1830.5	7.500e1
1831.0	1.800e3
1832.0	1.246e3
1832.9	1.915e3
1833.9	1.950e3
1834.8	8.590e2
1835.3	4.800e1
1835.9	1.788e3
1836.8	1.201e3
1837.8	1.211e3
1838.7	1.934e3
1839.3	1.400e1
1839.8	2.072e3
1840.5	3.870e2
1841.2	2.300e3
1841.9	1.189e3
1842.8	2.066e3
1843.6	8.630e2
1844.6	1.377e3
1845.6	2.253e3
1846.4	1.023e3
1847.3	2.215e3
1848.0	7.460e2
1848.6	1.859e3
1849.6	1.223e3
1850.5	1.975e3
1851.0	2.790e2
1851.6	1.397e3
1852.2	6.100e1
1852.7	2.575e3
1853.4	1.022e3
1854.2	1.607e3
1854.9	4.180e2
1855.6	2.216e3
1856.2	2.570e2
1856.8	1.526e3
1857.3	6.300e2
1857.9	2.892e3
1858.9	1.712e3
1859.4	1.480e2
1860.0	1.675e3
1860.6	3.070e2
1861.2	1.181e3
1862.0	1.923e3
1862.8	8.330e2
1863.5	6.950e2
1864.2	2.468e3
1865.0	2.100e2
1865.7	2.375e3
1866.5	1.263e3
1867.3	1.807e3
1868.1	5.190e2
1868.8	1.700e3
1869.8	2.919e3
1870.6	4.370e2
1871.3	2.225e3
1872.1	1.305e3
1872.7	6.000e0
1873.2	1.323e3
1874.2	1.824e3
1874.9	1.140e2
1875.4	1.481e3
1876.4	1.591e3
1877.2	1.365e3
1878.1	7.350e2
1878.9	1.941e3
1880.0	2.537e3
1880.7	1.223e3
1881.6	1.412e3
1882.1	1.000e2
1882.8	1.130e3
1883.5	1.406e3
1884.5	2.399e3
1885.5	1.600e3
1886.2	3.950e2
1886.9	1.618e3
1887.9	1.373e3
1888.4	4.000e0
1889.0	2.583e3
1889.6	4.700e2
1890.3	2.159e3
1891.2	1.116e3
1892.1	1.133e3
1893.1	1.827e3
1893.7	4.250e2
1894.4	1.268e3
1895.4	9.480e2
1896.4	1.306e3
1897.3	1.507e3
1898.3	1.809e3
1899.0	1.039e3
1899.7	1.862e3
1900.6	9.410e2
1901.2	3.160e2
1901.8	2.004e3
1902.7	1.540e3
1903.5	2.026e3
1904.3	4.610e2
1905.0	2.434e3
1905.6	3.670e2
1906.3	1.948e3
1907.0	6.820e2
1907.7	2.167e3
1908.2	1.900e1
1908.7	1.016e3
1909.5	2.281e3
1910.3	1.122e3
1910.9	1.080e2
1911.4	2.431e3
1912.3	2.660e2
1913.1	1.921e3
1913.6	3.000e1
1914.1	2.709e3
1915.0	1.499e3
1915.9	1.147e3
1916.5	2.930e2
1917.2	1.738e3
1917.8	3.220e2
1918.5	1.465e3
1919.2	6.100e1
1919.7	2.043e3
1920.2	9.600e1
1920.8	2.526e3
1921.6	8.600e2
1922.4	2.192e3
1923.4	2.148e3
1924.4	2.420e3
1925.0	5.000e2
1925.8	1.012e3
1926.3	1.180e2
1926.9	1.469e3
1927.5	1.270e2
1928.1	1.204e3
1929.0	1.568e3
1930.0	6.070e2
1930.8	1.710e3
1931.6	7.860e2
1932.4	1.431e3
1933.0	1.560e2
1933.6	1.326e3
1934.5	1.131e3
1935.0	4.700e1
1935.5	1.576e3
1936.3	6.280e2
1937.0	1.973e3
1937.5	1.850e2
1938.2	1.254e3
1938.8	5.420e2
1939.5	1.968e3
1940.4	1.472e3
1941.3	2.072e3
1942.3	8.210e2
1943.1	2.296e3
1943.6	1.330e2
1944.2	1.089e3
1945.2	1.791e3
1945.8	3.170e2
1946.5	1.966e3
1947.4	1.286e3
1948.3	1.309e3
1949.1	2.270e3
1950.0	1.744e3
1951.0	2.059e3
1951.6	1.500e2
1952.2	1.270e3
1953.2	1.926e3
1954.2	1.529e3
1955.0	1.101e3
1955.7	1.615e3
1956.4	3.350e2
1957.1	1.374e3
1958.0	1.026e3
1958.7	4.740e2
1959.4	1.414e3
1960.1	4.110e2
1960.9	2.541e3
1961.5	1.550e2
1962.0	1.950e3
1962.9	1.768e3
1963.9	1.469e3
1964.9	1.270e3
1965.8	1.167e3
1966.4	9.700e1
1967.0	1.716e3
1968.0	1.546e3
1968.6	2.960e2
1969.4	1.480e3
1969.9	1.570e2
1970.5	1.131e3
1971.2	5.890e2
1972.0	1.441e3
1972.5	4.700e1
1973.0	1.208e3
1974.0	2.233e3
1974.9	1.982e3
1975.8	1.227e3
1976.6	2.761e3
1977.2	2.220e2
1977.9	7.430e2
1978.8	1.977e3
1979.7	2.537e3
1980.4	4.360e2
1981.1	2.015e3
1982.1	1.031e3
1983.0	7.910e2
1983.6	3.490e2
1984.2	1.103e3
1985.0	8.500e2
1985.8	1.233e3
1986.6	1.487e3
1987.6	1.036e3
1988.5	9.620e2
1989.4	2.236e3
1990.3	1.795e3
1991.2	1.692e3
1992.0	3.500e2
1992.6	1.833e3
1993.6	1.680e3
1994.5	1.750e3
1995.1	1.770e2
1995.6	1.029e3
1996.5	2.238e3
1997.1	3.700e2
1997.7	1.450e3
1998.4	4.900e2
1999.1	1.545e3
1999.8	3.280e2
