100.3	1.026e5
101.0	8.094e5
102.1	2.645e6
103.0	1.607e5
104.1	1.435e5
104.6	2.320e3
105.1	7.130e5
106.1	1.171e5
107.1	1.308e5
107.9	3.215e5
108.7	5.652e5
109.4	5.958e4
110.1	3.142e6
111.1	5.067e6
112.1	1.672e6
113.1	3.916e5
113.6	1.355e3
114.1	3.611e5
115.1	1.792e5
115.6	3.669e3
116.2	1.275e5
117.1	9.225e4
118.1	2.199e5
119.0	2.114e5
119.6	2.365e3
120.1	5.389e5
121.1	1.593e5
121.6	3.343e3
122.2	1.502e6
123.1	3.476e5
123.6	1.234e3
124.2	1.259e5
125.1	8.176e4
126.0	2.623e5
126.6	8.820e2
127.1	8.976e4
128.1	5.136e4
129.1	8.564e4
129.7	5.671e3
130.2	2.437e5
130.7	8.711e3
131.3	6.100e5
132.1	1.920e5
133.1	4.700e5
134.1	8.033e4
135.1	7.713e4
136.1	3.738e5
137.1	1.007e5
137.7	5.840e2
138.2	1.228e6
138.7	8.260e2
139.2	1.587e5
140.1	2.025e5
141.1	1.393e5
142.0	4.023e5
142.6	1.369e3
143.1	9.048e4
144.1	1.323e5
145.1	6.288e5
146.1	7.727e4
147.1	3.468e5
147.6	6.660e2
148.1	7.132e4
149.1	1.872e5
149.6	1.076e3
150.2	2.604e5
150.7	3.790e2
151.2	7.393e4
152.2	3.794e4
153.1	5.083e4
154.1	7.755e4
154.6	5.710e2
155.1	2.124e5
155.7	1.630e2
156.2	9.371e4
157.1	1.968e5
157.6	4.110e2
158.1	3.934e5
159.1	1.066e6
159.6	2.920e2
160.1	1.727e5
160.6	2.670e2
161.1	6.325e4
162.1	5.934e4
163.1	1.578e5
164.1	1.091e5
164.6	9.160e2
165.2	9.739e4
166.0	1.838e4
166.6	6.737e4
167.5	4.351e5
168.3	1.052e5
169.1	5.095e4
169.7	1.245e3
170.2	8.978e4
170.7	4.680e2
171.2	6.533e5
172.1	2.815e5
173.1	1.567e5
173.7	1.693e3
174.2	9.783e4
174.9	3.443e4
175.6	2.446e5
176.2	3.995e4
176.8	4.046e5
177.7	1.124e5
178.4	4.267e4
179.2	1.348e5
180.2	7.385e4
181.2	1.138e5
182.1	6.385e4
183.1	5.239e5
183.7	4.860e3
184.3	1.355e5
185.1	7.754e5
186.0	1.917e5
186.5	4.075e3
187.1	5.244e5
187.6	1.100e2
188.2	4.728e5
189.1	1.138e5
190.1	6.752e4
191.1	7.110e4
191.6	5.130e2
192.1	9.376e4
192.7	1.183e3
193.2	7.630e4
194.2	2.854e5
195.2	1.537e5
196.3	2.410e6
197.2	6.419e5
197.7	1.230e2
198.3	9.843e5
199.3	1.798e5
200.1	2.921e5
200.6	6.230e2
201.2	1.175e5
202.2	6.866e4
203.1	1.155e5
203.6	4.930e2
204.1	5.517e4
205.1	8.299e4
205.7	2.380e2
206.2	7.889e4
207.2	6.649e4
208.2	5.845e4
209.1	1.129e5
209.7	2.599e3
210.2	9.062e4
211.2	5.689e4
211.7	1.172e3
212.2	7.625e4
213.1	4.642e4
214.2	7.856e6
215.2	1.013e6
216.2	5.519e5
217.2	2.327e5
218.3	7.066e5
219.2	1.460e5
220.3	1.353e5
221.2	9.119e4
222.2	5.178e4
223.1	4.517e4
224.1	1.129e5
225.2	5.572e4
226.1	7.516e4
227.1	4.073e5
227.6	9.830e2
228.2	1.181e5
229.2	8.947e4
229.7	9.800e2
230.2	4.634e4
231.2	9.396e4
232.2	4.979e4
233.2	6.545e4
233.7	1.800e1
234.2	7.272e4
235.1	6.906e4
235.7	2.833e3
236.2	1.009e6
237.2	2.300e5
238.2	1.092e5
239.1	8.504e4
239.7	1.684e3
240.2	3.433e4
241.2	4.569e4
242.1	5.597e4
242.6	1.291e3
243.2	8.504e4
243.7	8.160e2
244.2	4.926e4
245.2	6.371e4
245.7	3.770e2
246.2	3.425e4
247.2	4.675e4
248.1	3.484e4
248.7	1.236e3
249.2	3.103e4
250.1	6.580e4
250.7	1.393e3
251.2	3.976e4
252.2	7.812e4
253.2	5.531e4
254.1	9.438e4
254.6	1.305e3
255.2	5.495e4
256.1	4.439e4
256.7	1.299e3
257.2	4.774e4
258.2	3.039e4
258.8	1.319e3
259.3	1.707e5
260.3	5.049e4
261.3	9.886e4
262.0	1.855e4
262.7	6.611e4
263.6	3.672e4
264.5	2.277e4
265.2	2.265e4
266.1	8.723e4
266.7	2.470e2
267.2	4.271e4
267.7	6.210e2
268.2	2.304e4
268.8	6.550e2
269.3	2.860e4
270.4	2.381e4
271.2	4.764e4
272.1	2.913e4
272.7	2.633e3
273.3	3.121e4
274.3	5.560e4
275.2	3.638e4
276.1	2.993e4
276.6	1.770e2
277.2	8.200e4
278.2	4.363e4
278.7	3.240e2
279.2	7.846e4
280.2	3.438e4
281.1	3.590e4
281.7	1.847e3
282.2	4.935e4
283.2	6.661e4
283.8	1.607e3
284.3	6.325e4
285.3	3.730e4
286.2	3.027e4
287.2	2.934e4
288.2	2.355e4
288.7	1.012e3
289.2	5.085e4
289.7	1.160e2
290.2	2.818e4
290.8	2.340e2
291.3	2.587e4
292.2	2.612e4
293.2	2.418e4
294.2	2.742e4
295.1	7.048e4
295.7	6.400e2
296.2	2.868e4
297.2	3.000e4
297.7	7.600e2
298.3	2.672e4
299.2	2.583e4
299.8	2.580e2
300.3	2.459e4
301.3	8.312e4
302.2	3.974e4
303.2	3.899e4
304.1	5.244e4
304.6	3.740e2
305.2	6.364e4
305.7	1.430e2
306.2	2.557e4
307.2	3.995e4
307.7	1.465e3
308.3	2.433e4
309.2	2.925e4
309.7	8.290e2
310.3	2.776e4
311.3	4.901e4
312.3	4.146e4
312.8	7.870e2
313.4	5.941e4
314.3	3.716e4
315.3	2.917e4
316.2	2.653e4
316.8	1.812e3
317.3	3.790e4
318.3	2.327e4
319.2	3.139e4
320.2	2.502e4
321.1	3.556e4
321.7	4.390e2
322.2	2.332e4
322.7	8.330e2
323.2	2.367e4
324.3	2.459e4
324.8	1.025e3
325.4	6.532e4
326.3	6.448e4
327.2	4.166e4
328.2	2.614e4
329.1	3.867e4
329.6	3.759e3
330.2	2.537e4
330.8	2.435e3
331.3	1.548e5
332.3	6.411e4
333.3	4.998e4
334.2	4.515e4
334.7	9.230e2
335.3	2.710e4
335.8	1.331e3
336.4	2.223e4
337.4	3.586e4
338.3	3.268e4
338.8	2.466e3
339.4	8.493e4
340.3	4.274e4
340.8	1.807e3
341.4	6.032e4
342.3	3.583e4
343.3	3.553e4
344.2	3.132e4
345.2	2.656e4
345.7	1.124e3
346.3	2.739e4
346.8	1.451e3
347.4	5.736e4
348.3	3.336e4
349.2	7.574e4
350.2	3.991e4
350.7	3.160e2
351.2	2.891e4
351.7	9.540e2
352.3	3.769e4
352.8	8.380e2
353.3	6.338e4
354.2	1.568e5
354.7	4.913e3
355.3	1.301e5
356.3	4.574e4
357.1	5.496e4
357.7	4.889e3
358.3	3.854e4
358.8	1.919e3
359.3	1.458e5
359.8	1.299e3
360.4	5.424e4
361.3	4.802e4
362.3	2.584e4
363.1	1.130e5
363.6	8.180e2
364.1	2.946e4
364.7	1.995e3
365.3	3.870e4
366.2	2.756e4
366.7	6.290e2
367.3	4.067e4
368.2	3.135e4
368.8	3.553e3
369.4	1.576e5
370.0	5.600e2
370.5	5.645e4
371.3	2.678e4
372.2	4.265e4
373.2	3.070e4
373.7	6.600e2
374.2	2.049e4
374.7	1.181e3
375.2	4.357e4
375.8	7.270e2
376.3	2.988e4
377.3	4.913e4
377.8	6.240e2
378.3	3.538e4
379.3	5.025e4
380.2	3.628e4
380.7	2.822e3
381.3	4.834e4
382.3	2.402e4
382.9	3.642e3
383.4	1.086e5
384.4	4.129e4
385.4	4.432e4
386.4	2.863e4
386.9	1.898e3
387.5	4.396e4
388.4	2.367e4
389.2	2.511e4
390.2	2.680e4
390.8	3.346e3
391.5	5.215e4
392.4	2.846e4
393.4	6.626e4
393.9	2.010e3
394.5	6.327e4
395.4	3.389e4
396.3	2.282e4
396.9	2.276e3
397.5	6.736e4
398.0	2.640e2
398.5	3.700e4
399.4	7.939e4
400.1	1.069e4
400.8	3.354e4
401.8	8.857e4
402.6	3.159e4
403.5	2.330e4
404.4	1.746e4
405.4	4.163e4
406.3	2.696e4
407.2	3.782e4
407.8	5.702e3
408.5	5.448e4
409.4	8.840e4
410.3	3.552e4
410.8	2.588e3
411.4	3.701e4
412.4	2.796e4
412.9	1.671e3
413.5	1.581e5
414.5	5.774e4
415.5	3.954e4
416.0	3.063e3
416.6	9.672e4
417.5	3.969e4
418.4	1.545e4
418.9	4.460e2
419.4	2.492e4
420.3	2.491e4
421.2	5.220e4
421.8	6.600e2
422.3	2.815e4
422.9	5.637e3
423.6	1.249e5
424.4	3.738e4
425.4	4.152e4
426.3	2.315e4
426.9	4.437e3
427.5	1.227e5
428.5	4.749e4
429.4	5.950e4
430.3	3.211e4
431.0	1.701e5
431.9	6.378e4
432.9	2.654e4
433.6	1.755e4
434.5	3.191e4
435.2	1.114e4
435.8	5.578e4
436.6	2.474e4
437.4	5.049e4
438.0	6.622e3
438.6	1.208e5
439.4	4.093e4
440.0	1.286e3
440.5	2.169e4
441.5	8.773e4
442.5	3.594e4
443.3	1.136e5
443.9	2.832e3
444.5	4.219e4
445.1	3.010e3
445.7	1.374e5
446.6	5.197e4
447.5	2.859e4
448.4	1.595e4
448.9	1.262e3
449.4	6.585e4
450.3	4.700e4
451.3	6.356e4
451.9	4.530e3
452.5	8.792e4
453.4	8.618e4
454.3	3.455e4
454.9	1.013e3
455.4	3.885e4
456.0	2.559e3
456.6	3.556e4
457.6	1.554e5
458.5	6.543e4
459.1	7.250e2
459.6	6.087e4
460.1	8.210e2
460.6	1.165e5
461.5	3.420e4
462.3	1.561e4
463.3	3.591e4
463.8	9.630e2
464.3	2.137e4
465.2	6.924e4
465.8	4.731e3
466.4	3.822e4
467.0	4.749e3
467.6	1.396e5
468.4	4.461e4
469.0	5.126e3
469.7	5.874e4
470.5	3.051e4
471.0	2.988e3
471.6	1.509e5
472.1	1.239e3
472.6	7.370e4
473.5	5.668e4
474.1	2.586e3
474.6	1.021e5
475.6	7.414e4
476.4	3.212e4
477.0	2.588e3
477.5	2.390e4
478.4	1.972e4
479.2	4.971e4
480.1	7.346e4
480.8	1.611e4
481.5	5.543e4
482.1	3.303e3
482.7	1.189e5
483.5	3.809e4
484.1	9.200e2
484.6	1.956e4
485.6	9.257e4
486.6	5.388e4
487.4	1.171e5
488.5	4.171e4
489.1	7.316e3
489.7	1.332e5
490.6	4.715e4
491.4	2.461e4
492.4	1.610e4
493.3	2.908e4
494.1	5.802e4
494.7	1.719e4
495.4	7.766e4
496.0	3.799e3
496.6	1.129e5
497.5	6.496e4
498.3	3.201e4
499.2	9.318e4
499.9	1.837e4
500.6	3.670e4
501.6	1.544e5
502.5	7.412e4
503.5	5.043e4
504.1	3.166e3
504.6	1.194e5
505.5	3.056e4
506.4	2.130e4
507.0	7.840e2
507.5	2.765e4
508.4	2.975e4
509.3	8.152e4
509.9	1.028e4
510.6	5.007e4
511.1	3.382e3
511.6	1.475e5
512.6	4.628e4
513.1	1.304e3
513.6	3.641e4
514.6	2.375e4
515.6	1.574e5
516.6	9.360e4
517.5	4.335e4
518.1	6.429e3
518.7	9.356e4
519.6	5.037e4
520.4	2.830e4
521.4	2.206e4
522.2	1.094e4
522.9	3.955e4
523.8	6.809e4
524.7	4.938e4
525.6	5.975e4
526.1	1.521e3
526.6	1.376e5
527.5	5.263e4
528.0	2.893e3
528.6	2.807e4
529.6	9.114e4
530.1	1.064e3
530.6	5.299e4
531.5	1.120e5
532.0	2.925e3
532.6	4.164e4
533.1	4.690e3
533.7	1.052e5
534.6	4.237e4
535.5	1.797e4
536.5	2.602e4
537.4	3.072e4
538.2	8.040e4
539.2	4.969e4
540.0	1.469e4
540.7	9.254e4
541.6	5.809e4
542.5	3.042e4
543.1	1.814e3
543.6	4.927e4
544.5	2.946e4
545.1	3.600e2
545.6	1.537e5
546.6	7.021e4
547.1	1.530e2
547.6	4.326e4
548.1	2.740e3
548.7	8.139e4
549.5	3.231e4
550.4	1.419e4
551.3	3.086e4
552.3	2.945e4
553.2	6.470e4
553.9	1.244e4
554.6	4.877e4
555.6	8.861e4
556.5	4.203e4
557.5	3.336e4
558.0	2.550e2
558.5	1.800e4
559.1	1.792e3
559.6	1.322e5
560.6	7.790e4
561.6	4.072e4
562.2	1.633e3
562.7	5.701e4
563.7	4.094e4
564.4	9.597e3
565.2	1.824e4
566.2	1.942e4
567.1	6.880e4
567.8	1.006e4
568.4	4.761e4
569.0	5.061e3
569.6	3.885e4
570.1	6.710e2
570.7	6.809e4
571.5	3.142e4
572.1	2.591e3
572.7	2.037e4
573.7	8.539e4
574.2	4.250e2
574.7	4.875e4
575.6	8.050e4
576.5	2.968e4
577.4	1.095e5
578.4	4.819e4
579.3	2.905e4
580.0	5.208e3
580.7	1.678e4
581.2	5.060e2
581.7	3.350e4
582.2	4.160e2
582.7	3.685e4
583.6	2.787e4
584.1	2.667e3
584.7	6.834e4
585.6	4.546e4
586.6	1.798e4
587.1	1.376e3
587.6	4.004e4
588.2	4.840e2
588.7	2.664e4
589.7	1.121e5
590.7	5.121e4
591.6	3.468e4
592.2	1.387e3
592.7	4.789e4
593.5	2.147e4
594.5	2.152e4
595.0	2.170e2
595.6	2.037e4
596.5	2.879e4
597.5	3.724e4
598.0	2.576e3
598.6	3.461e4
599.5	6.443e4
600.4	3.652e4
601.0	2.557e3
601.6	2.304e4
602.6	1.611e4
603.2	3.430e2
603.7	1.150e5
604.7	5.770e4
605.3	4.281e3
605.9	3.983e4
606.8	3.547e4
607.7	2.573e4
608.3	2.960e3
609.0	1.990e4
609.7	5.630e3
610.5	2.290e4
611.0	2.010e2
611.5	2.977e4
612.0	7.500e2
612.6	3.523e4
613.1	2.218e3
613.6	2.482e4
614.2	2.365e3
614.7	4.412e4
615.7	2.729e4
616.7	1.445e4
617.2	5.930e2
617.7	6.935e4
618.7	3.942e4
619.6	5.521e4
620.1	2.970e2
620.6	2.586e4
621.2	3.128e3
621.8	3.328e4
622.7	1.769e4
623.7	1.055e4
624.3	9.810e2
624.9	1.631e4
625.8	2.680e4
626.4	1.847e3
626.9	2.788e4
627.8	1.491e4
628.7	3.649e4
629.7	2.738e4
630.2	4.660e2
630.7	1.716e4
631.7	3.567e4
632.2	3.910e2
632.7	1.997e4
633.7	8.758e4
634.3	1.898e3
634.9	6.410e4
635.8	2.232e4
636.7	1.929e4
637.6	1.693e4
638.6	1.093e4
639.1	6.490e2
639.7	1.666e4
640.7	1.278e4
641.6	2.379e4
642.2	1.026e3
642.8	3.425e4
643.7	3.392e4
644.6	1.966e4
645.6	2.125e4
646.6	1.146e4
647.1	1.017e3
647.7	9.118e4
648.7	4.631e4
649.2	2.300e2
649.7	2.486e4
650.3	9.380e2
650.9	2.208e4
651.8	1.331e4
652.8	7.758e3
653.7	1.105e4
654.8	9.774e3
655.7	1.708e4
656.7	2.411e4
657.7	2.674e4
658.2	1.472e3
658.8	2.455e4
659.7	1.639e4
660.3	1.288e3
660.8	1.106e4
661.7	5.425e4
662.7	2.683e4
663.7	1.480e5
664.7	7.155e4
665.2	5.100e2
665.7	3.236e4
666.4	5.789e3
667.1	1.836e4
667.7	1.954e3
668.3	1.314e4
669.0	4.268e3
669.7	2.360e4
670.7	2.617e4
671.6	1.795e4
672.2	2.368e3
672.8	3.084e4
673.8	2.983e4
674.7	1.227e4
675.7	3.093e4
676.2	8.600e1
676.8	2.187e4
677.7	7.446e4
678.7	3.707e4
679.8	1.688e4
680.7	1.358e4
681.7	1.149e4
682.3	8.240e2
682.8	8.383e3
683.8	1.474e4
684.7	8.900e3
685.7	4.922e5
686.2	5.150e2
686.7	2.644e5
687.2	4.200e1
687.7	8.803e4
688.7	2.579e4
689.7	1.888e4
690.2	1.473e3
690.8	1.385e4
691.7	8.065e4
692.2	1.376e3
692.7	4.428e4
693.7	2.127e4
694.2	1.257e3
694.7	1.671e4
695.6	1.183e4
696.6	1.275e4
697.5	1.713e4
698.1	2.069e3
698.7	1.163e4
699.7	2.045e4
700.2	1.550e2
700.7	2.138e4
701.6	4.709e4
702.2	4.736e3
702.9	5.366e4
703.8	2.766e4
704.7	1.387e4
705.2	1.362e3
705.8	5.936e4
706.3	1.010e2
706.8	3.142e4
707.7	3.953e4
708.2	4.810e2
708.7	9.241e4
709.3	1.970e2
709.8	5.581e4
710.7	1.986e4
711.2	2.300e2
711.7	1.487e4
712.3	1.152e3
712.8	1.723e4
713.7	1.553e4
714.7	2.275e4
715.2	1.970e2
715.7	1.567e4
716.3	1.067e3
716.8	2.373e4
717.8	2.187e4
718.8	1.319e4
719.8	3.412e4
720.8	2.126e4
721.8	7.470e4
722.8	4.589e4
723.7	1.525e4
724.5	3.902e4
725.5	4.174e4
726.1	1.980e3
726.7	1.225e5
727.7	6.882e4
728.2	1.335e3
728.8	3.659e4
729.8	2.218e4
730.3	5.800e2
730.8	2.285e4
731.8	2.303e4
732.7	1.281e4
733.7	1.750e4
734.3	1.224e3
734.8	1.818e4
735.7	7.297e4
736.3	2.040e2
736.8	6.066e4
737.8	2.975e4
738.3	2.350e2
738.8	1.958e4
739.7	1.379e4
740.7	1.441e4
741.4	2.154e3
742.0	2.150e4
742.8	1.058e4
743.7	1.822e4
744.3	1.526e3
744.9	2.674e4
745.8	2.527e4
746.8	1.629e4
747.6	1.127e4
748.5	1.677e4
749.1	3.393e3
749.7	5.951e4
750.7	3.809e4
751.7	3.881e4
752.7	1.529e4
753.6	2.602e4
754.6	2.549e4
755.1	3.910e2
755.7	1.716e4
756.2	1.149e3
756.8	1.556e4
757.3	1.610e2
757.8	1.661e4
758.7	1.552e4
759.6	3.078e4
760.2	2.559e3
760.8	3.696e4
761.8	2.383e4
762.7	1.167e4
763.2	2.680e2
763.7	2.695e4
764.3	4.500e2
764.8	1.629e4
765.8	4.533e4
766.8	3.091e4
767.7	1.583e4
768.5	3.529e3
769.2	1.453e4
770.1	7.788e3
770.6	5.420e2
771.2	3.010e4
772.1	1.273e4
772.9	9.229e3
773.9	1.343e4
774.8	1.877e4
775.3	1.770e2
775.8	1.534e4
776.8	1.232e4
777.4	7.430e2
777.9	1.513e4
778.4	1.870e2
778.9	1.090e4
779.8	5.373e4
780.3	2.330e2
780.8	3.151e4
781.8	1.635e4
782.3	7.120e2
782.8	1.734e4
783.3	2.640e2
783.9	1.181e4
784.8	1.187e4
785.4	8.400e2
785.9	1.383e4
786.9	1.835e4
787.8	1.521e4
788.4	3.520e2
788.9	1.783e4
789.5	1.946e3
790.0	1.507e4
791.1	2.294e4
791.7	3.712e3
792.3	1.742e4
793.1	3.659e3
793.8	3.804e4
794.8	2.143e4
795.8	2.288e4
796.5	4.065e3
797.1	1.947e4
798.0	6.223e3
798.8	8.356e3
799.7	1.277e4
800.3	1.062e3
800.8	1.184e4
801.8	2.185e4
802.4	8.090e2
802.9	2.082e4
803.9	1.158e4
804.9	1.528e4
805.9	1.737e4
806.8	8.925e3
807.8	1.967e4
808.3	5.610e2
808.9	1.858e4
809.9	4.023e4
810.8	1.896e4
811.3	2.750e2
811.8	9.905e3
812.3	5.700e2
812.8	8.427e3
813.8	1.088e4
814.7	7.874e3
815.6	1.074e4
816.3	2.587e3
816.9	1.334e4
817.8	1.030e4
818.3	1.595e3
819.0	2.026e4
819.8	1.329e4
820.7	7.650e3
821.6	1.348e4
822.2	2.750e2
822.7	1.114e4
823.3	5.240e2
823.8	3.403e4
824.8	2.431e4
825.8	1.402e4
826.4	6.240e2
826.9	1.049e4
827.5	1.432e3
828.1	6.399e3
829.1	8.710e3
830.0	8.492e3
830.9	6.067e3
831.8	9.191e3
832.4	8.020e2
832.9	1.214e4
833.9	1.489e4
834.9	1.038e4
835.9	1.396e4
836.4	1.870e2
836.9	1.158e4
837.9	2.413e4
838.4	1.192e3
839.0	2.763e4
839.9	1.696e4
840.8	1.595e4
841.7	1.588e4
842.7	8.472e3
843.7	7.540e3
844.6	1.003e4
845.3	2.492e3
845.9	9.658e3
846.8	6.746e3
847.7	1.616e4
848.2	4.590e2
848.8	1.654e4
849.7	1.329e4
850.7	1.091e4
851.3	1.082e3
851.9	1.625e4
852.5	6.050e2
853.0	1.029e4
853.8	2.359e4
854.4	3.900e1
854.9	1.305e4
855.9	1.045e4
856.5	1.469e3
857.1	9.705e3
857.9	5.155e3
858.8	1.240e4
859.5	1.015e3
860.0	8.694e3
860.6	2.850e2
861.1	1.065e4
862.0	9.374e3
863.0	1.436e4
863.9	1.068e4
864.5	9.490e2
865.0	1.075e4
865.8	4.302e3
866.5	1.073e4
867.2	2.736e3
867.9	2.523e4
868.9	1.590e4
869.8	7.840e3
870.8	1.068e4
871.5	2.566e3
872.2	7.085e3
873.1	1.085e4
874.1	7.095e3
874.9	3.762e3
875.6	1.007e4
876.2	1.930e2
876.7	1.054e4
877.3	1.231e3
877.9	1.680e4
878.4	1.640e2
878.9	1.103e4
879.9	9.645e3
880.4	3.000e2
881.0	9.658e3
882.0	2.060e4
883.0	9.842e3
883.9	1.231e4
884.8	1.175e4
885.4	1.340e2
885.9	1.162e4
886.9	7.829e3
887.8	6.603e3
888.8	5.990e3
889.3	1.096e3
889.9	1.013e4
890.9	9.433e3
891.9	1.062e4
892.9	1.044e4
893.8	4.476e3
894.6	9.306e3
895.4	2.539e3
896.1	1.041e4
897.1	8.235e3
898.0	1.657e4
899.0	1.200e4
900.0	8.924e3
901.0	6.283e3
901.8	1.109e4
902.8	9.119e3
903.3	3.610e2
903.8	6.917e3
904.7	9.162e3
905.2	4.880e2
905.7	9.139e3
906.4	3.051e3
907.1	1.984e4
907.6	4.600e1
908.1	9.696e3
909.0	7.678e3
909.9	8.219e3
910.9	8.327e3
911.4	4.320e2
911.9	1.719e4
912.9	1.297e4
913.9	7.806e3
914.5	1.118e3
915.1	9.362e3
916.0	4.863e3
916.8	4.696e3
917.6	9.892e3
918.2	9.400e1
918.7	5.769e3
919.3	8.950e2
919.9	7.410e3
920.8	6.617e3
921.7	9.264e3
922.4	1.238e3
923.1	9.226e3
923.6	1.350e3
924.2	9.189e3
925.0	6.016e3
925.9	1.126e4
926.9	9.723e3
927.8	1.077e4
928.3	6.600e1
928.8	7.886e3
929.7	8.453e3
930.3	6.710e2
930.8	8.913e3
931.4	1.540e2
931.9	5.513e3
932.9	8.343e3
933.8	8.759e3
934.4	2.870e2
934.9	4.516e3
935.8	9.193e3
936.4	1.195e3
937.0	7.715e3
938.0	1.641e4
938.9	1.184e4
939.9	3.681e4
940.9	2.615e4
941.4	2.100e2
941.9	1.922e4
942.4	7.080e2
943.0	9.844e3
944.0	5.617e3
944.9	8.017e3
945.5	9.950e2
946.1	1.115e4
946.9	5.847e3
947.8	7.761e3
948.5	2.069e3
949.1	8.386e3
950.0	6.560e3
951.0	1.039e4
951.6	9.770e2
952.2	8.211e3
953.0	4.886e3
953.8	7.809e3
954.4	1.107e3
955.0	7.825e3
956.0	1.539e4
957.0	9.838e3
957.8	5.881e3
958.8	7.847e3
959.4	1.002e3
960.0	8.441e3
960.9	9.922e3
961.8	6.000e3
962.4	6.010e2
963.0	6.177e3
963.9	1.928e4
964.9	1.502e4
965.9	1.360e4
966.8	9.016e3
967.4	3.980e2
968.0	8.347e3
968.5	3.000e1
969.0	7.624e3
969.9	1.527e4
970.6	5.047e3
971.4	9.619e3
971.9	6.500e2
972.5	7.947e3
973.2	2.600e3
973.9	9.566e3
974.6	2.449e3
975.2	1.132e4
976.1	5.753e3
976.6	4.300e2
977.1	5.019e3
978.0	1.145e4
979.0	6.053e3
979.5	7.400e1
980.0	6.942e3
980.6	3.570e2
981.1	9.013e3
982.1	7.856e3
982.8	3.690e3
983.6	9.143e3
984.2	1.345e3
984.8	1.094e4
985.3	1.786e3
986.0	1.264e4
986.9	8.446e3
987.5	6.740e2
988.1	7.271e3
989.0	4.496e3
989.8	6.438e3
990.7	8.325e3
991.6	3.594e3
992.4	7.484e3
993.1	2.153e3
993.8	7.733e3
994.4	1.330e3
995.0	5.549e3
995.9	6.152e3
996.4	4.520e2
997.0	7.204e3
997.5	2.430e2
998.1	8.296e3
999.0	7.237e3
1000.0	9.392e3
1000.7	8.070e2
1001.2	1.130e4
1002.2	5.181e3
1003.0	3.021e3
1003.8	7.091e3
1004.8	8.245e3
1005.3	6.900e1
1005.9	5.756e3
1006.9	6.210e3
1007.5	1.211e3
1008.1	1.040e4
1009.0	5.269e3
1009.9	5.404e3
1011.0	6.270e3
1011.9	8.187e3
1012.8	8.881e3
1013.5	1.691e3
1014.1	1.351e4
1015.0	1.001e4
1015.6	7.280e2
1016.1	8.508e3
1017.1	5.662e3
1018.0	7.679e3
1018.6	2.696e3
1019.2	8.292e3
1019.9	2.487e3
1020.7	7.385e3
1021.3	3.530e2
1021.8	7.407e3
1022.4	1.117e3
1022.9	8.546e3
1023.9	7.189e3
1024.8	5.487e3
1025.7	1.087e4
1026.3	1.464e3
1027.0	9.660e3
1027.6	1.538e3
1028.1	1.189e4
1029.0	7.408e3
1030.0	9.310e3
1030.8	2.519e3
1031.5	9.727e3
1032.2	1.390e3
1032.9	6.807e3
1033.8	5.108e3
1034.7	9.228e3
1035.4	3.292e3
1036.2	9.468e3
1036.7	4.170e2
1037.3	7.957e3
1038.2	6.565e3
1039.1	8.558e3
1039.9	5.595e3
1040.7	8.757e3
1041.3	9.870e2
1041.9	9.511e3
1042.6	2.166e3
1043.1	1.021e4
1043.9	6.246e3
1044.7	1.177e4
1045.4	2.476e3
1046.1	8.347e3
1046.7	1.415e3
1047.4	8.241e3
1048.1	2.641e3
1048.8	6.469e3
1049.4	5.820e2
1050.0	9.249e3
1050.6	1.720e2
1051.1	4.954e3
1052.1	5.082e3
1053.0	7.815e3
1053.6	8.430e2
1054.1	8.719e3
1055.1	5.820e3
1055.9	1.121e4
1056.8	1.423e4
1057.4	1.845e3
1058.0	8.027e3
1058.5	2.820e2
1059.0	8.123e3
1059.6	8.090e2
1060.2	9.488e3
1061.0	4.107e3
1061.9	6.064e3
1062.9	9.148e3
1063.7	5.564e3
1064.7	4.154e3
1065.5	5.666e3
1066.5	7.827e3
1067.2	2.662e3
1067.9	8.102e3
1068.4	9.110e2
1069.0	1.103e4
1070.0	6.154e3
1070.9	7.797e3
1071.5	1.800e1
1072.0	8.466e3
1073.0	4.363e3
1073.9	9.512e3
1074.4	4.150e2
1075.0	6.767e3
1075.5	2.960e2
1076.0	1.038e4
1076.6	7.660e2
1077.2	8.224e3
1078.1	1.024e4
1079.1	6.443e3
1079.9	2.555e3
1080.6	8.478e3
1081.3	2.777e3
1082.1	8.244e3
1083.1	6.960e3
1083.9	7.384e3
1084.5	3.690e2
1085.0	5.368e3
1086.0	5.464e3
1086.6	7.740e2
1087.2	4.075e3
1088.1	5.371e3
1089.0	6.637e3
1089.6	9.600e2
1090.2	6.759e3
1090.8	1.440e3
1091.4	5.138e3
1092.4	7.693e3
1093.1	2.752e3
1093.9	7.190e3
1094.4	4.320e2
1095.0	7.937e3
1095.5	3.280e2
1096.1	7.373e3
1096.9	4.001e3
1097.7	1.209e4
1098.3	2.340e2
1098.8	5.593e3
1099.4	1.467e3
1100.0	8.848e3
1100.9	6.975e3
1101.4	1.790e2
1102.0	6.365e3
1102.6	3.750e2
1103.2	6.902e3
1103.7	8.400e1
1104.2	6.347e3
1105.0	3.904e3
1105.8	6.907e3
1106.5	2.623e3
1107.3	9.777e3
1108.3	7.747e3
1108.8	6.800e2
1109.4	8.324e3
1110.1	1.277e3
1110.8	9.319e3
1111.7	6.959e3
1112.3	8.920e2
1112.9	6.112e3
1113.9	7.816e3
1114.5	3.070e2
1115.0	5.782e3
1115.5	1.140e2
1116.0	5.773e3
1116.9	8.237e3
1117.8	4.562e3
1118.8	6.159e3
1119.4	1.161e3
1120.0	4.635e3
1120.9	9.388e3
1121.7	2.935e3
1122.4	6.698e3
1122.9	2.910e2
1123.4	7.454e3
1124.4	6.235e3
1125.0	1.390e2
1125.5	6.241e3
1126.2	1.021e3
1126.8	5.778e3
1127.5	1.823e3
1128.3	8.425e3
1128.9	3.080e2
1129.4	8.194e3
1130.1	1.632e3
1130.8	5.661e3
1131.6	8.385e3
1132.6	6.183e3
1133.5	5.193e3
1134.4	9.203e3
1135.2	4.306e3
1136.1	5.506e3
1137.0	3.861e3
1137.8	7.433e3
1138.7	5.818e3
1139.3	1.804e3
1140.1	5.526e3
1140.9	5.028e3
1141.8	7.353e3
1142.6	3.487e3
1143.3	5.778e3
1143.8	4.820e2
1144.4	6.028e3
1145.4	6.813e3
1146.0	1.219e3
1146.7	8.520e3
1147.7	5.615e3
1148.3	2.680e3
1149.0	6.770e3
1149.5	9.970e2
1150.1	7.071e3
1150.8	1.500e3
1151.5	7.723e3
1152.1	1.109e3
1152.7	6.956e3
1153.5	2.684e3
1154.2	8.162e3
1155.2	6.796e3
1156.2	6.323e3
1157.0	5.970e3
1157.9	1.084e4
1158.5	1.176e3
1159.1	1.379e4
1159.6	1.880e2
1160.1	8.092e3
1160.6	3.350e2
1161.3	7.037e3
1162.2	4.869e3
1163.1	6.584e3
1164.1	8.075e3
1164.9	3.477e3
1165.7	7.930e3
1166.3	6.170e2
1166.8	5.072e3
1167.8	5.723e3
1168.3	1.900e1
1168.8	7.884e3
1169.8	6.249e3
1170.5	1.538e3
1171.2	6.627e3
1171.8	9.570e2
1172.4	5.644e3
1173.3	7.547e3
1173.9	3.790e2
1174.5	6.749e3
1175.3	3.327e3
1176.1	7.370e3
1176.7	8.370e2
1177.2	5.836e3
1177.8	1.037e3
1178.4	7.908e3
1179.4	6.601e3
1180.0	1.112e3
1180.7	5.983e3
1181.6	3.539e3
1182.5	5.655e3
1183.4	4.840e3
1184.2	2.298e3
1184.9	7.647e3
1185.9	8.875e3
1186.4	8.790e2
1187.0	5.944e3
1188.0	5.014e3
1189.0	6.529e3
1189.8	2.050e3
1190.6	6.079e3
1191.6	7.749e3
1192.1	6.600e1
1192.6	6.717e3
1193.4	1.345e3
1194.1	6.579e3
1194.7	2.120e2
1195.2	6.269e3
1196.0	3.249e3
1197.0	6.937e3
1197.7	1.827e3
1198.4	5.305e3
1199.1	1.579e3
1199.8	9.453e3
1200.5	2.358e3
1201.2	7.414e3
1201.8	1.140e2
1202.4	6.106e3
1203.2	1.779e3
1203.9	5.992e3
1204.4	2.980e2
1205.0	5.525e3
1205.6	1.551e3
1206.2	7.778e3
1207.1	5.598e3
1208.1	8.355e3
1208.7	1.649e3
1209.3	5.219e3
1210.0	1.152e3
1210.6	6.693e3
1211.4	2.540e3
1212.2	6.958e3
1213.1	8.473e3
1213.8	1.904e3
1214.5	7.474e3
1215.2	1.649e3
1215.9	5.034e3
1216.4	1.630e2
1217.0	3.609e3
1217.9	8.021e3
1218.5	1.732e3
1219.2	8.644e3
1220.1	5.425e3
1221.1	6.437e3
1221.6	6.240e2
1222.3	4.730e3
1222.8	3.120e2
1223.4	6.912e3
1224.3	7.330e3
1224.9	7.350e2
1225.4	6.201e3
1226.0	1.330e3
1226.6	5.565e3
1227.6	6.185e3
1228.6	4.891e3
1229.4	6.412e3
1230.4	5.843e3
1231.3	3.357e3
1232.1	8.527e3
1232.9	2.859e3
1233.8	6.610e3
1234.3	2.800e2
1234.8	4.617e3
1235.8	4.356e3
1236.5	2.018e3
1237.2	5.287e3
1237.8	5.970e2
1238.4	7.514e3
1239.2	3.081e3
1240.0	7.633e3
1241.0	6.946e3
1242.0	4.110e3
1243.0	7.484e3
1243.8	4.752e3
1244.7	7.319e3
1245.7	7.963e3
1246.4	1.774e3
1247.1	9.788e3
1248.0	5.592e3
1248.7	1.814e3
1249.3	4.748e3
1250.3	9.042e3
1250.9	1.631e3
1251.6	7.460e3
1252.5	6.683e3
1253.4	3.693e3
1254.2	7.290e3
1254.9	1.409e3
1255.6	6.385e3
1256.3	2.168e3
1257.0	6.042e3
1257.6	1.422e3
1258.2	5.798e3
1259.0	2.736e3
1259.7	7.587e3
1260.3	4.910e2
1260.9	4.796e3
1261.9	7.268e3
1262.7	4.135e3
1263.6	7.131e3
1264.5	8.661e3
1265.1	4.910e2
1265.6	6.446e3
1266.4	3.780e3
1267.4	6.632e3
1268.0	4.120e2
1268.5	6.839e3
1269.4	4.345e3
1270.0	6.000e2
1270.5	8.941e3
1271.5	6.210e3
1272.1	1.902e3
1272.6	8.340e3
1273.2	2.440e2
1273.7	6.572e3
1274.2	1.385e3
1274.8	8.082e3
1275.4	6.680e2
1275.9	8.170e3
1276.6	4.162e3
1277.3	7.132e3
1278.0	2.633e3
1278.7	7.737e3
1279.6	6.088e3
1280.2	5.120e2
1280.8	6.681e3
1281.7	4.572e3
1282.6	5.961e3
1283.5	7.929e3
1284.0	2.480e2
1284.6	6.511e3
1285.4	3.340e3
1286.3	1.123e4
1287.1	1.736e3
1287.8	7.068e3
1288.7	9.017e3
1289.6	5.547e3
1290.5	5.363e3
1291.3	8.928e3
1292.3	3.381e3
1293.2	1.057e4
1294.1	1.062e4
1294.8	2.987e3
1295.6	6.063e3
1296.6	6.440e3
1297.2	3.010e2
1297.7	5.451e3
1298.3	1.536e3
1299.1	7.928e3
1300.0	7.697e3
1300.8	3.414e3
1301.6	1.079e4
1302.3	2.550e3
1302.9	8.007e3
1303.9	5.472e3
1304.4	2.300e2
1305.0	5.482e3
1305.5	1.270e2
1306.0	6.857e3
1306.8	2.456e3
1307.5	6.939e3
1308.5	6.328e3
1309.4	5.069e3
1310.2	8.792e3
1310.9	2.901e3
1311.8	7.667e3
1312.6	1.834e3
1313.3	7.886e3
1313.8	4.640e2
1314.3	5.923e3
1315.2	9.782e3
1315.8	5.500e1
1316.3	8.220e3
1317.2	6.458e3
1318.1	6.470e3
1319.0	7.140e3
1319.7	9.080e2
1320.3	7.015e3
1321.0	1.780e3
1321.7	5.799e3
1322.5	3.877e3
1323.3	7.216e3
1323.8	8.100e1
1324.4	8.500e3
1325.3	5.597e3
1325.8	2.200e1
1326.3	8.626e3
1326.9	6.870e2
1327.5	6.820e3
1328.3	3.586e3
1329.2	7.569e3
1329.8	1.234e3
1330.4	7.507e3
1331.3	4.387e3
1332.1	7.711e3
1333.1	4.201e3
1334.0	5.725e3
1334.9	6.099e3
1335.7	1.890e3
1336.5	5.206e3
1337.5	7.154e3
1338.5	4.572e3
1339.4	1.139e4
1340.2	4.825e3
1341.0	8.105e3
1341.6	7.010e2
1342.2	6.063e3
1342.8	9.450e2
1343.4	7.555e3
1344.0	4.600e2
1344.5	8.448e3
1345.1	7.570e2
1345.8	9.285e3
1346.5	2.824e3
1347.2	1.071e4
1347.7	1.080e3
1348.3	5.059e4
1349.3	5.041e4
1350.3	2.745e4
1351.3	1.476e4
1351.9	3.435e3
1352.6	8.214e3
1353.5	9.153e3
1354.4	4.530e3
1355.3	6.049e3
1355.8	2.190e2
1356.4	6.121e3
1357.1	3.671e3
1358.0	1.061e4
1358.9	6.355e3
1359.8	9.627e3
1360.8	7.943e3
1361.4	1.891e3
1362.0	6.033e3
1362.6	8.810e2
1363.2	7.431e3
1363.9	2.003e3
1364.6	5.705e3
1365.6	8.903e3
1366.5	8.646e3
1367.2	3.090e3
1367.9	7.483e3
1368.5	1.306e3
1369.0	8.455e3
1369.9	4.658e3
1370.8	6.899e3
1371.7	6.081e3
1372.2	1.347e3
1372.8	1.077e4
1373.4	1.760e2
1373.9	6.229e3
1374.4	1.440e2
1374.9	1.063e4
1375.8	4.526e3
1376.6	1.075e4
1377.4	2.789e3
1378.1	9.764e3
1378.8	3.039e3
1379.5	7.222e3
1380.3	8.091e3
1381.2	7.689e3
1382.1	7.169e3
1382.9	2.127e3
1383.5	7.860e3
1384.4	1.134e4
1385.3	3.934e3
1386.1	8.493e3
1387.0	3.629e3
1387.8	7.437e3
1388.6	3.402e3
1389.4	6.713e3
1390.0	8.630e2
1390.6	6.641e3
1391.4	1.437e3
1392.1	7.068e3
1392.7	8.400e2
1393.3	9.558e3
1393.8	3.590e2
1394.4	5.657e3
1394.9	3.660e2
1395.5	5.723e3
1396.1	7.810e2
1396.7	8.657e3
1397.6	5.378e3
1398.5	6.171e3
1399.4	4.700e3
1399.9	1.650e2
1400.5	8.661e3
1401.4	6.384e3
1402.4	9.127e3
1403.2	3.811e3
1403.9	8.723e3
1404.5	7.260e2
1405.1	8.216e3
1405.8	5.300e2
1406.3	6.507e3
1407.3	8.809e3
1407.8	9.300e1
1408.3	5.549e3
1409.2	3.373e3
1410.2	7.331e3
1411.2	9.707e3
1412.1	5.954e3
1413.0	6.991e3
1413.6	7.350e2
1414.2	9.285e3
1414.9	4.668e3
1415.7	7.232e3
1416.3	4.430e2
1416.8	7.046e3
1417.8	8.250e3
1418.8	6.555e3
1419.6	2.545e3
1420.5	6.389e3
1421.0	1.001e3
1421.6	1.119e4
1422.2	2.549e3
1422.9	4.438e3
1423.9	6.609e3
1424.8	3.686e3
1425.7	7.455e3
1426.6	5.799e3
1427.6	6.054e3
1428.5	4.537e3
1429.4	6.978e3
1430.4	1.123e4
1431.2	2.612e3
1431.9	7.375e3
1432.7	3.599e3
1433.6	6.145e3
1434.5	5.662e3
1435.1	1.405e3
1435.7	8.590e3
1436.9	7.875e3
1437.8	3.986e3
1438.5	6.902e3
1439.4	7.553e3
1439.9	1.210e2
1440.5	6.644e3
1441.4	8.890e3
1442.4	7.454e3
1443.2	4.449e3
1444.0	1.289e4
1444.9	5.585e3
1445.8	3.826e3
1446.6	9.786e3
1447.5	4.224e3
1448.3	5.883e3
1449.1	3.013e3
1449.8	5.634e3
1450.3	6.000e1
1450.8	7.051e3
1451.5	2.104e3
1452.2	7.846e3
1452.7	1.600e1
1453.2	1.014e4
1454.0	2.447e3
1454.7	7.991e3
1455.7	1.011e4
1456.3	2.500e2
1456.8	8.256e3
1457.5	1.517e3
1458.1	6.728e3
1459.1	7.389e3
1459.9	8.790e2
1460.5	6.981e3
1461.3	5.256e3
1462.2	9.577e3
1463.1	8.321e3
1464.0	4.845e3
1464.9	8.247e3
1465.7	3.287e3
1466.4	5.413e3
1467.0	4.180e2
1467.6	8.190e3
1468.4	3.104e3
1469.2	8.271e3
1470.2	7.108e3
1470.9	2.814e3
1471.6	5.147e3
1472.6	6.123e3
1473.3	1.076e3
1473.9	9.293e3
1474.9	4.242e3
1475.8	9.723e3
1476.6	5.987e3
1477.3	2.301e3
1478.1	9.231e3
1478.8	2.299e3
1479.6	1.022e4
1480.2	7.990e2
1480.8	7.915e3
1481.6	3.808e3
1482.4	9.947e3
1483.2	5.194e3
1484.0	8.347e3
1484.8	3.257e3
1485.6	7.375e3
1486.3	4.046e3
1487.1	9.764e3
1488.0	7.180e3
1488.6	6.660e2
1489.2	6.889e3
1490.1	7.685e3
1490.7	1.032e3
1491.3	6.468e3
1491.8	2.580e2
1492.4	5.535e3
1493.2	3.396e3
1494.0	8.781e3
1494.9	5.608e3
1495.5	3.410e2
1496.0	7.550e3
1496.9	4.354e3
1497.8	7.253e3
1498.4	1.493e3
1499.0	8.735e3
1499.5	1.680e2
1500.0	8.528e3
1501.0	4.043e3
1501.8	2.101e3
1502.7	6.138e3
1503.7	5.481e3
1504.6	7.028e3
1505.2	3.950e2
1505.7	7.126e3
1506.3	1.595e3
1507.0	7.868e3
1507.5	2.370e2
1508.0	6.910e3
1509.0	8.501e3
1509.9	4.287e3
1510.8	5.041e3
1511.6	3.460e3
1512.3	6.459e3
1512.9	3.850e2
1513.4	5.885e3
1514.3	8.324e3
1514.8	8.700e1
1515.3	6.784e3
1516.1	3.798e3
1516.9	7.183e3
1517.8	5.948e3
1518.6	1.828e3
1519.3	6.413e3
1520.3	7.974e3
1521.2	5.848e3
1522.1	6.540e3
1522.8	1.310e3
1523.5	8.768e3
1524.3	2.688e3
1525.1	6.923e3
1526.1	5.941e3
1526.9	3.422e3
1527.8	4.570e3
1528.8	6.508e3
1529.7	4.526e3
1530.5	2.672e3
1531.1	7.515e3
1532.1	4.516e3
1533.0	7.676e3
1533.5	2.590e2
1534.0	5.219e3
1534.9	9.238e3
1535.6	2.343e3
1536.3	1.053e4
1537.3	5.068e3
1537.8	1.140e2
1538.4	5.196e3
1539.1	8.010e2
1539.8	9.587e3
1540.5	1.811e3
1541.2	4.951e3
1541.9	1.232e3
1542.4	8.566e3
1543.0	5.280e2
1543.5	4.188e3
1544.5	5.900e3
1545.2	2.291e3
1545.9	6.565e3
1546.8	4.241e3
1547.7	6.900e3
1548.4	2.614e3
1549.1	4.913e3
1550.1	8.147e3
1550.9	3.477e3
1551.8	9.205e3
1552.4	1.462e3
1553.0	4.326e3
1554.0	7.801e3
1554.6	2.020e2
1555.2	1.024e4
1555.7	6.330e2
1556.3	6.143e3
1557.2	8.307e3
1558.0	3.470e3
1558.8	8.535e3
1559.3	4.480e2
1559.9	6.774e3
1560.6	2.621e3
1561.3	5.694e3
1562.2	5.427e3
1563.0	7.092e3
1563.7	6.010e2
1564.3	8.012e3
1565.0	1.523e3
1565.7	6.340e3
1566.6	5.887e3
1567.3	2.529e3
1568.1	8.167e3
1569.0	5.064e3
1569.9	7.411e3
1570.4	1.700e2
1571.0	5.297e3
1571.9	5.404e3
1572.6	8.421e3
1573.6	6.375e3
1574.2	1.218e3
1574.8	6.909e3
1575.6	2.238e3
1576.5	7.153e3
1577.1	1.247e3
1577.7	6.862e3
1578.7	8.542e3
1579.5	3.627e3
1580.2	8.853e3
1580.8	9.110e2
1581.5	5.629e3
1582.1	1.261e3
1582.8	5.572e3
1583.7	4.127e3
1584.5	6.896e3
1585.1	9.560e2
1585.6	7.795e3
1586.6	7.401e3
1587.5	4.814e3
1588.3	9.224e3
1589.3	4.708e3
1590.3	3.340e3
1591.2	5.826e3
1592.2	6.001e3
1592.9	1.438e3
1593.6	7.464e3
1594.5	5.894e3
1595.2	1.118e3
1595.8	8.602e3
1596.5	1.673e3
1597.4	4.472e3
1598.2	8.213e3
1599.2	7.577e3
1600.0	4.434e3
1601.0	8.787e3
1601.6	1.291e3
1602.3	5.587e3
1603.3	1.016e4
1604.2	5.528e3
1604.9	2.327e3
1605.8	7.944e3
1606.3	5.030e2
1606.8	6.330e3
1607.4	3.660e2
1607.9	5.281e3
1608.9	7.859e3
1609.7	2.990e3
1610.6	5.859e3
1611.6	9.460e3
1612.3	3.047e3
1613.0	5.768e3
1613.5	1.400e2
1614.1	6.304e3
1614.6	6.970e2
1615.2	5.527e3
1616.1	9.047e3
1616.9	2.716e3
1617.7	6.484e3
1618.5	1.266e3
1619.2	6.095e3
1620.0	5.605e3
1620.9	2.301e3
1621.7	6.794e3
1622.3	1.201e3
1622.9	5.583e3
1624.0	8.029e3
1624.8	3.562e3
1625.5	1.001e4
1626.0	3.400e2
1626.6	3.819e3
1627.6	5.491e3
1628.5	4.368e3
1629.0	1.600e2
1629.6	6.408e3
1630.6	5.794e3
1631.2	1.475e3
1631.9	7.644e3
1632.5	2.570e2
1633.0	4.562e3
1634.0	8.121e3
1634.6	1.095e3
1635.2	6.707e3
1636.0	2.913e3
1636.8	8.553e3
1637.8	4.118e3
1638.5	1.767e3
1639.2	4.358e3
1639.7	1.260e2
1640.3	5.034e3
1641.3	5.414e3
1641.9	1.181e3
1642.6	4.222e3
1643.5	3.598e3
1644.4	4.409e3
1645.3	5.235e3
1646.2	5.432e3
1647.0	2.936e3
1647.9	6.288e3
1648.7	1.410e2
1649.2	6.914e3
1649.9	1.499e3
1650.6	6.312e3
1651.2	4.700e1
1651.7	7.052e3
1652.3	1.694e3
1653.0	5.916e3
1653.9	6.552e3
1654.8	7.846e3
1655.5	1.178e3
1656.1	5.546e3
1656.8	2.102e3
1657.6	6.143e3
1658.1	6.010e2
1658.8	7.375e3
1659.7	3.183e3
1660.6	3.346e3
1661.5	7.757e3
1662.4	2.845e3
1663.3	7.160e3
1664.2	3.664e3
1665.1	2.000e3
1666.0	5.747e3
1666.6	1.023e3
1667.3	5.247e3
1668.1	4.260e3
1668.8	2.216e3
1669.7	5.773e3
1670.4	3.551e3
1671.2	7.749e3
1672.1	6.017e3
1672.6	5.160e2
1673.2	4.993e3
1674.1	5.823e3
1675.0	3.538e3
1675.7	6.417e3
1676.4	1.110e3
1677.1	8.174e3
1678.1	3.112e3
1679.0	6.063e3
1679.5	1.780e2
1680.0	3.243e3
1680.9	3.854e3
1681.8	4.505e3
1682.6	5.123e3
1683.5	3.072e3
1684.2	4.888e3
1685.1	5.280e3
1686.0	3.412e3
1686.9	4.485e3
1687.8	5.274e3
1688.5	7.890e2
1689.2	6.276e3
1689.7	1.270e2
1690.2	6.000e3
1690.9	1.708e3
1691.5	5.826e3
1692.5	4.645e3
1693.5	4.874e3
1694.4	5.154e3
1695.1	1.433e3
1695.9	6.869e3
1696.8	6.719e3
1697.7	6.145e3
1698.3	3.000e1
1698.8	3.333e3
1699.4	3.350e2
1699.9	3.800e3
1700.7	3.123e3
1701.6	7.044e3
1702.4	6.718e3
1703.4	5.507e3
1704.4	5.048e3
1705.1	9.300e2
1705.7	7.122e3
1706.5	2.893e3
1707.3	7.179e3
1708.1	2.675e3
1708.9	4.516e3
1709.4	4.380e2
1710.0	4.607e3
1711.0	4.568e3
1711.5	1.360e2
1712.0	4.575e3
1712.9	5.141e3
1713.8	5.880e3
1714.3	2.990e2
1714.9	8.113e3
1715.8	6.040e3
1716.6	2.214e3
1717.3	5.980e3
1718.2	4.001e3
1718.9	1.317e3
1719.6	3.310e3
1720.6	4.592e3
1721.5	4.181e3
1722.3	6.110e2
1723.0	5.219e3
1723.9	4.566e3
1724.9	5.597e3
1725.8	2.373e3
1726.6	5.404e3
1727.5	3.523e3
1728.1	2.130e2
1728.7	4.848e3
1729.4	1.603e3
1730.1	6.011e3
1730.8	1.634e3
1731.5	3.725e3
1732.4	3.339e3
1733.2	1.233e3
1734.0	7.178e3
1734.6	1.125e3
1735.4	4.910e3
1736.1	2.039e3
1737.0	6.441e3
1737.5	1.050e2
1738.1	3.996e3
1738.8	1.980e3
1739.7	4.745e3
1740.6	2.064e3
1741.4	4.040e3
1742.0	3.290e2
1742.5	6.062e3
1743.5	5.193e3
1744.4	3.448e3
1745.3	6.540e3
1745.9	2.760e2
1746.4	4.911e3
1747.0	4.400e2
1747.6	4.732e3
1748.2	3.210e2
1748.8	6.018e3
1749.7	2.484e3
1750.5	4.586e3
1751.2	7.180e2
1751.8	4.424e3
1752.8	5.041e3
1753.8	2.581e3
1754.6	4.258e3
1755.3	1.180e3
1755.9	6.544e3
1756.4	5.240e2
1757.0	4.619e3
1757.6	8.540e2
1758.3	4.738e3
1759.1	2.306e3
1759.9	4.872e3
1760.9	3.143e3
1761.6	7.500e2
1762.4	3.944e3
1763.0	8.580e2
1763.7	4.499e3
1764.6	6.222e3
1765.6	4.206e3
1766.1	8.300e1
1766.7	4.168e3
1767.6	4.731e3
1768.6	2.881e3
1769.5	5.183e3
1770.4	4.762e3
1771.1	1.275e3
1772.0	3.761e3
1772.8	1.711e3
1773.5	3.245e3
1774.3	1.080e3
1775.0	5.371e3
1775.5	3.100e1
1776.0	2.799e3
1776.8	3.129e3
1777.9	5.637e3
1778.8	2.665e3
1779.8	5.749e3
1780.5	1.740e3
1781.4	5.369e3
1782.1	9.330e2
1782.7	5.221e3
1783.7	3.026e3
1784.5	2.577e3
1785.3	2.579e3
1786.3	3.169e3
1786.9	8.530e2
1787.5	3.328e3
1788.3	4.194e3
1789.2	2.832e3
1790.1	2.809e3
1791.1	3.534e3
1792.2	4.834e3
1792.9	2.403e3
1793.9	3.582e3
1794.9	2.592e3
1795.8	4.901e3
1796.4	4.950e2
1796.9	4.400e3
1797.6	8.910e2
1798.3	3.779e3
1798.9	7.490e2
1799.7	3.746e3
1800.6	2.920e3
1801.5	5.477e3
1802.1	1.385e3
1802.7	3.732e3
1803.3	3.290e2
1803.9	5.663e3
1804.6	1.176e3
1805.3	3.800e3
1805.8	4.330e2
1806.5	3.896e3
1807.1	2.370e2
1807.6	4.265e3
1808.1	8.700e1
1808.7	4.767e3
1809.2	1.570e2
1809.8	4.725e3
1810.4	5.330e2
1811.1	3.700e3
1812.0	1.973e3
1812.8	3.661e3
1813.6	2.687e3
1814.4	4.417e3
1815.2	2.890e3
1815.8	7.560e2
1816.6	5.423e3
1817.5	4.191e3
1818.1	2.240e2
1818.6	1.998e3
1819.3	5.820e3
1820.3	4.768e3
1820.8	1.200e2
1821.4	3.146e3
1821.9	2.470e2
1822.5	3.551e3
1823.3	2.013e3
1824.1	5.060e3
1825.1	3.353e3
1825.6	2.610e2
1826.2	5.553e3
1827.0	4.812e3
1828.0	2.168e3
1828.6	5.130e2
1829.2	3.269e3
1830.0	1.200e3
1830.9	5.970e3
1831.5	2.000e2
1832.0	4.639e3
1832.5	8.000e1
1833.1	3.216e3
1833.7	5.600e2
1834.3	3.739e3
1835.1	3.650e2
1835.8	3.187e3
1836.5	1.829e3
1837.3	3.570e3
1838.2	5.450e3
1839.1	4.757e3
1839.7	1.000e2
1840.3	3.905e3
1841.0	1.359e3
1841.8	4.018e3
1842.5	7.590e2
1843.2	3.834e3
1844.1	3.623e3
1844.9	1.026e3
1845.7	4.185e3
1846.2	2.520e2
1846.9	3.383e3
1847.8	3.530e3
1848.5	1.025e3
1849.3	3.389e3
1850.1	1.328e3
1850.8	2.558e3
1851.7	3.877e3
1852.7	5.606e3
1853.4	1.332e3
1854.1	2.564e3
1854.8	4.010e2
1855.4	4.192e3
1855.9	5.000e1
1856.5	2.287e3
1857.5	4.352e3
1858.1	2.580e2
1858.6	3.346e3
1859.3	5.200e2
1859.9	3.651e3
1860.9	2.695e3
1861.8	3.360e3
1862.4	1.171e3
1863.1	2.911e3
1864.1	3.655e3
1864.8	1.392e3
1865.5	4.401e3
1866.4	1.397e3
1867.2	4.354e3
1867.8	2.260e2
1868.3	3.928e3
1869.2	2.634e3
1870.1	4.396e3
1871.1	4.648e3
1872.0	3.256e3
1872.7	6.050e2
1873.4	3.262e3
1874.3	1.904e3
1875.3	3.584e3
1876.3	4.280e3
1877.2	4.454e3
1878.2	2.211e3
1879.2	3.673e3
1880.0	3.667e3
1881.0	2.569e3
1881.7	4.329e3
1882.4	1.218e3
1883.3	4.312e3
1884.1	2.307e3
1885.0	4.304e3
1885.9	2.627e3
1886.5	2.400e2
1887.2	3.993e3
1888.0	2.130e3
1888.5	2.860e2
1889.1	3.374e3
1889.6	1.300e1
1890.1	2.585e3
1890.8	1.184e3
1891.4	5.493e3
1892.0	1.670e2
1892.5	2.243e3
1893.3	1.482e3
1894.0	4.971e3
1894.6	3.820e2
1895.2	5.241e3
1896.2	2.807e3
1897.2	3.116e3
1897.9	1.500e3
1898.7	8.740e2
1899.4	3.878e3
1900.4	2.856e3
1901.2	2.651e3
1901.9	8.600e2
1902.7	2.051e3
1903.5	2.260e3
1904.1	2.600e1
1904.7	3.835e3
1905.2	6.200e1
1905.7	2.710e3
1906.5	1.521e3
1907.4	2.917e3
1908.0	3.250e2
1908.6	5.107e3
1909.2	2.980e2
1909.8	2.778e3
1910.8	3.877e3
1911.6	3.448e3
1912.6	4.082e3
1913.3	7.130e2
1914.0	4.237e3
1914.8	1.983e3
1915.7	4.127e3
1916.7	1.938e3
1917.5	4.441e3
1918.2	3.970e2
1918.8	3.197e3
1919.3	1.820e2
1919.8	2.178e3
1920.7	2.467e3
1921.7	1.396e3
1922.5	3.256e3
1923.4	2.083e3
1924.3	2.699e3
1925.2	3.740e3
1925.8	3.790e2
1926.4	3.147e3
1927.0	1.980e2
1927.6	4.235e3
1928.4	2.137e3
1929.1	4.822e3
1930.0	2.268e3
1930.9	4.144e3
1931.7	1.472e3
1932.6	3.589e3
1933.3	4.450e2
1933.9	2.537e3
1934.5	5.470e2
1935.2	2.491e3
1936.1	1.819e3
1937.1	2.860e3
1937.9	1.902e3
1938.8	3.988e3
1939.7	3.122e3
1940.6	2.770e3
1941.6	1.625e3
1942.5	2.519e3
1943.4	3.622e3
1944.4	3.394e3
1945.4	3.775e3
1946.1	1.338e3
1946.8	3.349e3
1947.4	5.330e2
1948.2	1.960e3
1949.2	2.436e3
1950.2	1.098e3
1951.0	1.216e3
1951.9	2.610e3
1952.5	3.100e2
1953.1	3.224e3
1953.9	2.080e3
1954.4	1.600e2
1955.0	2.501e3
1955.9	2.218e3
1956.7	1.858e3
1957.5	3.154e3
1958.4	2.952e3
1958.9	4.400e1
1959.5	3.094e3
1960.4	2.778e3
1961.4	3.036e3
1962.4	4.693e3
1963.0	6.890e2
1963.8	2.803e3
1964.3	3.400e1
1964.8	1.515e3
1965.7	1.921e3
1966.8	2.798e3
1967.8	4.496e3
1968.5	3.340e2
1969.2	3.256e3
1969.8	1.210e2
1970.3	3.625e3
1971.3	1.554e3
1972.3	1.778e3
1972.9	4.540e2
1973.5	3.125e3
1974.0	3.070e2
1974.7	2.931e3
1975.6	1.692e3
1976.5	2.480e3
1977.0	1.240e2
1977.6	2.594e3
1978.6	3.285e3
1979.3	3.470e2
1979.9	2.372e3
1980.7	9.020e2
1981.4	4.439e3
1982.4	4.687e3
1983.3	1.135e3
1984.1	2.981e3
1984.7	4.530e2
1985.2	2.678e3
1986.2	2.725e3
1986.9	2.960e2
1987.4	3.487e3
1988.5	3.723e3
1989.4	4.004e3
1990.0	5.760e2
1990.6	3.862e3
1991.2	2.340e2
1991.7	1.676e3
1992.7	9.050e2
1993.5	3.219e3
1994.1	2.380e2
1994.7	2.121e3
1995.5	2.876e3
1996.1	6.500e1
1996.6	3.464e3
1997.7	2.837e3
1998.7	1.911e3
1999.6	2.024e3
