100.2	3.130e2
101.0	6.973e4
101.5	2.800e1
102.0	1.402e4
103.0	1.431e4
103.5	4.600e1
104.0	1.016e3
105.0	2.434e3
105.9	2.580e2
107.0	3.580e2
108.1	9.934e3
109.0	1.466e3
110.1	6.320e2
111.1	3.144e3
112.2	7.030e2
113.0	1.510e5
114.0	2.994e3
114.9	5.004e3
115.5	8.200e1
116.1	2.740e3
117.0	6.665e4
118.0	1.042e4
119.0	4.436e3
120.0	1.637e3
120.6	1.040e2
121.1	1.079e3
122.0	6.680e2
123.2	1.360e2
124.0	1.041e3
125.1	1.464e3
125.9	4.710e2
127.0	8.230e2
128.0	5.930e2
129.1	2.287e3
130.0	8.736e3
130.9	2.343e3
131.5	3.200e1
132.1	6.460e2
133.0	8.838e3
133.6	3.400e1
134.1	9.720e2
135.0	4.773e3
135.5	5.000e0
136.0	1.580e3
137.0	2.736e3
138.1	2.303e3
139.1	1.140e3
140.1	3.990e2
140.6	7.000e0
141.1	9.530e2
142.0	6.420e2
143.1	1.322e3
144.1	1.157e3
145.0	1.151e4
146.0	1.192e4
147.0	1.646e4
148.0	1.362e3
149.0	2.148e3
149.6	1.500e1
150.1	8.610e2
151.1	1.214e3
152.1	4.599e3
153.1	3.179e3
154.0	6.370e2
155.1	2.825e3
156.0	2.313e3
157.1	1.120e3
158.1	3.463e3
158.6	5.400e1
159.1	2.038e3
160.1	9.620e2
161.0	1.969e3
161.6	5.900e1
162.1	1.135e3
163.1	2.424e3
164.0	1.540e3
165.0	3.400e3
166.0	6.180e2
167.0	3.410e2
168.1	6.360e2
169.1	1.769e3
170.1	6.370e2
171.1	1.017e3
172.1	8.440e2
173.1	1.589e3
174.1	2.682e3
175.0	4.418e4
175.5	6.400e1
176.1	3.103e3
177.0	4.407e3
178.1	6.810e2
179.0	4.154e3
180.1	1.839e3
181.1	2.237e4
182.0	1.649e3
183.0	2.212e3
184.0	9.890e2
184.5	4.400e1
185.0	3.936e3
185.6	5.500e1
186.1	1.969e3
187.1	2.792e3
188.0	1.992e3
189.1	1.215e3
190.0	1.350e3
191.0	1.053e4
192.1	1.757e3
193.0	3.869e3
194.0	1.081e3
195.0	6.206e3
195.9	8.165e3
197.0	3.670e3
197.9	1.079e4
198.4	9.500e1
199.0	1.911e3
199.9	4.300e3
200.6	1.360e2
201.1	2.304e3
202.0	8.830e2
203.0	1.128e3
204.0	9.460e2
205.1	1.203e3
206.0	1.687e3
207.1	2.318e3
208.0	8.609e3
209.0	1.964e3
210.1	1.411e3
211.1	2.729e3
211.6	7.400e1
212.2	2.809e4
213.2	5.507e3
214.1	2.906e3
215.1	1.083e3
216.0	6.170e2
217.1	2.222e3
218.1	1.546e3
218.6	2.700e1
219.1	2.453e3
220.1	3.572e3
221.1	4.500e3
222.0	8.780e2
222.5	4.000e1
223.1	2.406e3
224.0	9.120e2
225.0	1.746e3
226.0	1.242e3
227.1	2.185e3
228.1	9.740e2
229.1	1.103e3
230.1	2.166e3
231.1	2.843e3
232.0	2.147e3
233.1	2.923e3
234.1	1.472e3
234.6	1.100e1
235.2	1.008e3
236.0	1.710e4
236.6	4.300e1
237.1	1.394e3
238.1	2.642e3
239.1	3.591e3
240.0	1.438e4
241.0	4.815e3
241.6	4.600e1
242.1	4.293e3
243.1	1.345e4
244.1	4.861e3
245.1	1.498e3
246.0	1.408e3
247.1	1.996e3
248.0	1.690e3
248.6	4.600e1
249.1	5.804e4
250.1	4.430e3
251.1	2.076e3
252.1	7.680e2
253.0	1.487e3
253.6	1.800e1
254.2	5.410e2
254.7	1.000e1
255.2	2.112e3
256.1	6.720e2
256.6	9.000e0
257.1	1.569e3
258.1	1.817e3
259.2	2.734e3
260.0	1.579e3
260.6	1.700e1
261.1	1.496e3
261.9	2.480e3
262.5	6.100e1
263.0	2.717e3
264.0	1.288e3
264.5	3.200e1
265.1	1.607e3
266.0	1.583e3
266.6	4.000e0
267.1	1.574e3
268.1	8.680e2
269.0	2.743e3
270.0	1.156e3
270.5	1.400e1
271.0	1.511e3
272.0	9.160e2
273.2	1.644e3
274.0	9.620e2
274.5	5.700e1
275.0	4.775e3
276.0	9.360e2
277.1	2.091e3
278.1	1.666e3
278.6	1.700e1
279.1	2.455e3
280.0	1.667e3
280.6	6.400e1
281.1	1.709e3
282.1	2.717e3
282.6	2.000e1
283.1	1.316e3
284.0	1.649e3
285.1	2.582e3
286.1	1.786e3
287.1	1.742e3
288.1	7.955e3
289.1	3.618e3
290.0	5.306e3
290.5	1.000e2
291.1	2.452e3
292.0	3.472e3
293.1	2.922e3
294.1	1.060e3
295.1	2.144e3
296.0	1.037e3
296.7	5.000e0
297.2	2.171e3
298.2	1.682e3
299.2	1.160e3
300.1	1.150e3
301.1	2.625e3
302.0	1.046e3
303.1	1.438e3
304.0	8.090e2
305.1	6.104e3
306.0	1.675e3
307.1	5.471e3
308.1	3.028e3
309.0	2.856e3
309.9	2.771e3
310.5	7.000e1
311.1	1.019e4
311.6	3.400e1
312.1	4.751e3
313.1	2.419e3
314.0	1.380e3
315.1	2.279e3
316.2	1.168e3
317.1	7.777e4
318.0	4.891e3
318.5	1.970e2
319.1	3.939e3
320.1	1.193e3
321.1	3.660e3
322.1	1.781e3
322.6	6.300e1
323.2	3.878e3
324.1	2.403e3
324.7	1.180e2
325.2	5.313e3
326.1	1.488e3
327.0	5.206e3
327.9	4.650e2
328.6	6.470e3
329.4	3.460e3
330.1	2.196e3
331.0	3.415e3
332.0	1.723e3
332.6	8.300e1
333.2	3.985e3
334.1	3.789e3
335.1	1.966e3
336.0	2.254e3
336.5	2.200e1
337.1	4.664e3
338.1	1.637e3
338.7	1.550e2
339.3	4.952e3
340.1	3.740e3
341.1	2.917e3
342.0	1.457e3
343.0	6.125e3
343.5	8.900e1
344.0	1.783e3
345.1	2.468e3
346.0	2.487e3
347.1	3.706e3
348.0	1.319e3
348.6	8.000e1
349.1	3.277e3
350.0	1.803e3
351.0	3.522e3
352.0	1.052e3
352.5	2.000e1
353.0	4.752e3
353.9	1.123e3
354.5	1.940e2
355.1	2.756e3
356.1	1.286e4
357.1	4.896e3
358.0	2.399e3
359.0	2.124e3
360.0	2.411e3
361.0	1.840e3
361.5	3.000e1
362.1	1.155e3
363.1	2.820e3
364.0	1.774e3
364.6	4.000e0
365.2	1.031e3
366.0	4.146e3
366.5	6.200e1
367.1	1.043e3
368.0	1.832e3
368.6	6.500e1
369.1	1.074e4
370.0	2.248e3
371.0	1.508e3
372.0	2.681e3
372.6	4.000e0
373.1	2.757e3
374.0	1.514e3
374.6	1.380e2
375.2	5.759e3
376.1	3.380e3
376.7	9.400e1
377.3	4.107e3
378.2	2.137e3
379.1	1.157e4
380.0	3.199e3
381.0	2.429e3
382.0	1.939e3
382.6	8.600e1
383.2	1.878e3
384.0	1.206e3
384.6	1.630e2
385.1	4.839e4
386.1	4.575e3
386.6	1.060e2
387.2	3.213e3
388.0	7.820e2
389.0	1.643e3
389.9	9.180e2
390.5	1.070e2
391.2	2.027e3
392.0	2.448e3
392.6	1.000e1
393.2	3.125e3
394.0	1.701e3
395.0	4.885e3
396.0	1.919e3
397.0	6.901e3
398.0	3.396e3
398.5	4.300e1
399.1	4.457e3
400.0	1.896e3
400.5	2.300e1
401.2	5.067e3
402.1	4.067e3
402.8	7.230e2
403.4	4.621e3
404.2	1.489e3
405.0	2.953e3
406.0	1.596e3
406.7	3.940e2
407.3	2.772e3
408.2	1.896e3
409.1	2.957e3
409.9	1.823e3
410.4	2.600e1
411.0	4.444e3
411.5	7.000e0
412.1	1.840e3
412.6	4.600e1
413.1	2.327e3
414.1	2.112e3
415.0	2.113e3
416.0	1.070e3
417.1	3.385e3
418.1	1.977e3
418.8	3.260e2
419.4	4.197e3
420.2	5.300e2
421.0	3.059e3
421.9	2.032e3
422.5	1.940e2
423.2	3.224e3
424.1	9.496e3
425.0	4.556e3
426.1	1.953e3
427.1	3.463e3
428.1	2.818e3
428.6	3.500e1
429.1	3.319e3
430.0	1.417e3
430.6	4.000e0
431.1	2.124e3
431.6	2.400e1
432.1	1.795e3
433.0	1.052e3
433.7	3.105e3
434.4	7.010e2
435.2	2.098e3
436.1	2.045e3
437.0	1.344e3
437.7	4.108e3
438.7	2.468e3
439.3	4.020e2
439.9	1.949e3
441.1	3.509e3
442.0	1.716e3
443.1	4.248e3
444.0	3.696e3
445.0	2.988e3
445.6	2.400e1
446.1	1.949e3
447.1	8.077e3
448.1	3.200e3
448.6	7.000e0
449.2	1.781e3
449.7	1.550e2
450.2	1.803e3
451.1	3.264e3
452.1	1.567e3
453.1	5.018e4
454.0	5.506e3
454.6	9.000e0
455.2	2.572e3
456.1	1.591e3
457.1	4.137e3
458.0	1.667e3
459.0	3.966e3
459.9	3.638e3
460.5	2.340e2
461.1	2.264e3
462.0	2.083e3
462.6	1.910e2
463.2	3.638e3
463.9	1.268e3
464.6	2.771e3
465.4	2.335e4
466.4	1.017e4
467.3	4.670e3
468.1	1.914e3
469.1	2.681e3
470.0	3.430e3
471.0	2.531e3
471.6	1.260e2
472.1	1.279e3
473.1	3.284e3
473.9	1.344e3
474.5	2.470e2
475.2	2.426e3
476.1	3.397e3
477.1	2.585e3
478.0	1.600e3
479.0	6.188e3
480.0	2.507e3
480.5	2.100e1
481.0	2.264e3
481.5	2.520e2
482.1	2.788e3
482.7	7.900e1
483.2	4.040e3
484.0	1.429e3
484.6	6.900e1
485.2	4.310e3
486.1	2.506e3
486.7	1.480e2
487.2	2.394e3
488.0	4.810e2
488.5	1.250e2
489.1	3.446e3
490.0	1.822e3
490.5	7.400e1
491.0	2.529e3
491.8	1.496e4
492.6	6.998e3
493.5	2.838e3
494.3	1.741e3
495.1	3.758e3
496.0	3.160e3
497.0	1.790e3
498.0	2.125e3
498.5	8.800e1
499.1	2.585e3
500.0	1.744e3
500.5	3.500e1
501.1	2.254e3
502.1	2.654e3
503.1	2.029e3
504.0	1.755e3
504.6	2.150e2
505.2	3.095e3
506.0	2.619e3
507.0	2.450e3
507.5	1.700e1
508.0	2.910e3
508.5	1.230e2
509.1	4.230e3
510.0	2.166e3
510.6	7.800e1
511.1	4.825e3
512.0	2.516e3
512.5	1.900e2
513.1	3.433e3
513.9	1.845e3
514.6	4.500e1
515.1	7.486e3
516.1	1.928e3
517.1	2.202e3
517.7	3.400e2
518.3	1.583e3
519.2	2.741e3
520.1	1.269e3
521.1	4.525e4
522.1	5.704e3
522.6	2.450e2
523.1	3.556e3
523.8	6.780e2
524.4	4.290e3
525.2	1.284e3
526.0	2.674e3
526.6	2.630e2
527.2	2.978e3
528.0	2.167e3
529.0	2.646e3
529.9	1.694e3
530.6	1.670e2
531.1	4.106e3
532.1	1.957e3
532.9	7.400e2
533.5	6.414e3
534.4	3.066e3
535.2	2.689e3
536.1	1.992e3
536.7	5.100e1
537.2	3.726e3
538.0	3.381e3
538.5	5.900e1
539.1	2.006e3
540.2	2.531e3
541.0	1.605e3
541.9	2.697e3
543.0	2.122e3
544.0	3.091e3
544.5	2.250e2
545.1	2.188e3
546.1	2.013e3
547.0	5.734e3
547.9	2.094e3
549.0	2.561e3
550.0	2.465e3
550.5	6.400e1
551.0	3.122e3
552.1	1.709e3
552.6	2.400e1
553.1	2.794e3
554.1	2.688e3
554.8	8.280e2
555.5	2.005e3
556.3	5.450e2
557.0	2.607e3
558.0	1.716e3
558.6	1.600e1
559.1	2.026e3
559.6	1.650e2
560.1	1.013e4
560.7	1.460e2
561.2	2.951e3
562.1	1.346e3
563.0	4.353e3
564.0	2.691e3
565.0	2.955e3
565.7	3.930e2
566.3	1.626e3
567.3	2.215e3
568.0	4.690e2
568.8	1.545e3
569.4	6.400e1
569.9	2.215e3
570.5	1.780e2
571.2	2.150e3
572.1	1.729e3
573.0	2.517e3
573.9	2.086e3
574.9	1.986e3
575.4	7.500e1
576.0	1.799e3
576.5	8.800e1
577.1	2.582e3
578.1	1.718e3
579.0	4.051e3
580.0	2.117e3
580.6	4.480e2
581.2	2.437e3
582.1	1.716e3
583.1	5.756e3
583.9	2.326e3
584.4	4.700e1
585.0	1.855e3
585.6	1.470e2
586.2	2.596e3
587.2	2.608e3
588.1	1.526e3
589.1	3.807e4
590.0	5.753e3
591.0	3.490e3
591.9	1.446e3
592.8	2.273e3
593.4	5.820e2
593.9	2.378e3
594.5	1.020e2
595.1	2.866e3
596.1	3.162e3
596.8	8.990e2
597.4	2.852e3
598.2	1.318e3
599.0	3.520e3
599.8	1.558e3
600.6	1.499e3
601.4	5.276e3
602.2	1.641e3
603.2	3.381e3
603.9	1.084e3
605.1	3.070e3
605.6	1.220e2
606.1	3.193e3
607.2	2.790e3
608.0	1.043e3
608.9	2.237e3
609.9	1.830e3
610.5	2.190e2
611.1	1.820e3
612.0	2.951e3
612.5	7.000e0
613.0	1.982e3
613.6	2.030e2
614.2	1.547e3
615.1	3.901e3
616.1	1.957e3
617.0	2.561e3
617.7	1.310e2
618.2	1.709e3
619.1	1.476e3
620.1	1.919e3
621.1	2.405e3
622.0	2.198e3
623.0	2.445e3
623.5	1.250e2
624.1	1.362e3
625.2	2.223e3
626.1	1.030e3
627.0	2.075e3
627.5	2.520e2
628.1	1.156e4
629.1	4.564e3
630.1	2.506e3
631.1	4.473e3
631.7	4.650e2
632.3	2.356e3
633.1	2.990e2
633.7	2.417e3
634.2	5.100e1
634.7	1.841e3
635.6	1.612e3
636.4	3.670e2
637.1	2.300e3
638.0	1.926e3
638.7	2.650e2
639.3	2.319e3
640.2	1.331e3
641.1	2.426e3
641.7	6.180e2
642.4	1.963e3
643.3	1.968e3
644.1	1.425e3
645.0	2.697e3
645.6	7.200e1
646.1	1.529e3
646.6	5.000e0
647.2	4.344e3
647.9	1.414e3
648.6	2.269e3
649.5	3.915e3
650.2	8.980e2
651.0	4.826e3
652.0	2.335e3
652.6	1.890e2
653.2	2.169e3
654.1	1.963e3
655.1	2.738e3
656.1	2.659e3
657.1	2.903e4
658.1	6.170e3
658.6	5.600e1
659.1	4.633e3
660.0	2.038e3
661.0	2.374e3
662.0	1.572e3
662.9	9.870e2
663.7	2.358e3
664.4	4.040e2
665.1	2.508e3
666.0	2.981e3
666.6	1.340e2
667.2	3.862e3
668.2	1.888e3
668.7	5.270e2
669.3	5.090e3
670.1	2.400e3
671.0	3.334e3
671.5	1.960e2
672.0	2.145e3
673.1	5.006e3
674.0	3.422e3
674.6	2.100e2
675.1	2.234e3
676.0	2.512e3
676.5	2.200e1
677.0	2.654e3
678.1	2.602e3
679.1	2.581e3
680.1	2.923e3
680.7	2.900e2
681.2	3.098e3
682.1	1.408e3
683.1	4.535e3
683.9	2.032e3
684.9	2.828e3
685.4	2.220e2
685.9	3.324e3
686.6	4.590e2
687.3	3.258e3
688.2	1.745e3
689.1	3.602e3
690.0	2.597e3
691.0	2.286e3
691.6	5.110e2
692.2	2.217e3
692.7	1.300e1
693.3	2.800e3
694.2	1.241e3
695.1	2.456e3
696.1	7.840e3
697.1	4.143e3
698.0	2.120e3
698.9	6.403e3
699.7	1.440e3
700.5	2.750e3
701.1	7.520e2
701.8	1.922e3
702.5	5.290e2
703.2	2.764e3
704.0	1.345e3
704.9	3.051e3
705.9	3.267e3
706.8	1.169e3
707.6	2.735e3
708.2	3.380e2
708.8	2.206e3
709.6	4.047e3
710.3	5.060e2
711.1	3.148e3
712.0	1.931e3
713.0	3.161e3
713.5	2.830e2
714.1	2.176e3
715.1	5.952e3
716.1	2.978e3
717.0	2.895e3
717.6	1.030e2
718.1	2.872e3
718.7	2.060e2
719.2	4.711e3
720.2	3.377e3
720.9	6.370e2
721.6	3.152e3
722.2	2.120e2
722.8	2.603e3
723.5	7.650e2
724.2	2.040e3
725.1	2.283e4
726.0	4.378e3
726.7	2.260e2
727.3	4.132e3
728.2	2.518e3
729.2	3.292e3
730.1	1.890e3
731.0	2.486e3
731.8	3.599e3
732.7	1.859e3
733.6	3.189e3
734.3	8.820e2
735.0	3.825e3
735.7	2.550e2
736.3	2.629e3
736.8	3.370e2
737.4	3.875e3
738.2	1.533e3
739.1	3.519e3
739.6	2.000e1
740.1	2.163e3
741.1	3.913e3
742.1	4.129e3
742.9	2.321e3
743.9	2.490e3
744.8	4.798e3
745.8	3.702e3
746.3	2.400e1
746.8	2.233e3
747.4	2.090e2
747.9	2.457e3
748.9	2.427e3
749.5	2.300e2
750.1	1.801e3
751.1	4.615e3
752.1	2.239e3
752.8	1.026e3
753.5	2.516e3
754.2	1.338e3
755.0	3.304e3
755.9	2.339e3
756.9	3.065e3
757.5	4.700e1
758.0	2.197e3
758.5	9.600e1
759.1	2.589e3
759.9	1.598e3
760.7	3.941e3
761.3	2.300e1
761.8	2.274e3
762.3	6.000e1
762.9	3.465e3
763.5	6.310e2
764.1	7.157e3
765.0	2.947e3
766.0	2.697e3
767.0	4.577e3
767.7	7.150e2
768.4	2.481e3
769.1	1.148e3
770.0	2.388e3
771.0	2.598e3
771.7	7.210e2
772.5	1.592e3
773.1	1.780e2
773.7	2.194e3
774.4	1.098e3
775.1	2.113e3
776.0	1.063e3
776.9	3.242e3
777.4	7.300e1
777.9	2.355e3
778.5	4.170e2
779.1	2.839e3
780.1	2.428e3
780.6	4.800e1
781.1	2.552e3
782.1	2.545e3
783.1	3.597e3
783.6	5.100e1
784.1	2.420e3
784.7	3.240e2
785.3	3.712e3
786.2	2.030e3
787.0	3.657e3
787.9	2.157e3
788.8	2.615e3
789.4	6.030e2
790.1	1.516e3
790.9	1.803e3
791.7	2.962e3
792.4	5.720e2
793.1	1.814e4
794.0	3.721e3
795.0	2.490e3
796.0	2.179e3
796.9	3.430e3
797.8	2.155e3
798.5	9.520e2
799.2	3.965e3
800.2	2.295e3
801.1	1.806e3
802.0	3.187e3
802.5	2.000e1
803.0	3.405e3
804.0	2.258e3
804.9	2.710e3
805.7	3.696e3
806.6	2.602e3
807.1	4.300e1
807.7	2.635e3
808.4	8.480e2
809.2	2.790e3
809.9	1.204e3
810.7	3.589e3
811.7	1.319e3
812.7	2.939e3
813.6	2.804e3
814.3	6.920e2
815.0	2.244e3
816.0	2.276e3
816.6	4.970e2
817.3	3.732e3
818.2	1.333e3
819.1	3.905e3
820.0	2.216e3
821.0	2.997e3
821.6	1.110e2
822.1	2.841e3
823.1	2.433e3
824.0	3.676e3
825.0	2.482e3
826.0	3.251e3
826.6	1.007e3
827.4	3.410e3
828.1	2.346e3
829.1	3.422e3
829.9	1.987e3
830.9	2.038e3
831.5	3.040e2
832.1	6.128e3
832.6	6.600e1
833.1	3.339e3
834.1	2.383e3
835.1	4.243e3
836.0	2.914e3
837.0	1.991e3
838.0	1.631e3
839.0	2.763e3
839.6	3.000e1
840.1	2.174e3
840.7	1.500e2
841.3	2.709e3
841.9	1.490e2
842.4	2.343e3
843.3	2.904e3
843.9	2.760e2
844.7	3.024e3
845.4	6.810e2
846.1	1.580e3
847.0	2.476e3
848.0	2.029e3
849.0	3.022e3
849.5	7.000e1
850.1	2.757e3
850.8	7.360e2
851.4	4.241e3
852.4	1.688e3
852.9	2.100e1
853.5	2.592e3
854.3	1.996e3
855.1	1.220e3
855.7	2.524e3
856.8	2.737e3
857.4	2.910e2
858.1	3.181e3
859.1	2.507e3
859.7	1.740e2
860.2	1.854e3
861.1	1.294e4
861.6	1.900e2
862.2	5.072e3
863.1	2.670e3
863.8	8.160e2
864.5	2.376e3
865.1	4.650e2
865.7	2.485e3
866.5	1.301e3
867.3	2.474e3
868.0	4.550e2
868.6	2.651e3
869.5	1.412e3
870.3	2.402e3
871.3	3.571e3
872.2	1.952e3
873.2	3.485e3
873.9	1.540e3
874.7	3.795e3
875.4	6.990e2
876.0	1.983e3
876.6	5.490e2
877.2	2.847e3
878.2	2.244e3
878.7	8.800e1
879.2	3.243e3
880.2	2.237e3
881.1	3.209e3
881.9	1.826e3
882.5	1.170e2
883.0	3.092e3
883.6	1.290e2
884.1	2.755e3
884.6	3.500e1
885.1	2.570e3
886.1	1.364e3
887.1	4.313e3
888.0	2.202e3
888.9	1.487e3
889.7	3.182e3
890.2	1.940e2
890.7	3.388e3
891.4	5.370e2
892.1	2.419e3
892.6	1.370e2
893.2	2.752e3
894.1	3.025e3
894.7	4.170e2
895.3	4.477e3
896.1	2.320e3
897.0	2.106e3
897.9	1.725e3
898.8	2.794e3
899.5	3.570e2
900.2	5.401e3
900.8	4.760e2
901.4	2.647e3
902.2	1.216e3
903.0	3.179e3
904.0	2.191e3
905.0	1.996e3
906.0	1.797e3
907.0	2.821e3
907.6	3.260e2
908.2	3.248e3
909.1	1.389e3
909.8	3.227e3
910.6	8.350e2
911.3	2.599e3
912.1	1.260e3
913.0	3.548e3
913.9	1.525e3
914.7	3.398e3
915.2	1.860e2
915.8	2.663e3
916.3	1.610e2
916.9	3.020e3
917.6	3.000e2
918.1	2.878e3
918.7	5.480e2
919.3	3.349e3
920.1	1.730e3
921.0	2.322e3
921.8	5.800e2
922.4	3.278e3
923.2	2.232e3
924.0	3.487e3
924.9	2.616e3
925.7	1.113e3
926.4	3.115e3
927.3	1.469e3
928.0	2.711e3
928.6	3.060e2
929.2	1.171e4
930.2	4.611e3
931.0	2.223e3
931.6	4.400e1
932.1	3.498e3
933.1	2.784e3
934.0	1.652e3
934.8	2.754e3
935.8	3.246e3
936.7	1.398e3
937.5	2.989e3
938.3	8.970e2
939.1	3.231e3
939.8	4.900e2
940.4	3.142e3
941.3	2.145e3
942.1	3.247e3
942.8	9.810e2
943.4	2.648e3
944.2	1.776e3
945.0	3.194e3
945.6	9.500e1
946.1	3.221e3
947.1	2.237e3
947.9	1.322e3
948.5	1.530e2
949.0	4.434e3
949.7	1.720e2
950.2	2.444e3
951.1	1.517e3
951.6	1.000e1
952.1	4.275e3
952.7	4.700e1
953.2	2.231e3
954.2	2.411e3
955.1	5.064e3
956.0	3.023e3
956.9	3.645e3
957.5	1.434e3
958.2	3.733e3
959.0	1.743e3
959.9	2.775e3
960.8	3.318e3
961.4	1.600e1
962.0	3.685e3
962.6	4.500e2
963.2	4.015e3
963.9	1.007e3
964.6	3.148e3
965.3	5.980e2
966.0	2.626e3
966.6	3.310e2
967.2	2.507e3
968.1	3.707e3
968.6	1.160e2
969.2	3.804e3
969.9	1.210e3
970.5	1.698e3
971.3	4.080e3
972.2	1.771e3
973.2	2.591e3
974.2	2.909e3
975.2	1.414e3
976.1	3.149e3
976.7	2.870e2
977.3	3.132e3
978.3	1.932e3
979.1	3.525e3
979.9	1.154e3
980.8	3.703e3
981.4	8.630e2
982.0	2.680e3
983.0	3.068e3
983.6	2.400e2
984.2	2.615e3
985.0	1.723e3
985.8	3.541e3
986.5	1.350e3
987.2	3.297e3
988.0	1.669e3
989.0	2.689e3
989.9	1.856e3
990.9	2.995e3
991.6	1.063e3
992.3	3.263e3
993.1	1.522e3
993.9	3.867e3
994.7	1.613e3
995.6	2.899e3
996.3	1.351e3
997.1	9.329e3
998.1	3.565e3
998.6	2.900e1
999.2	2.589e3
1000.1	2.114e3
1000.7	1.010e2
1001.3	2.972e3
1001.8	7.500e1
1002.4	2.742e3
1003.0	1.650e2
1003.5	3.095e3
1004.4	2.758e3
1005.2	1.796e3
1005.9	2.445e3
1006.8	1.733e3
1007.6	2.815e3
1008.2	7.900e1
1008.8	2.388e3
1009.8	3.379e3
1010.3	4.570e2
1010.9	3.290e3
1011.7	1.182e3
1012.5	2.432e3
1013.4	3.462e3
1014.2	1.309e3
1015.1	2.836e3
1016.0	8.690e2
1016.8	3.999e3
1017.7	3.744e3
1018.7	1.794e3
1019.5	1.719e3
1020.4	2.841e3
1021.1	4.380e2
1021.6	3.764e3
1022.2	3.620e2
1022.8	3.872e3
1023.4	3.630e2
1023.9	2.234e3
1024.9	3.384e3
1025.6	7.210e2
1026.3	2.684e3
1026.8	1.590e2
1027.4	3.452e3
1028.2	1.852e3
1029.0	3.110e2
1029.6	2.967e3
1030.2	7.990e2
1031.0	4.134e3
1032.0	1.402e3
1032.9	1.585e3
1033.7	2.047e3
1034.6	2.840e3
1035.3	1.201e3
1036.0	3.606e3
1036.7	4.560e2
1037.3	2.347e3
1038.2	3.189e3
1038.8	2.920e2
1039.4	3.010e3
1040.0	1.660e2
1040.5	2.176e3
1041.2	8.570e2
1041.9	2.106e3
1042.8	1.777e3
1043.4	2.290e2
1044.1	3.707e3
1045.0	2.361e3
1045.6	2.700e2
1046.2	3.115e3
1046.9	8.850e2
1047.5	3.012e3
1048.5	2.032e3
1049.4	2.353e3
1050.0	1.124e3
1050.8	3.254e3
1051.3	1.360e2
1051.8	3.385e3
1052.6	1.265e3
1053.5	3.075e3
1054.5	3.107e3
1055.0	2.700e1
1055.5	2.358e3
1056.1	1.230e2
1056.6	3.030e3
1057.5	2.008e3
1058.4	1.976e3
1059.3	1.941e3
1059.8	2.800e2
1060.3	2.347e3
1061.3	2.450e3
1062.3	2.600e3
1063.0	9.770e2
1063.7	2.750e3
1064.4	7.620e2
1065.2	7.112e3
1066.0	3.381e3
1066.5	1.720e2
1067.1	2.895e3
1068.1	3.402e3
1069.0	1.648e3
1069.9	3.337e3
1070.5	5.310e2
1071.1	3.627e3
1072.0	2.041e3
1072.7	2.907e3
1073.7	2.257e3
1074.4	1.237e3
1075.2	3.458e3
1076.0	1.301e3
1076.6	4.740e2
1077.2	2.693e3
1078.2	2.665e3
1079.2	2.102e3
1080.1	2.334e3
1081.1	3.377e3
1082.1	2.579e3
1083.0	2.349e3
1083.8	9.780e2
1084.7	3.318e3
1085.5	1.569e3
1086.3	3.128e3
1087.3	1.783e3
1087.8	1.400e1
1088.3	2.185e3
1088.9	7.100e1
1089.5	3.179e3
1090.1	3.330e2
1090.9	3.750e3
1091.4	7.100e1
1091.9	3.354e3
1092.6	5.460e2
1093.2	3.380e3
1094.1	1.980e3
1094.8	3.553e3
1095.4	1.890e2
1095.9	1.795e3
1096.6	3.470e2
1097.4	3.217e3
1098.2	1.904e3
1099.1	4.248e3
1100.0	2.664e3
1100.9	2.897e3
1101.5	2.210e2
1102.0	2.225e3
1102.6	6.310e2
1103.2	1.950e3
1104.2	3.581e3
1105.2	3.777e3
1106.1	2.313e3
1107.2	3.892e3
1108.1	1.978e3
1109.0	2.728e3
1109.6	4.830e2
1110.2	3.134e3
1111.2	1.886e3
1112.2	2.295e3
1113.1	2.562e3
1114.1	3.131e3
1115.2	3.306e3
1116.1	2.065e3
1117.0	3.022e3
1117.9	1.634e3
1118.8	3.147e3
1119.6	8.950e2
1120.3	3.442e3
1121.2	2.288e3
1121.7	1.200e2
1122.2	2.552e3
1123.2	1.447e3
1124.1	3.219e3
1125.0	1.807e3
1125.8	2.553e3
1126.4	2.830e2
1127.0	1.828e3
1127.8	2.693e3
1128.3	1.700e1
1128.9	2.093e3
1129.4	1.070e2
1130.0	2.193e3
1130.9	2.451e3
1131.9	2.988e3
1132.5	4.100e2
1133.1	6.322e3
1133.6	5.300e1
1134.1	2.723e3
1134.9	6.620e2
1135.5	2.666e3
1136.0	2.600e2
1136.6	2.329e3
1137.2	3.670e2
1137.8	2.494e3
1138.7	3.626e3
1139.7	2.885e3
1140.4	6.300e2
1141.1	3.035e3
1142.0	2.202e3
1142.5	1.160e2
1143.1	2.618e3
1143.6	2.800e1
1144.1	2.581e3
1145.1	2.566e3
1146.1	2.489e3
1146.9	1.546e3
1147.8	2.647e3
1148.7	2.147e3
1149.5	1.370e3
1150.2	2.807e3
1151.3	1.738e3
1151.9	4.820e2
1152.7	3.211e3
1153.3	5.740e2
1154.0	2.853e3
1154.9	1.923e3
1155.9	2.043e3
1156.6	8.710e2
1157.3	2.430e3
1158.3	2.097e3
1159.1	4.255e3
1159.8	1.120e3
1160.6	2.693e3
1161.4	2.142e3
1162.3	2.543e3
1163.3	2.337e3
1164.2	2.819e3
1165.2	2.334e3
1165.9	1.192e3
1166.7	2.026e3
1167.3	3.980e2
1167.9	3.155e3
1168.5	1.400e2
1169.0	2.017e3
1169.7	9.550e2
1170.4	3.281e3
1171.3	2.149e3
1172.3	4.159e3
1173.0	2.730e2
1173.6	3.165e3
1174.4	7.770e2
1175.1	3.930e3
1175.6	1.610e2
1176.2	2.104e3
1176.9	1.107e3
1177.7	2.078e3
1178.3	5.470e2
1179.0	2.922e3
1180.0	2.402e3
1180.7	3.140e2
1181.3	2.952e3
1182.1	1.656e3
1182.9	2.572e3
1183.8	3.796e3
1184.8	1.682e3
1185.7	2.612e3
1186.3	6.320e2
1186.9	3.295e3
1187.4	4.900e1
1187.9	2.889e3
1188.8	3.764e3
1189.8	1.753e3
1190.8	2.487e3
1191.4	2.780e2
1192.1	2.571e3
1192.7	3.260e2
1193.3	3.204e3
1194.1	9.840e2
1194.9	2.528e3
1195.8	1.136e3
1196.6	2.740e3
1197.2	4.100e2
1197.7	2.514e3
1198.7	2.456e3
1199.5	3.347e3
1200.3	1.168e3
1201.2	5.031e3
1202.1	2.587e3
1203.0	2.407e3
1203.9	1.322e3
1204.8	2.688e3
1205.7	2.623e3
1206.6	6.310e2
1207.5	3.017e3
1208.3	2.740e3
1208.9	3.470e2
1209.6	2.974e3
1210.4	1.033e3
1211.1	3.073e3
1211.9	9.280e2
1212.7	2.450e3
1213.7	2.562e3
1214.6	3.387e3
1215.3	4.990e2
1215.9	2.110e3
1216.5	2.730e2
1217.1	2.842e3
1218.0	2.392e3
1218.9	1.570e3
1219.7	1.580e3
1220.7	3.176e3
1221.3	4.150e2
1221.9	2.974e3
1222.6	6.780e2
1223.3	2.589e3
1224.2	1.505e3
1225.1	2.273e3
1226.1	2.787e3
1226.6	3.560e2
1227.2	3.271e3
1228.0	1.243e3
1228.8	2.659e3
1229.4	3.710e2
1230.1	2.476e3
1231.1	2.917e3
1232.0	2.254e3
1232.5	3.400e1
1233.0	3.229e3
1233.6	1.920e2
1234.2	2.655e3
1234.8	5.440e2
1235.4	3.509e3
1236.2	9.480e2
1237.0	2.772e3
1237.7	4.070e2
1238.3	2.567e3
1239.2	1.607e3
1240.0	2.301e3
1240.8	2.278e3
1241.4	4.490e2
1242.0	1.627e3
1243.0	2.999e3
1243.6	1.640e2
1244.1	2.246e3
1244.6	4.400e1
1245.2	2.150e3
1246.2	1.944e3
1247.0	1.187e3
1247.7	1.543e3
1248.5	2.903e3
1249.4	1.659e3
1249.9	4.500e1
1250.5	1.401e3
1251.4	2.828e3
1252.0	3.910e2
1252.6	2.604e3
1253.5	1.608e3
1254.4	2.989e3
1255.1	6.990e2
1255.8	2.441e3
1256.7	2.872e3
1257.5	1.164e3
1258.2	2.343e3
1259.2	2.408e3
1259.8	3.920e2
1260.3	2.684e3
1261.3	3.096e3
1262.2	1.418e3
1262.8	3.080e2
1263.4	2.252e3
1264.3	1.935e3
1265.3	2.291e3
1265.8	2.270e2
1266.4	2.514e3
1267.3	3.058e3
1268.2	1.364e3
1269.2	4.235e3
1270.1	2.468e3
1271.0	1.326e3
1271.8	3.651e3
1272.4	9.600e1
1273.0	2.289e3
1273.5	9.000e0
1274.0	2.351e3
1275.0	1.978e3
1275.9	2.669e3
1276.7	8.290e2
1277.4	1.710e3
1278.0	2.730e2
1278.6	2.640e3
1279.5	1.899e3
1280.1	6.490e2
1280.7	1.838e3
1281.3	7.400e1
1281.8	2.950e3
1282.6	1.608e3
1283.5	2.557e3
1284.1	7.570e2
1284.8	2.956e3
1285.6	2.426e3
1286.5	2.770e2
1287.3	1.820e3
1288.2	2.496e3
1288.8	2.270e2
1289.3	2.403e3
1290.3	2.526e3
1291.2	1.221e3
1292.0	2.162e3
1292.8	1.291e3
1293.5	2.476e3
1294.3	9.670e2
1295.1	2.735e3
1296.1	2.471e3
1296.6	9.100e1
1297.2	2.164e3
1298.2	2.436e3
1299.1	3.039e3
1300.0	2.583e3
1300.8	1.010e3
1301.5	2.981e3
1302.2	1.051e3
1303.0	2.339e3
1303.7	9.360e2
1304.5	2.399e3
1305.3	1.095e3
1306.1	1.971e3
1306.8	8.590e2
1307.4	2.133e3
1308.2	1.688e3
1309.0	2.370e3
1309.8	1.588e3
1310.5	1.465e3
1311.2	2.439e3
1311.9	5.510e2
1312.5	2.703e3
1313.2	2.960e2
1313.8	2.429e3
1314.6	1.399e3
1315.5	2.445e3
1316.2	3.270e2
1316.8	1.813e3
1317.8	2.952e3
1318.5	1.095e3
1319.2	2.017e3
1319.9	5.190e2
1320.5	2.285e3
1321.3	2.980e2
1322.0	2.126e3
1322.8	3.469e3
1323.8	3.075e3
1324.6	1.233e3
1325.3	2.023e3
1325.9	1.760e2
1326.5	1.918e3
1327.3	1.244e3
1328.1	2.705e3
1329.0	9.070e2
1329.8	2.071e3
1330.6	9.480e2
1331.4	2.371e3
1332.0	8.800e1
1332.5	3.088e3
1333.6	2.842e3
1334.5	1.781e3
1335.5	2.985e3
1336.3	1.355e3
1337.3	3.836e3
1338.3	2.873e3
1339.0	1.051e3
1339.6	2.730e3
1340.2	7.900e1
1340.7	2.710e3
1341.7	2.704e3
1342.7	1.165e3
1343.5	1.775e3
1344.4	3.137e3
1345.4	2.529e3
1345.9	2.400e1
1346.6	2.411e3
1347.1	6.900e1
1347.6	2.404e3
1348.6	2.144e3
1349.6	2.359e3
1350.1	1.100e1
1350.7	2.789e3
1351.5	2.185e3
1352.1	5.000e0
1352.6	2.386e3
1353.4	1.247e3
1354.2	2.228e3
1354.9	1.013e3
1355.5	2.823e3
1356.1	1.360e2
1356.7	2.480e3
1357.6	1.001e3
1358.3	2.407e3
1359.3	1.845e3
1359.9	7.370e2
1360.5	2.145e3
1361.5	2.466e3
1362.2	5.560e2
1362.9	2.400e3
1363.9	2.893e3
1364.9	1.842e3
1365.4	8.600e1
1365.9	2.858e3
1366.9	2.623e3
1367.5	3.390e2
1368.2	2.831e3
1368.9	7.200e2
1369.7	2.406e3
1370.7	2.662e3
1371.2	2.190e2
1371.7	2.626e3
1372.4	7.090e2
1373.1	1.742e3
1374.0	1.687e3
1374.9	2.455e3
1375.6	4.140e2
1376.3	2.202e3
1377.0	1.172e3
1377.8	3.505e3
1378.8	2.320e3
1379.8	2.922e3
1380.4	4.520e2
1381.0	2.021e3
1381.9	1.614e3
1382.8	2.664e3
1383.5	6.350e2
1384.2	2.193e3
1385.2	1.907e3
1386.2	1.585e3
1386.7	3.120e2
1387.3	3.160e3
1388.3	1.720e3
1388.8	6.900e1
1389.3	2.259e3
1390.2	1.635e3
1391.1	2.151e3
1392.0	1.494e3
1392.8	2.957e3
1393.3	1.300e2
1393.9	1.716e3
1394.7	5.050e2
1395.3	2.955e3
1395.9	2.200e2
1396.5	1.569e3
1397.4	2.680e3
1398.1	5.260e2
1398.8	2.133e3
1399.4	3.400e1
1399.9	1.917e3
1400.9	3.435e3
1401.7	8.160e2
1402.4	2.011e3
1403.3	1.223e3
1404.1	6.000e2
1404.8	3.444e3
1405.5	9.590e2
1406.2	2.468e3
1406.9	9.270e2
1407.7	1.279e3
1408.6	2.000e3
1409.2	2.580e2
1409.8	3.115e3
1410.7	1.792e3
1411.5	2.523e3
1412.4	6.800e2
1413.1	2.285e3
1414.0	1.849e3
1414.8	2.808e3
1415.6	9.930e2
1416.3	1.852e3
1416.8	1.470e2
1417.4	2.918e3
1418.0	3.250e2
1418.6	2.361e3
1419.4	9.670e2
1420.2	2.197e3
1420.9	6.910e2
1421.7	2.434e3
1422.2	1.710e2
1422.8	2.359e3
1423.5	1.230e3
1424.2	2.515e3
1425.1	1.356e3
1426.1	1.564e3
1426.8	2.587e3
1427.8	2.015e3
1428.4	9.200e1
1429.0	1.525e3
1429.9	1.951e3
1430.8	2.599e3
1431.5	4.900e2
1432.1	2.212e3
1432.8	7.600e2
1433.5	2.492e3
1434.1	4.130e2
1434.7	2.934e3
1435.7	1.571e3
1436.3	4.150e2
1437.0	2.469e3
1437.7	9.530e2
1438.5	2.521e3
1439.1	3.970e2
1439.8	2.417e3
1440.3	1.390e2
1440.9	3.234e3
1441.9	2.129e3
1442.6	1.080e3
1443.3	1.197e3
1444.1	2.554e3
1445.0	1.643e3
1446.0	2.487e3
1446.7	8.650e2
1447.4	3.615e3
1448.1	9.670e2
1448.8	2.788e3
1449.6	8.190e2
1450.4	2.419e3
1451.2	9.890e2
1451.9	2.659e3
1452.7	4.960e2
1453.3	3.593e3
1454.3	2.534e3
1454.9	2.180e2
1455.5	1.748e3
1456.4	2.557e3
1457.3	1.148e3
1458.2	2.435e3
1458.8	2.900e2
1459.4	2.214e3
1460.0	1.860e2
1460.7	2.790e3
1461.5	2.251e3
1462.3	8.610e2
1463.0	2.362e3
1463.6	2.440e2
1464.2	1.548e3
1465.1	2.366e3
1465.8	5.240e2
1466.4	2.872e3
1467.3	1.810e3
1468.4	2.168e3
1469.3	2.386e3
1470.2	1.708e3
1471.2	1.777e3
1471.8	6.700e1
1472.3	2.519e3
1472.9	3.940e2
1473.4	2.954e3
1474.2	1.241e3
1474.9	2.646e3
1475.8	1.838e3
1476.4	1.500e2
1477.0	3.044e3
1477.7	1.810e2
1478.3	2.329e3
1479.0	2.370e2
1479.6	2.882e3
1480.1	1.400e1
1480.6	2.170e3
1481.3	1.036e3
1482.0	3.630e2
1482.7	2.318e3
1483.8	1.939e3
1484.3	1.910e2
1484.9	2.027e3
1485.7	1.011e3
1486.4	2.899e3
1487.2	1.538e3
1488.1	2.211e3
1488.8	1.006e3
1489.6	2.023e3
1490.6	1.529e3
1491.2	2.220e2
1491.8	2.971e3
1492.6	9.080e2
1493.4	2.052e3
1494.2	1.285e3
1495.0	2.544e3
1495.7	2.160e2
1496.3	1.769e3
1497.3	2.058e3
1498.0	1.344e3
1498.6	6.700e1
1499.2	2.303e3
1499.9	3.260e2
1500.6	2.468e3
1501.5	2.315e3
1502.2	3.015e3
1502.9	4.990e2
1503.6	2.887e3
1504.2	4.400e1
1504.7	2.085e3
1505.2	1.200e2
1505.8	2.074e3
1506.3	9.600e1
1506.8	3.045e3
1507.5	4.590e2
1508.2	2.020e3
1509.3	1.357e3
1510.3	1.775e3
1511.2	2.135e3
1512.2	2.873e3
1513.0	1.178e3
1514.0	1.495e3
1514.7	7.260e2
1515.4	2.162e3
1516.3	9.040e2
1517.1	2.008e3
1517.7	1.250e2
1518.2	2.001e3
1518.9	3.960e2
1519.6	2.954e3
1520.2	6.920e2
1520.9	2.254e3
1521.8	1.562e3
1522.7	2.706e3
1523.2	3.100e1
1523.8	2.387e3
1524.7	2.756e3
1525.5	1.676e3
1526.1	3.930e2
1526.7	2.876e3
1527.5	6.980e2
1528.5	1.174e3
1529.4	2.127e3
1530.2	1.629e3
1531.1	1.674e3
1532.1	2.025e3
1533.1	2.095e3
1533.7	3.220e2
1534.3	1.773e3
1535.1	3.260e2
1535.7	3.800e3
1536.2	2.660e2
1536.8	1.766e3
1537.8	1.635e3
1538.3	1.300e1
1538.8	2.249e3
1539.9	2.259e3
1540.8	9.160e2
1541.6	2.930e3
1542.5	1.925e3
1543.2	9.860e2
1544.1	2.653e3
1545.1	2.257e3
1545.9	9.000e2
1546.8	2.179e3
1547.7	2.001e3
1548.8	1.411e3
1549.7	1.624e3
1550.4	7.330e2
1551.2	2.321e3
1551.8	6.750e2
1552.4	1.647e3
1553.2	2.144e3
1554.0	9.480e2
1554.9	2.666e3
1555.9	2.290e3
1556.5	4.020e2
1557.1	2.628e3
1558.0	1.570e3
1558.6	2.490e2
1559.2	1.274e3
1560.0	1.494e3
1561.0	2.467e3
1562.0	1.430e3
1562.9	2.339e3
1563.5	2.050e2
1564.1	2.431e3
1564.9	1.043e3
1565.7	2.329e3
1566.3	6.000e1
1566.9	2.396e3
1567.6	2.770e2
1568.3	2.391e3
1569.2	1.377e3
1570.1	2.046e3
1571.1	1.844e3
1571.6	1.140e2
1572.1	1.847e3
1573.1	1.476e3
1574.0	2.448e3
1574.7	1.100e2
1575.3	1.635e3
1576.4	1.422e3
1577.0	2.850e2
1577.6	3.034e3
1578.3	3.760e2
1579.0	1.842e3
1579.6	6.300e1
1580.2	2.328e3
1580.8	3.800e2
1581.4	1.251e3
1582.3	1.819e3
1583.5	1.756e3
1584.3	1.232e3
1585.0	4.720e2
1585.7	2.123e3
1586.3	1.750e2
1586.8	1.904e3
1587.9	1.892e3
1588.5	2.830e2
1589.3	2.376e3
1590.3	1.571e3
1591.0	8.080e2
1591.7	1.750e3
1592.3	2.350e2
1592.9	1.518e3
1593.9	2.529e3
1594.6	6.120e2
1595.3	2.496e3
1596.2	1.470e3
1597.1	1.959e3
1598.0	1.727e3
1598.9	1.565e3
1599.9	2.008e3
1600.5	7.090e2
1601.3	1.694e3
1601.9	2.020e2
1602.5	1.628e3
1603.2	4.870e2
1604.0	2.018e3
1604.7	4.880e2
1605.4	1.537e3
1606.5	1.498e3
1607.5	2.036e3
1608.2	5.410e2
1609.1	2.503e3
1609.6	1.040e2
1610.1	1.911e3
1611.1	8.940e2
1611.6	4.800e1
1612.2	1.426e3
1613.0	2.250e2
1613.6	1.892e3
1614.3	7.800e2
1615.1	1.868e3
1615.7	1.100e2
1616.3	1.449e3
1617.2	2.239e3
1618.0	3.780e2
1618.6	1.720e3
1619.2	1.650e2
1619.9	1.872e3
1620.5	1.500e2
1621.0	1.717e3
1622.1	1.798e3
1623.1	1.403e3
1624.0	2.183e3
1624.9	1.245e3
1625.7	1.657e3
1626.2	2.800e1
1626.7	2.787e3
1627.6	1.069e3
1628.4	2.497e3
1629.3	2.196e3
1630.0	9.830e2
1630.6	9.700e1
1631.2	2.311e3
1632.1	7.450e2
1632.9	2.031e3
1633.7	1.169e3
1634.3	3.230e2
1635.1	2.479e3
1635.8	1.250e2
1636.4	9.220e2
1637.2	2.826e3
1638.0	5.540e2
1638.7	2.046e3
1639.5	3.380e2
1640.1	1.943e3
1640.8	6.890e2
1641.5	2.667e3
1642.1	4.280e2
1642.8	1.451e3
1643.6	1.024e3
1644.4	1.116e3
1645.3	2.704e3
1645.8	6.500e1
1646.3	1.890e3
1647.0	2.760e2
1647.5	1.451e3
1648.2	1.910e2
1648.8	1.701e3
1649.4	6.800e1
1649.9	2.111e3
1650.8	6.050e2
1651.6	1.167e3
1652.5	1.496e3
1653.5	1.883e3
1654.4	1.395e3
1655.2	2.036e3
1655.8	1.110e2
1656.5	1.888e3
1657.4	1.867e3
1658.1	2.400e2
1658.6	1.717e3
1659.4	4.640e2
1660.2	1.452e3
1661.1	2.060e3
1661.9	6.680e2
1662.6	1.585e3
1663.7	1.473e3
1664.4	7.350e2
1665.2	1.826e3
1666.0	1.039e3
1667.1	1.841e3
1667.8	5.610e2
1668.5	1.374e3
1669.4	1.917e3
1670.3	1.348e3
1671.2	1.229e3
1672.2	2.103e3
1673.1	7.560e2
1673.7	2.570e2
1674.3	1.223e3
1675.1	1.256e3
1675.9	1.977e3
1676.9	1.505e3
1677.7	1.800e3
1678.2	3.300e1
1678.7	1.463e3
1679.7	1.909e3
1680.5	1.108e3
1681.2	7.880e2
1682.2	2.113e3
1683.1	1.424e3
1683.8	5.390e2
1684.4	1.276e3
1685.3	1.229e3
1685.9	2.340e2
1686.6	1.812e3
1687.5	2.270e3
1688.3	8.090e2
1689.2	1.701e3
1690.1	1.175e3
1691.0	2.293e3
1691.9	1.361e3
1692.6	3.920e2
1693.2	2.130e3
1693.9	8.300e1
1694.4	1.297e3
1695.4	1.972e3
1696.0	1.460e2
1696.6	1.284e3
1697.6	2.133e3
1698.2	1.860e2
1698.8	1.783e3
1699.7	1.731e3
1700.6	1.878e3
1701.6	1.501e3
1702.3	5.880e2
1702.8	9.000e0
1703.3	8.980e2
1704.2	1.667e3
1705.0	1.285e3
1705.9	7.200e2
1706.6	1.095e3
1707.4	1.865e3
1708.2	1.040e2
1708.8	2.097e3
1709.9	1.198e3
1710.8	1.857e3
1711.8	1.931e3
1712.3	2.200e1
1712.8	1.820e3
1713.5	4.420e2
1714.1	1.452e3
1715.0	1.410e3
1715.7	1.460e2
1716.3	1.729e3
1717.2	1.730e3
1718.2	1.528e3
1719.0	1.402e3
1719.7	2.650e2
1720.5	7.330e2
1721.2	2.566e3
1721.8	1.090e2
1722.4	1.584e3
1723.4	1.892e3
1724.1	6.320e2
1724.8	8.980e2
1725.8	2.083e3
1726.8	9.980e2
1727.6	2.089e3
1728.3	1.105e3
1729.2	1.801e3
1730.2	1.534e3
1731.1	8.320e2
1731.7	2.490e2
1732.3	1.341e3
1732.9	9.600e1
1733.5	1.473e3
1734.1	6.600e1
1734.7	1.460e3
1735.6	1.648e3
1736.6	1.403e3
1737.4	7.860e2
1738.3	1.319e3
1739.2	2.524e3
1739.8	3.000e1
1740.4	1.788e3
1741.1	7.320e2
1741.9	2.118e3
1742.7	1.860e2
1743.5	1.603e3
1744.3	9.170e2
1745.1	1.895e3
1746.0	7.760e2
1746.8	1.124e3
1747.7	7.440e2
1748.2	4.000e0
1748.8	8.300e2
1749.5	1.739e3
1750.1	6.000e1
1750.8	1.353e3
1751.5	6.450e2
1752.3	2.015e3
1753.1	8.440e2
1753.8	1.778e3
1754.8	1.854e3
1755.5	3.050e2
1756.2	1.676e3
1757.0	4.820e2
1757.8	2.038e3
1758.8	1.040e3
1759.4	1.330e2
1759.9	1.491e3
1760.4	6.600e1
1760.9	1.376e3
1761.4	1.900e1
1761.9	1.838e3
1762.6	7.700e2
1763.4	1.900e3
1764.0	1.310e2
1764.5	1.593e3
1765.0	2.900e1
1765.5	1.392e3
1766.5	1.320e3
1767.4	9.120e2
1768.4	1.196e3
1769.2	1.071e3
1770.1	1.674e3
1770.7	3.720e2
1771.4	2.093e3
1772.4	1.441e3
1773.3	8.090e2
1774.0	3.800e2
1774.7	2.317e3
1775.8	1.763e3
1776.8	1.081e3
1777.7	1.402e3
1778.5	8.630e2
1779.3	1.978e3
1779.9	2.910e2
1780.5	1.725e3
1781.4	7.690e2
1782.3	1.627e3
1782.9	1.360e2
1783.4	1.886e3
1784.2	7.770e2
1785.1	1.779e3
1786.0	9.590e2
1786.9	1.022e3
1787.6	6.300e2
1788.4	1.858e3
1789.0	1.700e1
1789.5	1.695e3
1790.0	1.230e2
1790.6	1.842e3
1791.2	2.800e2
1791.9	1.330e3
1792.8	1.890e3
1793.6	4.730e2
1794.3	1.673e3
1795.1	5.710e2
1795.7	8.600e1
1796.3	1.508e3
1797.2	2.159e3
1798.2	1.723e3
1798.8	3.550e2
1799.4	1.353e3
1800.0	1.700e2
1800.6	1.064e3
1801.5	1.868e3
1802.4	8.840e2
1803.4	2.174e3
1804.4	1.347e3
1805.3	4.650e2
1806.1	1.842e3
1806.7	2.550e2
1807.4	1.393e3
1808.1	6.500e1
1808.6	1.616e3
1809.2	4.700e1
1809.7	1.306e3
1810.7	1.209e3
1811.3	8.300e1
1811.9	1.592e3
1812.8	1.976e3
1814.0	1.076e3
1815.0	2.730e3
1816.0	5.870e2
1816.9	1.563e3
1817.5	6.300e1
1818.0	1.184e3
1818.8	2.473e3
1819.6	1.286e3
1820.7	1.540e3
1821.8	7.320e2
1822.7	4.070e2
1823.6	1.199e3
1824.3	2.080e2
1825.0	1.169e3
1825.7	6.720e2
1826.4	7.700e2
1827.1	1.540e2
1827.7	1.249e3
1828.3	3.080e2
1829.0	1.487e3
1829.6	6.700e1
1830.1	2.480e2
1830.7	1.802e3
1831.3	3.600e1
1831.9	1.165e3
1832.9	2.341e3
1833.7	1.222e3
1834.3	6.100e1
1834.8	1.270e3
1835.7	5.770e2
1836.4	1.680e2
1837.0	2.007e3
1837.9	6.300e2
1838.7	1.307e3
1839.3	4.640e2
1840.1	8.490e2
1841.0	4.130e2
1841.6	1.138e3
1842.5	1.360e3
1843.4	2.166e3
1844.3	1.883e3
1845.0	4.890e2
1845.9	1.384e3
1846.5	3.820e2
1847.1	1.032e3
1847.8	1.700e2
1848.4	1.578e3
1848.9	9.900e1
1849.5	1.218e3
1850.4	1.116e3
1851.0	1.110e2
1851.6	1.465e3
1852.3	3.120e2
1852.9	1.665e3
1853.7	8.750e2
1854.5	1.042e3
1855.2	3.550e2
1856.0	6.750e2
1856.9	1.207e3
1857.5	2.300e1
1858.0	1.003e3
1858.6	9.000e1
1859.1	1.479e3
1859.6	9.600e1
1860.2	9.110e2
1861.1	1.688e3
1861.8	6.200e2
1862.5	2.287e3
1863.1	2.420e2
1863.7	1.804e3
1864.5	7.670e2
1865.3	1.328e3
1866.3	1.449e3
1867.3	1.149e3
1868.3	1.442e3
1869.0	3.780e2
1869.6	9.490e2
1870.3	1.091e3
1871.0	3.400e1
1871.6	1.079e3
1872.7	1.220e3
1873.6	1.000e3
1874.3	9.040e2
1875.0	5.660e2
1875.8	9.440e2
1876.7	7.030e2
1877.7	4.680e2
1878.5	1.209e3
1879.2	3.780e2
1879.9	1.342e3
1880.6	1.820e2
1881.2	8.520e2
1882.2	1.510e3
1882.9	6.700e2
1883.8	1.396e3
1884.6	5.930e2
1885.2	7.600e1
1885.7	1.534e3
1886.4	1.470e2
1887.1	1.407e3
1887.7	2.510e2
1888.3	1.145e3
1889.3	1.167e3
1890.3	1.005e3
1891.0	2.800e2
1891.6	1.653e3
1892.5	1.044e3
1893.1	1.650e2
1893.7	1.064e3
1894.7	1.367e3
1895.3	4.280e2
1896.0	1.204e3
1896.8	7.140e2
1897.4	1.930e2
1898.0	1.371e3
1898.8	5.310e2
1899.5	1.344e3
1900.3	4.850e2
1901.0	1.400e2
1901.6	1.056e3
1902.5	1.199e3
1903.6	1.350e3
1904.4	7.850e2
1905.0	9.000e0
1905.5	1.691e3
1906.1	9.000e1
1906.6	1.623e3
1907.2	2.010e2
1907.8	1.418e3
1908.5	3.740e2
1909.2	1.251e3
1910.2	5.670e2
1911.2	2.145e3
1912.1	5.650e2
1912.9	2.104e3
1913.8	8.360e2
1914.4	7.400e1
1915.0	1.496e3
1915.9	1.365e3
1916.6	4.920e2
1917.3	1.443e3
1917.8	8.000e1
1918.4	1.226e3
1918.9	2.700e1
1919.5	5.140e2
1920.3	1.057e3
1921.4	1.187e3
1922.2	4.330e2
1922.9	1.033e3
1924.1	1.653e3
1924.6	7.000e0
1925.1	1.003e3
1925.7	4.500e1
1926.2	1.563e3
1926.8	8.500e1
1927.3	5.500e2
1928.2	1.462e3
1929.1	1.320e3
1930.1	5.700e2
1930.9	1.266e3
1931.7	3.820e2
1932.5	1.571e3
1933.2	4.380e2
1934.2	1.788e3
1935.0	9.610e2
1935.8	2.358e3
1936.6	4.790e2
1937.3	7.930e2
1938.3	4.940e2
1939.1	1.490e3
1939.8	7.930e2
1940.6	7.040e2
1941.3	1.435e3
1942.3	6.890e2
1943.2	1.273e3
1944.0	4.010e2
1944.8	1.174e3
1945.6	6.980e2
1946.3	1.551e3
1947.0	4.780e2
1947.7	1.076e3
1948.4	7.050e2
1949.3	1.103e3
1950.1	1.104e3
1951.0	1.551e3
1952.1	6.360e2
1952.9	1.038e3
1953.5	4.800e2
1954.1	9.330e2
1954.8	3.910e2
1955.4	1.202e3
1956.4	1.163e3
1957.3	2.780e2
1957.9	1.878e3
1958.7	5.890e2
1959.6	1.221e3
1960.6	9.870e2
1961.3	2.810e2
1962.0	7.730e2
1962.8	5.060e2
1963.5	1.818e3
1964.5	6.170e2
1965.4	2.510e2
1966.2	2.032e3
1967.0	7.880e2
1967.9	1.310e3
1968.7	1.579e3
1969.6	1.030e3
1970.3	1.920e2
1970.9	1.035e3
1971.8	2.567e3
1972.8	1.275e3
1973.3	3.100e1
1974.1	1.473e3
1975.1	1.541e3
1976.1	1.089e3
1976.8	4.180e2
1977.7	6.880e2
1978.4	1.367e3
1979.3	6.110e2
1980.1	4.760e2
1980.8	1.142e3
1981.7	1.012e3
1982.6	1.660e3
1983.5	1.006e3
1984.6	9.380e2
1985.4	1.273e3
1986.4	1.050e2
1987.0	1.595e3
1987.5	5.100e1
1988.1	7.340e2
1989.0	1.484e3
1989.6	2.480e2
1990.2	9.820e2
1991.0	4.180e2
1991.6	2.790e2
1992.4	1.484e3
1993.3	1.476e3
1994.2	5.040e2
1994.9	1.510e3
1996.2	8.100e2
1997.0	4.190e2
1997.7	1.189e3
1998.4	8.580e2
1999.2	1.079e3
1999.8	1.540e2
