100.4	1.035e5
101.0	6.946e5
101.6	5.000e2
102.1	2.373e6
103.0	1.537e5
103.6	4.906e3
104.1	4.791e5
105.1	7.006e5
105.6	1.327e3
106.1	1.243e5
107.0	1.361e5
107.9	2.307e5
108.6	5.323e5
109.3	1.039e5
110.0	2.676e6
110.6	1.650e2
111.1	5.383e6
112.1	1.854e6
113.1	4.650e5
113.6	2.381e3
114.1	4.863e5
115.1	2.499e5
115.6	1.260e2
116.1	1.780e5
117.1	9.796e4
118.1	4.070e5
119.1	1.910e5
120.1	5.733e5
121.1	1.752e5
121.6	8.740e2
122.2	1.444e6
123.1	3.922e5
123.6	2.252e3
124.2	1.223e5
125.1	8.835e4
126.0	2.262e5
126.6	1.011e3
127.1	1.202e5
128.1	7.522e4
129.1	1.650e5
129.6	1.294e3
130.1	2.693e5
131.1	5.000e5
132.0	6.336e5
132.6	1.869e4
133.1	4.532e5
134.1	1.031e5
134.6	1.515e3
135.1	6.382e4
136.1	3.536e5
136.6	6.400e2
137.1	1.082e5
137.6	1.248e3
138.2	1.253e6
139.2	4.791e5
140.1	2.164e5
141.1	1.652e5
142.1	2.925e5
142.6	2.020e2
143.1	8.795e4
144.1	1.419e5
145.1	6.406e5
146.1	9.752e4
146.6	7.940e2
147.1	4.002e5
147.6	8.770e2
148.1	1.287e5
149.1	1.991e5
149.7	4.360e2
150.2	2.598e5
151.2	9.033e4
152.2	8.732e4
153.1	5.311e4
154.1	8.113e4
154.6	8.980e2
155.1	2.082e5
155.7	2.790e2
156.2	9.670e4
157.1	2.017e5
158.1	3.957e5
159.1	1.104e6
159.6	4.380e2
160.1	1.846e5
160.6	1.860e2
161.2	6.767e4
162.1	7.248e4
163.1	1.718e5
164.1	1.183e5
164.6	6.690e2
165.2	9.309e4
165.7	5.400e1
166.2	1.093e5
166.9	3.145e4
167.5	3.908e5
168.2	9.302e4
169.1	7.580e4
169.7	6.090e2
170.2	1.032e5
170.7	8.750e2
171.2	6.206e5
172.1	3.238e5
173.1	1.341e5
173.7	1.367e3
174.2	1.170e5
174.9	1.663e4
175.4	2.347e5
176.0	3.025e4
176.7	3.758e5
177.4	1.385e5
178.2	8.613e4
179.2	1.647e5
180.2	7.958e4
181.2	1.042e5
182.1	9.453e4
183.1	4.359e5
183.7	1.621e3
184.3	1.213e5
185.1	7.647e5
186.0	1.788e5
186.6	3.516e3
187.1	5.638e5
187.6	1.452e3
188.2	4.773e5
189.1	1.728e5
189.7	2.598e3
190.2	1.088e5
191.1	8.462e4
192.1	9.518e4
192.7	2.731e3
193.2	1.346e5
193.7	1.347e3
194.3	2.809e5
195.2	1.509e5
195.7	5.720e2
196.3	2.338e6
197.2	7.000e5
198.3	1.018e6
199.3	1.922e5
200.1	3.415e5
200.6	8.430e2
201.2	1.150e5
202.1	8.799e4
202.6	4.720e2
203.2	2.363e5
203.7	1.037e3
204.2	1.981e5
205.2	1.969e5
205.7	1.550e2
206.2	1.014e5
207.2	9.202e4
208.2	7.194e4
209.1	1.185e5
209.7	1.268e3
210.2	1.041e5
211.2	8.280e4
212.2	1.141e5
213.1	5.346e4
214.2	7.803e6
215.2	1.111e6
216.2	5.833e5
217.2	2.401e5
217.7	7.270e2
218.3	6.837e5
219.2	3.392e5
220.2	1.577e5
221.2	1.361e5
222.2	6.664e4
223.2	6.030e4
224.2	1.313e5
225.2	6.701e4
226.1	9.736e4
227.1	3.689e5
227.6	9.430e2
228.1	1.476e5
228.7	2.113e3
229.2	1.279e5
229.7	8.220e2
230.2	5.688e4
231.2	1.311e5
232.2	7.968e4
233.2	7.798e4
233.7	8.160e2
234.2	9.829e4
235.2	1.095e5
236.2	8.515e5
237.2	2.518e5
237.7	4.850e2
238.2	1.029e5
239.2	8.934e4
239.7	7.180e2
240.2	4.102e4
241.2	6.377e4
242.2	6.566e4
243.2	1.232e5
244.2	6.921e4
244.7	8.470e2
245.2	7.720e4
246.2	4.699e4
247.2	5.252e4
248.2	4.580e4
248.7	8.030e2
249.2	5.628e4
250.2	8.020e4
250.7	3.350e2
251.2	5.824e4
252.2	1.066e5
252.7	3.580e2
253.2	7.109e4
254.2	9.989e4
254.7	1.209e3
255.2	7.745e4
256.2	5.246e4
257.2	5.523e4
257.7	4.250e2
258.3	3.413e4
259.2	1.929e5
259.8	1.140e3
260.3	6.153e4
261.3	1.010e5
262.2	5.708e4
263.1	5.998e4
264.1	4.079e4
264.6	2.578e3
265.2	4.131e4
266.2	9.024e4
266.7	1.386e3
267.3	5.289e4
268.2	3.371e4
268.7	4.800e2
269.3	4.208e4
269.8	1.950e2
270.3	3.602e4
271.3	6.209e4
272.2	4.098e4
272.8	8.380e2
273.3	4.721e4
274.2	7.781e4
275.2	6.930e4
276.2	4.883e4
276.7	1.317e3
277.2	9.116e4
278.2	5.074e4
278.7	2.760e2
279.2	1.088e5
280.2	6.425e4
281.2	6.684e4
282.2	7.405e4
282.8	2.704e3
283.3	1.031e5
283.8	1.377e3
284.4	8.466e4
285.3	5.534e4
286.2	3.134e4
287.2	4.657e4
287.7	8.940e2
288.2	4.201e4
289.2	7.333e4
290.2	5.050e4
291.2	6.305e4
292.1	7.609e4
292.7	1.421e3
293.2	4.125e4
293.7	4.970e2
294.2	4.045e4
295.2	8.587e4
295.7	7.270e2
296.2	4.294e4
296.8	7.010e2
297.3	4.623e4
298.3	3.788e4
299.2	3.334e4
300.2	4.418e4
300.8	1.089e3
301.3	1.092e5
302.3	4.290e4
303.2	5.440e4
304.2	5.575e4
304.7	1.144e3
305.2	7.821e4
306.2	4.246e4
307.2	5.458e4
308.2	3.809e4
308.7	6.590e2
309.3	5.301e4
309.8	6.660e2
310.3	4.705e4
310.8	8.160e2
311.3	7.032e4
312.3	5.323e4
313.3	6.066e4
314.3	4.646e4
314.8	8.440e2
315.3	4.202e4
316.2	3.371e4
316.8	1.147e3
317.3	4.956e4
318.3	4.700e4
319.3	4.473e4
320.2	2.882e4
321.2	5.599e4
321.7	1.078e3
322.2	3.812e4
322.7	2.970e2
323.2	3.726e4
324.2	3.391e4
324.8	4.732e3
325.4	8.389e4
326.3	7.054e4
327.2	6.079e4
327.7	1.099e3
328.3	4.670e4
329.2	4.753e4
329.7	9.630e2
330.2	4.597e4
330.8	1.772e3
331.3	1.395e5
332.3	6.600e4
333.3	7.288e4
334.2	5.755e4
334.8	4.500e2
335.3	5.493e4
336.3	4.176e4
337.3	6.240e4
338.3	5.449e4
338.8	2.272e3
339.4	1.022e5
340.3	5.929e4
341.4	7.045e4
342.3	4.877e4
343.3	6.057e4
344.2	4.916e4
344.7	1.837e3
345.3	4.406e4
346.3	3.612e4
346.8	1.530e3
347.3	6.476e4
348.3	4.501e4
349.3	9.212e4
350.3	4.450e4
351.2	5.415e4
351.8	7.550e2
352.3	4.745e4
353.3	7.371e4
354.2	1.657e5
354.7	4.548e3
355.3	1.424e5
356.3	5.904e4
357.3	6.476e4
358.3	4.733e4
358.8	1.246e3
359.3	1.163e5
360.2	4.810e4
360.7	1.517e3
361.2	4.871e4
362.2	4.158e4
363.1	1.136e5
363.7	2.151e3
364.2	3.722e4
364.8	4.420e2
365.3	1.246e5
366.3	5.040e4
367.3	6.314e4
368.3	4.327e4
368.9	4.530e3
369.4	1.815e5
370.0	1.271e3
370.5	6.722e4
371.4	4.642e4
372.3	5.004e4
373.2	4.324e4
374.2	3.741e4
374.7	4.700e2
375.3	4.894e4
375.8	1.120e3
376.3	4.252e4
377.2	7.069e4
377.8	3.983e3
378.4	5.060e4
379.4	7.032e4
380.2	4.733e4
381.2	1.437e5
381.7	3.930e2
382.2	5.183e4
382.9	3.787e3
383.4	1.484e5
384.4	5.430e4
384.9	4.850e2
385.4	5.823e4
386.3	3.844e4
386.9	2.034e3
387.4	5.528e4
388.3	2.490e4
389.2	4.699e4
389.7	2.317e3
390.3	3.453e4
390.8	2.943e3
391.4	7.083e4
392.4	3.400e4
393.4	7.918e4
393.9	3.134e3
394.5	9.921e4
395.3	5.844e4
396.3	3.310e4
396.9	1.997e3
397.4	8.250e4
398.4	5.198e4
398.9	1.333e3
399.4	1.038e5
400.0	2.865e3
400.5	4.908e4
401.1	1.413e4
401.7	1.258e5
402.6	5.058e4
403.4	3.034e4
404.4	3.022e4
404.9	3.762e3
405.5	7.347e4
406.3	3.852e4
407.3	4.935e4
407.9	1.108e4
408.6	9.922e4
409.5	1.046e5
410.4	4.642e4
411.3	4.446e4
412.3	4.309e4
412.9	3.188e3
413.5	1.814e5
414.0	3.960e2
414.5	7.938e4
415.4	5.840e4
416.0	4.832e3
416.5	1.491e5
417.3	5.044e4
418.3	3.117e4
418.8	3.375e3
419.4	4.029e4
420.3	3.964e4
421.2	8.270e4
421.7	1.014e4
422.4	4.138e4
423.0	6.747e3
423.6	2.005e5
424.5	6.262e4
425.4	4.878e4
426.4	3.789e4
427.0	3.873e3
427.5	1.763e5
428.5	7.189e4
429.4	6.540e4
430.2	2.564e4
430.8	2.145e5
431.5	9.404e4
432.3	5.977e4
433.3	3.412e4
434.0	1.371e4
434.7	5.619e4
435.4	2.256e4
436.1	9.333e4
436.8	2.545e4
437.5	9.013e4
438.5	2.213e5
439.4	8.621e4
439.9	4.172e3
440.5	3.959e4
441.5	1.202e5
442.5	5.685e4
443.3	1.717e5
443.9	1.042e4
444.5	6.110e4
445.1	6.237e3
445.6	2.430e5
446.5	7.419e4
447.3	4.464e4
448.3	3.324e4
449.2	6.176e4
450.0	9.868e4
450.6	1.473e4
451.3	9.410e4
451.9	1.026e4
452.6	1.874e5
453.5	1.362e5
454.4	6.883e4
455.0	1.207e3
455.5	5.953e4
456.1	2.906e3
456.6	6.550e4
457.6	2.124e5
458.5	9.737e4
459.0	6.276e3
459.6	1.212e5
460.1	1.493e3
460.6	2.143e5
461.5	6.960e4
462.4	3.823e4
463.4	5.802e4
464.1	1.733e4
464.8	1.366e5
465.5	7.146e4
466.5	8.767e4
467.1	1.194e4
467.6	2.671e5
468.5	8.377e4
469.0	1.800e3
469.5	6.995e4
470.4	5.014e4
471.0	5.611e3
471.6	2.075e5
472.6	1.331e5
473.5	6.860e4
474.1	6.658e3
474.7	2.166e5
475.6	1.404e5
476.4	6.045e4
477.3	2.378e4
478.0	3.441e4
478.9	7.470e4
479.8	1.324e5
480.6	7.577e4
481.6	1.268e5
482.6	2.526e5
483.5	1.045e5
484.0	2.303e3
484.5	4.245e4
485.1	1.284e3
485.6	1.394e5
486.5	7.986e4
487.4	2.036e5
487.9	7.812e3
488.5	7.440e4
489.1	9.364e3
489.7	2.788e5
490.5	1.048e5
491.4	4.799e4
492.3	3.207e4
493.2	4.494e4
494.0	1.251e5
494.7	3.243e4
495.3	1.104e5
496.0	1.399e4
496.6	2.659e5
497.5	1.581e5
498.4	6.555e4
499.3	1.054e5
500.0	1.314e4
500.7	7.388e4
501.6	2.493e5
502.5	1.111e5
503.1	2.324e3
503.6	1.110e5
504.6	2.360e5
505.5	8.760e4
506.4	4.418e4
506.9	3.505e3
507.5	4.508e4
508.3	5.655e4
509.2	1.503e5
509.9	1.816e4
510.5	8.521e4
511.1	1.386e4
511.7	2.795e5
512.5	8.824e4
513.5	6.348e4
514.0	4.310e3
514.6	3.647e4
515.6	2.351e5
516.5	1.426e5
517.5	7.462e4
518.1	2.886e3
518.6	1.938e5
519.5	1.366e5
520.4	6.718e4
521.4	3.921e4
522.0	7.320e2
522.5	5.145e4
523.3	8.173e4
524.2	1.515e5
524.8	1.755e4
525.5	1.230e5
526.1	1.259e4
526.7	2.402e5
527.5	9.842e4
528.4	4.844e4
529.0	6.135e3
529.6	1.509e5
530.6	7.864e4
531.4	1.973e5
532.4	7.976e4
533.1	1.462e4
533.7	2.482e5
534.6	8.793e4
535.5	3.953e4
536.4	3.048e4
537.3	4.533e4
538.1	1.191e5
539.0	8.260e4
539.7	3.324e4
540.7	1.907e5
541.6	1.382e5
542.5	5.357e4
543.5	9.005e4
544.0	1.105e3
544.6	7.844e4
545.1	1.815e3
545.6	2.297e5
546.5	1.164e5
547.1	9.470e2
547.6	9.363e4
548.2	1.543e4
548.8	1.937e5
549.6	5.537e4
550.5	2.731e4
551.5	4.770e4
552.4	4.993e4
553.3	1.274e5
553.9	1.421e4
554.5	8.999e4
555.1	1.156e4
555.7	2.277e5
556.6	7.846e4
557.6	5.090e4
558.5	2.560e4
559.1	1.332e3
559.6	1.906e5
560.6	1.246e5
561.5	7.249e4
562.2	6.727e3
562.7	1.379e5
563.7	9.669e4
564.6	4.065e4
565.5	2.569e4
566.5	2.595e4
567.2	9.409e4
567.9	1.240e4
568.4	1.098e5
569.1	7.809e3
569.7	8.585e4
570.2	3.358e3
570.7	1.566e5
571.6	5.296e4
572.6	3.292e4
573.1	1.169e3
573.6	1.170e5
574.6	6.680e4
575.5	1.449e5
576.0	7.246e3
576.6	6.353e4
577.6	1.855e5
578.5	7.957e4
579.4	4.203e4
580.3	2.937e4
580.9	1.876e3
581.4	4.165e4
582.3	8.198e4
582.8	9.125e3
583.4	5.543e4
584.1	8.958e3
584.7	1.362e5
585.6	7.901e4
586.5	4.129e4
587.0	3.278e3
587.6	5.702e4
588.1	1.025e3
588.7	4.204e4
589.6	1.667e5
590.6	1.065e5
591.6	6.657e4
592.3	1.088e4
592.9	1.245e5
593.7	3.401e4
594.6	2.535e4
595.5	3.287e4
596.3	4.736e4
597.3	8.092e4
597.9	1.033e4
598.6	6.178e4
599.1	3.857e3
599.7	1.385e5
600.6	5.524e4
601.1	3.641e3
601.7	3.576e4
602.7	2.346e4
603.2	4.960e2
603.7	1.560e5
604.6	1.001e5
605.7	5.641e4
606.2	2.277e3
606.8	8.417e4
607.7	6.071e4
608.4	1.793e4
609.1	3.207e4
609.8	9.069e3
610.6	3.039e4
611.5	5.332e4
612.5	7.176e4
613.1	4.935e3
613.8	5.481e4
614.3	1.414e3
614.8	9.941e4
615.8	3.849e4
616.7	2.188e4
617.7	9.652e4
618.7	5.425e4
619.6	1.091e5
620.1	1.651e3
620.6	4.342e4
621.2	3.559e3
621.7	8.456e4
622.6	3.998e4
623.5	2.555e4
624.3	1.230e4
625.2	2.569e4
626.1	4.927e4
627.1	5.173e4
627.9	1.750e4
628.8	8.112e4
629.7	4.871e4
630.6	2.828e4
631.6	5.871e4
632.1	7.800e2
632.6	3.621e4
633.2	1.377e3
633.7	1.392e5
634.2	1.299e3
634.8	7.716e4
635.7	3.938e4
636.2	5.599e3
636.8	5.609e4
637.6	2.844e4
638.6	1.603e4
639.5	2.047e4
640.5	2.189e4
641.4	4.867e4
642.1	9.864e3
642.8	4.481e4
643.7	8.381e4
644.6	3.573e4
645.6	2.713e4
646.1	1.344e3
646.7	2.032e4
647.7	1.379e5
648.7	7.260e4
649.7	3.505e4
650.2	1.294e3
650.7	3.854e4
651.6	3.096e4
652.5	2.151e4
653.0	3.470e2
653.5	1.635e4
654.1	2.584e3
654.7	1.618e4
655.2	1.090e2
655.7	3.247e4
656.6	4.384e4
657.2	1.474e3
657.7	4.031e4
658.2	2.200e2
658.7	5.191e4
659.7	3.171e4
660.7	1.815e4
661.2	6.710e2
661.7	9.273e4
662.7	5.037e4
663.7	1.776e5
664.7	8.773e4
665.3	6.174e3
665.9	6.396e4
666.8	2.558e4
667.7	1.551e4
668.6	1.270e4
669.2	7.170e2
669.7	3.494e4
670.3	7.922e3
670.9	4.417e4
671.9	1.907e4
672.8	5.047e4
673.8	4.098e4
674.7	2.362e4
675.7	5.158e4
676.2	3.360e2
676.8	2.740e4
677.7	1.019e5
678.7	5.435e4
679.7	3.310e4
680.2	2.282e3
680.8	2.991e4
681.8	1.673e4
682.3	1.901e3
682.9	1.444e4
683.9	1.978e4
684.8	1.569e4
685.7	5.589e5
686.7	3.038e5
687.7	1.108e5
688.7	3.709e4
689.2	6.280e2
689.7	3.393e4
690.7	2.266e4
691.2	7.480e2
691.7	1.197e5
692.2	1.720e2
692.8	6.797e4
693.7	2.691e4
694.2	1.669e3
694.8	2.524e4
695.7	1.889e4
696.7	1.514e4
697.3	1.854e3
697.9	1.654e4
698.8	1.399e4
699.7	3.581e4
700.2	2.385e3
700.8	3.619e4
701.7	5.641e4
702.3	2.838e3
702.9	6.194e4
703.8	4.272e4
704.7	1.994e4
705.2	3.470e2
705.8	8.760e4
706.8	5.395e4
707.7	5.314e4
708.7	1.072e5
709.3	7.500e1
709.8	7.354e4
710.8	2.487e4
711.7	1.972e4
712.3	1.176e3
712.8	1.214e4
713.7	2.528e4
714.3	1.461e3
714.8	2.961e4
715.7	2.099e4
716.7	3.237e4
717.6	3.066e4
718.2	2.611e3
718.8	1.887e4
719.8	4.378e4
720.7	2.718e4
721.7	9.474e4
722.3	4.530e2
722.8	5.934e4
723.7	2.119e4
724.5	4.377e4
725.0	5.690e2
725.5	5.261e4
726.1	3.075e3
726.7	1.310e5
727.2	1.037e3
727.7	7.836e4
728.2	1.930e2
728.7	3.996e4
729.7	2.660e4
730.3	1.483e3
730.8	4.438e4
731.8	2.957e4
732.8	1.776e4
733.3	4.410e2
733.8	3.109e4
734.8	2.102e4
735.8	1.062e5
736.8	7.653e4
737.8	4.129e4
738.7	2.710e4
739.7	1.570e4
740.2	3.080e2
740.8	1.456e4
741.3	2.850e2
741.8	1.725e4
742.7	1.957e4
743.2	6.110e2
743.8	2.129e4
744.7	3.046e4
745.2	4.230e2
745.7	2.418e4
746.3	1.444e3
746.8	3.003e4
747.8	1.942e4
748.6	1.546e4
749.2	2.633e3
749.8	9.518e4
750.8	5.563e4
751.7	5.227e4
752.7	2.784e4
753.7	3.721e4
754.7	3.854e4
755.6	2.732e4
756.6	1.776e4
757.2	1.751e3
757.7	2.058e4
758.6	3.401e4
759.6	6.287e4
760.1	2.015e3
760.7	6.003e4
761.7	2.407e4
762.7	1.773e4
763.2	5.610e2
763.8	3.987e4
764.8	2.805e4
765.8	7.979e4
766.8	3.586e4
767.3	5.060e2
767.8	2.234e4
768.6	9.464e3
769.4	2.242e4
769.9	9.690e2
770.5	1.515e4
771.4	2.827e4
772.1	4.288e3
772.7	1.378e4
773.2	1.512e3
773.8	1.676e4
774.3	6.550e2
774.9	3.067e4
775.8	2.246e4
776.7	2.265e4
777.2	6.930e2
777.8	1.917e4
778.7	1.702e4
779.3	4.730e2
779.8	7.888e4
780.3	7.420e2
780.8	5.580e4
781.8	2.643e4
782.8	1.892e4
783.3	1.295e3
783.9	1.570e4
784.9	1.414e4
785.8	1.050e4
786.8	1.457e4
787.7	1.952e4
788.7	2.753e4
789.6	1.083e4
790.3	2.253e4
791.3	2.468e4
792.2	1.582e4
793.0	1.083e4
793.8	6.313e4
794.8	3.245e4
795.8	3.772e4
796.8	2.634e4
797.3	5.540e2
797.8	1.452e4
798.4	8.090e2
798.9	1.281e4
799.5	3.700e2
800.0	9.583e3
800.9	1.658e4
801.9	1.919e4
802.9	2.263e4
803.8	1.881e4
804.3	1.031e3
804.9	2.380e4
805.8	1.769e4
806.4	3.440e2
806.9	1.655e4
807.4	3.170e2
807.9	2.992e4
808.8	2.366e4
809.3	4.640e2
809.8	5.898e4
810.3	3.270e2
810.9	3.209e4
811.6	7.842e3
812.3	1.601e4
812.9	1.282e3
813.5	1.292e4
814.1	3.635e3
814.8	1.045e4
815.8	1.486e4
816.7	1.641e4
817.3	2.660e2
817.8	1.480e4
818.4	1.388e3
819.0	2.639e4
819.9	1.879e4
820.8	1.289e4
821.4	3.890e2
821.9	1.888e4
822.9	1.308e4
823.9	6.090e4
824.8	3.846e4
825.8	2.224e4
826.5	6.239e3
827.2	1.661e4
827.9	3.460e3
828.6	9.823e3
829.5	1.309e4
830.0	4.950e2
830.6	1.322e4
831.1	1.508e3
831.7	1.280e4
832.3	2.237e3
832.9	2.029e4
833.9	1.870e4
834.8	1.164e4
835.7	1.799e4
836.7	1.154e4
837.3	1.896e3
837.9	4.165e4
838.4	2.310e2
838.9	3.076e4
839.9	2.638e4
840.8	1.868e4
841.4	1.380e2
841.9	1.783e4
842.8	9.226e3
843.7	9.974e3
844.6	4.854e3
845.4	1.382e4
846.0	2.937e3
846.7	1.434e4
847.2	1.363e3
847.8	1.911e4
848.3	5.670e2
848.9	1.996e4
849.4	3.750e2
849.9	1.631e4
850.4	2.150e2
851.0	1.069e4
851.9	2.533e4
852.4	8.170e2
852.9	1.702e4
853.8	3.480e4
854.4	5.460e2
854.9	2.123e4
855.5	1.774e3
856.0	1.541e4
856.9	8.786e3
857.9	6.110e3
858.7	1.081e4
859.3	1.439e3
859.9	1.190e4
860.9	1.145e4
861.9	1.177e4
862.4	2.700e2
863.0	2.061e4
863.9	1.698e4
864.9	1.226e4
865.9	1.303e4
866.4	3.710e2
866.9	1.019e4
867.9	4.223e4
868.4	2.350e2
868.9	2.383e4
869.9	1.637e4
870.9	1.057e4
871.9	9.348e3
872.8	7.783e3
873.7	1.331e4
874.5	4.457e3
875.3	1.276e4
876.2	7.677e3
877.0	1.750e4
878.0	1.497e4
878.5	3.810e2
879.0	1.353e4
880.0	1.226e4
881.0	1.364e4
881.9	3.256e4
882.9	1.791e4
883.9	1.715e4
884.4	5.820e2
885.0	1.722e4
885.5	4.370e2
886.0	1.318e4
886.9	8.054e3
887.5	1.483e3
888.1	8.790e3
889.1	7.319e3
890.1	1.075e4
890.6	1.281e3
891.2	1.254e4
892.0	7.143e3
892.8	1.711e4
893.5	2.578e3
894.1	1.241e4
895.1	6.347e3
895.9	1.742e4
896.5	3.000e2
897.0	1.271e4
897.9	2.963e4
898.9	1.883e4
899.9	1.487e4
900.8	7.554e3
901.8	8.917e3
902.7	4.975e3
903.5	6.240e3
904.4	1.088e4
905.2	4.269e3
906.0	1.165e4
907.0	1.673e4
907.9	1.323e4
908.5	1.710e2
909.0	6.836e3
909.9	1.231e4
910.9	1.042e4
911.9	3.144e4
912.9	2.135e4
913.8	8.251e3
914.7	1.124e4
915.6	5.885e3
916.2	5.430e2
916.7	6.353e3
917.6	1.118e4
918.3	2.490e3
919.0	9.417e3
919.6	1.991e3
920.1	1.099e4
921.1	9.665e3
922.0	1.065e4
922.9	8.249e3
923.4	6.400e1
923.9	9.601e3
924.9	9.567e3
925.4	3.430e2
925.9	2.201e4
926.7	6.387e3
927.4	2.033e4
928.2	1.168e4
929.0	9.153e3
929.9	1.265e4
930.6	3.018e3
931.3	9.746e3
932.0	2.830e3
932.8	6.121e3
933.4	1.824e3
934.1	1.001e4
934.6	2.290e2
935.1	8.156e3
936.0	1.052e4
937.0	1.000e4
938.0	9.556e3
938.5	2.610e2
939.0	8.882e3
940.0	1.477e4
941.0	1.056e4
941.8	2.748e4
942.4	3.150e2
942.9	1.525e4
943.9	9.671e3
944.5	1.055e3
945.0	8.283e3
945.6	8.200e1
946.1	1.502e4
947.0	4.422e3
947.8	7.881e3
948.8	9.600e3
949.3	1.681e3
949.9	7.892e3
950.5	5.110e2
951.0	1.384e4
951.6	1.280e2
952.1	1.194e4
952.9	5.105e3
953.8	1.084e4
954.4	1.833e3
955.0	7.562e3
956.0	2.456e4
956.5	4.670e2
957.0	1.525e4
957.6	9.600e1
958.1	1.290e4
959.0	6.850e3
960.0	9.625e3
960.7	3.269e3
961.3	1.057e4
962.0	2.237e3
962.7	1.025e4
963.3	7.000e2
963.8	9.854e3
964.4	3.310e2
964.9	9.498e3
965.4	1.970e2
966.0	8.873e3
966.7	1.581e3
967.3	7.949e3
968.2	1.039e4
969.0	4.904e3
969.8	2.075e4
970.3	2.870e2
970.9	1.478e4
971.4	2.200e2
971.9	1.252e4
972.5	5.720e2
973.0	1.130e4
973.5	2.060e2
974.0	8.896e3
975.0	9.322e3
976.0	1.065e4
976.8	4.124e3
977.7	9.674e3
978.3	1.943e3
979.0	9.617e3
980.0	7.547e3
981.0	9.947e3
981.7	2.651e3
982.4	1.029e4
983.1	2.605e3
983.9	1.611e4
984.9	1.237e4
985.4	3.600e2
985.9	1.906e4
986.4	1.110e2
987.0	1.227e4
987.5	7.630e2
988.1	6.815e3
988.8	3.963e3
989.5	1.037e4
990.3	4.462e3
991.2	1.012e4
991.9	2.967e3
992.6	8.451e3
993.3	1.727e3
993.9	8.541e3
994.5	5.970e2
995.1	7.839e3
995.7	2.586e3
996.4	1.343e4
997.3	8.729e3
998.0	4.064e3
998.8	7.814e3
999.4	1.691e3
1000.0	1.948e4
1000.9	1.347e4
1001.9	7.402e3
1002.8	9.402e3
1003.8	5.924e3
1004.8	8.949e3
1005.5	1.905e3
1006.1	7.918e3
1006.6	1.480e2
1007.1	8.636e3
1007.6	4.610e2
1008.2	6.969e3
1009.2	1.116e4
1010.0	4.768e3
1010.9	8.649e3
1011.4	3.930e2
1011.9	9.515e3
1012.8	9.995e3
1013.4	9.870e2
1014.0	1.638e4
1014.8	6.565e3
1015.6	1.335e4
1016.6	9.069e3
1017.4	7.108e3
1017.9	1.380e2
1018.5	7.154e3
1019.4	5.348e3
1020.2	3.753e3
1021.1	8.653e3
1021.9	3.560e3
1022.7	1.028e4
1023.8	8.501e3
1024.5	2.150e3
1025.2	8.265e3
1026.1	6.921e3
1026.9	4.774e3
1027.7	1.102e4
1028.6	8.515e3
1029.4	4.559e3
1030.1	1.420e4
1031.1	8.386e3
1031.7	1.596e3
1032.3	8.612e3
1033.2	8.207e3
1034.2	5.667e3
1035.1	1.024e4
1036.1	6.292e3
1036.8	3.169e3
1037.5	7.548e3
1038.3	2.168e3
1039.0	9.118e3
1039.9	7.266e3
1040.5	2.300e2
1041.0	7.762e3
1041.8	6.130e3
1042.7	9.629e3
1043.3	1.973e3
1043.9	1.677e4
1044.6	1.778e3
1045.1	1.103e4
1045.6	2.620e2
1046.2	9.951e3
1047.0	5.689e3
1048.0	8.737e3
1049.0	6.854e3
1049.8	3.560e3
1050.5	6.865e3
1051.1	2.030e2
1051.6	6.359e3
1052.2	7.440e2
1052.8	9.024e3
1053.7	6.011e3
1054.5	7.350e3
1055.2	2.643e3
1056.0	1.647e4
1056.7	3.565e3
1057.4	9.544e3
1058.2	1.046e4
1059.1	9.020e3
1060.0	8.427e3
1061.0	8.322e3
1061.5	1.330e2
1062.0	5.757e3
1062.7	3.808e3
1063.4	7.438e3
1064.3	3.704e3
1065.0	9.053e3
1066.0	6.475e3
1066.5	3.220e2
1067.1	6.487e3
1068.0	7.994e3
1068.7	4.198e3
1069.5	9.626e3
1070.4	5.257e3
1071.3	9.188e3
1072.2	9.977e3
1073.1	6.303e3
1073.9	1.196e4
1074.5	3.120e2
1075.0	7.515e3
1075.9	1.118e4
1076.5	1.324e3
1077.1	1.115e4
1078.0	7.586e3
1078.6	2.850e2
1079.1	8.973e3
1080.1	6.169e3
1081.1	6.241e3
1082.0	6.737e3
1083.0	8.856e3
1084.0	1.072e4
1084.6	2.259e3
1085.3	7.457e3
1085.8	9.700e1
1086.3	9.272e3
1087.3	4.636e3
1088.1	9.456e3
1089.1	8.760e3
1090.0	7.443e3
1090.7	2.540e3
1091.4	8.692e3
1092.2	1.506e3
1092.8	6.496e3
1093.6	3.120e3
1094.3	6.936e3
1094.9	1.799e3
1095.6	6.918e3
1096.4	1.683e3
1097.1	6.350e3
1098.1	6.450e3
1099.1	9.612e3
1099.7	2.904e3
1100.4	7.854e3
1101.2	2.726e3
1102.0	8.238e3
1102.7	7.320e2
1103.3	8.973e3
1103.8	1.160e2
1104.3	8.775e3
1105.1	3.731e3
1105.9	5.514e3
1106.5	3.150e2
1107.0	9.932e3
1107.6	8.710e2
1108.2	7.810e3
1109.1	6.965e3
1110.1	7.213e3
1111.1	6.700e3
1112.1	8.276e3
1112.7	1.274e3
1113.4	1.053e4
1114.3	7.105e3
1115.2	2.793e3
1115.8	3.450e3
1116.6	8.647e3
1117.2	4.660e2
1117.8	1.091e4
1118.3	2.353e3
1119.0	8.256e3
1119.7	1.541e3
1120.3	9.698e3
1120.9	1.906e3
1121.5	9.004e3
1122.5	6.917e3
1123.4	1.018e4
1124.4	7.076e3
1124.9	5.100e1
1125.4	8.004e3
1126.3	4.249e3
1127.3	6.592e3
1128.2	6.360e3
1129.2	8.681e3
1130.0	3.500e3
1130.9	5.960e3
1131.5	8.330e2
1132.1	8.508e3
1133.0	6.466e3
1134.0	4.197e3
1134.5	2.490e2
1135.0	6.162e3
1135.6	8.020e2
1136.2	5.149e3
1136.8	7.430e2
1137.4	7.443e3
1138.1	2.516e3
1138.9	8.329e3
1139.4	4.590e2
1140.0	3.950e3
1141.0	5.420e3
1141.6	8.740e2
1142.2	9.150e3
1142.8	3.460e2
1143.4	6.898e3
1144.3	5.313e3
1145.3	6.775e3
1146.2	4.725e3
1146.7	3.370e2
1147.3	6.847e3
1147.9	1.905e3
1148.6	6.513e3
1149.3	1.749e3
1149.9	5.642e3
1150.9	7.463e3
1151.8	4.407e3
1152.7	7.187e3
1153.4	1.153e3
1154.1	5.906e3
1155.1	6.766e3
1155.6	1.950e2
1156.1	5.720e3
1157.1	5.788e3
1158.0	1.073e4
1159.0	1.579e4
1159.5	3.750e2
1160.1	9.734e3
1161.0	6.664e3
1161.6	1.036e3
1162.2	9.163e3
1162.7	6.840e2
1163.3	6.278e3
1163.8	4.760e2
1164.4	6.484e3
1165.3	1.021e4
1165.8	6.950e2
1166.5	6.900e3
1167.2	1.677e3
1167.9	5.843e3
1168.6	1.224e3
1169.3	7.435e3
1170.4	5.786e3
1171.3	7.657e3
1172.1	4.753e3
1173.1	6.813e3
1173.8	1.679e3
1174.4	4.932e3
1175.3	7.304e3
1175.9	1.112e3
1176.5	9.423e3
1177.4	6.350e3
1177.9	2.150e2
1178.4	9.124e3
1179.1	2.698e3
1179.7	7.057e3
1180.7	5.391e3
1181.5	1.245e3
1182.1	6.164e3
1182.6	2.050e2
1183.2	4.555e3
1184.2	4.908e3
1185.1	9.789e3
1185.8	3.303e3
1186.6	8.060e3
1187.1	1.040e2
1187.6	6.370e3
1188.6	3.752e3
1189.5	7.175e3
1190.0	1.021e3
1190.6	7.238e3
1191.5	3.784e3
1192.4	8.150e3
1192.9	3.220e2
1193.5	7.301e3
1194.3	4.163e3
1195.1	6.238e3
1195.6	5.530e2
1196.2	7.971e3
1197.1	4.588e3
1198.1	7.582e3
1198.8	2.055e3
1199.4	8.392e3
1200.4	5.235e3
1201.1	3.306e3
1201.9	6.911e3
1202.5	6.490e2
1203.0	7.424e3
1203.6	3.420e2
1204.1	8.100e3
1204.7	1.220e3
1205.3	7.284e3
1206.2	5.194e3
1207.1	7.713e3
1207.8	1.210e3
1208.3	6.773e3
1208.9	3.200e2
1209.5	7.559e3
1210.0	5.300e1
1210.5	7.989e3
1211.5	7.203e3
1212.4	6.026e3
1213.3	7.770e3
1213.9	4.190e2
1214.4	5.187e3
1215.3	6.793e3
1215.9	9.330e2
1216.5	7.455e3
1217.0	3.550e2
1217.6	7.114e3
1218.4	3.379e3
1219.1	6.670e3
1219.9	2.411e3
1220.7	6.155e3
1221.6	5.669e3
1222.6	7.949e3
1223.2	1.784e3
1223.9	5.346e3
1224.5	6.480e2
1225.1	8.768e3
1225.9	3.272e3
1226.7	6.646e3
1227.3	5.070e2
1227.8	8.793e3
1228.5	3.791e3
1229.4	7.300e3
1229.9	2.140e2
1230.5	6.122e3
1231.0	6.850e2
1231.6	9.443e3
1232.4	3.287e3
1233.1	5.583e3
1233.9	6.294e3
1234.9	5.410e3
1235.4	1.040e2
1235.9	8.504e3
1236.6	1.690e3
1237.2	9.604e3
1238.0	3.466e3
1238.8	7.436e3
1239.7	3.230e3
1240.5	5.011e3
1241.6	5.771e3
1242.4	3.177e3
1243.4	8.597e3
1244.2	3.674e3
1245.1	7.461e3
1246.1	5.971e3
1246.9	1.042e4
1247.9	5.073e3
1248.9	8.448e3
1249.8	5.433e3
1250.3	2.580e2
1250.9	8.519e3
1251.8	5.936e3
1252.4	5.130e2
1253.0	4.969e3
1253.9	6.035e3
1254.7	3.825e3
1255.7	3.537e3
1256.5	7.446e3
1257.3	5.676e3
1257.9	1.191e3
1258.5	6.655e3
1259.2	2.440e3
1259.9	8.737e3
1260.5	7.530e2
1261.0	5.628e3
1261.9	8.118e3
1262.7	2.249e3
1263.3	6.720e3
1264.0	7.190e2
1264.6	6.601e3
1265.6	5.637e3
1266.6	1.033e4
1267.4	2.106e3
1268.1	6.139e3
1269.0	5.114e3
1269.9	5.857e3
1270.8	5.659e3
1271.7	7.226e3
1272.4	2.080e3
1273.1	7.490e3
1274.1	4.118e3
1275.0	5.936e3
1275.8	2.017e3
1276.5	4.938e3
1277.2	2.167e3
1277.9	5.118e3
1278.5	5.650e2
1279.1	6.738e3
1280.1	7.444e3
1281.0	4.680e3
1281.8	6.361e3
1282.5	2.010e3
1283.3	7.915e3
1283.9	3.000e2
1284.4	5.985e3
1285.4	5.727e3
1285.9	1.580e2
1286.4	7.687e3
1287.3	3.475e3
1288.3	6.179e3
1289.3	7.799e3
1289.9	2.170e3
1290.5	5.450e3
1291.6	7.228e3
1292.2	1.035e3
1292.8	7.421e3
1293.4	1.587e3
1294.0	5.970e3
1294.9	7.895e3
1295.8	5.128e3
1296.8	6.337e3
1297.3	7.100e1
1297.8	7.276e3
1298.8	7.481e3
1299.6	6.662e3
1300.1	2.030e2
1300.6	6.093e3
1301.6	9.526e3
1302.2	5.920e2
1302.7	6.482e3
1303.6	5.594e3
1304.3	2.508e3
1305.2	5.495e3
1306.2	7.960e3
1307.0	4.449e3
1307.5	7.180e2
1308.2	7.322e3
1309.1	6.831e3
1309.9	3.260e3
1310.7	7.135e3
1311.3	8.150e2
1311.9	6.498e3
1312.8	3.782e3
1313.8	5.170e3
1314.7	7.401e3
1315.3	1.790e2
1315.8	7.298e3
1316.3	2.850e2
1316.9	6.296e3
1317.9	4.648e3
1318.7	4.014e3
1319.5	5.862e3
1320.1	6.100e1
1320.6	5.671e3
1321.2	3.510e2
1321.8	4.279e3
1322.7	5.793e3
1323.6	5.538e3
1324.2	5.750e2
1324.7	6.716e3
1325.5	2.018e3
1326.2	7.813e3
1327.2	8.402e3
1327.7	2.170e2
1328.2	5.125e3
1329.2	8.401e3
1330.0	2.092e3
1330.7	5.746e3
1331.4	2.081e3
1332.0	5.009e3
1333.0	6.557e3
1333.6	4.070e2
1334.2	6.454e3
1335.0	3.033e3
1335.9	9.160e3
1336.7	1.716e3
1337.4	5.792e3
1338.3	5.205e3
1338.9	6.750e2
1339.4	8.126e3
1340.2	3.256e3
1341.2	5.828e3
1341.8	1.265e3
1342.4	5.644e3
1343.3	6.752e3
1344.2	6.881e3
1344.8	5.520e2
1345.4	7.187e3
1346.4	4.895e3
1347.3	8.937e3
1348.2	5.473e4
1348.7	1.390e2
1349.3	5.631e4
1350.3	3.030e4
1351.3	1.682e4
1351.8	7.130e2
1352.3	1.055e4
1353.3	6.909e3
1354.3	7.745e3
1355.3	6.650e3
1356.2	6.084e3
1356.7	7.050e2
1357.3	6.682e3
1358.0	3.371e3
1358.8	8.234e3
1359.6	4.520e3
1360.5	6.470e3
1361.4	5.074e3
1362.3	8.764e3
1363.3	6.044e3
1363.8	7.100e1
1364.3	7.016e3
1365.2	9.714e3
1365.8	8.570e2
1366.4	6.119e3
1367.0	1.270e2
1367.5	5.909e3
1368.2	2.071e3
1368.9	6.182e3
1369.9	4.773e3
1370.5	1.080e2
1371.0	6.833e3
1371.6	5.440e2
1372.1	5.857e3
1372.6	2.120e2
1373.2	8.587e3
1373.7	7.100e1
1374.3	5.894e3
1374.8	4.820e2
1375.4	9.172e3
1376.4	5.631e3
1377.0	7.640e2
1377.6	5.018e3
1378.2	1.055e3
1378.9	7.275e3
1379.5	1.748e3
1380.1	8.421e3
1380.7	1.330e3
1381.3	7.296e3
1382.2	6.773e3
1382.8	2.620e2
1383.3	8.091e3
1384.2	3.746e3
1384.7	1.850e2
1385.3	7.805e3
1386.0	2.269e3
1386.8	8.650e3
1387.4	1.865e3
1388.1	7.920e3
1388.7	7.600e2
1389.4	6.673e3
1389.9	7.900e1
1390.4	6.603e3
1390.9	5.170e2
1391.5	4.077e3
1392.3	7.732e3
1393.3	4.605e3
1394.3	7.329e3
1395.0	2.132e3
1395.6	6.911e3
1396.4	7.170e2
1397.0	5.902e3
1397.9	6.182e3
1398.8	4.241e3
1399.8	5.438e3
1400.7	1.068e4
1401.2	5.700e1
1401.7	5.811e3
1402.3	8.940e2
1402.9	5.058e3
1403.6	2.456e3
1404.3	5.678e3
1405.2	6.450e3
1406.2	7.850e3
1407.0	2.591e3
1407.7	6.887e3
1408.5	2.107e3
1409.1	7.529e3
1409.7	7.210e2
1410.2	4.252e3
1410.8	1.090e2
1411.4	7.887e3
1412.2	4.210e3
1413.1	7.795e3
1413.8	4.206e3
1414.6	6.712e3
1415.6	5.464e3
1416.4	2.902e3
1417.3	6.879e3
1418.2	5.791e3
1418.8	8.610e2
1419.3	8.659e3
1420.2	5.847e3
1421.1	6.314e3
1422.0	2.946e3
1422.8	8.373e3
1423.7	4.465e3
1424.4	1.593e3
1425.1	7.011e3
1426.1	6.857e3
1427.1	6.433e3
1428.2	4.521e3
1428.7	6.000e2
1429.3	9.448e3
1430.1	2.285e3
1430.9	7.352e3
1431.6	1.448e3
1432.3	6.813e3
1433.0	8.010e2
1433.7	5.009e3
1434.3	9.540e2
1435.0	5.972e3
1435.6	2.172e3
1436.3	7.077e3
1436.8	2.100e1
1437.4	9.454e3
1438.3	4.399e3
1438.9	1.332e3
1439.6	6.654e3
1440.4	3.216e3
1441.1	6.943e3
1441.7	5.920e2
1442.3	7.206e3
1443.1	3.218e3
1443.8	8.227e3
1444.7	8.501e3
1445.6	3.643e3
1446.3	5.793e3
1447.3	6.621e3
1447.8	2.280e2
1448.3	5.494e3
1449.0	9.660e2
1449.6	6.827e3
1450.5	5.853e3
1451.0	1.170e2
1451.5	5.554e3
1452.0	1.010e2
1452.5	7.587e3
1453.3	2.274e3
1454.2	5.929e3
1454.8	7.060e2
1455.3	3.562e3
1456.3	7.449e3
1457.3	4.429e3
1458.0	1.759e3
1458.6	8.067e3
1459.5	3.354e3
1460.4	6.272e3
1461.0	1.451e3
1461.7	6.494e3
1462.3	1.739e3
1463.0	6.385e3
1463.7	3.825e3
1464.6	3.240e3
1465.6	9.457e3
1466.4	1.145e3
1467.0	6.647e3
1467.6	2.870e2
1468.2	6.575e3
1468.8	1.579e3
1469.5	4.921e3
1470.1	4.360e2
1470.7	4.139e3
1471.4	1.975e3
1472.3	5.297e3
1472.8	2.180e2
1473.3	6.804e3
1473.8	3.760e2
1474.3	7.097e3
1475.0	2.543e3
1475.7	5.774e3
1476.4	1.311e3
1477.0	6.995e3
1477.8	2.838e3
1478.6	6.390e3
1479.3	7.480e2
1480.0	5.887e3
1481.0	3.484e3
1481.6	9.000e1
1482.1	7.314e3
1483.0	4.389e3
1483.5	2.020e2
1484.0	4.107e3
1485.0	5.650e3
1485.5	5.000e0
1486.0	4.971e3
1486.9	4.430e3
1487.7	6.505e3
1488.5	3.285e3
1489.3	7.827e3
1489.9	6.360e2
1490.4	4.000e3
1491.2	5.292e3
1492.1	3.077e3
1493.0	6.064e3
1493.6	6.390e2
1494.1	4.092e3
1495.1	7.576e3
1495.6	1.430e2
1496.1	4.097e3
1497.1	6.654e3
1497.8	3.309e3
1498.6	6.052e3
1499.2	4.180e2
1499.8	6.852e3
1500.7	5.570e3
1501.2	8.230e2
1501.8	5.795e3
1502.6	4.387e3
1503.5	6.397e3
1504.3	2.734e3
1505.3	4.830e3
1505.9	4.600e2
1506.5	3.938e3
1507.3	6.166e3
1508.1	2.001e3
1508.8	5.584e3
1509.4	1.063e3
1510.0	7.097e3
1510.6	2.560e2
1511.2	4.758e3
1511.8	8.080e2
1512.4	3.022e3
1513.0	7.440e2
1513.6	8.630e3
1514.6	6.714e3
1515.1	7.170e2
1515.7	6.885e3
1516.4	2.590e3
1517.1	6.586e3
1518.1	5.015e3
1518.9	6.616e3
1519.5	6.500e2
1520.2	5.988e3
1521.0	2.932e3
1521.9	4.346e3
1522.9	6.014e3
1523.9	3.598e3
1524.5	6.170e2
1525.1	3.421e3
1525.9	3.271e3
1526.6	2.118e3
1527.3	5.113e3
1528.3	5.070e3
1529.2	4.885e3
1530.1	5.773e3
1530.6	2.120e2
1531.1	4.648e3
1532.1	4.405e3
1533.0	2.636e3
1533.8	7.373e3
1534.6	1.768e3
1535.3	8.211e3
1536.2	7.169e3
1537.0	1.843e3
1537.7	8.106e3
1538.6	5.042e3
1539.1	9.080e2
1539.7	6.655e3
1540.6	5.071e3
1541.6	4.161e3
1542.6	5.975e3
1543.3	1.697e3
1544.1	5.233e3
1544.6	4.300e1
1545.1	6.389e3
1545.7	2.210e2
1546.2	4.383e3
1546.7	1.250e2
1547.2	5.419e3
1548.0	1.714e3
1548.8	5.492e3
1549.6	4.760e3
1550.6	5.725e3
1551.1	1.250e2
1551.6	6.236e3
1552.6	5.685e3
1553.4	3.622e3
1554.0	1.380e2
1554.5	6.404e3
1555.2	2.099e3
1556.1	7.002e3
1556.8	1.376e3
1557.5	5.274e3
1558.1	4.560e2
1558.7	4.800e3
1559.4	7.890e2
1560.0	5.687e3
1560.8	2.231e3
1561.8	8.128e3
1562.8	4.650e3
1563.7	3.987e3
1564.6	6.638e3
1565.4	2.884e3
1566.2	6.026e3
1567.1	4.823e3
1568.0	2.690e3
1568.8	6.890e3
1569.7	3.850e3
1570.4	9.280e2
1571.1	5.110e3
1572.1	3.797e3
1573.0	7.153e3
1573.6	1.996e3
1574.3	6.991e3
1575.2	5.019e3
1575.8	3.000e2
1576.4	6.105e3
1577.3	3.306e3
1578.2	5.519e3
1579.0	2.324e3
1579.8	5.957e3
1580.4	7.170e2
1581.0	5.685e3
1581.9	1.979e3
1582.7	5.969e3
1583.3	3.960e2
1583.9	6.013e3
1584.8	3.223e3
1585.7	3.502e3
1586.3	4.120e2
1586.9	6.390e3
1587.7	1.980e3
1588.5	3.289e3
1589.5	5.632e3
1590.5	4.044e3
1591.2	1.558e3
1591.9	5.702e3
1592.9	4.837e3
1593.6	1.160e3
1594.3	4.154e3
1594.8	1.230e2
1595.3	5.946e3
1595.9	9.830e2
1596.5	4.756e3
1597.0	8.000e0
1597.5	5.169e3
1598.5	1.074e4
1599.4	8.178e3
1599.9	2.540e2
1600.5	8.223e3
1601.5	6.999e3
1602.5	6.218e3
1603.3	2.888e3
1604.1	2.200e3
1604.9	6.619e3
1605.5	4.010e2
1606.1	4.760e3
1606.7	1.245e3
1607.4	2.230e3
1608.2	4.963e3
1609.2	8.016e3
1610.2	4.794e3
1610.8	1.510e2
1611.3	5.914e3
1612.1	2.504e3
1612.9	5.088e3
1613.6	1.389e3
1614.3	8.007e3
1615.3	3.974e3
1615.8	4.370e2
1616.4	4.987e3
1617.2	2.934e3
1618.0	2.855e3
1618.7	6.223e3
1619.6	2.891e3
1620.2	2.383e3
1620.9	4.323e3
1621.8	4.938e3
1622.6	1.492e3
1623.3	5.864e3
1624.2	2.781e3
1624.9	2.100e3
1625.8	4.228e3
1626.3	5.120e2
1626.9	7.032e3
1627.6	2.018e3
1628.5	5.468e3
1629.5	4.374e3
1630.3	2.756e3
1631.1	4.600e3
1632.0	3.656e3
1633.1	4.449e3
1633.6	1.780e2
1634.2	6.302e3
1635.2	2.693e3
1635.7	1.810e2
1636.2	4.438e3
1636.7	6.700e1
1637.2	4.078e3
1638.2	5.048e3
1639.1	2.310e3
1640.0	5.536e3
1640.6	7.920e2
1641.2	3.793e3
1642.0	5.039e3
1642.8	2.261e3
1643.6	4.130e3
1644.3	2.070e3
1645.2	4.517e3
1646.1	4.565e3
1646.9	5.540e2
1647.4	6.040e3
1648.5	3.930e3
1649.4	6.072e3
1649.9	5.880e2
1650.5	4.092e3
1651.4	2.379e3
1652.4	3.614e3
1653.2	2.355e3
1654.1	5.670e3
1655.0	3.392e3
1655.9	3.841e3
1656.8	6.375e3
1657.8	2.856e3
1658.6	8.196e3
1659.2	1.370e2
1659.7	4.238e3
1660.6	6.678e3
1661.2	1.880e2
1661.7	7.102e3
1662.5	2.800e3
1663.3	4.629e3
1664.1	1.344e3
1664.9	5.166e3
1665.6	1.731e3
1666.3	5.625e3
1666.9	7.030e2
1667.5	4.854e3
1668.1	2.560e2
1668.7	5.108e3
1669.3	9.920e2
1670.0	4.988e3
1671.0	4.720e3
1671.7	2.089e3
1672.6	4.854e3
1673.6	4.000e3
1674.4	1.380e3
1675.1	4.594e3
1676.2	4.110e3
1676.7	4.800e1
1677.3	4.719e3
1677.9	7.380e2
1678.5	6.933e3
1679.5	4.109e3
1680.3	1.119e3
1681.0	4.772e3
1681.7	1.337e3
1682.5	3.535e3
1683.4	7.041e3
1683.9	1.140e2
1684.5	3.971e3
1685.4	4.158e3
1686.3	1.498e3
1687.1	5.357e3
1687.6	2.300e1
1688.1	3.480e3
1688.9	1.539e3
1689.6	3.635e3
1690.6	3.630e3
1691.3	5.780e2
1692.0	6.109e3
1692.7	1.068e3
1693.5	5.367e3
1694.4	4.117e3
1695.4	3.843e3
1696.0	9.490e2
1696.8	3.619e3
1697.4	5.300e2
1698.0	4.413e3
1699.0	3.233e3
1699.5	3.800e1
1700.0	3.808e3
1700.9	3.576e3
1701.8	5.563e3
1702.3	2.670e2
1702.9	3.314e3
1703.8	4.330e3
1704.7	2.881e3
1705.5	5.577e3
1706.5	2.820e3
1707.3	8.170e2
1708.0	3.203e3
1709.0	3.724e3
1709.9	5.389e3
1710.7	2.502e3
1711.6	4.864e3
1712.5	2.192e3
1713.1	5.370e2
1713.7	4.835e3
1714.3	2.570e2
1714.8	3.361e3
1715.8	5.382e3
1716.5	9.600e2
1717.1	4.865e3
1717.9	1.902e3
1718.8	3.469e3
1719.6	2.703e3
1720.5	5.072e3
1721.3	1.272e3
1722.0	4.700e3
1722.7	1.778e3
1723.4	4.275e3
1724.1	7.330e2
1724.8	3.386e3
1725.5	4.180e2
1726.1	7.257e3
1727.1	2.815e3
1727.9	5.930e3
1728.7	1.631e3
1729.5	3.614e3
1730.2	1.402e3
1731.0	6.458e3
1732.0	1.870e3
1732.8	3.609e3
1733.7	3.170e3
1734.4	6.410e2
1735.0	5.089e3
1735.9	4.209e3
1736.4	9.500e1
1737.0	5.711e3
1737.7	8.310e2
1738.4	3.826e3
1739.3	1.475e3
1740.1	4.316e3
1741.0	3.226e3
1741.7	3.452e3
1742.3	1.750e2
1742.9	5.233e3
1743.4	5.420e2
1744.0	4.271e3
1744.8	2.193e3
1745.6	4.917e3
1746.5	2.575e3
1747.0	1.080e2
1747.5	3.478e3
1748.3	8.680e2
1749.0	2.990e3
1749.9	4.333e3
1750.9	2.972e3
1751.8	4.631e3
1752.4	2.920e2
1752.9	3.728e3
1753.9	3.895e3
1754.7	2.112e3
1755.5	4.965e3
1756.5	4.479e3
1757.0	7.300e1
1757.5	3.617e3
1758.3	2.295e3
1759.1	3.442e3
1760.1	3.589e3
1761.0	3.458e3
1761.8	1.134e3
1762.4	5.040e3
1763.0	1.007e3
1763.6	4.369e3
1764.3	1.925e3
1765.0	3.199e3
1766.0	4.505e3
1766.8	1.889e3
1767.5	3.413e3
1768.4	3.667e3
1769.2	8.650e2
1770.0	3.833e3
1770.6	2.510e2
1771.1	2.934e3
1772.0	3.411e3
1772.9	3.240e3
1773.5	1.940e2
1774.0	3.548e3
1774.9	1.963e3
1775.9	4.087e3
1776.5	5.660e2
1777.2	3.722e3
1778.3	3.926e3
1778.8	5.600e1
1779.3	4.681e3
1779.8	8.000e2
1780.5	3.636e3
1781.3	2.310e3
1781.8	3.760e2
1782.4	5.270e3
1783.1	2.259e3
1784.0	4.455e3
1784.5	1.170e2
1785.0	3.355e3
1786.0	2.345e3
1786.6	2.850e2
1787.2	2.803e3
1787.8	9.000e0
1788.3	4.281e3
1789.1	2.793e3
1790.0	3.111e3
1790.5	1.190e2
1791.0	3.764e3
1791.7	6.850e2
1792.4	4.359e3
1793.4	2.973e3
1794.1	1.874e3
1794.8	2.820e3
1795.7	3.593e3
1796.2	2.700e1
1796.7	2.737e3
1797.7	3.313e3
1798.4	1.681e3
1799.2	2.814e3
1800.2	1.809e3
1801.0	4.174e3
1801.6	4.500e2
1802.3	4.112e3
1802.9	3.820e2
1803.4	3.642e3
1804.3	1.263e3
1805.0	3.912e3
1805.6	3.960e2
1806.2	3.439e3
1807.1	1.165e3
1807.7	3.450e2
1808.3	3.260e3
1809.1	2.646e3
1810.1	3.426e3
1810.9	2.052e3
1811.6	1.453e3
1812.4	2.927e3
1813.1	1.086e3
1813.8	3.456e3
1814.6	2.040e3
1815.6	3.233e3
1816.2	4.820e2
1816.8	3.033e3
1817.7	5.141e3
1818.2	5.000e1
1818.7	3.427e3
1819.4	8.410e2
1820.0	2.603e3
1820.9	2.711e3
1821.7	3.643e3
1822.6	1.558e3
1823.4	3.229e3
1824.3	2.300e3
1824.8	9.400e1
1825.3	5.043e3
1826.0	6.970e2
1826.8	3.527e3
1827.7	2.005e3
1828.4	1.175e3
1829.1	3.202e3
1829.6	5.100e1
1830.1	3.250e3
1830.9	1.837e3
1831.8	3.980e3
1832.3	1.430e2
1832.8	3.714e3
1833.4	3.600e1
1833.9	3.693e3
1834.6	1.139e3
1835.4	3.018e3
1836.0	1.800e1
1836.5	3.140e3
1837.5	1.704e3
1838.4	3.831e3
1839.2	1.505e3
1839.8	5.930e2
1840.5	3.788e3
1841.0	2.700e1
1841.6	2.632e3
1842.5	3.625e3
1843.5	1.742e3
1844.0	6.100e1
1844.5	2.831e3
1845.1	5.060e2
1845.8	4.464e3
1846.7	3.183e3
1847.2	5.400e1
1847.7	2.782e3
1848.6	2.918e3
1849.6	3.297e3
1850.3	1.248e3
1851.0	3.235e3
1851.7	1.031e3
1852.6	3.361e3
1853.1	4.000e0
1853.7	3.684e3
1854.3	6.430e2
1854.9	3.386e3
1855.7	2.307e3
1856.6	3.212e3
1857.6	2.577e3
1858.6	3.099e3
1859.5	1.547e3
1860.3	3.386e3
1861.1	6.370e2
1861.8	2.621e3
1862.8	2.950e3
1863.5	1.385e3
1864.3	3.370e3
1865.1	7.590e2
1865.9	3.138e3
1866.8	3.610e3
1867.8	2.851e3
1868.6	2.149e3
1869.6	3.536e3
1870.3	8.190e2
1871.1	4.424e3
1871.9	2.547e3
1872.6	1.193e3
1873.3	3.163e3
1874.2	3.905e3
1875.2	3.278e3
1875.9	1.430e3
1876.8	3.381e3
1877.7	1.062e3
1878.4	4.036e3
1878.9	1.940e2
1879.5	2.202e3
1880.4	2.366e3
1880.9	5.300e1
1881.5	2.607e3
1882.0	1.070e2
1882.5	3.278e3
1883.2	6.620e2
1883.9	2.514e3
1884.4	1.140e2
1885.0	2.155e3
1885.8	2.182e3
1886.7	1.583e3
1887.5	7.880e2
1888.2	2.319e3
1888.7	1.670e2
1889.3	1.893e3
1890.3	3.893e3
1891.1	1.118e3
1891.9	4.021e3
1892.6	1.267e3
1893.3	2.836e3
1894.1	1.257e3
1894.9	2.897e3
1895.5	2.420e2
1896.1	1.556e3
1897.0	3.045e3
1897.7	3.780e2
1898.2	3.476e3
1898.9	3.600e2
1899.6	1.993e3
1900.6	3.588e3
1901.6	1.786e3
1902.4	3.478e3
1903.4	2.397e3
1904.2	4.504e3
1905.3	2.821e3
1905.9	5.630e2
1906.5	4.865e3
1907.1	2.260e2
1907.6	2.469e3
1908.5	4.801e3
1909.0	2.940e2
1909.6	2.483e3
1910.2	2.330e2
1910.8	3.252e3
1911.4	3.400e1
1911.9	2.572e3
1912.8	2.429e3
1913.3	3.060e2
1913.9	2.671e3
1914.7	1.147e3
1915.5	4.599e3
1916.4	3.026e3
1917.5	3.301e3
1918.1	3.610e2
1918.7	3.688e3
1919.7	2.543e3
1920.3	7.740e2
1921.0	3.082e3
1922.0	3.859e3
1923.0	2.192e3
1923.5	9.100e1
1924.0	2.650e3
1925.0	4.192e3
1926.0	3.691e3
1926.5	2.670e2
1927.1	2.750e3
1927.7	6.510e2
1928.3	1.897e3
1929.2	3.052e3
1929.7	1.260e2
1930.3	4.455e3
1931.1	2.196e3
1931.6	9.200e1
1932.2	1.824e3
1932.7	3.000e1
1933.2	2.737e3
1934.2	2.681e3
1935.0	3.065e3
1935.9	1.991e3
1937.0	1.431e3
1937.8	2.394e3
1938.7	2.053e3
1939.7	1.652e3
1940.4	9.070e2
1941.3	3.016e3
1941.9	2.580e2
1942.4	1.863e3
1943.3	4.621e3
1944.1	1.155e3
1945.1	3.227e3
1946.0	2.012e3
1946.6	4.710e2
1947.2	3.099e3
1948.0	5.860e2
1948.7	2.257e3
1949.6	1.712e3
1950.5	2.320e3
1951.4	1.661e3
1952.3	3.532e3
1953.3	2.094e3
1954.0	4.490e2
1954.6	2.584e3
1955.1	7.200e1
1955.6	2.586e3
1956.6	2.803e3
1957.2	2.660e2
1957.9	2.441e3
1958.9	2.394e3
1959.4	2.160e2
1960.0	2.490e3
1960.6	4.280e2
1961.2	3.235e3
1961.9	4.710e2
1962.7	2.055e3
1963.3	2.550e2
1963.9	2.215e3
1964.6	4.900e2
1965.2	1.352e3
1966.3	3.133e3
1966.9	3.270e2
1967.6	2.707e3
1968.2	2.790e2
1968.8	3.095e3
1969.7	1.769e3
1970.6	3.196e3
1971.4	3.790e2
1972.0	2.520e3
1973.0	1.291e3
1973.9	1.894e3
1974.8	3.178e3
1975.5	1.013e3
1976.1	2.098e3
1977.0	3.595e3
1977.7	1.086e3
1978.3	4.265e3
1979.2	2.072e3
1979.8	1.580e2
1980.3	2.774e3
1981.1	8.190e2
1981.8	2.500e3
1982.5	9.630e2
1983.4	2.490e3
1984.0	6.700e1
1984.5	1.822e3
1985.4	2.406e3
1986.0	4.400e1
1986.5	1.699e3
1987.2	3.990e2
1987.8	1.743e3
1988.4	4.500e1
1988.9	2.997e3
1990.0	1.330e3
1990.7	2.271e3
1991.4	1.340e2
1991.9	1.860e3
1992.8	3.030e3
1993.6	1.069e3
1994.5	1.982e3
1995.3	2.037e3
1996.2	2.042e3
1997.0	8.030e2
1997.7	2.046e3
1998.6	1.320e3
1999.4	2.875e3
2000.0	3.600e1
