100.3	1.495e5
100.9	1.175e6
101.5	5.916e3
102.1	2.434e6
103.1	2.534e5
104.1	5.686e5
105.1	1.420e5
106.0	2.477e5
106.7	2.066e4
107.3	3.034e5
108.3	1.449e6
109.1	5.502e5
110.0	3.132e6
111.1	6.703e6
112.0	2.660e6
113.0	8.493e5
114.0	2.331e6
115.0	1.131e6
116.0	9.151e5
117.0	1.898e5
118.0	1.219e6
119.0	3.153e5
119.6	3.747e3
120.1	9.908e5
121.0	3.996e5
122.1	2.601e6
123.1	6.045e5
124.1	1.966e5
125.1	1.870e5
126.0	6.776e5
126.5	1.976e3
127.1	3.190e5
128.0	1.590e5
129.0	5.107e5
129.5	6.630e2
130.1	3.566e5
131.1	1.740e6
132.0	7.954e5
132.9	2.851e5
133.4	9.925e3
134.0	2.648e5
134.5	5.320e2
135.1	7.807e4
136.0	8.486e5
136.6	9.750e2
137.1	1.698e5
138.1	2.272e6
139.1	1.018e6
140.1	7.641e5
141.1	2.001e6
142.0	1.188e6
142.6	1.700e2
143.1	3.214e5
144.0	6.947e5
145.1	6.215e5
146.0	4.158e5
147.1	4.697e5
148.1	1.754e5
149.1	5.381e5
149.6	1.037e3
150.2	5.263e5
150.7	3.620e2
151.2	1.525e5
152.1	9.140e4
153.1	1.056e5
154.0	1.924e5
154.6	4.550e2
155.1	6.215e5
155.6	3.460e2
156.1	2.361e5
157.0	4.687e5
158.1	3.822e6
159.1	2.251e6
160.1	5.998e5
161.1	1.649e5
162.1	2.904e5
162.6	6.950e2
163.1	2.801e5
164.1	3.820e5
164.6	1.153e3
165.2	1.853e5
166.1	1.190e5
166.7	1.045e4
167.3	4.003e5
168.1	2.010e5
169.1	1.087e5
170.1	2.401e5
170.6	5.780e2
171.2	1.051e6
172.1	5.317e5
173.1	2.709e5
173.6	4.030e2
174.2	2.166e5
175.2	1.657e5
176.2	1.847e5
177.0	5.169e5
177.6	3.532e3
178.1	1.714e5
179.2	3.099e5
180.2	1.313e5
181.2	1.892e5
182.1	1.745e5
182.6	2.420e2
183.1	5.466e5
183.6	2.739e3
184.2	1.523e5
185.1	8.607e5
186.1	2.610e5
187.1	8.010e5
187.6	6.290e2
188.2	3.821e5
189.1	1.357e5
189.6	7.770e2
190.1	1.596e5
191.1	1.542e5
192.1	1.939e5
192.6	1.106e3
193.1	1.528e5
193.7	2.846e3
194.2	4.614e5
195.2	1.796e5
196.2	3.802e6
197.2	6.821e5
198.3	1.512e6
199.2	2.852e5
200.1	5.044e5
200.6	1.294e3
201.1	1.992e5
201.6	9.780e2
202.1	1.383e5
203.1	1.679e5
203.6	8.790e2
204.1	3.132e5
205.1	1.970e5
206.1	1.375e5
207.1	1.349e5
208.1	1.066e5
209.1	3.367e5
209.6	2.588e3
210.2	1.579e5
211.1	1.002e5
212.1	1.816e5
213.1	8.616e4
214.2	6.697e6
215.2	8.976e5
216.2	5.930e5
217.2	2.977e5
217.7	8.020e2
218.2	1.255e6
219.2	2.716e5
220.2	2.743e5
221.2	1.473e5
222.1	1.104e5
223.1	8.274e4
223.6	5.560e2
224.1	1.878e5
225.1	9.967e4
226.1	1.884e5
227.1	5.589e5
227.6	1.424e3
228.1	2.064e5
228.6	1.900e3
229.2	1.830e5
230.1	9.781e4
231.1	1.026e5
232.1	2.061e5
232.6	4.570e2
233.1	1.401e5
233.6	1.850e3
234.2	1.352e5
235.1	1.085e5
235.6	3.370e2
236.2	1.357e6
237.1	5.040e5
237.6	4.490e2
238.2	1.838e5
238.7	2.383e3
239.2	2.327e5
240.2	9.045e4
241.1	8.308e4
242.0	1.973e5
242.6	4.602e3
243.1	1.744e5
244.1	1.440e5
244.6	2.152e3
245.1	1.220e5
246.1	9.237e4
247.1	7.720e4
248.1	9.343e4
248.6	2.678e3
249.1	8.260e4
250.1	1.619e5
250.6	8.190e2
251.1	1.072e5
252.1	8.341e4
253.1	2.227e5
254.1	1.676e5
254.6	7.390e2
255.1	2.380e5
255.6	1.168e3
256.1	8.880e4
257.2	1.722e5
257.7	6.680e2
258.2	7.717e4
258.7	1.773e3
259.2	3.257e5
260.2	1.335e5
261.2	1.746e5
262.2	1.100e5
263.1	1.533e5
264.1	9.120e4
264.6	2.950e3
265.2	8.328e4
266.1	1.405e5
266.6	6.514e3
267.2	1.768e5
268.2	8.498e4
269.2	6.208e4
270.1	8.382e4
271.2	1.406e5
272.1	7.734e4
273.1	1.321e5
273.7	7.240e2
274.2	9.700e4
275.1	1.045e5
276.1	1.123e5
276.6	6.420e2
277.2	1.790e5
278.1	1.596e5
278.7	1.109e3
279.2	1.860e5
280.2	9.687e4
281.1	1.317e5
281.6	2.102e3
282.2	1.188e5
283.1	1.417e5
283.7	1.116e3
284.2	9.138e4
285.2	1.597e5
286.1	7.160e4
287.1	9.359e4
288.1	7.781e4
288.7	2.059e3
289.2	1.181e5
289.7	1.972e3
290.2	6.981e4
291.2	5.503e4
292.1	7.127e4
292.6	6.890e2
293.1	5.776e4
294.1	1.384e5
294.6	1.677e3
295.1	8.513e4
296.1	1.608e5
296.7	3.535e3
297.2	7.793e4
298.2	1.332e5
298.7	8.500e2
299.2	7.229e4
300.1	8.227e4
300.7	2.957e3
301.3	1.771e5
302.2	8.541e4
303.2	1.062e5
304.1	1.276e5
304.6	2.215e3
305.2	1.187e5
306.2	5.863e4
307.1	9.896e4
307.6	7.310e2
308.2	9.457e4
309.2	1.110e5
309.7	1.963e3
310.2	7.540e4
310.8	1.343e3
311.3	1.392e5
312.2	6.745e4
312.7	3.899e3
313.3	1.735e5
314.2	1.079e5
315.2	9.374e4
316.2	9.558e4
316.7	7.890e2
317.2	8.238e4
318.1	7.024e4
318.7	1.544e3
319.2	7.398e4
320.2	6.289e4
321.2	1.051e5
321.7	4.740e2
322.2	5.713e4
322.7	2.209e3
323.2	6.789e4
324.2	5.483e4
324.8	7.731e3
325.4	1.516e5
326.3	1.274e5
327.2	8.425e4
328.2	8.354e4
329.1	1.086e5
329.7	3.316e3
330.2	8.040e4
331.2	2.528e5
332.2	1.405e5
333.2	1.085e5
334.1	8.256e4
334.7	4.072e3
335.2	8.438e4
336.2	5.762e4
336.8	8.051e3
337.3	1.156e5
338.3	8.254e4
338.8	5.821e3
339.3	1.835e5
340.3	9.291e4
340.8	1.808e3
341.4	1.911e5
342.4	9.844e4
343.2	6.253e4
344.1	7.939e4
344.6	3.526e3
345.2	7.545e4
346.2	6.025e4
346.7	2.183e3
347.3	1.024e5
348.2	6.869e4
349.2	1.777e5
349.7	1.406e3
350.2	9.893e4
351.1	7.602e4
352.1	7.898e4
352.8	1.026e4
353.4	1.464e5
354.2	2.517e5
354.7	3.681e3
355.3	2.282e5
356.3	1.042e5
357.2	1.005e5
357.7	2.426e3
358.2	7.962e4
359.2	2.083e5
360.3	1.025e5
361.2	8.706e4
362.2	5.873e4
363.1	1.597e5
364.1	6.683e4
364.7	6.816e3
365.3	8.551e4
366.2	7.298e4
366.8	2.349e3
367.3	8.599e4
368.2	7.366e4
368.8	1.179e4
369.4	4.499e5
370.0	3.996e3
370.5	1.761e5
371.3	7.611e4
372.2	8.385e4
373.1	6.181e4
374.1	5.564e4
374.7	2.496e3
375.2	6.898e4
376.2	6.211e4
376.7	3.102e3
377.3	8.753e4
377.8	2.648e3
378.3	6.753e4
379.3	8.254e4
380.2	7.290e4
381.3	1.073e5
382.2	6.324e4
382.8	1.000e4
383.4	1.956e5
384.4	8.093e4
385.4	7.798e4
386.3	6.129e4
386.8	4.467e3
387.4	7.593e4
388.2	4.616e4
389.2	5.632e4
390.1	4.210e4
390.8	1.041e4
391.4	8.723e4
392.4	6.069e4
392.9	2.134e3
393.4	2.456e5
393.9	2.616e3
394.5	1.247e5
395.3	6.834e4
396.2	4.518e4
396.8	7.116e3
397.4	1.057e5
398.4	6.160e4
398.9	1.642e3
399.4	1.452e5
400.3	6.780e4
401.0	1.327e4
401.6	1.162e5
402.5	6.495e4
403.3	4.452e4
404.2	4.273e4
404.9	1.140e4
405.5	7.145e4
406.4	3.409e4
407.2	6.129e4
407.8	5.415e3
408.4	5.919e4
409.3	1.425e5
410.2	5.999e4
410.8	4.902e3
411.3	8.046e4
412.3	4.910e4
412.9	6.833e3
413.5	2.694e5
414.0	4.042e3
414.5	1.053e5
415.4	7.006e4
416.0	2.513e3
416.5	1.295e5
417.4	5.371e4
418.3	3.347e4
418.9	5.840e3
419.5	5.177e4
420.1	1.492e4
420.8	5.544e4
421.5	2.330e4
422.2	5.082e4
422.9	1.069e4
423.5	1.425e5
424.4	6.007e4
424.9	5.031e3
425.5	5.905e4
426.5	4.223e4
427.5	1.865e5
428.4	7.519e4
429.4	6.428e4
430.3	7.630e4
431.1	1.721e5
432.1	7.037e4
432.7	6.615e3
433.3	5.060e4
433.9	5.370e3
434.5	4.629e4
435.4	6.714e4
436.4	5.850e4
437.4	7.017e4
438.0	5.922e3
438.5	1.694e5
439.4	7.203e4
440.3	3.519e4
440.9	5.572e3
441.5	1.392e5
442.0	1.643e3
442.5	6.595e4
443.4	1.339e5
443.9	1.351e3
444.5	6.628e4
445.0	5.036e3
445.6	1.655e5
446.5	7.126e4
447.3	5.174e4
448.2	4.108e4
448.8	5.020e3
449.4	8.450e4
450.3	5.865e4
451.3	8.163e4
451.9	6.264e3
452.5	1.260e5
453.5	1.072e5
454.4	6.775e4
455.4	6.674e4
455.9	5.639e3
456.5	5.948e4
457.5	2.211e5
458.0	1.838e3
458.5	9.193e4
459.5	7.698e4
460.0	4.757e3
460.6	1.455e5
461.4	7.067e4
462.4	3.070e4
462.9	1.985e3
463.4	6.341e4
464.1	1.384e4
464.7	9.245e4
465.5	5.150e4
466.4	9.230e4
467.0	7.724e3
467.6	1.875e5
468.4	8.115e4
469.3	4.010e4
470.1	6.781e4
470.8	1.561e4
471.5	2.155e5
472.5	9.130e4
473.4	9.493e4
474.1	8.218e3
474.6	1.276e5
475.7	1.061e5
476.5	5.374e4
477.4	3.530e4
478.0	3.149e3
478.5	4.165e4
479.5	9.702e4
480.5	1.023e5
481.4	1.017e5
482.0	4.368e3
482.5	1.660e5
483.4	7.547e4
484.4	4.179e4
485.0	3.876e3
485.5	1.273e5
486.5	8.012e4
487.4	1.611e5
488.0	2.236e3
488.5	7.265e4
489.1	3.568e3
489.6	1.820e5
490.5	6.545e4
491.5	3.440e4
492.5	2.957e4
493.0	9.330e2
493.5	6.108e4
494.4	7.391e4
495.4	1.498e5
496.0	6.679e3
496.5	1.923e5
497.5	1.371e5
498.4	4.980e4
499.3	1.015e5
500.4	5.547e4
501.0	9.507e3
501.6	2.241e5
502.5	1.020e5
503.1	3.353e3
503.6	8.446e4
504.6	1.476e5
505.4	6.224e4
506.4	4.334e4
507.3	4.609e4
508.3	5.391e4
509.3	1.154e5
509.8	1.761e4
510.5	8.486e4
511.1	1.470e3
511.6	1.676e5
512.4	6.890e4
513.4	5.080e4
514.0	6.168e3
514.6	3.816e4
515.6	2.236e5
516.1	2.747e3
516.6	1.171e5
517.5	7.248e4
518.0	1.925e3
518.6	1.549e5
519.5	1.034e5
520.4	6.099e4
521.4	4.464e4
522.0	5.361e3
522.5	8.255e4
523.6	8.606e4
524.5	1.033e5
525.5	9.709e4
526.4	1.314e5
527.3	1.111e5
527.8	3.821e3
528.4	5.257e4
529.0	4.469e3
529.5	1.334e5
530.1	2.730e3
530.6	7.306e4
531.5	1.410e5
532.0	3.189e3
532.5	7.442e4
533.1	7.320e2
533.6	1.438e5
534.5	6.178e4
535.5	3.978e4
536.5	5.431e4
537.4	4.907e4
538.2	8.248e4
538.8	1.420e3
539.3	6.617e4
540.0	1.538e4
540.7	1.424e5
541.6	9.079e4
542.5	3.929e4
543.5	7.632e4
544.1	1.678e3
544.6	6.226e4
545.6	1.977e5
546.5	9.834e4
547.6	7.740e4
548.1	5.376e3
548.6	1.099e5
549.6	5.586e4
550.1	5.620e2
550.6	3.827e4
551.2	2.599e3
551.7	5.114e4
552.6	3.920e4
553.5	7.653e4
554.0	4.899e3
554.5	6.602e4
555.1	5.577e3
555.7	1.326e5
556.7	5.874e4
557.6	5.161e4
558.5	3.104e4
559.0	3.250e3
559.6	1.817e5
560.1	1.066e3
560.6	1.076e5
561.6	6.397e4
562.1	1.587e3
562.6	7.578e4
563.6	6.645e4
564.5	4.410e4
565.4	2.811e4
566.2	3.016e4
567.2	7.836e4
567.8	8.334e3
568.4	7.538e4
569.4	6.130e4
570.0	6.866e3
570.7	1.005e5
571.6	5.403e4
572.6	3.366e4
573.1	2.269e3
573.6	1.103e5
574.1	1.515e3
574.7	5.534e4
575.6	1.107e5
576.6	5.180e4
577.5	1.413e5
578.3	6.165e4
578.9	2.644e3
579.4	4.652e4
580.4	3.160e4
581.1	1.405e4
581.8	5.316e4
582.3	1.621e3
582.8	4.610e4
583.7	3.965e4
584.7	8.800e4
585.6	6.729e4
586.5	3.546e4
587.1	2.915e3
587.6	5.208e4
588.6	3.276e4
589.6	1.315e5
590.6	6.998e4
591.1	1.874e3
591.7	5.764e4
592.7	6.370e4
593.6	3.514e4
594.6	2.893e4
595.6	4.017e4
596.6	3.835e4
597.5	4.916e4
598.1	2.953e3
598.6	4.449e4
599.5	1.069e5
600.5	4.644e4
601.0	2.278e3
601.6	3.517e4
602.6	2.720e4
603.1	1.207e3
603.7	1.342e5
604.7	7.514e4
605.6	5.645e4
606.2	1.213e3
606.7	5.325e4
607.7	4.438e4
608.6	2.753e4
609.3	1.270e4
610.1	3.593e4
610.9	1.614e4
611.6	4.542e4
612.1	5.020e2
612.7	4.819e4
613.6	4.302e4
614.2	7.348e3
614.8	6.557e4
615.8	4.444e4
616.7	3.015e4
617.6	8.930e4
618.2	3.200e2
618.7	4.810e4
619.6	8.712e4
620.2	4.630e2
620.7	4.988e4
621.2	1.016e3
621.7	5.712e4
622.6	3.369e4
623.2	1.461e3
623.7	2.131e4
624.7	2.114e4
625.6	3.643e4
626.6	3.445e4
627.5	4.670e4
628.1	8.181e3
628.8	6.384e4
629.7	4.424e4
630.6	2.959e4
631.1	2.350e2
631.7	4.766e4
632.7	2.686e4
633.6	1.097e5
634.2	4.687e3
634.8	7.738e4
635.7	3.496e4
636.6	2.307e4
637.4	3.877e4
638.3	3.166e4
638.9	1.614e3
639.4	3.341e4
640.0	2.479e3
640.6	2.590e4
641.6	3.734e4
642.7	4.333e4
643.6	6.059e4
644.5	3.804e4
645.1	6.080e3
645.7	3.208e4
646.7	2.239e4
647.7	1.227e5
648.7	6.117e4
649.6	3.669e4
650.2	3.327e3
650.8	3.739e4
651.7	2.791e4
652.6	2.170e4
653.6	2.169e4
654.2	6.410e2
654.7	1.669e4
655.6	4.779e4
656.5	5.376e4
657.5	5.300e4
658.1	3.963e3
658.7	5.343e4
659.7	3.901e4
660.7	2.710e4
661.6	8.164e4
662.1	8.890e2
662.7	4.164e4
663.7	1.604e5
664.2	6.490e2
664.7	8.089e4
665.2	4.680e2
665.7	5.123e4
666.7	2.748e4
667.6	2.339e4
668.5	2.805e4
669.0	3.620e2
669.5	6.222e4
670.0	1.450e3
670.6	6.081e4
671.5	5.162e4
672.1	2.245e3
672.7	5.092e4
673.2	1.169e3
673.7	4.679e4
674.7	2.500e4
675.7	4.780e4
676.7	2.469e4
677.2	5.690e2
677.7	9.640e4
678.7	5.603e4
679.7	3.535e4
680.3	3.041e3
680.9	2.966e4
681.4	1.885e3
682.0	2.109e4
682.7	8.668e3
683.5	3.190e4
684.0	5.870e2
684.5	3.988e4
685.1	3.466e3
685.6	4.922e5
686.6	2.651e5
687.1	1.396e3
687.7	9.546e4
688.7	3.817e4
689.2	9.220e2
689.7	3.876e4
690.7	2.372e4
691.2	1.023e3
691.7	1.016e5
692.7	6.211e4
693.7	3.523e4
694.2	3.649e3
694.8	2.846e4
695.7	1.753e4
696.5	2.085e4
697.5	2.776e4
698.1	5.858e3
698.7	2.158e4
699.7	3.134e4
700.7	3.761e4
701.2	1.570e3
701.7	4.755e4
702.3	5.750e3
703.0	6.699e4
703.8	3.353e4
704.8	2.414e4
705.7	7.048e4
706.7	4.130e4
707.7	5.966e4
708.2	1.299e3
708.7	2.547e5
709.7	1.419e5
710.2	4.000e2
710.7	5.280e4
711.7	3.125e4
712.7	2.635e4
713.2	3.430e2
713.7	3.541e4
714.2	6.920e2
714.7	3.364e4
715.7	2.917e4
716.2	9.490e2
716.8	3.329e4
717.7	3.355e4
718.7	2.514e4
719.7	4.502e4
720.2	5.260e2
720.7	3.002e4
721.7	8.227e4
722.7	5.476e4
723.6	2.779e4
724.5	8.161e4
725.0	1.130e2
725.5	1.139e5
726.0	1.598e3
726.6	1.853e5
727.1	9.310e2
727.6	1.004e5
728.6	6.560e4
729.6	3.812e4
730.2	1.991e3
730.8	3.638e4
731.7	3.457e4
732.7	2.560e4
733.7	2.780e4
734.7	2.824e4
735.7	8.825e4
736.2	5.980e2
736.8	6.331e4
737.7	3.747e4
738.6	3.051e4
739.1	2.110e3
739.7	2.120e4
740.3	3.591e3
740.9	1.977e4
741.5	2.710e2
742.0	3.044e4
742.8	1.752e4
743.8	2.967e4
744.8	2.869e4
745.7	3.197e4
746.7	3.288e4
747.6	2.336e4
748.5	3.757e4
749.1	4.034e3
749.7	7.615e4
750.7	5.235e4
751.2	3.130e2
751.7	5.163e4
752.7	3.030e4
753.7	3.416e4
754.6	2.556e4
755.5	2.648e4
756.2	3.552e3
756.8	1.989e4
757.7	2.487e4
758.7	2.898e4
759.7	3.138e4
760.3	1.722e3
760.8	3.834e4
761.8	2.855e4
762.8	1.634e4
763.8	3.089e4
764.8	2.543e4
765.7	5.923e4
766.7	3.457e4
767.3	9.820e2
767.9	2.510e4
768.8	1.366e4
769.6	2.217e4
770.2	5.872e3
770.9	3.780e4
771.4	2.585e3
772.0	2.813e4
772.9	1.418e4
773.7	2.400e4
774.2	2.242e3
774.8	3.064e4
775.7	2.327e4
776.7	3.455e4
777.7	3.269e4
778.7	2.040e4
779.2	5.150e2
779.7	6.200e4
780.8	4.238e4
781.3	1.029e3
781.8	2.782e4
782.3	4.790e2
782.8	1.627e4
783.7	1.776e4
784.6	1.851e4
785.2	1.217e3
785.7	1.961e4
786.4	2.655e3
787.0	1.918e4
787.9	2.280e4
788.9	2.534e4
789.8	2.105e4
790.7	1.118e4
791.5	2.994e4
792.5	2.167e4
793.1	7.297e3
793.8	4.694e4
794.8	2.598e4
795.8	3.253e4
796.8	2.493e4
797.7	2.528e4
798.7	4.707e4
799.7	4.159e4
800.7	2.918e4
801.7	3.054e4
802.2	1.847e3
802.8	2.168e4
803.8	1.893e4
804.3	2.420e3
804.9	2.277e4
805.8	1.983e4
806.8	1.433e4
807.7	2.683e4
808.3	8.630e2
808.9	1.933e4
809.4	5.000e2
809.9	4.428e4
810.8	2.521e4
811.8	1.918e4
812.3	1.146e3
812.9	2.022e4
813.7	1.367e4
814.7	1.913e4
815.2	1.854e3
815.8	1.832e4
816.8	1.646e4
817.3	2.180e2
817.8	2.044e4
818.4	1.487e3
818.9	2.610e4
819.9	2.662e4
820.8	1.804e4
821.3	1.379e3
821.9	1.906e4
822.9	1.339e4
823.8	4.513e4
824.8	2.846e4
825.4	1.032e3
825.9	1.824e4
826.8	1.497e4
827.7	1.377e4
828.4	4.452e3
829.0	1.280e4
829.9	1.754e4
830.8	1.204e4
831.7	1.387e4
832.2	1.351e3
832.8	1.825e4
833.3	7.130e2
833.9	2.225e4
834.4	1.515e3
835.0	2.164e4
835.8	1.038e4
836.6	1.631e4
837.2	2.086e3
837.8	3.005e4
838.5	3.734e3
839.1	3.764e4
840.0	2.577e4
840.6	5.150e2
841.1	1.859e4
842.1	1.684e4
842.9	8.802e3
843.7	1.325e4
844.2	2.910e2
844.8	1.145e4
845.3	1.880e2
845.8	1.845e4
846.8	1.444e4
847.7	1.709e4
848.3	3.052e3
848.9	2.011e4
849.4	1.010e2
849.9	1.961e4
850.8	1.129e4
851.8	1.976e4
852.4	2.320e3
853.0	1.431e4
853.9	2.899e4
854.8	2.248e4
855.4	6.270e2
855.9	2.023e4
856.8	1.356e4
857.8	1.393e4
858.8	1.460e4
859.4	2.022e3
859.9	1.802e4
860.8	1.380e4
861.8	1.842e4
862.3	8.800e2
862.9	1.725e4
863.8	1.590e4
864.8	1.293e4
865.3	4.540e2
865.9	1.882e4
866.9	1.418e4
867.9	2.711e4
868.4	4.880e2
868.9	2.032e4
869.5	2.144e3
870.1	1.689e4
871.0	8.736e3
871.8	1.239e4
872.4	2.420e2
872.9	4.547e4
873.4	2.490e2
873.9	4.071e4
874.4	7.610e2
875.0	2.319e4
875.7	5.450e3
876.5	1.705e4
877.1	4.544e3
877.8	3.805e4
878.9	2.720e4
879.4	2.699e3
880.0	2.262e4
880.9	1.258e4
881.8	3.064e4
882.6	1.596e4
883.5	2.128e4
884.1	5.087e3
884.8	1.889e4
885.3	5.830e2
885.8	1.461e4
886.8	9.183e3
887.7	1.302e4
888.7	9.812e3
889.6	1.385e4
890.2	1.068e3
890.7	1.013e4
891.6	1.383e4
892.3	4.645e3
892.9	1.651e4
893.4	5.320e2
894.0	1.258e4
895.0	1.358e4
895.9	1.808e4
897.0	1.343e4
897.9	2.476e4
898.8	2.106e4
899.4	1.820e3
900.0	1.682e4
900.9	1.488e4
901.8	5.092e4
902.8	5.367e4
903.4	1.880e2
903.9	3.523e4
904.5	2.325e3
905.0	1.319e4
905.9	1.601e4
906.9	2.384e4
907.8	8.129e4
908.8	5.800e4
909.4	6.380e2
909.9	3.087e4
910.9	1.670e4
911.4	2.760e2
911.9	2.588e4
912.9	1.665e4
913.5	2.028e3
914.0	1.633e4
914.9	1.201e4
915.9	1.258e4
916.6	2.776e3
917.3	1.365e4
917.9	8.680e2
918.4	1.799e4
919.1	5.144e3
919.9	1.384e4
920.4	2.630e2
920.9	1.190e4
921.4	3.500e1
921.9	1.522e4
922.4	2.800e2
922.9	1.967e4
923.8	1.608e4
924.6	2.386e4
925.2	1.453e3
925.7	2.461e4
926.7	2.294e4
927.7	2.044e4
928.7	1.102e4
929.5	8.225e4
930.5	7.453e4
931.5	7.048e4
932.5	4.659e4
933.1	2.170e3
933.6	3.883e4
934.2	3.063e3
934.7	2.312e4
935.3	9.130e2
935.9	3.267e4
936.4	1.660e2
936.9	2.313e4
937.9	1.638e4
938.9	1.482e4
939.9	1.322e4
940.4	1.554e3
941.0	1.389e4
941.9	2.039e4
942.8	9.650e3
943.7	1.455e4
944.5	4.815e3
945.3	2.272e4
946.3	2.594e4
946.9	2.214e3
947.5	1.695e4
948.1	2.393e3
948.7	1.706e4
949.2	7.010e2
949.7	1.582e4
950.5	8.602e3
951.3	2.127e4
951.9	2.820e3
952.5	1.691e4
953.2	4.856e3
954.0	1.616e4
954.8	1.398e4
955.3	6.520e2
955.8	2.201e4
956.4	1.423e3
956.9	1.600e4
957.9	1.585e4
958.8	1.321e4
959.8	8.127e3
960.7	1.530e4
961.3	2.377e3
962.0	9.622e3
963.0	1.461e4
963.5	2.050e2
964.0	1.651e4
964.5	2.930e2
965.0	1.206e4
966.0	8.009e3
966.8	1.227e4
967.4	4.290e2
967.9	1.466e4
968.8	1.188e4
969.3	6.050e2
969.9	2.058e4
970.8	1.380e4
971.8	1.845e4
972.4	1.738e3
973.0	1.573e4
973.9	1.770e4
974.4	9.420e2
975.0	2.070e4
975.6	3.542e3
976.3	1.069e4
977.1	6.212e3
977.9	1.154e5
978.9	9.914e4
979.9	4.557e4
980.8	1.978e4
981.4	1.550e2
981.9	2.383e4
982.8	1.455e4
983.7	3.415e4
984.7	2.739e4
985.3	2.305e3
985.9	1.818e4
986.7	7.597e3
987.4	1.812e4
988.2	8.089e3
989.1	1.340e4
989.8	5.162e3
990.5	1.210e4
991.5	1.236e4
992.0	7.250e2
992.6	1.355e4
993.2	2.028e3
993.8	1.282e4
994.6	1.505e4
995.1	1.953e3
995.7	1.339e4
996.7	9.739e3
997.4	4.862e3
998.1	1.528e4
998.9	8.453e3
999.8	2.218e4
1000.3	7.880e2
1000.9	1.808e4
1001.7	5.903e3
1002.3	1.619e4
1002.9	2.088e3
1003.5	2.903e4
1004.5	2.381e4
1005.0	1.650e2
1005.5	2.582e4
1006.5	2.415e4
1007.0	9.980e2
1007.6	1.912e4
1008.3	4.836e3
1009.0	1.317e4
1009.5	3.110e2
1010.0	1.505e4
1010.9	8.104e3
1011.7	5.594e3
1012.4	1.494e4
1013.2	6.221e3
1014.0	1.862e4
1014.9	1.105e4
1015.8	1.605e4
1016.4	6.300e2
1016.9	1.417e4
1017.9	1.390e4
1018.7	5.873e3
1019.4	1.071e4
1019.9	3.840e2
1020.4	1.334e4
1021.2	5.713e3
1022.0	1.374e4
1022.8	7.171e3
1023.6	1.174e4
1024.2	1.903e3
1024.8	1.056e4
1025.9	1.156e4
1026.4	3.540e2
1026.9	1.285e4
1027.7	1.291e4
1028.2	2.500e1
1028.8	1.101e4
1029.3	8.740e2
1029.9	1.422e4
1030.5	2.147e3
1031.1	1.512e4
1032.1	1.271e4
1032.8	4.593e3
1033.5	1.007e4
1034.1	5.370e2
1034.7	8.586e3
1035.6	1.430e4
1036.6	1.111e4
1037.5	8.619e3
1038.4	9.985e3
1039.0	5.930e2
1039.6	1.465e4
1040.1	4.690e2
1040.6	1.444e4
1041.6	1.033e4
1042.4	3.308e3
1043.1	1.540e4
1043.9	1.026e4
1044.8	1.068e4
1045.8	8.705e3
1046.6	1.324e4
1047.6	8.934e3
1048.4	5.395e3
1049.4	1.312e4
1050.3	9.229e3
1051.1	4.932e3
1051.8	9.788e3
1052.5	3.193e3
1053.2	1.076e4
1053.7	3.030e2
1054.3	1.269e4
1055.1	5.883e3
1056.0	1.572e4
1056.9	1.288e4
1057.9	1.230e4
1058.9	1.348e4
1059.4	1.880e2
1059.9	9.853e3
1060.5	5.610e2
1061.1	1.409e4
1061.8	5.891e3
1062.5	1.157e4
1063.1	2.833e3
1063.8	1.369e4
1064.4	4.710e2
1064.9	1.097e4
1065.4	4.790e2
1065.9	1.195e4
1066.8	6.568e3
1067.6	1.053e4
1068.6	1.301e4
1069.4	3.537e3
1070.2	9.423e3
1070.7	6.620e2
1071.3	1.233e4
1071.8	3.860e2
1072.4	1.195e4
1073.1	6.343e3
1073.8	1.495e4
1074.4	1.618e3
1075.0	1.076e4
1075.9	1.105e4
1076.8	5.112e3
1077.6	1.131e4
1078.6	1.543e4
1079.5	1.377e4
1080.1	6.970e2
1080.6	1.384e4
1081.2	8.220e2
1081.7	1.478e4
1082.7	1.375e4
1083.6	1.414e4
1084.3	4.070e3
1085.0	1.145e4
1086.0	1.048e4
1086.9	7.727e3
1087.9	1.279e4
1088.8	1.206e4
1089.4	1.462e3
1089.9	9.383e3
1090.9	1.033e4
1091.8	6.941e3
1092.4	1.232e3
1093.0	7.506e3
1093.9	5.163e3
1094.5	1.550e3
1095.0	1.057e4
1096.0	6.328e3
1096.9	1.199e4
1097.5	5.600e2
1098.1	9.823e3
1098.6	1.540e2
1099.1	8.606e3
1100.0	1.185e4
1100.7	3.804e3
1101.5	9.538e3
1102.0	1.141e3
1102.6	9.606e3
1103.5	6.710e3
1104.4	1.186e4
1105.1	8.336e3
1106.0	9.235e3
1106.7	2.805e3
1107.4	9.618e3
1108.0	1.837e3
1108.6	1.404e4
1109.3	3.819e3
1110.0	1.091e4
1111.0	1.145e4
1112.0	9.160e3
1112.5	4.170e2
1113.1	8.404e3
1114.1	1.226e4
1114.8	3.145e3
1115.5	1.006e4
1116.5	9.490e3
1117.5	1.123e4
1118.4	8.621e3
1119.1	5.671e3
1119.9	1.141e4
1120.4	1.101e3
1121.0	1.313e4
1121.8	7.862e3
1122.8	8.827e3
1123.5	1.918e3
1124.1	1.243e4
1125.1	6.796e3
1125.9	1.475e4
1126.8	7.641e3
1127.4	3.990e2
1127.9	6.207e3
1128.7	1.091e4
1129.6	7.586e3
1130.5	1.015e4
1131.5	1.050e4
1132.5	8.085e3
1133.1	2.615e3
1133.8	9.370e3
1134.3	7.450e2
1134.9	7.383e3
1135.8	7.733e3
1136.8	8.689e3
1137.7	8.064e3
1138.4	3.782e3
1139.1	1.018e4
1139.6	1.920e2
1140.2	9.026e3
1140.9	4.160e3
1141.8	9.786e3
1142.4	1.550e2
1142.9	8.216e3
1143.9	8.482e3
1144.6	2.347e3
1145.3	9.272e3
1146.3	9.031e3
1147.2	7.187e3
1147.8	8.220e2
1148.4	1.115e4
1149.3	6.934e3
1150.1	1.339e4
1151.0	6.094e3
1151.9	1.081e4
1152.8	7.843e3
1153.7	7.049e3
1154.7	1.089e4
1155.6	6.007e3
1156.5	1.069e4
1157.2	1.472e3
1157.8	1.197e4
1158.6	7.224e3
1159.4	3.928e3
1160.1	7.932e3
1161.0	7.647e3
1162.0	7.280e3
1162.8	1.433e4
1163.3	2.420e2
1163.9	1.263e4
1164.5	7.790e2
1165.1	7.453e3
1165.8	2.092e3
1166.5	1.097e4
1167.0	4.640e2
1167.5	5.714e3
1168.4	4.655e3
1169.3	1.070e4
1170.3	9.361e3
1171.3	1.020e4
1172.3	9.268e3
1172.8	1.800e2
1173.3	5.588e3
1174.0	2.833e3
1174.7	8.738e3
1175.4	2.786e3
1176.0	1.041e4
1176.9	7.029e3
1177.4	1.120e2
1178.0	9.119e3
1178.9	8.048e3
1179.9	8.928e3
1180.9	7.903e3
1181.8	5.644e3
1182.6	7.616e3
1183.4	3.169e3
1184.2	8.268e3
1185.2	9.068e3
1185.9	3.528e3
1186.6	1.086e4
1187.1	1.740e2
1187.6	7.468e3
1188.4	3.492e3
1189.4	1.019e4
1190.1	2.793e3
1190.8	8.657e3
1191.8	8.689e3
1192.7	6.186e3
1193.6	7.005e3
1194.4	2.366e3
1195.1	6.095e3
1195.6	5.300e2
1196.1	1.041e4
1197.1	6.299e3
1197.7	9.330e2
1198.3	9.077e3
1198.8	8.440e2
1199.4	8.737e3
1200.4	8.155e3
1201.0	1.129e3
1201.6	8.992e3
1202.2	1.283e3
1202.8	5.657e3
1203.7	7.295e3
1204.4	2.365e3
1205.1	1.081e4
1205.9	3.537e3
1206.6	7.538e3
1207.5	1.116e4
1208.2	2.175e3
1208.9	6.141e3
1209.9	8.520e3
1210.9	1.097e4
1211.7	2.946e3
1212.5	9.791e3
1213.5	6.144e3
1214.4	9.602e3
1215.3	9.470e3
1216.0	8.400e2
1216.6	7.991e3
1217.7	9.775e3
1218.5	7.994e3
1219.2	2.908e3
1219.9	7.947e3
1220.8	1.264e4
1221.3	2.590e2
1221.9	1.015e4
1222.7	6.485e3
1223.6	1.016e4
1224.4	5.504e3
1225.0	6.290e2
1225.6	5.366e3
1226.5	7.269e3
1227.3	3.460e3
1228.0	1.190e4
1229.0	8.045e3
1229.6	1.705e3
1230.2	1.116e4
1230.9	2.013e3
1231.6	9.808e3
1232.1	3.720e2
1232.7	9.972e3
1233.4	3.541e3
1234.2	5.916e3
1235.1	1.089e4
1235.7	9.890e2
1236.4	6.418e3
1237.4	9.421e3
1238.3	9.446e3
1238.8	2.180e2
1239.4	7.767e3
1240.4	6.245e3
1241.1	2.797e3
1241.8	9.270e3
1242.3	8.500e1
1242.8	8.340e3
1243.4	2.216e3
1244.1	1.092e4
1245.1	6.638e3
1246.1	7.202e3
1247.0	1.261e4
1247.6	7.490e2
1248.1	9.754e3
1249.1	5.281e3
1250.0	1.154e4
1250.5	5.360e2
1251.1	9.289e3
1251.7	3.640e2
1252.3	9.128e3
1252.9	8.620e2
1253.5	8.437e3
1254.3	3.913e3
1255.1	8.682e3
1255.6	8.700e1
1256.1	6.088e3
1257.1	9.352e3
1257.6	2.600e2
1258.2	6.462e3
1258.8	9.610e2
1259.4	8.167e3
1259.9	3.960e2
1260.5	6.656e3
1261.4	7.454e3
1261.9	3.510e2
1262.5	9.396e3
1263.2	4.286e3
1264.1	9.915e3
1265.1	8.486e3
1265.7	1.464e3
1266.4	6.181e3
1267.0	1.960e2
1267.5	7.579e3
1268.4	7.186e3
1269.4	8.061e3
1269.9	5.610e2
1270.6	9.287e3
1271.5	6.169e3
1272.3	9.547e3
1273.0	1.466e3
1273.6	7.978e3
1274.1	1.650e2
1274.7	7.874e3
1275.6	7.859e3
1276.1	8.300e1
1276.6	7.777e3
1277.3	1.520e3
1277.8	6.335e3
1278.8	7.148e3
1279.7	7.432e3
1280.6	4.891e3
1281.6	6.099e3
1282.1	3.100e2
1282.6	1.006e4
1283.5	4.620e3
1284.4	5.466e3
1285.3	7.136e3
1286.2	5.121e3
1286.8	1.941e3
1287.4	6.969e3
1288.2	2.703e3
1289.0	7.211e3
1290.0	9.301e3
1290.9	7.249e3
1291.7	9.652e3
1292.2	4.810e2
1292.8	9.182e3
1293.8	7.664e3
1294.5	1.817e3
1295.2	5.674e3
1296.1	8.404e3
1296.9	4.413e3
1297.7	8.950e3
1298.6	4.453e3
1299.3	9.874e3
1299.8	9.000e0
1300.3	7.410e3
1301.0	1.884e3
1301.7	6.594e3
1302.7	8.051e3
1303.3	6.190e2
1303.9	8.801e3
1304.8	6.513e3
1305.7	9.612e3
1306.6	7.503e3
1307.5	4.532e3
1308.2	7.713e3
1309.0	2.973e3
1309.8	6.139e3
1310.8	8.584e3
1311.8	8.081e3
1312.4	3.950e2
1313.0	5.983e3
1313.7	1.958e3
1314.3	1.216e4
1315.3	9.385e3
1316.2	7.139e3
1317.1	5.586e3
1317.7	7.310e2
1318.3	7.139e3
1319.0	1.272e3
1319.6	9.340e3
1320.5	5.274e3
1321.4	7.918e3
1322.1	4.325e3
1323.0	8.355e3
1323.6	1.766e3
1324.3	6.099e3
1324.8	7.900e1
1325.3	8.142e3
1326.3	6.213e3
1327.2	7.362e3
1328.0	2.032e3
1328.7	7.547e3
1329.3	7.070e2
1329.9	1.025e4
1330.6	1.664e3
1331.2	8.652e3
1332.0	2.482e3
1332.8	8.983e3
1333.7	2.888e3
1334.6	5.985e3
1335.1	3.410e2
1335.6	7.330e3
1336.5	6.603e3
1337.6	8.297e3
1338.3	3.072e3
1339.1	8.452e3
1340.1	5.618e3
1341.1	9.579e3
1342.1	7.575e3
1343.1	6.818e3
1343.8	3.090e3
1344.6	9.165e3
1345.3	3.382e3
1346.0	7.116e3
1346.7	8.740e2
1347.3	1.015e4
1348.2	2.067e4
1349.2	1.771e4
1349.7	6.630e2
1350.3	1.419e4
1351.3	8.530e3
1352.1	5.050e3
1352.8	1.789e3
1353.5	9.774e3
1354.5	7.799e3
1355.4	5.683e3
1356.0	5.830e2
1356.6	4.835e3
1357.2	5.710e2
1357.8	8.344e3
1358.4	1.233e3
1359.0	8.392e3
1359.9	6.054e3
1360.6	2.307e3
1361.4	8.139e3
1362.2	4.236e3
1363.2	7.145e3
1364.0	3.848e3
1364.8	6.593e3
1365.3	8.000e1
1365.8	7.224e3
1366.6	1.524e3
1367.3	7.409e3
1368.2	6.555e3
1369.0	6.454e3
1370.0	1.256e4
1371.0	7.217e3
1371.9	8.177e3
1372.9	8.226e3
1373.4	5.400e2
1374.0	5.083e3
1374.8	8.209e3
1375.6	4.881e3
1376.6	8.276e3
1377.2	7.410e2
1377.8	7.245e3
1378.3	2.850e2
1378.9	5.193e3
1379.4	3.880e2
1379.9	6.432e3
1380.9	7.051e3
1381.8	3.334e3
1382.6	8.398e3
1383.1	6.480e2
1383.7	5.763e3
1384.5	2.884e3
1385.3	4.311e3
1386.0	8.680e2
1386.6	6.671e3
1387.3	3.522e3
1388.2	7.065e3
1389.2	7.001e3
1390.2	8.425e3
1391.0	4.257e3
1392.0	9.389e3
1392.9	3.766e3
1393.7	7.465e3
1394.5	2.216e3
1395.3	7.772e3
1396.3	5.504e3
1396.9	2.850e2
1397.4	9.142e3
1398.2	2.981e3
1399.0	3.877e3
1400.0	1.001e4
1400.6	8.250e2
1401.2	7.143e3
1402.0	2.692e3
1402.7	5.189e3
1403.6	5.110e3
1404.6	6.999e3
1405.4	5.668e3
1406.4	6.153e3
1407.3	6.224e3
1408.1	3.841e3
1409.0	6.551e3
1409.9	4.220e3
1410.9	4.133e3
1411.5	7.960e2
1412.0	6.305e3
1412.8	1.243e3
1413.4	8.264e3
1414.0	1.990e2
1414.6	5.885e3
1415.2	4.790e2
1415.7	6.393e3
1416.5	2.933e3
1417.2	4.358e3
1418.2	9.385e3
1418.9	3.181e3
1419.5	1.057e4
1420.5	5.972e3
1421.0	1.150e2
1421.6	7.396e3
1422.3	3.429e3
1423.2	5.818e3
1424.2	5.853e3
1425.1	4.729e3
1426.0	8.697e3
1426.9	4.868e3
1427.7	5.710e3
1428.6	5.826e3
1429.7	3.992e3
1430.6	3.966e3
1431.2	4.770e2
1431.8	7.633e3
1432.8	2.990e3
1433.6	4.139e3
1434.5	6.597e3
1435.4	7.839e3
1436.4	4.204e3
1437.3	7.799e3
1438.2	5.875e3
1439.1	3.969e3
1440.1	5.328e3
1440.8	1.714e3
1441.4	6.340e3
1442.0	5.170e2
1442.5	7.228e3
1443.5	7.120e3
1444.3	7.214e3
1445.3	3.533e3
1446.3	6.248e3
1447.0	2.834e3
1447.5	3.860e2
1448.1	5.643e3
1449.1	6.576e3
1450.0	4.400e3
1451.0	6.429e3
1451.7	3.055e3
1452.5	5.795e3
1453.4	6.533e3
1454.3	3.094e3
1455.1	5.067e3
1456.0	3.667e3
1456.9	3.211e3
1458.0	6.448e3
1458.5	3.220e2
1459.0	4.992e3
1459.9	2.415e3
1460.8	5.123e3
1461.6	2.358e3
1462.4	7.197e3
1463.1	2.378e3
1463.8	8.171e3
1464.7	3.247e3
1465.5	6.312e3
1466.0	1.640e2
1466.6	7.563e3
1467.5	4.543e3
1468.3	1.848e3
1469.0	7.462e3
1469.9	4.247e3
1470.8	5.537e3
1471.3	3.190e2
1471.9	3.818e3
1472.8	6.980e3
1473.4	9.330e2
1474.0	6.722e3
1474.5	2.230e2
1475.0	4.129e3
1475.9	2.927e3
1476.8	7.106e3
1477.7	4.809e3
1478.5	3.078e3
1479.4	5.358e3
1480.3	4.805e3
1481.0	1.070e3
1481.7	5.539e3
1482.5	3.745e3
1483.4	6.327e3
1484.3	2.837e3
1485.1	5.956e3
1486.1	2.475e3
1486.8	5.653e3
1487.3	2.200e2
1487.9	4.187e3
1488.4	1.040e2
1488.9	3.951e3
1489.9	6.276e3
1490.4	2.490e2
1490.9	5.465e3
1491.4	1.400e2
1492.0	5.101e3
1492.6	7.270e2
1493.3	5.173e3
1494.0	2.819e3
1494.7	7.105e3
1495.6	4.405e3
1496.3	2.195e3
1497.1	7.119e3
1497.9	1.378e3
1498.6	5.168e3
1499.3	7.370e2
1499.9	6.319e3
1500.6	1.551e3
1501.3	7.722e3
1502.1	4.232e3
1502.7	7.300e2
1503.4	4.219e3
1504.0	1.470e2
1504.5	6.657e3
1505.2	1.508e3
1505.9	3.118e3
1506.7	3.374e3
1507.5	2.734e3
1508.3	5.829e3
1508.9	1.670e2
1509.4	5.414e3
1510.4	3.604e3
1511.1	1.754e3
1511.9	5.024e3
1512.6	1.117e3
1513.3	3.855e3
1514.1	2.432e3
1514.9	6.433e3
1515.9	5.502e3
1516.4	2.900e1
1516.9	4.030e3
1517.6	3.630e2
1518.2	7.042e3
1518.8	7.000e2
1519.3	5.414e3
1520.1	1.983e3
1520.9	4.116e3
1521.8	4.573e3
1522.5	8.090e2
1523.1	4.549e3
1524.0	3.123e3
1524.8	7.576e3
1525.6	2.540e3
1526.3	4.504e3
1527.0	7.610e2
1527.7	5.357e3
1528.4	9.440e2
1529.1	5.250e3
1530.0	3.524e3
1531.0	4.569e3
1531.9	2.945e3
1532.4	1.200e2
1533.0	4.678e3
1533.5	1.560e2
1534.1	2.597e3
1535.0	3.693e3
1535.9	2.042e3
1536.7	2.984e3
1537.7	6.321e3
1538.6	1.957e3
1539.6	3.277e3
1540.5	6.126e3
1541.6	4.475e3
1542.5	2.691e3
1543.5	3.816e3
1544.1	6.570e2
1544.6	5.600e3
1545.4	1.179e3
1546.2	4.864e3
1547.2	3.730e3
1548.0	2.291e3
1548.8	3.298e3
1549.7	6.817e3
1550.2	2.026e3
1550.9	4.592e3
1551.7	4.575e3
1552.5	5.419e3
1553.3	1.113e3
1554.0	4.791e3
1554.7	9.290e2
1555.3	3.929e3
1556.1	6.460e2
1556.7	5.452e3
1557.2	1.520e2
1557.8	6.116e3
1558.5	2.405e3
1559.3	5.734e3
1559.9	6.830e2
1560.6	4.775e3
1561.3	1.735e3
1562.0	6.144e3
1562.7	9.720e2
1563.5	2.307e3
1564.4	4.668e3
1565.4	5.965e3
1566.2	1.662e3
1566.9	5.149e3
1567.8	5.520e3
1568.8	2.476e3
1569.3	2.840e2
1569.8	4.507e3
1570.4	1.960e2
1570.9	2.546e3
1571.8	4.707e3
1572.7	7.155e3
1573.4	1.716e3
1574.1	6.816e3
1574.7	2.800e2
1575.3	2.112e3
1576.2	6.092e3
1577.1	5.326e3
1577.7	1.250e2
1578.2	3.020e3
1579.2	4.368e3
1579.9	2.194e3
1580.9	1.680e3
1581.7	5.486e3
1582.7	5.302e3
1583.7	3.369e3
1584.7	5.004e3
1585.4	9.620e2
1586.0	3.080e3
1587.0	4.660e3
1587.9	4.177e3
1588.4	4.000e0
1588.9	4.906e3
1589.8	2.535e3
1590.7	4.722e3
1591.3	6.270e2
1591.9	4.251e3
1592.8	4.287e3
1593.5	5.470e2
1594.2	4.242e3
1594.9	1.976e3
1595.5	5.213e3
1596.1	1.450e2
1596.6	4.835e3
1597.2	1.570e2
1597.7	4.613e3
1598.7	4.409e3
1599.2	6.000e1
1599.7	4.499e3
1600.7	4.822e3
1601.4	1.447e3
1602.1	4.852e3
1602.9	2.441e3
1603.7	3.780e3
1604.5	2.708e3
1605.2	6.711e3
1606.1	5.909e3
1607.0	2.544e3
1607.9	5.668e3
1608.8	4.257e3
1609.4	1.230e2
1610.0	3.579e3
1610.6	6.960e2
1611.2	2.991e3
1612.1	5.799e3
1613.0	1.056e3
1613.7	6.231e3
1614.3	7.280e2
1614.9	4.340e3
1615.5	1.300e2
1616.0	5.118e3
1616.9	4.055e3
1617.8	3.862e3
1618.5	1.379e3
1619.2	5.160e3
1619.7	1.960e2
1620.3	2.767e3
1621.3	1.664e3
1622.2	5.824e3
1622.8	1.610e2
1623.3	4.179e3
1624.0	1.538e3
1624.7	3.641e3
1625.6	4.018e3
1626.3	8.450e2
1626.9	6.534e3
1627.5	1.910e2
1628.1	3.885e3
1628.6	2.080e2
1629.2	4.036e3
1629.9	1.832e3
1630.6	4.218e3
1631.1	2.540e2
1631.8	3.914e3
1632.4	5.490e2
1633.1	5.794e3
1634.0	4.607e3
1635.0	5.544e3
1635.5	7.300e1
1636.1	4.835e3
1637.1	4.345e3
1637.6	8.200e1
1638.1	4.912e3
1638.7	1.260e2
1639.2	4.947e3
1640.1	2.640e3
1640.9	2.705e3
1641.8	3.985e3
1642.8	2.986e3
1643.7	3.763e3
1644.7	3.331e3
1645.2	5.760e2
1645.8	5.365e3
1646.4	6.380e2
1647.0	4.048e3
1647.8	1.835e3
1648.6	4.471e3
1649.1	2.700e1
1649.7	4.411e3
1650.6	3.276e3
1651.6	4.337e3
1652.2	1.285e3
1652.9	2.505e3
1653.5	3.400e2
1654.0	3.381e3
1655.0	1.617e3
1655.7	5.579e3
1656.5	2.308e3
1657.4	4.632e3
1658.4	3.452e3
1659.4	3.175e3
1660.3	5.842e3
1661.2	2.808e3
1661.7	1.500e2
1662.2	4.300e3
1663.0	1.784e3
1663.8	5.927e3
1664.7	2.021e3
1665.5	4.849e3
1666.3	1.941e3
1667.1	3.417e3
1668.0	2.452e3
1668.8	1.519e3
1669.6	2.486e3
1670.5	4.619e3
1671.2	1.288e3
1671.9	4.557e3
1672.7	1.583e3
1673.5	2.846e3
1674.4	3.235e3
1675.1	1.633e3
1675.8	4.366e3
1676.5	6.740e2
1677.1	5.064e3
1678.1	2.350e3
1678.9	6.419e3
1679.9	4.283e3
1680.8	1.545e3
1681.7	2.324e3
1682.7	3.116e3
1683.2	9.600e1
1683.7	2.536e3
1684.6	2.857e3
1685.3	5.787e3
1685.9	2.940e2
1686.5	4.133e3
1687.3	1.961e3
1688.1	4.877e3
1688.8	1.602e3
1689.6	3.479e3
1690.3	1.394e3
1691.0	3.925e3
1692.0	4.865e3
1692.7	1.272e3
1693.4	4.487e3
1694.5	4.295e3
1695.1	3.950e2
1695.6	3.440e3
1696.3	5.750e2
1696.9	5.054e3
1697.6	9.460e2
1698.4	2.211e3
1699.4	1.895e3
1700.3	4.957e3
1701.2	1.835e3
1702.1	2.138e3
1702.9	5.371e3
1703.7	2.169e3
1704.6	3.863e3
1705.4	3.980e3
1706.4	3.955e3
1707.0	2.160e2
1707.5	4.556e3
1708.1	7.730e2
1708.7	3.656e3
1709.7	4.110e3
1710.6	3.181e3
1711.5	2.850e3
1712.4	1.974e3
1713.4	3.758e3
1714.3	3.561e3
1715.2	3.521e3
1715.8	5.170e2
1716.3	4.799e3
1717.2	2.718e3
1717.7	5.400e1
1718.2	2.904e3
1719.0	7.940e2
1719.7	3.287e3
1720.3	9.450e2
1720.9	3.914e3
1721.5	1.910e2
1722.2	3.268e3
1722.9	9.400e2
1723.7	4.843e3
1724.6	2.568e3
1725.2	5.860e2
1725.8	2.449e3
1726.8	4.157e3
1727.3	2.050e2
1727.9	2.804e3
1728.8	4.350e3
1729.6	3.235e3
1730.2	2.340e2
1730.7	3.060e3
1731.6	2.982e3
1732.5	3.587e3
1733.4	6.020e3
1734.0	9.940e2
1734.6	4.145e3
1735.1	1.480e2
1735.7	3.640e3
1736.5	1.247e3
1737.4	3.571e3
1737.9	1.250e2
1738.5	4.187e3
1739.1	4.440e2
1739.8	2.635e3
1740.7	4.748e3
1741.5	8.280e2
1742.2	3.894e3
1742.7	4.600e1
1743.2	3.034e3
1743.9	1.260e3
1744.6	4.233e3
1745.5	2.294e3
1746.3	3.986e3
1747.3	2.986e3
1748.2	4.559e3
1748.7	3.500e2
1749.3	2.728e3
1750.3	2.720e3
1751.3	4.029e3
1752.2	3.657e3
1752.8	4.730e2
1753.4	2.965e3
1754.3	1.804e3
1754.8	2.490e2
1755.4	3.160e3
1756.1	4.780e2
1756.7	3.795e3
1757.6	1.680e3
1758.4	3.486e3
1759.4	2.785e3
1760.2	1.742e3
1761.0	3.780e3
1761.5	4.600e1
1762.1	3.570e3
1762.7	3.880e2
1763.3	3.028e3
1764.2	1.635e3
1765.0	3.134e3
1765.6	5.700e2
1766.2	4.623e3
1767.1	1.364e3
1767.8	3.631e3
1768.6	1.229e3
1769.3	2.667e3
1770.1	1.118e3
1771.0	3.021e3
1771.8	3.310e3
1772.6	5.630e3
1773.3	8.620e2
1774.0	3.806e3
1774.9	1.254e3
1775.7	2.105e3
1776.4	8.110e2
1777.1	4.862e3
1778.0	2.716e3
1778.7	6.380e2
1779.3	3.480e3
1780.2	3.375e3
1781.2	3.996e3
1782.2	2.322e3
1783.2	2.775e3
1783.7	8.600e1
1784.2	2.763e3
1785.1	1.583e3
1785.9	3.605e3
1786.5	4.080e2
1787.2	2.510e3
1788.0	5.275e3
1788.5	2.320e2
1789.1	2.446e3
1789.6	4.000e0
1790.1	2.893e3
1790.7	3.020e2
1791.4	2.188e3
1791.9	8.300e1
1792.5	3.426e3
1793.0	1.300e1
1793.6	3.390e3
1794.3	7.370e2
1795.1	4.629e3
1795.6	1.140e2
1796.1	3.664e3
1796.9	6.160e2
1797.6	3.193e3
1798.5	2.391e3
1799.6	1.896e3
1800.4	3.719e3
1801.2	1.475e3
1802.1	3.696e3
1802.8	1.587e3
1803.6	2.813e3
1804.3	1.098e3
1804.9	3.904e3
1805.5	7.800e1
1806.0	2.819e3
1806.6	1.144e3
1807.4	4.388e3
1808.2	1.094e3
1809.0	2.056e3
1809.9	2.503e3
1810.6	4.000e2
1811.2	2.733e3
1812.2	3.606e3
1812.8	3.060e2
1813.3	3.498e3
1813.9	5.580e2
1814.6	3.258e3
1815.5	3.737e3
1816.0	5.800e1
1816.5	3.134e3
1817.2	5.050e2
1817.8	3.460e3
1818.6	6.700e2
1819.4	3.022e3
1820.4	3.274e3
1821.4	2.738e3
1822.3	1.781e3
1822.8	1.230e2
1823.4	1.804e3
1824.3	3.548e3
1825.3	2.942e3
1826.1	1.079e3
1826.7	2.003e3
1827.3	1.420e2
1827.8	3.231e3
1828.4	2.960e2
1829.0	2.596e3
1829.7	1.527e3
1830.5	4.805e3
1831.2	2.370e2
1831.9	2.081e3
1832.5	5.900e1
1833.0	4.125e3
1834.0	3.602e3
1834.8	1.550e3
1835.8	3.622e3
1836.8	2.760e3
1837.8	2.173e3
1838.5	8.620e2
1839.3	2.284e3
1840.3	1.423e3
1841.3	2.831e3
1841.9	7.550e2
1842.5	2.856e3
1843.3	1.118e3
1844.1	2.797e3
1844.7	4.600e2
1845.3	3.563e3
1846.3	2.130e3
1847.2	4.039e3
1848.0	1.560e3
1848.6	3.640e2
1849.3	2.951e3
1850.4	3.555e3
1851.1	1.108e3
1851.9	7.830e2
1852.6	1.751e3
1853.4	3.092e3
1854.3	2.151e3
1854.8	3.430e2
1855.3	3.023e3
1856.0	5.470e2
1856.7	3.745e3
1857.6	3.944e3
1858.2	6.190e2
1858.9	2.657e3
1859.5	6.640e2
1860.2	3.871e3
1861.0	2.519e3
1861.7	2.172e3
1862.6	3.349e3
1863.1	1.600e1
1863.6	2.693e3
1864.5	3.098e3
1865.4	1.307e3
1866.1	2.199e3
1867.0	5.073e3
1868.1	4.070e3
1868.9	2.453e3
1869.7	2.071e3
1870.7	2.444e3
1871.3	3.460e2
1871.9	2.704e3
1872.8	4.073e3
1873.5	3.680e2
1874.3	3.066e3
1874.8	7.100e1
1875.3	2.590e3
1876.3	1.622e3
1877.2	2.664e3
1878.3	3.177e3
1878.8	9.000e1
1879.4	2.596e3
1880.2	7.360e2
1880.9	1.610e3
1881.5	1.520e2
1882.1	3.168e3
1882.9	1.423e3
1883.8	3.417e3
1884.9	3.052e3
1885.6	5.290e2
1886.3	2.879e3
1887.2	1.537e3
1887.7	2.100e1
1888.2	1.980e3
1888.7	1.360e2
1889.2	2.456e3
1889.8	3.200e1
1890.3	3.379e3
1891.3	2.819e3
1892.3	1.999e3
1892.9	5.470e2
1893.5	3.114e3
1894.1	6.870e2
1894.9	2.588e3
1895.8	1.347e3
1896.5	3.521e3
1897.3	1.139e3
1898.1	2.516e3
1899.0	2.097e3
1899.9	2.731e3
1900.8	1.967e3
1901.8	1.769e3
1902.6	1.358e3
1903.5	2.333e3
1904.1	2.380e2
1904.7	2.952e3
1905.6	1.027e3
1906.5	3.347e3
1907.3	3.291e3
1907.9	1.810e2
1908.6	2.263e3
1909.4	7.960e2
1910.1	3.275e3
1910.9	9.570e2
1911.7	1.549e3
1912.3	3.180e2
1912.9	9.860e2
1913.8	2.554e3
1914.8	1.556e3
1915.3	1.880e2
1916.0	2.121e3
1916.9	4.625e3
1917.6	6.020e2
1918.3	2.460e3
1919.0	5.910e2
1919.7	1.709e3
1920.3	9.800e1
1920.8	2.042e3
1921.4	6.010e2
1922.0	3.083e3
1923.0	1.393e3
1923.8	1.204e3
1924.4	4.950e2
1925.1	1.956e3
1926.1	4.525e3
1926.9	1.150e3
1927.9	1.911e3
1928.5	5.730e2
1929.3	1.744e3
1929.9	1.870e2
1930.4	2.497e3
1931.1	1.190e2
1931.6	2.257e3
1932.6	2.201e3
1933.5	1.243e3
1934.4	3.162e3
1935.0	2.250e2
1935.6	3.828e3
1936.1	1.020e2
1936.8	2.323e3
1937.6	2.224e3
1938.4	5.740e2
1938.9	2.396e3
1939.6	8.500e1
1940.3	2.529e3
1941.3	8.370e2
1942.0	3.017e3
1942.9	2.302e3
1943.8	2.382e3
1944.4	1.450e2
1945.0	2.127e3
1945.5	9.700e1
1946.1	1.491e3
1946.8	4.260e2
1947.5	2.054e3
1948.5	4.058e3
1949.1	1.790e2
1949.7	2.445e3
1950.4	4.670e2
1951.1	3.440e3
1951.8	6.670e2
1952.5	2.747e3
1953.3	1.354e3
1954.2	4.398e3
1955.0	2.059e3
1955.7	1.090e3
1956.5	3.218e3
1957.4	2.495e3
1958.3	3.642e3
1959.1	1.859e3
1959.9	2.837e3
1960.5	2.350e2
1961.2	2.378e3
1962.2	2.280e3
1963.0	1.008e3
1963.8	3.733e3
1964.5	5.210e2
1965.2	1.629e3
1966.1	8.560e2
1966.8	2.172e3
1967.4	6.900e1
1967.9	2.430e3
1968.6	7.600e2
1969.3	2.669e3
1970.1	1.533e3
1970.9	2.172e3
1971.6	8.420e2
1972.3	2.366e3
1973.1	8.080e2
1973.8	1.484e3
1974.7	2.258e3
1975.7	2.679e3
1976.3	4.340e2
1977.1	3.086e3
1977.9	8.350e2
1978.7	1.896e3
1979.7	1.087e3
1980.5	1.804e3
1981.2	1.420e2
1981.8	1.923e3
1982.8	2.294e3
1983.5	5.080e2
1984.2	2.918e3
1985.0	2.415e3
1985.6	7.280e2
1986.4	1.976e3
1987.0	2.430e2
1987.5	2.732e3
1988.2	4.060e2
1988.9	1.962e3
1989.9	2.456e3
1990.5	4.500e2
1991.2	2.172e3
1991.8	2.180e2
1992.4	1.317e3
1993.4	1.972e3
1994.3	1.196e3
1995.2	2.311e3
1996.2	2.700e3
1997.1	8.020e2
1997.9	2.377e3
1998.7	2.991e3
1999.6	1.844e3
