100.1	2.406e3
101.0	6.307e4
101.9	1.356e4
103.0	1.538e4
104.1	1.044e3
105.0	3.645e3
106.0	4.510e2
107.1	1.112e3
108.0	1.802e4
109.0	1.790e3
110.1	3.740e2
111.0	2.807e3
112.1	3.070e2
113.0	1.172e5
114.0	3.697e3
115.0	5.732e3
116.0	3.043e3
117.0	7.976e4
117.5	6.900e1
118.0	9.457e3
119.0	8.680e3
120.0	1.587e3
120.6	3.000e0
121.1	1.421e3
122.0	5.840e2
122.5	4.900e1
123.1	7.730e2
124.1	2.288e3
125.1	3.156e3
126.0	2.115e3
127.0	1.485e3
127.9	2.578e3
129.1	2.429e3
130.0	1.060e4
131.0	2.112e3
132.1	7.210e2
132.9	3.352e3
134.0	7.350e2
135.0	5.312e3
136.0	1.608e3
137.0	4.872e3
137.5	9.400e1
138.1	6.380e2
139.0	1.878e3
140.0	1.800e3
141.1	2.608e3
142.1	1.295e3
143.0	2.392e3
144.0	1.174e3
145.0	6.604e3
146.0	4.613e3
147.0	2.021e4
148.0	2.251e3
149.0	2.560e3
150.0	2.569e3
151.1	2.809e3
152.0	1.279e4
153.1	5.533e3
154.1	1.534e3
155.0	2.254e3
156.1	2.628e3
157.1	2.489e3
158.1	2.029e3
158.9	2.772e3
159.4	2.700e1
159.9	1.360e3
160.9	1.040e4
161.4	7.800e1
162.0	1.203e3
162.9	1.062e4
163.5	2.220e2
164.0	9.170e2
165.0	5.207e3
166.0	7.680e2
166.8	1.629e3
167.4	5.400e1
168.0	3.290e3
169.1	6.348e3
170.1	1.152e3
171.1	2.407e3
172.1	1.304e3
173.1	3.672e3
174.1	3.975e3
175.0	2.182e4
176.1	4.769e3
177.0	2.003e3
177.6	2.500e1
178.1	1.225e3
179.0	2.662e3
180.0	1.656e3
181.1	3.315e4
182.0	1.904e3
182.5	2.300e1
183.0	2.670e3
184.0	2.363e3
185.0	2.584e3
186.0	2.636e3
186.6	7.700e1
187.1	3.136e3
188.0	1.897e3
189.0	2.064e3
189.6	5.000e0
190.1	1.706e3
191.1	1.052e4
192.1	2.480e3
193.1	5.966e3
194.0	1.598e3
195.0	4.875e3
195.8	7.633e3
196.4	2.260e2
197.1	3.230e3
197.9	1.004e4
198.5	2.600e1
199.0	2.176e3
199.9	5.387e3
201.0	3.466e3
202.0	2.433e3
203.0	1.564e3
204.1	1.923e3
205.1	2.191e3
206.0	1.238e3
207.0	1.051e4
208.0	2.209e3
209.1	2.942e3
209.6	2.900e1
210.1	1.450e3
211.2	1.833e3
212.2	1.634e4
213.1	5.110e3
214.0	2.577e3
214.5	6.000e0
215.1	1.994e3
216.1	1.927e3
216.6	1.800e1
217.1	2.786e3
218.0	2.715e3
219.0	4.104e3
219.6	1.360e2
220.1	8.478e3
221.1	5.600e3
222.0	2.196e3
222.5	2.200e1
223.0	3.551e3
224.0	1.421e3
225.0	3.948e3
226.0	2.554e3
227.0	1.816e3
227.5	5.800e1
228.1	1.680e3
229.1	9.750e2
230.1	1.503e3
231.1	2.582e3
232.1	1.334e3
233.1	2.519e3
234.1	1.783e3
235.1	1.566e3
236.0	4.920e3
236.6	1.020e2
237.1	1.801e3
238.1	2.086e3
239.0	5.254e3
240.0	3.160e3
240.5	1.900e1
241.0	2.712e3
242.1	5.587e3
243.1	7.315e3
244.1	8.937e3
245.1	1.333e3
245.9	2.505e3
246.4	1.600e1
247.0	2.605e3
247.6	3.700e1
248.1	1.692e3
249.1	8.579e4
249.6	1.060e2
250.1	5.033e3
251.1	2.969e3
252.0	1.303e3
253.0	1.627e3
254.0	7.980e2
254.6	8.000e0
255.2	3.472e3
256.1	1.018e3
257.1	1.883e3
258.1	1.630e3
259.1	2.837e3
259.9	2.559e3
260.4	2.900e1
261.0	2.785e3
261.9	2.503e3
262.5	1.240e2
263.0	3.914e3
263.6	5.600e1
264.1	2.509e3
265.1	5.670e3
266.1	3.356e3
266.6	2.200e1
267.1	3.051e3
268.1	1.601e3
269.0	3.699e3
270.0	1.896e3
270.8	4.660e2
271.4	2.455e3
272.2	1.128e3
273.1	1.720e3
274.1	1.129e3
275.0	1.228e4
276.0	1.968e3
276.5	6.900e1
277.1	2.471e3
278.0	1.491e3
278.8	5.700e2
279.4	3.104e3
280.2	2.608e3
281.2	4.540e3
282.2	2.583e3
283.2	3.214e3
284.2	2.065e3
285.1	3.471e3
286.1	1.907e3
287.1	2.419e3
288.1	1.455e4
289.1	5.002e3
290.1	2.428e3
290.6	3.500e1
291.1	7.036e3
292.0	2.596e3
292.6	1.330e2
293.2	2.674e3
294.1	1.441e3
294.7	1.450e2
295.3	3.158e3
296.2	2.000e3
296.7	4.700e1
297.2	3.376e3
298.1	1.936e3
299.0	1.743e3
300.0	1.555e3
300.5	1.900e1
301.0	3.379e3
301.6	1.560e2
302.1	2.363e3
303.2	3.040e3
304.1	1.821e3
305.1	5.077e3
305.6	9.100e1
306.2	2.418e3
307.1	1.131e4
308.0	3.319e3
308.6	2.420e2
309.1	5.466e3
310.0	2.966e3
310.6	1.670e2
311.1	9.914e3
312.1	5.876e3
313.0	5.582e3
314.0	2.947e3
314.6	7.000e1
315.1	3.237e3
316.2	2.058e3
317.1	1.026e5
318.1	7.785e3
319.1	6.199e3
320.0	2.643e3
320.6	1.350e2
321.1	4.967e3
322.1	2.111e3
323.1	4.568e3
324.1	3.703e3
324.6	2.240e2
325.2	5.487e3
326.1	2.086e3
327.1	7.105e3
328.1	2.094e3
329.0	6.640e3
330.0	3.530e3
330.5	2.600e1
331.1	6.232e3
332.0	2.510e3
332.6	6.200e1
333.2	5.599e3
334.1	4.990e3
335.1	4.235e3
336.0	2.691e3
337.0	4.003e3
338.0	2.383e3
338.7	2.400e2
339.3	6.519e3
340.2	3.460e3
341.1	3.469e3
342.1	2.081e3
343.0	1.068e4
343.5	4.000e0
344.1	2.846e3
344.6	1.740e2
345.1	3.426e3
346.1	2.824e3
346.6	8.000e1
347.2	4.422e3
348.1	2.388e3
349.1	5.459e3
350.1	3.960e3
351.0	3.106e3
351.6	3.920e2
352.1	1.840e3
353.1	7.909e3
354.0	2.414e3
354.6	2.860e2
355.1	4.895e3
356.1	1.849e4
357.0	6.400e3
358.0	2.032e3
359.1	4.716e3
360.1	2.215e3
361.1	2.552e3
362.1	1.526e3
363.0	2.763e3
364.0	2.653e3
364.6	1.140e2
365.2	2.709e3
366.1	2.590e3
367.1	2.086e3
368.0	1.346e3
368.5	1.960e2
369.1	6.418e3
370.0	2.629e3
370.5	2.000e1
371.1	2.781e3
372.2	1.983e3
373.1	2.705e3
374.1	1.731e3
374.6	4.000e0
375.1	6.271e3
376.1	2.195e3
377.1	3.816e3
378.1	2.321e3
379.0	7.192e3
380.0	3.428e3
380.7	1.090e2
381.3	3.618e3
382.2	2.491e3
383.1	2.986e3
383.9	1.991e3
384.5	1.170e2
385.1	5.564e4
386.0	5.404e3
386.5	1.900e1
387.0	3.294e3
388.0	1.850e3
388.5	1.060e2
389.1	2.543e3
390.1	2.142e3
390.7	1.380e2
391.3	5.025e3
392.1	2.147e3
393.0	2.416e3
394.1	3.504e3
395.1	5.673e3
396.0	1.985e3
396.6	1.100e1
397.1	8.309e3
398.0	4.121e3
398.6	2.900e1
399.1	4.931e3
399.9	1.964e3
400.5	1.290e2
401.1	4.595e3
401.6	4.070e2
402.2	2.916e3
403.2	3.797e3
404.0	1.224e3
404.8	2.690e3
405.8	1.993e3
406.4	1.290e2
407.0	1.824e3
407.6	2.660e2
408.2	3.116e3
408.8	3.700e2
409.4	4.740e3
410.3	1.419e3
411.1	8.537e3
412.0	2.782e3
413.0	2.654e3
414.0	1.921e3
414.5	6.700e1
415.1	2.463e3
415.6	2.580e2
416.2	2.076e3
417.2	4.326e3
418.2	2.278e3
419.2	3.467e3
420.1	1.737e3
421.0	3.738e3
422.0	1.503e3
423.1	3.007e3
424.1	1.230e4
425.0	3.598e3
426.0	2.055e3
426.6	9.000e1
427.1	6.133e3
428.0	3.181e3
428.6	1.240e2
429.2	3.124e3
430.1	2.150e3
430.6	6.900e1
431.2	3.010e3
431.8	2.580e2
432.5	2.118e3
433.5	9.627e3
434.4	3.293e3
435.4	3.720e3
435.9	2.680e2
436.5	7.362e3
437.4	4.214e3
438.2	2.503e3
438.8	3.810e2
439.3	3.449e3
440.3	2.191e3
441.2	3.032e3
442.1	1.749e3
443.1	5.161e3
444.0	2.091e3
444.5	1.440e2
445.1	3.404e3
446.0	2.682e3
447.0	6.478e3
447.9	2.597e3
448.5	2.850e2
449.1	2.643e3
450.1	1.570e3
451.1	3.002e3
452.1	2.384e3
453.1	4.274e4
454.0	5.417e3
455.0	2.790e3
455.9	2.106e3
456.5	1.900e2
457.1	3.327e3
457.8	5.210e2
458.5	2.427e3
459.4	6.896e3
460.0	2.640e2
460.5	3.741e3
461.0	2.680e2
461.6	2.774e3
462.6	1.008e4
463.5	4.345e3
464.5	6.039e3
465.5	2.442e4
466.4	9.422e3
467.4	3.397e3
468.2	1.388e3
469.0	4.784e3
470.0	4.121e3
471.0	2.435e3
471.8	1.030e3
472.5	2.175e3
473.4	5.536e3
474.3	2.609e3
475.0	6.720e2
475.7	2.263e3
476.3	7.690e2
477.0	2.526e3
477.6	2.830e2
478.1	2.419e3
478.9	1.144e4
479.7	2.801e3
480.6	6.955e3
481.4	4.110e3
482.4	2.161e3
483.3	3.361e3
483.8	4.200e1
484.3	1.736e3
485.3	5.677e3
486.2	1.949e3
487.1	3.817e3
488.0	2.125e3
488.5	2.490e2
489.1	3.250e3
489.6	5.200e1
490.1	2.466e3
491.0	3.944e3
491.9	1.383e4
492.4	7.510e2
493.0	7.948e3
493.9	3.635e3
494.5	1.680e2
495.1	7.003e3
496.0	2.549e3
496.7	5.810e2
497.3	3.606e3
498.2	1.908e3
498.7	3.800e2
499.2	2.606e3
500.2	1.175e3
501.1	3.474e3
501.7	5.150e2
502.3	3.484e3
503.2	4.331e3
503.7	3.700e1
504.3	3.476e3
505.1	2.421e3
505.7	5.840e2
506.3	2.922e3
507.0	1.380e3
507.8	3.470e3
508.4	5.440e2
509.0	4.190e3
510.0	2.193e3
510.5	6.500e1
511.0	6.209e3
512.0	2.704e3
512.6	1.400e1
513.1	3.773e3
514.0	1.600e3
514.6	1.400e1
515.1	4.806e3
516.0	2.563e3
516.6	6.900e1
517.2	2.339e3
518.0	1.701e3
519.0	3.175e3
520.0	2.344e3
520.5	3.800e2
521.1	4.033e4
522.0	6.221e3
522.6	5.420e2
523.2	4.923e3
524.1	1.272e3
524.8	4.675e3
525.4	4.640e2
526.0	2.320e3
526.6	2.960e2
527.2	3.505e3
527.8	3.950e2
528.4	2.475e3
529.0	6.600e2
529.7	3.113e3
530.2	1.330e2
530.7	5.276e3
531.6	2.824e3
532.5	3.508e3
533.5	6.486e3
534.3	2.898e3
535.3	3.920e3
536.1	1.917e3
537.0	3.588e3
538.0	3.840e3
538.5	8.400e1
539.0	2.960e3
539.8	5.240e2
540.4	5.777e3
541.2	1.981e3
541.9	2.968e3
542.7	7.150e2
543.3	2.332e3
544.2	9.700e2
545.0	2.908e3
545.5	3.900e1
546.1	1.783e3
547.0	9.992e3
547.9	2.558e3
548.4	2.190e2
549.0	3.508e3
549.9	2.373e3
550.5	3.210e2
551.1	2.345e3
551.8	1.140e3
552.5	6.457e3
553.4	4.882e3
554.4	2.175e3
555.4	1.799e3
556.2	1.261e3
557.1	2.696e3
557.6	7.200e1
558.1	1.216e3
559.1	2.767e3
560.1	9.747e3
561.1	3.470e3
562.1	2.153e3
563.1	4.352e3
564.0	2.213e3
564.9	3.056e3
565.8	2.193e3
566.6	2.644e3
567.5	2.245e3
568.3	1.196e3
569.2	3.291e3
569.7	2.300e1
570.2	3.613e3
571.2	4.155e3
572.1	2.940e3
573.0	2.712e3
573.6	3.300e1
574.1	3.957e3
575.1	3.099e3
576.0	2.060e3
577.0	2.968e3
578.0	1.789e3
579.0	5.487e3
580.0	2.819e3
581.0	3.947e3
581.5	2.190e2
582.1	2.119e3
583.0	3.696e3
584.0	1.554e3
584.5	7.000e1
585.1	2.631e3
586.2	2.632e3
587.1	2.459e3
587.7	3.800e1
588.2	2.022e3
589.1	2.962e4
590.1	4.950e3
591.0	2.568e3
591.6	2.900e2
592.2	2.145e3
593.1	3.563e3
594.0	1.434e3
594.7	7.990e2
595.5	2.915e3
596.2	9.800e2
597.0	2.649e3
597.8	4.930e2
598.4	2.293e3
599.4	5.439e3
600.4	2.286e3
601.3	3.014e3
602.1	2.150e3
603.0	3.863e3
603.9	1.354e3
604.5	1.010e2
605.0	2.872e3
606.0	3.299e3
607.0	2.206e3
607.5	2.900e1
608.1	2.012e3
608.8	1.018e3
609.5	2.666e3
610.2	8.040e2
611.1	1.887e3
611.6	1.090e2
612.2	2.180e3
613.2	1.503e3
614.0	1.548e3
614.9	8.279e3
615.4	1.800e1
616.0	3.278e3
616.6	2.080e2
617.1	2.893e3
618.0	1.495e3
619.0	2.771e3
619.8	1.293e3
620.7	1.071e3
621.5	3.689e3
622.1	3.750e2
622.7	1.792e3
623.7	2.015e3
624.4	1.410e2
625.0	2.306e3
626.0	1.465e3
627.0	3.152e3
628.1	8.340e3
629.0	3.186e3
630.0	1.823e3
630.6	1.370e2
631.1	4.272e3
632.0	2.175e3
632.9	3.033e3
633.7	8.040e2
634.3	2.371e3
635.1	9.270e2
635.8	2.460e3
636.8	2.780e3
637.7	1.650e3
638.7	1.306e3
639.6	2.320e3
640.3	7.380e2
641.0	2.748e3
641.8	1.232e3
642.7	2.417e3
643.3	3.570e2
644.0	1.803e3
644.5	3.600e1
645.1	2.294e3
646.0	1.446e3
647.0	3.756e3
647.5	5.700e1
648.0	3.244e3
648.6	4.650e2
649.2	2.677e3
650.2	1.803e3
651.1	2.997e3
652.1	2.238e3
652.8	2.500e1
653.3	2.386e3
654.2	1.415e3
655.1	2.211e3
656.1	2.069e3
657.1	2.132e4
658.0	4.833e3
659.0	3.480e3
659.7	7.650e2
660.5	3.105e3
661.0	1.410e2
661.5	2.752e3
662.3	1.412e3
663.2	3.446e3
663.9	9.750e2
664.7	3.112e3
665.6	1.831e3
666.3	6.280e2
667.0	3.106e3
668.0	2.075e3
668.9	2.973e3
669.5	1.370e2
670.1	3.060e3
670.7	7.800e1
671.2	3.178e3
672.2	1.858e3
673.2	3.944e3
674.1	2.825e3
674.8	4.910e2
675.4	2.114e3
676.3	6.880e2
677.1	2.478e3
678.0	2.454e3
679.0	2.573e3
679.6	9.400e1
680.1	2.407e3
681.1	1.634e3
681.6	3.200e1
682.1	2.938e3
683.0	9.141e3
684.0	4.607e3
684.7	1.169e3
685.4	3.431e3
686.2	3.790e2
686.9	3.358e3
687.4	2.600e1
687.9	2.070e3
688.5	1.230e2
689.1	3.511e3
689.8	9.570e2
690.5	2.960e3
691.1	2.410e2
691.7	2.045e3
692.6	2.950e2
693.2	2.811e3
694.1	1.346e3
695.0	3.020e3
695.5	1.000e2
696.1	7.474e3
697.0	2.604e3
697.8	2.280e3
698.7	5.241e3
699.7	3.462e3
700.2	2.280e2
700.8	2.682e3
701.4	6.610e2
702.0	1.994e3
703.0	2.194e3
703.5	4.400e1
704.0	1.901e3
705.0	2.762e3
705.5	7.000e0
706.0	1.712e3
706.6	2.780e2
707.1	2.005e3
708.0	1.955e3
708.9	2.569e3
709.8	3.922e3
710.7	2.264e3
711.2	3.200e1
711.7	2.495e3
712.7	2.492e3
713.5	3.820e2
714.1	1.528e3
715.0	5.477e3
715.9	2.675e3
717.0	2.891e3
717.5	5.000e1
718.1	2.507e3
719.1	2.675e3
720.0	2.428e3
720.9	2.403e3
721.4	8.100e1
722.0	2.788e3
722.5	4.400e1
723.1	3.087e3
723.6	1.310e2
724.2	1.238e3
725.0	1.627e4
726.0	5.434e3
726.9	3.103e3
727.9	1.933e3
728.5	4.920e2
729.2	1.953e3
729.9	2.910e2
730.5	2.311e3
731.4	2.186e3
732.3	1.550e3
733.2	1.537e3
734.1	1.571e3
735.1	3.410e3
735.9	1.220e3
736.8	2.640e3
737.4	3.610e2
737.9	2.318e3
738.5	1.210e2
739.0	2.734e3
740.0	2.034e3
740.9	3.558e3
741.5	9.980e2
742.4	3.623e3
742.9	4.700e1
743.5	2.534e3
744.2	5.070e2
744.9	2.963e3
745.4	2.430e2
746.0	1.341e3
746.9	1.249e3
747.9	2.373e3
748.8	1.804e3
749.4	9.600e1
749.9	2.339e3
750.9	7.544e3
751.9	3.893e3
752.5	8.010e2
753.1	3.334e3
753.9	1.268e3
754.9	1.901e3
755.9	1.603e3
756.5	3.420e2
757.3	3.169e3
758.1	1.196e3
759.1	1.822e3
759.9	1.178e3
760.5	1.630e2
761.1	2.885e3
761.9	1.798e3
762.5	7.300e1
763.0	3.289e3
763.6	3.080e2
764.2	5.663e3
765.1	2.230e3
765.6	3.400e2
766.2	9.340e2
767.1	3.737e3
768.0	2.130e3
768.5	2.400e1
769.0	2.011e3
769.9	1.135e3
770.5	4.800e2
771.1	1.913e3
772.0	1.457e3
772.5	2.400e1
773.0	2.180e3
774.1	1.976e3
775.1	2.448e3
776.1	1.538e3
777.0	3.224e3
777.9	1.578e3
778.4	1.800e1
778.9	2.399e3
779.9	1.812e3
780.5	1.080e2
781.1	2.632e3
781.6	4.600e1
782.1	2.113e3
783.0	3.535e3
783.5	4.100e1
784.0	1.949e3
784.5	2.900e1
785.1	2.328e3
786.1	2.336e3
786.8	9.400e2
787.5	2.851e3
788.2	8.310e2
789.0	2.546e3
790.0	2.206e3
791.0	2.240e3
791.5	1.150e2
792.1	2.922e3
793.1	1.465e4
794.0	2.547e3
794.9	2.583e3
795.9	1.431e3
796.4	4.200e1
796.9	2.835e3
797.4	8.800e1
798.0	1.762e3
798.5	5.700e1
799.0	2.668e3
800.0	2.524e3
800.8	4.970e2
801.4	2.538e3
802.2	8.810e2
802.8	3.604e3
803.4	4.000e0
803.9	2.803e3
804.9	4.021e3
805.8	2.636e3
806.4	1.300e1
806.9	2.371e3
807.8	2.227e3
808.4	2.010e2
809.0	3.274e3
809.5	8.000e0
810.0	2.401e3
810.8	7.730e2
811.4	2.668e3
812.0	2.280e2
812.5	2.261e3
813.2	2.700e2
813.9	1.601e3
814.9	1.979e3
815.4	1.010e2
816.0	2.138e3
817.0	2.349e3
817.6	1.880e2
818.1	1.526e3
819.0	7.513e3
820.0	2.774e3
820.5	9.600e1
821.0	2.540e3
821.9	1.519e3
822.5	1.500e1
823.0	2.158e3
824.0	1.284e3
825.0	1.463e3
825.9	1.644e3
826.9	2.804e3
827.9	2.271e3
828.5	2.690e2
829.1	1.951e3
829.9	9.430e2
830.8	2.709e3
831.5	6.940e2
832.0	5.346e3
832.9	1.760e3
833.8	5.328e3
834.4	1.670e2
835.0	4.183e3
835.9	2.922e3
836.9	1.652e3
837.7	1.739e3
838.2	2.100e1
838.8	2.284e3
839.4	4.290e2
840.0	1.722e3
841.0	1.554e3
841.7	3.050e2
842.4	1.934e3
843.2	9.140e2
844.0	1.407e3
844.6	1.210e2
845.1	2.527e3
846.0	1.321e3
846.7	4.180e2
847.3	2.384e3
848.2	1.407e3
849.1	2.395e3
850.1	1.364e3
850.9	2.975e3
851.7	6.080e2
852.4	2.071e3
853.0	2.090e2
853.5	2.313e3
854.2	4.930e2
855.0	2.212e3
855.9	1.537e3
857.0	2.036e3
857.9	2.698e3
858.6	2.670e2
859.1	2.807e3
860.1	1.393e3
861.1	1.156e4
861.9	3.001e3
862.5	3.100e1
863.1	2.769e3
864.0	1.499e3
864.6	1.830e2
865.2	2.503e3
865.7	6.500e1
866.3	1.421e3
867.3	2.356e3
867.9	2.660e2
868.6	1.506e3
869.4	1.740e3
870.4	1.616e3
870.9	7.400e1
871.4	2.586e3
872.2	1.111e3
873.0	2.428e3
873.9	2.214e3
875.0	3.129e3
875.9	1.479e3
876.8	2.312e3
877.5	5.570e2
878.2	2.533e3
878.7	2.410e2
879.3	2.696e3
880.1	7.730e2
880.9	1.687e3
881.5	5.310e2
882.2	2.074e3
883.0	9.860e2
883.8	1.656e3
884.3	1.900e1
884.9	1.895e3
885.5	4.700e2
886.1	2.339e3
887.0	6.792e3
887.9	2.830e3
888.5	2.870e2
889.0	2.307e3
890.0	2.354e3
890.5	3.000e1
891.0	3.037e3
891.5	4.800e1
892.0	1.366e3
892.8	7.530e2
893.5	2.254e3
894.4	7.830e2
895.1	2.026e3
896.0	1.565e3
896.5	7.000e0
897.1	1.683e3
897.8	1.121e3
898.8	3.173e3
899.4	6.010e2
900.1	4.435e3
900.9	1.534e3
901.7	2.455e3
902.3	9.060e2
903.1	4.868e3
904.1	2.451e3
904.6	1.050e2
905.3	2.313e3
906.2	1.465e3
907.1	1.999e3
908.0	1.626e3
909.1	2.025e3
910.0	1.649e3
910.6	4.960e2
911.3	2.345e3
911.9	3.790e2
912.5	1.768e3
913.5	2.751e3
914.1	3.320e2
914.7	2.121e3
915.3	1.490e2
915.9	2.248e3
916.8	2.810e3
917.4	1.120e2
917.9	1.089e3
918.9	2.454e3
919.8	1.955e3
920.3	1.370e2
920.9	1.923e3
921.6	8.370e2
922.5	2.539e3
923.3	1.293e3
924.1	1.712e3
925.1	2.221e3
926.1	3.369e3
926.9	2.133e3
927.5	2.700e2
928.1	2.010e3
928.6	8.400e1
929.1	8.580e3
930.0	2.652e3
930.5	4.200e1
931.1	2.493e3
931.6	1.240e2
932.2	1.913e3
932.7	7.000e1
933.2	1.032e3
934.1	2.197e3
935.1	2.692e3
936.0	1.725e3
937.0	2.236e3
938.0	1.188e3
938.6	4.300e1
939.1	2.193e3
940.1	2.292e3
940.9	1.254e3
941.8	2.313e3
942.4	4.780e2
943.1	2.038e3
944.0	2.373e3
944.7	6.800e2
945.3	3.286e3
946.2	1.548e3
947.0	1.400e3
948.0	2.123e3
948.9	1.882e3
949.5	3.100e1
950.0	2.179e3
951.0	1.858e3
952.0	1.275e3
953.0	2.637e3
953.5	3.600e1
954.0	1.960e3
955.0	6.752e3
956.0	2.580e3
956.9	2.306e3
957.9	2.679e3
958.4	1.240e2
958.9	1.806e3
959.7	2.438e3
960.6	1.467e3
961.3	9.570e2
961.9	2.504e3
962.7	1.024e3
963.5	2.378e3
964.3	8.810e2
965.2	1.585e3
965.7	5.800e1
966.2	1.513e3
967.1	1.655e3
968.0	4.213e3
968.9	2.099e3
969.4	6.000e0
969.9	1.973e3
970.5	8.100e1
971.0	2.515e3
972.0	1.433e3
972.9	1.727e3
973.9	1.412e3
974.7	2.287e3
975.3	2.250e2
975.9	2.431e3
976.5	2.240e2
977.1	1.722e3
978.0	2.957e3
978.5	5.400e1
979.1	2.400e3
979.8	9.250e2
980.5	2.582e3
981.2	5.050e2
981.9	2.317e3
982.5	5.800e1
983.0	2.878e3
983.9	1.519e3
984.6	2.770e3
985.5	1.537e3
986.3	7.450e2
987.0	3.270e3
987.7	2.980e2
988.3	1.762e3
989.2	2.196e3
990.1	1.367e3
990.7	2.030e2
991.3	2.772e3
992.2	2.537e3
993.1	1.256e3
993.9	3.336e3
994.6	9.350e2
995.3	1.678e3
996.2	1.560e3
997.1	8.747e3
998.1	1.907e3
999.0	3.157e3
1000.0	1.169e3
1000.5	2.200e1
1001.1	1.856e3
1002.0	2.658e3
1002.9	1.342e3
1003.7	2.682e3
1004.6	1.997e3
1005.2	3.630e2
1005.8	3.126e3
1006.4	2.800e1
1006.9	2.107e3
1007.4	1.490e2
1008.0	1.439e3
1008.6	2.050e2
1009.3	3.053e3
1010.0	1.670e3
1010.8	2.744e3
1011.7	2.072e3
1012.3	2.440e2
1012.9	2.512e3
1013.5	3.640e2
1014.1	1.988e3
1014.8	2.350e2
1015.4	1.825e3
1016.1	6.400e2
1016.7	1.874e3
1017.4	2.920e2
1018.1	2.165e3
1018.7	8.300e1
1019.3	2.193e3
1020.2	1.428e3
1021.1	2.439e3
1022.1	2.075e3
1023.1	3.507e3
1024.1	2.183e3
1025.0	2.243e3
1026.0	2.674e3
1027.0	1.815e3
1027.8	2.581e3
1028.5	4.740e2
1029.2	3.363e3
1030.2	1.298e3
1031.0	3.551e3
1032.1	1.966e3
1032.9	2.974e3
1033.8	2.097e3
1034.4	4.810e2
1035.0	1.934e3
1036.0	4.094e3
1037.0	2.325e3
1038.0	2.695e3
1039.1	2.594e3
1040.0	2.679e3
1040.9	2.604e3
1041.8	1.980e3
1042.4	1.070e2
1042.9	2.255e3
1043.7	5.220e2
1044.3	3.125e3
1044.9	1.400e1
1045.4	1.800e3
1046.4	2.298e3
1047.0	2.970e2
1047.6	1.794e3
1048.3	1.154e3
1049.1	2.928e3
1050.0	1.210e3
1051.0	3.576e3
1051.5	5.600e1
1052.0	2.556e3
1052.7	9.980e2
1053.4	2.490e3
1054.1	6.550e2
1054.8	2.456e3
1055.8	2.367e3
1056.8	3.036e3
1057.8	2.772e3
1058.6	1.317e3
1059.5	2.824e3
1060.1	2.140e2
1060.7	2.516e3
1061.6	2.072e3
1062.3	4.630e2
1062.9	2.872e3
1064.0	2.154e3
1064.5	2.590e2
1065.2	6.875e3
1066.1	2.012e3
1067.0	2.287e3
1068.0	2.856e3
1068.6	3.390e2
1069.3	2.372e3
1070.3	1.333e3
1070.9	3.780e2
1071.5	2.773e3
1072.1	1.540e2
1072.6	2.819e3
1073.4	9.840e2
1074.1	2.465e3
1075.1	3.316e3
1076.0	2.401e3
1076.9	1.892e3
1077.6	3.649e3
1078.6	2.904e3
1079.2	1.120e2
1079.8	2.833e3
1080.3	1.600e1
1080.8	3.132e3
1081.4	4.200e1
1081.9	1.868e3
1082.9	2.659e3
1083.9	1.904e3
1084.9	2.909e3
1085.9	2.505e3
1086.8	2.401e3
1087.6	1.264e3
1088.3	2.124e3
1089.2	9.750e2
1090.0	2.428e3
1091.0	4.589e3
1092.0	2.762e3
1093.0	1.975e3
1093.9	2.912e3
1094.5	2.670e2
1095.1	2.239e3
1095.6	2.080e2
1096.2	1.550e3
1097.1	2.823e3
1098.1	2.533e3
1099.0	2.078e3
1099.9	3.686e3
1100.9	2.001e3
1101.8	1.382e3
1102.7	2.773e3
1103.4	5.970e2
1104.0	4.070e3
1104.5	2.080e2
1105.1	3.579e3
1106.1	2.982e3
1107.1	1.509e3
1107.8	1.798e3
1108.7	1.907e3
1109.6	1.672e3
1110.2	3.670e2
1110.9	2.356e3
1111.8	2.765e3
1112.4	1.110e2
1112.9	2.307e3
1113.4	5.900e1
1113.9	2.004e3
1114.5	3.000e1
1115.0	2.793e3
1116.0	1.703e3
1116.8	2.099e3
1117.7	2.454e3
1118.2	1.880e2
1118.8	2.040e3
1119.6	5.660e2
1120.3	2.222e3
1121.0	1.009e3
1121.8	2.837e3
1122.4	1.600e2
1123.0	1.626e3
1123.8	2.915e3
1124.7	1.847e3
1125.6	3.446e3
1126.1	8.100e1
1126.7	2.994e3
1127.5	1.891e3
1128.5	2.896e3
1129.3	1.222e3
1130.1	3.467e3
1131.0	6.310e2
1131.7	2.293e3
1132.5	6.160e2
1133.2	6.110e3
1134.0	2.531e3
1134.7	5.510e2
1135.3	2.252e3
1136.2	2.395e3
1137.0	9.320e2
1137.8	2.282e3
1138.5	5.870e2
1139.2	2.530e3
1140.0	1.482e3
1140.8	3.132e3
1141.5	7.600e2
1142.1	2.176e3
1143.1	2.688e3
1143.9	1.915e3
1144.8	3.142e3
1145.6	8.590e2
1146.3	3.092e3
1147.1	1.800e3
1148.0	2.732e3
1149.0	2.977e3
1149.9	9.490e2
1150.6	3.005e3
1151.1	2.100e1
1151.7	2.257e3
1152.3	3.860e2
1153.0	3.867e3
1153.7	4.420e2
1154.3	3.650e3
1155.0	1.049e3
1155.8	1.876e3
1156.8	2.768e3
1157.4	6.000e0
1158.0	1.472e3
1159.0	4.293e3
1159.7	7.890e2
1160.5	2.254e3
1161.4	2.447e3
1162.3	3.072e3
1162.8	1.240e2
1163.4	1.924e3
1164.2	2.514e3
1165.2	2.280e3
1166.1	1.530e3
1167.0	3.696e3
1167.8	1.962e3
1168.8	3.295e3
1169.4	2.740e2
1169.9	2.761e3
1170.5	4.640e2
1171.1	2.659e3
1171.7	1.670e2
1172.2	4.080e3
1172.8	3.880e2
1173.4	3.731e3
1174.2	1.287e3
1175.0	3.511e3
1175.8	1.491e3
1176.7	2.540e3
1177.3	3.480e2
1177.9	2.364e3
1178.8	1.952e3
1179.8	2.869e3
1180.7	1.950e3
1181.3	1.350e2
1181.8	2.337e3
1182.7	2.364e3
1183.2	8.700e1
1183.8	2.887e3
1184.4	4.150e2
1185.0	3.512e3
1185.7	9.660e2
1186.3	3.804e3
1187.2	1.837e3
1188.1	1.018e3
1188.9	1.990e3
1189.8	2.899e3
1190.6	6.140e2
1191.3	3.866e3
1192.2	9.880e2
1193.2	2.920e3
1193.7	2.500e2
1194.3	3.007e3
1195.1	1.779e3
1196.0	2.327e3
1196.9	2.508e3
1197.9	2.965e3
1199.0	3.089e3
1199.6	6.710e2
1200.1	2.898e3
1201.2	6.651e3
1201.8	4.350e2
1202.4	3.104e3
1203.0	9.400e1
1203.5	2.976e3
1204.5	2.933e3
1205.3	1.191e3
1206.1	2.619e3
1206.9	1.361e3
1207.6	2.689e3
1208.3	3.780e2
1208.9	2.744e3
1209.5	2.090e2
1210.1	1.959e3
1211.1	2.894e3
1211.8	9.010e2
1212.6	2.819e3
1213.4	1.622e3
1214.0	8.500e1
1214.5	2.946e3
1215.0	3.100e1
1215.6	3.412e3
1216.1	4.580e2
1216.7	2.883e3
1217.4	8.690e2
1218.2	2.293e3
1218.8	9.700e2
1219.5	3.179e3
1220.1	1.820e2
1220.8	3.046e3
1221.7	2.010e3
1222.7	3.190e3
1223.3	6.300e1
1223.8	1.891e3
1224.5	1.164e3
1225.2	2.147e3
1226.1	1.603e3
1227.0	3.019e3
1228.0	3.308e3
1228.5	4.300e1
1229.0	2.255e3
1229.6	1.460e2
1230.1	2.835e3
1230.8	9.040e2
1231.5	2.908e3
1232.4	2.290e3
1233.4	2.530e3
1234.1	1.296e3
1234.9	2.431e3
1235.9	2.705e3
1236.8	2.927e3
1237.8	2.942e3
1238.4	6.210e2
1239.1	2.067e3
1239.6	6.300e1
1240.1	3.575e3
1240.7	1.390e2
1241.3	2.569e3
1242.1	1.928e3
1243.0	2.928e3
1243.6	9.300e1
1244.1	2.608e3
1245.1	2.360e3
1245.7	1.100e1
1246.3	2.148e3
1247.1	6.860e2
1248.0	2.712e3
1248.6	4.190e2
1249.2	2.816e3
1250.0	8.330e2
1250.7	1.716e3
1251.5	1.221e3
1252.5	2.625e3
1253.2	5.480e2
1253.9	2.424e3
1254.9	2.658e3
1255.5	9.770e2
1256.1	2.893e3
1256.7	1.480e2
1257.3	1.960e3
1258.2	2.048e3
1259.2	3.918e3
1260.2	1.091e3
1261.1	2.224e3
1261.8	1.581e3
1262.7	3.859e3
1263.7	1.776e3
1264.5	3.770e3
1265.1	9.700e1
1265.7	2.558e3
1266.5	9.500e2
1267.2	3.034e3
1268.2	2.191e3
1269.2	4.952e3
1270.0	1.826e3
1270.8	2.805e3
1271.4	4.590e2
1272.1	2.897e3
1273.1	2.098e3
1273.7	5.430e2
1274.4	3.571e3
1275.2	1.522e3
1276.1	2.673e3
1277.1	2.682e3
1278.1	1.404e3
1279.0	3.266e3
1279.8	1.376e3
1280.5	2.869e3
1281.3	1.018e3
1282.1	2.774e3
1283.0	1.113e3
1283.7	3.000e3
1284.6	1.498e3
1285.6	2.713e3
1286.5	2.771e3
1287.1	1.630e2
1287.7	2.458e3
1288.7	2.791e3
1289.5	1.573e3
1290.4	2.606e3
1291.0	3.280e2
1291.6	2.715e3
1292.3	5.610e2
1293.0	2.300e3
1293.9	2.218e3
1294.4	1.370e2
1295.0	4.561e3
1295.7	1.482e3
1296.5	2.652e3
1297.2	8.690e2
1297.9	2.712e3
1298.5	2.180e2
1299.1	2.877e3
1299.7	2.310e2
1300.2	2.722e3
1300.9	6.220e2
1301.5	3.697e3
1302.5	2.636e3
1303.4	1.924e3
1304.3	2.291e3
1305.3	1.854e3
1306.3	2.752e3
1307.0	1.543e3
1307.7	2.127e3
1308.5	3.784e3
1309.5	2.277e3
1310.1	3.560e2
1310.7	2.309e3
1311.5	1.215e3
1312.2	2.988e3
1313.2	2.327e3
1314.0	1.773e3
1314.7	2.629e3
1315.6	1.029e3
1316.4	2.643e3
1317.1	1.063e3
1317.8	3.005e3
1318.6	1.260e3
1319.4	2.791e3
1320.4	2.445e3
1321.0	5.550e2
1321.7	2.912e3
1322.4	9.710e2
1323.3	2.438e3
1323.8	2.170e2
1324.4	2.744e3
1325.4	2.575e3
1326.0	3.340e2
1326.7	2.789e3
1327.7	3.056e3
1328.4	5.750e2
1329.1	2.015e3
1329.6	1.070e2
1330.2	2.142e3
1331.2	3.577e3
1331.7	2.880e2
1332.3	2.535e3
1333.1	1.280e3
1333.8	2.642e3
1334.7	1.802e3
1335.6	3.119e3
1336.4	1.747e3
1337.2	4.043e3
1338.1	3.506e3
1338.6	1.670e2
1339.1	1.874e3
1340.0	2.946e3
1341.0	1.826e3
1342.0	2.073e3
1342.7	5.830e2
1343.4	2.639e3
1344.2	1.461e3
1345.0	1.814e3
1345.8	3.010e3
1346.6	1.481e3
1347.4	3.235e3
1348.1	2.660e2
1348.8	2.165e3
1349.8	3.037e3
1350.3	1.650e2
1350.9	3.012e3
1351.5	5.340e2
1352.2	1.926e3
1353.0	3.329e3
1353.6	3.330e2
1354.2	2.057e3
1354.7	5.900e1
1355.2	2.661e3
1356.0	1.278e3
1356.8	2.421e3
1357.4	6.300e1
1358.0	3.376e3
1358.7	3.250e2
1359.4	1.736e3
1360.4	2.375e3
1361.4	2.459e3
1362.0	5.500e2
1362.6	2.674e3
1363.5	2.380e3
1364.1	1.220e2
1364.6	2.129e3
1365.7	1.747e3
1366.7	3.133e3
1367.4	9.900e2
1368.0	2.096e3
1369.0	2.414e3
1369.9	1.719e3
1370.4	4.300e1
1370.9	3.163e3
1371.7	6.770e2
1372.3	2.269e3
1373.2	9.150e2
1374.0	1.963e3
1375.0	2.757e3
1376.0	3.223e3
1376.6	7.430e2
1377.2	3.732e3
1378.0	1.318e3
1378.9	3.032e3
1379.5	6.380e2
1380.1	2.988e3
1380.6	8.000e0
1381.1	2.509e3
1382.2	2.418e3
1382.8	4.780e2
1383.4	3.012e3
1384.1	1.138e3
1384.8	2.101e3
1385.4	4.550e2
1386.0	2.320e3
1386.9	2.694e3
1387.7	5.190e2
1388.2	2.975e3
1389.2	2.967e3
1390.4	2.517e3
1391.3	1.679e3
1391.8	1.040e2
1392.3	2.265e3
1393.3	2.421e3
1393.8	9.600e1
1394.4	2.299e3
1395.3	2.446e3
1396.0	6.620e2
1396.6	2.700e3
1397.3	8.630e2
1398.1	1.598e3
1399.0	3.134e3
1399.6	1.760e2
1400.2	2.771e3
1400.9	8.430e2
1401.6	2.453e3
1402.3	1.254e3
1403.1	2.718e3
1403.6	6.000e0
1404.1	2.008e3
1405.1	3.770e3
1405.9	1.586e3
1406.7	2.340e3
1407.5	1.869e3
1408.2	1.951e3
1409.1	2.558e3
1410.1	2.309e3
1411.0	2.225e3
1411.9	2.350e3
1412.7	1.296e3
1413.6	2.282e3
1414.2	2.110e2
1414.8	2.138e3
1415.4	2.700e1
1416.0	3.001e3
1416.6	8.950e2
1417.3	2.607e3
1418.3	1.709e3
1419.2	2.258e3
1420.0	1.416e3
1420.8	2.558e3
1421.7	1.296e3
1422.4	2.430e3
1423.0	9.800e1
1423.6	2.402e3
1424.3	7.120e2
1424.9	2.574e3
1425.5	7.370e2
1426.1	1.963e3
1427.1	2.844e3
1428.0	2.118e3
1429.0	1.704e3
1429.6	5.310e2
1430.3	1.741e3
1431.2	1.773e3
1431.9	3.690e2
1432.5	2.459e3
1433.5	3.347e3
1434.2	1.751e3
1435.1	3.699e3
1436.1	1.812e3
1436.9	1.397e3
1437.8	2.728e3
1438.7	1.333e3
1439.6	3.451e3
1440.5	9.150e2
1441.1	5.800e1
1441.6	1.901e3
1442.3	7.810e2
1443.1	2.214e3
1443.6	1.700e2
1444.2	2.743e3
1445.0	1.166e3
1445.8	2.401e3
1446.5	9.040e2
1447.2	2.387e3
1448.2	2.180e3
1449.2	2.600e3
1449.8	1.340e2
1450.4	2.379e3
1451.0	6.100e2
1451.5	2.194e3
1452.5	2.215e3
1453.2	3.880e2
1454.0	1.848e3
1455.0	2.232e3
1455.7	8.800e2
1456.5	2.576e3
1457.0	6.000e0
1457.5	2.544e3
1458.2	3.660e2
1458.9	2.223e3
1459.4	1.840e2
1460.0	2.443e3
1460.9	2.078e3
1461.5	1.150e2
1462.0	2.299e3
1462.6	2.720e2
1463.2	2.065e3
1464.0	1.123e3
1464.8	2.241e3
1465.4	1.060e2
1465.9	3.213e3
1466.7	8.080e2
1467.5	2.845e3
1468.2	1.278e3
1469.0	2.530e3
1469.7	3.350e2
1470.4	2.172e3
1471.1	8.950e2
1471.9	2.219e3
1472.6	9.550e2
1473.3	4.778e3
1474.1	1.193e3
1475.0	2.936e3
1475.7	6.320e2
1476.4	3.026e3
1477.0	2.950e2
1477.5	1.745e3
1478.4	1.934e3
1479.3	2.021e3
1480.2	2.325e3
1480.8	1.016e3
1481.7	2.353e3
1482.2	2.260e2
1482.8	2.435e3
1483.3	1.150e2
1483.9	2.011e3
1484.5	1.930e2
1485.1	3.088e3
1486.0	1.232e3
1486.8	2.473e3
1487.3	3.400e1
1487.9	2.658e3
1488.5	3.920e2
1489.2	2.361e3
1489.9	3.950e2
1490.5	2.705e3
1491.1	3.210e2
1491.7	2.554e3
1492.4	8.480e2
1493.1	2.106e3
1494.0	2.892e3
1494.7	1.329e3
1495.5	2.396e3
1496.3	1.524e3
1497.3	3.214e3
1498.2	1.686e3
1499.1	2.468e3
1499.8	3.520e2
1500.4	2.913e3
1501.2	8.800e2
1502.0	2.157e3
1502.8	2.315e3
1503.8	2.137e3
1504.8	1.728e3
1505.6	2.630e3
1506.4	7.250e2
1507.0	3.098e3
1507.9	1.686e3
1508.9	2.058e3
1509.7	1.153e3
1510.6	2.801e3
1511.2	2.230e2
1511.8	1.882e3
1512.6	3.608e3
1513.3	6.660e2
1514.1	2.485e3
1515.0	1.167e3
1515.7	2.870e3
1516.3	1.890e2
1516.8	2.211e3
1517.4	5.800e1
1517.9	2.185e3
1518.5	2.140e2
1519.1	1.584e3
1520.0	2.252e3
1520.8	7.840e2
1521.6	1.722e3
1522.6	1.541e3
1523.5	2.314e3
1524.6	3.508e3
1525.5	1.377e3
1526.4	2.733e3
1527.0	5.640e2
1527.5	2.376e3
1528.1	7.600e1
1528.6	2.808e3
1529.1	5.700e1
1529.6	3.241e3
1530.1	2.800e1
1530.6	2.105e3
1531.5	9.820e2
1532.4	2.665e3
1533.0	1.213e3
1533.8	2.601e3
1534.7	1.858e3
1535.4	5.680e2
1536.2	2.498e3
1536.9	7.190e2
1537.7	2.914e3
1538.7	1.209e3
1539.2	8.000e0
1539.8	1.825e3
1540.5	8.580e2
1541.2	3.844e3
1541.7	2.270e2
1542.3	3.152e3
1543.3	2.247e3
1543.9	1.570e2
1544.4	2.260e3
1545.1	4.380e2
1545.8	2.704e3
1546.8	1.823e3
1547.8	2.791e3
1548.8	1.879e3
1549.5	5.750e2
1550.2	2.618e3
1550.9	7.580e2
1551.6	2.742e3
1552.5	1.812e3
1553.4	2.224e3
1554.3	2.595e3
1554.8	6.300e1
1555.3	2.454e3
1556.3	2.184e3
1557.2	2.631e3
1557.8	2.270e2
1558.4	2.732e3
1558.9	1.300e1
1559.5	2.640e3
1560.0	1.040e2
1560.6	2.589e3
1561.1	3.940e2
1561.7	3.173e3
1562.7	2.607e3
1563.2	8.800e1
1563.7	2.065e3
1564.2	2.800e1
1564.7	2.214e3
1565.7	1.667e3
1566.6	2.717e3
1567.3	3.720e2
1567.9	2.363e3
1568.5	2.930e2
1569.1	1.974e3
1570.0	2.960e3
1571.0	2.123e3
1571.8	1.408e3
1572.6	2.442e3
1573.3	1.067e3
1574.1	2.141e3
1574.8	8.570e2
1575.6	1.918e3
1576.2	3.000e1
1576.7	2.070e3
1577.6	3.549e3
1578.6	2.626e3
1579.4	1.078e3
1580.2	2.994e3
1581.2	2.065e3
1582.2	2.318e3
1583.1	1.388e3
1584.1	2.380e3
1584.6	6.000e1
1585.1	3.449e3
1585.9	9.020e2
1586.8	2.060e3
1587.4	3.060e2
1588.0	1.943e3
1588.8	9.860e2
1589.5	2.958e3
1590.4	1.343e3
1591.2	2.826e3
1591.9	7.470e2
1592.6	2.497e3
1593.5	2.061e3
1594.4	2.781e3
1595.5	2.354e3
1596.4	1.579e3
1597.3	2.823e3
1598.1	7.790e2
1598.8	2.520e3
1599.4	2.160e2
1599.9	1.952e3
1600.9	1.734e3
1601.6	7.320e2
1602.3	1.993e3
1603.3	2.721e3
1604.2	2.444e3
1604.9	3.580e2
1605.8	2.943e3
1606.5	9.510e2
1607.4	2.074e3
1608.0	3.820e2
1608.7	2.156e3
1609.6	5.750e2
1610.4	2.860e3
1611.0	8.500e1
1611.5	2.195e3
1612.3	6.540e2
1613.1	2.378e3
1613.9	1.331e3
1614.9	1.781e3
1615.5	8.590e2
1616.3	2.408e3
1617.0	3.060e2
1617.5	2.930e3
1618.1	2.660e2
1618.7	1.828e3
1619.7	2.786e3
1620.4	9.340e2
1621.2	2.119e3
1622.2	2.042e3
1622.9	2.770e2
1623.6	1.295e3
1624.6	2.091e3
1625.6	2.770e3
1626.3	1.560e2
1627.0	1.517e3
1627.5	3.900e1
1628.0	2.007e3
1629.0	2.207e3
1629.6	1.540e2
1630.3	2.500e3
1631.2	1.792e3
1632.1	1.578e3
1633.1	1.928e3
1634.0	3.570e3
1634.5	1.230e2
1635.0	1.979e3
1635.9	1.435e3
1636.5	3.670e2
1637.1	2.250e3
1638.1	1.861e3
1638.9	7.840e2
1639.6	2.188e3
1640.6	1.508e3
1641.6	1.982e3
1642.3	3.150e2
1643.0	2.178e3
1643.8	1.547e3
1644.4	2.630e2
1645.0	1.956e3
1645.5	2.720e2
1646.1	2.243e3
1646.7	2.760e2
1647.3	2.822e3
1648.3	2.418e3
1649.2	1.637e3
1650.1	1.214e3
1650.8	2.413e3
1651.7	2.680e3
1652.3	2.200e2
1652.9	1.841e3
1653.8	1.145e3
1654.5	1.310e2
1655.1	1.682e3
1656.1	2.480e3
1657.2	2.293e3
1658.1	8.500e2
1658.8	2.984e3
1659.6	4.790e2
1660.2	1.841e3
1661.0	2.207e3
1662.0	2.631e3
1662.5	5.800e1
1663.0	1.800e3
1664.0	1.647e3
1665.0	1.967e3
1666.0	2.796e3
1666.5	6.000e0
1667.0	2.302e3
1667.5	2.900e1
1668.0	2.254e3
1668.7	7.030e2
1669.5	2.310e3
1670.1	4.920e2
1670.8	2.137e3
1671.7	3.088e3
1672.4	5.380e2
1673.1	1.913e3
1674.1	3.043e3
1674.6	1.300e1
1675.2	2.035e3
1676.1	1.645e3
1676.9	3.680e3
1677.9	1.971e3
1678.8	9.790e2
1679.5	2.845e3
1680.3	9.960e2
1681.1	2.266e3
1681.6	8.600e1
1682.2	2.723e3
1683.0	1.309e3
1683.6	3.940e2
1684.3	2.202e3
1685.0	6.120e2
1685.7	1.168e3
1686.6	2.448e3
1687.5	2.208e3
1688.3	1.524e3
1689.1	2.164e3
1690.0	2.735e3
1690.9	1.576e3
1691.6	6.700e2
1692.3	2.349e3
1693.2	1.960e3
1694.3	1.712e3
1695.2	1.006e3
1696.0	2.450e3
1696.6	9.800e1
1697.1	1.690e3
1698.0	2.516e3
1698.5	8.700e1
1699.1	2.217e3
1699.8	6.850e2
1700.6	2.625e3
1701.2	6.770e2
1702.0	2.276e3
1702.8	1.114e3
1703.6	3.115e3
1704.4	9.010e2
1705.2	2.207e3
1706.1	1.668e3
1707.0	5.370e2
1707.8	2.290e3
1708.6	2.044e3
1709.5	2.263e3
1710.2	3.450e2
1710.9	1.412e3
1711.6	8.570e2
1712.4	1.344e3
1713.4	3.058e3
1714.3	1.954e3
1715.2	9.390e2
1716.0	2.012e3
1716.9	1.246e3
1717.7	3.155e3
1718.5	1.065e3
1719.3	2.677e3
1720.1	1.116e3
1720.7	5.780e2
1721.3	2.003e3
1722.3	1.825e3
1723.1	9.450e2
1724.0	2.437e3
1724.8	1.683e3
1725.7	1.811e3
1726.5	7.860e2
1727.3	1.548e3
1728.0	3.100e2
1728.7	2.133e3
1729.5	1.000e3
1730.0	9.000e1
1730.6	1.738e3
1731.4	1.816e3
1732.3	2.853e3
1733.3	1.059e3
1734.1	2.533e3
1734.9	5.390e2
1735.6	3.710e3
1736.2	4.440e2
1736.8	2.125e3
1737.8	1.911e3
1738.8	2.194e3
1740.0	1.578e3
1740.8	1.120e3
1741.7	1.489e3
1742.5	1.598e3
1743.5	2.548e3
1744.2	1.980e2
1744.8	2.848e3
1745.5	3.410e2
1746.1	1.607e3
1746.7	3.000e1
1747.2	1.801e3
1747.9	5.680e2
1748.7	1.734e3
1749.3	8.520e2
1750.1	2.557e3
1750.9	3.424e3
1751.6	6.200e2
1752.4	2.512e3
1753.0	3.550e2
1753.6	1.504e3
1754.2	3.450e2
1754.8	2.307e3
1755.8	1.970e3
1756.8	1.721e3
1757.6	2.307e3
1758.2	6.000e1
1758.7	2.644e3
1759.4	4.570e2
1760.1	1.268e3
1761.0	2.191e3
1762.0	2.157e3
1762.7	6.620e2
1763.3	1.217e3
1764.3	2.412e3
1764.9	4.660e2
1765.5	3.007e3
1766.0	4.600e1
1766.6	3.074e3
1767.4	1.165e3
1767.9	9.000e0
1768.4	1.022e3
1769.2	2.475e3
1770.3	2.323e3
1771.0	9.120e2
1771.9	2.760e3
1772.8	2.432e3
1773.5	3.400e2
1774.3	2.247e3
1774.9	1.740e2
1775.4	1.989e3
1776.0	2.880e2
1776.6	1.588e3
1777.6	1.938e3
1778.4	2.335e3
1779.4	1.411e3
1780.3	1.798e3
1781.1	1.930e3
1781.9	9.950e2
1782.9	2.514e3
1784.0	1.894e3
1784.9	1.727e3
1785.9	1.648e3
1786.6	1.361e3
1787.1	1.900e2
1787.7	2.520e3
1788.6	9.650e2
1789.1	6.600e1
1789.7	2.567e3
1790.5	1.483e3
1791.3	1.347e3
1792.2	1.410e3
1793.1	1.087e3
1793.7	3.720e2
1794.4	2.368e3
1795.0	4.970e2
1795.7	3.275e3
1796.7	1.826e3
1797.3	3.730e2
1797.9	1.824e3
1798.5	1.720e2
1799.1	2.692e3
1799.8	1.189e3
1800.7	2.380e3
1801.5	1.125e3
1802.4	1.788e3
1802.9	5.400e1
1803.5	1.703e3
1804.5	2.065e3
1805.1	6.720e2
1805.8	2.418e3
1806.3	6.800e1
1806.9	2.345e3
1807.9	2.593e3
1808.4	4.000e1
1808.9	2.341e3
1809.8	1.612e3
1810.3	1.090e2
1810.9	1.933e3
1811.4	4.700e1
1811.9	1.569e3
1812.9	1.777e3
1813.7	1.086e3
1814.5	4.030e2
1815.1	2.181e3
1815.7	6.800e1
1816.2	1.749e3
1816.8	2.570e2
1817.4	1.466e3
1818.1	9.820e2
1818.8	2.691e3
1819.8	1.823e3
1820.7	1.981e3
1821.5	1.168e3
1822.2	1.355e3
1823.3	1.618e3
1823.9	2.730e2
1824.6	1.870e3
1825.4	1.019e3
1826.0	1.020e2
1826.5	1.440e3
1827.1	3.700e1
1827.6	2.174e3
1828.1	3.000e1
1828.6	2.509e3
1829.3	8.580e2
1830.1	1.467e3
1830.8	4.910e2
1831.4	2.037e3
1832.3	5.110e2
1833.1	2.339e3
1834.0	1.162e3
1834.9	2.034e3
1835.5	4.120e2
1836.3	1.772e3
1836.8	9.900e1
1837.4	1.397e3
1838.5	1.937e3
1839.4	2.645e3
1840.1	5.670e2
1840.9	1.312e3
1841.5	5.330e2
1842.2	1.584e3
1843.1	9.180e2
1843.9	2.308e3
1844.8	1.199e3
1845.3	2.600e1
1845.9	1.337e3
1846.5	2.110e2
1847.3	2.594e3
1848.1	1.038e3
1848.9	1.848e3
1849.7	2.018e3
1850.2	3.020e2
1850.8	1.789e3
1851.8	8.150e2
1852.5	2.592e3
1853.4	1.259e3
1854.2	1.908e3
1854.9	8.900e1
1855.4	2.372e3
1856.1	5.670e2
1856.7	2.323e3
1857.6	1.887e3
1858.5	1.828e3
1859.1	1.570e2
1859.7	1.648e3
1860.6	6.280e2
1861.3	1.232e3
1862.2	1.709e3
1862.9	3.980e2
1863.6	1.295e3
1864.5	2.526e3
1865.2	7.740e2
1865.9	1.621e3
1866.9	1.587e3
1867.9	2.638e3
1868.5	4.120e2
1869.3	1.826e3
1870.2	1.114e3
1871.1	2.275e3
1872.1	1.521e3
1872.7	2.670e2
1873.3	1.871e3
1874.2	7.920e2
1875.0	2.260e3
1875.8	1.325e3
1876.6	1.676e3
1877.7	2.757e3
1878.6	1.642e3
1879.2	2.090e2
1879.8	1.374e3
1880.4	1.940e2
1881.1	1.559e3
1881.6	7.400e1
1882.2	1.422e3
1883.1	2.345e3
1883.9	3.560e2
1884.7	1.773e3
1885.2	6.700e1
1885.8	2.036e3
1886.5	1.330e2
1887.1	1.160e3
1888.1	2.256e3
1889.0	1.401e3
1890.0	1.242e3
1890.7	3.710e2
1891.4	1.880e3
1892.4	1.743e3
1893.1	5.960e2
1893.8	1.552e3
1894.6	8.380e2
1895.4	2.098e3
1896.4	1.752e3
1897.4	1.636e3
1898.0	5.240e2
1898.6	1.659e3
1899.6	1.968e3
1900.4	7.590e2
1901.2	1.951e3
1902.2	1.439e3
1903.1	1.788e3
1903.8	7.740e2
1904.5	1.527e3
1905.4	1.816e3
1905.9	1.720e2
1906.5	1.881e3
1907.3	6.380e2
1908.2	1.702e3
1909.1	8.260e2
1909.6	6.300e1
1910.2	8.450e2
1911.1	1.633e3
1911.7	2.150e2
1912.3	2.284e3
1912.8	5.500e1
1913.3	1.460e3
1914.3	2.188e3
1915.3	1.396e3
1916.1	2.203e3
1916.8	1.156e3
1917.6	1.009e3
1918.4	1.634e3
1919.3	1.871e3
1920.3	1.998e3
1921.1	1.070e3
1922.1	7.190e2
1922.8	1.828e3
1923.8	1.874e3
1924.6	8.770e2
1925.5	1.343e3
1926.5	1.532e3
1927.6	2.325e3
1928.5	1.755e3
1929.2	9.820e2
1930.2	1.741e3
1930.9	5.050e2
1931.7	9.910e2
1932.6	1.105e3
1933.5	2.796e3
1934.1	4.390e2
1934.7	1.952e3
1935.5	6.930e2
1936.2	2.060e3
1937.1	1.643e3
1938.1	1.652e3
1939.0	9.190e2
1939.8	1.481e3
1940.4	1.650e2
1941.0	2.552e3
1941.9	1.187e3
1942.7	9.300e2
1943.5	1.903e3
1944.3	1.230e3
1945.0	2.228e3
1945.9	9.430e2
1946.7	2.162e3
1947.3	3.040e2
1948.2	2.292e3
1949.0	1.496e3
1949.9	1.454e3
1950.5	1.940e2
1951.0	1.979e3
1951.9	1.064e3
1952.8	1.220e3
1953.5	4.400e2
1954.2	1.379e3
1955.1	8.070e2
1955.9	1.838e3
1956.9	2.875e3
1957.7	1.228e3
1958.6	1.520e3
1959.3	1.500e2
1959.9	1.618e3
1960.9	1.587e3
1961.7	6.300e2
1962.6	2.284e3
1963.6	1.411e3
1964.1	1.830e2
1964.9	1.545e3
1965.5	9.100e1
1966.2	1.249e3
1966.9	6.180e2
1967.7	1.640e3
1968.3	2.930e2
1968.9	1.521e3
1970.0	2.195e3
1970.8	2.550e2
1971.4	1.678e3
1972.0	1.950e2
1972.7	2.035e3
1973.6	1.084e3
1974.2	4.000e0
1974.7	1.460e3
1975.3	2.530e2
1975.9	2.006e3
1976.5	1.320e2
1977.1	1.220e3
1977.6	3.300e1
1978.1	1.445e3
1978.7	1.460e2
1979.3	1.374e3
1980.1	1.751e3
1981.2	1.589e3
1982.1	1.275e3
1983.0	5.010e2
1983.9	2.676e3
1984.8	1.087e3
1985.6	1.247e3
1986.5	9.690e2
1987.4	1.228e3
1988.3	1.943e3
1988.9	3.930e2
1989.6	1.827e3
1990.5	9.960e2
1991.6	2.148e3
1992.4	1.219e3
1992.9	1.500e1
1993.5	1.480e3
1994.3	1.215e3
1995.2	2.081e3
1995.9	7.450e2
1996.7	1.831e3
1997.3	1.370e2
1997.9	8.510e2
1998.9	1.382e3
1999.7	8.760e2
