100.3	1.527e5
100.9	1.003e6
101.5	7.575e3
102.1	2.115e6
103.0	2.095e5
103.6	3.951e3
104.1	1.141e6
105.1	1.542e5
106.0	2.118e5
106.6	1.782e3
107.1	2.034e5
107.7	4.508e4
108.3	1.115e6
109.1	6.162e5
110.0	2.592e6
111.1	5.424e6
112.1	2.130e6
113.0	7.367e5
114.0	2.175e6
115.0	1.079e6
116.0	8.748e5
117.1	1.613e5
118.1	1.114e6
119.0	2.799e5
119.6	2.390e2
120.1	8.795e5
121.1	4.534e5
121.6	2.086e3
122.2	2.419e6
123.1	6.060e5
124.1	1.991e5
125.1	1.726e5
126.0	6.076e5
127.1	2.512e5
128.1	1.460e5
129.0	4.507e5
129.6	4.020e2
130.1	3.731e5
131.1	1.544e6
132.0	8.144e5
133.0	2.257e5
133.5	3.055e3
134.1	2.304e5
134.6	8.280e2
135.1	7.118e4
136.1	7.521e5
137.1	1.964e5
137.6	1.054e3
138.1	2.086e6
139.1	1.249e6
140.1	6.952e5
141.1	1.936e6
142.1	1.039e6
143.1	2.805e5
144.1	6.032e5
144.6	1.571e3
145.1	5.744e5
146.1	3.456e5
146.6	4.970e2
147.1	4.144e5
148.1	1.843e5
149.1	4.664e5
149.6	3.910e2
150.2	4.670e5
151.2	1.398e5
152.1	9.919e4
153.1	9.956e4
154.1	1.682e5
155.1	5.080e5
155.6	4.270e2
156.1	2.314e5
157.1	3.758e5
158.1	3.656e6
159.1	2.012e6
160.1	5.455e5
161.1	1.594e5
162.1	2.385e5
162.6	9.200e2
163.1	2.576e5
164.1	3.081e5
164.6	8.030e2
165.2	1.712e5
166.2	1.654e5
166.8	9.088e3
167.3	4.106e5
168.1	1.862e5
169.1	1.139e5
170.1	2.170e5
170.7	8.850e2
171.2	9.638e5
172.1	4.704e5
173.1	2.028e5
173.7	2.810e3
174.2	2.219e5
175.2	1.464e5
176.2	1.829e5
177.0	4.507e5
177.6	5.201e3
178.2	1.384e5
179.2	2.629e5
180.2	1.162e5
181.2	1.637e5
182.1	1.410e5
182.6	2.206e3
183.1	4.774e5
183.7	1.171e3
184.2	1.479e5
185.1	7.406e5
186.1	2.487e5
186.6	3.498e3
187.1	6.980e5
187.6	8.530e2
188.2	4.018e5
189.1	1.512e5
189.6	4.500e2
190.2	1.530e5
191.1	1.332e5
192.1	1.584e5
192.6	7.820e2
193.2	1.273e5
193.7	1.215e3
194.2	4.303e5
195.2	2.124e5
196.3	3.663e6
197.3	6.465e5
198.3	1.469e6
199.2	2.906e5
200.1	4.382e5
200.6	2.180e3
201.1	1.752e5
202.1	1.301e5
202.6	6.160e2
203.1	1.913e5
203.7	2.534e3
204.2	4.415e5
205.2	2.161e5
206.2	1.292e5
207.2	1.464e5
208.1	1.075e5
209.1	3.029e5
209.6	3.052e3
210.2	1.596e5
211.1	1.027e5
211.6	6.350e2
212.2	1.801e5
213.1	1.065e5
214.2	6.394e6
215.2	8.568e5
216.2	5.656e5
217.2	2.888e5
217.7	1.650e3
218.2	1.168e6
218.8	1.360e2
219.3	2.693e5
220.2	2.534e5
221.2	1.493e5
222.2	1.015e5
223.2	7.449e4
224.1	1.663e5
224.6	1.425e3
225.2	1.013e5
226.1	1.755e5
227.1	5.377e5
228.1	2.010e5
228.7	1.234e3
229.2	2.309e5
230.2	1.107e5
231.1	1.048e5
232.1	2.175e5
232.6	8.570e2
233.1	1.412e5
233.6	4.090e2
234.2	1.286e5
235.1	1.090e5
235.7	1.507e3
236.2	1.224e6
237.1	4.700e5
238.2	1.836e5
238.7	3.750e2
239.2	2.282e5
240.2	8.455e4
241.2	8.247e4
242.0	1.904e5
242.6	3.481e3
243.2	1.550e5
244.1	1.259e5
244.7	1.939e3
245.2	1.148e5
246.2	8.536e4
247.2	8.247e4
248.1	8.959e4
248.7	6.820e2
249.2	7.532e4
250.1	1.604e5
250.6	2.081e3
251.2	9.982e4
252.1	8.823e4
252.6	1.835e3
253.2	1.972e5
254.1	1.481e5
254.6	4.690e2
255.1	2.350e5
255.7	1.918e3
256.2	8.765e4
256.7	1.646e3
257.2	1.418e5
258.2	7.958e4
259.2	3.082e5
260.2	1.197e5
260.7	2.950e3
261.2	1.613e5
261.8	2.419e3
262.3	1.148e5
263.2	1.312e5
264.1	9.024e4
264.7	4.507e3
265.3	9.761e4
266.1	1.449e5
266.7	3.629e3
267.3	1.724e5
268.2	8.756e4
269.2	7.554e4
270.2	8.459e4
271.2	1.267e5
272.2	7.272e4
273.1	1.183e5
273.7	2.254e3
274.2	1.180e5
275.2	9.749e4
276.1	1.108e5
276.7	2.455e3
277.2	1.678e5
278.2	1.417e5
278.7	1.960e3
279.2	1.667e5
279.8	1.397e3
280.3	1.003e5
281.2	1.097e5
282.2	1.176e5
282.7	3.168e3
283.2	1.515e5
284.2	1.018e5
285.2	1.356e5
286.2	6.597e4
287.1	7.901e4
287.6	8.590e2
288.2	7.475e4
289.2	1.174e5
290.2	8.814e4
291.2	6.473e4
292.2	8.174e4
292.7	1.196e3
293.2	5.576e4
294.1	1.202e5
294.6	1.979e3
295.2	8.682e4
296.2	1.536e5
296.7	2.610e2
297.2	8.775e4
298.2	1.160e5
299.2	7.149e4
300.2	7.857e4
300.7	2.176e3
301.2	1.635e5
302.2	8.946e4
303.2	1.066e5
304.1	9.806e4
304.6	4.459e3
305.2	1.276e5
306.2	6.185e4
307.2	9.358e4
308.2	9.681e4
309.2	9.718e4
309.7	1.273e3
310.2	8.354e4
310.8	1.067e3
311.3	1.244e5
312.2	7.407e4
312.8	2.918e3
313.3	1.661e5
314.2	1.090e5
314.7	1.370e3
315.3	1.019e5
316.2	9.327e4
316.7	5.200e2
317.2	8.565e4
318.2	8.866e4
319.2	8.166e4
320.2	6.023e4
321.2	1.087e5
322.2	6.518e4
322.7	2.570e3
323.2	6.123e4
324.2	6.845e4
324.8	6.499e3
325.4	1.582e5
326.2	1.530e5
327.2	9.700e4
328.2	7.527e4
329.1	1.037e5
329.7	5.589e3
330.2	8.681e4
331.2	2.388e5
332.2	1.372e5
332.7	1.077e3
333.2	1.088e5
334.2	8.248e4
335.2	8.112e4
335.7	5.746e3
336.3	6.763e4
337.3	1.405e5
338.2	8.998e4
338.8	3.192e3
339.3	1.864e5
340.3	9.950e4
340.8	7.613e3
341.4	1.969e5
342.3	9.250e4
343.2	7.418e4
344.2	7.629e4
344.7	5.557e3
345.3	7.209e4
346.2	5.756e4
346.7	1.780e3
347.2	9.661e4
348.2	1.104e5
349.2	1.714e5
349.7	2.675e3
350.3	1.037e5
351.2	8.416e4
352.2	7.445e4
352.7	4.779e3
353.3	1.392e5
354.2	2.528e5
354.7	2.060e3
355.3	1.934e5
356.3	8.829e4
357.2	9.763e4
357.7	1.679e3
358.2	7.733e4
358.8	2.592e3
359.3	2.111e5
360.3	1.008e5
361.3	1.000e5
362.2	6.910e4
363.2	1.631e5
364.2	6.662e4
364.7	3.369e3
365.3	1.275e5
366.2	7.670e4
367.2	8.727e4
368.0	9.459e4
368.7	2.130e4
369.4	4.339e5
370.0	2.014e3
370.5	1.516e5
371.3	9.264e4
372.3	7.936e4
373.2	6.910e4
374.2	4.860e4
374.8	2.565e3
375.4	7.994e4
376.3	5.968e4
376.8	1.784e3
377.3	9.056e4
377.8	1.965e3
378.4	6.210e4
379.3	9.418e4
380.2	6.635e4
380.8	2.410e3
381.3	1.295e5
382.3	6.022e4
382.8	7.176e3
383.4	1.943e5
384.4	8.253e4
385.4	9.175e4
386.3	6.237e4
386.8	1.848e3
387.4	7.781e4
388.3	4.890e4
389.2	5.439e4
389.7	9.650e2
390.2	4.669e4
390.8	6.643e3
391.4	9.106e4
392.3	5.722e4
392.9	4.979e3
393.4	1.785e5
393.9	4.603e3
394.4	1.139e5
395.4	8.806e4
396.3	4.830e4
396.9	7.028e3
397.4	1.180e5
398.4	6.784e4
399.4	1.572e5
400.4	6.942e4
401.0	1.746e4
401.6	1.124e5
402.5	6.344e4
403.4	4.610e4
404.3	4.342e4
404.8	1.755e3
405.4	7.449e4
406.3	5.346e4
406.8	1.458e3
407.3	5.946e4
408.1	1.982e4
408.7	1.040e5
409.5	8.668e4
410.4	5.539e4
411.3	6.446e4
411.8	1.232e3
412.3	5.364e4
412.9	6.933e3
413.5	2.445e5
414.5	8.443e4
415.5	7.426e4
416.0	1.667e3
416.5	1.244e5
417.4	7.982e4
418.4	4.799e4
418.9	5.420e2
419.4	5.571e4
419.9	1.820e3
420.5	5.188e4
421.4	7.029e4
422.4	4.499e4
422.9	2.648e3
423.5	1.598e5
424.4	6.500e4
425.3	6.745e4
425.9	1.881e3
426.4	4.522e4
427.5	2.026e5
428.0	3.049e3
428.5	8.850e4
429.4	6.240e4
430.3	7.662e4
431.2	1.899e5
432.1	7.146e4
432.7	1.074e4
433.3	4.806e4
434.1	2.466e4
434.8	5.113e4
435.8	7.550e4
436.6	2.933e4
437.4	7.847e4
438.0	8.712e3
438.6	2.217e5
439.4	8.813e4
440.4	4.378e4
440.9	4.377e3
441.5	1.605e5
442.5	7.533e4
443.4	1.290e5
444.0	1.812e3
444.5	6.902e4
445.1	5.979e3
445.6	1.756e5
446.5	7.458e4
447.4	5.105e4
448.2	3.911e4
449.0	1.553e4
449.6	8.596e4
450.4	4.462e4
451.3	9.624e4
452.0	1.295e4
452.6	1.489e5
453.4	8.495e4
454.2	1.002e5
454.8	7.373e3
455.5	7.307e4
456.0	1.622e3
456.5	5.309e4
457.5	2.364e5
458.5	9.197e4
459.5	8.675e4
460.1	4.344e3
460.6	1.735e5
461.5	6.497e4
462.4	3.877e4
463.4	6.428e4
464.0	8.340e3
464.6	1.696e5
465.5	8.465e4
466.5	1.310e5
467.0	6.263e3
467.6	2.109e5
468.5	8.461e4
469.3	4.467e4
470.1	6.609e4
470.9	1.492e4
471.6	2.299e5
472.1	1.391e3
472.6	1.088e5
473.5	8.221e4
474.1	7.550e3
474.6	1.433e5
475.6	1.041e5
476.4	5.508e4
477.3	4.419e4
477.9	4.880e3
478.5	5.251e4
479.4	9.866e4
480.4	1.343e5
480.9	1.851e3
481.4	1.072e5
482.0	3.687e3
482.6	2.225e5
483.5	9.032e4
484.4	3.842e4
484.9	7.600e3
485.6	1.618e5
486.5	9.518e4
487.4	1.643e5
488.0	2.104e3
488.5	8.526e4
489.1	1.159e4
489.7	2.032e5
490.5	7.605e4
491.4	3.650e4
492.3	4.237e4
493.0	1.196e4
493.6	8.914e4
494.5	6.027e4
495.4	1.303e5
496.0	1.034e4
496.5	2.444e5
497.5	1.586e5
498.4	6.135e4
499.3	1.039e5
499.9	4.117e3
500.5	6.450e4
501.0	5.452e3
501.6	2.409e5
502.5	1.330e5
503.5	9.302e4
504.1	9.928e3
504.6	1.809e5
505.5	6.572e4
506.4	4.976e4
506.9	1.513e3
507.4	5.548e4
508.4	6.271e4
509.3	1.283e5
509.9	1.804e4
510.6	8.859e4
511.1	2.643e3
511.6	1.897e5
512.5	7.951e4
513.4	6.137e4
514.0	6.349e3
514.6	4.199e4
515.6	2.647e5
516.6	1.304e5
517.5	6.726e4
518.0	1.101e3
518.6	1.791e5
519.6	1.189e5
520.5	5.465e4
521.5	4.934e4
522.0	3.259e3
522.6	1.077e5
523.5	8.585e4
524.5	1.489e5
525.0	1.821e3
525.5	1.076e5
526.1	7.852e3
526.6	1.618e5
527.5	7.611e4
528.4	5.119e4
529.0	4.533e3
529.6	1.531e5
530.6	8.400e4
531.5	1.536e5
532.0	1.753e3
532.5	7.891e4
533.1	9.655e3
533.7	1.581e5
534.6	5.399e4
535.4	3.567e4
536.4	5.266e4
537.3	3.571e4
538.0	1.058e5
538.6	2.385e4
539.3	6.676e4
540.0	1.488e4
540.7	1.359e5
541.6	9.384e4
542.4	4.889e4
543.0	2.366e3
543.5	8.634e4
544.5	7.067e4
545.1	1.732e3
545.6	2.032e5
546.5	1.116e5
547.1	2.304e3
547.6	8.102e4
548.1	7.230e2
548.7	1.180e5
549.6	4.851e4
550.6	4.358e4
551.1	9.870e2
551.6	5.239e4
552.6	4.020e4
553.4	8.065e4
554.0	5.747e3
554.6	7.071e4
555.2	3.067e3
555.7	1.397e5
556.6	5.841e4
557.5	4.686e4
558.5	3.109e4
559.0	3.659e3
559.6	2.014e5
560.6	1.109e5
561.6	7.179e4
562.1	2.809e3
562.6	8.741e4
563.5	7.321e4
564.4	4.562e4
565.4	3.558e4
566.3	3.122e4
567.2	8.882e4
567.8	1.449e4
568.4	7.750e4
569.0	3.192e3
569.6	6.519e4
570.1	5.767e3
570.7	1.022e5
571.6	4.555e4
572.6	3.489e4
573.1	3.890e2
573.6	1.205e5
574.7	6.088e4
575.5	1.207e5
576.0	2.068e3
576.5	5.423e4
577.5	1.246e5
578.4	7.472e4
579.4	4.267e4
579.9	4.215e3
580.5	2.924e4
581.1	5.401e3
581.7	5.136e4
582.7	4.934e4
583.7	4.227e4
584.2	2.890e3
584.7	9.547e4
585.6	6.444e4
586.6	4.069e4
587.6	6.606e4
588.1	9.380e2
588.6	3.686e4
589.6	1.560e5
590.1	1.115e3
590.7	7.473e4
591.6	4.672e4
592.2	3.395e3
592.7	7.439e4
593.7	3.935e4
594.5	2.261e4
595.3	3.176e4
596.2	3.801e4
596.8	7.880e2
597.3	6.049e4
598.0	1.316e4
598.6	5.408e4
599.5	1.265e5
600.4	6.031e4
601.0	3.830e2
601.5	4.520e4
602.5	2.759e4
603.1	4.914e3
603.7	1.499e5
604.2	9.840e2
604.7	7.628e4
605.7	6.103e4
606.6	5.099e4
607.6	4.609e4
608.5	2.171e4
609.3	3.348e4
610.0	6.981e3
610.6	3.108e4
611.5	3.998e4
612.5	5.661e4
613.0	5.053e3
613.6	4.569e4
614.3	7.566e3
614.9	7.137e4
615.7	3.289e4
616.7	3.169e4
617.7	1.029e5
618.7	5.284e4
619.6	9.694e4
620.1	2.072e3
620.7	4.918e4
621.2	1.076e3
621.7	5.450e4
622.6	3.557e4
623.6	2.410e4
624.2	5.522e3
624.8	2.769e4
625.8	4.254e4
626.7	3.528e4
627.5	4.402e4
628.2	4.757e3
628.7	7.132e4
629.7	4.396e4
630.6	2.597e4
631.6	5.816e4
632.2	9.430e2
632.7	3.098e4
633.7	1.244e5
634.2	3.211e3
634.8	9.322e4
635.7	4.493e4
636.2	3.433e3
636.8	5.189e4
637.7	3.468e4
638.6	2.362e4
639.5	3.617e4
640.0	8.950e2
640.5	2.598e4
641.5	4.036e4
642.1	4.652e3
642.7	5.245e4
643.6	6.517e4
644.5	3.875e4
645.5	3.575e4
646.4	2.499e4
647.1	5.609e3
647.7	1.255e5
648.7	7.054e4
649.6	3.933e4
650.2	2.796e3
650.8	3.887e4
651.7	2.960e4
652.6	2.164e4
653.2	3.179e3
653.8	2.143e4
654.7	2.269e4
655.6	4.514e4
656.6	6.098e4
657.1	5.800e2
657.6	4.940e4
658.2	1.265e3
658.7	4.622e4
659.6	3.462e4
660.1	9.340e2
660.6	3.002e4
661.2	1.206e3
661.7	9.378e4
662.7	4.872e4
663.7	2.781e5
664.2	7.800e1
664.7	1.446e5
665.2	1.950e3
665.7	5.738e4
666.6	3.200e4
667.5	2.511e4
668.4	2.567e4
669.0	1.424e3
669.5	5.316e4
670.5	4.928e4
671.0	3.014e3
671.6	4.882e4
672.1	4.671e3
672.7	6.084e4
673.3	4.206e3
673.9	5.315e4
674.8	2.420e4
675.7	5.596e4
676.2	1.870e2
676.8	3.437e4
677.7	1.095e5
678.7	5.503e4
679.7	3.529e4
680.4	8.577e3
681.1	2.761e4
681.8	1.043e4
682.5	1.720e4
683.5	3.414e4
684.5	3.153e4
685.1	4.298e3
685.6	1.006e6
686.6	5.254e5
687.1	1.195e3
687.7	1.647e5
688.7	5.286e4
689.6	4.027e4
690.2	1.640e2
690.7	2.566e4
691.2	7.140e2
691.7	1.227e5
692.7	6.796e4
693.7	4.119e4
694.3	4.667e3
694.9	3.363e4
695.7	2.177e4
696.7	2.340e4
697.7	2.442e4
698.7	2.225e4
699.7	3.425e4
700.7	4.314e4
701.6	7.712e4
702.2	3.665e3
702.8	7.818e4
703.7	6.450e4
704.7	3.287e4
705.2	1.627e3
705.7	8.634e4
706.7	5.222e4
707.7	6.519e4
708.2	2.720e2
708.7	5.330e5
709.7	2.848e5
710.7	9.141e4
711.7	3.138e4
712.6	2.320e4
713.5	2.838e4
714.0	6.090e2
714.5	2.313e4
715.4	3.314e4
716.1	7.544e3
716.8	4.297e4
717.8	2.913e4
718.7	2.322e4
719.2	3.490e2
719.7	5.346e4
720.7	3.207e4
721.7	9.959e4
722.7	6.891e4
723.7	2.853e4
724.5	7.968e4
725.0	5.990e2
725.5	1.077e5
726.0	2.016e3
726.6	2.883e5
727.1	4.810e2
727.6	1.424e5
728.2	1.203e3
728.7	7.496e4
729.6	4.334e4
730.2	2.473e3
730.7	4.796e4
731.3	1.680e2
731.8	3.495e4
732.3	8.220e2
732.8	2.873e4
733.7	3.107e4
734.7	2.712e4
735.2	7.990e2
735.7	1.035e5
736.2	2.180e2
736.8	7.922e4
737.7	4.478e4
738.7	3.294e4
739.7	2.025e4
740.3	3.737e3
740.9	1.991e4
741.4	5.790e2
741.9	2.896e4
742.8	2.007e4
743.8	2.303e4
744.7	3.280e4
745.7	3.138e4
746.6	3.265e4
747.6	2.389e4
748.5	3.251e4
749.1	2.526e3
749.7	8.144e4
750.7	5.411e4
751.2	6.430e2
751.7	5.339e4
752.7	2.628e4
753.6	4.889e4
754.6	3.653e4
755.2	1.819e3
755.7	2.663e4
756.2	7.190e2
756.7	2.180e4
757.7	2.567e4
758.2	6.590e2
758.8	3.226e4
759.8	3.075e4
760.3	6.460e2
760.8	4.109e4
761.8	2.637e4
762.7	1.980e4
763.7	3.572e4
764.2	1.235e3
764.8	2.527e4
765.8	7.521e4
766.3	3.590e2
766.8	3.578e4
767.8	2.592e4
768.5	5.863e3
769.2	2.434e4
770.1	1.238e4
770.9	4.644e4
771.8	2.668e4
772.8	2.144e4
773.8	2.242e4
774.3	9.700e2
774.8	3.260e4
775.7	2.146e4
776.7	3.032e4
777.7	2.811e4
778.7	2.347e4
779.2	1.532e3
779.8	7.342e4
780.3	8.990e2
780.8	5.362e4
781.8	2.477e4
782.8	1.887e4
783.3	7.690e2
783.8	1.678e4
784.8	2.640e4
785.3	4.360e2
785.8	2.003e4
786.4	2.381e3
787.0	2.131e4
787.9	2.025e4
788.8	2.889e4
789.8	2.416e4
790.5	7.814e3
791.2	3.253e4
791.8	4.174e3
792.4	2.405e4
793.1	4.762e3
793.7	5.846e4
794.7	3.329e4
795.3	5.630e2
795.8	3.244e4
796.3	4.850e2
796.8	3.080e4
797.7	2.551e4
798.7	2.617e4
799.2	2.310e2
799.7	1.928e4
800.2	1.380e2
800.8	2.612e4
801.8	2.210e4
802.8	2.708e4
803.3	5.650e2
803.8	2.066e4
804.3	1.325e3
804.9	2.476e4
805.8	1.735e4
806.3	2.530e2
806.8	1.325e4
807.3	1.890e2
807.9	3.382e4
808.8	1.907e4
809.9	5.360e4
810.8	2.774e4
811.8	1.982e4
812.3	3.320e2
812.9	1.466e4
813.9	1.454e4
814.4	5.950e2
814.9	1.385e4
815.4	8.300e1
815.9	1.848e4
816.8	1.044e4
817.7	1.992e4
818.3	1.743e3
818.9	2.268e4
819.8	2.318e4
820.3	2.090e2
820.8	1.767e4
821.3	3.830e2
821.9	2.147e4
822.8	1.629e4
823.3	5.040e2
823.8	5.418e4
824.8	3.129e4
825.8	1.992e4
826.3	1.228e3
826.9	1.565e4
827.7	1.023e4
828.4	5.784e3
829.2	1.752e4
830.0	6.250e3
830.8	1.145e4
831.8	1.392e4
832.4	1.278e3
832.9	2.176e4
833.9	1.891e4
834.8	1.861e4
835.7	1.829e4
836.7	1.391e4
837.3	1.257e3
837.9	3.385e4
838.4	6.650e2
838.9	3.207e4
839.8	2.880e4
840.8	1.937e4
841.7	1.585e4
842.3	1.845e3
842.8	1.216e4
843.8	1.230e4
844.4	1.858e3
845.0	1.406e4
845.9	1.633e4
846.8	1.374e4
847.7	2.037e4
848.3	8.080e2
848.8	2.780e4
849.8	1.724e4
850.3	2.080e2
850.8	1.590e4
851.4	7.070e2
851.9	2.491e4
852.9	1.498e4
853.8	3.715e4
854.3	1.322e3
854.9	2.654e4
855.8	1.610e4
856.3	2.025e3
856.9	1.378e4
857.9	1.438e4
858.8	1.515e4
859.4	4.190e2
859.9	1.795e4
860.9	1.663e4
861.4	6.370e2
861.9	1.140e4
862.8	2.129e4
863.4	4.170e2
863.9	1.633e4
864.9	1.340e4
865.9	1.714e4
866.9	1.241e4
867.4	8.760e2
867.9	3.474e4
868.9	2.250e4
869.9	1.476e4
870.5	4.330e3
871.2	1.395e4
872.0	7.359e3
872.9	3.021e4
873.8	2.333e4
874.8	1.888e4
875.7	2.070e4
876.3	1.708e3
876.8	1.651e4
877.4	1.411e3
877.9	3.512e4
878.8	2.612e4
879.8	1.795e4
880.4	1.173e3
880.9	1.702e4
881.8	2.984e4
882.8	1.887e4
883.3	3.700e1
883.9	2.401e4
884.9	2.211e4
885.4	8.030e2
886.0	1.534e4
886.9	1.087e4
887.8	1.190e4
888.8	9.795e3
889.3	2.810e2
889.8	1.244e4
890.4	1.364e3
891.0	1.553e4
891.9	1.375e4
892.8	1.767e4
893.8	1.387e4
894.8	1.326e4
895.4	1.624e3
895.9	1.689e4
896.9	1.689e4
897.9	2.474e4
898.4	7.820e2
899.0	1.700e4
899.9	1.558e4
900.9	1.312e4
901.8	4.146e4
902.8	3.833e4
903.4	5.000e2
903.9	2.459e4
904.4	5.620e2
904.9	1.554e4
905.5	8.300e1
906.0	1.266e4
907.0	2.107e4
907.9	4.627e4
908.4	3.410e2
908.9	3.199e4
909.9	2.330e4
910.8	1.379e4
911.3	2.040e2
911.8	2.755e4
912.8	1.771e4
913.4	3.842e3
914.0	2.091e4
914.9	1.853e4
915.9	1.156e4
916.7	9.205e3
917.3	8.370e2
917.8	1.551e4
918.8	1.167e4
919.8	1.408e4
920.8	1.384e4
921.3	7.210e2
921.9	1.533e4
922.4	1.180e2
922.9	1.422e4
923.8	9.600e3
924.8	1.188e4
925.4	1.896e3
925.9	1.924e4
926.9	1.671e4
927.8	2.080e4
928.8	1.246e4
929.4	1.342e3
930.0	1.204e4
930.6	1.215e3
931.2	1.142e4
931.8	7.000e2
932.3	1.075e4
933.1	6.231e3
933.8	1.428e4
934.3	6.850e2
934.9	1.290e4
935.9	1.902e4
936.9	1.862e4
937.6	5.602e3
938.3	1.565e4
938.8	5.420e2
939.3	1.057e4
940.3	1.560e4
941.1	7.315e3
941.9	2.029e4
942.4	1.576e3
943.0	1.593e4
943.5	6.770e2
944.1	1.124e4
944.6	8.180e2
945.1	1.435e4
945.9	7.213e3
946.7	1.470e4
947.3	6.140e2
947.8	1.320e4
948.4	2.145e3
949.0	1.539e4
950.0	1.335e4
950.8	1.625e4
951.5	2.304e3
952.1	1.431e4
953.0	5.791e3
953.8	1.267e4
954.8	1.125e4
955.4	2.216e3
955.9	2.597e4
956.9	2.159e4
957.9	1.681e4
958.9	1.131e4
959.4	3.910e2
960.0	8.112e3
960.9	1.252e4
961.8	9.361e3
962.6	1.137e4
963.3	2.480e3
963.9	1.289e4
964.9	1.319e4
965.4	7.500e2
966.0	1.150e4
966.8	7.998e3
967.7	1.071e4
968.2	1.191e3
968.8	9.507e3
969.8	1.928e4
970.7	1.289e4
971.6	1.584e4
972.2	8.870e2
972.8	1.685e4
973.8	1.106e4
974.4	2.530e3
975.1	2.138e4
976.0	1.315e4
976.9	8.077e3
977.9	6.289e4
978.9	5.215e4
979.9	2.721e4
980.8	1.509e4
981.6	1.931e4
982.2	5.830e2
982.8	1.617e4
983.3	7.830e2
983.9	2.350e4
984.4	9.790e2
984.9	2.170e4
985.9	2.034e4
986.4	2.350e2
986.9	1.642e4
987.8	7.658e3
988.7	1.162e4
989.6	1.137e4
990.6	1.061e4
991.3	4.062e3
992.0	1.250e4
992.8	1.089e4
993.4	1.811e3
994.0	1.569e4
995.0	1.570e4
995.5	3.010e2
996.0	1.154e4
996.7	2.662e3
997.3	1.218e4
998.3	1.355e4
999.2	1.522e4
1000.0	1.138e4
1000.9	1.742e4
1001.9	1.112e4
1002.5	1.105e3
1003.1	1.271e4
1004.1	1.077e4
1005.0	1.167e4
1006.0	8.147e3
1006.9	1.143e4
1007.8	8.173e3
1008.8	9.543e3
1009.7	1.024e4
1010.3	1.611e3
1010.8	1.290e4
1011.8	7.351e3
1012.6	1.484e4
1013.3	4.448e3
1014.0	1.750e4
1014.5	5.010e2
1015.1	1.289e4
1016.0	1.102e4
1016.9	8.910e3
1017.7	4.098e3
1018.4	1.128e4
1019.4	7.866e3
1019.9	4.110e2
1020.5	8.396e3
1021.1	1.619e3
1021.7	1.525e4
1022.2	1.485e3
1022.8	1.522e4
1023.5	2.763e3
1024.1	1.389e4
1025.0	6.275e3
1025.8	1.286e4
1026.8	8.065e3
1027.7	1.550e4
1028.6	1.286e4
1029.3	3.999e3
1030.0	1.462e4
1031.0	1.410e4
1031.7	6.240e3
1032.6	1.243e4
1033.1	1.900e2
1033.7	9.331e3
1034.2	3.240e2
1034.7	9.653e3
1035.7	1.272e4
1036.2	2.260e2
1036.7	1.220e4
1037.7	1.087e4
1038.2	1.860e2
1038.7	7.479e3
1039.7	1.435e4
1040.6	1.083e4
1041.2	1.488e3
1041.9	1.106e4
1042.5	2.186e3
1043.1	1.523e4
1044.1	1.515e4
1044.6	3.280e2
1045.1	1.245e4
1046.1	1.307e4
1047.1	9.496e3
1048.0	6.694e3
1048.7	1.098e4
1049.3	4.830e2
1049.8	1.160e4
1050.3	1.065e3
1050.9	1.321e4
1051.6	3.017e3
1052.3	8.979e3
1052.8	4.600e1
1053.3	9.535e3
1054.3	1.272e4
1055.1	7.086e3
1056.0	2.131e4
1057.0	1.834e4
1057.6	1.243e3
1058.1	1.439e4
1059.0	7.651e3
1059.7	1.244e4
1060.7	1.045e4
1061.5	2.795e3
1062.1	7.757e3
1063.1	8.484e3
1063.7	6.880e2
1064.3	9.235e3
1065.2	7.544e3
1065.9	3.326e3
1066.6	9.713e3
1067.1	2.660e2
1067.6	1.118e4
1068.3	1.930e3
1069.0	1.190e4
1069.5	2.590e2
1070.0	1.156e4
1071.0	8.873e3
1071.5	3.620e2
1072.0	7.845e3
1072.9	8.428e3
1073.8	1.224e4
1074.3	1.135e3
1074.9	1.258e4
1075.4	1.780e2
1075.9	1.525e4
1076.8	1.011e4
1077.6	3.195e4
1078.6	3.669e4
1079.6	2.698e4
1080.1	5.500e1
1080.6	2.305e4
1081.1	1.680e2
1081.6	1.775e4
1082.6	1.546e4
1083.3	4.436e3
1084.0	1.258e4
1084.6	4.850e2
1085.2	8.740e3
1086.1	9.234e3
1087.1	7.540e3
1088.0	1.185e4
1088.8	5.374e3
1089.6	1.087e4
1090.5	6.225e3
1091.3	1.161e4
1092.1	5.431e3
1092.9	6.721e3
1093.8	1.323e4
1094.6	8.668e3
1095.5	1.168e4
1096.5	1.049e4
1097.3	3.414e3
1098.0	9.203e3
1099.0	1.220e4
1099.6	2.475e3
1100.2	9.865e3
1100.8	2.116e3
1101.5	1.011e4
1102.4	1.528e4
1103.2	5.849e3
1104.0	1.380e4
1105.0	1.010e4
1105.5	1.610e2
1106.0	9.892e3
1106.9	8.264e3
1107.5	1.570e2
1108.0	9.331e3
1109.1	7.648e3
1109.7	1.402e3
1110.3	6.123e3
1111.1	7.732e3
1111.9	9.824e3
1112.9	1.129e4
1113.5	1.015e3
1114.0	7.609e3
1114.9	4.366e3
1115.7	1.035e4
1116.7	7.472e3
1117.4	3.627e3
1118.2	1.273e4
1118.7	6.720e2
1119.3	1.093e4
1120.1	5.383e3
1121.0	1.259e4
1121.7	4.310e3
1122.5	1.065e4
1123.2	2.734e3
1123.8	1.002e4
1124.5	4.097e3
1125.3	1.005e4
1126.3	5.869e3
1127.2	5.686e3
1128.0	8.961e3
1128.9	9.266e3
1129.9	8.770e3
1130.4	4.040e2
1130.9	1.164e4
1131.6	3.397e3
1132.3	1.007e4
1133.2	5.947e3
1134.1	7.284e3
1135.0	8.647e3
1135.9	3.613e3
1136.7	8.139e3
1137.3	3.300e2
1137.8	9.572e3
1138.5	1.884e3
1139.2	6.974e3
1139.7	4.430e2
1140.3	9.040e3
1141.1	5.394e3
1142.0	9.918e3
1143.0	9.651e3
1143.5	1.840e3
1144.2	9.047e3
1145.2	6.841e3
1145.7	9.700e1
1146.2	8.217e3
1147.1	3.595e3
1147.9	7.724e3
1148.8	3.624e3
1149.5	5.059e3
1150.5	1.203e4
1151.0	9.040e2
1151.7	8.645e3
1152.6	7.424e3
1153.5	9.776e3
1154.2	2.811e3
1155.0	7.543e3
1155.6	1.486e3
1156.2	8.691e3
1157.2	6.761e3
1158.1	1.357e4
1159.0	1.233e4
1159.6	8.000e2
1160.1	1.151e4
1160.6	2.270e2
1161.2	8.057e3
1161.8	2.309e3
1162.4	1.427e4
1163.3	5.948e3
1164.3	9.659e3
1165.0	3.621e3
1165.8	8.171e3
1166.6	6.591e3
1167.4	7.233e3
1168.4	9.816e3
1169.1	2.614e3
1169.9	6.326e3
1170.9	1.161e4
1171.6	4.717e3
1172.4	9.544e3
1172.9	1.042e3
1173.5	6.548e3
1174.5	9.507e3
1175.0	1.760e2
1175.5	1.039e4
1176.2	2.328e3
1176.9	8.895e3
1177.8	6.392e3
1178.5	1.528e3
1179.1	9.855e3
1179.8	1.604e3
1180.4	1.077e4
1180.9	1.950e2
1181.4	7.901e3
1182.0	7.820e2
1182.6	6.472e3
1183.2	3.370e2
1183.7	7.891e3
1184.3	1.165e3
1184.9	8.306e3
1185.9	8.690e3
1186.7	2.905e3
1187.4	8.362e3
1188.2	3.036e3
1189.1	8.182e3
1190.1	6.885e3
1190.6	1.045e3
1191.2	7.753e3
1192.2	1.081e4
1192.8	8.940e2
1193.3	9.395e3
1194.2	4.786e3
1195.1	7.351e3
1195.7	5.790e2
1196.2	6.644e3
1196.8	1.390e2
1197.3	9.570e3
1197.8	7.470e2
1198.3	1.025e4
1198.9	2.240e2
1199.4	8.574e3
1200.0	9.030e2
1200.5	1.045e4
1201.5	7.378e3
1202.0	3.280e2
1202.5	9.878e3
1203.5	8.792e3
1204.4	5.019e3
1205.2	7.690e3
1206.1	4.241e3
1206.9	8.902e3
1207.7	1.232e4
1208.6	5.536e3
1209.5	8.806e3
1210.5	6.244e3
1211.2	2.963e3
1211.9	6.755e3
1212.6	2.295e3
1213.3	7.742e3
1214.2	8.363e3
1215.2	7.953e3
1216.2	9.327e3
1216.9	2.057e3
1217.7	1.211e4
1218.6	6.140e3
1219.6	9.180e3
1220.4	5.267e3
1221.2	4.761e3
1222.1	7.677e3
1222.8	2.128e3
1223.5	9.922e3
1224.4	5.170e3
1225.2	6.812e3
1226.2	9.072e3
1226.8	4.610e2
1227.3	9.389e3
1228.3	9.824e3
1228.8	2.200e1
1229.3	8.660e3
1230.2	6.480e3
1231.0	9.058e3
1232.0	7.422e3
1232.9	1.214e4
1233.8	6.752e3
1234.3	2.240e2
1234.8	6.375e3
1235.6	6.529e3
1236.3	1.696e3
1236.9	9.841e3
1237.8	6.700e3
1238.7	5.271e3
1239.7	7.471e3
1240.5	2.429e3
1241.3	7.454e3
1242.2	4.631e3
1243.0	7.070e3
1243.9	9.504e3
1244.5	2.100e3
1245.2	9.192e3
1246.0	4.055e3
1247.0	8.184e3
1247.8	7.581e3
1248.5	2.290e3
1249.1	8.916e3
1249.7	5.000e1
1250.2	9.584e3
1250.7	1.680e2
1251.2	6.855e3
1252.2	7.331e3
1253.1	3.144e3
1253.9	6.618e3
1254.7	4.562e3
1255.5	6.628e3
1256.1	5.340e2
1256.6	8.258e3
1257.6	1.007e4
1258.3	1.581e3
1259.1	1.018e4
1260.0	5.909e3
1260.9	7.595e3
1261.8	4.836e3
1262.7	9.447e3
1263.4	2.597e3
1264.0	7.501e3
1264.8	2.215e3
1265.5	1.030e4
1266.1	5.770e2
1266.6	6.365e3
1267.6	7.624e3
1268.3	1.644e3
1269.1	7.044e3
1270.1	7.445e3
1271.1	8.725e3
1271.7	6.520e2
1272.3	8.864e3
1273.1	3.848e3
1273.9	8.622e3
1274.7	2.492e3
1275.4	4.504e3
1276.2	8.381e3
1277.2	6.513e3
1278.1	4.735e3
1278.6	7.600e1
1279.2	8.000e3
1280.1	5.830e3
1281.1	7.069e3
1281.8	1.759e3
1282.5	9.316e3
1283.3	5.011e3
1284.2	8.402e3
1284.7	6.430e2
1285.3	6.110e3
1285.8	1.830e2
1286.3	1.002e4
1287.2	2.715e3
1287.8	8.123e3
1288.6	2.349e3
1289.2	7.218e3
1290.2	7.496e3
1290.8	2.420e3
1291.5	7.049e3
1292.5	5.692e3
1293.4	6.491e3
1294.3	7.147e3
1295.3	6.549e3
1296.2	7.735e3
1296.9	2.892e3
1297.8	7.793e3
1298.4	4.160e2
1298.9	8.684e3
1299.6	2.785e3
1300.4	8.458e3
1301.1	2.689e3
1301.9	7.543e3
1302.6	2.306e3
1303.3	6.778e3
1304.2	9.860e3
1304.8	1.896e3
1305.4	8.293e3
1306.0	1.497e3
1306.7	7.749e3
1307.5	5.658e3
1308.4	7.305e3
1309.1	3.294e3
1309.9	6.497e3
1310.9	5.194e3
1311.4	3.210e2
1312.0	5.967e3
1312.5	2.540e2
1313.0	7.353e3
1313.6	3.580e2
1314.2	9.782e3
1314.7	5.400e1
1315.2	9.268e3
1316.1	5.631e3
1317.2	6.162e3
1318.1	7.380e3
1319.0	8.800e3
1320.0	7.822e3
1320.8	4.637e3
1321.7	7.892e3
1322.7	8.085e3
1323.3	1.703e3
1323.9	8.096e3
1324.7	2.292e3
1325.4	5.902e3
1326.0	8.040e2
1326.6	9.821e3
1327.4	5.042e3
1328.2	9.965e3
1328.8	2.280e2
1329.3	7.504e3
1330.0	1.658e3
1330.7	7.088e3
1331.7	5.425e3
1332.7	7.147e3
1333.5	2.319e3
1334.3	7.385e3
1335.1	3.935e3
1336.0	7.693e3
1336.6	9.030e2
1337.2	5.428e3
1337.8	1.434e3
1338.4	8.107e3
1339.4	9.481e3
1340.4	6.402e3
1341.2	3.729e3
1342.0	9.373e3
1343.0	6.010e3
1344.0	1.005e4
1344.9	6.633e3
1345.9	6.445e3
1346.5	5.200e2
1347.0	1.079e4
1347.6	1.319e3
1348.2	6.967e4
1348.7	1.310e2
1349.2	6.705e4
1349.7	1.840e2
1350.2	3.700e4
1351.3	1.724e4
1352.2	1.061e4
1353.2	7.657e3
1354.0	1.918e3
1354.6	6.303e3
1355.3	6.860e2
1355.8	7.892e3
1356.4	7.000e2
1357.0	7.055e3
1358.0	7.855e3
1358.9	4.137e3
1359.9	8.257e3
1360.6	1.972e3
1361.3	7.413e3
1362.3	7.965e3
1362.8	5.480e2
1363.5	6.539e3
1364.5	9.221e3
1365.2	1.709e3
1365.8	5.623e3
1366.6	2.032e3
1367.3	7.391e3
1368.2	3.740e3
1369.0	7.757e3
1369.5	4.910e2
1370.1	7.654e3
1370.9	5.738e3
1371.9	9.252e3
1372.8	5.426e3
1373.7	7.606e3
1374.5	5.186e3
1375.3	6.332e3
1376.3	6.972e3
1377.2	6.053e3
1378.1	5.179e3
1379.0	7.599e3
1379.5	1.640e2
1380.1	5.705e3
1380.7	1.304e3
1381.3	9.495e3
1382.3	6.699e3
1382.8	5.440e2
1383.4	8.489e3
1384.0	1.025e3
1384.6	6.276e3
1385.1	1.160e2
1385.7	7.179e3
1386.5	5.328e3
1387.4	3.249e3
1388.2	8.240e3
1389.0	4.519e3
1390.0	5.524e3
1390.8	2.429e3
1391.6	7.050e3
1392.1	1.500e2
1392.6	5.782e3
1393.1	5.900e1
1393.6	5.167e3
1394.5	7.067e3
1395.5	7.786e3
1396.3	3.132e3
1397.1	6.392e3
1397.8	4.660e2
1398.4	3.971e3
1398.9	4.100e1
1399.4	5.807e3
1399.9	1.690e2
1400.5	6.162e3
1401.0	9.800e1
1401.5	6.368e3
1402.4	4.548e3
1403.3	7.916e3
1403.9	4.660e2
1404.4	6.052e3
1405.0	6.540e2
1405.7	7.283e3
1406.4	1.139e3
1407.0	5.043e3
1407.9	2.908e3
1408.8	6.732e3
1409.5	1.162e3
1410.1	9.193e3
1410.9	4.412e3
1411.8	6.607e3
1412.7	7.495e3
1413.3	1.252e3
1413.9	8.878e3
1414.6	9.900e2
1415.2	6.937e3
1415.8	6.690e2
1416.5	8.218e3
1417.4	4.595e3
1418.2	8.412e3
1419.2	6.192e3
1419.8	1.855e3
1420.5	7.667e3
1421.1	7.610e2
1421.7	6.469e3
1422.4	1.262e3
1423.0	8.297e3
1423.6	1.292e3
1424.3	4.909e3
1425.1	2.911e3
1425.9	5.712e3
1426.9	8.189e3
1427.8	3.734e3
1428.6	6.229e3
1429.6	4.112e3
1430.6	5.558e3
1431.4	4.980e3
1432.0	5.000e2
1432.6	5.899e3
1433.1	5.800e1
1433.6	7.451e3
1434.5	3.412e3
1435.0	2.990e2
1435.5	4.867e3
1436.1	2.840e2
1436.6	5.993e3
1437.2	7.680e2
1437.9	7.229e3
1438.7	2.636e3
1439.6	4.052e3
1440.2	6.400e2
1440.8	8.736e3
1441.5	1.825e3
1442.2	5.455e3
1443.1	6.548e3
1443.8	3.360e3
1444.6	8.099e3
1445.5	4.668e3
1446.5	4.033e3
1447.2	1.482e3
1447.9	9.744e3
1448.8	3.528e3
1449.6	4.052e3
1450.6	6.252e3
1451.4	4.458e3
1452.1	1.038e3
1452.8	7.448e3
1453.3	1.540e2
1453.8	4.578e3
1454.8	7.843e3
1455.6	1.648e3
1456.3	5.751e3
1457.3	4.068e3
1458.2	4.028e3
1459.0	6.051e3
1460.0	5.488e3
1460.6	5.120e2
1461.1	5.869e3
1461.8	2.166e3
1462.6	6.994e3
1463.3	1.677e3
1464.0	5.440e3
1465.0	5.974e3
1465.5	5.200e1
1466.1	9.060e3
1466.6	5.330e2
1467.2	6.609e3
1468.2	5.279e3
1468.7	2.340e2
1469.3	5.382e3
1469.8	1.190e2
1470.4	4.965e3
1471.0	2.560e2
1471.5	4.430e3
1472.5	6.231e3
1473.0	2.120e2
1473.5	5.413e3
1474.6	3.820e3
1475.4	3.133e3
1476.0	6.100e1
1476.6	5.213e3
1477.2	1.665e3
1477.9	5.684e3
1478.9	4.394e3
1479.9	4.976e3
1480.9	4.315e3
1481.9	5.601e3
1482.7	2.634e3
1483.4	3.399e3
1484.3	4.012e3
1485.2	5.498e3
1485.9	8.550e2
1486.5	5.728e3
1487.1	2.132e3
1487.9	6.335e3
1488.9	4.242e3
1489.9	6.823e3
1490.6	2.758e3
1491.4	6.361e3
1492.2	1.924e3
1493.0	3.817e3
1493.9	4.832e3
1494.8	4.239e3
1495.8	6.793e3
1496.3	3.560e2
1496.9	3.397e3
1497.8	3.943e3
1498.8	6.388e3
1499.6	1.197e3
1500.2	5.105e3
1501.1	5.964e3
1502.1	4.276e3
1503.0	3.245e3
1503.9	6.719e3
1504.8	3.676e3
1505.8	4.020e3
1506.6	5.852e3
1507.4	2.975e3
1508.2	3.671e3
1509.2	4.998e3
1509.9	1.834e3
1510.6	3.818e3
1511.1	4.050e2
1511.7	5.653e3
1512.7	3.949e3
1513.5	5.047e3
1514.4	5.413e3
1515.2	1.127e3
1515.8	5.446e3
1516.8	5.372e3
1517.4	2.440e2
1517.9	5.890e3
1518.5	6.500e1
1519.0	5.358e3
1519.8	7.140e2
1520.4	6.818e3
1521.2	1.412e3
1521.9	5.655e3
1522.9	3.089e3
1523.8	6.082e3
1524.4	2.470e2
1524.9	5.010e3
1525.8	2.298e3
1526.7	6.140e3
1527.5	2.948e3
1528.4	5.055e3
1529.0	8.570e2
1529.7	6.136e3
1530.7	5.015e3
1531.3	1.280e2
1531.9	4.472e3
1532.4	2.040e2
1533.0	3.140e3
1534.0	2.626e3
1534.7	6.040e3
1535.6	3.140e3
1536.3	1.085e3
1536.9	5.404e3
1537.7	2.520e3
1538.5	4.748e3
1539.3	3.402e3
1539.9	9.600e2
1540.6	5.311e3
1541.1	2.830e2
1541.7	2.640e3
1542.5	4.747e3
1543.3	1.236e3
1544.1	6.690e3
1544.8	1.783e3
1545.5	7.639e3
1546.4	3.061e3
1547.3	5.323e3
1547.9	8.520e2
1548.5	3.016e3
1549.3	5.839e3
1550.2	2.627e3
1551.1	5.056e3
1552.2	6.597e3
1553.0	2.347e3
1553.8	3.640e3
1554.7	3.138e3
1555.2	4.000e1
1555.7	5.163e3
1556.3	5.370e2
1556.8	2.897e3
1557.3	2.570e2
1557.9	3.487e3
1558.7	1.307e3
1559.5	5.583e3
1560.2	2.424e3
1560.9	4.840e3
1561.8	4.389e3
1562.8	6.745e3
1563.6	2.690e3
1564.4	3.608e3
1565.2	4.495e3
1566.0	4.216e3
1566.9	3.924e3
1567.5	8.160e2
1568.1	3.692e3
1569.0	4.993e3
1569.5	1.500e1
1570.0	4.586e3
1570.7	8.500e2
1571.3	6.416e3
1571.9	1.989e3
1572.7	2.957e3
1573.5	5.315e3
1574.6	7.726e3
1575.5	3.381e3
1576.3	6.878e3
1576.9	2.430e2
1577.4	3.987e3
1578.4	3.077e3
1579.3	5.006e3
1580.0	1.863e3
1580.8	4.070e3
1581.5	1.134e3
1582.2	5.171e3
1582.8	4.390e2
1583.4	5.153e3
1584.3	5.911e3
1585.2	2.620e3
1585.8	4.020e2
1586.3	5.013e3
1587.0	1.307e3
1587.7	6.575e3
1588.2	1.280e2
1588.7	4.727e3
1589.6	8.425e3
1590.5	3.808e3
1591.4	5.344e3
1592.4	3.630e3
1592.9	1.440e2
1593.4	5.021e3
1594.2	2.523e3
1595.1	3.692e3
1595.9	1.286e3
1596.6	3.519e3
1597.3	7.840e2
1597.9	4.837e3
1598.7	2.806e3
1599.6	6.236e3
1600.2	1.172e3
1601.0	3.760e3
1601.9	4.708e3
1602.7	3.789e3
1603.6	6.526e3
1604.3	1.770e3
1605.0	3.379e3
1605.8	4.732e3
1606.5	1.220e3
1607.4	4.952e3
1608.4	3.875e3
1609.2	2.228e3
1610.0	3.360e3
1610.7	2.042e3
1611.5	4.550e3
1612.5	4.025e3
1613.2	1.879e3
1614.0	4.684e3
1614.8	2.687e3
1615.6	4.963e3
1616.5	3.104e3
1617.3	6.264e3
1618.0	7.670e2
1618.6	3.629e3
1619.3	6.950e2
1619.9	2.343e3
1620.7	5.978e3
1621.7	7.136e3
1622.4	1.984e3
1623.1	5.285e3
1624.0	3.087e3
1625.0	5.083e3
1625.8	1.203e3
1626.5	3.066e3
1627.1	3.940e2
1627.7	3.507e3
1628.6	5.172e3
1629.2	1.570e2
1629.7	6.172e3
1630.7	3.843e3
1631.6	4.830e3
1632.4	1.734e3
1633.1	4.196e3
1633.8	1.991e3
1634.6	6.093e3
1635.2	4.190e2
1635.8	4.191e3
1636.3	1.370e2
1636.8	3.939e3
1637.3	1.470e2
1637.8	5.171e3
1638.7	3.567e3
1639.3	6.060e2
1639.9	4.855e3
1640.9	3.217e3
1641.9	3.356e3
1642.4	2.900e2
1643.0	4.538e3
1644.0	3.296e3
1644.6	1.025e3
1645.2	3.262e3
1645.8	4.590e2
1646.5	2.388e3
1647.3	7.078e3
1648.0	6.620e2
1648.6	3.608e3
1649.5	5.042e3
1650.5	3.511e3
1651.3	1.882e3
1652.1	3.701e3
1653.0	2.213e3
1653.6	1.140e2
1654.1	6.479e3
1654.7	1.374e3
1655.4	5.830e3
1655.9	9.600e1
1656.4	5.389e3
1657.4	3.021e3
1658.3	5.390e3
1659.0	1.860e3
1659.8	5.327e3
1660.6	5.760e2
1661.2	5.000e3
1662.1	3.688e3
1663.0	1.883e3
1663.9	2.625e3
1664.5	3.130e2
1665.0	4.443e3
1665.6	1.070e2
1666.1	7.510e3
1666.7	5.490e2
1667.3	4.082e3
1668.2	3.234e3
1669.1	4.309e3
1670.1	2.934e3
1670.9	4.139e3
1671.7	1.201e3
1672.5	3.264e3
1673.3	2.846e3
1674.2	5.391e3
1675.1	2.061e3
1675.8	3.444e3
1676.6	2.016e3
1677.4	4.341e3
1678.3	4.465e3
1679.1	1.489e3
1680.1	6.446e3
1681.0	4.060e3
1682.0	2.966e3
1682.8	1.734e3
1683.6	4.203e3
1684.4	2.677e3
1685.3	5.033e3
1685.9	5.970e2
1686.5	4.886e3
1687.2	9.590e2
1688.0	5.262e3
1688.7	1.038e3
1689.4	5.567e3
1690.1	5.150e2
1690.7	3.787e3
1691.4	2.364e3
1692.3	4.634e3
1693.2	3.771e3
1693.8	3.350e2
1694.4	5.318e3
1695.4	4.243e3
1696.0	5.660e2
1696.6	2.967e3
1697.6	4.626e3
1698.2	1.980e2
1698.8	3.128e3
1699.4	7.930e2
1700.1	3.632e3
1701.1	3.727e3
1701.9	2.110e3
1702.6	3.992e3
1703.5	3.034e3
1704.4	3.131e3
1705.3	2.713e3
1705.8	2.900e1
1706.3	4.331e3
1707.0	1.963e3
1707.7	4.587e3
1708.6	2.271e3
1709.4	3.712e3
1710.3	4.698e3
1711.3	2.816e3
1711.8	1.370e2
1712.3	3.208e3
1713.0	6.440e2
1713.6	2.865e3
1714.6	4.243e3
1715.2	2.810e2
1715.9	3.874e3
1716.7	1.797e3
1717.4	4.285e3
1718.0	3.880e2
1718.6	5.295e3
1719.4	3.042e3
1720.3	1.963e3
1721.1	4.642e3
1721.6	2.800e1
1722.1	2.497e3
1722.8	1.631e3
1723.5	4.468e3
1724.2	6.390e2
1724.9	3.579e3
1725.9	4.252e3
1727.0	3.175e3
1728.0	3.408e3
1728.5	9.000e0
1729.0	4.350e3
1729.8	2.129e3
1730.7	2.805e3
1731.2	3.460e2
1731.8	3.724e3
1732.7	2.667e3
1733.6	1.897e3
1734.3	1.781e3
1735.2	3.518e3
1736.0	1.627e3
1736.9	6.339e3
1737.5	3.770e2
1738.0	4.413e3
1739.0	3.567e3
1739.6	3.900e1
1740.1	4.214e3
1740.6	2.400e2
1741.2	3.715e3
1742.1	2.884e3
1742.7	2.100e2
1743.2	3.610e3
1743.9	4.850e2
1744.5	3.100e3
1745.0	2.970e2
1745.6	2.860e3
1746.5	3.884e3
1747.6	5.214e3
1748.5	5.442e3
1749.2	6.670e2
1749.8	4.344e3
1750.7	2.185e3
1751.7	2.603e3
1752.6	4.386e3
1753.1	2.980e2
1753.6	2.540e3
1754.5	2.557e3
1755.1	3.810e2
1755.7	4.114e3
1756.7	4.255e3
1757.5	2.362e3
1758.4	2.537e3
1759.2	9.060e2
1759.9	3.282e3
1760.8	2.253e3
1761.4	5.610e2
1762.1	4.219e3
1763.1	2.710e3
1764.1	4.665e3
1764.7	4.830e2
1765.3	5.099e3
1766.3	3.080e3
1767.2	3.453e3
1767.9	1.221e3
1768.6	3.517e3
1769.5	1.567e3
1770.4	2.294e3
1771.2	1.193e3
1772.1	3.478e3
1773.0	2.861e3
1773.7	1.144e3
1774.5	4.094e3
1775.5	1.811e3
1776.5	2.511e3
1777.3	3.413e3
1778.3	3.629e3
1779.2	2.799e3
1779.7	7.600e1
1780.3	3.159e3
1780.9	8.460e2
1781.6	4.414e3
1782.2	1.410e2
1782.7	2.932e3
1783.5	1.467e3
1784.4	3.121e3
1785.0	3.200e2
1785.6	3.632e3
1786.4	1.680e3
1787.2	3.628e3
1787.7	3.000e2
1788.3	3.939e3
1789.3	3.337e3
1789.8	1.020e2
1790.3	3.151e3
1791.3	2.420e3
1791.9	5.620e2
1792.5	2.288e3
1793.3	6.780e2
1794.0	1.655e3
1794.9	3.110e3
1795.9	4.304e3
1796.4	2.200e1
1796.9	3.640e3
1797.6	1.389e3
1798.3	3.661e3
1799.2	2.188e3
1799.8	8.770e2
1800.6	2.725e3
1801.6	2.010e3
1802.4	3.472e3
1803.1	1.931e3
1803.9	3.463e3
1804.6	6.400e2
1805.3	3.845e3
1806.0	1.544e3
1806.7	4.156e3
1807.5	1.719e3
1808.3	2.062e3
1809.1	8.890e2
1809.8	3.306e3
1810.6	2.316e3
1811.6	3.558e3
1812.2	1.910e2
1812.7	3.291e3
1813.7	4.096e3
1814.7	1.827e3
1815.5	2.838e3
1816.4	3.832e3
1816.9	1.210e2
1817.5	2.583e3
1818.1	6.000e1
1818.6	3.647e3
1819.2	5.990e2
1819.8	3.696e3
1820.8	1.640e3
1821.7	3.603e3
1822.5	1.767e3
1823.3	9.210e2
1824.0	3.197e3
1824.7	1.850e2
1825.2	2.967e3
1826.2	4.698e3
1827.0	1.206e3
1827.9	3.494e3
1828.6	6.970e2
1829.3	2.821e3
1829.8	2.080e2
1830.3	3.191e3
1831.2	1.344e3
1832.0	3.297e3
1833.0	3.967e3
1833.8	1.476e3
1834.6	4.151e3
1835.5	2.960e3
1836.4	2.421e3
1837.1	1.506e3
1837.9	3.260e3
1838.5	3.690e2
1839.1	4.496e3
1839.9	2.691e3
1840.9	4.987e3
1841.4	1.240e2
1842.0	3.297e3
1842.5	3.160e2
1843.0	4.211e3
1843.9	3.035e3
1844.6	8.350e2
1845.4	2.965e3
1846.3	1.731e3
1847.1	3.831e3
1847.9	2.158e3
1848.8	3.450e3
1849.7	2.015e3
1850.6	1.979e3
1851.4	3.559e3
1852.3	2.030e3
1853.1	3.759e3
1854.0	3.211e3
1855.0	3.233e3
1855.9	2.019e3
1856.9	4.924e3
1857.5	6.500e2
1858.1	1.565e3
1859.0	3.016e3
1859.8	2.114e3
1860.8	3.276e3
1861.8	2.373e3
1862.6	1.858e3
1863.4	2.273e3
1864.4	3.259e3
1865.2	6.350e2
1865.8	3.614e3
1866.5	3.700e2
1867.0	3.393e3
1867.6	4.940e2
1868.4	2.866e3
1869.2	1.402e3
1870.0	2.143e3
1870.9	3.540e3
1872.0	3.060e3
1873.0	2.184e3
1873.8	2.157e3
1874.6	2.508e3
1875.6	3.055e3
1876.1	5.800e1
1876.7	2.623e3
1877.6	1.209e3
1878.6	2.442e3
1879.6	3.377e3
1880.3	7.950e2
1881.0	2.541e3
1882.0	1.243e3
1882.7	2.608e3
1883.5	3.878e3
1884.3	2.435e3
1884.9	7.300e1
1885.4	3.020e3
1886.2	1.438e3
1887.2	3.905e3
1888.2	4.079e3
1889.0	1.244e3
1889.7	3.038e3
1890.7	2.108e3
1891.7	2.959e3
1892.4	6.840e2
1893.2	3.010e3
1894.1	2.401e3
1894.8	5.450e2
1895.4	4.934e3
1896.5	1.040e3
1897.3	2.002e3
1898.3	1.779e3
1899.3	1.631e3
1900.1	3.036e3
1900.7	7.500e1
1901.2	2.792e3
1902.1	1.693e3
1903.0	2.942e3
1903.7	1.280e2
1904.2	4.019e3
1904.8	8.800e1
1905.3	1.930e3
1906.3	4.421e3
1907.0	7.040e2
1907.6	2.920e3
1908.3	9.590e2
1909.0	3.367e3
1909.9	1.828e3
1910.7	1.794e3
1911.7	3.437e3
1912.7	2.066e3
1913.3	4.450e2
1913.9	2.598e3
1914.8	4.643e3
1915.7	2.863e3
1916.2	2.760e2
1916.7	3.316e3
1917.6	1.853e3
1918.4	7.300e2
1919.3	2.088e3
1920.3	3.447e3
1921.3	2.929e3
1922.0	8.120e2
1922.7	3.070e3
1923.5	1.583e3
1924.4	2.680e3
1925.3	2.497e3
1926.1	1.219e3
1926.9	3.409e3
1927.7	2.709e3
1928.7	3.563e3
1929.3	6.400e2
1930.0	2.720e3
1930.8	1.274e3
1931.7	4.339e3
1932.7	1.515e3
1933.3	4.470e2
1933.9	2.050e3
1934.9	2.545e3
1935.7	4.510e2
1936.3	2.825e3
1937.3	1.626e3
1938.1	1.921e3
1938.7	2.150e2
1939.2	2.729e3
1940.2	4.456e3
1941.0	1.627e3
1942.0	3.910e3
1943.0	1.845e3
1943.8	3.752e3
1944.7	1.903e3
1945.5	1.718e3
1946.4	2.871e3
1946.9	1.110e2
1947.4	1.267e3
1948.3	6.720e2
1949.0	3.185e3
1949.5	3.330e2
1950.1	2.599e3
1950.6	1.090e2
1951.2	3.894e3
1952.1	9.320e2
1952.8	3.421e3
1953.3	9.900e1
1953.9	2.967e3
1954.6	9.900e1
1955.1	2.993e3
1955.9	5.680e2
1956.5	2.540e3
1957.2	4.010e2
1957.9	3.346e3
1958.8	3.227e3
1959.3	3.130e2
1959.9	2.074e3
1960.5	1.780e2
1961.0	3.542e3
1961.7	3.490e2
1962.5	2.917e3
1963.4	4.005e3
1964.2	1.025e3
1964.9	2.477e3
1965.5	5.050e2
1966.3	2.828e3
1967.4	2.689e3
1968.2	1.627e3
1969.0	1.564e3
1969.8	3.118e3
1970.8	2.183e3
1971.6	6.110e2
1972.3	2.296e3
1972.9	6.410e2
1973.5	3.292e3
1974.3	1.642e3
1974.9	2.630e2
1975.5	2.700e3
1976.5	1.990e3
1977.1	1.560e2
1977.6	2.182e3
1978.5	2.561e3
1979.2	5.000e2
1979.8	2.396e3
1980.3	1.140e2
1980.9	2.748e3
1981.7	1.142e3
1982.7	2.926e3
1983.3	3.840e2
1984.1	2.533e3
1984.9	1.055e3
1985.7	1.832e3
1986.5	1.329e3
1987.3	8.400e2
1988.0	2.798e3
1989.1	2.117e3
1989.9	2.138e3
1990.4	2.700e1
1991.0	1.968e3
1991.5	7.500e1
1992.1	2.240e3
1993.0	1.687e3
1993.8	2.344e3
1994.5	4.130e2
1995.4	2.558e3
1996.4	3.132e3
1997.3	2.219e3
1998.3	1.755e3
1999.3	3.339e3
1999.9	3.880e2
