100.2	3.220e2
101.0	8.848e4
102.0	1.713e4
103.0	1.310e4
103.9	9.890e2
104.4	4.000e0
105.0	2.877e3
105.9	3.260e2
106.5	3.000e0
107.1	5.220e2
108.0	7.593e3
109.1	1.353e3
110.1	3.500e2
111.1	4.580e3
112.2	1.159e3
113.0	1.467e5
114.0	3.522e3
114.5	2.900e1
115.0	6.408e3
116.0	9.794e3
117.0	9.992e4
117.5	1.610e2
118.0	1.465e4
119.0	4.497e3
120.0	1.390e3
120.6	3.500e1
121.1	1.547e3
122.0	6.410e2
123.0	7.450e2
124.1	1.284e3
125.1	1.997e3
125.6	5.000e0
126.1	7.000e2
127.1	1.277e3
128.0	1.653e3
129.1	2.091e3
130.0	1.145e4
131.1	3.568e3
132.1	1.767e3
133.0	9.466e3
134.1	1.968e3
135.0	6.990e3
136.1	2.021e3
137.1	6.219e3
138.0	2.891e3
139.0	1.305e3
140.0	8.770e2
141.0	2.160e2
141.6	9.300e2
142.3	3.600e2
143.0	1.124e3
144.0	1.659e3
145.0	1.342e4
146.0	1.709e4
146.5	3.100e1
147.0	1.797e4
148.1	1.496e3
149.0	2.290e3
150.2	9.370e2
151.1	1.557e3
152.1	4.133e3
153.1	2.684e3
154.0	8.590e2
155.1	2.449e3
156.0	2.793e3
157.1	1.672e3
158.1	4.710e3
159.1	2.140e3
160.0	1.510e3
161.0	2.270e3
162.0	9.330e2
163.0	3.140e3
164.1	1.978e3
165.0	5.819e3
165.6	4.900e1
166.1	1.277e3
167.0	6.720e2
168.0	8.390e2
169.1	3.528e3
170.1	1.099e3
171.0	1.138e3
172.1	1.015e3
173.1	1.510e3
174.1	4.594e3
175.0	3.838e4
176.1	3.157e3
177.0	3.498e3
178.0	8.850e2
179.0	4.295e3
180.1	2.815e3
181.1	1.992e4
182.2	1.771e3
183.1	2.858e3
184.1	1.985e3
185.0	3.266e3
186.1	4.364e3
187.1	2.803e3
188.1	2.956e3
189.1	1.574e3
190.1	2.320e3
191.0	1.006e4
192.0	1.303e3
193.1	6.205e3
194.1	1.649e3
195.1	9.380e3
196.0	8.842e3
197.0	2.756e3
197.9	1.181e4
198.5	4.000e0
199.1	1.335e3
199.9	5.545e3
201.0	3.029e3
202.1	3.318e3
202.6	3.100e1
203.1	3.251e3
203.6	4.000e0
204.1	8.940e2
205.1	1.563e3
206.0	1.931e3
206.6	4.000e0
207.1	4.367e3
208.0	1.375e4
208.6	6.500e1
209.1	3.355e3
210.1	2.321e3
211.1	2.451e3
211.6	1.160e2
212.2	3.137e4
213.1	6.446e3
214.1	3.436e3
214.6	4.900e1
215.2	2.352e3
216.2	1.222e3
217.1	2.715e3
218.0	2.271e3
218.6	1.340e2
219.1	3.101e3
220.1	3.134e3
221.2	3.166e3
222.0	1.843e3
223.1	3.509e3
224.0	8.920e2
225.0	2.519e3
225.6	4.900e1
226.1	2.000e3
227.0	2.087e3
227.5	3.500e1
228.1	1.690e3
229.1	1.351e3
230.1	2.247e3
230.6	5.300e1
231.1	2.134e3
232.0	3.021e3
232.5	1.400e1
233.1	2.482e3
234.0	2.350e3
234.5	5.800e1
235.1	1.658e3
236.1	2.100e4
237.1	3.878e3
238.1	2.681e3
239.1	3.809e3
240.0	2.146e4
240.5	9.100e1
241.1	5.493e3
242.1	4.316e3
242.6	2.100e1
243.1	1.052e4
244.1	3.739e3
245.1	2.129e3
246.1	1.622e3
247.1	2.339e3
248.1	2.086e3
249.1	5.005e4
250.1	3.500e3
251.1	2.012e3
252.0	8.940e2
252.7	1.030e2
253.2	3.364e3
254.3	1.139e3
255.3	4.881e3
256.3	2.281e3
257.1	1.998e3
258.1	2.934e3
259.1	2.660e3
260.1	2.098e3
261.1	3.217e3
262.0	3.024e3
263.0	2.278e3
264.0	1.409e3
264.7	5.300e1
265.2	4.772e3
266.1	2.708e3
267.2	2.771e3
268.1	2.088e3
269.0	2.694e3
269.7	4.800e1
270.3	9.330e2
271.3	2.087e3
272.1	1.437e3
273.1	2.443e3
273.6	7.300e1
274.1	1.494e3
275.0	3.783e3
275.6	1.420e2
276.1	1.940e3
276.7	7.500e1
277.2	3.345e3
278.2	2.859e3
279.2	6.051e3
280.1	2.716e3
280.8	2.490e2
281.4	1.198e4
282.3	3.533e3
283.1	1.878e3
284.0	2.226e3
284.6	7.400e1
285.1	2.291e3
286.0	2.260e3
287.0	1.773e3
287.5	2.100e1
288.2	7.400e3
289.2	2.073e3
290.1	6.579e3
291.1	2.982e3
292.1	4.072e3
292.6	6.000e0
293.2	2.436e3
294.2	2.198e3
295.1	3.208e3
296.2	1.904e3
296.7	7.000e1
297.3	3.025e3
298.2	2.529e3
298.8	1.420e2
299.3	4.921e3
300.3	2.114e3
301.2	2.986e3
302.2	1.721e3
302.8	7.900e1
303.3	7.670e3
304.2	2.737e3
304.8	3.370e2
305.3	1.691e4
305.8	5.500e1
306.3	7.677e3
307.2	6.892e3
308.1	1.133e4
308.6	6.300e1
309.2	4.119e3
310.1	3.476e3
310.6	4.900e1
311.1	9.811e3
312.1	4.650e3
313.1	4.876e3
314.0	2.789e3
314.6	1.010e2
315.2	3.396e3
316.1	1.828e3
317.1	5.698e4
318.0	5.164e3
318.6	1.730e2
319.2	3.568e3
320.1	2.569e3
320.6	6.100e1
321.2	5.592e3
322.1	2.651e3
322.6	4.400e1
323.2	6.219e3
323.7	7.900e1
324.2	5.132e4
325.2	1.302e4
326.2	5.560e3
326.8	3.560e2
327.3	1.248e4
328.3	7.259e3
329.2	1.360e4
330.2	5.453e3
331.1	4.908e3
332.1	2.102e3
332.7	3.000e1
333.2	6.867e3
334.1	4.242e3
335.1	2.656e3
335.6	2.230e2
336.2	5.298e3
337.2	3.896e3
337.7	2.000e1
338.2	3.191e3
338.8	3.110e2
339.4	5.081e3
340.2	2.908e3
341.1	3.644e3
342.1	2.829e3
343.0	7.263e3
343.6	1.540e2
344.1	4.429e3
345.1	4.183e3
345.7	1.740e2
346.2	3.139e3
347.2	5.980e3
348.1	2.263e3
348.7	4.260e2
349.3	9.396e3
350.3	4.885e3
351.2	4.002e3
352.2	2.117e3
353.1	7.836e3
353.7	1.630e2
354.2	2.869e3
354.8	4.100e1
355.3	1.135e4
356.2	1.090e4
357.1	7.645e3
357.6	6.500e1
358.1	2.508e3
359.1	2.786e3
360.1	3.435e3
360.6	1.300e1
361.2	3.600e3
362.2	2.561e3
363.0	2.822e3
364.0	2.336e3
364.5	1.150e2
365.0	2.312e3
365.9	4.355e3
366.5	4.310e2
367.2	2.524e3
368.2	1.950e3
369.1	2.260e4
370.1	4.008e3
370.8	2.720e2
371.4	4.010e3
372.3	2.489e3
373.3	5.327e3
374.2	1.616e3
374.7	1.840e2
375.3	7.547e3
376.2	3.756e3
376.7	2.950e2
377.3	6.993e3
378.2	4.467e3
379.2	1.268e4
380.1	4.601e3
380.8	6.600e2
381.4	1.371e4
382.3	6.588e3
383.3	6.747e3
384.2	3.013e3
385.1	2.964e4
386.0	3.372e3
387.1	2.992e3
387.6	2.700e1
388.2	1.391e3
389.2	3.313e3
390.1	2.901e3
390.8	5.220e2
391.4	6.373e3
392.3	3.308e3
393.2	4.051e3
394.0	2.268e3
394.6	1.310e2
395.2	5.742e3
396.2	3.115e3
397.1	8.566e3
397.6	5.000e1
398.1	4.611e3
399.1	4.640e3
400.1	1.847e3
400.8	1.880e2
401.3	6.427e3
402.2	4.115e3
402.7	9.100e1
403.3	2.907e3
404.2	2.468e3
404.7	2.480e2
405.3	5.574e3
406.2	2.158e3
407.0	2.428e3
407.8	4.988e3
408.5	1.247e3
409.2	3.439e3
410.1	3.017e3
411.1	7.481e3
412.0	2.485e3
412.6	8.800e1
413.2	4.625e3
414.1	2.126e3
414.6	5.000e0
415.2	4.096e3
416.1	2.455e3
416.8	5.450e2
417.4	7.324e3
418.2	2.855e3
418.8	3.050e2
419.4	4.566e3
420.2	1.578e3
421.1	4.358e3
422.1	2.674e3
422.7	5.520e2
423.3	4.882e3
424.1	1.103e4
425.1	4.422e3
426.1	2.638e3
426.7	1.190e2
427.3	5.198e3
428.1	4.840e3
428.7	6.570e2
429.3	4.594e3
430.2	2.346e3
431.2	5.067e3
432.1	2.763e3
432.9	7.690e2
433.6	5.340e3
434.5	2.780e3
435.4	3.802e3
435.9	8.900e1
436.5	1.402e4
437.3	4.255e3
438.0	6.739e3
438.7	7.020e2
439.3	4.322e3
440.2	3.005e3
441.2	5.963e3
442.1	2.926e3
443.1	4.182e3
444.0	5.107e3
444.6	1.810e2
445.1	3.429e3
446.1	3.429e3
447.1	8.171e3
448.1	2.850e3
449.0	2.010e3
449.8	3.822e3
450.4	7.340e2
451.1	4.016e3
451.7	6.670e2
452.4	7.192e3
453.1	3.259e4
454.1	5.164e3
454.7	2.300e2
455.2	3.474e3
455.8	1.450e2
456.3	2.799e3
456.9	2.800e2
457.4	4.817e3
458.0	2.090e2
458.5	2.578e3
459.4	6.785e3
460.3	3.247e3
461.2	3.919e3
461.9	7.110e2
462.5	1.251e4
463.4	7.727e3
463.9	5.910e2
464.5	1.523e4
465.4	3.088e4
466.0	4.520e2
466.5	1.166e4
467.4	5.980e3
468.3	3.542e3
468.8	9.300e1
469.3	5.404e3
470.2	3.894e3
470.7	2.790e2
471.3	2.568e3
472.2	1.893e3
472.8	2.530e2
473.4	4.943e3
474.3	3.036e3
475.3	5.951e3
476.3	5.320e3
477.2	3.061e3
478.0	3.181e3
479.0	1.109e4
479.7	2.563e3
480.5	8.992e3
481.4	7.203e3
482.3	3.310e3
483.3	4.983e3
484.2	2.765e3
484.7	2.650e2
485.3	6.681e3
486.3	3.356e3
486.8	1.900e1
487.3	4.208e3
488.3	2.714e3
489.2	4.297e3
489.8	1.243e3
490.6	3.439e3
491.6	1.733e4
492.4	1.073e4
493.3	7.083e3
494.3	4.217e3
495.3	6.520e3
496.2	3.671e3
496.8	1.100e2
497.3	4.927e3
497.8	8.900e1
498.3	3.813e3
499.0	1.658e3
499.7	3.660e3
500.4	7.500e2
501.1	4.419e3
502.1	4.613e3
502.7	5.830e2
503.3	7.002e3
503.9	5.060e2
504.5	7.547e3
505.3	3.874e3
506.1	3.747e3
506.8	5.670e2
507.4	4.784e3
508.2	3.875e3
509.1	5.598e3
510.0	3.017e3
510.9	2.363e3
511.7	5.430e3
512.5	2.945e3
513.4	3.218e3
514.2	1.993e3
515.1	6.790e3
516.1	2.723e3
516.7	2.300e2
517.3	3.867e3
518.2	3.047e3
519.2	4.015e3
519.8	8.400e1
520.3	2.484e3
521.1	3.100e4
521.6	7.300e1
522.1	6.321e3
522.7	3.230e2
523.2	5.036e3
523.9	8.760e2
524.5	6.577e3
525.3	3.873e3
526.2	4.594e3
526.9	2.091e3
527.6	5.352e3
528.5	1.833e3
529.3	4.463e3
530.1	1.818e3
530.9	6.415e3
531.7	3.131e3
532.5	5.642e3
533.5	9.381e3
534.4	4.626e3
534.9	1.070e2
535.5	3.953e3
536.3	2.051e3
537.1	3.695e3
538.0	5.462e3
538.8	1.276e3
539.5	4.620e3
540.0	4.400e1
540.5	1.466e4
541.1	1.650e2
541.6	6.139e3
542.3	1.652e3
543.1	3.398e3
544.0	3.601e3
544.6	1.980e2
545.1	3.753e3
545.7	5.120e2
546.4	4.705e3
547.3	4.090e3
548.2	2.372e3
549.1	4.708e3
549.7	1.322e3
550.3	2.831e3
551.2	4.032e3
551.8	4.250e2
552.3	2.995e3
553.3	6.194e3
554.2	3.602e3
555.1	4.460e3
556.1	2.244e3
557.0	4.491e3
557.6	6.190e2
558.2	2.163e3
559.1	3.083e3
559.6	4.600e1
560.1	8.029e3
561.1	3.792e3
562.1	2.764e3
563.1	4.513e3
563.7	1.450e2
564.2	3.693e3
564.8	3.960e2
565.5	2.406e3
566.0	8.500e1
566.6	7.724e3
567.5	3.873e3
568.5	8.358e3
569.0	1.250e2
569.6	5.119e3
570.5	3.523e3
571.4	4.821e3
572.0	5.320e2
572.6	4.385e3
573.5	3.719e3
574.4	2.944e3
574.9	2.300e1
575.4	3.495e3
576.2	1.216e3
576.8	3.013e3
577.6	5.934e3
578.5	1.823e3
579.1	3.775e3
580.0	4.629e3
580.7	1.768e3
581.4	4.094e3
582.3	1.125e3
583.1	5.976e3
584.0	3.134e3
584.6	4.300e2
585.2	2.443e3
586.0	2.140e3
586.5	1.250e2
587.1	2.917e3
587.6	2.860e2
588.2	2.168e3
589.1	2.604e4
590.0	4.230e3
591.0	4.064e3
591.9	6.294e3
592.7	1.515e3
593.4	5.612e3
594.0	3.160e2
594.6	3.906e3
595.6	7.953e3
596.6	4.663e3
597.1	5.860e2
597.7	3.959e3
598.6	3.233e3
599.5	6.838e3
600.0	3.060e2
600.6	4.130e3
601.5	5.023e3
602.5	4.114e3
603.3	3.584e3
604.3	2.397e3
605.1	3.197e3
606.0	3.854e3
606.7	7.960e2
607.4	3.973e3
608.0	5.800e2
608.7	3.977e3
609.2	3.410e2
609.7	4.838e3
610.3	1.720e2
610.8	3.250e3
611.7	2.972e3
612.4	8.480e2
613.1	3.053e3
613.6	3.210e2
614.2	2.662e3
615.1	4.343e3
615.7	2.060e2
616.3	2.963e3
616.9	1.394e3
617.7	3.462e3
618.5	1.743e3
619.3	4.104e3
620.2	2.407e3
621.2	5.879e3
621.8	9.370e2
622.5	2.904e3
623.4	4.003e3
624.0	2.460e2
624.6	2.841e3
625.4	1.517e3
626.2	2.151e3
627.1	2.345e3
628.1	8.627e3
628.7	3.360e2
629.3	4.071e3
630.2	1.798e3
631.0	5.073e3
631.8	2.076e3
632.6	9.020e3
633.5	7.091e3
634.2	5.010e2
634.8	5.364e3
635.6	3.123e3
636.7	4.702e3
637.7	4.487e3
638.2	8.100e1
638.7	3.634e3
639.6	3.087e3
640.6	4.143e3
641.5	3.199e3
642.1	7.130e2
642.7	4.251e3
643.4	1.411e3
644.2	3.287e3
644.7	7.000e1
645.2	5.077e3
646.0	1.817e3
646.8	4.537e3
647.8	3.193e3
648.6	1.735e3
649.4	1.157e4
650.1	1.036e3
650.7	6.020e3
651.6	4.374e3
652.3	7.970e2
653.0	3.996e3
653.9	4.002e3
654.6	1.442e3
655.2	4.201e3
656.2	4.727e3
657.1	1.817e4
658.1	5.550e3
658.8	1.060e3
659.5	5.715e3
660.2	1.200e3
660.9	4.380e3
661.6	2.199e3
662.4	3.196e3
663.4	4.989e3
664.0	9.000e2
664.6	8.146e3
665.7	5.275e3
666.2	2.600e1
666.7	6.919e3
667.5	3.294e3
668.4	5.771e3
669.0	1.208e3
669.7	5.018e3
670.5	2.808e3
671.4	7.925e3
672.4	3.530e3
673.0	1.180e2
673.5	4.046e3
674.4	2.390e3
675.2	3.851e3
675.8	5.760e2
676.5	4.317e3
677.0	7.900e1
677.5	4.521e3
678.3	2.426e3
679.1	5.330e3
679.9	2.400e3
680.7	6.578e3
681.6	3.567e3
682.6	4.364e3
683.5	5.711e3
684.1	3.590e2
684.7	5.186e3
685.3	1.652e3
686.0	3.959e3
686.7	1.307e3
687.4	4.731e3
688.3	2.532e3
689.3	4.968e3
689.8	3.450e2
690.4	3.416e3
691.0	2.520e2
691.6	4.014e3
692.3	1.066e3
693.0	3.225e3
693.6	1.590e2
694.2	2.475e3
695.2	3.155e3
696.1	8.195e3
697.0	3.834e3
697.9	1.612e3
698.8	6.979e3
699.7	4.311e3
700.6	5.013e3
701.5	3.094e3
702.4	4.459e3
703.3	4.281e3
704.2	4.281e3
705.1	5.337e3
706.0	3.513e3
706.5	1.280e2
707.1	3.513e3
707.8	1.639e3
708.8	4.715e3
709.4	1.456e3
710.1	3.391e3
710.8	7.220e2
711.4	3.184e3
712.3	3.899e3
712.9	3.970e2
713.5	4.919e3
714.2	1.181e3
714.9	7.297e3
715.7	4.321e3
716.6	2.531e3
717.4	3.765e3
718.1	1.074e3
718.8	3.853e3
719.5	1.322e3
720.3	2.967e3
720.9	3.610e2
721.5	3.652e3
722.4	2.377e3
723.0	4.020e2
723.6	3.606e3
724.4	1.840e3
725.1	1.503e4
725.7	9.070e2
726.4	4.645e3
727.0	1.400e2
727.5	4.348e3
728.2	1.078e3
728.9	5.034e3
729.6	2.005e3
730.3	3.107e3
730.9	5.350e2
731.5	4.032e3
732.1	2.780e2
732.6	4.048e3
733.1	2.350e2
733.7	3.557e3
734.3	8.130e2
734.9	5.777e3
735.8	3.118e3
736.7	4.289e3
737.4	1.324e3
738.0	3.296e3
738.5	1.010e2
739.1	2.874e3
739.7	5.570e2
740.3	2.499e3
741.2	5.372e3
741.8	3.100e2
742.3	4.113e3
742.9	7.980e2
743.6	3.698e3
744.6	6.162e3
745.6	4.072e3
746.2	6.100e2
746.7	3.276e3
747.7	3.790e3
748.3	4.940e2
748.9	2.803e3
749.9	2.311e3
750.4	3.990e2
751.0	3.578e3
751.8	1.963e3
752.6	2.807e3
753.3	6.740e2
754.0	3.283e3
754.6	2.590e2
755.2	3.858e3
755.8	6.240e2
756.5	2.923e3
757.0	1.560e2
757.5	5.107e3
758.4	2.173e3
759.3	3.129e3
760.0	1.062e3
760.7	4.373e3
761.5	1.935e3
762.3	3.670e3
763.2	2.092e3
764.0	5.723e3
765.0	3.650e3
765.6	3.880e2
766.2	3.072e3
767.2	3.737e3
768.1	2.347e3
769.0	4.325e3
769.8	9.720e2
770.5	2.464e3
771.3	2.033e3
772.3	4.379e3
773.3	2.886e3
773.8	2.020e2
774.4	2.833e3
775.0	9.000e1
775.5	3.093e3
776.5	4.827e3
777.1	5.380e2
777.7	3.958e3
778.7	3.276e3
779.3	5.670e2
779.9	2.671e3
780.5	5.730e2
781.2	3.350e3
782.2	3.134e3
782.7	9.900e1
783.3	3.427e3
784.0	1.101e3
784.7	3.570e3
785.7	3.201e3
786.4	1.270e3
787.1	3.003e3
788.0	3.280e3
788.8	2.298e3
789.6	1.391e3
790.3	3.657e3
790.9	4.520e2
791.5	3.729e3
792.4	1.420e3
793.1	1.053e4
793.9	2.471e3
794.7	5.948e3
795.6	4.956e3
796.1	1.450e2
796.6	4.401e3
797.5	2.915e3
798.5	3.343e3
799.5	3.543e3
800.3	1.294e3
801.1	2.694e3
801.8	9.060e2
802.4	2.822e3
803.2	3.384e3
803.9	1.111e3
804.8	4.041e3
805.7	3.427e3
806.2	3.300e1
806.7	3.141e3
807.5	1.631e3
808.2	2.518e3
808.9	7.520e2
809.6	3.214e3
810.5	3.112e3
811.0	1.610e2
811.6	3.904e3
812.2	3.360e2
812.8	3.274e3
813.7	2.617e3
814.6	1.539e3
815.2	1.780e2
815.8	3.299e3
816.6	1.531e3
817.5	2.367e3
818.3	7.990e2
819.0	4.076e3
819.8	2.232e3
820.8	3.213e3
821.3	5.000e0
821.8	3.707e3
822.5	1.683e3
823.3	3.563e3
824.3	2.263e3
825.2	3.723e3
825.8	1.780e2
826.3	2.697e3
826.9	1.820e2
827.4	3.037e3
828.1	8.010e2
828.8	3.681e3
829.3	1.300e2
829.9	2.255e3
830.4	2.270e2
830.9	4.258e3
831.6	9.400e2
832.2	6.249e3
832.7	1.420e2
833.2	4.140e3
834.3	2.752e3
835.2	2.938e3
835.9	1.513e3
836.7	2.584e3
837.4	9.600e2
838.1	3.082e3
839.1	1.846e3
840.1	2.942e3
840.7	3.690e2
841.3	2.586e3
841.9	4.070e2
842.6	2.661e3
843.1	2.980e2
843.7	2.092e3
844.6	2.328e3
845.2	1.160e2
845.7	3.209e3
846.4	9.750e2
847.2	3.440e3
848.2	2.958e3
849.2	2.652e3
849.9	7.250e2
850.7	3.747e3
851.7	3.788e3
852.7	2.767e3
853.5	1.348e3
854.3	2.732e3
855.0	7.750e2
855.6	3.096e3
856.3	7.920e2
857.1	2.522e3
857.9	6.480e2
858.6	3.234e3
859.1	2.310e2
859.7	3.261e3
860.5	1.257e3
861.2	8.803e3
861.8	2.760e2
862.4	3.261e3
863.4	3.723e3
864.4	3.366e3
865.0	8.300e1
865.5	1.830e3
866.4	2.472e3
867.4	3.816e3
868.1	7.180e2
868.8	3.678e3
869.7	2.293e3
870.6	2.376e3
871.3	1.263e3
872.0	3.294e3
873.0	3.262e3
874.0	3.494e3
874.6	7.100e1
875.2	3.014e3
876.1	1.783e3
877.0	2.811e3
878.0	2.675e3
878.8	1.038e3
879.6	2.715e3
880.2	2.080e2
880.7	2.148e3
881.5	2.508e3
882.4	1.052e3
883.1	2.716e3
883.7	7.540e2
884.4	2.489e3
885.4	3.637e3
886.2	1.052e3
887.0	4.164e3
887.7	8.600e2
888.4	2.203e3
889.2	3.120e2
889.8	3.234e3
890.7	1.889e3
891.2	2.510e2
891.8	2.442e3
892.3	1.330e2
892.9	2.801e3
893.9	3.295e3
894.5	2.880e2
895.1	2.845e3
896.0	2.093e3
896.5	6.600e1
897.0	2.702e3
897.9	1.942e3
898.9	3.367e3
899.5	1.035e3
900.2	4.325e3
901.0	9.200e2
901.7	2.671e3
902.4	3.000e2
903.0	1.783e3
903.8	2.320e3
904.7	3.600e3
905.4	3.170e2
906.0	3.384e3
906.5	2.690e2
907.2	2.237e3
907.9	8.610e2
908.7	3.102e3
909.7	1.970e3
910.4	1.007e3
911.1	3.045e3
911.7	2.570e2
912.3	2.119e3
913.2	1.986e3
913.9	4.540e2
914.5	2.737e3
915.1	2.720e2
915.7	3.287e3
916.6	2.625e3
917.6	1.968e3
918.6	2.437e3
919.6	4.257e3
920.2	2.000e1
920.7	2.346e3
921.3	3.650e2
921.9	3.875e3
922.5	6.370e2
923.1	3.072e3
923.9	9.190e2
924.6	3.216e3
925.5	2.095e3
926.3	3.199e3
927.0	1.750e2
927.5	2.646e3
928.3	1.062e3
929.1	6.769e3
929.6	1.400e1
930.1	2.752e3
931.1	2.942e3
932.0	3.193e3
932.7	4.130e2
933.3	2.697e3
933.8	4.000e1
934.3	3.082e3
935.1	1.100e3
935.9	2.722e3
936.6	1.444e3
937.4	3.126e3
938.3	1.965e3
939.2	2.591e3
939.9	6.040e2
940.5	2.718e3
941.2	6.390e2
941.9	2.514e3
942.8	3.398e3
943.4	3.400e1
943.9	2.236e3
944.5	3.030e2
945.0	2.465e3
945.6	1.280e2
946.1	1.768e3
946.6	9.000e1
947.1	2.116e3
948.0	2.367e3
949.0	4.218e3
949.9	1.639e3
950.8	2.955e3
951.4	5.190e2
952.0	2.803e3
952.7	2.450e2
953.3	2.698e3
953.9	1.650e2
954.4	3.047e3
955.3	3.692e3
956.0	7.490e2
956.6	4.052e3
957.5	2.459e3
958.3	4.176e3
958.9	8.200e1
959.4	2.534e3
960.3	3.059e3
960.9	2.060e2
961.5	2.929e3
962.0	3.830e2
962.7	3.215e3
963.7	2.937e3
964.6	2.164e3
965.5	3.256e3
966.2	1.185e3
966.9	3.972e3
967.5	2.800e2
968.0	4.703e3
968.6	4.280e2
969.3	2.079e3
970.3	2.626e3
971.2	2.594e3
972.0	1.096e3
972.9	2.900e3
973.9	4.236e3
974.8	1.797e3
975.6	2.339e3
976.7	2.824e3
977.5	1.498e3
978.4	3.314e3
979.3	2.536e3
979.9	3.620e2
980.6	2.645e3
981.5	1.551e3
982.4	3.452e3
983.4	2.232e3
984.3	1.417e3
985.1	2.669e3
985.9	1.618e3
986.8	3.190e3
987.4	6.770e2
988.1	2.708e3
989.0	1.204e3
989.9	2.793e3
990.8	2.131e3
991.3	1.370e2
991.8	2.555e3
992.8	2.080e3
993.4	3.470e2
993.9	2.736e3
994.7	1.027e3
995.3	2.622e3
996.2	2.897e3
997.2	5.140e3
997.8	1.740e2
998.3	2.472e3
999.1	1.029e3
999.8	2.862e3
1000.4	4.510e2
1001.0	2.012e3
1001.9	3.433e3
1002.5	4.720e2
1003.2	2.710e3
1003.8	6.120e2
1004.6	2.992e3
1005.1	2.060e2
1005.6	1.838e3
1006.6	2.617e3
1007.1	1.540e2
1007.6	3.122e3
1008.1	6.900e1
1008.7	3.220e3
1009.6	2.122e3
1010.6	2.704e3
1011.5	3.099e3
1012.1	1.720e2
1012.7	1.760e3
1013.5	2.256e3
1014.3	1.876e3
1015.1	3.191e3
1015.8	1.141e3
1016.6	4.119e3
1017.2	6.970e2
1017.8	2.368e3
1018.8	3.670e3
1019.7	2.632e3
1020.8	2.489e3
1021.7	2.696e3
1022.5	8.570e2
1023.1	3.242e3
1024.0	1.298e3
1024.8	2.430e3
1025.3	2.210e2
1025.9	3.100e3
1026.6	2.820e2
1027.2	3.020e3
1027.7	2.220e2
1028.4	2.691e3
1028.9	2.830e2
1029.6	3.084e3
1030.5	1.636e3
1031.3	3.733e3
1032.0	7.860e2
1032.8	2.350e3
1033.6	1.733e3
1034.4	2.499e3
1035.3	1.650e3
1036.2	4.141e3
1037.1	1.633e3
1037.7	5.200e2
1038.4	2.844e3
1039.2	1.206e3
1039.9	2.492e3
1040.7	8.640e2
1041.5	2.731e3
1042.1	6.300e2
1042.8	2.452e3
1043.4	2.370e2
1043.9	3.632e3
1044.6	5.420e2
1045.1	3.043e3
1046.1	2.479e3
1046.8	8.710e2
1047.4	2.234e3
1048.0	2.550e2
1048.6	2.863e3
1049.2	9.500e1
1049.7	3.046e3
1050.7	1.870e3
1051.6	1.490e3
1052.4	2.469e3
1052.9	3.900e1
1053.5	2.705e3
1054.0	8.800e1
1054.6	1.943e3
1055.6	2.805e3
1056.6	1.734e3
1057.3	7.620e2
1057.9	3.646e3
1058.8	3.234e3
1059.4	2.270e2
1060.0	2.172e3
1061.0	2.712e3
1062.0	2.157e3
1062.9	3.136e3
1063.4	9.200e1
1063.9	2.686e3
1064.6	7.220e2
1065.2	4.223e3
1065.8	2.070e2
1066.3	3.210e3
1067.0	6.220e2
1067.6	2.075e3
1068.5	1.257e3
1069.3	2.410e3
1070.3	2.917e3
1070.9	4.220e2
1071.6	1.684e3
1072.2	1.260e2
1072.7	2.393e3
1073.8	2.721e3
1074.5	4.550e2
1075.0	2.988e3
1075.8	6.640e2
1076.5	2.201e3
1077.4	2.894e3
1077.9	6.500e1
1078.5	2.888e3
1079.0	9.000e1
1079.5	2.050e3
1080.2	1.394e3
1081.1	3.269e3
1081.9	1.420e3
1082.6	2.886e3
1083.4	9.970e2
1084.2	3.200e3
1084.8	3.700e1
1085.4	2.591e3
1086.3	2.585e3
1086.9	3.370e2
1087.6	2.198e3
1088.4	3.808e3
1089.0	1.710e2
1089.6	3.416e3
1090.2	3.670e2
1090.8	2.746e3
1091.5	9.280e2
1092.3	2.681e3
1092.8	1.000e2
1093.3	2.584e3
1093.9	3.940e2
1094.5	2.970e3
1095.1	2.740e2
1095.7	2.233e3
1096.7	2.513e3
1097.3	8.320e2
1098.1	2.486e3
1099.1	2.953e3
1099.7	5.690e2
1100.3	2.886e3
1101.1	1.191e3
1101.9	2.557e3
1102.4	4.000e0
1103.0	1.690e3
1103.9	2.776e3
1104.6	1.025e3
1105.3	2.196e3
1106.2	3.009e3
1107.3	2.557e3
1108.2	3.641e3
1109.0	1.825e3
1109.8	1.662e3
1110.6	3.253e3
1111.6	2.189e3
1112.2	7.840e2
1112.9	1.624e3
1113.8	2.550e3
1114.7	2.415e3
1115.6	1.837e3
1116.2	3.010e2
1116.8	2.247e3
1117.4	3.690e2
1118.0	3.047e3
1118.6	4.650e2
1119.2	2.056e3
1119.8	2.560e2
1120.4	1.882e3
1121.3	2.001e3
1121.8	3.800e1
1122.4	3.554e3
1123.3	2.552e3
1123.9	6.000e2
1124.5	1.997e3
1125.4	1.498e3
1125.9	1.000e2
1126.5	1.870e3
1127.4	3.370e3
1128.2	1.313e3
1128.9	2.367e3
1129.6	6.220e2
1130.2	2.851e3
1131.2	2.436e3
1132.1	2.559e3
1132.8	5.890e2
1133.4	3.823e3
1134.0	1.560e2
1134.6	2.738e3
1135.5	1.796e3
1136.3	2.364e3
1136.8	7.900e1
1137.3	3.062e3
1138.2	1.612e3
1138.8	3.380e2
1139.4	3.228e3
1140.1	8.400e2
1141.0	2.959e3
1141.9	1.680e3
1142.5	6.040e2
1143.2	2.569e3
1144.1	1.708e3
1145.0	2.322e3
1145.6	3.050e2
1146.1	2.881e3
1146.8	1.218e3
1147.6	2.028e3
1148.2	9.200e1
1148.7	1.630e3
1149.7	3.250e3
1150.6	2.275e3
1151.6	2.212e3
1152.3	2.150e2
1152.9	3.180e3
1153.5	9.490e2
1154.2	1.953e3
1154.8	2.550e2
1155.5	2.476e3
1156.0	7.900e1
1156.6	2.884e3
1157.3	7.130e2
1158.1	1.611e3
1158.9	2.952e3
1160.0	2.888e3
1160.7	1.242e3
1161.5	3.363e3
1162.3	6.750e2
1163.0	2.753e3
1163.7	9.280e2
1164.5	2.498e3
1165.2	4.530e2
1165.9	2.296e3
1166.5	2.610e2
1167.1	2.119e3
1167.9	3.235e3
1168.5	9.100e1
1169.1	2.408e3
1170.0	2.245e3
1170.7	7.090e2
1171.3	2.347e3
1172.0	5.860e2
1172.6	3.016e3
1173.5	1.586e3
1174.1	4.980e2
1174.8	3.573e3
1175.5	7.450e2
1176.2	2.429e3
1177.2	2.631e3
1178.2	1.113e3
1179.0	2.531e3
1179.8	6.380e2
1180.5	1.993e3
1181.4	2.884e3
1182.4	2.362e3
1183.2	1.303e3
1184.0	2.809e3
1184.9	9.160e2
1185.6	2.780e3
1186.3	6.010e2
1187.1	2.589e3
1187.9	1.246e3
1188.7	2.524e3
1189.3	7.330e2
1190.0	2.388e3
1190.5	4.100e1
1191.0	2.757e3
1191.7	7.300e2
1192.5	2.266e3
1193.4	2.472e3
1194.0	1.050e2
1194.5	2.526e3
1195.3	7.730e2
1196.1	2.496e3
1197.0	1.641e3
1197.7	2.418e3
1198.6	2.138e3
1199.5	2.462e3
1200.3	1.012e3
1201.1	3.447e3
1201.8	1.248e3
1202.6	3.176e3
1203.4	1.265e3
1204.2	2.212e3
1205.2	3.312e3
1206.1	2.396e3
1206.9	9.370e2
1207.7	3.107e3
1208.6	1.560e3
1209.3	7.690e2
1210.1	2.888e3
1211.0	1.740e3
1212.0	3.054e3
1212.8	1.076e3
1213.6	3.292e3
1214.6	2.590e3
1215.5	1.979e3
1216.1	9.560e2
1217.0	2.880e3
1218.0	9.320e2
1218.6	1.320e2
1219.2	2.625e3
1219.7	2.080e2
1220.3	2.567e3
1220.9	4.300e2
1221.6	2.479e3
1222.1	2.600e1
1222.7	1.772e3
1223.3	4.650e2
1223.9	3.086e3
1224.5	3.710e2
1225.2	2.884e3
1225.8	6.300e2
1226.4	2.430e3
1227.2	1.401e3
1227.8	1.790e2
1228.4	2.827e3
1229.3	1.307e3
1230.1	2.516e3
1230.9	1.751e3
1231.8	2.788e3
1232.3	8.700e1
1232.9	2.279e3
1233.8	2.778e3
1234.4	1.270e2
1234.9	2.256e3
1235.8	2.256e3
1236.8	3.177e3
1237.4	4.510e2
1238.0	2.470e3
1238.5	1.670e2
1239.1	2.804e3
1239.6	2.340e2
1240.2	1.923e3
1241.2	2.422e3
1242.2	1.278e3
1243.1	2.434e3
1243.9	1.127e3
1244.8	1.921e3
1245.5	6.190e2
1246.2	1.434e3
1247.1	1.865e3
1247.7	2.420e2
1248.3	1.822e3
1249.2	2.517e3
1250.0	2.267e3
1251.1	2.708e3
1251.6	1.540e2
1252.2	3.090e3
1253.1	1.825e3
1253.7	4.160e2
1254.4	2.406e3
1254.9	7.700e1
1255.5	2.657e3
1256.1	2.690e2
1256.7	1.973e3
1257.3	1.830e2
1257.8	2.686e3
1258.5	9.070e2
1259.4	3.447e3
1260.3	1.667e3
1261.3	2.402e3
1261.9	4.800e2
1262.5	1.765e3
1263.3	2.859e3
1263.8	3.300e1
1264.3	2.234e3
1265.4	2.520e3
1266.2	1.130e3
1267.1	2.104e3
1268.1	1.269e3
1268.9	6.710e2
1269.6	3.118e3
1270.4	1.466e3
1271.2	3.226e3
1272.2	2.727e3
1273.0	2.077e3
1273.6	6.490e2
1274.2	3.244e3
1274.7	3.340e2
1275.3	2.833e3
1276.0	3.700e2
1276.6	2.417e3
1277.1	1.400e2
1277.7	2.544e3
1278.6	2.032e3
1279.2	1.430e2
1279.7	1.506e3
1280.7	2.395e3
1281.2	2.700e1
1281.8	2.549e3
1282.5	3.450e2
1283.2	2.831e3
1283.7	1.260e2
1284.2	2.891e3
1285.1	1.361e3
1285.6	1.700e2
1286.2	2.295e3
1287.1	1.981e3
1288.1	1.861e3
1288.9	2.720e3
1289.7	1.212e3
1290.6	2.627e3
1291.6	2.080e3
1292.3	1.590e2
1292.8	2.643e3
1293.7	1.718e3
1294.6	1.027e3
1295.5	2.673e3
1296.4	1.094e3
1297.3	2.831e3
1298.0	1.231e3
1298.9	2.465e3
1299.5	5.150e2
1300.2	1.763e3
1301.2	1.746e3
1301.9	8.030e2
1302.7	2.365e3
1303.4	1.242e3
1304.2	2.979e3
1305.2	1.764e3
1306.1	2.287e3
1306.7	4.330e2
1307.4	2.561e3
1308.0	1.131e3
1308.7	2.345e3
1309.4	3.290e2
1310.0	2.312e3
1311.0	1.628e3
1311.7	8.030e2
1312.4	1.002e3
1313.3	1.613e3
1314.0	1.002e3
1315.0	2.267e3
1315.9	2.358e3
1316.5	1.720e2
1317.2	2.455e3
1318.2	1.151e3
1319.1	2.118e3
1319.6	6.700e1
1320.1	2.075e3
1320.9	1.416e3
1321.9	1.184e3
1322.7	3.299e3
1323.5	1.555e3
1324.4	2.825e3
1325.3	3.144e3
1326.1	7.550e2
1326.9	2.841e3
1327.8	1.930e3
1328.4	1.520e2
1329.0	1.985e3
1329.5	6.300e1
1330.0	2.158e3
1331.0	1.633e3
1331.6	4.530e2
1332.2	2.291e3
1333.1	2.796e3
1334.1	2.225e3
1335.0	2.565e3
1336.0	2.233e3
1336.5	1.490e2
1337.1	3.485e3
1338.0	2.288e3
1339.0	2.096e3
1339.9	1.560e3
1340.9	2.876e3
1341.4	3.000e1
1342.1	2.033e3
1343.1	1.958e3
1343.6	4.900e1
1344.1	2.360e3
1344.7	3.530e2
1345.3	2.442e3
1346.3	1.361e3
1347.2	2.675e3
1348.1	1.104e3
1348.8	3.010e3
1349.4	1.190e2
1349.9	3.017e3
1350.5	3.650e2
1351.2	2.070e3
1352.1	1.316e3
1352.9	1.259e3
1353.8	2.356e3
1354.3	6.000e0
1354.9	1.616e3
1355.9	1.951e3
1356.8	1.993e3
1357.6	8.520e2
1358.3	2.607e3
1358.9	1.400e1
1359.5	1.432e3
1360.0	1.240e2
1360.5	3.140e3
1361.1	2.950e2
1361.8	2.575e3
1362.5	7.350e2
1363.1	1.834e3
1363.7	1.790e2
1364.4	1.101e3
1365.2	2.427e3
1365.9	1.245e3
1366.7	2.908e3
1367.3	2.570e2
1367.9	3.056e3
1368.8	1.825e3
1369.7	1.683e3
1370.3	6.950e2
1371.0	2.392e3
1371.6	5.010e2
1372.2	1.990e3
1372.7	5.100e1
1373.3	2.279e3
1373.9	3.610e2
1374.5	2.274e3
1375.4	1.452e3
1376.0	4.630e2
1376.6	1.252e3
1377.5	2.211e3
1378.4	2.205e3
1379.0	1.300e2
1379.6	2.361e3
1380.6	2.122e3
1381.7	2.414e3
1382.6	1.843e3
1383.5	2.010e3
1384.3	6.770e2
1385.0	1.914e3
1385.6	1.630e2
1386.2	2.715e3
1386.7	8.900e1
1387.3	2.078e3
1387.8	2.170e2
1388.4	2.051e3
1389.3	2.052e3
1390.0	2.570e2
1390.6	1.474e3
1391.5	2.261e3
1392.3	2.413e3
1393.3	2.207e3
1394.0	7.720e2
1394.9	1.775e3
1395.4	1.500e1
1395.9	1.712e3
1396.8	2.008e3
1397.9	2.174e3
1398.4	1.000e2
1398.9	2.304e3
1399.8	1.875e3
1400.4	2.330e2
1401.0	2.211e3
1402.0	2.736e3
1402.7	5.560e2
1403.4	2.746e3
1404.3	1.903e3
1405.2	3.023e3
1406.2	2.268e3
1406.8	5.460e2
1407.5	2.148e3
1408.5	1.717e3
1409.2	5.520e2
1409.9	2.519e3
1410.9	1.699e3
1411.9	1.754e3
1412.6	4.370e2
1413.4	1.724e3
1414.2	7.820e2
1415.0	2.090e3
1415.8	2.670e3
1416.4	1.910e2
1417.0	2.035e3
1417.5	1.170e2
1418.1	2.233e3
1418.7	6.000e0
1419.2	1.519e3
1420.2	2.341e3
1421.0	8.290e2
1421.9	9.700e2
1422.7	2.540e3
1423.3	2.320e2
1424.0	2.421e3
1425.0	2.081e3
1425.9	1.589e3
1426.6	7.480e2
1427.2	2.038e3
1428.0	1.062e3
1429.0	1.825e3
1429.7	7.530e2
1430.5	2.048e3
1431.3	9.990e2
1432.2	1.674e3
1433.2	1.904e3
1433.8	2.110e2
1434.4	1.549e3
1435.3	1.570e3
1436.2	6.520e2
1437.1	2.208e3
1437.9	1.205e3
1438.7	2.614e3
1439.3	3.170e2
1440.0	3.105e3
1440.9	5.720e2
1441.6	1.018e3
1442.5	2.181e3
1443.1	1.640e2
1443.7	2.122e3
1444.6	1.404e3
1445.5	2.543e3
1446.5	1.273e3
1447.4	2.075e3
1448.1	8.150e2
1448.8	2.579e3
1449.4	5.240e2
1450.1	2.052e3
1450.9	4.520e2
1451.6	2.155e3
1452.6	1.732e3
1453.6	1.993e3
1454.4	1.218e3
1455.3	2.144e3
1456.0	1.146e3
1456.8	2.411e3
1457.4	3.670e2
1458.0	1.723e3
1458.7	4.330e2
1459.3	1.705e3
1460.0	2.180e2
1460.7	2.224e3
1461.7	2.002e3
1462.3	2.520e2
1463.0	2.475e3
1463.6	4.160e2
1464.3	2.129e3
1464.9	1.400e1
1465.4	1.963e3
1466.3	2.387e3
1466.9	1.120e2
1467.4	1.678e3
1468.0	1.800e1
1468.5	2.244e3
1469.2	4.350e2
1469.9	2.064e3
1470.6	4.950e2
1471.2	2.279e3
1471.9	1.146e3
1472.7	2.981e3
1473.7	2.271e3
1474.2	3.360e2
1474.8	2.120e3
1475.6	1.319e3
1476.4	2.730e3
1477.1	7.170e2
1477.9	1.952e3
1478.8	1.713e3
1479.5	3.810e2
1480.1	2.040e3
1480.7	2.640e2
1481.5	2.340e3
1482.2	1.052e3
1482.9	2.554e3
1483.5	1.800e2
1484.0	1.775e3
1484.6	1.370e2
1485.1	1.939e3
1486.0	1.599e3
1486.9	2.367e3
1487.9	1.216e3
1488.4	9.100e1
1489.0	1.480e3
1489.9	1.704e3
1490.6	7.450e2
1491.4	1.548e3
1492.2	1.196e3
1493.1	2.737e3
1493.8	9.900e1
1494.4	1.476e3
1495.3	2.359e3
1496.3	2.133e3
1497.3	1.772e3
1497.9	2.730e2
1498.6	1.774e3
1499.3	5.250e2
1499.9	1.065e3
1500.8	2.248e3
1501.6	5.980e2
1502.4	2.630e3
1503.1	6.320e2
1503.8	2.736e3
1504.6	8.530e2
1505.4	2.215e3
1506.4	1.547e3
1507.4	2.621e3
1508.3	1.269e3
1509.3	1.281e3
1510.1	2.056e3
1510.8	6.410e2
1511.8	1.295e3
1512.6	2.147e3
1513.1	5.100e1
1513.6	1.480e3
1514.1	2.200e1
1514.6	1.914e3
1515.3	5.980e2
1515.9	2.274e3
1516.6	1.320e2
1517.2	2.087e3
1518.0	8.500e2
1518.8	1.997e3
1519.3	7.000e1
1519.8	1.764e3
1520.4	3.450e2
1521.1	1.248e3
1522.0	2.456e3
1522.6	2.010e2
1523.3	1.633e3
1524.1	7.790e2
1524.9	1.723e3
1525.9	1.196e3
1526.9	2.073e3
1527.7	6.860e2
1528.4	1.513e3
1529.2	1.314e3
1530.2	1.547e3
1531.1	2.134e3
1531.9	6.110e2
1532.5	1.829e3
1533.4	8.760e2
1534.2	1.494e3
1535.2	1.518e3
1535.9	1.031e3
1536.8	1.509e3
1537.6	1.657e3
1538.5	1.219e3
1539.0	5.000e0
1539.5	1.889e3
1540.1	8.200e1
1540.6	1.879e3
1541.5	9.370e2
1542.3	2.208e3
1543.2	1.206e3
1543.9	2.397e3
1544.7	1.413e3
1545.6	8.470e2
1546.4	1.118e3
1547.2	2.128e3
1548.2	1.463e3
1548.9	6.660e2
1549.8	1.957e3
1550.6	1.072e3
1551.5	2.366e3
1552.2	7.650e2
1552.9	2.091e3
1553.4	3.100e2
1554.1	1.851e3
1555.1	8.770e2
1556.0	1.737e3
1556.8	7.050e2
1557.6	1.532e3
1558.5	4.980e2
1559.3	1.383e3
1560.1	1.243e3
1561.1	1.932e3
1562.0	1.027e3
1562.9	2.633e3
1563.6	4.750e2
1564.3	1.356e3
1564.8	3.000e1
1565.3	1.532e3
1565.9	3.290e2
1566.6	1.696e3
1567.5	1.162e3
1568.2	6.220e2
1569.1	1.469e3
1570.1	2.245e3
1570.8	6.100e2
1571.4	1.872e3
1572.2	6.350e2
1573.0	1.952e3
1573.7	3.430e2
1574.4	1.554e3
1574.9	3.490e2
1575.6	1.169e3
1576.3	3.670e2
1576.9	2.353e3
1577.9	1.667e3
1578.7	8.040e2
1579.3	1.720e2
1580.0	1.446e3
1580.6	1.350e2
1581.2	1.703e3
1582.1	2.172e3
1582.8	1.670e2
1583.3	2.177e3
1583.9	6.900e1
1584.5	2.754e3
1585.1	4.730e2
1585.7	1.772e3
1586.5	1.856e3
1587.3	3.010e2
1588.1	1.971e3
1588.7	6.300e1
1589.2	1.256e3
1590.2	1.989e3
1591.1	9.050e2
1591.8	1.286e3
1592.4	3.500e1
1592.9	1.550e3
1593.7	9.990e2
1594.4	2.427e3
1595.1	5.060e2
1595.8	2.063e3
1596.7	8.230e2
1597.6	1.805e3
1598.3	3.860e2
1599.0	1.442e3
1600.0	2.879e3
1600.5	1.900e1
1601.0	1.407e3
1602.0	1.103e3
1602.6	1.900e2
1603.1	2.042e3
1603.7	5.300e1
1604.2	8.540e2
1605.0	1.798e3
1605.8	7.390e2
1606.7	1.929e3
1607.2	6.200e1
1607.7	1.902e3
1608.5	3.420e2
1609.1	1.981e3
1610.1	2.036e3
1611.2	2.050e3
1611.7	6.000e0
1612.3	2.705e3
1612.8	1.640e2
1613.4	1.206e3
1614.2	5.840e2
1615.0	1.935e3
1615.7	4.800e2
1616.6	1.400e3
1617.5	1.512e3
1618.2	1.080e2
1618.7	1.642e3
1619.5	9.380e2
1620.3	1.942e3
1620.9	1.240e2
1621.5	1.973e3
1622.4	1.376e3
1623.0	1.170e2
1623.6	2.016e3
1624.3	5.830e2
1625.0	2.007e3
1625.9	9.160e2
1626.7	1.747e3
1627.3	3.240e2
1627.9	1.456e3
1628.9	7.140e2
1629.6	1.601e3
1630.4	8.550e2
1631.5	1.830e3
1632.1	4.340e2
1632.8	1.458e3
1633.3	1.100e2
1633.8	1.445e3
1634.8	6.990e2
1635.6	2.204e3
1636.7	2.031e3
1637.2	2.110e2
1637.8	1.276e3
1638.6	1.784e3
1639.2	1.130e2
1639.8	1.498e3
1640.5	1.930e2
1641.1	1.572e3
1641.6	1.910e2
1642.3	1.769e3
1643.2	1.018e3
1644.0	1.760e3
1645.1	1.725e3
1646.2	1.046e3
1647.2	1.191e3
1648.1	1.766e3
1648.9	1.309e3
1649.9	1.575e3
1650.7	3.220e2
1651.5	2.059e3
1652.3	1.264e3
1653.0	2.500e2
1653.7	1.096e3
1654.6	1.643e3
1655.4	2.174e3
1656.2	8.510e2
1656.9	1.927e3
1657.6	4.540e2
1658.2	1.427e3
1659.0	3.420e2
1659.7	1.638e3
1660.3	1.580e2
1660.9	1.775e3
1661.6	5.390e2
1662.1	8.400e1
1662.7	1.547e3
1663.4	4.710e2
1664.2	1.682e3
1664.9	2.830e2
1665.5	1.322e3
1666.4	9.700e2
1667.3	2.553e3
1668.1	4.690e2
1668.7	1.727e3
1669.7	1.959e3
1670.5	8.640e2
1671.4	1.553e3
1672.4	1.157e3
1673.3	1.163e3
1673.9	2.840e2
1674.6	2.013e3
1675.4	1.319e3
1676.0	1.720e2
1676.7	1.489e3
1677.8	1.351e3
1678.6	8.470e2
1679.4	1.825e3
1680.0	3.160e2
1680.5	9.320e2
1681.5	2.486e3
1682.3	3.660e2
1683.1	1.124e3
1683.7	9.500e1
1684.2	1.403e3
1685.0	1.408e3
1685.9	1.666e3
1687.0	1.800e3
1687.5	1.250e2
1688.1	1.490e3
1689.1	1.287e3
1690.2	8.580e2
1691.1	1.901e3
1691.8	3.710e2
1692.4	1.357e3
1693.1	5.660e2
1694.0	1.384e3
1694.6	2.930e2
1695.2	1.074e3
1696.1	2.840e2
1697.0	1.583e3
1697.7	3.030e2
1698.3	1.134e3
1699.3	9.150e2
1699.9	1.200e1
1700.4	1.980e3
1701.3	1.439e3
1702.3	1.744e3
1703.2	8.730e2
1704.2	1.278e3
1704.7	6.000e0
1705.3	1.119e3
1706.3	1.383e3
1706.9	4.500e1
1707.5	1.478e3
1708.3	3.770e2
1709.1	1.337e3
1710.0	1.271e3
1710.9	1.532e3
1711.7	6.600e2
1712.6	1.015e3
1713.4	9.070e2
1714.2	4.390e2
1715.0	1.759e3
1715.6	1.330e2
1716.1	1.109e3
1717.0	1.114e3
1717.9	6.500e2
1718.8	1.553e3
1719.7	1.249e3
1720.7	1.462e3
1721.5	3.060e2
1722.2	1.408e3
1722.8	2.730e2
1723.5	1.196e3
1724.2	3.350e2
1724.8	1.755e3
1725.6	7.390e2
1726.4	2.128e3
1727.2	3.590e2
1728.0	1.714e3
1728.8	8.060e2
1729.4	1.680e2
1730.0	1.774e3
1731.0	1.479e3
1731.6	2.160e2
1732.3	1.392e3
1733.0	7.360e2
1733.8	2.229e3
1734.3	8.000e0
1734.8	2.124e3
1735.6	4.630e2
1736.3	1.461e3
1736.9	2.100e1
1737.4	1.882e3
1738.1	2.150e2
1738.7	1.346e3
1739.7	1.306e3
1740.7	1.572e3
1741.5	5.840e2
1742.5	1.265e3
1743.4	1.410e3
1744.1	4.780e2
1744.8	9.110e2
1745.7	1.786e3
1746.5	5.030e2
1747.2	1.102e3
1747.8	2.720e2
1748.4	1.567e3
1749.3	7.330e2
1750.3	1.708e3
1750.9	3.230e2
1751.7	1.558e3
1752.3	7.700e1
1752.9	1.733e3
1753.4	5.400e1
1754.0	9.280e2
1754.9	2.024e3
1755.7	4.100e2
1756.4	1.014e3
1757.0	6.900e1
1757.6	1.448e3
1758.5	8.850e2
1759.7	1.783e3
1760.3	2.890e2
1760.9	1.827e3
1761.6	4.660e2
1762.3	8.170e2
1763.0	4.720e2
1763.9	1.092e3
1764.9	1.225e3
1765.5	3.630e2
1766.3	1.306e3
1767.1	8.360e2
1768.0	1.780e3
1768.9	1.154e3
1769.5	6.800e1
1770.0	8.300e2
1771.0	1.172e3
1771.8	1.191e3
1772.8	1.197e3
1773.4	5.200e1
1773.9	1.016e3
1774.8	9.800e2
1775.6	3.090e2
1776.3	1.528e3
1777.2	5.300e2
1777.8	1.538e3
1778.7	1.379e3
1779.4	4.940e2
1780.1	1.114e3
1780.7	2.100e1
1781.2	1.173e3
1782.2	1.578e3
1782.8	3.530e2
1783.5	1.061e3
1784.1	3.620e2
1784.9	1.084e3
1785.9	1.601e3
1786.4	2.800e1
1786.9	1.699e3
1787.7	5.730e2
1788.5	1.496e3
1789.5	1.278e3
1790.4	1.498e3
1791.3	1.442e3
1791.8	4.600e1
1792.3	1.296e3
1793.3	1.332e3
1794.3	1.460e3
1795.2	1.723e3
1795.8	2.000e1
1796.3	1.284e3
1797.0	4.330e2
1797.7	1.515e3
1798.6	1.288e3
1799.3	8.300e1
1799.9	1.069e3
1800.8	1.584e3
1801.5	2.690e2
1802.3	1.708e3
1803.2	3.700e2
1803.9	9.850e2
1804.9	9.540e2
1805.8	1.740e3
1806.8	1.641e3
1807.6	6.230e2
1808.2	6.800e1
1808.7	9.350e2
1809.5	2.510e2
1810.3	1.003e3
1811.1	1.016e3
1812.2	1.895e3
1812.8	4.180e2
1813.4	1.347e3
1814.3	1.472e3
1815.3	9.160e2
1816.1	1.723e3
1816.6	5.800e1
1817.2	1.497e3
1818.1	4.540e2
1818.8	1.712e3
1819.8	9.440e2
1820.8	1.632e3
1821.3	8.500e1
1821.8	1.086e3
1822.7	5.110e2
1823.5	1.294e3
1824.1	2.600e1
1824.6	1.955e3
1825.6	1.470e3
1826.2	1.230e2
1826.7	6.920e2
1827.5	1.642e3
1828.4	1.344e3
1829.3	1.521e3
1830.0	4.590e2
1830.8	9.120e2
1831.4	1.820e2
1832.0	9.840e2
1833.0	1.158e3
1833.9	7.550e2
1834.9	1.031e3
1835.5	2.100e1
1836.0	1.229e3
1836.6	5.400e1
1837.1	5.660e2
1837.9	2.201e3
1838.9	1.456e3
1839.7	4.580e2
1840.4	1.481e3
1841.1	1.490e2
1841.7	1.213e3
1842.6	7.470e2
1843.4	8.290e2
1844.2	8.710e2
1845.1	6.670e2
1846.1	6.730e2
1846.6	2.800e1
1847.2	1.753e3
1848.0	1.106e3
1849.0	1.203e3
1849.8	1.438e3
1850.4	3.120e2
1851.2	1.082e3
1852.2	1.130e3
1852.8	1.620e2
1853.4	1.585e3
1854.4	1.516e3
1855.0	2.090e2
1855.6	1.643e3
1856.3	7.410e2
1857.0	1.029e3
1857.8	5.750e2
1858.4	1.620e2
1859.0	1.330e3
1859.7	5.200e1
1860.2	6.170e2
1861.1	1.809e3
1861.6	2.090e2
1862.3	5.440e2
1863.0	3.410e2
1863.8	1.217e3
1864.4	5.200e1
1865.0	1.534e3
1865.6	1.110e2
1866.2	8.000e2
1867.2	1.521e3
1867.7	4.900e1
1868.3	7.990e2
1869.2	1.332e3
1870.0	7.310e2
1870.8	7.830e2
1871.4	4.000e0
1871.9	1.178e3
1872.5	1.330e2
1873.1	1.161e3
1873.9	6.900e2
1874.7	1.189e3
1875.3	9.400e1
1875.9	8.330e2
1876.7	1.440e2
1877.3	1.310e3
1878.3	7.330e2
1878.9	7.700e1
1879.5	1.308e3
1880.2	5.930e2
1880.8	1.160e2
1881.3	1.536e3
1882.1	5.710e2
1882.9	1.446e3
1883.8	9.480e2
1884.7	8.740e2
1885.8	1.108e3
1886.8	1.126e3
1887.7	7.630e2
1888.3	1.590e2
1889.0	6.660e2
1889.5	6.200e1
1890.1	5.220e2
1891.0	7.300e2
1891.7	1.782e3
1892.6	8.360e2
1893.5	8.440e2
1894.1	2.430e2
1894.7	5.030e2
1895.7	1.208e3
1896.7	9.320e2
1897.3	1.790e2
1898.0	1.368e3
1898.9	3.210e2
1899.5	1.093e3
1900.4	7.770e2
1901.1	2.820e2
1901.9	1.162e3
1902.5	1.200e1
1903.1	8.420e2
1904.0	3.930e2
1904.7	1.165e3
1905.6	7.290e2
1906.6	1.715e3
1907.3	3.250e2
1908.0	1.437e3
1908.8	1.980e2
1909.4	1.212e3
1910.5	1.231e3
1911.1	1.390e2
1911.9	1.360e3
1912.4	2.380e2
1913.1	1.081e3
1913.7	4.700e1
1914.3	1.560e3
1915.1	8.980e2
1916.1	1.053e3
1916.9	1.130e2
1917.7	1.373e3
1918.3	3.830e2
1919.2	1.061e3
1920.2	1.641e3
1921.2	9.700e2
1922.2	1.649e3
1922.9	5.250e2
1923.6	3.980e2
1924.4	1.061e3
1925.1	2.620e2
1925.8	7.780e2
1926.6	7.240e2
1927.4	1.078e3
1928.5	9.470e2
1929.1	2.350e2
1929.7	1.249e3
1930.4	6.080e2
1931.0	5.750e2
1931.8	9.140e2
1932.9	1.476e3
1933.8	7.420e2
1934.5	6.640e2
1935.4	4.010e2
1936.1	1.677e3
1936.7	1.130e2
1937.3	1.154e3
1937.8	2.900e1
1938.3	1.016e3
1939.1	2.176e3
1939.8	3.600e2
1940.5	8.750e2
1941.3	1.063e3
1941.9	2.990e2
1942.6	1.016e3
1943.5	7.610e2
1944.1	1.900e2
1944.8	1.307e3
1945.6	5.690e2
1946.3	1.244e3
1947.0	3.700e1
1947.6	7.490e2
1948.1	5.900e1
1948.8	4.710e2
1949.6	1.045e3
1950.6	1.074e3
1951.5	1.295e3
1952.0	1.300e1
1952.6	1.099e3
1953.6	1.107e3
1954.5	1.089e3
1955.3	5.650e2
1956.5	1.515e3
1957.4	1.155e3
1958.4	1.531e3
1959.3	1.398e3
1960.4	8.160e2
1961.2	6.050e2
1962.1	9.030e2
1962.8	2.550e2
1963.4	3.490e2
1964.1	2.122e3
1965.0	4.070e2
1965.9	1.840e3
1966.9	6.170e2
1967.7	1.520e3
1968.7	1.032e3
1969.7	1.071e3
1970.2	4.900e1
1970.8	4.550e2
1971.6	1.087e3
1972.6	1.482e3
1973.3	3.040e2
1974.3	8.500e2
1974.9	1.980e2
1975.5	7.380e2
1976.0	4.600e1
1976.7	1.179e3
1977.3	2.880e2
1978.1	1.276e3
1978.8	2.640e2
1979.5	8.100e1
1980.0	1.399e3
1980.8	3.320e2
1981.3	4.600e1
1981.8	5.840e2
1982.7	4.030e2
1983.5	1.320e3
1984.5	1.240e3
1985.2	2.950e2
1986.0	9.080e2
1986.5	9.000e0
1987.1	1.599e3
1987.7	2.320e2
1988.2	7.370e2
1989.1	9.010e2
1989.8	5.080e2
1990.7	1.002e3
1991.5	1.393e3
1992.5	1.074e3
1993.7	6.710e2
1994.6	1.143e3
1995.1	1.060e2
1995.7	1.384e3
1996.5	6.000e2
1997.3	9.020e2
1998.0	3.060e2
1998.8	1.412e3
1999.6	3.700e2
