100.3	1.647e5
100.9	8.053e5
101.5	3.750e3
102.1	2.142e6
103.1	1.977e5
103.6	1.689e3
104.1	1.215e6
104.6	5.070e2
105.1	1.637e5
106.1	1.835e5
106.6	1.054e4
107.2	1.913e5
108.2	7.957e5
109.0	5.735e5
109.5	2.381e3
110.1	2.524e6
111.1	4.332e6
112.1	1.595e6
113.0	5.911e5
114.0	1.970e6
115.0	8.060e5
115.5	6.780e2
116.1	6.551e5
116.6	4.010e2
117.1	1.493e5
118.1	9.630e5
119.1	2.281e5
120.1	7.626e5
121.1	4.685e5
121.6	1.397e3
122.2	2.358e6
123.1	5.687e5
124.2	1.862e5
125.1	1.636e5
126.0	5.495e5
126.6	2.379e3
127.1	2.100e5
128.1	1.150e5
129.0	3.592e5
129.6	4.690e2
130.1	3.814e5
131.1	1.215e6
132.0	7.112e5
133.0	2.143e5
133.5	2.641e3
134.0	1.661e5
134.6	2.009e3
135.1	7.381e4
136.1	6.281e5
136.6	1.613e3
137.1	1.610e5
138.2	1.865e6
139.1	1.127e6
140.1	6.058e5
141.1	1.712e6
142.1	9.140e5
143.1	2.484e5
144.1	4.711e5
144.6	5.520e2
145.1	5.778e5
146.1	2.683e5
146.6	9.090e2
147.1	4.205e5
148.1	2.005e5
149.1	3.574e5
149.6	1.514e3
150.2	4.253e5
150.7	9.150e2
151.2	1.299e5
152.1	8.874e4
153.2	9.189e4
154.1	1.386e5
154.6	4.460e2
155.1	4.344e5
155.6	7.890e2
156.2	2.124e5
157.1	3.059e5
158.1	3.410e6
159.1	1.571e6
160.1	4.684e5
161.1	1.293e5
162.1	1.783e5
162.6	9.670e2
163.1	2.260e5
164.1	2.571e5
164.6	8.090e2
165.2	1.588e5
166.2	1.542e5
166.8	1.383e4
167.4	4.039e5
168.2	1.494e5
169.1	9.205e4
170.1	1.785e5
170.7	2.546e3
171.2	8.987e5
172.2	3.577e5
173.1	1.699e5
173.7	1.024e3
174.2	2.002e5
175.2	1.451e5
176.2	1.584e5
177.0	3.954e5
177.6	4.726e3
178.2	1.255e5
179.2	2.514e5
180.2	1.020e5
180.7	8.740e2
181.2	1.427e5
182.1	1.124e5
183.1	4.185e5
183.6	1.052e3
184.2	1.258e5
185.2	5.815e5
186.1	2.047e5
187.1	5.247e5
187.6	4.750e2
188.2	3.683e5
189.1	1.184e5
189.6	1.001e3
190.2	1.569e5
191.2	1.376e5
191.7	7.240e2
192.2	1.414e5
193.2	1.132e5
193.7	1.005e3
194.2	4.113e5
195.2	1.551e5
195.8	4.020e2
196.3	3.441e6
197.3	5.971e5
198.3	1.352e6
199.3	2.682e5
200.1	3.043e5
200.6	9.590e2
201.1	1.522e5
202.1	1.063e5
202.6	9.610e2
203.1	1.572e5
203.7	1.255e3
204.2	4.500e5
205.2	1.832e5
206.2	1.250e5
207.2	1.236e5
208.2	8.451e4
209.1	2.481e5
209.6	2.028e3
210.2	1.443e5
211.2	1.000e5
212.2	1.643e5
213.1	9.868e4
214.2	5.948e6
215.2	8.161e5
216.2	5.221e5
217.2	2.809e5
217.7	2.550e2
218.3	1.128e6
219.3	2.638e5
220.2	2.438e5
221.2	1.413e5
222.2	8.345e4
222.7	2.020e2
223.2	7.481e4
224.1	1.258e5
224.6	1.328e3
225.2	8.749e4
226.1	1.515e5
227.1	5.114e5
227.6	2.402e3
228.2	1.356e5
228.7	1.635e3
229.2	2.011e5
230.2	9.543e4
231.1	9.834e4
232.1	1.745e5
232.6	1.758e3
233.2	1.402e5
233.7	1.831e3
234.2	1.040e5
235.1	8.443e4
235.7	1.180e3
236.2	1.217e6
237.2	4.162e5
237.7	6.350e2
238.2	1.680e5
238.8	1.089e3
239.3	2.462e5
240.3	9.730e4
241.2	8.401e4
242.1	1.574e5
242.7	1.471e3
243.2	1.395e5
244.1	8.930e4
244.7	2.317e3
245.2	1.119e5
246.2	8.332e4
246.7	4.110e2
247.2	8.461e4
248.1	8.438e4
248.6	1.333e3
249.2	7.627e4
250.2	1.451e5
250.7	6.140e2
251.2	8.922e4
252.1	7.799e4
253.1	1.897e5
254.1	1.486e5
254.6	1.437e3
255.2	2.113e5
256.2	8.440e4
256.7	1.529e3
257.2	1.206e5
257.7	1.076e3
258.2	6.912e4
259.2	2.628e5
260.2	1.118e5
261.2	1.419e5
262.2	9.962e4
263.2	1.283e5
264.1	7.396e4
264.8	8.294e3
265.4	1.463e5
266.2	1.320e5
266.8	2.167e3
267.3	2.413e5
268.3	9.901e4
269.2	5.954e4
270.2	8.017e4
271.2	1.272e5
272.2	7.667e4
272.7	8.590e2
273.2	1.022e5
273.7	1.083e3
274.2	1.094e5
275.2	8.147e4
276.1	8.962e4
276.7	1.230e3
277.2	1.362e5
277.7	1.264e3
278.2	1.318e5
278.7	1.012e3
279.3	1.456e5
280.3	7.399e4
281.2	1.060e5
282.3	1.102e5
282.8	1.867e3
283.3	1.631e5
284.3	9.616e4
285.2	1.068e5
286.2	6.121e4
287.2	7.502e4
287.7	1.198e3
288.2	6.954e4
288.7	6.310e2
289.2	1.399e5
290.2	1.170e5
291.2	6.268e4
291.7	7.320e2
292.2	7.921e4
293.2	5.294e4
294.2	1.178e5
295.2	7.447e4
296.2	1.164e5
296.7	2.920e3
297.3	7.616e4
298.2	1.001e5
298.7	2.755e3
299.3	8.445e4
300.2	7.346e4
301.3	1.439e5
302.2	6.999e4
303.2	9.129e4
304.2	8.277e4
304.7	2.213e3
305.2	1.202e5
306.2	5.861e4
306.7	7.470e2
307.3	9.713e4
308.2	9.814e4
308.7	9.270e2
309.3	8.561e4
310.2	8.760e4
310.8	1.794e3
311.3	1.165e5
312.3	6.850e4
312.8	1.867e3
313.4	2.237e5
314.3	1.095e5
315.3	9.725e4
316.2	8.210e4
316.8	4.930e2
317.3	8.486e4
318.2	6.726e4
319.3	7.550e4
320.2	5.523e4
320.7	1.683e3
321.3	1.498e5
322.3	7.136e4
322.8	3.196e3
323.4	8.353e4
324.3	6.157e4
324.8	2.198e3
325.4	1.532e5
326.3	1.328e5
327.3	9.532e4
328.2	6.888e4
329.2	1.073e5
329.7	1.219e3
330.2	7.715e4
330.8	2.478e3
331.3	2.712e5
332.2	1.349e5
332.8	8.040e2
333.3	1.064e5
334.2	7.712e4
334.7	9.520e2
335.2	7.643e4
336.2	6.051e4
336.8	6.457e3
337.3	1.302e5
338.3	8.196e4
338.9	4.707e3
339.4	1.998e5
340.3	8.227e4
340.9	3.633e3
341.4	3.208e5
342.4	1.237e5
343.4	1.024e5
344.3	6.692e4
344.8	1.743e3
345.3	7.640e4
346.2	5.539e4
346.8	1.804e3
347.3	8.318e4
348.2	9.501e4
349.2	1.693e5
349.7	7.820e2
350.3	9.611e4
351.3	9.387e4
352.2	7.603e4
352.8	8.707e3
353.4	2.212e5
354.2	2.141e5
354.8	2.828e3
355.3	1.933e5
356.3	7.735e4
357.3	9.818e4
357.8	4.150e2
358.3	7.432e4
358.9	4.627e3
359.4	2.768e5
360.4	1.142e5
361.3	9.165e4
362.2	5.148e4
363.2	1.616e5
364.2	5.969e4
364.7	4.033e3
365.3	9.671e4
366.3	7.536e4
366.8	2.302e3
367.3	8.711e4
368.2	7.306e4
368.9	5.379e3
369.5	5.325e5
370.5	1.957e5
371.4	9.101e4
372.3	5.735e4
373.2	6.918e4
373.7	1.056e3
374.2	4.871e4
374.8	2.998e3
375.3	7.971e4
376.3	5.813e4
376.8	1.204e3
377.3	9.517e4
378.3	5.546e4
379.3	9.543e4
380.3	6.834e4
380.8	2.463e3
381.4	1.492e5
382.3	6.556e4
382.9	3.287e3
383.4	1.894e5
384.4	7.479e4
385.4	8.613e4
386.3	6.194e4
386.9	4.881e3
387.5	8.028e4
388.3	3.537e4
389.2	5.300e4
390.2	4.089e4
390.8	3.764e3
391.4	9.512e4
392.3	5.312e4
392.9	1.378e3
393.4	1.645e5
393.9	1.942e3
394.4	1.079e5
395.4	7.364e4
396.3	4.958e4
396.9	3.354e3
397.4	1.144e5
398.4	6.915e4
398.9	2.333e3
399.4	1.553e5
400.4	6.215e4
401.1	2.219e4
401.8	1.135e5
402.6	5.634e4
403.6	5.042e4
404.4	3.334e4
404.9	8.220e2
405.4	7.027e4
406.4	5.100e4
407.3	4.871e4
407.9	4.555e3
408.5	6.633e4
409.4	1.549e5
410.3	5.926e4
410.8	1.744e3
411.4	6.902e4
411.9	3.589e3
412.4	4.187e4
412.9	7.210e2
413.5	2.621e5
414.5	9.038e4
415.4	6.248e4
416.0	7.790e3
416.6	1.408e5
417.5	6.144e4
418.4	3.472e4
419.4	5.670e4
420.3	4.162e4
421.2	6.940e4
421.8	2.762e3
422.3	5.102e4
422.9	8.009e3
423.5	1.522e5
424.4	6.182e4
425.3	6.542e4
426.3	4.047e4
426.9	7.994e3
427.5	1.987e5
428.5	7.649e4
429.4	6.423e4
429.9	1.153e3
430.4	8.474e4
431.2	1.789e5
432.2	6.471e4
432.7	3.898e3
433.3	4.672e4
433.9	7.032e3
434.5	4.459e4
435.1	2.230e3
435.6	7.567e4
436.5	5.058e4
437.5	7.602e4
438.1	6.910e2
438.6	2.565e5
439.4	9.539e4
440.4	4.079e4
440.9	1.431e3
441.5	1.492e5
442.0	9.330e2
442.5	7.691e4
443.5	1.386e5
444.0	4.030e2
444.5	6.308e4
445.1	5.467e3
445.6	1.727e5
446.6	6.505e4
447.4	4.713e4
448.3	3.481e4
448.9	1.232e4
449.6	8.191e4
450.4	4.346e4
451.3	7.770e4
451.9	1.011e4
452.5	1.303e5
453.4	9.519e4
454.3	1.103e5
454.9	7.357e3
455.5	7.271e4
456.5	4.364e4
457.0	1.714e3
457.5	2.247e5
458.0	1.347e3
458.6	9.205e4
459.6	8.902e4
460.6	1.959e5
461.4	7.083e4
462.4	3.657e4
463.3	6.391e4
463.9	7.827e3
464.5	1.772e5
465.5	9.514e4
466.0	1.655e3
466.5	1.485e5
467.1	2.967e3
467.6	2.205e5
468.6	6.601e4
469.2	2.476e4
469.9	6.811e4
470.7	2.632e4
471.5	2.377e5
472.5	9.623e4
473.5	7.951e4
474.0	1.652e3
474.6	1.175e5
475.5	1.213e5
476.4	6.701e4
477.4	4.508e4
477.9	2.909e3
478.5	4.738e4
479.5	1.066e5
480.4	1.421e5
481.0	1.349e3
481.5	1.060e5
482.0	1.127e3
482.5	2.238e5
483.4	1.030e5
484.4	3.408e4
485.0	4.596e3
485.6	1.448e5
486.5	9.963e4
487.4	1.929e5
488.0	3.325e3
488.5	9.110e4
489.1	3.037e3
489.6	1.866e5
490.6	7.274e4
491.5	4.023e4
492.0	7.960e2
492.5	3.599e4
493.5	6.827e4
494.4	8.190e4
495.4	1.296e5
496.0	4.558e3
496.6	3.115e5
497.6	1.780e5
498.4	5.464e4
499.3	1.105e5
499.8	6.202e3
500.4	5.695e4
501.0	6.144e3
501.6	2.405e5
502.5	1.345e5
503.5	8.309e4
504.1	4.464e3
504.6	1.649e5
505.5	7.894e4
506.4	5.268e4
506.9	4.642e3
507.5	6.117e4
508.4	7.048e4
509.3	1.191e5
509.9	1.159e4
510.6	9.368e4
511.6	2.099e5
512.4	8.843e4
513.4	6.318e4
514.5	3.777e4
515.0	4.502e3
515.6	2.747e5
516.6	1.447e5
517.5	7.269e4
518.0	1.021e3
518.5	2.141e5
519.5	1.327e5
520.5	6.924e4
521.4	4.562e4
522.0	4.741e3
522.6	1.140e5
523.6	8.957e4
524.6	1.479e5
525.5	1.221e5
526.1	1.371e4
526.7	1.837e5
527.5	6.557e4
528.5	5.111e4
529.0	2.190e3
529.6	1.529e5
530.1	1.747e3
530.6	8.946e4
531.5	1.550e5
532.0	1.344e3
532.5	7.619e4
533.1	3.692e3
533.7	1.577e5
534.5	6.904e4
535.5	4.564e4
536.0	8.070e2
536.5	5.014e4
537.2	1.422e4
537.8	9.755e4
538.5	3.840e4
539.3	6.525e4
540.0	1.607e4
540.7	1.354e5
541.7	9.421e4
542.5	4.320e4
543.1	1.300e3
543.6	8.390e4
544.5	7.470e4
545.6	2.231e5
546.6	1.173e5
547.1	1.042e3
547.6	8.810e4
548.1	8.044e3
548.7	1.279e5
549.6	4.694e4
550.5	4.598e4
551.1	5.060e2
551.6	4.909e4
552.5	4.136e4
553.4	8.164e4
553.9	4.166e3
554.5	7.515e4
555.1	3.708e3
555.6	1.412e5
556.5	5.932e4
557.5	4.636e4
558.4	2.767e4
559.0	5.471e3
559.6	2.026e5
560.1	6.970e2
560.6	1.155e5
561.6	6.550e4
562.5	6.418e4
563.4	8.128e4
564.4	3.999e4
565.3	2.994e4
566.2	3.076e4
567.2	7.522e4
567.8	2.173e4
568.5	7.201e4
569.1	4.229e3
569.6	6.361e4
570.1	7.300e2
570.6	1.110e5
571.6	5.758e4
572.5	3.487e4
573.1	1.694e3
573.6	1.206e5
574.2	2.423e3
574.7	6.707e4
575.6	1.214e5
576.5	5.281e4
577.5	1.271e5
578.4	8.338e4
579.4	4.075e4
580.4	2.796e4
581.0	6.454e3
581.7	4.853e4
582.3	6.617e3
582.9	5.423e4
583.7	3.809e4
584.7	9.896e4
585.6	7.611e4
586.6	4.094e4
587.1	1.221e3
587.6	6.760e4
588.1	8.900e2
588.7	3.475e4
589.7	1.700e5
590.6	7.777e4
591.6	4.975e4
592.7	7.080e4
593.5	3.575e4
594.4	2.784e4
595.0	8.070e2
595.5	3.189e4
596.0	6.910e2
596.5	3.512e4
597.5	5.154e4
598.0	3.966e3
598.6	5.434e4
599.5	1.062e5
600.4	5.542e4
601.0	2.768e3
601.6	4.103e4
602.1	1.205e3
602.6	2.348e4
603.2	1.780e3
603.7	1.526e5
604.7	7.980e4
605.7	5.471e4
606.6	4.479e4
607.6	4.616e4
608.1	2.531e3
608.7	3.181e4
609.3	3.566e3
609.8	2.900e4
610.8	2.377e4
611.7	4.580e4
612.7	4.686e4
613.2	5.940e2
613.7	4.386e4
614.3	3.339e3
614.8	7.730e4
615.7	3.650e4
616.6	2.590e4
617.1	9.130e2
617.7	1.020e5
618.7	5.124e4
619.6	9.106e4
620.1	8.280e2
620.7	4.606e4
621.7	6.392e4
622.6	3.696e4
623.6	2.207e4
624.1	3.720e2
624.6	2.181e4
625.6	3.627e4
626.6	4.850e4
627.5	4.067e4
628.1	1.553e3
628.6	6.224e4
629.7	5.229e4
630.6	2.700e4
631.1	2.383e3
631.7	5.432e4
632.2	9.580e2
632.7	3.368e4
633.7	1.315e5
634.2	5.063e3
634.8	8.276e4
635.7	3.957e4
636.4	1.647e4
637.1	4.115e4
637.7	8.568e3
638.4	2.931e4
639.1	5.813e3
639.7	3.149e4
640.6	2.235e4
641.5	3.836e4
642.1	2.101e3
642.7	5.667e4
643.2	4.370e2
643.7	5.864e4
644.6	3.372e4
645.6	3.299e4
646.2	8.180e2
646.7	2.289e4
647.7	1.470e5
648.2	8.480e2
648.7	7.747e4
649.7	4.027e4
650.4	1.564e4
651.1	4.002e4
651.8	6.916e3
652.4	2.876e4
653.0	5.555e3
653.7	2.564e4
654.2	4.900e2
654.7	1.985e4
655.6	4.327e4
656.6	5.098e4
657.6	4.003e4
658.2	3.047e3
658.8	5.192e4
659.7	3.103e4
660.6	3.312e4
661.2	9.110e2
661.7	1.008e5
662.7	5.497e4
663.7	2.539e5
664.7	1.329e5
665.2	6.910e2
665.7	5.810e4
666.7	2.744e4
667.7	2.723e4
668.6	1.907e4
669.5	4.839e4
670.0	2.800e3
670.6	4.991e4
671.5	4.824e4
672.1	3.490e3
672.7	5.157e4
673.3	3.956e3
673.8	4.636e4
674.7	2.246e4
675.2	4.370e2
675.7	5.617e4
676.2	2.920e2
676.7	3.389e4
677.7	1.145e5
678.7	5.238e4
679.7	3.126e4
680.2	3.010e2
680.7	2.378e4
681.3	1.675e3
681.8	1.835e4
682.7	1.226e4
683.6	3.041e4
684.1	1.297e3
684.6	3.218e4
685.7	9.778e5
686.7	5.029e5
687.7	1.596e5
688.6	4.835e4
689.6	4.018e4
690.6	2.037e4
691.2	1.722e3
691.7	1.250e5
692.2	4.200e2
692.7	6.848e4
693.7	3.508e4
694.5	9.690e3
695.1	2.784e4
696.0	1.764e4
696.8	1.462e4
697.8	2.635e4
698.7	2.298e4
699.7	3.270e4
700.7	4.235e4
701.7	7.227e4
702.2	3.514e3
702.8	7.204e4
703.8	6.220e4
704.7	3.701e4
705.2	8.310e2
705.7	9.306e4
706.3	9.970e2
706.8	4.820e4
707.7	6.023e4
708.2	6.400e2
708.7	3.450e5
709.7	1.971e5
710.8	6.355e4
711.8	3.088e4
712.7	1.875e4
713.6	2.949e4
714.2	2.805e3
714.8	3.482e4
715.7	2.422e4
716.7	4.030e4
717.3	1.793e3
717.8	3.582e4
718.8	2.283e4
719.7	5.231e4
720.7	3.101e4
721.2	1.163e3
721.7	1.069e5
722.7	6.456e4
723.6	2.638e4
724.5	8.322e4
725.0	7.190e2
725.5	1.026e5
726.1	2.160e3
726.6	2.436e5
727.6	1.280e5
728.2	1.655e3
728.7	6.323e4
729.7	3.980e4
730.7	4.446e4
731.2	6.120e2
731.7	3.301e4
732.7	2.948e4
733.2	5.830e2
733.8	2.801e4
734.7	2.266e4
735.8	1.140e5
736.8	7.497e4
737.7	4.855e4
738.7	2.568e4
739.2	5.330e2
739.7	2.227e4
740.3	1.311e3
740.8	1.689e4
741.5	4.517e3
742.1	2.929e4
742.9	1.198e4
743.7	2.827e4
744.2	3.372e3
744.8	3.605e4
745.8	3.421e4
746.7	2.612e4
747.5	3.051e4
748.5	2.744e4
749.1	3.815e3
749.7	8.043e4
750.7	5.598e4
751.7	5.427e4
752.6	2.970e4
753.2	6.180e2
753.7	4.942e4
754.7	3.950e4
755.2	9.620e2
755.7	2.529e4
756.2	6.940e2
756.7	1.961e4
757.8	2.853e4
758.3	1.351e3
758.8	2.947e4
759.4	1.344e3
759.9	2.848e4
760.9	4.960e4
761.9	2.704e4
762.8	1.628e4
763.7	4.151e4
764.3	5.900e2
764.8	2.141e4
765.8	7.651e4
766.3	7.460e2
766.8	4.427e4
767.8	2.930e4
768.4	5.114e3
769.1	1.957e4
769.9	1.508e4
770.9	4.378e4
771.9	2.808e4
772.8	2.038e4
773.7	2.377e4
774.3	8.330e2
774.8	3.994e4
775.8	2.038e4
776.7	1.733e4
777.7	2.332e4
778.2	8.810e2
778.8	1.937e4
779.3	4.660e2
779.8	7.611e4
780.8	4.405e4
781.3	3.130e2
781.8	2.654e4
782.8	2.042e4
783.4	8.210e2
783.9	1.809e4
784.8	2.011e4
785.7	1.845e4
786.2	6.930e2
786.8	2.412e4
787.3	1.338e3
787.9	2.135e4
788.8	2.123e4
789.6	2.651e4
790.6	1.805e4
791.5	3.406e4
792.6	2.245e4
793.2	1.771e3
793.8	5.835e4
794.8	3.345e4
795.3	5.160e2
795.8	3.887e4
796.4	1.169e3
796.9	2.376e4
797.8	1.537e4
798.7	2.099e4
799.7	1.936e4
800.3	8.770e2
800.8	2.226e4
801.4	1.041e3
801.9	2.112e4
802.4	9.360e2
803.0	2.332e4
803.9	1.961e4
804.8	2.858e4
805.8	2.329e4
806.3	1.910e2
806.8	1.530e4
807.8	2.853e4
808.3	7.800e1
808.8	2.097e4
809.8	5.457e4
810.8	3.294e4
811.8	1.879e4
812.8	1.071e4
813.6	1.489e4
814.5	1.252e4
815.5	1.683e4
816.5	1.326e4
817.1	2.098e3
817.7	1.717e4
818.3	2.672e3
819.0	2.959e4
820.0	2.050e4
820.9	1.158e4
821.8	1.453e4
822.3	8.700e2
822.9	1.676e4
823.8	5.696e4
824.3	4.820e2
824.8	3.546e4
825.8	1.746e4
826.4	9.290e2
826.9	1.594e4
827.9	1.244e4
828.8	1.479e4
829.3	7.500e1
829.8	1.361e4
830.8	1.179e4
831.8	1.554e4
832.4	1.540e3
832.9	2.199e4
833.9	2.191e4
834.4	1.170e2
834.9	2.249e4
835.8	1.814e4
836.4	1.604e3
836.9	1.407e4
837.9	3.574e4
838.4	1.973e3
839.0	3.462e4
839.9	2.467e4
840.9	1.671e4
841.7	9.682e3
842.6	1.604e4
843.5	1.167e4
844.5	1.457e4
845.1	3.086e3
845.7	1.334e4
846.6	1.095e4
847.4	2.396e4
848.1	5.606e3
848.8	2.280e4
849.7	1.733e4
850.3	8.020e2
850.8	1.554e4
851.4	1.740e2
851.9	2.109e4
852.4	4.580e2
852.9	1.535e4
853.9	3.764e4
854.9	2.347e4
855.9	1.493e4
856.4	1.270e2
857.0	1.034e4
857.9	9.435e3
858.8	1.546e4
859.8	1.061e4
860.7	1.542e4
861.3	1.546e3
861.9	1.436e4
862.4	5.000e0
862.9	2.158e4
863.9	1.617e4
864.9	1.351e4
865.9	1.263e4
866.4	8.300e1
866.9	1.118e4
867.9	3.607e4
868.9	2.291e4
869.4	2.470e2
869.9	1.449e4
870.4	8.790e2
870.9	1.371e4
871.4	1.980e2
871.9	1.123e4
872.4	1.200e2
872.9	1.690e4
873.9	1.260e4
874.7	8.663e3
875.6	1.817e4
876.2	2.265e3
876.7	1.584e4
877.3	8.760e2
877.9	2.412e4
878.6	8.750e3
879.4	1.605e4
880.1	6.578e3
880.9	1.722e4
881.4	4.360e2
881.9	3.037e4
882.9	1.744e4
883.8	1.963e4
884.3	2.220e2
884.8	1.973e4
885.8	1.517e4
886.8	1.508e4
887.3	7.610e2
887.8	1.157e4
888.4	1.755e3
889.0	8.717e3
890.0	1.157e4
890.9	1.345e4
891.8	1.599e4
892.4	1.160e3
892.9	1.693e4
893.8	8.549e3
894.6	1.239e4
895.4	6.824e3
896.1	1.564e4
897.0	1.253e4
897.9	2.186e4
898.5	2.860e2
899.0	1.902e4
899.9	1.086e4
900.9	9.484e3
901.9	2.987e4
902.4	2.820e2
903.0	2.767e4
903.9	1.966e4
904.8	1.512e4
905.4	1.469e3
906.0	1.370e4
906.5	9.100e1
907.0	2.049e4
907.9	3.162e4
908.8	2.148e4
909.4	1.033e3
909.9	1.795e4
910.8	1.273e4
911.8	2.948e4
912.4	9.480e2
912.9	2.269e4
913.5	8.190e2
914.0	1.585e4
914.5	4.600e2
915.0	1.191e4
915.5	2.820e2
916.0	1.008e4
917.0	8.003e3
917.9	1.353e4
918.4	5.250e2
919.0	1.015e4
919.5	5.700e1
920.0	1.423e4
920.9	9.356e3
921.8	1.287e4
922.4	1.082e3
923.0	1.182e4
923.6	1.298e3
924.1	1.476e4
925.1	8.287e3
925.6	1.050e2
926.1	1.645e4
927.0	1.523e4
927.9	1.509e4
928.4	1.170e2
928.9	1.294e4
929.8	1.219e4
930.7	7.373e3
931.6	1.081e4
932.1	8.790e2
932.6	9.540e3
933.2	5.100e2
933.8	9.801e3
934.3	5.950e2
934.9	1.094e4
935.5	5.490e2
936.0	1.443e4
936.8	1.224e4
937.8	1.511e4
938.3	1.221e3
939.0	1.038e4
939.9	1.563e4
940.8	9.406e3
941.7	2.491e4
942.3	8.840e2
942.8	1.581e4
943.4	1.752e3
944.0	1.048e4
944.6	1.331e3
945.2	1.074e4
946.2	1.584e4
946.7	5.100e2
947.3	1.176e4
948.2	8.503e3
949.2	1.090e4
950.1	8.647e3
951.0	1.432e4
951.5	2.320e2
952.0	9.711e3
952.7	2.456e3
953.4	1.307e4
954.1	3.749e3
954.8	1.076e4
955.4	9.840e2
955.9	2.699e4
956.8	1.506e4
957.8	1.482e4
958.4	2.814e3
959.0	1.285e4
959.8	2.719e3
960.5	1.095e4
961.0	5.600e1
961.5	1.337e4
962.2	3.820e3
962.9	7.723e3
963.8	1.420e4
964.4	1.374e3
965.0	1.453e4
965.9	1.054e4
966.4	3.160e2
966.9	1.193e4
967.9	1.335e4
968.9	7.484e3
969.4	1.810e2
969.9	1.748e4
970.4	2.010e2
971.0	1.488e4
972.0	1.334e4
973.0	1.295e4
973.5	4.920e2
974.0	8.054e3
975.0	1.788e4
975.8	8.522e3
976.7	1.059e4
977.3	3.278e3
977.9	2.700e4
978.9	2.449e4
979.9	1.666e4
980.9	1.332e4
981.9	1.721e4
982.8	8.195e3
983.7	1.682e4
984.6	2.091e4
985.2	1.542e3
985.7	1.781e4
986.3	5.600e1
986.8	1.368e4
987.8	1.290e4
988.3	1.200e3
988.9	9.226e3
989.8	6.930e3
990.4	2.467e3
991.0	8.595e3
991.9	1.047e4
992.6	2.017e3
993.2	1.466e4
994.0	8.120e3
994.8	1.277e4
995.6	8.060e3
996.5	9.500e3
997.1	2.592e3
997.8	1.002e4
998.3	5.210e2
998.8	9.945e3
999.5	8.810e2
1000.0	1.809e4
1000.5	2.830e2
1001.0	1.332e4
1002.0	1.060e4
1002.9	9.930e3
1003.4	4.880e2
1004.0	1.225e4
1005.0	9.405e3
1005.5	5.640e2
1006.0	9.584e3
1007.0	1.020e4
1007.9	1.095e4
1008.5	1.891e3
1009.0	9.092e3
1009.9	1.335e4
1010.6	3.775e3
1011.3	1.358e4
1011.8	8.340e2
1012.4	1.145e4
1013.2	6.620e3
1014.0	1.960e4
1014.5	6.930e2
1015.1	1.194e4
1016.0	8.823e3
1016.9	1.101e4
1017.5	4.890e2
1018.0	1.049e4
1018.7	3.335e3
1019.4	1.258e4
1019.9	1.780e2
1020.5	7.490e3
1021.2	1.913e3
1021.8	1.013e4
1022.8	8.767e3
1023.3	1.950e2
1023.8	1.214e4
1024.4	1.964e3
1025.1	1.027e4
1026.0	1.270e4
1026.9	7.919e3
1027.8	1.100e4
1028.6	1.286e4
1029.3	5.007e3
1030.1	1.274e4
1031.1	1.169e4
1031.7	3.877e3
1032.4	1.166e4
1033.2	5.059e3
1034.1	1.086e4
1034.6	2.610e2
1035.1	1.056e4
1035.7	1.587e3
1036.2	1.023e4
1036.8	9.300e1
1037.3	8.648e3
1038.2	8.262e3
1039.2	1.622e4
1040.1	9.210e3
1041.0	1.147e4
1041.9	9.474e3
1042.5	2.310e2
1043.0	1.335e4
1044.0	1.615e4
1044.9	1.220e4
1045.9	1.230e4
1046.9	9.915e3
1047.4	4.810e2
1047.9	1.118e4
1048.9	6.463e3
1049.7	1.133e4
1050.4	4.572e3
1051.2	9.420e3
1051.9	4.423e3
1052.8	1.032e4
1053.5	3.145e3
1054.2	1.090e4
1055.1	5.314e3
1056.0	1.763e4
1056.5	5.510e2
1057.1	1.371e4
1057.9	7.341e3
1058.7	1.257e4
1059.3	3.146e3
1060.0	1.313e4
1060.8	5.979e3
1061.6	1.228e4
1062.3	3.000e3
1063.1	9.154e3
1063.9	2.975e3
1064.6	8.405e3
1065.1	3.730e2
1065.7	1.177e4
1066.6	4.400e3
1067.3	1.158e4
1068.2	5.640e3
1069.0	1.212e4
1069.9	7.125e3
1070.8	7.113e3
1071.8	9.110e3
1072.8	8.966e3
1073.3	2.580e2
1073.8	1.320e4
1074.4	1.862e3
1075.0	9.620e3
1075.6	2.670e2
1076.1	1.296e4
1076.7	7.950e2
1077.2	1.241e4
1078.2	1.035e4
1079.0	5.502e3
1079.9	9.077e3
1080.4	8.140e2
1081.0	8.639e3
1081.9	7.395e3
1082.8	1.136e4
1083.8	7.638e3
1084.3	1.050e2
1084.8	9.229e3
1085.8	8.463e3
1086.3	1.620e2
1086.8	8.537e3
1087.3	7.830e2
1087.9	1.061e4
1088.4	5.510e2
1089.0	1.116e4
1090.0	1.018e4
1091.0	6.664e3
1092.0	7.568e3
1092.6	3.380e2
1093.1	5.713e3
1094.0	7.859e3
1094.8	4.830e3
1095.6	7.985e3
1096.6	1.085e4
1097.2	1.131e3
1097.7	8.866e3
1098.5	2.955e3
1099.1	1.183e4
1099.9	3.187e3
1100.5	9.506e3
1101.3	6.433e3
1102.1	1.271e4
1103.1	7.069e3
1103.9	1.314e4
1104.5	1.900e2
1105.0	1.194e4
1106.0	5.899e3
1107.0	8.260e3
1107.9	9.892e3
1108.9	9.013e3
1109.8	5.429e3
1110.4	3.290e2
1111.0	1.012e4
1111.8	1.093e4
1112.3	1.400e1
1112.9	9.275e3
1113.8	1.164e4
1114.4	4.400e1
1114.9	8.604e3
1115.5	2.027e3
1116.2	9.771e3
1116.8	1.909e3
1117.5	9.284e3
1118.5	1.389e4
1119.0	9.900e1
1119.5	6.776e3
1120.3	4.135e3
1121.1	1.111e4
1121.8	2.342e3
1122.4	9.894e3
1123.4	5.667e3
1124.3	9.603e3
1125.0	3.219e3
1125.9	8.931e3
1126.5	2.204e3
1127.1	7.858e3
1127.7	1.080e2
1128.2	7.618e3
1128.7	9.100e1
1129.2	6.229e3
1130.2	8.722e3
1131.1	5.806e3
1132.1	9.288e3
1132.8	2.982e3
1133.5	1.059e4
1134.1	4.560e2
1134.6	8.870e3
1135.1	1.020e2
1135.7	9.576e3
1136.4	2.176e3
1137.2	8.572e3
1138.0	7.781e3
1138.9	5.119e3
1139.8	1.057e4
1140.6	5.712e3
1141.5	9.395e3
1142.4	8.280e3
1143.0	1.590e3
1143.6	9.157e3
1144.5	4.894e3
1145.4	8.259e3
1146.0	6.660e2
1146.6	1.200e4
1147.1	2.150e2
1147.6	1.146e4
1148.6	1.237e4
1149.5	6.609e3
1150.4	1.365e4
1150.9	1.259e3
1151.6	3.073e4
1152.1	1.970e2
1152.6	3.208e4
1153.6	3.689e4
1154.6	2.549e4
1155.6	1.835e4
1156.6	1.555e4
1157.4	5.234e3
1158.1	1.625e4
1158.7	1.156e3
1159.2	1.504e4
1160.2	1.192e4
1161.1	1.019e4
1161.7	1.510e2
1162.2	7.828e3
1162.9	2.672e3
1163.6	9.220e3
1164.5	4.338e3
1165.4	6.654e3
1166.1	2.310e3
1166.7	6.848e3
1167.7	1.068e4
1168.6	1.114e4
1169.2	3.500e1
1169.7	1.284e4
1170.2	6.850e2
1170.8	1.104e4
1171.7	6.510e3
1172.4	8.196e3
1173.4	1.006e4
1174.3	9.588e3
1175.2	5.506e3
1176.0	1.100e4
1176.6	1.711e3
1177.2	1.088e4
1178.1	8.417e3
1179.1	1.101e4
1180.0	6.858e3
1180.9	5.113e3
1181.7	9.395e3
1182.7	6.414e3
1183.3	1.120e3
1183.9	7.687e3
1184.5	5.980e2
1185.0	8.685e3
1185.6	1.023e3
1186.2	1.072e4
1186.7	1.175e3
1187.3	7.999e3
1188.3	6.235e3
1189.2	7.757e3
1189.7	7.400e1
1190.2	6.840e3
1191.1	5.196e3
1192.1	6.837e3
1193.0	5.360e3
1194.0	6.110e3
1194.6	1.395e3
1195.3	7.289e3
1196.2	9.742e3
1197.2	7.559e3
1198.1	5.991e3
1198.6	3.300e2
1199.2	7.087e3
1200.1	4.755e3
1200.9	1.077e4
1201.7	4.341e3
1202.5	1.046e4
1203.3	3.948e3
1204.1	5.925e3
1205.1	6.589e3
1205.6	1.320e2
1206.1	1.015e4
1206.7	8.650e2
1207.3	9.211e3
1208.0	2.757e3
1208.7	9.669e3
1209.3	2.097e3
1209.9	6.606e3
1210.7	1.950e3
1211.4	9.096e3
1211.9	4.640e2
1212.6	7.212e3
1213.1	1.402e3
1213.7	9.631e3
1214.3	2.026e3
1215.0	7.160e3
1215.9	8.194e3
1216.6	3.323e3
1217.3	7.093e3
1218.2	7.463e3
1218.8	7.550e2
1219.3	6.274e3
1219.9	1.794e3
1220.5	6.882e3
1221.3	3.417e3
1222.0	8.873e3
1222.5	1.689e3
1223.1	8.068e3
1224.1	1.202e4
1224.6	6.540e2
1225.2	7.609e3
1226.1	8.596e3
1226.6	1.540e2
1227.2	9.427e3
1227.8	3.222e3
1228.5	8.596e3
1229.1	2.246e3
1229.8	7.009e3
1230.4	1.140e3
1231.1	7.866e3
1231.6	2.540e2
1232.2	8.783e3
1232.8	2.097e3
1233.4	6.589e3
1234.3	9.945e3
1235.3	6.789e3
1235.8	1.216e3
1236.4	9.139e3
1237.4	5.511e3
1238.3	8.104e3
1239.1	3.851e3
1239.8	8.169e3
1240.8	8.211e3
1241.7	3.755e3
1242.5	7.252e3
1243.2	2.674e3
1244.0	5.408e3
1244.8	7.148e3
1245.4	5.420e2
1245.9	8.230e3
1246.6	1.446e3
1247.3	7.592e3
1248.3	7.790e3
1248.9	1.660e3
1249.6	8.784e3
1250.5	8.165e3
1251.0	6.600e2
1251.6	7.186e3
1252.6	7.035e3
1253.3	2.587e3
1254.0	8.157e3
1254.6	9.130e2
1255.2	7.026e3
1256.2	4.744e3
1257.2	6.556e3
1258.0	3.534e3
1258.7	6.763e3
1259.6	2.796e3
1260.4	8.501e3
1260.9	1.750e2
1261.4	6.520e3
1262.0	7.810e2
1262.5	8.250e3
1263.1	3.100e2
1263.6	6.908e3
1264.4	3.087e3
1265.2	6.694e3
1265.9	1.998e3
1266.6	6.258e3
1267.2	5.760e2
1267.7	5.054e3
1268.5	1.018e4
1269.4	4.976e3
1270.4	5.386e3
1271.4	9.882e3
1272.4	8.483e3
1273.0	6.940e2
1273.6	7.941e3
1274.3	2.430e3
1275.1	5.912e3
1276.1	9.156e3
1277.0	6.344e3
1278.0	6.388e3
1279.0	7.102e3
1279.6	2.105e3
1280.3	7.929e3
1281.0	5.550e2
1281.5	6.012e3
1282.1	1.160e2
1282.6	7.050e3
1283.3	3.115e3
1284.0	6.595e3
1284.6	4.080e2
1285.2	4.712e3
1286.2	7.596e3
1287.1	5.522e3
1288.0	8.111e3
1288.8	3.321e3
1289.6	7.188e3
1290.5	5.341e3
1291.1	5.890e2
1291.7	6.748e3
1292.6	5.328e3
1293.2	1.451e3
1293.9	7.522e3
1294.6	1.884e3
1295.3	8.143e3
1296.3	6.460e3
1297.0	1.567e3
1297.6	7.313e3
1298.1	4.600e1
1298.6	6.924e3
1299.5	4.195e3
1300.2	7.942e3
1300.9	1.151e3
1301.6	9.121e3
1302.6	6.391e3
1303.5	4.542e3
1304.4	6.120e3
1305.1	3.913e3
1305.8	6.953e3
1306.8	7.332e3
1307.5	1.306e3
1308.3	5.779e3
1309.0	3.867e3
1309.9	7.904e3
1310.5	1.059e3
1311.1	4.310e3
1312.1	5.895e3
1312.8	1.610e3
1313.5	7.483e3
1314.2	4.149e3
1315.0	1.048e4
1315.7	3.065e3
1316.4	7.789e3
1317.2	4.011e3
1318.0	8.567e3
1318.7	2.152e3
1319.5	9.176e3
1320.2	2.784e3
1320.9	6.524e3
1321.7	2.764e3
1322.5	6.359e3
1323.5	6.794e3
1324.2	2.405e3
1324.9	6.590e3
1325.6	2.591e3
1326.2	5.672e3
1327.1	8.805e3
1327.7	1.227e3
1328.3	6.845e3
1328.9	5.730e2
1329.4	7.683e3
1330.2	2.932e3
1330.9	7.698e3
1331.5	1.185e3
1332.2	7.902e3
1332.9	3.615e3
1333.7	6.276e3
1334.7	6.009e3
1335.3	2.109e3
1336.0	9.087e3
1336.6	3.274e3
1337.4	6.791e3
1338.3	3.847e3
1339.2	8.111e3
1340.3	5.214e3
1341.2	6.349e3
1342.1	4.123e3
1342.9	7.969e3
1343.6	3.699e3
1344.5	8.147e3
1345.3	1.974e3
1346.0	4.992e3
1346.9	9.161e3
1347.5	2.010e3
1348.3	6.725e4
1349.3	6.313e4
1350.3	3.663e4
1351.2	1.648e4
1352.2	8.254e3
1352.8	1.710e2
1353.3	6.121e3
1354.2	9.779e3
1355.1	3.707e3
1356.1	6.584e3
1356.8	3.931e3
1357.7	8.177e3
1358.5	4.316e3
1359.4	4.348e3
1360.4	6.203e3
1361.0	1.078e3
1361.6	6.487e3
1362.1	1.820e2
1362.6	4.988e3
1363.5	5.018e3
1364.4	7.279e3
1365.1	1.992e3
1365.8	8.025e3
1366.8	7.045e3
1367.3	1.360e2
1367.9	7.342e3
1368.6	2.039e3
1369.4	7.858e3
1370.3	6.387e3
1370.8	9.660e2
1371.4	8.818e3
1372.2	4.718e3
1373.1	6.538e3
1373.7	4.280e2
1374.2	7.463e3
1375.1	3.203e3
1375.9	4.661e3
1376.8	7.254e3
1377.7	3.056e3
1378.5	5.807e3
1379.5	5.303e3
1380.3	8.225e3
1381.0	2.463e3
1381.7	5.755e3
1382.3	6.300e1
1382.8	5.771e3
1383.6	5.106e3
1384.6	6.922e3
1385.3	1.587e3
1386.0	4.672e3
1386.9	7.412e3
1387.5	1.224e3
1388.1	6.637e3
1388.7	6.130e2
1389.3	6.868e3
1389.9	1.049e3
1390.6	7.379e3
1391.6	4.259e3
1392.5	2.622e3
1393.2	4.081e3
1394.1	6.243e3
1394.8	1.393e3
1395.5	8.712e3
1396.1	1.662e3
1396.7	5.373e3
1397.3	6.080e2
1397.8	6.134e3
1398.8	5.100e3
1399.4	1.800e2
1399.9	5.547e3
1400.5	2.500e2
1401.0	6.140e3
1401.5	2.300e2
1402.1	5.637e3
1402.6	2.930e2
1403.2	7.281e3
1404.2	3.363e3
1405.1	6.576e3
1405.9	2.385e3
1406.6	5.705e3
1407.7	7.334e3
1408.5	5.207e3
1409.5	3.435e3
1410.3	6.066e3
1411.3	6.470e3
1411.9	5.820e2
1412.5	6.768e3
1413.5	5.730e3
1414.5	5.695e3
1415.4	2.736e3
1416.2	7.760e3
1417.0	5.237e3
1417.7	7.950e2
1418.3	6.267e3
1419.3	4.736e3
1420.2	7.236e3
1420.9	1.148e3
1421.5	6.221e3
1422.4	9.217e3
1423.4	4.360e3
1424.4	5.954e3
1424.9	8.120e2
1425.5	6.436e3
1426.0	3.900e2
1426.5	5.854e3
1427.2	1.217e3
1427.9	5.418e3
1428.4	1.800e2
1429.0	5.141e3
1429.5	1.029e3
1430.1	7.223e3
1430.8	2.119e3
1431.4	5.233e3
1432.1	1.845e3
1432.8	5.165e3
1433.7	4.895e3
1434.6	5.078e3
1435.3	2.081e3
1436.1	6.591e3
1436.7	2.400e1
1437.2	3.909e3
1437.7	4.650e2
1438.3	5.346e3
1439.0	1.767e3
1439.7	5.032e3
1440.6	6.489e3
1441.5	4.315e3
1442.1	1.349e3
1442.8	4.577e3
1443.7	7.849e3
1444.6	5.081e3
1445.4	3.558e3
1446.4	4.655e3
1447.0	1.620e3
1447.7	7.271e3
1448.6	3.184e3
1449.5	4.327e3
1450.0	1.550e2
1450.5	6.295e3
1451.5	4.099e3
1452.3	5.498e3
1453.1	1.985e3
1453.9	4.424e3
1454.8	2.196e3
1455.7	4.899e3
1456.2	3.160e2
1456.7	4.746e3
1457.7	4.744e3
1458.7	6.363e3
1459.2	2.730e2
1459.8	5.712e3
1460.7	4.422e3
1461.7	4.105e3
1462.3	1.200e2
1462.8	5.343e3
1463.5	2.236e3
1464.3	4.791e3
1465.2	3.039e3
1466.0	6.882e3
1466.6	7.060e2
1467.2	7.035e3
1467.9	1.769e3
1468.7	6.926e3
1469.5	2.617e3
1470.2	4.891e3
1471.1	4.847e3
1472.1	4.880e3
1473.1	4.937e3
1474.1	5.073e3
1474.8	1.031e3
1475.5	4.897e3
1476.4	5.890e3
1476.9	1.290e2
1477.4	4.655e3
1478.1	1.207e3
1478.8	4.044e3
1479.3	1.810e2
1479.8	5.331e3
1480.7	5.019e3
1481.7	4.135e3
1482.6	2.073e3
1483.3	6.438e3
1484.2	2.713e3
1485.0	4.589e3
1485.8	2.282e3
1486.7	5.238e3
1487.3	8.080e2
1487.9	6.422e3
1488.4	4.700e2
1489.0	6.930e3
1490.0	4.399e3
1490.7	2.762e3
1491.5	5.686e3
1492.1	2.810e2
1492.6	4.616e3
1493.6	5.033e3
1494.3	8.680e2
1494.9	5.015e3
1495.8	5.431e3
1496.7	3.892e3
1497.7	6.331e3
1498.7	3.939e3
1499.6	4.926e3
1500.6	5.530e3
1501.3	1.195e3
1502.0	5.300e3
1502.6	9.850e2
1503.2	5.799e3
1504.0	3.338e3
1504.9	5.843e3
1505.7	2.459e3
1506.6	6.734e3
1507.1	2.570e2
1507.7	5.764e3
1508.5	2.897e3
1509.2	5.062e3
1509.8	5.460e2
1510.3	3.713e3
1510.9	2.600e3
1511.6	3.905e3
1512.6	5.961e3
1513.5	3.420e3
1514.4	6.017e3
1514.9	1.650e2
1515.5	4.682e3
1516.2	2.072e3
1516.9	5.980e3
1517.9	2.836e3
1518.7	3.841e3
1519.3	6.000e1
1519.8	6.584e3
1520.7	3.520e3
1521.7	6.089e3
1522.7	6.821e3
1523.7	5.277e3
1524.2	7.900e1
1524.7	4.540e3
1525.2	2.570e2
1525.7	4.091e3
1526.2	5.200e1
1526.8	4.665e3
1527.4	7.540e2
1528.0	3.050e3
1528.9	5.522e3
1529.4	1.370e2
1530.0	7.779e3
1530.8	4.008e3
1531.4	8.040e2
1532.0	5.577e3
1532.7	8.900e1
1533.2	3.858e3
1534.1	2.669e3
1535.1	3.224e3
1536.1	3.490e3
1537.1	4.819e3
1537.7	6.850e2
1538.2	3.788e3
1538.9	1.888e3
1539.7	4.370e3
1540.6	2.745e3
1541.4	5.168e3
1542.0	1.211e3
1542.7	3.470e3
1543.6	3.885e3
1544.4	5.624e3
1544.9	1.780e2
1545.5	3.774e3
1546.4	5.317e3
1547.2	2.921e3
1548.1	7.163e3
1548.8	1.824e3
1549.5	4.633e3
1550.2	1.384e3
1551.1	5.033e3
1551.6	5.900e1
1552.1	5.433e3
1553.2	4.749e3
1554.1	2.552e3
1555.1	4.441e3
1555.9	4.053e3
1556.6	2.424e3
1557.3	6.835e3
1558.2	3.352e3
1559.1	3.736e3
1560.0	6.003e3
1560.9	3.110e3
1561.7	1.882e3
1562.6	4.586e3
1563.3	1.271e3
1563.9	6.269e3
1564.7	2.248e3
1565.6	3.925e3
1566.3	2.052e3
1567.1	5.025e3
1567.9	3.466e3
1568.6	2.602e3
1569.5	5.408e3
1570.3	1.930e3
1571.0	4.560e3
1571.6	1.250e3
1572.3	4.152e3
1573.3	4.966e3
1574.2	4.434e3
1575.1	2.766e3
1575.6	6.390e2
1576.3	4.018e3
1577.1	1.035e3
1577.8	3.041e3
1578.6	5.234e3
1579.6	4.440e3
1580.5	1.917e3
1581.2	3.659e3
1581.8	4.000e2
1582.4	5.098e3
1583.0	4.450e2
1583.6	4.680e3
1584.3	1.506e3
1585.0	4.460e3
1585.7	1.267e3
1586.4	3.769e3
1587.3	5.316e3
1588.1	2.588e3
1588.9	4.697e3
1589.8	4.124e3
1590.4	1.800e2
1590.9	4.581e3
1591.5	1.100e2
1592.0	4.751e3
1592.8	2.851e3
1593.7	4.696e3
1594.2	1.080e2
1594.8	3.618e3
1595.4	4.870e2
1596.0	4.576e3
1597.0	3.180e3
1598.0	3.199e3
1598.9	3.560e3
1599.6	1.218e3
1600.2	4.243e3
1601.0	3.007e3
1601.5	3.400e1
1602.1	7.762e3
1603.0	3.036e3
1603.8	7.019e3
1604.7	3.680e3
1605.6	3.564e3
1606.6	5.351e3
1607.6	3.345e3
1608.3	6.470e2
1608.9	5.498e3
1609.5	1.240e2
1610.0	5.734e3
1610.9	2.783e3
1611.8	3.454e3
1612.4	3.800e2
1613.0	5.764e3
1613.8	1.592e3
1614.6	4.679e3
1615.5	4.462e3
1616.2	1.291e3
1616.9	6.123e3
1617.5	5.760e2
1618.1	3.874e3
1619.1	5.045e3
1620.1	3.308e3
1621.1	4.628e3
1621.7	1.199e3
1622.4	4.884e3
1623.3	2.874e3
1624.2	4.545e3
1624.8	3.570e2
1625.4	3.606e3
1626.3	4.868e3
1627.0	1.209e3
1627.6	4.885e3
1628.5	5.942e3
1629.2	7.650e2
1629.8	4.119e3
1630.4	7.160e2
1631.1	4.058e3
1632.2	5.175e3
1632.9	2.032e3
1633.7	4.840e3
1634.6	3.431e3
1635.1	2.020e2
1635.6	4.897e3
1636.6	2.566e3
1637.6	4.293e3
1638.5	3.294e3
1639.1	5.100e1
1639.6	3.821e3
1640.3	1.223e3
1641.0	4.044e3
1641.5	2.800e1
1642.1	3.945e3
1642.7	7.040e2
1643.3	4.128e3
1643.9	1.730e2
1644.5	5.397e3
1645.2	1.553e3
1646.0	3.943e3
1646.9	4.212e3
1647.6	1.342e3
1648.3	3.882e3
1649.0	1.486e3
1649.8	4.923e3
1650.6	1.093e3
1651.3	3.137e3
1651.9	1.055e3
1652.6	4.488e3
1653.2	2.430e2
1653.7	4.238e3
1654.5	1.468e3
1655.3	3.799e3
1656.2	2.816e3
1656.8	3.760e2
1657.4	3.105e3
1658.2	5.873e3
1658.9	5.150e2
1659.5	3.987e3
1660.2	1.516e3
1660.9	4.592e3
1661.5	1.011e3
1662.2	4.113e3
1663.2	4.457e3
1663.9	9.250e2
1664.6	4.382e3
1665.3	1.143e3
1665.9	4.354e3
1666.7	2.082e3
1667.6	3.505e3
1668.1	5.100e1
1668.7	3.783e3
1669.7	3.327e3
1670.5	1.918e3
1671.4	4.235e3
1672.3	2.937e3
1673.3	3.918e3
1673.8	1.330e2
1674.3	3.850e3
1675.1	3.078e3
1675.8	1.909e3
1676.6	3.162e3
1677.2	2.560e2
1677.7	3.461e3
1678.2	8.500e1
1678.7	4.366e3
1679.6	2.867e3
1680.5	5.795e3
1681.0	2.460e2
1681.6	3.666e3
1682.2	8.210e2
1682.8	3.960e3
1683.4	1.890e2
1684.0	4.970e3
1684.8	2.199e3
1685.7	4.505e3
1686.5	2.440e3
1687.3	3.781e3
1687.8	8.500e1
1688.5	4.930e3
1689.2	1.044e3
1689.8	3.787e3
1690.8	4.530e3
1691.7	3.006e3
1692.6	2.744e3
1693.4	3.869e3
1694.3	3.726e3
1694.9	6.100e2
1695.5	3.818e3
1696.3	1.107e3
1697.0	4.547e3
1697.5	1.070e2
1698.1	3.694e3
1698.9	2.689e3
1699.9	3.992e3
1700.6	1.460e2
1701.1	4.625e3
1702.1	2.624e3
1702.9	3.681e3
1703.4	2.100e1
1703.9	2.877e3
1704.8	2.277e3
1705.6	4.156e3
1706.1	7.300e1
1706.6	3.038e3
1707.6	3.830e3
1708.2	5.070e2
1708.8	3.211e3
1709.8	3.891e3
1710.4	4.660e2
1710.9	4.397e3
1711.9	5.063e3
1712.8	3.068e3
1713.8	2.905e3
1714.5	5.630e2
1715.2	3.657e3
1716.2	3.921e3
1716.7	6.600e1
1717.3	5.229e3
1718.2	2.671e3
1719.2	3.394e3
1720.1	3.146e3
1721.0	2.973e3
1721.8	3.895e3
1722.4	5.550e2
1723.1	2.600e3
1723.9	4.411e3
1724.9	3.123e3
1725.8	3.504e3
1726.5	7.530e2
1727.3	3.675e3
1728.0	1.583e3
1728.8	2.853e3
1729.7	3.636e3
1730.7	3.342e3
1731.5	1.805e3
1732.4	3.371e3
1733.0	4.400e2
1733.5	3.399e3
1734.3	1.232e3
1735.1	3.171e3
1736.0	3.686e3
1736.5	4.300e1
1737.1	3.596e3
1738.1	4.402e3
1738.7	8.860e2
1739.3	5.294e3
1740.1	1.762e3
1741.0	4.687e3
1742.0	3.148e3
1742.7	1.041e3
1743.3	5.664e3
1744.1	2.119e3
1745.0	3.648e3
1745.9	4.115e3
1746.7	1.978e3
1747.6	4.141e3
1748.6	3.575e3
1749.4	1.861e3
1750.0	4.560e2
1750.6	3.712e3
1751.3	7.100e2
1751.9	4.183e3
1752.6	9.400e2
1753.2	4.436e3
1753.8	3.310e2
1754.4	3.824e3
1754.9	1.930e2
1755.5	3.277e3
1756.3	9.420e2
1757.0	4.894e3
1757.7	1.324e3
1758.3	3.358e3
1759.3	2.067e3
1760.2	4.115e3
1760.9	5.500e2
1761.5	2.553e3
1762.4	4.459e3
1762.9	2.500e1
1763.4	3.367e3
1764.5	3.509e3
1765.4	2.156e3
1766.2	2.615e3
1766.9	1.436e3
1767.6	4.602e3
1768.2	4.320e2
1768.8	4.226e3
1769.5	5.240e2
1770.1	2.635e3
1770.7	3.950e2
1771.3	3.262e3
1772.1	1.677e3
1773.1	4.120e3
1773.6	8.400e1
1774.1	4.078e3
1775.1	2.993e3
1776.0	2.368e3
1776.8	9.830e2
1777.5	3.756e3
1778.1	1.054e3
1778.8	3.541e3
1779.5	1.078e3
1780.3	2.620e3
1781.2	4.459e3
1782.0	1.463e3
1782.8	3.687e3
1783.7	3.048e3
1784.7	3.549e3
1785.6	2.751e3
1786.6	4.057e3
1787.4	3.466e3
1787.9	4.820e2
1788.5	3.049e3
1789.4	1.919e3
1790.2	8.270e2
1791.0	3.924e3
1791.6	5.250e2
1792.2	4.275e3
1793.2	3.276e3
1793.7	2.730e2
1794.3	3.682e3
1795.1	2.629e3
1795.9	3.237e3
1796.6	9.960e2
1797.4	3.612e3
1798.2	1.986e3
1798.8	6.170e2
1799.6	3.265e3
1800.1	2.600e1
1800.6	4.004e3
1801.2	7.640e2
1802.0	3.429e3
1802.6	2.170e2
1803.1	3.613e3
1804.1	2.547e3
1804.9	4.037e3
1805.5	1.330e2
1806.0	4.648e3
1806.7	1.600e3
1807.4	3.501e3
1807.9	1.160e2
1808.5	5.034e3
1809.0	7.900e1
1809.5	2.583e3
1810.1	3.420e2
1810.7	3.552e3
1811.6	1.542e3
1812.5	3.922e3
1813.2	1.518e3
1814.1	3.088e3
1814.7	4.000e0
1815.2	3.361e3
1816.2	3.179e3
1817.1	2.117e3
1817.9	2.502e3
1818.8	1.729e3
1819.7	4.102e3
1820.3	4.040e2
1821.0	2.377e3
1821.5	2.700e1
1822.0	3.585e3
1822.5	1.560e2
1823.1	2.676e3
1823.8	1.266e3
1824.6	4.449e3
1825.5	3.516e3
1826.1	3.220e2
1826.7	4.254e3
1827.2	2.470e2
1827.8	3.328e3
1828.7	2.376e3
1829.6	2.364e3
1830.2	1.580e2
1830.7	2.164e3
1831.7	2.557e3
1832.5	4.408e3
1833.1	3.070e2
1833.6	2.539e3
1834.5	3.476e3
1835.1	4.340e2
1835.7	2.209e3
1836.6	2.576e3
1837.4	1.533e3
1838.1	2.260e3
1839.1	3.868e3
1839.6	2.630e2
1840.2	3.101e3
1841.0	1.461e3
1841.9	3.001e3
1842.8	3.754e3
1843.4	4.130e2
1844.1	1.736e3
1844.7	8.160e2
1845.4	3.024e3
1846.2	2.113e3
1847.2	2.751e3
1848.1	2.361e3
1848.9	2.235e3
1849.6	2.560e2
1850.2	2.849e3
1850.9	6.390e2
1851.7	2.935e3
1852.6	2.709e3
1853.6	2.727e3
1854.5	3.612e3
1855.1	2.730e2
1855.7	3.085e3
1856.3	3.410e2
1856.9	3.782e3
1857.5	1.100e2
1858.0	2.325e3
1859.0	2.901e3
1859.9	2.091e3
1860.8	3.125e3
1861.5	9.090e2
1862.1	3.252e3
1863.1	3.556e3
1863.8	1.164e3
1864.5	4.303e3
1865.0	6.000e0
1865.5	2.730e3
1866.2	4.590e2
1866.8	3.064e3
1867.4	8.100e1
1868.0	2.811e3
1868.9	4.003e3
1869.5	2.290e2
1870.0	3.190e3
1871.0	1.834e3
1871.6	4.620e2
1872.3	2.991e3
1872.8	3.210e2
1873.5	3.547e3
1874.3	2.267e3
1875.2	2.046e3
1876.1	3.018e3
1876.6	7.800e1
1877.1	4.685e3
1877.8	7.920e2
1878.4	2.179e3
1879.3	2.770e3
1880.3	3.171e3
1881.3	1.971e3
1882.3	2.589e3
1883.0	1.052e3
1883.8	2.758e3
1884.6	1.765e3
1885.1	2.000e2
1885.6	2.721e3
1886.3	5.400e1
1886.8	2.744e3
1887.8	1.384e3
1888.6	2.698e3
1889.3	5.360e2
1889.9	3.617e3
1890.4	2.450e2
1890.9	3.375e3
1891.5	4.400e2
1892.2	3.056e3
1892.8	4.590e2
1893.4	2.622e3
1894.2	1.351e3
1894.9	2.799e3
1895.8	3.424e3
1896.7	1.248e3
1897.5	3.375e3
1898.5	3.751e3
1899.0	1.080e2
1899.6	3.015e3
1900.5	2.762e3
1901.0	2.130e2
1901.6	2.401e3
1902.6	4.173e3
1903.7	2.639e3
1904.6	3.402e3
1905.2	2.000e2
1905.8	2.497e3
1906.4	3.850e2
1907.1	2.376e3
1907.8	6.710e2
1908.4	2.797e3
1909.3	2.898e3
1910.2	3.319e3
1911.0	2.300e3
1911.9	3.078e3
1913.0	1.892e3
1913.5	7.900e1
1914.0	3.160e3
1914.6	1.410e2
1915.1	3.315e3
1916.1	1.921e3
1917.0	2.103e3
1917.6	7.340e2
1918.3	3.093e3
1918.8	3.420e2
1919.4	2.176e3
1920.3	1.971e3
1921.2	1.960e3
1922.1	3.434e3
1923.1	4.507e3
1923.8	1.018e3
1924.7	2.084e3
1925.6	2.427e3
1926.2	1.160e2
1926.7	2.578e3
1927.3	1.380e2
1927.9	2.116e3
1928.4	4.000e0
1928.9	2.524e3
1929.8	3.074e3
1930.4	7.200e1
1931.0	1.765e3
1931.8	3.537e3
1932.4	2.370e2
1932.9	1.985e3
1933.9	2.941e3
1934.4	4.800e1
1934.9	1.630e3
1935.9	2.177e3
1936.5	2.120e2
1937.1	2.731e3
1938.1	2.694e3
1938.6	7.400e1
1939.1	2.373e3
1940.1	2.332e3
1941.1	1.581e3
1942.0	2.107e3
1942.8	3.664e3
1943.7	1.425e3
1944.6	2.348e3
1945.5	3.361e3
1946.3	1.121e3
1947.0	3.864e3
1947.5	1.610e2
1948.1	3.323e3
1948.7	6.100e1
1949.2	1.967e3
1949.7	2.000e1
1950.3	2.477e3
1951.1	1.403e3
1951.8	1.776e3
1952.6	2.868e3
1953.3	4.330e2
1953.9	3.913e3
1954.6	2.140e2
1955.1	3.515e3
1955.7	1.350e2
1956.2	1.721e3
1957.2	2.962e3
1958.1	1.970e3
1959.0	2.959e3
1959.5	1.280e2
1960.1	1.711e3
1961.0	2.727e3
1961.6	8.030e2
1962.3	2.878e3
1963.1	1.233e3
1963.9	3.440e3
1964.4	2.700e1
1965.0	2.376e3
1966.0	1.657e3
1966.7	1.073e3
1967.5	3.382e3
1968.3	1.134e3
1969.1	2.960e3
1969.7	3.800e1
1970.2	2.410e3
1970.7	4.700e1
1971.3	2.282e3
1972.1	2.911e3
1973.0	5.530e2
1973.6	1.265e3
1974.3	2.877e3
1974.8	1.140e2
1975.4	2.278e3
1976.1	6.960e2
1976.9	2.636e3
1977.4	2.300e1
1978.0	2.628e3
1979.0	1.303e3
1980.0	2.701e3
1980.8	1.384e3
1981.6	3.042e3
1982.5	4.324e3
1983.1	2.170e2
1983.6	2.445e3
1984.2	1.940e2
1984.8	2.337e3
1985.7	2.765e3
1986.8	2.705e3
1987.6	1.515e3
1988.3	2.091e3
1989.2	2.793e3
1989.9	1.423e3
1990.7	2.708e3
1991.2	4.400e1
1991.7	1.758e3
1992.6	2.747e3
1993.2	8.700e1
1993.7	2.338e3
1994.4	3.930e2
1995.2	2.419e3
1996.1	1.796e3
1997.1	2.473e3
1997.9	1.314e3
1998.8	2.820e3
1999.6	1.590e3
