100.2	6.148e3
101.0	8.896e4
102.0	1.873e4
103.0	2.306e4
104.0	1.823e3
105.0	4.092e3
106.0	8.300e2
107.1	8.020e2
108.0	1.716e4
109.0	2.546e3
110.0	9.120e2
111.1	4.397e3
111.8	1.240e2
112.3	7.870e2
113.0	1.172e5
114.1	3.582e3
115.0	9.921e3
115.5	1.290e2
116.0	4.550e3
117.0	1.373e5
118.0	1.566e4
119.0	1.433e4
120.0	1.456e3
120.5	1.100e1
121.0	1.810e3
122.0	5.940e2
123.0	1.270e3
123.5	1.000e1
124.1	2.553e3
125.2	2.882e3
126.0	1.587e3
126.6	3.000e1
127.1	1.972e3
128.0	2.288e3
128.5	7.900e1
129.1	4.101e3
130.0	1.180e4
131.0	2.721e3
132.1	6.650e2
133.0	3.037e3
133.6	2.500e1
134.1	9.280e2
134.9	5.171e3
135.5	1.460e2
136.1	1.843e3
137.0	4.422e3
138.0	1.362e3
138.5	4.000e0
139.0	3.182e3
140.0	2.133e3
140.5	2.500e1
141.1	2.826e3
142.0	1.769e3
143.1	3.025e3
144.0	1.783e3
145.0	1.150e4
146.0	6.888e3
147.0	2.358e4
148.0	3.690e3
149.0	3.854e3
150.0	4.273e3
151.0	2.322e3
151.5	4.500e1
152.0	1.412e4
153.1	4.492e3
154.1	1.203e3
155.1	2.878e3
156.0	4.485e3
157.0	2.750e3
158.1	2.912e3
159.0	2.707e3
160.0	1.989e3
161.0	8.242e3
161.9	8.970e2
163.0	9.078e3
164.0	1.585e3
165.0	5.151e3
166.1	1.182e3
167.1	1.825e3
168.0	2.679e3
169.0	4.192e3
170.0	2.399e3
171.1	2.190e3
172.0	2.183e3
173.0	3.926e3
173.5	7.800e1
174.0	6.833e3
175.0	2.216e4
175.5	5.000e0
176.1	5.835e3
177.0	3.135e3
177.6	1.600e2
178.1	1.308e3
179.0	3.382e3
180.0	1.463e3
180.5	7.200e1
181.1	3.809e4
182.0	2.670e3
183.0	2.582e3
184.0	2.570e3
184.5	1.600e1
185.0	3.706e3
186.0	3.068e3
186.6	8.000e0
187.1	3.237e3
188.0	1.715e3
189.0	2.229e3
190.0	2.451e3
191.0	1.765e4
192.1	2.386e3
193.1	1.006e4
194.1	1.794e3
194.6	3.800e1
195.1	3.214e4
196.0	9.250e3
196.6	1.400e1
197.1	4.068e3
198.0	8.266e3
199.1	2.193e3
199.9	5.629e3
200.4	1.100e1
201.0	6.185e3
202.0	4.531e3
202.5	5.900e1
203.0	1.691e3
204.1	1.472e3
205.1	3.750e3
206.1	6.340e2
207.0	1.404e4
208.0	3.613e3
209.0	2.553e3
210.0	2.622e3
210.7	9.000e0
211.2	3.188e3
212.2	1.990e4
213.1	7.142e3
214.1	3.455e3
215.1	3.235e3
216.0	2.802e3
216.5	3.300e1
217.0	2.797e3
218.0	4.236e3
218.6	1.320e2
219.1	5.915e3
220.1	8.922e3
221.1	7.470e3
222.0	2.655e3
222.6	3.300e1
223.1	4.228e3
224.0	1.500e3
225.0	3.753e3
225.9	1.978e3
226.4	7.000e0
227.0	3.483e3
228.0	2.726e3
228.6	5.800e1
229.1	2.685e3
230.0	2.992e3
230.5	1.800e1
231.0	2.252e3
232.0	1.407e3
233.0	3.723e3
234.0	2.460e3
234.5	1.200e1
235.0	2.650e3
236.1	6.952e3
237.0	2.148e3
238.0	3.145e3
239.0	6.543e3
240.0	4.716e3
241.1	3.386e3
242.0	5.059e3
242.5	5.200e1
243.0	8.822e3
244.0	9.559e3
245.0	2.829e3
246.0	3.893e3
247.0	3.301e3
248.0	3.101e3
249.1	8.608e4
250.1	7.441e3
251.0	5.096e3
252.0	2.455e3
253.0	2.914e3
254.0	2.277e3
254.6	2.300e2
255.1	2.635e3
256.0	1.333e3
257.1	2.343e3
258.0	2.162e3
258.6	2.300e1
259.1	3.343e3
260.0	4.413e3
260.5	4.700e1
261.0	4.092e3
262.0	4.187e3
263.1	5.377e3
264.0	3.489e3
264.5	4.200e1
265.1	4.194e3
266.0	4.931e3
267.0	2.802e3
268.0	2.594e3
268.5	1.280e2
269.1	5.023e3
270.0	2.430e3
270.6	2.500e2
271.1	2.628e3
272.0	2.923e3
272.5	4.300e1
273.0	2.962e3
274.0	1.627e3
275.0	1.434e4
275.5	1.250e2
276.1	3.352e3
277.1	2.546e3
277.6	4.100e1
278.1	1.737e3
279.0	3.979e3
280.0	3.144e3
281.1	4.064e3
282.1	2.489e3
283.1	3.040e3
284.0	1.954e3
285.1	3.433e3
286.0	2.312e3
287.0	2.064e3
288.1	1.623e4
289.1	6.746e3
290.0	3.719e3
290.5	3.220e2
291.0	7.046e3
292.0	4.671e3
292.6	1.230e2
293.1	3.380e3
294.0	2.352e3
294.5	4.000e1
295.1	3.396e3
296.0	2.042e3
296.6	6.600e1
297.1	2.823e3
298.0	3.169e3
298.6	2.300e2
299.2	3.274e3
300.1	2.094e3
301.0	4.965e3
302.0	2.220e3
302.5	2.700e1
303.0	3.390e3
304.1	3.920e3
305.0	4.799e3
306.0	3.341e3
307.1	9.498e3
308.0	3.994e3
308.6	1.430e2
309.1	6.312e3
310.0	3.605e3
310.6	2.670e2
311.1	8.268e3
312.1	7.209e3
313.0	7.077e3
313.9	2.481e3
314.6	1.020e2
315.1	3.924e3
316.0	2.178e3
317.1	9.789e4
318.1	6.991e3
319.1	5.691e3
320.0	3.384e3
320.6	1.800e1
321.1	5.205e3
322.1	3.087e3
322.6	9.200e1
323.1	4.960e3
324.0	3.532e3
324.6	1.670e2
325.2	6.699e3
326.1	3.210e3
327.1	7.590e3
328.1	3.019e3
329.0	9.811e3
329.6	7.500e1
330.1	5.049e3
331.1	6.433e3
332.0	2.453e3
332.5	6.300e1
333.1	6.093e3
333.6	7.900e1
334.1	6.141e3
334.6	1.340e2
335.1	5.544e3
336.0	2.663e3
336.6	1.280e2
337.1	4.473e3
338.1	2.812e3
338.7	5.860e2
339.3	7.666e3
340.2	3.073e3
341.1	7.316e3
342.0	4.271e3
343.0	1.424e4
344.0	3.992e3
344.5	1.840e2
345.1	3.316e3
346.1	2.998e3
347.1	4.839e3
347.6	1.910e2
348.2	1.934e3
349.1	5.355e3
350.1	2.668e3
351.0	3.940e3
351.9	4.397e3
352.5	2.200e1
353.0	1.103e4
354.0	2.578e3
354.6	2.720e2
355.2	5.294e3
356.1	1.932e4
356.6	5.100e1
357.1	9.222e3
358.1	2.865e3
359.0	5.570e3
359.5	8.200e1
360.1	2.383e3
361.0	3.099e3
361.5	1.560e2
362.1	2.214e3
363.1	3.446e3
364.0	2.914e3
365.1	3.061e3
366.0	3.898e3
367.0	3.341e3
368.0	1.859e3
369.0	6.795e3
369.6	1.990e2
370.1	2.496e3
371.0	2.898e3
371.6	2.600e1
372.1	2.470e3
372.6	3.000e1
373.1	2.936e3
373.6	4.300e1
374.1	2.765e3
375.1	5.424e3
376.0	2.220e3
376.6	2.280e2
377.1	3.866e3
378.0	2.118e3
378.5	1.300e2
379.1	9.200e3
380.0	3.524e3
380.5	2.340e2
381.1	3.836e3
382.1	2.491e3
382.6	1.230e2
383.1	3.976e3
384.0	2.979e3
384.5	4.200e1
385.1	5.454e4
386.1	7.194e3
387.1	4.635e3
388.0	2.065e3
388.8	2.919e3
389.4	6.560e2
390.1	2.816e3
390.6	4.100e1
391.1	4.753e3
392.1	2.938e3
393.1	4.075e3
394.1	2.447e3
394.6	7.300e1
395.1	6.510e3
396.0	2.522e3
396.6	5.700e1
397.1	1.164e4
398.0	5.244e3
399.0	5.557e3
400.0	2.408e3
400.7	5.800e2
401.3	5.842e3
402.1	3.483e3
403.1	2.687e3
404.0	1.877e3
404.5	1.800e2
405.1	3.716e3
406.1	1.875e3
406.7	1.000e1
407.2	3.598e3
408.1	2.574e3
408.6	1.000e2
409.2	4.173e3
410.1	2.539e3
411.0	1.080e4
412.0	4.454e3
412.6	3.770e2
413.2	6.463e3
414.2	3.492e3
415.2	3.411e3
416.1	1.953e3
417.1	3.790e3
418.0	3.132e3
419.0	2.397e3
419.9	2.619e3
420.5	8.500e1
421.0	4.618e3
422.0	2.551e3
422.5	9.700e1
423.1	4.595e3
424.1	1.336e4
425.0	5.207e3
426.0	2.168e3
426.5	1.770e2
427.1	7.381e3
428.0	2.916e3
428.6	1.160e2
429.2	4.209e3
430.1	2.406e3
431.1	3.578e3
432.2	2.746e3
432.9	6.860e2
433.5	9.040e3
434.4	4.428e3
434.9	1.500e2
435.4	5.473e3
436.1	1.732e3
436.7	6.276e3
437.3	9.390e2
438.0	3.492e3
438.5	1.260e2
439.1	3.264e3
440.0	4.594e3
441.1	4.272e3
441.6	4.700e1
442.1	2.822e3
443.0	4.985e3
444.0	4.425e3
444.6	2.350e2
445.2	3.799e3
446.1	2.938e3
447.0	4.756e3
448.1	3.615e3
449.1	2.962e3
449.6	6.500e1
450.1	3.361e3
450.7	2.300e2
451.2	2.518e3
452.2	5.929e3
453.1	4.517e4
454.0	6.842e3
455.1	3.933e3
456.0	3.113e3
456.7	8.780e2
457.3	4.401e3
458.2	2.132e3
458.8	5.080e2
459.4	5.311e3
460.1	1.878e3
461.0	3.038e3
461.9	2.043e3
462.8	5.861e3
463.6	2.633e3
464.3	4.865e3
465.3	1.101e4
466.2	4.812e3
467.1	4.967e3
468.0	2.705e3
468.9	4.628e3
469.5	1.100e2
470.1	4.542e3
471.1	2.266e3
472.0	2.860e3
472.8	1.918e3
473.5	5.823e3
474.2	1.592e3
475.0	3.977e3
475.6	4.600e2
476.2	4.130e3
477.1	3.131e3
478.0	2.004e3
478.9	1.315e4
479.5	1.668e3
480.3	8.361e3
481.3	4.577e3
482.2	2.457e3
483.2	5.234e3
484.2	3.833e3
485.2	5.970e3
486.1	3.117e3
487.0	4.066e3
487.9	2.903e3
488.4	4.800e1
489.0	3.787e3
489.9	3.360e3
490.5	4.530e2
491.1	5.740e3
492.0	1.424e4
492.5	1.230e2
493.0	5.606e3
493.9	3.031e3
494.5	1.760e2
495.0	7.039e3
495.9	3.554e3
496.5	6.100e1
497.1	3.407e3
498.0	2.904e3
498.8	8.260e2
499.4	3.490e3
500.2	1.349e3
501.0	3.310e3
502.0	3.556e3
502.7	9.480e2
503.3	8.824e3
504.3	4.393e3
505.2	3.807e3
506.0	3.521e3
507.0	4.086e3
507.9	2.576e3
508.9	4.845e3
509.9	2.385e3
510.4	2.900e1
511.0	5.937e3
511.5	1.900e1
512.1	3.860e3
512.6	1.320e2
513.1	3.856e3
514.0	2.241e3
515.0	5.181e3
516.0	3.008e3
516.6	2.760e2
517.1	3.404e3
518.0	2.892e3
519.0	4.163e3
519.6	1.540e2
520.1	3.358e3
521.1	3.811e4
522.0	6.724e3
522.6	4.110e2
523.2	4.695e3
524.2	3.299e3
525.2	2.939e3
526.1	3.626e3
526.7	1.770e2
527.2	4.773e3
528.1	2.987e3
528.9	1.870e3
529.8	3.470e3
530.4	3.590e2
531.1	4.170e3
532.0	4.379e3
532.6	3.670e2
533.2	5.291e3
534.1	2.687e3
535.0	3.886e3
536.0	2.481e3
537.0	4.170e3
537.9	5.462e3
538.5	2.580e2
539.1	3.572e3
539.7	8.930e2
540.4	5.197e3
541.3	3.493e3
542.2	3.342e3
543.1	2.888e3
544.1	2.839e3
545.1	3.826e3
546.1	3.474e3
547.0	1.093e4
548.0	2.817e3
548.9	3.830e3
549.4	1.450e2
550.0	2.879e3
550.7	1.161e3
551.4	3.739e3
552.2	1.331e3
553.0	4.660e3
553.5	4.500e1
554.1	3.244e3
554.7	5.260e2
555.2	2.663e3
556.1	1.367e3
556.8	3.725e3
557.8	2.403e3
558.5	7.220e2
559.1	3.399e3
560.1	9.841e3
561.0	4.358e3
562.0	2.331e3
563.0	4.742e3
563.5	1.950e2
564.0	3.341e3
564.6	9.000e0
565.1	3.114e3
566.0	9.980e2
566.8	3.131e3
567.4	9.930e2
568.0	3.791e3
568.6	1.740e2
569.2	2.753e3
569.9	1.389e3
570.7	2.276e3
571.5	7.394e3
572.1	6.910e2
572.8	4.784e3
573.5	1.745e3
574.3	3.488e3
575.3	3.066e3
576.2	2.315e3
577.1	3.320e3
578.0	2.527e3
579.0	4.511e3
580.0	2.721e3
580.8	1.067e3
581.5	3.836e3
582.2	7.390e2
583.0	3.621e3
584.0	2.595e3
585.0	2.706e3
586.0	1.848e3
586.9	3.501e3
587.9	2.589e3
588.5	4.870e2
589.1	2.858e4
590.1	6.294e3
590.8	1.373e3
591.6	3.871e3
592.4	1.018e3
593.2	3.167e3
593.8	2.850e2
594.4	2.880e3
595.1	6.810e2
595.7	4.550e3
596.4	7.450e2
597.1	2.995e3
598.0	2.462e3
598.6	6.600e1
599.1	3.291e3
600.0	3.099e3
600.6	3.270e2
601.2	3.714e3
602.1	2.996e3
603.0	4.367e3
603.9	2.074e3
604.4	3.100e1
605.0	4.950e3
605.6	2.490e2
606.1	3.491e3
607.1	3.453e3
608.0	1.692e3
608.5	9.700e1
609.1	4.029e3
610.0	2.912e3
610.6	2.550e2
611.1	2.709e3
612.0	1.522e3
612.9	3.605e3
613.8	2.745e3
614.4	1.940e2
615.0	8.065e3
615.9	2.939e3
616.9	3.690e3
617.5	2.800e2
618.0	2.224e3
619.0	3.374e3
620.0	2.255e3
620.6	2.060e2
621.1	4.490e3
621.7	3.280e2
622.2	3.760e3
622.9	6.110e2
623.6	2.722e3
624.2	4.900e2
625.1	2.890e3
625.6	1.650e2
626.1	1.860e3
627.1	2.807e3
627.6	1.010e2
628.1	7.954e3
629.1	3.768e3
630.0	2.769e3
631.0	4.394e3
631.9	2.010e3
632.5	2.880e2
633.1	2.888e3
634.0	1.931e3
634.7	4.530e2
635.3	2.462e3
635.9	5.390e2
636.6	2.986e3
637.1	8.100e1
637.6	2.983e3
638.3	4.360e2
639.0	2.804e3
640.0	2.371e3
641.0	3.321e3
641.5	1.970e2
642.1	2.405e3
643.1	1.787e3
644.0	2.792e3
644.5	6.400e1
645.1	3.048e3
646.0	2.947e3
647.0	5.184e3
648.0	2.648e3
649.0	2.861e3
649.5	8.500e1
650.0	2.512e3
651.0	3.841e3
651.9	2.340e3
652.9	1.832e3
653.5	2.610e2
654.0	2.981e3
654.6	3.770e2
655.2	3.538e3
656.2	1.596e3
657.1	2.422e4
658.0	4.634e3
659.0	2.658e3
659.9	2.575e3
660.5	2.800e2
661.0	2.463e3
661.6	4.000e0
662.1	1.842e3
663.1	3.276e3
664.0	3.203e3
664.7	6.390e2
665.4	4.051e3
666.2	8.970e2
667.0	3.851e3
668.0	2.579e3
669.0	2.816e3
669.9	2.308e3
670.9	3.075e3
671.8	2.588e3
672.4	5.000e2
673.0	5.070e3
673.6	1.000e2
674.1	3.340e3
675.0	2.642e3
676.0	2.694e3
677.0	3.055e3
678.0	2.401e3
678.6	1.600e2
679.1	4.201e3
679.7	1.260e2
680.2	3.991e3
681.2	2.366e3
682.1	1.329e3
683.0	9.711e3
683.7	2.421e3
684.5	5.055e3
685.5	4.312e3
686.3	1.869e3
687.2	3.254e3
688.1	2.304e3
689.0	4.255e3
689.9	1.932e3
690.8	3.262e3
691.4	3.860e2
692.0	2.346e3
693.0	3.365e3
693.9	2.487e3
694.9	3.398e3
695.5	1.680e2
696.1	6.456e3
696.9	2.244e3
697.8	2.684e3
698.3	1.800e1
698.8	5.334e3
699.7	4.371e3
700.3	6.700e1
700.9	3.296e3
701.7	1.091e3
702.6	3.136e3
703.1	1.150e2
703.6	3.113e3
704.3	8.260e2
705.0	2.642e3
706.0	2.270e3
706.5	7.000e1
707.1	3.062e3
707.6	1.220e2
708.2	2.550e3
709.2	4.457e3
710.1	1.964e3
711.0	3.158e3
711.7	4.710e2
712.3	2.498e3
713.1	1.536e3
713.9	2.264e3
714.9	6.027e3
715.8	1.674e3
716.5	7.790e2
717.2	2.922e3
718.1	2.219e3
719.1	3.908e3
720.0	2.013e3
720.8	5.520e2
721.5	4.426e3
722.2	1.570e3
723.0	3.688e3
724.1	2.668e3
725.1	1.960e4
726.0	3.297e3
726.9	2.943e3
727.4	1.700e1
727.9	2.119e3
728.4	2.000e1
728.9	3.064e3
729.5	2.750e2
730.1	2.436e3
731.1	2.391e3
731.9	3.207e3
732.7	8.580e2
733.5	3.144e3
734.3	6.870e2
735.0	3.690e3
736.0	1.766e3
736.9	3.548e3
737.9	3.014e3
738.5	7.010e2
739.1	3.639e3
740.1	2.192e3
741.1	2.946e3
741.6	6.500e1
742.1	3.133e3
743.0	2.127e3
743.9	2.957e3
744.5	2.810e2
745.1	3.845e3
746.0	1.651e3
746.7	2.340e3
747.7	1.780e3
748.4	7.430e2
749.2	3.004e3
750.1	1.761e3
751.0	1.022e4
752.0	3.267e3
752.9	2.937e3
753.7	2.356e3
754.3	9.100e1
754.9	2.271e3
755.9	2.153e3
756.5	1.190e2
757.0	4.620e3
758.0	1.797e3
758.9	2.363e3
759.9	2.021e3
760.4	6.300e1
761.0	3.082e3
761.9	1.956e3
762.9	3.374e3
763.5	3.540e2
764.1	6.737e3
764.9	1.527e3
765.7	3.057e3
766.3	4.080e2
767.0	3.955e3
767.9	2.584e3
768.6	1.117e3
769.2	2.284e3
770.4	2.218e3
770.9	2.960e2
771.5	2.384e3
772.2	7.560e2
772.9	2.280e3
773.9	2.655e3
774.5	4.800e1
775.0	1.964e3
775.6	4.330e2
776.1	1.669e3
777.0	3.212e3
777.8	1.381e3
778.7	2.842e3
779.4	8.260e2
780.0	2.552e3
781.0	1.981e3
781.9	2.808e3
782.5	1.500e2
783.1	2.924e3
783.6	8.800e1
784.1	1.616e3
785.1	3.269e3
785.6	1.780e2
786.1	2.358e3
787.2	2.534e3
788.1	2.553e3
789.0	2.072e3
789.8	3.340e3
790.4	1.130e2
791.0	2.705e3
791.5	7.400e1
792.0	2.578e3
792.6	6.000e1
793.1	1.512e4
793.8	1.255e3
794.4	4.160e3
795.2	1.013e3
796.0	2.586e3
796.9	1.635e3
797.8	2.529e3
798.4	1.830e2
799.0	2.971e3
800.0	2.584e3
800.5	2.000e2
801.1	2.283e3
802.1	2.176e3
803.0	3.805e3
803.9	2.662e3
804.5	2.540e2
805.1	3.545e3
805.8	5.120e2
806.3	3.442e3
806.9	6.250e2
807.5	3.024e3
808.3	8.480e2
809.0	3.037e3
810.0	2.741e3
810.5	7.900e1
811.1	2.454e3
812.0	1.634e3
812.5	1.640e2
813.1	2.714e3
813.9	1.120e3
814.7	2.232e3
815.3	5.970e2
816.0	2.324e3
817.0	2.064e3
817.9	1.999e3
818.5	4.500e1
819.0	9.742e3
820.0	2.906e3
820.9	3.006e3
821.4	4.700e1
822.0	3.163e3
822.5	5.860e2
823.1	2.687e3
824.0	1.696e3
824.7	4.566e3
825.7	2.980e3
826.3	1.150e2
826.9	3.141e3
827.7	2.068e3
828.4	6.490e2
829.2	2.632e3
830.1	8.190e2
831.0	4.261e3
832.0	7.137e3
832.9	5.102e3
833.9	6.299e3
834.4	6.900e1
834.9	5.447e3
835.8	3.486e3
836.3	1.530e2
837.0	1.963e3
837.8	1.617e3
838.7	1.885e3
839.3	2.500e1
839.8	1.886e3
840.7	1.942e3
841.6	2.983e3
842.2	4.500e1
842.7	1.657e3
843.5	2.510e3
844.3	8.530e2
845.0	2.432e3
845.5	4.900e1
846.0	2.139e3
846.5	2.400e1
847.1	2.247e3
848.1	2.407e3
848.7	1.220e2
849.2	3.147e3
850.1	1.184e3
851.0	3.477e3
851.9	1.303e3
852.7	2.819e3
853.8	1.834e3
854.3	2.000e1
854.8	2.814e3
855.8	2.128e3
856.3	2.050e2
857.0	2.056e3
857.5	1.060e2
858.1	2.253e3
859.0	2.461e3
859.5	1.560e2
860.1	2.464e3
861.1	1.050e4
862.1	2.803e3
862.6	7.200e1
863.1	2.224e3
864.0	2.640e3
864.5	1.450e2
865.0	2.592e3
865.9	1.388e3
866.4	1.480e2
867.0	2.354e3
867.9	1.943e3
868.9	2.070e3
869.6	2.647e3
870.3	3.610e2
870.9	2.978e3
872.0	2.200e3
872.5	1.520e2
873.0	3.368e3
874.0	2.172e3
875.0	2.594e3
875.9	1.590e3
876.9	2.577e3
877.4	2.700e1
877.9	2.624e3
878.9	2.571e3
879.9	3.629e3
880.8	1.488e3
881.7	2.317e3
882.7	2.150e3
883.3	2.790e2
883.9	2.827e3
884.4	6.000e1
884.9	2.567e3
885.8	2.023e3
886.5	2.590e2
887.1	8.194e3
888.0	3.025e3
888.9	2.777e3
889.5	2.240e2
890.2	2.477e3
891.2	2.249e3
892.0	2.154e3
892.6	2.550e2
893.2	3.052e3
894.0	1.857e3
894.7	1.020e3
895.5	2.455e3
896.2	1.015e3
896.9	1.795e3
897.7	2.698e3
898.3	1.320e2
898.9	3.278e3
899.6	9.050e2
900.3	5.095e3
900.9	3.400e2
901.5	3.249e3
902.2	1.380e3
903.1	3.466e3
904.0	2.415e3
904.7	5.580e2
905.5	1.984e3
906.2	5.900e2
906.9	2.664e3
907.8	1.707e3
908.8	2.260e3
909.8	2.228e3
910.8	2.129e3
911.6	1.200e3
912.6	2.327e3
913.6	2.888e3
914.4	1.120e3
915.3	2.838e3
916.2	1.910e3
917.2	2.638e3
918.1	9.960e2
919.0	2.830e3
919.9	4.430e2
920.5	2.012e3
921.0	5.330e2
921.6	2.227e3
922.3	5.050e2
923.0	2.674e3
923.8	1.208e3
924.6	2.306e3
925.4	7.310e2
926.1	3.618e3
926.7	2.060e2
927.2	3.348e3
928.1	2.154e3
929.1	8.808e3
930.0	2.746e3
930.9	1.744e3
931.8	2.951e3
932.6	7.060e2
933.3	1.714e3
934.2	1.558e3
935.2	2.730e3
935.8	2.030e2
936.3	2.553e3
937.0	2.970e2
937.6	2.161e3
938.4	5.400e2
939.0	2.552e3
939.9	2.174e3
940.5	3.110e2
941.1	2.342e3
941.7	4.370e2
942.3	2.775e3
943.3	2.070e3
944.2	1.780e3
945.0	3.684e3
945.7	8.920e2
946.3	2.963e3
947.0	5.600e2
947.7	2.351e3
948.3	5.490e2
949.0	2.970e3
949.5	8.000e1
950.0	2.576e3
950.9	1.275e3
951.7	3.057e3
952.4	4.740e2
953.1	2.376e3
954.1	1.649e3
955.1	6.753e3
956.0	3.648e3
956.9	2.440e3
957.9	3.765e3
958.4	1.110e2
959.0	2.533e3
959.6	5.600e2
960.3	2.448e3
960.9	2.990e2
961.4	3.092e3
962.2	4.560e2
962.8	2.711e3
963.8	1.400e3
964.6	2.198e3
965.2	3.810e2
965.9	1.583e3
966.5	6.690e2
967.2	3.002e3
968.1	4.712e3
969.1	3.448e3
970.0	1.744e3
970.6	1.800e1
971.1	2.958e3
971.6	2.770e2
972.2	2.902e3
973.1	1.703e3
974.1	2.105e3
975.0	2.026e3
975.9	1.619e3
976.7	7.950e2
977.3	2.397e3
977.9	6.400e1
978.5	2.246e3
979.2	2.760e2
979.9	3.540e3
980.4	6.900e1
981.0	2.421e3
981.9	2.052e3
982.9	2.019e3
983.6	4.540e2
984.3	3.664e3
984.9	2.240e2
985.5	1.785e3
986.1	3.100e2
986.7	2.344e3
987.2	3.800e1
987.7	1.923e3
988.3	1.780e2
988.8	1.532e3
989.7	1.652e3
990.6	2.919e3
991.2	4.500e1
991.7	3.096e3
992.6	1.137e3
993.4	2.887e3
994.4	3.297e3
995.2	2.211e3
996.1	3.326e3
996.6	1.390e2
997.2	7.981e3
998.1	2.876e3
999.1	2.460e3
1000.0	1.597e3
1000.9	1.474e3
1001.8	3.727e3
1002.3	1.300e2
1002.9	2.222e3
1003.4	1.100e2
1003.9	2.590e3
1004.9	1.974e3
1005.8	1.706e3
1006.3	1.290e2
1006.9	2.833e3
1007.8	1.975e3
1008.9	2.029e3
1009.5	5.540e2
1010.1	2.585e3
1011.1	2.656e3
1011.9	1.155e3
1012.8	2.641e3
1013.4	4.210e2
1014.0	3.145e3
1014.9	1.721e3
1015.8	2.164e3
1016.4	1.900e1
1016.9	3.080e3
1017.6	4.620e2
1018.2	3.008e3
1018.8	2.830e2
1019.4	3.449e3
1020.2	1.017e3
1021.1	2.776e3
1022.0	1.622e3
1022.5	1.050e2
1023.1	6.018e3
1024.0	2.828e3
1024.5	2.120e2
1025.1	3.547e3
1026.0	2.052e3
1026.8	1.232e3
1027.8	2.828e3
1028.4	2.810e2
1029.1	2.790e3
1030.0	2.208e3
1030.6	4.140e2
1031.1	2.853e3
1031.9	8.890e2
1032.7	1.638e3
1033.6	2.933e3
1034.2	3.170e2
1034.8	2.598e3
1035.4	5.620e2
1036.1	5.123e3
1036.9	1.896e3
1037.8	3.302e3
1038.5	8.110e2
1039.3	3.240e3
1040.2	2.730e3
1041.2	1.776e3
1042.0	2.780e3
1043.0	1.897e3
1044.0	3.662e3
1044.6	1.500e2
1045.2	2.923e3
1046.1	2.063e3
1046.9	1.717e3
1047.5	1.540e2
1048.0	2.516e3
1049.0	1.971e3
1049.9	2.075e3
1050.8	3.114e3
1051.7	2.499e3
1052.3	1.500e2
1052.9	2.333e3
1053.7	1.349e3
1054.5	2.057e3
1055.4	3.460e3
1056.2	1.494e3
1057.1	3.263e3
1057.7	1.670e2
1058.3	1.826e3
1059.1	1.546e3
1060.1	2.174e3
1061.0	2.221e3
1061.9	4.103e3
1062.8	2.147e3
1063.9	2.671e3
1064.5	3.450e2
1065.1	6.367e3
1065.9	2.797e3
1066.5	2.380e2
1067.1	3.314e3
1068.0	2.074e3
1068.5	3.100e1
1069.1	2.516e3
1069.6	8.400e1
1070.1	2.957e3
1070.8	4.680e2
1071.4	3.108e3
1072.1	5.850e2
1072.8	2.011e3
1073.4	1.860e2
1073.9	2.213e3
1074.5	3.700e1
1075.0	3.444e3
1075.9	1.771e3
1076.8	2.389e3
1077.6	4.340e3
1078.4	1.159e3
1079.3	3.624e3
1080.1	1.847e3
1080.9	3.169e3
1081.5	3.740e2
1082.1	2.357e3
1082.7	2.920e2
1083.2	2.203e3
1083.9	1.920e2
1084.5	2.025e3
1085.4	3.534e3
1086.0	6.560e2
1086.6	2.373e3
1087.3	2.390e2
1087.9	2.522e3
1088.9	1.959e3
1089.6	3.420e2
1090.2	2.187e3
1090.7	2.130e2
1091.2	4.234e3
1092.1	2.790e3
1093.0	3.266e3
1094.1	3.229e3
1094.9	1.607e3
1095.7	2.862e3
1096.3	4.030e2
1096.9	3.201e3
1097.8	2.016e3
1098.5	5.350e2
1099.1	3.493e3
1100.1	1.969e3
1101.0	2.386e3
1102.1	2.615e3
1103.0	1.622e3
1103.9	3.820e3
1104.4	1.730e2
1104.9	3.556e3
1105.6	8.280e2
1106.2	2.312e3
1107.1	2.296e3
1107.9	1.229e3
1108.9	1.931e3
1109.8	2.894e3
1111.0	2.359e3
1111.5	1.680e2
1112.1	3.166e3
1113.0	2.022e3
1113.6	2.810e2
1114.2	3.224e3
1115.1	2.688e3
1116.1	1.844e3
1117.0	2.800e3
1117.8	1.008e3
1118.6	3.662e3
1119.3	5.060e2
1119.9	2.842e3
1120.5	3.240e2
1121.0	2.970e3
1122.0	2.098e3
1122.7	7.180e2
1123.3	3.028e3
1124.1	1.078e3
1124.9	3.423e3
1125.8	2.217e3
1126.3	8.100e1
1126.9	3.918e3
1127.8	1.603e3
1128.8	3.421e3
1129.4	8.050e2
1130.0	3.778e3
1130.6	3.590e2
1131.2	2.955e3
1131.8	2.590e2
1132.4	2.353e3
1133.2	6.687e3
1134.1	1.493e3
1134.8	3.554e3
1135.7	2.108e3
1136.3	3.670e2
1136.8	3.654e3
1137.6	1.047e3
1138.4	2.398e3
1139.4	2.604e3
1140.0	2.930e2
1140.6	2.537e3
1141.1	1.040e2
1141.7	2.989e3
1142.3	6.720e2
1143.0	3.707e3
1143.9	3.162e3
1144.5	5.070e2
1145.2	3.172e3
1146.2	4.086e3
1147.1	2.493e3
1148.0	1.498e3
1148.9	2.978e3
1149.4	3.150e2
1150.0	2.354e3
1150.8	6.410e2
1151.5	2.992e3
1152.4	3.950e3
1152.9	6.600e1
1153.4	2.696e3
1154.0	2.560e2
1154.6	2.773e3
1155.2	6.600e2
1155.9	1.924e3
1156.9	4.059e3
1157.8	2.409e3
1158.5	9.080e2
1159.2	3.811e3
1160.0	2.015e3
1160.8	3.693e3
1161.7	1.549e3
1162.4	3.970e3
1163.4	2.923e3
1164.3	1.678e3
1165.1	2.707e3
1165.8	1.239e3
1166.5	3.848e3
1167.3	2.299e3
1168.2	3.382e3
1169.2	3.203e3
1170.0	1.664e3
1170.9	2.156e3
1171.6	6.870e2
1172.2	4.737e3
1173.1	3.077e3
1174.1	2.276e3
1174.6	1.500e2
1175.1	2.871e3
1176.1	3.662e3
1176.8	5.020e2
1177.4	3.247e3
1178.0	4.040e2
1178.6	3.362e3
1179.4	1.498e3
1180.3	2.679e3
1181.2	2.670e3
1182.1	4.248e3
1183.1	3.105e3
1184.1	2.507e3
1185.0	3.576e3
1186.0	3.287e3
1186.6	7.500e1
1187.1	1.904e3
1188.0	2.036e3
1189.0	2.957e3
1189.5	3.560e2
1190.1	2.773e3
1190.7	4.480e2
1191.3	2.319e3
1192.0	5.360e2
1192.6	2.768e3
1193.5	1.006e3
1194.2	2.492e3
1195.1	2.270e3
1196.0	3.255e3
1196.5	1.390e2
1197.1	2.504e3
1198.0	1.772e3
1198.5	1.240e2
1199.0	3.481e3
1199.6	6.620e2
1200.2	2.724e3
1201.2	5.325e3
1202.1	3.928e3
1203.2	3.239e3
1204.2	2.465e3
1205.1	3.132e3
1205.8	5.960e2
1206.4	3.119e3
1207.2	1.523e3
1208.0	3.142e3
1208.6	8.300e1
1209.2	2.231e3
1209.7	3.030e2
1210.3	2.665e3
1211.1	1.642e3
1211.9	4.290e3
1212.6	8.030e2
1213.2	2.207e3
1214.2	4.050e3
1215.1	3.168e3
1216.1	2.727e3
1216.7	2.500e2
1217.3	2.899e3
1217.8	4.100e1
1218.3	3.117e3
1218.9	4.380e2
1219.5	2.278e3
1220.3	8.390e2
1220.9	2.358e3
1221.9	3.268e3
1222.9	2.459e3
1223.5	4.910e2
1224.1	2.488e3
1225.0	1.765e3
1225.9	3.074e3
1226.5	1.340e2
1227.0	4.157e3
1227.9	2.771e3
1228.8	2.886e3
1229.4	4.620e2
1230.0	2.619e3
1230.8	2.151e3
1231.8	2.909e3
1232.9	3.160e3
1233.8	3.614e3
1234.4	1.520e2
1234.9	3.257e3
1235.4	1.240e2
1236.0	3.119e3
1236.7	6.500e2
1237.3	2.899e3
1238.3	3.217e3
1239.2	1.679e3
1240.0	4.686e3
1240.8	1.082e3
1241.4	3.206e3
1242.3	1.353e3
1243.2	3.692e3
1243.7	8.800e1
1244.3	2.561e3
1245.1	1.409e3
1246.2	3.280e3
1246.7	4.000e1
1247.2	1.911e3
1248.2	2.833e3
1248.8	4.990e2
1249.4	3.539e3
1250.4	3.272e3
1251.0	3.610e2
1251.6	2.802e3
1252.3	9.420e2
1252.9	3.629e3
1253.5	1.350e2
1254.1	3.018e3
1254.7	1.160e3
1255.5	2.762e3
1256.4	2.715e3
1257.0	2.930e2
1257.5	2.403e3
1258.3	1.794e3
1259.1	5.041e3
1259.9	1.258e3
1260.7	3.247e3
1261.7	2.957e3
1262.2	6.000e1
1262.8	1.903e3
1263.3	2.140e2
1263.9	3.239e3
1264.8	2.095e3
1265.6	1.528e3
1266.5	2.823e3
1267.2	7.060e2
1267.9	3.998e3
1268.5	3.750e2
1269.0	4.457e3
1270.0	4.808e3
1270.6	1.010e2
1271.1	3.064e3
1272.1	2.208e3
1273.0	3.004e3
1273.6	6.360e2
1274.2	3.427e3
1274.8	3.920e2
1275.4	2.880e3
1276.0	1.970e2
1276.5	2.515e3
1277.1	6.040e2
1277.8	2.824e3
1278.5	6.620e2
1279.2	2.991e3
1279.9	1.214e3
1280.7	2.554e3
1281.2	5.500e1
1281.7	3.112e3
1282.3	2.930e2
1282.9	3.088e3
1283.8	1.738e3
1284.7	2.502e3
1285.3	1.510e2
1285.8	3.218e3
1286.7	2.049e3
1287.7	2.327e3
1288.3	9.760e2
1289.0	2.706e3
1289.6	2.780e2
1290.2	2.962e3
1290.8	4.760e2
1291.5	2.523e3
1292.1	1.830e2
1292.7	2.833e3
1293.2	4.270e2
1293.9	2.618e3
1294.9	4.258e3
1295.9	2.646e3
1296.9	1.890e3
1297.7	3.014e3
1298.7	2.605e3
1299.7	2.124e3
1300.2	1.060e2
1300.8	2.865e3
1301.5	8.850e2
1302.2	2.358e3
1303.2	3.796e3
1304.2	3.085e3
1304.7	3.300e1
1305.3	2.411e3
1305.8	1.490e2
1306.4	2.197e3
1307.2	4.050e3
1307.7	1.320e2
1308.3	2.853e3
1309.0	1.475e3
1310.0	2.445e3
1310.9	1.890e3
1311.8	2.633e3
1312.6	2.083e3
1313.4	3.388e3
1314.4	2.688e3
1314.9	1.200e2
1315.5	2.067e3
1316.3	7.950e2
1317.1	3.519e3
1317.7	1.250e2
1318.2	2.654e3
1318.8	5.850e2
1319.5	2.571e3
1320.3	1.836e3
1321.0	6.770e2
1321.7	2.385e3
1322.3	4.900e1
1322.8	3.309e3
1323.5	9.970e2
1324.1	2.728e3
1325.1	3.077e3
1325.7	2.370e2
1326.3	3.208e3
1327.3	2.130e3
1328.2	2.453e3
1329.1	2.032e3
1330.1	2.768e3
1331.0	1.988e3
1332.0	2.522e3
1332.6	2.370e2
1333.2	2.999e3
1334.2	2.290e3
1335.1	1.968e3
1335.9	2.927e3
1336.6	3.460e2
1337.2	5.432e3
1337.9	8.760e2
1338.5	2.902e3
1339.3	1.949e3
1340.2	3.726e3
1340.8	4.030e2
1341.4	2.067e3
1342.3	4.109e3
1343.1	1.267e3
1343.9	2.876e3
1344.8	1.571e3
1345.6	2.243e3
1346.2	6.300e1
1346.8	2.754e3
1347.6	1.860e3
1348.2	1.510e2
1348.7	1.850e3
1349.7	2.838e3
1350.6	1.946e3
1351.5	3.189e3
1352.2	7.940e2
1352.9	3.462e3
1353.7	2.596e3
1354.5	1.421e3
1355.4	3.740e3
1356.0	1.860e2
1356.7	3.130e3
1357.6	2.387e3
1358.4	7.230e2
1359.3	2.126e3
1360.2	2.744e3
1361.3	2.131e3
1362.3	2.159e3
1363.3	3.343e3
1364.2	2.840e3
1365.2	1.645e3
1366.1	1.967e3
1366.7	8.300e1
1367.2	2.952e3
1368.0	1.383e3
1368.7	1.781e3
1369.5	2.816e3
1370.3	1.305e3
1371.1	3.026e3
1371.7	6.710e2
1372.4	3.224e3
1373.0	1.640e2
1373.5	2.415e3
1374.2	8.580e2
1375.0	1.834e3
1375.9	3.178e3
1376.5	1.390e2
1377.1	3.900e3
1378.1	2.238e3
1378.8	6.300e2
1379.4	2.968e3
1380.1	6.110e2
1380.9	2.029e3
1381.4	2.700e1
1381.9	2.242e3
1382.4	9.800e1
1382.9	3.295e3
1383.4	7.700e1
1384.0	2.480e3
1384.5	2.830e2
1385.1	3.077e3
1386.0	2.279e3
1386.7	1.570e2
1387.2	3.409e3
1387.8	2.820e2
1388.5	2.623e3
1389.3	1.644e3
1390.3	3.072e3
1391.2	1.581e3
1392.0	2.983e3
1392.6	9.200e1
1393.2	1.398e3
1393.7	1.610e2
1394.3	3.247e3
1395.2	2.756e3
1396.0	1.248e3
1396.7	2.463e3
1397.7	1.446e3
1398.6	2.624e3
1399.4	9.930e2
1400.2	2.407e3
1400.9	9.400e2
1401.7	3.221e3
1402.7	2.606e3
1403.4	5.880e2
1404.0	2.314e3
1405.0	3.715e3
1405.9	2.868e3
1406.8	3.678e3
1407.6	7.240e2
1408.3	2.125e3
1409.1	2.932e3
1410.1	1.965e3
1411.1	2.054e3
1412.0	3.022e3
1413.0	2.599e3
1413.9	1.757e3
1414.8	2.601e3
1415.6	8.720e2
1416.4	3.072e3
1417.2	8.830e2
1418.0	2.546e3
1418.9	1.567e3
1419.8	3.106e3
1420.3	2.000e2
1420.9	3.824e3
1421.9	3.210e3
1422.5	9.600e1
1423.0	2.125e3
1423.7	1.018e3
1424.3	4.300e1
1424.8	2.598e3
1425.4	1.140e2
1425.9	2.623e3
1426.7	7.800e2
1427.5	2.763e3
1428.4	2.963e3
1429.2	1.977e3
1430.1	2.493e3
1430.6	1.560e2
1431.2	3.624e3
1432.2	2.199e3
1433.0	1.697e3
1434.1	2.390e3
1434.6	3.880e2
1435.2	1.690e3
1436.3	2.385e3
1436.8	1.240e2
1437.3	2.232e3
1438.1	1.163e3
1439.0	2.986e3
1440.0	2.353e3
1441.1	2.580e3
1442.0	3.303e3
1442.6	4.300e1
1443.2	2.533e3
1443.8	2.730e2
1444.3	3.340e3
1445.1	1.263e3
1445.9	3.241e3
1446.9	3.546e3
1447.8	1.663e3
1448.3	6.800e1
1448.9	2.012e3
1449.6	6.330e2
1450.2	2.383e3
1450.8	1.710e2
1451.4	3.197e3
1452.3	2.152e3
1453.5	2.580e3
1454.0	9.300e1
1454.5	1.418e3
1455.0	1.100e1
1455.5	2.276e3
1456.3	4.207e3
1456.9	3.200e1
1457.4	2.283e3
1458.0	5.780e2
1458.6	2.445e3
1459.5	2.583e3
1460.2	7.870e2
1460.9	2.599e3
1461.9	2.097e3
1462.5	2.410e2
1463.1	3.337e3
1463.7	4.790e2
1464.3	2.096e3
1465.1	6.440e2
1465.7	3.106e3
1466.6	1.442e3
1467.4	2.726e3
1468.4	2.216e3
1469.2	1.077e3
1469.9	2.865e3
1470.7	1.094e3
1471.5	2.922e3
1472.3	1.365e3
1473.1	3.863e3
1473.9	1.952e3
1474.9	2.594e3
1475.6	7.760e2
1476.3	2.991e3
1476.8	5.800e1
1477.3	2.130e3
1478.1	1.527e3
1479.0	2.874e3
1479.5	5.000e1
1480.1	1.702e3
1481.1	3.157e3
1482.0	2.085e3
1482.6	1.620e2
1483.2	3.031e3
1484.2	2.539e3
1484.7	4.500e1
1485.2	2.242e3
1485.8	2.050e2
1486.3	2.677e3
1487.3	2.590e3
1488.1	2.144e3
1489.0	1.598e3
1489.5	1.580e2
1490.1	1.229e3
1490.9	2.369e3
1491.5	3.220e2
1492.2	2.368e3
1492.8	2.410e2
1493.4	3.252e3
1494.1	7.360e2
1494.8	1.403e3
1495.3	1.040e2
1495.9	2.037e3
1496.5	5.000e1
1497.0	1.364e3
1498.0	2.837e3
1498.5	1.140e2
1499.0	2.520e3
1499.8	5.130e2
1500.6	2.663e3
1501.6	1.038e3
1502.4	3.193e3
1503.0	4.900e1
1503.5	2.553e3
1504.1	2.320e2
1504.7	2.079e3
1505.3	1.420e2
1505.9	2.564e3
1506.6	7.640e2
1507.3	2.012e3
1508.3	2.269e3
1509.0	9.340e2
1509.7	3.758e3
1510.2	2.410e2
1510.7	2.144e3
1511.3	9.400e1
1511.9	2.620e3
1512.4	1.770e2
1512.9	2.362e3
1513.6	5.500e2
1514.2	2.393e3
1514.8	1.290e2
1515.3	3.182e3
1516.1	9.290e2
1516.9	3.660e3
1517.5	4.000e0
1518.0	1.512e3
1519.0	3.268e3
1519.8	1.788e3
1520.8	2.640e3
1521.8	2.004e3
1522.7	2.843e3
1523.4	6.350e2
1524.0	2.043e3
1524.7	5.820e2
1525.4	2.183e3
1526.0	2.110e2
1526.6	1.510e3
1527.6	1.545e3
1528.5	9.460e2
1529.2	1.711e3
1530.0	1.274e3
1530.9	2.771e3
1531.9	2.199e3
1532.9	1.931e3
1533.8	2.469e3
1534.5	8.900e1
1535.0	3.409e3
1535.6	3.930e2
1536.2	1.535e3
1537.1	2.728e3
1538.1	2.844e3
1538.9	1.502e3
1539.8	2.694e3
1540.5	4.490e2
1541.3	2.317e3
1542.0	1.202e3
1542.8	2.922e3
1543.3	1.340e2
1543.9	2.872e3
1545.1	1.100e3
1546.1	3.085e3
1546.7	2.540e2
1547.4	3.101e3
1548.4	1.592e3
1549.0	5.050e2
1549.6	2.633e3
1550.2	3.430e2
1551.0	3.739e3
1551.9	1.478e3
1552.9	2.494e3
1553.7	1.119e3
1554.4	1.666e3
1555.2	2.941e3
1555.8	4.840e2
1556.5	2.731e3
1557.4	2.733e3
1558.5	2.793e3
1559.4	1.740e3
1560.3	2.251e3
1561.0	3.540e2
1561.6	2.022e3
1562.6	2.545e3
1563.3	8.770e2
1564.1	3.414e3
1564.7	1.130e2
1565.3	3.061e3
1566.1	1.653e3
1566.6	1.990e2
1567.2	3.075e3
1568.1	2.852e3
1568.7	7.000e1
1569.3	2.596e3
1570.1	2.451e3
1570.8	9.600e2
1571.5	2.264e3
1572.3	1.125e3
1573.1	2.735e3
1574.1	2.591e3
1574.9	6.720e2
1575.5	1.989e3
1576.4	5.000e2
1577.1	3.123e3
1578.0	1.426e3
1578.6	3.240e2
1579.3	2.186e3
1580.2	2.096e3
1580.9	5.440e2
1581.6	2.586e3
1582.6	1.697e3
1583.5	3.817e3
1584.1	1.590e2
1584.7	2.387e3
1585.4	1.010e2
1586.0	2.560e3
1586.8	1.411e3
1587.6	2.283e3
1588.3	3.170e2
1588.9	2.316e3
1589.5	1.540e2
1590.0	1.577e3
1590.9	1.799e3
1591.5	1.360e2
1592.1	1.635e3
1592.7	7.790e2
1593.4	3.151e3
1594.3	1.897e3
1595.1	1.017e3
1595.9	1.801e3
1596.8	2.461e3
1597.4	3.850e2
1598.0	2.808e3
1599.1	2.467e3
1600.1	2.365e3
1600.7	2.760e2
1601.3	1.945e3
1602.3	2.897e3
1603.2	2.068e3
1603.8	4.400e1
1604.3	2.128e3
1605.2	1.682e3
1606.2	1.707e3
1607.1	1.907e3
1608.0	2.705e3
1608.7	4.840e2
1609.4	2.575e3
1610.4	1.861e3
1611.0	3.330e2
1611.6	2.846e3
1612.2	8.000e1
1612.7	3.369e3
1613.5	1.241e3
1614.2	2.541e3
1615.2	1.464e3
1616.1	2.595e3
1616.7	1.850e2
1617.3	2.301e3
1618.3	1.957e3
1619.3	1.934e3
1619.9	5.740e2
1620.6	1.667e3
1621.6	1.251e3
1622.5	2.471e3
1623.4	2.687e3
1624.2	1.522e3
1625.1	1.012e3
1625.9	2.646e3
1626.6	1.890e2
1627.2	2.259e3
1628.0	2.563e3
1628.7	4.930e2
1629.3	2.533e3
1630.1	1.740e3
1630.9	2.870e3
1631.5	5.800e1
1632.0	1.321e3
1632.9	1.816e3
1633.8	2.790e3
1634.5	4.120e2
1635.2	2.746e3
1635.7	1.270e2
1636.4	2.997e3
1636.9	9.200e1
1637.4	2.564e3
1638.1	6.250e2
1638.8	1.388e3
1639.7	1.262e3
1640.5	9.720e2
1641.3	1.859e3
1642.1	2.787e3
1642.8	6.540e2
1643.4	2.125e3
1644.1	1.750e2
1644.6	2.405e3
1645.4	1.215e3
1646.4	2.546e3
1647.0	8.470e2
1647.8	1.922e3
1648.6	1.018e3
1649.4	2.487e3
1650.3	1.038e3
1651.1	2.899e3
1651.7	3.620e2
1652.3	2.042e3
1653.3	1.710e3
1653.9	7.900e1
1654.4	2.607e3
1655.3	1.580e3
1656.2	1.800e3
1657.5	2.223e3
1658.1	3.410e2
1658.8	2.230e3
1659.6	1.130e3
1660.1	6.000e0
1660.6	2.057e3
1661.2	6.000e1
1661.7	2.296e3
1662.5	3.460e2
1663.2	2.438e3
1663.9	6.720e2
1664.6	1.751e3
1665.5	2.391e3
1666.2	8.950e2
1666.9	1.964e3
1667.6	4.150e2
1668.3	1.765e3
1669.3	1.574e3
1670.3	2.282e3
1671.2	1.899e3
1671.8	2.220e2
1672.3	2.073e3
1673.3	1.668e3
1674.1	2.773e3
1674.7	4.370e2
1675.4	1.847e3
1676.3	2.159e3
1677.2	1.915e3
1678.2	1.165e3
1679.0	1.536e3
1679.9	1.916e3
1680.9	2.012e3
1681.8	9.720e2
1682.6	1.742e3
1683.4	8.980e2
1684.1	2.219e3
1684.8	6.160e2
1685.6	1.976e3
1686.2	3.060e2
1686.8	3.166e3
1687.4	6.700e1
1687.9	2.009e3
1688.5	6.300e2
1689.2	2.126e3
1690.1	1.362e3
1691.0	2.141e3
1691.8	1.402e3
1692.8	1.195e3
1693.3	1.320e2
1693.9	2.650e3
1694.8	2.210e3
1695.5	6.500e1
1696.0	1.652e3
1696.9	2.385e3
1697.9	1.680e3
1698.4	9.000e1
1699.1	1.500e3
1700.1	2.362e3
1700.9	6.500e2
1701.7	2.470e3
1702.6	1.498e3
1703.5	2.442e3
1704.1	1.400e1
1704.6	2.552e3
1705.4	1.144e3
1705.9	2.800e1
1706.4	2.022e3
1707.3	1.189e3
1707.8	1.720e2
1708.3	2.041e3
1708.9	1.020e2
1709.4	1.148e3
1710.3	2.407e3
1710.8	1.370e2
1711.4	2.070e3
1712.2	1.895e3
1713.1	2.587e3
1713.8	2.650e2
1714.5	2.172e3
1715.1	1.810e2
1715.7	2.436e3
1716.6	1.553e3
1717.3	7.000e2
1718.0	1.852e3
1719.0	1.906e3
1719.9	1.992e3
1720.8	1.886e3
1721.7	2.237e3
1722.3	4.200e1
1722.8	2.503e3
1723.7	9.500e2
1724.5	1.982e3
1725.5	3.720e3
1726.3	1.010e3
1727.1	2.460e3
1728.0	1.390e3
1728.8	2.803e3
1729.3	3.800e1
1729.8	1.879e3
1730.8	1.166e3
1731.7	1.808e3
1732.7	1.431e3
1733.2	1.860e2
1733.8	2.356e3
1734.5	7.990e2
1735.2	2.041e3
1736.3	2.381e3
1737.3	2.321e3
1738.2	2.016e3
1738.8	1.120e2
1739.3	2.298e3
1740.2	1.020e3
1741.1	2.196e3
1742.2	3.004e3
1742.8	3.920e2
1743.6	2.198e3
1744.6	2.370e3
1745.2	4.550e2
1745.8	2.179e3
1746.8	2.552e3
1747.5	6.230e2
1748.2	2.138e3
1749.2	1.241e3
1750.1	2.180e3
1751.0	2.664e3
1751.9	1.924e3
1752.4	6.700e1
1753.0	8.670e2
1753.9	2.549e3
1754.5	4.440e2
1755.1	2.656e3
1755.8	8.330e2
1756.5	2.175e3
1757.4	1.517e3
1757.9	1.390e2
1758.5	1.993e3
1759.1	1.380e2
1759.7	1.454e3
1760.8	1.612e3
1761.8	1.290e3
1762.5	3.850e2
1763.2	2.665e3
1763.8	5.530e2
1764.4	2.406e3
1765.0	1.930e2
1765.6	2.075e3
1766.1	1.360e2
1766.7	1.512e3
1767.4	9.460e2
1768.1	2.320e3
1768.7	1.210e2
1769.4	2.836e3
1769.9	1.900e1
1770.5	2.129e3
1771.0	5.100e1
1771.5	2.032e3
1772.1	1.610e2
1772.7	1.288e3
1773.6	2.050e3
1774.6	2.231e3
1775.3	4.130e2
1775.9	2.018e3
1776.6	4.740e2
1777.2	1.746e3
1777.8	2.100e2
1778.3	2.571e3
1779.2	2.033e3
1779.8	7.240e2
1780.4	2.620e3
1781.2	1.235e3
1782.1	2.498e3
1783.0	1.364e3
1784.0	1.720e3
1785.0	3.093e3
1785.6	8.910e2
1786.3	1.449e3
1787.1	1.713e3
1787.6	3.700e1
1788.2	2.885e3
1788.7	3.480e2
1789.3	2.303e3
1790.1	1.041e3
1791.0	2.580e3
1791.6	7.100e1
1792.1	2.102e3
1793.1	1.999e3
1794.1	1.870e3
1795.0	2.000e3
1795.9	1.370e3
1796.5	5.000e1
1797.1	2.195e3
1798.0	2.093e3
1798.8	8.830e2
1799.5	2.594e3
1800.5	1.396e3
1801.2	8.990e2
1801.9	1.234e3
1802.9	2.568e3
1803.7	7.190e2
1804.4	1.599e3
1805.1	6.120e2
1805.8	1.254e3
1806.8	1.928e3
1807.7	1.531e3
1808.2	1.680e2
1808.9	2.158e3
1809.5	1.090e2
1810.1	1.748e3
1810.6	1.080e2
1811.1	1.695e3
1812.1	1.503e3
1812.6	9.000e0
1813.1	2.689e3
1813.6	1.230e2
1814.2	2.496e3
1815.1	1.603e3
1816.1	1.673e3
1816.7	5.330e2
1817.3	2.654e3
1818.3	1.174e3
1818.9	7.100e1
1819.4	8.730e2
1820.2	1.193e3
1821.2	2.209e3
1822.1	1.456e3
1822.8	2.172e3
1823.3	3.000e1
1823.9	1.728e3
1824.6	6.720e2
1825.3	3.334e3
1826.2	2.083e3
1826.9	2.030e2
1827.5	1.618e3
1828.5	3.677e3
1829.2	5.850e2
1829.8	2.085e3
1830.4	1.270e2
1831.1	2.024e3
1831.6	1.470e2
1832.1	8.990e2
1832.9	2.711e3
1833.6	1.120e2
1834.1	1.369e3
1835.1	1.602e3
1836.1	2.808e3
1837.0	1.941e3
1837.8	1.536e3
1838.7	2.570e3
1839.4	5.310e2
1840.0	2.094e3
1841.0	1.592e3
1841.9	1.292e3
1842.6	3.350e2
1843.1	1.345e3
1844.1	2.751e3
1845.0	1.242e3
1845.9	2.424e3
1846.6	4.940e2
1847.3	2.037e3
1848.0	4.120e2
1848.7	1.629e3
1849.7	2.459e3
1850.4	8.520e2
1851.1	1.389e3
1852.1	1.385e3
1852.6	9.800e1
1853.2	1.982e3
1853.7	2.000e1
1854.2	2.479e3
1855.1	8.680e2
1855.9	2.332e3
1856.5	4.500e1
1857.0	1.981e3
1858.0	1.905e3
1858.6	2.480e2
1859.1	2.605e3
1859.9	1.339e3
1860.7	1.524e3
1861.7	1.359e3
1862.7	1.735e3
1863.8	2.160e3
1864.3	4.060e2
1865.0	1.480e3
1865.8	2.529e3
1866.8	1.237e3
1867.3	1.790e2
1867.9	1.119e3
1868.8	2.065e3
1869.8	2.208e3
1870.6	9.130e2
1871.3	2.236e3
1872.3	1.413e3
1873.1	1.641e3
1874.1	2.390e3
1874.7	5.800e1
1875.3	2.122e3
1876.4	2.113e3
1877.0	3.070e2
1877.8	1.800e3
1878.7	1.603e3
1879.2	7.500e1
1879.7	2.265e3
1880.3	8.200e1
1880.9	1.810e3
1881.4	1.740e2
1882.0	1.958e3
1883.0	2.040e3
1883.6	4.040e2
1884.2	2.285e3
1885.1	1.346e3
1886.0	1.351e3
1886.7	1.220e2
1887.3	1.093e3
1888.2	1.521e3
1889.0	2.231e3
1889.9	1.612e3
1890.9	1.662e3
1891.8	1.680e3
1892.4	2.040e2
1893.1	1.533e3
1893.6	9.200e1
1894.1	1.980e3
1894.6	1.620e2
1895.3	2.437e3
1896.0	8.020e2
1896.8	7.790e2
1897.5	2.098e3
1898.4	1.255e3
1898.9	2.060e2
1899.6	1.464e3
1900.2	2.030e2
1900.8	2.533e3
1901.5	1.110e2
1902.1	1.333e3
1903.0	1.179e3
1903.6	4.420e2
1904.3	1.750e3
1904.8	6.500e1
1905.4	1.933e3
1906.0	5.500e1
1906.6	2.514e3
1907.3	8.720e2
1908.2	9.430e2
1909.1	2.349e3
1909.7	3.150e2
1910.3	2.323e3
1910.9	1.010e2
1911.4	2.232e3
1912.1	4.640e2
1912.8	1.381e3
1913.7	6.460e2
1914.5	1.616e3
1915.4	6.390e2
1916.1	2.619e3
1916.9	6.430e2
1917.7	1.795e3
1918.7	2.054e3
1919.6	2.011e3
1920.1	5.000e0
1920.6	1.683e3
1921.4	5.820e2
1922.1	2.195e3
1922.9	7.070e2
1923.6	2.094e3
1924.2	2.320e2
1924.9	1.650e3
1925.9	2.376e3
1926.6	5.220e2
1927.4	1.388e3
1928.1	3.010e2
1928.7	1.450e3
1929.5	2.565e3
1930.5	2.418e3
1931.1	1.860e2
1931.8	1.412e3
1932.7	3.000e3
1933.7	2.017e3
1934.6	1.151e3
1935.5	2.796e3
1936.4	9.610e2
1937.0	2.300e1
1937.5	1.304e3
1938.0	8.100e1
1938.5	1.968e3
1939.1	4.190e2
1939.8	1.423e3
1940.7	1.751e3
1941.7	1.747e3
1942.5	2.278e3
1943.4	1.698e3
1944.1	3.190e2
1944.7	1.041e3
1945.5	2.910e2
1946.0	2.322e3
1946.6	1.180e2
1947.2	1.379e3
1948.1	5.510e2
1949.0	1.256e3
1949.9	2.293e3
1950.5	3.490e2
1951.1	2.177e3
1951.8	4.920e2
1952.5	2.165e3
1953.2	8.570e2
1954.2	2.128e3
1955.2	2.786e3
1955.8	1.960e2
1956.5	1.299e3
1957.1	2.800e2
1957.7	1.640e3
1958.6	1.057e3
1959.5	1.727e3
1960.0	1.740e2
1960.7	1.584e3
1961.5	1.330e3
1962.4	1.587e3
1963.0	7.700e1
1963.6	1.708e3
1964.6	2.058e3
1965.2	4.750e2
1965.9	1.635e3
1966.5	2.130e2
1967.1	9.750e2
1967.9	6.430e2
1968.6	1.234e3
1969.3	6.680e2
1970.0	1.596e3
1970.6	1.940e2
1971.1	2.301e3
1972.0	1.191e3
1972.7	2.950e2
1973.3	1.336e3
1973.9	2.680e2
1974.5	2.251e3
1975.5	2.503e3
1976.4	1.224e3
1977.2	2.587e3
1978.1	8.990e2
1978.9	1.592e3
1979.5	5.740e2
1980.3	1.686e3
1981.1	9.650e2
1982.1	2.073e3
1983.1	1.300e3
1984.1	1.666e3
1984.6	4.100e1
1985.2	1.652e3
1986.1	1.084e3
1987.0	1.273e3
1987.9	1.747e3
1988.6	3.370e2
1989.3	8.640e2
1990.2	1.443e3
1990.7	1.890e2
1991.3	9.320e2
1992.2	1.253e3
1993.2	2.007e3
1993.8	3.830e2
1994.4	1.588e3
1995.4	2.109e3
1996.0	4.920e2
1996.6	2.028e3
1997.7	1.723e3
1998.5	1.429e3
1999.5	2.119e3
