100.2	3.087e3
101.0	5.861e4
102.0	1.226e4
103.0	1.633e4
104.0	9.180e2
105.0	2.681e3
105.8	2.790e2
106.5	7.600e1
107.1	7.540e2
108.0	1.395e4
109.0	2.062e3
109.5	2.600e1
110.0	5.490e2
111.0	2.976e3
112.2	7.740e2
113.0	1.106e5
114.0	3.270e3
115.1	5.134e3
116.1	2.635e3
117.0	7.401e4
117.5	2.600e1
118.0	9.980e3
118.5	1.170e2
119.0	1.001e4
120.0	1.124e3
121.0	1.431e3
122.0	2.630e2
123.1	8.410e2
124.1	1.860e3
125.1	2.695e3
126.0	1.159e3
127.0	1.894e3
128.0	1.268e3
129.0	1.528e3
130.0	1.042e4
131.1	3.984e3
132.0	6.010e2
133.0	4.521e3
134.2	7.830e2
135.0	4.614e3
135.5	1.430e2
136.1	1.189e3
137.0	3.435e3
138.2	1.029e3
139.0	2.685e3
140.0	1.242e3
140.5	7.000e0
141.1	3.252e3
142.0	9.200e2
142.6	2.600e1
143.1	2.289e3
144.1	1.339e3
145.1	4.892e3
146.1	3.621e3
147.0	1.873e4
148.1	3.188e3
149.1	4.632e3
150.1	2.499e3
151.1	2.308e3
152.1	1.075e4
153.1	5.423e3
154.1	7.760e2
155.1	2.705e3
156.1	2.371e3
157.1	2.874e3
158.2	2.687e3
159.2	1.681e3
160.1	1.309e3
161.0	3.454e3
162.1	1.414e3
163.0	4.953e3
164.0	1.159e3
165.1	5.312e3
166.1	8.410e2
167.1	2.019e3
168.1	1.897e3
169.1	4.191e3
170.1	1.343e3
171.0	2.617e3
171.6	3.600e1
172.1	1.076e3
173.1	2.497e3
174.0	3.895e3
175.0	2.340e4
176.0	4.714e3
177.1	1.941e3
178.1	1.354e3
179.1	5.273e3
180.1	1.268e3
181.0	2.919e4
182.1	1.549e3
183.1	2.752e3
184.0	1.654e3
185.0	2.364e3
186.0	2.212e3
187.1	2.902e3
188.0	1.925e3
188.5	1.440e2
189.1	1.983e3
190.1	1.501e3
191.1	2.812e4
192.1	3.647e3
193.1	6.269e3
194.0	1.017e3
195.1	5.103e3
196.0	4.746e3
196.5	5.100e1
197.0	2.471e3
198.0	4.897e3
199.1	1.363e3
200.0	2.212e3
200.5	1.300e1
201.0	3.506e3
201.5	5.200e1
202.1	2.830e3
203.1	2.212e3
204.0	1.359e3
204.6	3.600e1
205.1	3.382e3
206.1	7.050e2
207.0	7.985e3
208.0	2.135e3
208.5	3.200e1
209.1	4.033e3
210.1	1.826e3
211.2	2.474e3
212.2	1.714e4
213.1	5.126e3
214.1	2.453e3
215.1	2.168e3
216.0	1.140e3
216.6	7.000e0
217.1	1.849e3
218.0	3.184e3
219.1	3.756e3
220.1	6.411e3
220.6	1.900e1
221.1	5.810e3
222.1	1.669e3
223.1	4.011e3
223.6	2.300e1
224.1	1.290e3
225.1	6.147e3
226.1	1.002e3
227.1	2.280e3
228.0	1.672e3
229.1	1.087e3
230.0	1.945e3
230.5	2.100e1
231.1	1.735e3
232.1	1.004e3
233.0	2.702e3
233.6	6.700e1
234.1	2.007e3
235.1	2.223e3
236.0	3.879e3
236.6	1.700e1
237.1	2.494e3
238.1	1.442e3
239.1	4.590e3
240.0	3.110e3
241.1	3.438e3
242.1	3.741e3
243.1	7.531e3
244.1	8.327e3
244.6	3.400e1
245.1	2.359e3
246.0	1.891e3
247.1	2.685e3
248.0	1.497e3
248.5	6.000e0
249.1	7.392e4
249.6	1.280e2
250.1	4.935e3
251.1	3.037e3
252.0	1.345e3
253.1	3.162e3
254.1	1.312e3
254.7	4.000e1
255.3	4.882e3
256.1	1.864e3
257.0	1.694e3
258.0	1.845e3
258.6	6.000e1
259.1	3.259e3
260.0	1.503e3
260.6	1.800e1
261.1	2.438e3
262.0	2.867e3
262.6	9.900e1
263.2	3.432e3
264.1	2.425e3
264.7	1.450e2
265.2	3.987e3
266.2	3.316e3
267.2	6.715e3
267.7	4.000e1
268.2	2.586e3
269.1	3.528e3
270.0	2.359e3
271.1	2.871e3
272.1	1.646e3
272.6	8.200e1
273.1	1.903e3
274.0	1.485e3
275.0	8.581e3
276.1	2.869e3
276.7	2.500e2
277.3	4.597e3
278.3	2.327e3
279.3	7.607e3
280.2	3.083e3
281.2	4.365e3
282.1	3.045e3
282.7	1.630e2
283.3	3.549e3
284.2	1.297e3
285.1	2.786e3
285.6	5.200e1
286.1	1.134e3
287.1	2.530e3
288.1	1.221e4
289.1	5.686e3
290.0	2.391e3
291.1	6.339e3
292.0	2.059e3
292.7	1.760e2
293.3	5.578e3
294.2	2.629e3
294.7	3.600e1
295.2	8.118e3
296.2	2.572e3
297.2	3.578e3
298.0	1.960e3
299.1	2.576e3
300.1	1.547e3
301.1	3.474e3
302.1	2.395e3
303.1	3.251e3
304.0	2.198e3
304.5	7.000e0
305.1	5.937e3
305.6	6.000e1
306.1	2.175e3
307.1	9.678e3
308.0	3.394e3
308.5	1.030e2
309.1	5.624e3
310.1	3.310e3
310.7	3.460e2
311.2	1.011e4
312.1	6.006e3
313.1	4.150e3
314.1	1.527e3
315.2	4.307e3
316.1	1.893e3
317.1	9.261e4
318.0	6.555e3
318.6	8.400e1
319.1	4.345e3
320.0	2.280e3
320.6	1.470e2
321.2	5.237e3
321.7	8.100e1
322.2	2.937e3
323.2	7.246e3
324.1	3.120e3
324.7	1.930e2
325.2	6.315e3
326.2	3.166e3
327.1	7.548e3
328.1	2.582e3
329.1	7.364e3
330.0	3.638e3
330.6	9.000e0
331.1	4.888e3
332.0	1.823e3
333.1	3.625e3
334.0	5.106e3
334.5	2.010e2
335.1	4.444e3
336.1	2.377e3
337.1	4.291e3
338.0	2.063e3
338.7	3.210e2
339.3	4.675e3
340.1	4.542e3
340.7	1.590e2
341.2	7.228e3
342.2	2.134e3
343.1	1.033e4
344.1	2.781e3
344.7	1.550e2
345.2	4.394e3
345.8	1.570e2
346.4	2.200e3
347.3	5.844e3
348.2	2.908e3
348.8	1.170e2
349.3	5.026e3
350.2	2.615e3
351.2	8.661e3
352.2	1.717e3
353.1	8.588e3
354.0	2.593e3
354.6	1.820e2
355.2	5.595e3
356.1	1.606e4
356.6	1.500e1
357.1	9.083e3
358.1	2.590e3
359.1	3.295e3
360.0	1.771e3
360.6	1.050e2
361.2	3.326e3
361.7	1.800e1
362.2	1.981e3
362.7	7.800e1
363.2	3.651e3
363.8	9.000e1
364.4	1.920e3
364.9	8.700e1
365.4	3.145e3
366.2	2.421e3
367.1	2.259e3
368.0	1.874e3
369.0	5.431e3
369.5	3.240e2
370.1	2.460e3
370.6	1.900e1
371.2	2.494e3
372.1	1.685e3
373.1	2.759e3
374.1	1.855e3
374.6	1.350e2
375.2	5.343e3
376.1	1.346e3
376.6	9.700e1
377.1	4.212e3
378.1	2.245e3
379.1	9.101e3
380.0	2.755e3
380.7	7.580e2
381.3	3.522e3
382.2	2.256e3
383.2	3.191e3
384.2	2.748e3
385.1	4.809e4
386.1	4.877e3
386.6	1.390e2
387.2	3.595e3
387.7	4.930e2
388.3	7.730e2
389.2	2.676e3
390.0	1.945e3
390.6	2.340e2
391.3	3.538e3
392.1	2.584e3
392.7	1.800e2
393.2	4.453e3
394.2	4.019e3
395.1	5.415e3
395.7	3.400e1
396.2	2.467e3
397.2	9.119e3
398.1	2.903e3
399.1	5.043e3
400.0	2.415e3
400.5	8.900e1
401.1	3.064e3
401.6	4.500e1
402.2	3.585e3
403.2	3.129e3
404.1	2.009e3
404.6	2.300e1
405.1	5.349e3
406.1	2.456e3
407.1	2.316e3
408.0	2.939e3
408.7	4.220e2
409.4	4.728e3
410.2	1.616e3
411.1	5.694e3
411.6	2.000e2
412.1	2.374e3
413.1	3.410e3
413.6	6.200e1
414.1	2.291e3
414.7	2.570e2
415.3	4.525e3
416.2	2.433e3
417.1	4.350e3
418.1	2.810e3
418.7	3.190e2
419.2	1.854e3
420.1	2.072e3
420.7	8.600e1
421.2	4.590e3
422.1	2.027e3
422.7	2.270e2
423.2	3.977e3
424.1	1.147e4
425.2	3.222e3
426.0	1.194e3
426.6	1.480e2
427.2	7.126e3
428.2	2.970e3
428.7	1.230e2
429.2	3.415e3
430.1	2.985e3
430.7	1.840e2
431.3	3.922e3
432.2	1.989e3
432.8	5.700e2
433.4	1.093e4
434.3	5.132e3
435.3	3.522e3
436.0	4.280e2
436.6	8.369e3
437.4	4.434e3
438.3	2.934e3
439.2	3.400e3
440.1	3.331e3
441.0	3.248e3
441.9	2.482e3
442.5	9.700e1
443.0	5.442e3
443.6	4.400e1
444.1	2.643e3
444.6	2.370e2
445.3	6.225e3
446.2	2.511e3
447.1	6.487e3
448.1	2.803e3
448.9	1.851e3
449.7	2.909e3
450.5	5.080e2
451.2	4.181e3
452.1	3.623e3
452.9	5.450e4
453.6	8.688e3
454.3	3.547e3
455.2	2.459e3
456.2	2.214e3
456.7	9.400e1
457.2	4.032e3
458.2	2.194e3
458.8	2.160e2
459.3	3.834e3
460.1	2.399e3
460.7	2.270e2
461.3	3.911e3
461.9	2.450e2
462.5	9.358e3
463.4	6.682e3
463.9	6.040e2
464.5	6.608e3
465.5	2.763e4
466.4	8.447e3
467.4	6.835e3
468.3	2.391e3
469.3	5.273e3
470.1	2.875e3
470.7	9.800e1
471.2	3.080e3
471.8	4.690e2
472.4	2.430e3
473.3	7.634e3
474.0	1.203e3
474.7	4.439e3
475.6	2.615e3
476.4	1.023e4
477.3	5.753e3
478.1	1.401e3
478.8	9.463e3
479.6	4.160e3
480.5	2.371e4
481.0	1.930e2
481.5	9.874e3
482.4	2.687e3
483.2	5.589e3
483.8	6.600e2
484.4	2.331e3
485.3	6.565e3
486.1	2.563e3
487.0	4.874e3
487.6	7.660e2
488.2	2.214e3
489.1	4.440e3
490.0	3.234e3
490.6	6.900e1
491.1	5.002e3
491.9	1.440e4
492.7	5.629e3
493.5	5.129e3
494.4	2.044e3
495.2	7.395e3
496.1	3.271e3
497.1	3.359e3
497.6	1.180e2
498.2	2.790e3
499.1	3.475e3
499.8	9.810e2
500.5	2.036e3
501.3	3.904e3
501.8	7.300e1
502.3	4.033e3
503.3	2.152e4
503.9	1.760e2
504.4	1.440e4
505.4	7.594e3
505.9	3.460e2
506.5	5.298e3
507.0	9.200e1
507.5	2.945e3
508.1	2.400e1
508.6	9.559e3
509.5	6.825e3
510.2	1.590e3
511.1	6.488e3
511.6	8.900e1
512.1	3.147e3
512.7	5.000e0
513.2	4.224e3
514.1	3.466e3
515.1	4.710e3
516.0	3.554e3
516.7	6.080e2
517.3	1.816e4
518.3	5.855e3
518.8	2.190e2
519.4	9.086e3
520.3	5.942e3
521.1	3.351e4
522.1	8.020e3
523.0	5.089e3
523.6	5.880e2
524.3	3.861e3
524.8	2.780e2
525.4	4.598e3
526.4	2.488e3
527.4	5.017e3
528.3	3.211e3
529.3	2.746e3
529.9	1.850e2
530.4	3.840e3
531.3	5.712e3
531.8	2.640e2
532.4	3.828e3
533.4	9.149e3
533.9	1.260e2
534.5	6.267e3
535.4	3.874e3
536.1	1.338e3
536.8	7.230e3
537.3	1.230e2
537.9	4.440e3
538.6	1.027e3
539.3	2.743e3
539.9	7.570e2
540.5	6.773e3
541.1	3.140e2
541.6	4.322e3
542.3	1.290e3
543.1	3.708e3
543.7	6.260e2
544.3	3.568e3
545.3	2.566e3
545.8	5.400e1
546.3	3.435e3
547.1	9.766e3
547.8	7.240e2
548.4	5.858e3
548.9	1.660e2
549.4	5.120e3
550.4	3.430e3
550.9	6.700e1
551.4	5.652e3
552.0	5.830e2
552.6	7.589e3
553.5	4.734e3
554.4	4.127e3
555.3	2.259e3
556.2	3.945e3
557.2	4.045e3
558.1	1.541e3
558.8	3.390e3
559.5	3.390e2
560.1	7.233e3
561.0	4.198e3
561.6	5.910e2
562.2	2.758e3
563.1	5.325e3
563.8	1.441e3
564.5	4.585e3
565.5	3.889e3
566.4	3.564e3
567.0	2.950e2
567.5	3.596e3
568.2	3.590e2
568.8	4.829e3
569.7	3.404e3
570.3	2.700e2
570.9	4.262e3
571.4	8.840e2
572.1	2.366e3
573.0	4.188e3
573.6	4.460e2
574.3	3.164e3
574.8	1.320e2
575.4	4.008e3
576.0	7.410e2
576.6	5.292e3
577.5	4.606e3
578.1	5.020e2
578.7	5.767e3
579.4	1.864e3
580.2	3.088e3
580.7	1.010e2
581.2	2.910e3
582.1	2.410e3
583.0	5.194e3
583.6	4.700e1
584.1	2.452e3
584.6	4.000e1
585.1	2.420e3
586.0	3.557e3
586.6	3.390e2
587.2	3.642e3
587.8	3.270e2
588.3	2.533e3
589.1	2.634e4
589.6	2.180e2
590.1	5.617e3
590.8	1.139e3
591.4	4.225e3
592.5	2.651e3
593.0	3.020e2
593.5	3.648e3
594.5	2.635e3
595.4	5.069e3
596.0	3.550e2
596.5	4.346e3
597.5	2.746e3
598.3	4.026e3
599.2	4.555e3
599.9	1.368e3
600.6	2.425e3
601.5	4.906e3
602.1	1.311e3
602.8	2.428e3
603.3	2.400e1
603.9	2.733e3
604.5	6.080e2
605.2	3.991e3
606.2	3.393e3
606.8	6.520e2
607.4	3.637e3
608.4	2.122e3
609.2	2.678e3
610.1	4.146e3
610.8	1.158e3
611.5	7.235e3
612.1	2.740e2
612.6	4.713e3
613.4	2.500e3
614.3	1.707e3
615.0	7.078e3
615.7	6.940e2
616.3	4.265e3
617.1	1.083e3
617.7	4.977e3
618.5	2.491e3
619.5	4.060e3
620.3	1.975e3
621.3	4.950e3
621.8	5.230e2
622.4	3.090e3
623.4	3.543e3
624.2	1.137e3
624.9	3.027e3
625.8	1.850e3
626.4	6.660e2
627.2	2.835e3
628.1	8.061e3
628.7	9.280e2
629.4	3.770e3
630.2	2.294e3
631.1	5.166e3
632.0	3.704e3
632.6	7.520e2
633.2	5.096e3
633.9	5.960e2
634.5	3.371e3
635.5	2.740e3
636.3	1.310e3
637.1	3.697e3
637.8	7.200e2
638.4	2.284e3
638.9	6.400e1
639.4	2.548e3
640.2	1.147e3
641.0	3.748e3
641.6	3.200e2
642.1	3.327e3
642.7	2.760e2
643.2	3.432e3
644.2	1.962e3
645.2	4.042e3
645.7	2.190e2
646.3	3.196e3
647.3	6.016e3
648.2	2.277e3
649.1	4.268e3
650.0	2.977e3
650.5	7.800e1
651.0	4.083e3
651.7	8.260e2
652.5	3.236e3
653.1	1.164e3
653.8	3.337e3
654.4	7.790e2
655.2	2.557e3
656.1	3.081e3
657.1	1.780e4
658.1	4.849e3
658.7	1.405e3
659.4	4.533e3
660.4	2.424e3
661.3	3.578e3
661.8	2.420e2
662.4	2.791e3
662.9	2.390e2
663.5	4.758e3
664.5	2.799e3
665.4	4.135e3
666.3	1.471e3
667.1	3.085e3
668.0	2.299e3
668.9	2.848e3
669.8	4.523e3
670.3	8.200e1
670.8	3.466e3
671.8	3.048e3
672.5	4.550e2
673.1	3.716e3
673.7	2.490e2
674.3	4.501e3
674.9	6.440e2
675.5	6.342e3
676.5	4.203e3
677.5	8.411e3
678.1	7.750e2
678.7	5.048e3
679.5	3.110e3
680.4	3.409e3
681.1	6.310e2
681.7	4.042e3
682.4	9.170e2
683.1	8.887e3
683.8	1.969e3
684.5	5.765e3
685.3	2.851e3
686.0	4.913e3
686.6	4.530e2
687.2	4.215e3
687.8	4.760e2
688.4	2.931e3
688.9	3.900e1
689.4	4.690e3
690.2	2.998e3
690.8	2.760e2
691.4	3.768e3
692.3	1.724e3
693.2	3.357e3
694.2	1.519e3
694.8	5.920e2
695.4	5.337e3
696.3	5.660e3
697.3	3.766e3
698.1	1.240e3
698.8	6.609e3
699.7	4.055e3
700.7	3.584e3
701.5	2.735e3
702.3	1.631e3
703.1	3.394e3
703.8	4.700e2
704.4	1.680e3
705.4	3.548e3
705.9	5.020e2
706.6	3.518e3
707.4	2.375e3
708.3	3.694e3
709.3	3.063e3
709.9	1.150e2
710.4	3.733e3
710.9	1.790e2
711.5	3.044e3
712.1	9.790e2
712.9	9.809e3
713.8	5.378e3
714.3	1.250e2
714.8	5.010e3
715.7	5.558e3
716.5	1.097e3
717.2	4.748e3
717.9	6.070e2
718.5	3.688e3
719.5	3.047e3
720.5	2.555e3
721.1	7.320e2
721.8	3.077e3
722.7	3.410e3
723.5	2.507e3
724.3	2.739e3
725.1	1.480e4
725.6	9.800e1
726.2	4.013e3
726.8	1.212e3
727.5	3.764e3
728.3	1.433e3
729.1	4.835e3
730.0	2.741e3
730.6	1.690e2
731.2	4.761e3
732.1	3.423e3
732.8	5.970e2
733.4	2.518e3
734.3	1.888e3
735.1	3.887e3
735.7	1.920e2
736.2	4.665e3
737.2	4.721e3
738.2	4.116e3
739.2	3.177e3
739.8	2.900e1
740.3	1.614e3
741.1	4.543e3
741.6	1.130e2
742.1	3.490e3
742.9	1.733e3
743.6	3.539e3
744.2	2.810e2
744.8	3.536e3
745.4	3.400e2
745.9	4.253e3
746.9	1.854e3
747.7	3.651e3
748.4	6.410e2
749.2	3.137e3
750.1	1.640e3
751.1	7.661e3
751.9	2.982e3
752.7	1.937e3
753.5	3.165e3
754.4	3.351e3
755.4	3.838e3
756.1	9.140e2
756.9	3.230e3
757.8	2.414e3
758.5	4.840e2
759.1	2.960e3
760.1	2.297e3
760.8	2.580e2
761.3	2.534e3
762.2	1.708e3
763.1	3.569e3
763.6	1.000e1
764.1	5.635e3
765.0	2.926e3
765.6	3.750e2
766.3	3.516e3
766.9	1.218e3
767.6	4.043e3
768.3	1.191e3
769.0	2.917e3
769.6	4.650e2
770.3	2.243e3
771.2	3.185e3
771.8	4.800e2
772.4	2.698e3
773.0	3.010e2
773.6	3.205e3
774.3	1.363e3
775.1	3.858e3
775.8	6.090e2
776.4	2.905e3
777.1	1.149e3
777.8	2.120e3
778.7	3.792e3
779.4	6.670e2
780.1	2.281e3
780.7	1.640e2
781.3	3.502e3
781.8	1.600e1
782.4	2.277e3
783.3	4.425e3
784.3	2.376e3
785.2	3.818e3
786.0	1.674e3
786.9	3.469e3
787.7	2.220e3
788.7	1.910e3
789.3	5.900e2
790.0	4.253e3
791.0	2.503e3
791.9	2.575e3
792.5	3.580e2
793.1	1.068e4
793.8	1.442e3
794.5	5.365e3
795.5	2.797e3
796.4	1.786e3
797.2	2.534e3
798.1	2.426e3
798.8	7.370e2
799.4	2.821e3
800.1	6.850e2
800.8	2.723e3
801.4	5.550e2
801.9	2.481e3
802.4	8.000e0
803.0	5.997e3
803.9	3.866e3
804.5	1.560e2
805.0	5.030e3
806.0	3.417e3
806.6	2.460e2
807.1	2.700e3
807.7	1.260e2
808.2	2.961e3
809.2	3.805e3
810.1	2.337e3
811.0	2.838e3
811.5	1.020e2
812.0	1.822e3
813.0	2.845e3
813.9	2.429e3
814.8	2.630e3
815.7	2.154e3
816.4	6.820e2
817.0	2.448e3
817.9	3.348e3
819.0	6.814e3
820.0	3.998e3
821.0	2.831e3
821.9	3.330e3
822.5	4.220e2
823.1	2.345e3
823.9	2.055e3
824.8	2.785e3
825.7	3.024e3
826.7	5.357e3
827.8	3.748e3
828.3	6.700e1
828.8	2.621e3
829.4	2.300e1
829.9	2.214e3
830.4	6.200e1
830.9	3.331e3
831.5	2.680e2
832.0	7.339e3
832.6	1.071e3
833.2	4.573e3
834.0	3.033e3
835.0	4.920e3
835.8	2.721e3
836.5	6.460e2
837.1	3.500e3
837.7	5.000e2
838.4	2.561e3
839.4	2.729e3
840.2	1.544e3
841.0	3.027e3
841.5	6.100e1
842.1	2.996e3
842.7	8.450e2
843.5	1.900e3
844.2	9.280e2
845.1	3.174e3
846.0	1.686e3
846.6	2.100e2
847.1	2.635e3
848.1	2.831e3
848.7	1.180e2
849.2	3.086e3
849.8	1.610e2
850.4	2.926e3
851.3	2.450e3
852.1	1.635e3
853.1	3.342e3
853.7	2.270e2
854.2	2.600e3
855.0	1.108e3
855.7	2.940e3
856.3	7.900e1
856.8	1.914e3
857.7	3.873e3
858.2	7.200e1
858.7	3.076e3
859.3	9.700e1
859.8	2.771e3
860.4	6.070e2
861.1	9.138e3
861.7	8.940e2
862.4	4.008e3
863.4	3.088e3
863.9	8.900e1
864.4	2.186e3
865.4	3.496e3
866.4	1.972e3
867.4	3.692e3
868.1	3.060e2
868.6	2.220e3
869.6	2.362e3
870.5	2.675e3
871.2	9.820e2
871.9	2.602e3
872.5	1.100e2
873.1	2.683e3
873.8	7.290e2
874.6	2.793e3
875.2	6.130e2
875.9	2.572e3
876.4	1.600e2
876.9	3.739e3
878.0	2.683e3
879.0	1.855e3
879.8	2.209e3
880.5	5.950e2
881.1	2.375e3
882.0	2.533e3
882.9	1.430e3
883.7	2.319e3
884.5	3.100e3
885.0	4.800e1
885.6	2.297e3
886.3	7.360e2
887.0	6.839e3
888.0	3.504e3
888.6	2.500e1
889.1	3.082e3
889.7	6.840e2
890.4	2.272e3
891.0	2.890e2
891.6	3.247e3
892.3	1.155e3
893.1	3.633e3
893.6	3.880e2
894.3	1.902e3
895.1	2.666e3
895.8	4.890e2
896.5	2.421e3
897.3	1.756e3
898.2	3.223e3
898.9	1.557e3
899.7	4.557e3
900.5	2.852e3
901.4	3.678e3
902.4	1.846e3
903.3	3.064e3
904.1	1.157e3
904.9	2.011e3
905.9	2.532e3
906.7	1.094e3
907.5	2.437e3
908.1	3.190e2
908.7	2.132e3
909.2	1.840e2
909.8	3.441e3
910.8	1.784e3
911.7	2.006e3
912.4	3.790e2
913.0	2.449e3
913.9	1.466e3
914.9	2.949e3
915.8	1.803e3
916.7	2.673e3
917.7	2.519e3
918.4	5.580e2
919.1	3.747e3
919.7	2.020e2
920.3	2.449e3
921.3	2.546e3
922.2	2.693e3
923.1	3.301e3
924.0	2.127e3
924.6	4.060e2
925.3	2.871e3
926.2	3.798e3
927.0	2.050e3
928.0	2.663e3
928.5	5.600e1
929.1	8.948e3
930.1	3.565e3
931.0	2.756e3
931.8	1.360e3
932.7	2.002e3
933.6	2.485e3
934.2	1.380e2
934.8	2.252e3
935.7	1.359e3
936.4	2.652e3
937.3	1.395e3
938.0	1.157e3
938.9	3.235e3
939.9	2.233e3
940.5	3.100e2
941.0	3.242e3
941.9	2.169e3
942.6	9.250e2
943.3	3.626e3
944.1	1.053e3
944.9	2.977e3
945.9	3.530e3
946.8	2.426e3
947.5	2.880e2
948.2	1.972e3
949.1	3.606e3
950.1	2.939e3
950.6	5.000e0
951.1	1.729e3
952.1	2.495e3
953.0	2.566e3
954.0	1.920e3
955.0	5.213e3
956.0	3.744e3
957.0	4.226e3
957.7	6.870e2
958.3	2.137e3
958.9	1.039e3
959.6	3.427e3
960.1	2.390e2
960.8	2.142e3
961.6	3.398e3
962.3	7.850e2
962.9	2.874e3
963.9	2.314e3
964.7	8.390e2
965.4	2.929e3
966.2	1.150e3
967.0	2.414e3
967.6	7.670e2
968.3	5.313e3
969.2	1.889e3
970.1	3.131e3
970.6	1.200e2
971.1	4.197e3
972.0	2.022e3
972.8	2.321e3
973.7	1.410e3
974.2	1.720e2
974.7	3.366e3
975.7	1.786e3
976.5	2.412e3
977.1	1.770e2
977.6	3.713e3
978.4	1.472e3
979.2	2.231e3
979.9	1.363e3
980.7	2.601e3
981.7	2.635e3
982.2	1.740e2
982.8	2.566e3
983.5	6.240e2
984.1	2.748e3
984.7	5.230e2
985.4	2.624e3
986.0	7.300e2
986.6	3.057e3
987.4	1.886e3
988.2	2.580e3
988.8	8.300e1
989.3	3.557e3
990.1	1.221e3
990.9	2.784e3
991.8	1.636e3
992.7	3.321e3
993.4	1.254e3
994.1	3.341e3
995.0	2.499e3
995.9	2.838e3
996.5	4.860e2
997.1	7.250e3
998.1	3.683e3
999.0	1.872e3
999.9	3.264e3
1000.6	9.790e2
1001.2	2.249e3
1002.2	2.823e3
1003.0	1.032e3
1003.7	2.619e3
1004.4	6.280e2
1005.1	2.648e3
1006.0	2.391e3
1006.8	1.537e3
1007.6	3.343e3
1008.6	2.449e3
1009.1	7.900e1
1009.6	3.446e3
1010.3	9.650e2
1011.0	2.217e3
1012.0	2.616e3
1012.5	1.000e2
1013.1	3.458e3
1013.7	3.850e2
1014.3	3.033e3
1014.9	6.480e2
1015.6	2.775e3
1016.6	2.808e3
1017.4	1.040e3
1018.0	2.313e3
1018.6	2.510e2
1019.2	2.276e3
1020.1	2.993e3
1021.0	1.775e3
1022.0	1.866e3
1023.0	3.510e3
1024.0	2.889e3
1025.0	3.114e3
1025.6	3.980e2
1026.2	2.744e3
1027.2	2.307e3
1027.8	5.040e2
1028.5	2.795e3
1029.4	2.131e3
1030.3	3.446e3
1030.8	1.240e2
1031.4	3.277e3
1032.1	1.137e3
1032.9	2.861e3
1033.6	3.030e2
1034.2	2.209e3
1035.1	2.674e3
1036.1	4.047e3
1036.6	8.300e1
1037.1	2.889e3
1037.7	8.000e0
1038.3	2.563e3
1039.2	3.503e3
1040.1	1.909e3
1040.6	3.540e2
1041.2	2.586e3
1042.1	1.511e3
1043.0	3.112e3
1044.0	2.601e3
1044.7	7.450e2
1045.4	2.842e3
1045.9	1.910e2
1046.5	2.629e3
1047.1	4.240e2
1047.8	2.058e3
1048.5	3.520e2
1049.1	2.328e3
1050.1	8.050e2
1050.9	2.543e3
1051.9	2.001e3
1052.6	1.212e3
1053.4	2.991e3
1054.2	8.620e2
1054.9	3.203e3
1055.7	1.461e3
1056.6	2.258e3
1057.5	3.231e3
1058.0	3.170e2
1058.6	3.562e3
1059.2	1.660e2
1059.8	2.101e3
1060.8	3.475e3
1061.5	7.840e2
1062.1	2.931e3
1062.6	2.100e1
1063.2	2.546e3
1063.7	4.800e1
1064.2	2.845e3
1065.2	6.130e3
1065.8	5.240e2
1066.3	3.875e3
1067.1	1.671e3
1067.9	3.143e3
1068.7	2.089e3
1069.6	2.094e3
1070.5	3.342e3
1071.1	5.300e2
1071.7	3.516e3
1072.7	1.573e3
1073.4	6.090e2
1074.1	2.320e3
1074.7	5.390e2
1075.3	2.856e3
1076.2	1.443e3
1077.1	1.962e3
1077.9	3.401e3
1078.8	2.777e3
1079.8	1.818e3
1080.8	3.519e3
1081.3	2.780e2
1081.9	3.662e3
1082.6	8.890e2
1083.3	2.821e3
1084.1	1.108e3
1084.8	3.091e3
1085.4	5.180e2
1086.0	3.446e3
1086.7	9.880e2
1087.4	3.070e3
1088.2	1.275e3
1089.1	2.880e3
1089.9	1.464e3
1090.8	2.595e3
1091.8	2.533e3
1092.4	1.800e1
1092.9	3.195e3
1093.4	8.000e0
1093.9	2.823e3
1094.8	2.485e3
1095.8	3.921e3
1096.5	5.920e2
1097.2	3.981e3
1098.0	1.797e3
1098.9	3.649e3
1099.5	2.140e2
1100.0	2.757e3
1100.8	6.650e2
1101.4	3.131e3
1102.2	8.700e2
1103.0	2.310e3
1103.9	2.429e3
1104.7	3.920e3
1105.6	2.529e3
1106.3	5.700e2
1106.9	3.470e3
1107.6	8.810e2
1108.2	2.837e3
1109.1	1.631e3
1110.1	3.132e3
1111.1	2.613e3
1111.8	9.170e2
1112.5	2.613e3
1113.1	4.670e2
1113.7	3.206e3
1114.3	2.940e2
1115.0	4.303e3
1115.7	1.618e3
1116.4	5.500e2
1117.1	2.775e3
1117.9	1.866e3
1119.0	2.854e3
1119.5	1.600e2
1120.2	3.142e3
1120.9	1.008e3
1121.7	3.154e3
1122.5	1.216e3
1123.2	3.173e3
1124.1	9.480e2
1124.9	3.353e3
1125.4	5.000e1
1125.9	2.045e3
1126.8	1.696e3
1127.8	3.511e3
1128.7	2.107e3
1129.7	3.567e3
1130.2	4.200e1
1130.7	3.005e3
1131.3	3.850e2
1131.8	3.364e3
1132.5	4.380e2
1133.0	5.162e3
1134.0	2.967e3
1134.9	4.233e3
1135.9	2.923e3
1136.5	5.840e2
1137.2	2.735e3
1137.9	1.727e3
1138.7	3.007e3
1139.3	3.230e2
1139.9	2.442e3
1140.6	5.080e2
1141.2	3.722e3
1142.1	2.776e3
1142.8	4.650e2
1143.4	3.078e3
1144.3	2.418e3
1145.1	1.527e3
1146.1	2.604e3
1146.8	1.086e3
1147.5	4.361e3
1148.2	6.220e2
1148.9	2.758e3
1149.4	2.600e1
1149.9	2.552e3
1150.5	6.420e2
1151.1	4.136e3
1151.8	9.670e2
1152.5	3.441e3
1153.4	2.014e3
1154.3	3.299e3
1154.8	1.700e1
1155.3	2.835e3
1156.3	2.346e3
1157.2	2.694e3
1158.1	1.599e3
1158.9	4.274e3
1159.8	3.474e3
1160.6	1.424e3
1161.5	2.539e3
1162.1	9.240e2
1162.7	2.139e3
1163.7	3.493e3
1164.6	2.673e3
1165.2	1.096e3
1165.9	3.085e3
1166.5	1.590e2
1167.0	2.816e3
1168.0	3.330e3
1168.6	8.200e1
1169.1	2.650e3
1169.8	8.160e2
1170.4	3.029e3
1171.4	2.043e3
1172.2	3.733e3
1173.0	2.144e3
1173.8	3.244e3
1174.4	1.080e2
1174.9	2.269e3
1175.9	2.897e3
1176.5	7.220e2
1177.1	2.878e3
1178.1	2.691e3
1178.6	2.400e1
1179.1	2.473e3
1179.6	2.700e1
1180.2	2.076e3
1181.1	2.981e3
1182.1	2.757e3
1182.8	2.560e2
1183.3	3.397e3
1184.1	1.472e3
1184.9	3.404e3
1185.7	2.640e3
1186.6	3.695e3
1187.1	5.500e1
1187.6	2.001e3
1188.5	3.284e3
1189.4	1.558e3
1190.3	3.311e3
1191.1	1.196e3
1191.9	3.514e3
1192.9	3.223e3
1193.6	4.750e2
1194.3	3.301e3
1195.2	1.445e3
1196.0	2.802e3
1196.5	6.500e1
1197.1	2.700e3
1198.1	3.169e3
1198.7	3.610e2
1199.3	3.343e3
1200.2	2.703e3
1201.2	6.593e3
1202.1	4.704e3
1202.6	9.200e1
1203.2	3.273e3
1204.1	1.788e3
1205.1	3.524e3
1205.8	5.900e2
1206.5	3.024e3
1207.5	3.233e3
1208.2	7.470e2
1209.0	2.765e3
1209.9	2.288e3
1210.5	1.260e2
1211.1	3.365e3
1211.6	6.100e1
1212.2	2.499e3
1212.8	2.180e2
1213.3	2.118e3
1214.3	3.440e3
1214.9	4.900e2
1215.6	2.618e3
1216.2	3.310e2
1216.7	3.212e3
1217.3	3.190e2
1217.9	2.322e3
1218.9	2.333e3
1219.4	1.440e2
1220.0	2.418e3
1220.6	7.580e2
1221.3	2.505e3
1221.9	8.410e2
1222.7	2.704e3
1223.3	6.190e2
1224.0	2.877e3
1224.9	3.075e3
1225.5	1.980e2
1226.1	3.144e3
1227.0	3.520e3
1228.0	2.465e3
1228.8	1.234e3
1229.6	2.257e3
1230.5	3.398e3
1231.3	1.133e3
1232.0	2.069e3
1232.6	8.030e2
1233.3	2.164e3
1234.2	3.636e3
1235.3	3.440e3
1236.3	1.976e3
1237.1	3.487e3
1238.1	1.996e3
1239.1	3.352e3
1240.0	2.685e3
1241.0	2.730e3
1241.6	3.260e2
1242.1	3.074e3
1243.2	4.325e3
1243.7	5.320e2
1244.4	2.901e3
1245.2	2.321e3
1246.3	2.824e3
1247.2	2.572e3
1247.9	1.399e3
1248.6	3.631e3
1249.1	1.400e1
1249.7	3.197e3
1250.6	1.793e3
1251.4	2.170e3
1252.0	1.810e2
1252.6	3.870e3
1253.1	2.150e2
1253.7	2.833e3
1254.4	8.950e2
1255.1	2.905e3
1256.0	3.289e3
1256.7	5.320e2
1257.3	3.155e3
1257.9	6.000e0
1258.4	3.381e3
1259.3	2.556e3
1260.3	3.122e3
1260.8	2.220e2
1261.4	3.382e3
1262.0	6.240e2
1262.6	3.136e3
1263.4	1.152e3
1264.0	3.065e3
1264.9	2.005e3
1265.8	3.282e3
1266.5	1.137e3
1267.3	2.925e3
1268.2	1.803e3
1269.0	4.919e3
1269.6	7.890e2
1270.2	3.415e3
1270.8	9.000e1
1271.3	2.687e3
1271.8	4.200e1
1272.3	3.417e3
1273.3	3.374e3
1274.4	2.128e3
1274.9	5.200e1
1275.4	4.543e3
1275.9	3.600e2
1276.5	3.376e3
1277.4	1.732e3
1278.2	3.373e3
1279.1	3.076e3
1280.0	1.529e3
1280.8	2.964e3
1281.5	1.953e3
1282.4	2.970e3
1282.9	2.300e1
1283.4	2.865e3
1284.0	4.880e2
1284.5	2.524e3
1285.6	3.877e3
1286.4	1.878e3
1287.3	2.032e3
1288.2	3.407e3
1289.1	4.368e3
1290.1	2.304e3
1291.0	2.798e3
1291.9	1.478e3
1292.8	2.525e3
1293.3	8.100e1
1293.8	2.553e3
1294.4	4.600e1
1294.9	3.372e3
1295.9	2.489e3
1296.5	2.140e2
1297.1	2.793e3
1298.0	3.321e3
1298.6	2.190e2
1299.2	2.973e3
1300.2	2.393e3
1300.8	3.430e2
1301.4	3.019e3
1302.1	2.241e3
1302.9	3.208e3
1303.8	1.636e3
1304.6	2.965e3
1305.2	6.100e1
1305.7	3.711e3
1306.3	1.230e2
1306.8	2.728e3
1307.7	1.653e3
1308.5	4.875e3
1309.2	1.883e3
1310.1	3.043e3
1310.9	2.344e3
1311.8	2.327e3
1312.7	2.074e3
1313.5	2.803e3
1314.0	1.950e2
1314.6	2.999e3
1315.5	2.643e3
1316.4	1.068e3
1317.2	2.322e3
1318.0	2.065e3
1318.9	2.686e3
1319.5	6.360e2
1320.1	2.113e3
1321.0	4.250e3
1321.9	2.721e3
1322.5	3.820e2
1323.0	2.608e3
1324.0	3.770e3
1324.9	2.387e3
1325.7	2.752e3
1326.5	1.624e3
1327.2	2.568e3
1327.9	6.970e2
1328.6	2.180e3
1329.6	2.644e3
1330.4	8.050e2
1331.1	3.981e3
1331.6	1.380e2
1332.2	1.994e3
1333.0	2.808e3
1334.0	3.268e3
1334.9	3.182e3
1335.5	1.380e2
1336.0	3.503e3
1336.7	6.270e2
1337.2	4.498e3
1338.2	2.489e3
1338.7	2.140e2
1339.3	3.294e3
1340.3	2.029e3
1341.3	3.145e3
1342.0	1.392e3
1342.8	3.030e3
1343.7	1.157e3
1344.6	2.028e3
1345.6	2.520e3
1346.3	5.270e2
1346.9	2.925e3
1347.6	7.050e2
1348.4	2.783e3
1349.3	2.704e3
1350.0	4.140e2
1350.7	3.488e3
1351.4	5.560e2
1352.1	2.694e3
1352.7	2.870e2
1353.3	3.229e3
1353.9	2.340e2
1354.5	3.083e3
1355.2	5.140e2
1355.9	2.659e3
1356.8	2.628e3
1357.3	1.440e2
1357.9	2.960e3
1358.7	1.560e3
1359.6	3.522e3
1360.2	1.234e3
1360.9	3.396e3
1361.9	9.640e2
1362.7	2.744e3
1363.3	9.500e2
1364.0	3.003e3
1364.9	1.651e3
1365.8	2.778e3
1366.3	3.190e2
1367.0	3.487e3
1367.6	8.200e2
1368.3	2.996e3
1369.0	1.089e3
1369.7	2.549e3
1370.2	4.440e2
1370.8	2.408e3
1371.8	3.870e3
1372.4	1.530e2
1373.0	2.227e3
1373.5	9.800e1
1374.1	1.270e3
1374.9	3.481e3
1375.4	2.450e2
1376.0	4.032e3
1377.0	2.471e3
1378.0	3.640e3
1378.9	2.429e3
1379.9	3.045e3
1380.7	9.410e2
1381.4	2.959e3
1382.4	2.547e3
1383.0	4.130e2
1383.7	2.656e3
1384.4	5.290e2
1385.0	5.034e3
1385.9	1.936e3
1386.8	2.520e3
1387.3	3.370e2
1387.9	3.456e3
1388.6	1.411e3
1389.4	2.982e3
1390.0	2.540e2
1390.6	2.350e3
1391.5	3.105e3
1392.5	3.376e3
1393.3	1.891e3
1394.1	2.769e3
1394.6	3.900e1
1395.2	2.725e3
1396.0	1.422e3
1396.8	3.705e3
1397.3	8.400e1
1397.8	2.371e3
1398.8	2.804e3
1399.5	6.710e2
1400.2	4.189e3
1401.2	2.613e3
1402.1	1.942e3
1403.1	2.732e3
1403.6	3.700e1
1404.1	3.254e3
1404.7	3.220e2
1405.3	4.432e3
1405.9	4.600e2
1406.5	1.820e3
1407.4	3.553e3
1408.4	3.125e3
1409.4	2.132e3
1410.3	2.517e3
1411.1	8.990e2
1411.8	2.126e3
1412.6	1.123e3
1413.4	2.638e3
1414.2	1.248e3
1415.0	1.843e3
1415.9	2.853e3
1416.7	1.371e3
1417.4	6.750e2
1418.0	2.441e3
1419.0	3.435e3
1419.7	8.160e2
1420.3	2.949e3
1420.9	2.500e1
1421.4	2.804e3
1422.2	1.052e3
1423.0	2.114e3
1423.8	1.527e3
1424.7	2.277e3
1425.3	2.970e2
1425.9	2.535e3
1426.6	6.780e2
1427.2	2.911e3
1427.8	3.190e2
1428.4	3.205e3
1429.4	2.433e3
1430.3	1.709e3
1431.1	3.240e3
1432.0	1.988e3
1432.8	1.785e3
1433.6	2.586e3
1434.6	2.370e3
1435.2	4.660e2
1435.9	1.861e3
1436.5	1.640e2
1437.0	2.954e3
1437.9	2.031e3
1438.8	2.590e3
1439.7	1.820e3
1440.6	3.063e3
1441.6	2.477e3
1442.2	5.690e2
1443.0	3.577e3
1443.9	3.359e3
1444.5	5.610e2
1445.4	3.109e3
1446.1	7.940e2
1446.7	1.878e3
1447.7	3.400e3
1448.3	3.880e2
1448.9	3.759e3
1449.8	2.631e3
1450.7	1.767e3
1451.6	2.684e3
1452.2	3.200e2
1452.7	2.798e3
1453.5	1.883e3
1454.4	2.773e3
1455.3	1.782e3
1456.2	2.292e3
1456.9	6.980e2
1457.7	2.445e3
1458.6	3.733e3
1459.4	2.082e3
1460.2	2.914e3
1461.0	1.208e3
1461.9	2.111e3
1462.7	1.196e3
1463.4	3.035e3
1464.4	1.346e3
1465.3	2.626e3
1466.0	1.396e3
1467.0	3.094e3
1467.8	1.536e3
1468.6	4.016e3
1469.2	4.080e2
1469.8	1.982e3
1470.6	3.517e3
1471.4	7.300e2
1472.1	2.697e3
1472.6	1.210e2
1473.1	3.288e3
1473.7	3.690e2
1474.3	3.078e3
1475.2	3.600e3
1476.1	1.994e3
1477.1	2.412e3
1477.7	1.150e2
1478.3	2.634e3
1478.9	1.700e1
1479.4	2.833e3
1480.0	1.760e2
1480.5	3.072e3
1481.1	3.450e2
1481.7	3.674e3
1482.6	2.092e3
1483.5	3.677e3
1484.0	4.730e2
1484.7	2.593e3
1485.4	7.930e2
1486.2	2.936e3
1487.0	9.190e2
1487.8	2.948e3
1488.4	5.860e2
1489.1	2.341e3
1489.9	1.957e3
1490.7	1.245e3
1491.5	3.028e3
1492.2	8.930e2
1492.8	2.564e3
1493.6	1.053e3
1494.3	3.593e3
1495.3	2.848e3
1496.0	1.153e3
1496.8	3.158e3
1497.4	3.980e2
1498.0	3.292e3
1498.9	2.751e3
1500.0	2.574e3
1500.7	8.230e2
1501.4	1.927e3
1502.4	2.898e3
1503.1	6.700e1
1503.6	2.971e3
1504.4	1.009e3
1505.1	2.962e3
1505.9	1.582e3
1506.8	2.946e3
1507.4	2.740e2
1508.0	2.345e3
1508.9	3.210e3
1509.4	1.700e2
1510.0	2.976e3
1510.6	3.000e2
1511.2	1.491e3
1511.9	2.587e3
1512.8	5.730e2
1513.5	3.608e3
1514.3	2.254e3
1515.2	1.699e3
1516.1	2.060e3
1516.7	1.690e2
1517.3	2.509e3
1518.2	2.429e3
1519.0	2.427e3
1519.7	1.084e3
1520.4	3.013e3
1521.0	1.190e2
1521.6	2.827e3
1522.6	2.772e3
1523.5	2.008e3
1524.5	3.539e3
1525.0	2.450e2
1525.5	2.893e3
1526.3	4.460e2
1527.0	3.393e3
1527.8	1.062e3
1528.5	2.444e3
1529.3	1.472e3
1530.2	2.705e3
1530.8	1.440e2
1531.4	3.013e3
1532.3	1.264e3
1533.2	2.803e3
1533.8	2.240e2
1534.4	2.469e3
1535.4	2.225e3
1536.5	2.983e3
1537.4	1.331e3
1538.1	2.976e3
1539.1	2.524e3
1539.7	3.800e2
1540.2	2.170e3
1541.2	2.254e3
1541.9	4.150e2
1542.5	1.872e3
1543.6	1.493e3
1544.5	2.636e3
1545.2	4.600e2
1545.9	2.684e3
1546.7	1.069e3
1547.4	2.468e3
1548.1	1.154e3
1548.8	3.466e3
1549.5	8.720e2
1550.4	2.950e3
1551.0	2.070e2
1551.6	2.432e3
1552.5	2.695e3
1553.2	5.170e2
1553.8	2.112e3
1554.3	4.100e1
1554.9	2.796e3
1555.8	1.579e3
1556.6	2.095e3
1557.4	1.474e3
1558.1	1.048e3
1558.9	2.767e3
1559.5	4.940e2
1560.2	2.100e3
1561.2	2.066e3
1561.8	4.330e2
1562.4	3.374e3
1563.1	1.008e3
1563.8	2.633e3
1564.7	1.745e3
1565.5	8.930e2
1566.3	2.812e3
1566.8	6.100e1
1567.5	2.277e3
1568.1	1.050e2
1568.6	3.352e3
1569.4	1.806e3
1570.2	3.370e2
1570.8	2.065e3
1571.5	3.330e2
1572.1	1.694e3
1572.7	1.180e2
1573.2	1.951e3
1574.1	2.663e3
1575.0	1.405e3
1575.9	3.175e3
1576.4	1.680e2
1576.9	2.764e3
1578.0	2.045e3
1578.5	2.990e2
1579.1	2.072e3
1579.7	1.910e2
1580.3	3.007e3
1581.2	2.308e3
1582.1	2.072e3
1583.1	2.623e3
1584.0	2.415e3
1585.0	1.053e3
1585.5	1.900e1
1586.0	1.723e3
1586.9	1.633e3
1587.6	1.181e3
1588.3	3.117e3
1588.8	5.500e1
1589.3	2.775e3
1589.9	3.100e1
1590.4	2.105e3
1591.3	2.619e3
1591.8	6.200e1
1592.3	2.183e3
1593.1	1.027e3
1593.9	2.606e3
1594.6	7.090e2
1595.3	2.574e3
1595.9	5.840e2
1596.5	2.391e3
1597.4	2.676e3
1598.2	8.470e2
1599.0	2.647e3
1600.0	2.915e3
1600.6	4.620e2
1601.3	1.971e3
1601.9	7.100e1
1602.4	2.527e3
1603.3	3.558e3
1603.8	3.600e1
1604.4	2.856e3
1605.4	2.471e3
1606.4	1.770e3
1607.2	3.388e3
1608.0	7.870e2
1608.6	1.909e3
1609.5	2.785e3
1610.1	3.140e2
1610.7	2.938e3
1611.7	1.926e3
1612.5	2.813e3
1613.4	1.772e3
1614.0	4.890e2
1614.6	2.067e3
1615.4	3.239e3
1616.3	1.975e3
1616.8	4.100e1
1617.5	2.611e3
1618.3	1.586e3
1619.1	2.761e3
1619.9	1.247e3
1620.7	2.715e3
1621.7	2.494e3
1622.8	1.840e3
1623.3	1.210e2
1623.8	1.617e3
1624.9	2.732e3
1625.5	2.260e2
1626.1	2.293e3
1627.0	2.176e3
1627.7	7.270e2
1628.5	2.738e3
1629.1	8.500e1
1629.7	2.343e3
1630.6	1.032e3
1631.1	1.360e2
1631.7	1.907e3
1632.3	2.130e2
1632.9	2.059e3
1633.7	1.225e3
1634.4	3.107e3
1635.1	5.880e2
1635.9	3.213e3
1636.8	1.162e3
1637.7	2.675e3
1638.6	2.021e3
1639.2	1.220e2
1639.8	1.348e3
1640.9	2.264e3
1641.5	1.810e2
1642.2	2.198e3
1643.1	1.811e3
1643.6	1.320e2
1644.2	3.132e3
1645.1	1.095e3
1645.9	3.280e3
1646.7	9.610e2
1647.4	1.943e3
1648.0	5.620e2
1648.8	3.088e3
1649.3	2.690e2
1649.9	1.448e3
1650.9	3.035e3
1651.9	1.793e3
1652.8	1.781e3
1653.3	7.300e1
1653.8	2.343e3
1654.8	1.157e3
1655.6	3.721e3
1656.2	1.260e2
1656.7	2.050e3
1657.7	2.912e3
1658.7	1.476e3
1659.6	2.473e3
1660.1	1.000e1
1660.7	3.039e3
1661.6	2.279e3
1662.4	1.635e3
1663.2	2.397e3
1663.9	5.770e2
1664.7	2.274e3
1665.2	1.490e2
1665.8	2.245e3
1666.6	1.201e3
1667.4	1.199e3
1668.2	2.203e3
1668.9	6.150e2
1669.6	2.242e3
1670.5	2.157e3
1671.4	1.254e3
1672.1	2.583e3
1673.1	2.180e3
1673.8	4.450e2
1674.5	2.661e3
1675.5	2.066e3
1676.4	2.525e3
1677.2	1.077e3
1678.0	2.362e3
1679.0	2.557e3
1680.1	2.075e3
1681.1	2.236e3
1681.9	3.280e2
1682.5	2.273e3
1683.0	1.920e2
1683.5	1.991e3
1684.1	5.000e1
1684.6	2.719e3
1685.6	8.240e2
1686.4	1.974e3
1687.3	2.180e3
1688.2	2.947e3
1688.7	4.000e1
1689.2	2.357e3
1690.1	1.294e3
1690.9	2.185e3
1691.8	2.653e3
1692.6	2.745e3
1693.2	2.380e2
1693.9	3.096e3
1694.5	2.010e2
1695.0	2.891e3
1696.0	2.604e3
1696.8	9.930e2
1697.6	1.675e3
1698.5	2.596e3
1699.1	1.120e2
1699.7	1.547e3
1700.3	7.260e2
1701.1	1.855e3
1701.6	5.400e1
1702.1	2.576e3
1702.9	2.224e3
1703.9	2.016e3
1705.0	1.350e3
1705.5	1.720e2
1706.1	3.500e3
1706.8	8.020e2
1707.5	2.816e3
1708.1	1.080e2
1708.6	2.267e3
1709.6	1.669e3
1710.5	1.278e3
1711.4	3.154e3
1712.3	1.286e3
1713.0	2.311e3
1713.6	9.100e1
1714.1	2.709e3
1715.0	1.224e3
1715.9	3.017e3
1716.5	8.340e2
1717.2	2.239e3
1717.8	1.910e2
1718.3	2.193e3
1719.0	4.480e2
1719.7	3.012e3
1720.5	1.179e3
1721.4	2.720e3
1722.3	1.674e3
1722.9	4.130e2
1723.6	7.470e2
1724.3	2.301e3
1725.0	3.860e2
1725.5	1.922e3
1726.5	2.908e3
1727.1	1.510e2
1727.7	1.870e3
1728.4	1.410e2
1729.0	1.614e3
1729.8	1.579e3
1730.5	2.700e2
1731.2	1.915e3
1732.1	1.967e3
1733.2	2.104e3
1733.7	4.400e1
1734.2	2.193e3
1735.0	1.275e3
1735.9	1.767e3
1736.7	5.440e2
1737.3	2.070e3
1737.8	1.400e2
1738.3	2.588e3
1739.0	1.228e3
1739.9	2.400e3
1740.5	3.510e2
1741.1	2.137e3
1741.6	8.000e1
1742.1	1.648e3
1743.2	1.666e3
1744.2	2.704e3
1745.3	3.049e3
1746.0	7.340e2
1746.5	1.941e3
1747.3	7.840e2
1748.2	1.532e3
1748.8	1.580e2
1749.3	2.056e3
1749.9	4.690e2
1750.6	2.829e3
1751.3	5.370e2
1751.9	1.783e3
1752.4	4.400e1
1752.9	1.604e3
1753.5	3.370e2
1754.1	1.783e3
1755.1	2.860e3
1756.0	1.661e3
1756.6	3.180e2
1757.2	1.895e3
1758.1	2.351e3
1758.6	1.210e2
1759.2	2.616e3
1760.0	8.870e2
1760.7	2.160e3
1761.2	8.200e1
1761.7	2.436e3
1762.3	2.980e2
1762.9	1.657e3
1763.9	2.033e3
1764.8	9.140e2
1765.4	3.116e3
1766.3	1.419e3
1767.2	1.733e3
1768.1	1.306e3
1768.9	2.351e3
1769.4	3.900e1
1769.9	2.136e3
1770.6	2.180e2
1771.2	2.190e3
1771.9	5.780e2
1772.6	1.587e3
1773.4	7.890e2
1774.2	2.181e3
1774.9	2.590e2
1775.4	2.004e3
1776.1	3.750e2
1776.7	2.943e3
1777.6	2.021e3
1778.4	9.360e2
1779.3	2.799e3
1780.2	1.500e3
1780.8	2.750e2
1781.4	1.571e3
1782.4	2.318e3
1783.3	1.484e3
1784.4	2.216e3
1785.1	7.480e2
1785.8	2.289e3
1786.3	9.200e1
1786.9	2.190e3
1787.9	1.887e3
1788.8	2.363e3
1789.9	2.060e3
1791.0	1.707e3
1792.0	1.662e3
1792.9	5.500e2
1793.6	2.025e3
1794.6	2.605e3
1795.6	2.843e3
1796.2	2.450e2
1796.8	2.257e3
1797.7	2.274e3
1798.3	1.930e2
1798.8	2.116e3
1799.8	2.412e3
1800.7	1.280e3
1801.7	2.399e3
1802.7	1.634e3
1803.6	1.977e3
1804.7	2.617e3
1805.4	7.570e2
1806.1	2.413e3
1807.0	2.087e3
1808.0	1.809e3
1808.9	2.970e3
1809.8	1.649e3
1810.4	1.170e2
1810.9	2.079e3
1811.5	4.390e2
1812.2	1.661e3
1812.9	1.062e3
1813.8	1.765e3
1814.7	2.812e3
1815.3	1.960e2
1815.9	2.868e3
1816.8	1.185e3
1817.7	1.709e3
1818.7	2.836e3
1819.6	1.245e3
1820.3	2.425e3
1821.3	2.693e3
1821.9	3.340e2
1822.6	1.009e3
1823.5	1.720e3
1824.5	2.263e3
1825.0	9.200e1
1825.6	1.922e3
1826.5	1.515e3
1827.1	2.660e2
1827.7	3.067e3
1828.8	2.297e3
1829.5	2.590e2
1830.1	1.285e3
1831.0	8.800e2
1831.7	2.773e3
1832.6	1.127e3
1833.5	2.726e3
1834.1	1.370e2
1834.6	1.891e3
1835.4	9.570e2
1836.2	2.377e3
1836.7	4.000e0
1837.2	2.323e3
1838.1	2.554e3
1838.8	8.950e2
1839.5	2.243e3
1840.5	1.256e3
1841.3	1.676e3
1841.8	6.300e1
1842.3	1.523e3
1843.4	2.901e3
1844.3	9.560e2
1845.3	2.598e3
1846.0	5.060e2
1846.6	1.445e3
1847.5	1.416e3
1848.2	7.190e2
1849.0	2.703e3
1849.8	1.524e3
1850.7	2.077e3
1851.5	4.960e2
1852.3	3.057e3
1853.2	2.040e3
1853.9	2.550e2
1854.4	1.832e3
1855.4	3.113e3
1856.1	8.920e2
1856.8	2.681e3
1857.7	1.738e3
1858.2	1.620e2
1858.8	2.608e3
1859.5	3.840e2
1860.1	1.636e3
1861.0	1.573e3
1862.0	2.393e3
1862.8	9.280e2
1863.5	1.215e3
1864.3	2.394e3
1865.2	1.047e3
1866.1	2.156e3
1866.9	8.540e2
1867.6	1.838e3
1868.4	2.267e3
1869.3	1.613e3
1870.1	1.681e3
1871.2	2.213e3
1872.1	1.558e3
1873.0	9.180e2
1873.8	2.793e3
1874.7	1.951e3
1875.3	6.700e2
1876.0	2.570e3
1877.1	1.155e3
1878.0	2.334e3
1878.7	1.445e3
1879.6	2.327e3
1880.5	1.062e3
1881.2	1.974e3
1881.8	1.520e2
1882.3	2.386e3
1882.9	1.390e2
1883.6	2.660e3
1884.3	6.880e2
1885.2	3.216e3
1885.8	1.540e2
1886.3	2.209e3
1887.3	2.215e3
1888.2	1.729e3
1889.3	1.895e3
1890.0	3.690e2
1890.6	1.126e3
1891.2	2.100e2
1891.9	2.001e3
1892.5	1.800e2
1893.0	1.046e3
1894.0	1.513e3
1894.9	2.285e3
1895.8	1.524e3
1896.8	2.134e3
1897.7	2.066e3
1898.7	1.357e3
1899.7	1.904e3
1900.4	3.040e2
1901.2	2.202e3
1901.8	2.910e2
1902.4	8.860e2
1903.2	1.977e3
1903.9	9.470e2
1904.7	2.165e3
1905.2	2.940e2
1905.7	1.791e3
1906.3	3.600e1
1906.8	2.265e3
1907.4	6.400e1
1908.0	1.776e3
1908.9	1.200e3
1909.5	3.000e1
1910.0	1.831e3
1910.7	5.980e2
1911.4	2.112e3
1912.3	1.592e3
1913.1	1.587e3
1913.8	2.660e2
1914.4	2.746e3
1915.3	1.682e3
1916.3	1.009e3
1916.9	1.360e2
1917.5	1.831e3
1918.1	7.870e2
1918.8	2.115e3
1919.4	3.300e2
1920.0	1.632e3
1920.8	3.780e2
1921.4	1.173e3
1922.3	2.172e3
1923.3	1.706e3
1924.2	1.654e3
1924.8	8.400e1
1925.3	2.467e3
1926.2	1.142e3
1926.9	7.600e1
1927.4	1.278e3
1928.3	1.589e3
1929.1	1.110e3
1930.1	1.810e3
1931.3	2.153e3
1931.9	2.600e2
1932.7	8.360e2
1933.5	3.000e3
1934.1	3.290e2
1934.7	1.918e3
1935.6	7.550e2
1936.3	2.123e3
1937.2	1.493e3
1937.8	1.780e2
1938.5	1.619e3
1939.0	1.260e2
1939.6	2.510e3
1940.2	3.740e2
1940.9	1.841e3
1941.5	1.800e2
1942.2	1.606e3
1943.1	1.627e3
1943.7	4.150e2
1944.4	1.533e3
1945.2	8.580e2
1946.0	1.741e3
1946.9	1.955e3
1947.8	2.680e3
1948.6	4.050e2
1949.4	1.627e3
1950.1	6.600e2
1950.7	1.642e3
1951.4	1.060e3
1952.2	1.977e3
1952.9	8.800e1
1953.5	1.985e3
1954.2	2.200e2
1954.9	2.087e3
1955.8	2.046e3
1956.8	1.227e3
1957.4	4.500e1
1957.9	1.202e3
1958.9	1.943e3
1959.6	6.490e2
1960.4	1.858e3
1961.2	3.330e2
1961.9	1.815e3
1962.4	7.000e1
1963.0	1.034e3
1964.1	1.016e3
1965.0	1.911e3
1965.5	7.800e1
1966.0	2.140e3
1966.9	1.848e3
1968.0	1.036e3
1968.8	1.831e3
1969.6	9.120e2
1970.4	5.510e2
1971.1	2.169e3
1972.1	1.500e3
1972.8	5.840e2
1973.5	1.933e3
1974.5	2.441e3
1975.3	1.141e3
1976.1	7.700e2
1976.7	1.709e3
1977.6	8.350e2
1978.4	1.614e3
1979.2	1.682e3
1980.4	1.972e3
1980.9	8.600e1
1981.5	1.747e3
1982.2	3.880e2
1982.8	1.706e3
1983.8	1.466e3
1984.6	1.430e3
1985.2	8.100e1
1985.7	1.974e3
1986.3	1.590e2
1986.9	1.870e3
1987.9	1.718e3
1988.7	1.248e3
1989.7	2.366e3
1990.2	1.810e2
1990.7	2.141e3
1991.5	7.470e2
1992.2	1.428e3
1992.9	6.120e2
1993.5	2.583e3
1994.1	2.210e2
1994.8	1.804e3
1995.6	8.150e2
1996.4	2.105e3
1997.3	1.141e3
1998.4	1.930e3
1999.4	1.559e3
2000.0	8.200e1
