100.3	9.365e4
101.0	1.419e6
101.5	6.298e3
102.1	6.215e5
103.0	3.103e5
103.6	1.772e3
104.1	1.054e6
105.1	1.521e5
106.1	2.363e5
106.6	2.028e3
107.1	2.336e5
108.1	1.036e6
108.9	4.512e5
109.4	1.299e4
110.0	1.058e6
110.5	5.510e2
111.1	2.443e6
112.1	8.230e5
113.0	3.572e5
114.1	5.524e5
115.1	5.642e5
116.1	3.962e5
117.0	1.452e5
117.6	1.106e3
118.1	1.080e6
119.0	5.656e5
119.6	3.319e3
120.1	5.245e5
121.1	2.151e5
121.6	3.237e3
122.1	6.940e5
123.0	1.959e5
123.6	4.230e2
124.1	1.152e5
125.0	1.497e5
126.0	6.252e5
127.0	2.179e5
127.6	7.820e2
128.1	1.185e5
129.1	2.993e5
130.1	1.883e5
131.0	1.234e6
131.6	2.090e3
132.1	8.491e5
133.1	6.556e5
134.1	2.566e5
135.0	1.218e5
136.0	1.371e6
136.5	4.400e2
137.1	3.515e5
138.2	9.195e5
139.1	4.609e5
140.1	2.244e5
141.1	3.236e5
142.0	9.902e5
142.5	2.118e3
143.0	1.934e5
144.1	3.452e5
144.6	2.730e2
145.1	1.542e5
146.0	2.077e5
147.1	2.343e5
147.6	3.420e3
148.1	4.529e5
149.1	6.002e5
150.1	2.622e5
151.1	8.358e4
152.0	1.295e5
153.1	9.873e4
154.0	2.824e5
154.6	3.771e3
155.1	4.488e5
156.1	2.183e5
157.1	5.945e5
158.1	4.606e5
159.0	3.961e6
160.1	5.457e5
161.1	1.257e5
162.0	1.936e5
162.6	1.096e3
163.1	1.949e5
164.0	5.207e5
164.6	1.761e3
165.1	2.045e5
165.7	5.890e2
166.2	2.179e5
166.8	3.448e4
167.4	3.727e5
168.2	1.553e5
169.1	7.944e4
170.1	1.405e5
170.6	8.030e2
171.1	3.659e5
172.1	6.538e5
173.1	4.252e5
174.2	1.776e5
174.9	3.872e4
175.4	4.402e5
176.2	1.404e5
176.9	1.041e6
177.5	8.396e3
178.0	1.858e5
178.6	2.679e3
179.2	2.440e5
180.1	1.336e5
181.1	1.761e5
182.1	1.989e5
183.1	9.118e5
183.7	3.432e3
184.2	2.520e5
185.1	1.638e6
186.0	3.651e5
187.0	1.775e6
188.1	3.650e5
189.1	2.545e5
190.1	1.282e5
191.1	1.546e5
191.6	3.480e2
192.1	1.712e5
192.6	1.010e3
193.2	1.202e5
193.7	1.605e3
194.2	3.933e5
195.1	1.728e5
196.2	2.858e6
197.2	6.744e5
198.2	9.812e5
199.2	2.025e5
200.1	6.268e5
201.1	2.443e5
202.1	1.342e5
203.1	5.109e5
204.1	2.892e5
205.1	5.398e5
205.6	1.937e3
206.2	1.972e5
207.2	1.091e5
208.1	1.215e5
209.1	2.243e5
209.6	8.390e2
210.2	1.529e5
211.1	1.091e5
211.6	1.955e3
212.1	1.185e5
213.1	6.039e4
214.2	9.861e6
215.2	1.325e6
216.2	7.274e5
217.2	3.188e5
218.2	5.107e5
219.2	4.003e5
220.2	2.213e5
221.2	1.539e5
222.1	1.175e5
222.6	1.698e3
223.1	5.951e4
224.1	1.502e5
225.1	7.906e4
226.1	1.252e5
227.1	2.417e5
227.6	8.190e2
228.1	2.075e5
228.6	3.260e2
229.1	1.254e5
230.1	8.223e4
231.1	2.402e5
232.1	1.740e5
233.1	1.255e5
234.1	1.527e5
235.1	1.233e5
236.2	2.022e6
237.1	5.034e5
238.2	2.034e5
239.1	1.326e5
240.0	6.470e4
240.6	4.348e3
241.2	7.561e4
242.0	1.314e5
242.5	1.025e3
243.1	1.927e5
244.0	8.985e4
244.6	3.280e2
245.1	1.019e5
246.1	6.473e4
246.6	1.469e3
247.2	5.228e4
248.1	8.230e4
248.6	3.250e2
249.1	5.154e4
250.1	1.559e5
251.1	6.678e4
251.7	1.889e3
252.2	1.779e5
253.2	9.127e4
254.1	1.676e5
255.1	1.199e5
256.1	6.027e4
256.6	1.200e1
257.1	7.075e4
258.1	5.338e4
258.6	5.702e3
259.2	4.355e5
259.7	1.261e3
260.2	1.072e5
261.2	1.463e5
262.2	7.418e4
263.0	8.092e4
263.6	7.720e2
264.1	7.873e4
265.1	5.673e4
265.6	4.610e2
266.2	6.701e4
267.1	6.445e4
268.1	5.095e4
268.6	4.890e2
269.2	5.159e4
270.2	4.436e4
271.1	7.925e4
272.1	6.229e4
273.1	7.270e4
273.7	1.092e3
274.2	1.071e5
274.7	1.349e3
275.2	1.021e5
276.1	1.077e5
276.6	3.782e3
277.1	1.045e5
278.1	7.758e4
279.1	1.053e5
279.8	1.928e4
280.7	1.349e5
281.3	2.700e4
282.1	6.353e4
283.1	1.166e5
284.1	7.453e4
285.1	7.760e4
286.1	5.440e4
287.0	7.402e4
287.5	1.933e3
288.1	5.550e4
288.6	1.481e3
289.1	7.763e4
289.7	2.050e2
290.2	4.477e4
290.7	1.443e3
291.2	6.017e4
292.1	9.997e4
292.7	1.770e2
293.2	4.793e4
294.2	6.679e4
295.1	5.177e4
295.6	1.677e3
296.1	7.438e4
296.7	4.760e2
297.2	4.713e4
298.2	4.849e4
299.2	4.722e4
300.2	4.487e4
301.1	6.359e4
302.0	6.143e4
302.6	7.690e2
303.1	9.867e4
304.1	1.476e5
304.6	1.137e3
305.1	1.350e5
306.2	5.713e4
306.7	1.704e3
307.2	6.910e4
308.1	4.220e4
309.1	7.245e4
309.7	2.091e3
310.2	6.594e4
311.1	5.704e4
311.7	1.276e3
312.2	4.770e4
313.2	8.350e4
314.2	8.089e4
315.2	4.748e4
316.2	5.552e4
317.2	4.258e4
318.1	5.507e4
318.7	1.225e3
319.2	6.494e4
320.1	5.612e4
321.1	8.312e4
321.6	2.364e3
322.1	5.163e4
323.1	4.465e4
324.1	7.311e4
324.7	9.980e2
325.2	4.154e4
326.1	1.383e5
326.6	3.570e2
327.2	7.054e4
328.1	5.944e4
328.7	2.040e2
329.2	6.263e4
330.2	4.623e4
331.1	2.696e5
332.1	1.267e5
333.1	8.377e4
333.6	1.408e3
334.2	4.650e4
335.1	5.415e4
336.1	5.915e4
337.1	5.567e4
337.7	1.009e3
338.2	6.073e4
339.1	5.300e4
340.0	6.999e4
340.6	2.287e3
341.1	5.466e4
342.1	5.531e4
343.1	4.872e4
344.1	7.945e4
344.6	4.920e2
345.1	5.618e4
346.1	5.486e4
346.6	4.000e2
347.1	6.921e4
348.1	7.507e4
348.6	1.645e3
349.1	2.213e5
349.7	1.064e3
350.2	7.422e4
351.2	5.713e4
352.1	8.999e4
353.1	5.035e4
354.1	4.169e5
355.1	1.557e5
356.1	8.316e4
357.1	1.086e5
358.1	4.476e4
359.1	2.091e5
359.6	2.340e2
360.1	7.144e4
361.1	5.593e4
362.1	3.483e4
363.2	8.741e4
364.2	4.896e4
365.2	8.704e4
366.1	5.178e4
367.1	5.036e4
368.2	6.486e4
369.1	4.356e4
370.1	5.383e4
371.1	4.989e4
371.6	3.740e2
372.1	8.070e4
372.6	3.530e2
373.1	5.319e4
374.1	3.657e4
375.1	5.177e4
376.1	3.963e4
376.6	3.430e2
377.2	7.406e4
378.2	4.271e4
379.1	6.126e4
380.1	3.753e4
380.6	1.632e3
381.2	5.780e4
382.1	4.392e4
383.1	4.749e4
384.1	4.131e4
384.8	1.558e4
385.6	3.898e4
386.1	6.950e2
386.6	2.980e4
387.3	1.061e4
388.1	3.325e4
389.1	3.452e4
389.7	1.226e3
390.3	2.648e4
391.2	4.601e4
392.2	3.144e4
393.1	5.825e4
393.6	3.260e2
394.1	4.002e4
395.1	4.171e4
396.1	2.854e4
397.1	3.015e4
398.0	3.408e4
399.1	3.701e4
399.6	3.374e3
400.2	2.982e4
401.1	2.811e4
401.7	5.130e2
402.2	3.467e4
403.1	3.924e4
404.1	3.623e4
405.1	3.468e4
405.6	1.328e3
406.1	3.252e4
407.1	2.596e4
407.9	3.510e4
408.5	1.680e3
409.1	5.199e4
410.1	2.905e4
411.1	3.888e4
411.6	7.950e2
412.2	2.576e4
413.2	3.791e4
413.8	4.223e3
414.4	3.655e4
414.9	5.540e2
415.4	3.035e4
416.0	1.191e3
416.5	4.591e4
417.1	6.603e3
417.8	2.707e4
418.8	2.715e4
419.4	7.187e3
420.1	2.884e4
421.0	1.902e4
421.6	7.410e2
422.1	2.380e4
423.1	2.444e4
424.1	2.255e4
425.0	2.612e4
425.5	1.260e3
426.1	2.567e4
427.1	4.635e4
427.7	1.515e3
428.3	2.878e4
429.1	2.509e4
430.1	2.654e4
430.6	1.453e3
431.2	7.169e4
432.2	3.388e4
432.7	5.860e2
433.2	3.601e4
434.2	2.418e4
435.1	2.484e4
436.1	1.707e4
436.6	1.616e3
437.2	3.365e4
438.2	2.217e4
439.1	2.338e4
440.0	1.750e4
440.6	5.320e2
441.1	1.988e4
441.7	4.034e3
442.3	1.612e4
443.2	2.424e4
444.2	2.534e4
445.1	1.685e4
446.1	2.800e4
447.1	4.749e4
448.1	3.239e4
448.7	2.379e3
449.3	1.331e5
450.3	5.618e4
451.2	3.784e4
451.9	5.771e3
452.5	2.399e4
453.3	1.139e4
454.1	3.029e4
455.0	2.716e4
456.0	2.908e4
456.5	3.940e2
457.0	2.685e4
457.5	8.080e2
458.1	2.029e4
459.1	2.470e4
460.0	1.907e4
460.9	1.691e4
461.8	2.221e4
462.3	2.840e2
463.0	2.775e4
463.5	1.994e3
464.0	1.744e4
465.1	2.000e4
466.1	2.205e4
467.1	1.976e4
467.8	2.352e4
468.5	1.896e3
469.2	1.636e4
470.1	2.176e4
471.2	1.353e4
472.0	2.785e4
472.6	4.540e2
473.1	2.365e4
474.1	1.796e4
475.1	1.492e4
476.1	2.562e4
477.0	1.467e4
477.8	2.206e4
478.3	4.060e2
478.8	2.139e4
479.4	3.550e3
480.1	1.970e4
481.1	1.637e4
482.0	2.790e4
482.6	1.196e3
483.1	1.958e4
484.1	1.960e4
485.0	1.414e4
486.1	2.413e4
487.1	1.093e4
487.7	1.599e3
488.3	2.262e4
489.2	1.675e4
490.1	1.597e4
491.0	1.518e4
491.6	9.350e2
492.1	1.128e4
493.0	1.771e4
493.6	1.579e3
494.2	1.320e4
495.1	3.172e4
496.1	1.700e4
497.1	2.358e4
498.1	2.118e4
498.6	1.058e3
499.2	2.728e4
500.1	1.800e4
501.1	1.081e4
502.0	2.139e4
502.6	3.733e3
503.3	1.492e4
504.1	7.944e3
505.1	1.475e4
506.1	2.092e4
506.7	1.621e3
507.3	1.742e4
507.8	2.140e2
508.3	2.152e4
509.2	2.300e4
510.2	1.256e4
510.9	5.459e3
511.7	2.119e4
512.3	5.150e3
513.0	1.860e4
513.5	9.210e2
514.0	1.616e4
515.0	2.461e4
515.9	1.613e4
516.6	4.859e3
517.3	1.729e4
518.2	1.539e4
519.1	1.162e4
520.0	1.082e4
521.0	1.638e4
521.9	1.644e4
522.5	1.730e3
523.1	1.767e4
524.1	1.795e4
525.1	1.599e4
526.1	4.079e4
526.7	4.883e3
527.3	3.746e4
527.8	1.188e3
528.4	2.686e4
529.3	8.308e3
530.1	9.036e3
531.0	2.182e4
531.6	1.134e3
532.3	1.815e4
533.0	8.114e3
533.9	1.847e4
534.8	5.872e3
535.6	1.551e4
536.5	8.914e3
537.3	1.968e4
538.2	1.170e4
539.2	2.405e4
539.7	2.300e1
540.2	1.884e4
541.2	1.488e4
542.2	1.129e4
543.2	2.235e4
543.8	4.871e3
544.5	1.577e4
545.4	1.561e4
546.1	6.473e3
546.8	1.409e4
547.3	5.830e2
547.8	1.397e4
548.4	8.940e2
548.9	1.380e4
549.9	1.018e4
550.6	6.140e2
551.1	1.405e4
551.9	4.973e3
552.6	1.633e4
553.1	1.492e3
553.7	1.912e4
554.7	1.142e4
555.3	1.402e3
555.8	9.049e3
556.6	1.627e4
557.3	2.745e3
558.1	1.335e4
559.2	1.402e4
560.0	1.135e4
561.0	1.265e4
562.0	1.123e4
562.9	9.371e3
563.8	2.014e4
564.6	8.801e3
565.5	1.465e4
566.2	5.513e3
567.1	1.356e4
567.8	6.536e3
568.5	1.553e4
569.1	7.320e2
569.7	1.172e4
570.3	2.469e3
571.0	1.315e4
572.0	1.034e4
572.6	1.137e3
573.2	9.760e3
574.0	7.879e3
574.9	1.413e4
575.9	1.124e4
576.5	1.968e3
577.0	1.254e4
577.9	3.948e3
578.6	1.391e4
579.5	8.219e3
580.5	1.223e4
581.3	4.746e3
581.9	1.279e4
582.6	1.913e3
583.1	2.042e4
584.0	8.833e3
584.6	1.189e3
585.1	1.267e4
586.0	5.737e3
586.9	1.002e4
587.5	9.930e2
588.1	1.100e4
589.0	8.899e3
590.0	7.391e3
590.8	1.310e4
591.3	6.750e2
592.0	1.007e4
592.5	2.220e2
593.0	8.554e3
593.5	4.380e2
594.0	7.787e3
595.0	7.192e3
595.9	1.227e4
596.5	1.407e3
597.1	1.043e4
598.0	1.506e4
598.7	1.910e3
599.4	1.871e4
600.1	8.280e3
600.9	5.922e3
601.8	9.987e3
602.7	2.952e3
603.3	9.138e3
604.2	6.165e3
604.7	4.980e2
605.2	9.570e3
606.2	1.095e4
606.7	9.540e2
607.3	9.588e3
607.9	1.679e3
608.7	1.275e4
609.3	4.214e3
610.0	7.337e3
610.9	8.253e3
611.9	1.039e4
612.6	5.230e2
613.2	1.161e4
614.0	7.651e3
614.9	1.521e4
615.9	1.012e4
616.5	6.370e2
617.0	1.054e4
617.8	4.717e3
618.5	9.334e3
619.5	4.436e3
620.4	5.529e3
621.0	3.590e2
621.7	1.162e4
622.5	2.777e3
623.2	1.030e4
624.1	3.507e3
624.9	1.088e4
625.6	1.015e3
626.2	4.590e3
627.0	8.159e3
627.9	9.996e3
628.8	8.914e3
629.7	4.887e3
630.6	9.219e3
631.5	4.912e3
632.4	6.769e3
633.3	8.124e3
634.0	6.514e3
635.0	8.358e3
635.5	3.570e2
636.1	1.254e4
637.1	9.866e3
638.1	1.217e4
639.0	5.722e3
639.9	7.774e3
640.6	3.054e3
641.3	1.076e4
642.2	4.247e3
643.1	9.445e3
644.0	8.158e3
645.0	6.948e3
645.7	4.055e3
646.4	1.121e4
647.0	1.940e2
647.5	7.059e3
648.5	1.200e4
649.1	1.293e3
649.7	8.066e3
650.3	6.930e2
651.0	1.243e4
652.0	8.345e3
652.7	8.430e2
653.4	9.243e3
654.2	4.543e3
655.0	8.937e3
655.6	4.730e2
656.1	6.801e3
656.8	1.568e3
657.4	7.213e3
658.2	1.030e4
658.8	2.335e3
659.5	4.650e3
660.1	1.235e3
660.7	1.043e4
661.4	3.064e3
662.1	7.524e3
662.9	3.861e3
663.7	8.096e3
664.7	1.082e4
665.4	1.817e3
666.1	9.738e3
666.7	1.350e2
667.2	9.924e3
668.0	2.140e3
668.7	1.207e4
669.4	1.489e3
670.0	6.874e3
670.8	3.640e3
671.7	8.650e3
672.7	5.532e3
673.5	2.660e3
674.2	7.673e3
675.1	3.947e3
676.0	7.371e3
677.1	1.013e4
678.1	9.983e3
678.7	3.830e2
679.2	8.747e3
680.1	2.453e3
680.9	8.203e3
681.9	1.002e4
682.8	1.137e4
683.7	5.205e3
684.4	2.045e3
685.1	1.094e4
685.8	4.721e3
686.5	9.291e3
687.7	1.079e4
688.5	2.118e3
689.3	6.557e3
690.3	5.728e3
691.3	8.641e3
692.1	3.680e3
692.9	7.266e3
693.9	1.204e4
694.8	5.767e3
695.7	8.990e3
696.7	9.322e3
697.6	7.449e3
698.1	1.210e2
698.7	5.645e3
699.8	8.320e3
700.3	4.190e2
700.8	8.605e3
701.6	5.253e3
702.3	4.579e3
703.2	1.168e4
704.0	3.709e3
705.0	5.668e3
705.7	1.965e3
706.4	6.810e3
707.3	4.010e3
708.1	9.292e3
709.0	5.395e3
710.0	6.927e3
710.9	5.059e3
712.0	7.352e3
712.9	5.290e2
713.5	9.452e3
714.0	2.500e1
714.5	1.007e4
715.5	5.843e3
716.5	5.942e3
717.3	6.437e3
718.1	1.089e3
718.8	1.357e4
719.4	1.051e3
720.0	6.944e3
720.5	4.060e2
721.1	3.890e3
721.8	8.604e3
722.5	6.110e2
723.1	3.518e3
724.1	6.789e3
725.1	6.689e3
726.0	5.597e3
726.9	1.161e4
727.6	1.466e3
728.4	7.640e3
729.3	6.793e3
730.3	9.593e3
731.0	3.137e3
731.8	8.453e3
732.4	5.840e2
732.9	7.497e3
733.5	1.230e2
734.0	2.974e3
735.0	9.661e3
735.9	1.370e3
736.6	8.620e3
737.4	2.689e3
738.4	5.713e3
739.0	8.700e2
739.6	4.645e3
740.2	1.473e3
741.0	8.282e3
741.9	6.443e3
742.7	3.485e3
743.6	5.180e3
744.4	4.114e3
745.2	9.157e3
746.1	6.710e3
747.0	9.930e3
747.9	2.991e3
748.7	7.271e3
749.3	1.430e2
749.9	3.497e3
750.9	9.122e3
751.7	6.808e3
752.3	5.640e2
752.8	6.321e3
753.5	1.860e3
754.2	3.246e3
755.1	5.318e3
756.0	8.827e3
756.5	4.840e2
757.1	6.753e3
758.1	6.127e3
759.2	4.497e3
760.1	3.010e3
760.9	7.831e3
761.8	3.082e3
762.5	9.097e3
763.4	8.209e3
764.4	1.882e3
765.1	9.289e3
766.0	2.704e3
766.5	2.340e2
767.1	1.276e4
768.1	6.247e3
768.9	9.588e3
769.5	9.290e2
770.1	6.640e3
770.6	2.900e2
771.1	8.332e3
771.7	2.014e3
772.4	8.083e3
773.2	4.269e3
774.1	1.326e3
775.1	2.437e3
775.8	6.889e3
776.7	9.740e3
777.3	1.040e2
777.9	5.402e3
779.0	6.402e3
779.9	7.240e2
780.5	4.737e3
781.2	6.901e3
781.8	5.250e2
782.4	5.726e3
783.5	6.659e3
784.4	1.702e3
785.1	5.695e3
786.0	2.498e3
787.0	8.549e3
788.0	7.699e3
789.2	5.834e3
789.7	3.040e2
790.2	6.661e3
791.1	5.161e3
792.0	5.070e3
792.6	1.051e3
793.3	5.635e3
794.1	3.594e3
795.1	6.448e3
795.7	1.034e3
796.3	5.922e3
797.3	7.824e3
797.9	1.648e3
798.6	4.897e3
799.4	1.024e3
800.2	5.324e3
800.7	6.520e2
801.4	5.280e3
802.1	4.507e3
802.9	4.881e3
803.9	4.807e3
804.8	7.735e3
805.4	6.790e2
806.0	5.129e3
806.6	3.420e2
807.2	6.269e3
807.9	1.491e3
808.8	7.938e3
809.7	1.887e3
810.4	1.940e2
810.9	3.998e3
811.7	4.407e3
812.7	6.347e3
813.7	7.850e3
814.4	6.320e2
815.1	5.339e3
816.0	7.466e3
816.9	3.459e3
817.7	5.804e3
818.7	9.314e3
819.3	1.677e3
820.0	9.313e3
821.0	4.324e3
821.8	5.519e3
822.6	9.640e2
823.3	4.444e3
823.9	4.270e2
824.6	5.965e3
825.4	4.089e3
826.3	5.992e3
826.9	1.156e3
827.5	4.905e3
828.1	5.050e2
828.6	5.619e3
829.7	4.996e3
830.6	1.960e3
831.3	6.488e3
832.0	2.471e3
832.9	6.904e3
833.5	6.510e2
834.1	8.518e3
834.9	1.504e3
835.6	6.988e3
836.5	3.574e3
837.1	2.480e2
837.7	4.014e3
838.2	2.850e2
838.8	4.930e3
839.7	7.593e3
840.4	8.880e2
841.0	6.342e3
842.0	6.420e3
843.1	4.092e3
844.0	2.883e3
845.0	7.538e3
845.9	3.303e3
846.4	3.360e2
847.0	4.720e3
847.6	2.260e2
848.2	4.053e3
849.1	6.086e3
849.7	9.110e2
850.4	4.961e3
851.1	1.062e3
852.1	2.472e3
852.7	3.100e1
853.3	4.763e3
854.2	4.956e3
855.3	5.566e3
856.2	3.465e3
857.4	4.233e3
858.4	2.856e3
859.1	6.130e2
859.7	2.451e3
860.5	2.272e3
861.3	5.824e3
862.0	3.158e3
862.8	5.480e2
863.4	5.071e3
864.3	2.229e3
865.1	7.089e3
866.1	6.543e3
866.7	6.190e2
867.4	7.222e3
868.2	2.814e3
869.1	4.513e3
870.0	2.447e3
871.0	8.506e3
871.8	4.452e3
872.4	1.030e2
873.1	4.825e3
873.8	1.479e3
874.6	4.175e3
875.2	3.170e2
875.8	7.620e3
876.7	3.080e3
877.5	6.510e2
878.1	4.151e3
879.1	1.533e3
880.0	5.807e3
880.9	2.908e3
881.8	1.361e3
882.6	2.761e3
883.3	5.060e2
883.9	6.809e3
884.7	1.784e3
885.6	5.590e3
886.3	2.056e3
887.0	5.599e3
887.8	1.222e3
888.6	4.512e3
889.3	1.817e3
890.0	4.933e3
890.6	7.780e2
891.2	2.763e3
891.8	4.150e2
892.4	3.832e3
893.1	1.222e3
894.0	3.859e3
894.8	6.154e3
895.6	8.280e2
896.5	2.550e3
897.2	5.030e3
898.0	4.038e3
898.9	5.474e3
899.7	7.340e2
900.4	4.192e3
901.4	4.454e3
902.4	7.546e3
903.2	2.633e3
904.0	3.654e3
904.9	5.986e3
905.6	6.470e2
906.2	3.317e3
907.2	2.079e3
908.0	4.947e3
909.0	3.552e3
910.1	3.004e3
910.6	2.180e2
911.2	3.321e3
911.9	4.680e2
912.5	3.897e3
913.7	2.823e3
914.5	2.326e3
915.2	8.000e2
915.9	5.621e3
916.5	2.940e2
917.1	4.584e3
918.1	6.355e3
918.8	2.840e3
919.7	2.687e3
920.7	2.560e3
921.7	4.576e3
922.3	2.610e2
922.9	5.508e3
924.0	3.738e3
924.8	4.830e2
925.4	2.275e3
926.3	7.180e2
926.9	2.921e3
927.6	1.490e2
928.1	4.572e3
929.2	3.381e3
930.0	1.547e3
930.8	4.047e3
931.3	1.060e2
931.9	4.430e3
932.9	3.294e3
933.8	3.259e3
934.3	1.200e1
934.9	2.208e3
936.1	4.873e3
936.7	6.350e2
937.2	5.966e3
937.7	5.900e1
938.3	5.918e3
939.2	8.478e3
939.9	1.092e3
940.8	3.315e3
941.5	3.906e3
942.1	4.060e2
942.7	3.267e3
943.7	5.343e3
944.6	2.965e3
945.3	6.084e3
946.1	3.220e3
947.0	9.070e3
947.5	8.190e2
948.3	2.092e3
949.0	5.185e3
949.9	2.060e3
950.4	5.170e2
951.0	2.851e3
951.7	3.378e3
952.4	2.730e2
953.0	3.789e3
953.9	1.557e3
954.7	3.073e3
955.3	4.730e2
955.9	4.128e3
956.6	1.667e3
957.8	3.944e3
958.6	2.493e3
959.1	4.000e1
959.7	3.579e3
960.5	6.022e3
961.1	6.410e2
961.7	4.687e3
962.8	4.907e3
963.5	4.220e2
964.1	4.900e3
965.1	3.706e3
965.7	5.490e2
966.2	2.309e3
967.2	5.019e3
968.1	2.448e3
968.9	3.463e3
970.0	6.988e3
970.7	2.085e3
971.4	5.213e3
972.3	1.516e3
972.9	5.940e2
973.6	5.468e3
974.8	4.243e3
975.5	2.230e2
976.1	4.012e3
977.0	9.170e2
977.8	3.851e3
978.5	9.900e2
979.2	4.570e3
980.2	1.505e3
981.2	3.609e3
982.3	1.878e3
983.0	3.140e2
983.6	5.755e3
984.5	2.429e3
985.1	4.160e2
985.7	2.864e3
986.7	3.606e3
987.6	2.965e3
988.5	5.292e3
989.1	1.270e2
989.6	4.553e3
990.3	1.197e3
991.0	3.762e3
992.0	6.284e3
992.7	4.210e2
993.3	2.828e3
994.2	3.318e3
994.9	5.376e3
995.7	2.994e3
996.7	3.887e3
997.5	1.171e3
998.2	3.543e3
999.2	3.406e3
1000.4	1.715e3
1001.3	5.127e3
1001.9	1.770e2
1002.6	6.119e3
1003.6	8.480e2
1004.5	5.505e3
1005.1	3.810e2
1005.8	2.424e3
1006.7	4.501e3
1007.8	5.223e3
1008.4	2.500e2
1008.9	4.724e3
1009.5	1.470e2
1010.0	4.540e3
1010.8	1.505e3
1011.6	1.894e3
1012.7	5.860e2
1013.3	3.549e3
1014.2	3.786e3
1015.0	1.742e3
1015.6	5.990e2
1016.3	8.870e2
1017.0	3.680e3
1018.0	3.251e3
1018.9	2.824e3
1019.7	6.823e3
1020.4	1.487e3
1021.1	1.254e3
1021.9	3.150e3
1022.7	2.354e3
1023.4	9.500e2
1024.1	6.260e3
1024.7	3.260e2
1025.3	1.521e3
1026.1	7.799e3
1027.0	2.820e3
1027.9	4.522e3
1028.8	2.828e3
1029.7	4.123e3
1030.6	9.760e2
1031.4	3.084e3
1032.3	3.255e3
1033.1	9.040e2
1034.1	6.715e3
1034.7	4.590e2
1035.3	6.166e3
1036.3	1.804e3
1037.3	2.501e3
1038.3	4.275e3
1039.0	1.507e3
1039.8	1.839e3
1040.6	4.228e3
1041.3	1.286e3
1042.2	3.773e3
1043.0	3.553e3
1043.7	6.410e2
1044.3	1.920e3
1045.0	5.284e3
1045.9	1.623e3
1046.8	3.641e3
1047.4	1.590e2
1048.1	3.595e3
1049.0	5.513e3
1049.6	4.040e2
1050.4	1.539e3
1051.1	4.646e3
1051.8	1.615e3
1052.6	2.922e3
1053.6	2.136e3
1054.3	1.391e3
1055.0	4.635e3
1055.7	7.290e2
1056.3	3.741e3
1056.9	1.598e3
1057.6	7.782e3
1058.2	4.130e2
1058.7	4.109e3
1059.6	2.054e3
1060.3	9.480e2
1061.2	2.626e3
1062.0	5.269e3
1063.2	4.696e3
1064.0	2.445e3
1065.4	2.594e3
1065.9	3.250e2
1066.5	4.012e3
1067.3	1.709e3
1068.2	3.422e3
1069.0	1.151e3
1069.8	1.537e3
1070.4	3.020e3
1071.3	1.917e3
1072.1	2.667e3
1073.1	2.119e3
1073.6	2.210e2
1074.1	4.347e3
1075.0	1.784e3
1075.7	1.031e3
1076.4	4.990e3
1077.1	2.170e3
1077.8	3.647e3
1078.7	2.861e3
1079.5	1.039e3
1080.5	1.634e3
1081.3	2.165e3
1081.9	7.530e2
1082.6	7.830e3
1083.5	1.736e3
1084.3	6.185e3
1085.1	1.538e3
1086.0	2.234e3
1086.9	9.700e2
1087.6	5.710e2
1088.2	4.613e3
1088.8	2.080e2
1089.4	4.303e3
1090.4	3.387e3
1091.7	4.232e3
1092.5	1.329e3
1093.4	2.036e3
1094.4	2.547e3
1095.5	3.459e3
1096.5	3.869e3
1097.4	1.474e3
1098.1	5.064e3
1099.2	3.467e3
1100.2	3.398e3
1100.9	6.170e2
1101.5	3.044e3
1102.4	2.001e3
1103.2	6.950e2
1104.0	3.193e3
1104.7	7.810e2
1105.3	3.332e3
1106.2	1.440e3
1106.8	1.607e3
1107.7	4.099e3
1108.9	3.140e3
1109.6	5.110e2
1110.2	4.244e3
1111.2	1.945e3
1112.3	2.443e3
1113.0	6.830e2
1113.7	6.470e2
1114.4	3.460e3
1115.0	7.590e2
1115.7	1.620e3
1116.4	1.549e3
1117.1	8.460e2
1117.7	3.794e3
1118.7	2.252e3
1119.9	1.767e3
1121.0	4.254e3
1122.0	1.317e3
1122.6	2.992e3
1123.4	1.632e3
1124.0	9.520e2
1124.7	3.764e3
1125.5	1.989e3
1126.4	3.207e3
1127.5	2.546e3
1128.2	1.430e3
1129.1	4.268e3
1130.1	2.818e3
1131.2	2.598e3
1132.0	3.209e3
1132.9	4.829e3
1133.8	1.575e3
1134.8	2.249e3
1135.4	7.810e2
1135.9	5.332e3
1136.9	1.934e3
1137.7	1.385e3
1138.5	1.748e3
1139.2	7.820e2
1140.0	2.119e3
1140.7	2.421e3
1141.4	3.957e3
1142.3	8.530e2
1142.8	5.330e3
1143.8	2.163e3
1144.6	4.346e3
1145.2	6.210e2
1145.9	2.186e3
1146.8	3.831e3
1147.5	5.700e2
1148.1	3.373e3
1148.7	4.160e2
1149.3	4.797e3
1150.3	2.704e3
1151.2	3.540e3
1152.0	3.360e2
1152.6	1.726e3
1153.5	2.464e3
1154.3	1.195e3
1155.3	1.387e3
1156.1	2.715e3
1157.2	2.962e3
1158.1	1.734e3
1158.8	7.200e1
1159.3	2.402e3
1160.2	3.015e3
1160.9	1.300e1
1161.4	2.136e3
1162.2	3.467e3
1162.8	5.640e2
1163.8	3.901e3
1164.4	1.200e2
1164.9	2.538e3
1166.1	3.730e2
1166.9	8.600e2
1167.6	4.683e3
1168.4	1.633e3
1169.3	2.884e3
1170.2	2.547e3
1171.1	2.192e3
1171.9	3.430e3
1173.0	2.198e3
1174.0	4.043e3
1174.8	1.522e3
1175.5	2.481e3
1176.6	7.340e2
1177.3	4.068e3
1177.8	6.080e2
1178.3	1.878e3
1179.1	3.298e3
1180.0	1.759e3
1180.9	1.671e3
1181.5	1.660e2
1182.0	3.500e3
1182.6	7.000e2
1183.5	4.607e3
1184.3	3.481e3
1184.9	6.750e2
1185.6	1.910e3
1186.5	2.323e3
1187.2	3.170e3
1188.1	9.600e2
1188.8	2.002e3
1189.4	2.890e2
1190.1	9.670e2
1190.8	7.980e2
1191.5	3.931e3
1192.1	9.090e2
1192.7	1.531e3
1193.6	4.852e3
1194.5	3.444e3
1195.5	1.131e3
1196.5	3.110e2
1197.2	3.896e3
1197.8	4.400e2
1198.5	2.690e3
1199.5	1.799e3
1200.3	3.069e3
1200.9	4.080e2
1201.7	9.420e2
1202.5	2.488e3
1203.1	6.800e1
1203.8	1.661e3
1204.8	1.635e3
1205.7	3.935e3
1206.3	6.170e2
1207.2	2.469e3
1208.2	2.014e3
1209.0	3.123e3
1209.5	4.550e2
1210.3	1.679e3
1211.2	2.505e3
1212.2	7.740e2
1213.1	1.971e3
1213.7	8.880e2
1214.5	1.015e3
1215.3	3.305e3
1216.1	8.080e2
1217.0	1.697e3
1217.9	2.332e3
1218.9	2.478e3
1219.8	3.370e3
1220.8	1.045e3
1221.7	3.170e3
1222.9	2.970e3
1223.7	1.604e3
1224.5	1.974e3
1225.0	1.300e1
1225.8	1.632e3
1226.6	3.635e3
1227.3	1.081e3
1228.4	4.664e3
1229.2	1.676e3
1229.9	7.800e2
1230.5	2.080e3
1231.4	1.286e3
1232.1	1.014e3
1233.3	1.617e3
1234.0	1.163e3
1234.8	3.128e3
1235.4	2.261e3
1237.2	3.196e3
1237.8	2.350e2
1238.5	2.358e3
1239.2	4.572e3
1240.3	3.750e3
1241.2	1.136e3
1241.9	4.902e3
1243.3	5.450e2
1244.2	5.029e3
1245.4	3.283e3
1246.2	7.060e2
1247.0	1.558e3
1247.7	2.664e3
1248.5	9.180e2
1249.1	2.255e3
1250.4	4.001e3
1251.5	4.911e3
1252.3	8.030e2
1253.0	1.980e3
1253.9	4.095e3
1254.6	1.108e3
1255.4	8.170e2
1256.1	1.780e2
1256.6	2.303e3
1257.5	1.462e3
1258.4	1.158e3
1259.1	2.747e3
1259.7	1.212e3
1260.6	9.780e2
1261.6	2.219e3
1262.7	1.687e3
1263.7	2.897e3
1264.7	1.611e3
1265.4	1.071e3
1266.1	2.117e3
1266.7	1.380e2
1267.3	2.415e3
1268.6	7.640e2
1269.2	1.560e3
1269.8	1.724e3
1270.6	8.870e2
1271.3	7.490e2
1272.0	2.422e3
1273.0	3.154e3
1273.9	1.028e3
1274.6	3.839e3
1275.6	2.148e3
1276.6	2.812e3
1277.3	3.130e2
1277.9	1.179e3
1278.6	4.590e2
1279.3	1.517e3
1280.2	1.961e3
1280.8	1.670e2
1281.5	3.173e3
1282.5	4.583e3
1283.3	1.396e3
1284.0	5.451e3
1285.1	1.271e3
1285.8	2.378e3
1286.5	3.090e2
1287.0	2.330e3
1287.6	8.900e1
1288.1	7.640e2
1289.0	2.250e3
1289.8	3.177e3
1291.1	3.067e3
1291.8	6.990e2
1292.4	2.210e2
1293.0	8.850e2
1293.7	2.920e2
1294.3	1.496e3
1295.6	2.221e3
1296.5	1.635e3
1297.7	1.215e3
1298.6	4.660e2
1299.1	3.775e3
1299.6	1.130e2
1300.2	1.942e3
1300.9	1.330e2
1301.7	6.430e2
1302.7	3.485e3
1303.5	2.678e3
1304.2	1.272e3
1305.0	1.693e3
1305.6	1.207e3
1306.3	2.615e3
1307.2	3.592e3
1308.4	1.293e3
1309.4	2.487e3
1310.1	9.190e2
1311.0	1.569e3
1311.7	4.396e3
1312.5	4.870e2
1313.5	1.147e3
1314.4	2.403e3
1315.1	9.760e2
1315.7	1.902e3
1317.1	2.437e3
1317.7	8.900e1
1318.3	2.009e3
1319.6	2.407e3
1320.5	1.738e3
1321.3	1.740e3
1322.4	2.672e3
1322.9	2.110e2
1323.7	3.713e3
1324.5	1.756e3
1326.0	8.670e2
1327.1	2.486e3
1327.8	1.630e3
1328.4	4.900e1
1329.0	2.576e3
1329.9	3.120e3
1330.6	2.069e3
1331.4	8.230e2
1332.1	3.203e3
1332.6	2.090e2
1333.2	2.649e3
1333.9	2.490e3
1334.9	3.330e3
1336.0	3.975e3
1337.2	2.930e2
1337.8	2.163e3
1338.9	3.553e3
1339.9	5.910e2
1340.8	3.516e3
1341.3	1.310e2
1342.0	2.460e2
1342.6	1.126e3
1343.6	1.036e3
1344.4	1.577e3
1345.1	3.670e2
1345.7	1.435e3
1346.3	6.900e2
1347.2	5.036e3
1348.2	5.710e2
1349.0	2.502e3
1349.6	5.500e1
1350.1	5.460e2
1350.7	1.844e3
1351.6	2.361e3
1352.3	1.987e3
1353.4	2.084e3
1354.4	2.181e3
1355.2	2.640e2
1355.7	5.920e2
1356.4	1.369e3
1357.2	2.449e3
1358.1	2.902e3
1358.9	1.728e3
1359.6	3.910e2
1360.1	7.040e2
1361.0	2.431e3
1361.6	5.490e2
1362.2	3.951e3
1363.2	1.903e3
1364.4	8.350e2
1365.1	3.140e2
1365.7	2.277e3
1366.7	2.053e3
1367.6	2.427e3
1368.5	7.010e2
1369.3	2.349e3
1370.4	2.068e3
1371.4	3.660e2
1372.1	1.805e3
1372.7	4.310e2
1373.4	4.100e2
1374.0	1.225e3
1374.9	1.445e3
1376.1	3.710e2
1377.0	9.650e2
1377.9	1.855e3
1379.1	1.603e3
1379.6	2.030e2
1380.5	3.622e3
1381.6	1.077e3
1382.6	7.390e2
1383.1	1.724e3
1383.9	5.520e2
1384.5	6.900e1
1385.3	2.280e2
1386.1	2.232e3
1387.0	7.070e2
1387.7	1.175e3
1388.8	4.587e3
1389.6	2.126e3
1390.5	7.130e2
1391.4	7.570e2
1392.2	2.005e3
1392.8	5.900e1
1393.5	2.771e3
1394.5	1.100e3
1395.9	1.414e3
1396.6	2.666e3
1397.5	3.550e2
1398.5	2.381e3
1399.4	2.130e3
1400.3	1.312e3
1401.7	7.080e2
1402.6	3.836e3
1403.2	4.710e2
1403.8	9.080e2
1404.4	3.264e3
1405.1	1.800e1
1405.7	9.540e2
1406.7	2.504e3
1407.5	9.800e2
1408.4	8.260e2
1409.6	1.503e3
1410.8	2.450e2
1411.5	7.740e2
1412.3	4.060e2
1413.3	2.346e3
1414.3	1.224e3
1415.1	1.284e3
1416.0	8.650e2
1416.7	2.680e2
1417.4	1.098e3
1418.5	3.029e3
1419.5	1.574e3
1420.5	6.810e2
1421.0	2.730e2
1421.6	1.684e3
1422.5	3.570e2
1423.1	1.250e2
1423.9	3.666e3
1424.7	1.346e3
1425.2	7.400e1
1425.8	4.514e3
1426.4	4.070e2
1427.0	2.680e2
1427.8	6.440e2
1429.4	1.403e3
1430.3	3.460e2
1431.0	1.674e3
1431.6	4.680e2
1432.3	1.591e3
1433.2	5.640e2
1434.0	1.754e3
1434.8	5.860e2
1435.6	2.645e3
1436.1	5.300e1
1436.7	1.373e3
1437.7	3.470e2
1438.6	1.381e3
1439.6	2.064e3
1440.6	9.140e2
1441.5	1.780e3
1442.3	7.590e2
1443.6	3.074e3
1444.2	5.180e2
1445.0	2.350e2
1445.7	7.430e2
1446.4	3.180e2
1447.0	1.069e3
1447.9	1.618e3
1448.6	6.850e2
1449.3	4.250e2
1450.4	1.106e3
1451.1	2.601e3
1451.8	1.330e2
1452.4	7.600e2
1453.2	1.920e2
1454.3	1.480e3
1455.0	6.370e2
1455.8	1.162e3
1456.8	2.364e3
1457.3	3.250e2
1457.9	1.309e3
1458.8	7.390e2
1460.0	2.677e3
1460.7	2.700e2
1461.3	2.728e3
1462.1	1.345e3
1462.8	6.950e2
1464.0	9.480e2
1464.8	1.291e3
1465.5	1.283e3
1466.3	1.474e3
1467.1	9.050e2
1467.9	8.060e2
1469.0	9.260e2
1470.0	6.240e2
1471.4	3.218e3
1472.3	1.523e3
1473.2	2.789e3
1474.1	1.619e3
1475.4	2.039e3
1476.4	1.134e3
1477.7	1.177e3
1478.3	5.450e2
1479.0	1.642e3
1480.3	9.400e2
1481.1	6.500e2
1481.9	2.397e3
1483.0	2.120e2
1483.7	1.364e3
1484.2	4.120e2
1485.4	3.290e2
1486.0	1.015e3
1487.6	1.380e3
1488.3	2.963e3
1489.6	1.918e3
1490.3	1.268e3
1491.0	1.377e3
1492.0	1.307e3
1492.9	8.070e2
1493.9	1.571e3
1494.9	8.990e2
1495.9	1.850e3
1496.6	6.350e2
1497.6	2.150e3
1498.5	1.682e3
1499.7	1.677e3
1500.7	4.680e2
1501.4	7.580e2
1502.4	6.670e2
1503.2	1.929e3
1504.0	3.740e2
1504.9	3.123e3
1505.6	5.420e2
1506.6	1.033e3
1507.6	2.687e3
1508.3	1.762e3
1509.2	5.200e2
1509.9	7.990e2
1510.7	1.264e3
1511.7	4.080e2
1512.7	1.567e3
1513.4	8.020e2
1514.1	1.603e3
1514.9	3.670e2
1515.7	1.229e3
1516.4	7.580e2
1517.5	4.870e2
1518.4	3.095e3
1519.4	1.424e3
1520.3	1.200e1
1521.0	8.950e2
1521.5	1.830e2
1522.1	1.910e3
1522.9	2.860e2
1523.5	2.152e3
1524.5	2.527e3
1525.5	1.294e3
1526.3	7.860e2
1527.1	1.352e3
1527.9	7.850e2
1529.0	1.340e3
1530.1	2.222e3
1530.8	1.280e2
1531.6	1.962e3
1532.6	3.270e2
1533.5	3.907e3
1534.4	2.431e3
1535.3	2.800e1
1535.9	1.093e3
1537.0	1.190e3
1537.6	1.730e2
1538.6	5.120e2
1539.5	7.110e2
1540.1	2.163e3
1540.6	1.650e2
1541.9	8.050e2
1542.6	5.000e2
1544.2	2.340e3
1545.0	6.620e2
1545.8	1.546e3
1546.3	2.050e2
1547.0	1.042e3
1547.6	2.410e2
1548.2	2.685e3
1548.8	4.620e2
1549.7	1.799e3
1550.2	1.440e2
1550.9	2.500e2
1551.5	6.000e2
1552.4	1.138e3
1553.2	2.599e3
1553.9	1.820e2
1554.6	1.454e3
1555.2	4.150e2
1556.4	2.600e1
1558.0	1.285e3
1558.8	6.030e2
1559.7	1.292e3
1560.3	6.640e2
1561.2	8.040e2
1562.5	5.600e1
1563.5	3.730e2
1565.2	5.470e2
1565.9	4.870e2
1566.5	2.920e3
1567.4	2.806e3
1568.3	5.320e2
1569.0	1.220e2
1570.3	4.530e2
1571.0	1.941e3
1572.0	1.040e2
1573.2	3.556e3
1574.1	1.642e3
1574.8	8.980e2
1575.7	2.226e3
1576.4	4.080e2
1577.3	2.091e3
1578.2	3.330e2
1578.8	8.370e2
1579.5	2.652e3
1580.3	3.930e2
1580.8	1.783e3
1581.3	2.240e2
1581.9	1.953e3
1583.1	1.746e3
1584.1	9.100e1
1584.6	1.030e3
1586.1	2.060e3
1587.2	1.275e3
1588.0	1.357e3
1588.8	1.050e3
1589.4	9.830e2
1590.1	4.100e2
1591.2	1.301e3
1592.0	1.740e2
1592.8	1.201e3
1593.9	1.895e3
1594.7	9.950e2
1595.4	6.410e2
1596.3	1.934e3
1597.7	9.340e2
1599.0	1.853e3
1599.5	3.070e2
1600.2	4.600e2
1601.0	7.300e1
1601.8	1.758e3
1602.7	1.990e3
1604.3	1.290e2
1604.9	1.746e3
1605.7	6.580e2
1607.1	1.660e2
1608.4	9.550e2
1609.5	7.320e2
1611.0	9.820e2
1611.6	2.215e3
1612.5	2.870e2
1613.2	9.000e1
1613.9	1.778e3
1614.9	6.190e2
1615.7	6.150e2
1616.7	1.997e3
1617.2	2.380e2
1617.9	1.956e3
1618.7	3.260e2
1619.3	5.350e2
1620.8	1.272e3
1622.2	1.381e3
1623.1	4.770e2
1623.9	1.346e3
1625.1	1.840e2
1625.7	1.017e3
1626.4	1.002e3
1627.3	8.340e2
1628.2	5.980e2
1629.0	2.335e3
1630.0	2.035e3
1631.1	1.990e2
1631.7	5.430e2
1632.5	5.470e2
1633.1	2.320e2
1634.1	1.688e3
1635.4	1.300e1
1635.9	2.077e3
1636.7	1.160e3
1637.8	2.990e2
1638.7	6.750e2
1639.3	2.500e2
1640.1	9.610e2
1641.7	1.110e3
1642.8	1.886e3
1643.7	2.339e3
1645.2	1.673e3
1646.3	1.213e3
1647.0	7.700e2
1647.9	3.710e2
1648.7	2.870e2
1649.5	8.310e2
1650.5	5.840e2
1651.8	8.560e2
1652.4	1.450e2
1653.0	1.197e3
1653.7	1.723e3
1654.5	8.920e2
1655.3	1.743e3
1656.6	1.097e3
1657.7	8.370e2
1658.7	2.238e3
1659.4	2.210e2
1660.1	6.520e2
1661.1	1.394e3
1661.9	3.590e2
1662.9	1.062e3
1664.0	1.015e3
1664.9	1.745e3
1665.7	8.090e2
1666.3	1.300e1
1667.0	5.770e2
1668.0	1.057e3
1668.8	1.662e3
1669.6	1.251e3
1670.5	1.047e3
1671.1	1.271e3
1672.2	1.405e3
1672.9	1.170e2
1673.8	1.034e3
1674.8	9.720e2
1675.6	1.049e3
1676.5	1.111e3
1677.7	5.150e2
1678.7	4.000e2
1680.0	2.596e3
1682.7	8.280e2
1683.6	1.275e3
1684.5	4.250e2
1685.5	2.690e2
1686.3	1.093e3
1687.1	3.720e2
1688.5	1.014e3
1689.5	1.027e3
1690.3	1.196e3
1691.1	2.260e3
1691.9	2.199e3
1693.0	2.323e3
1693.5	1.300e1
1694.2	1.555e3
1695.3	1.070e2
1696.3	1.721e3
1697.3	1.739e3
1698.1	3.070e2
1698.8	5.600e1
1699.7	1.190e3
1700.5	4.130e2
1701.5	5.840e2
1702.3	1.275e3
1703.0	1.302e3
1703.5	3.380e2
1704.6	5.360e2
1705.4	3.076e3
1706.4	2.660e2
1707.4	1.169e3
1709.1	3.220e2
1709.8	1.273e3
1710.4	2.140e2
1711.3	8.370e2
1712.2	9.910e2
1713.5	4.100e2
1715.5	9.860e2
1716.2	8.020e2
1717.2	2.310e2
1718.2	6.990e2
1719.5	1.348e3
1720.2	9.500e1
1720.8	1.225e3
1721.9	1.743e3
1722.6	1.165e3
1723.7	2.051e3
1724.7	1.233e3
1725.6	6.720e2
1726.4	9.600e1
1727.0	1.196e3
1728.2	7.930e2
1729.1	9.370e2
1729.9	6.110e2
1731.0	1.692e3
1731.9	1.058e3
1732.6	1.151e3
1733.5	5.870e2
1734.3	1.946e3
1735.0	6.930e2
1735.6	3.460e2
1736.4	4.310e2
1736.9	9.620e2
1738.3	2.322e3
1740.3	1.345e3
1740.9	5.070e2
1742.2	1.300e1
1742.8	8.880e2
1743.7	7.120e2
1745.3	8.260e2
1746.7	4.690e2
1747.7	9.850e2
1748.4	6.890e2
1749.3	1.250e3
1750.2	4.600e2
1751.0	4.750e2
1751.8	2.990e2
1752.4	5.400e2
1753.6	1.150e3
1754.7	1.272e3
1755.6	1.193e3
1756.4	7.950e2
1757.2	6.700e1
1758.2	9.920e2
1760.7	7.330e2
1761.4	4.590e2
1762.0	1.502e3
1764.1	1.050e3
1765.1	1.322e3
1766.2	3.727e3
1766.9	1.356e3
1767.7	1.565e3
1768.5	2.580e2
1769.3	7.840e2
1771.3	1.258e3
1772.0	9.410e2
1772.8	4.060e2
1774.0	2.986e3
1775.1	6.640e2
1776.5	3.220e2
1777.4	8.900e2
1778.0	1.520e3
1779.0	2.380e2
1779.8	5.720e2
1780.9	2.500e1
1781.8	2.600e2
1782.3	1.048e3
1783.3	4.440e2
1785.8	4.850e2
1786.5	5.700e2
1787.3	3.583e3
1788.4	1.580e2
1789.1	1.600e1
1789.9	5.440e2
1791.1	1.270e2
1791.6	2.630e2
1792.6	8.660e2
1793.4	3.280e2
1794.1	1.566e3
1795.0	2.799e3
1795.6	1.830e2
1796.2	1.440e2
1797.0	6.110e2
1797.5	1.200e1
1798.8	5.790e2
1799.4	1.520e2
1800.2	9.470e2
1800.8	6.730e2
1801.5	3.310e2
1802.2	2.737e3
1802.9	1.219e3
1804.5	2.060e2
1805.1	9.420e2
1805.8	4.170e2
1806.4	1.269e3
1807.0	3.940e2
1808.2	4.116e3
1808.9	1.165e3
1809.6	1.947e3
1810.2	1.690e2
1810.8	1.765e3
1811.5	8.750e2
1812.4	6.470e2
1813.0	2.740e2
1813.7	8.390e2
1814.7	2.220e2
1815.3	1.608e3
1816.9	2.134e3
1817.4	2.920e2
1818.0	1.741e3
1819.1	1.345e3
1820.2	1.065e3
1821.4	3.450e2
1822.6	9.470e2
1823.5	8.660e2
1824.3	8.790e2
1825.2	1.189e3
1826.7	2.265e3
1828.7	1.046e3
1829.5	1.440e2
1830.6	1.880e3
1831.8	6.330e2
1832.6	2.700e1
1833.2	1.498e3
1834.0	1.287e3
1834.8	1.506e3
1836.2	1.250e3
1836.8	6.800e1
1837.6	1.093e3
1838.2	8.730e2
1839.2	1.078e3
1839.9	3.960e2
1842.0	3.520e2
1842.6	1.400e1
1843.2	3.520e2
1844.5	2.023e3
1845.5	2.355e3
1846.4	3.920e2
1847.2	8.420e2
1848.3	6.330e2
1849.9	5.470e2
1851.0	1.474e3
1852.0	1.162e3
1853.4	1.200e1
1854.0	5.500e2
1854.9	3.110e2
1855.6	6.010e2
1856.6	3.020e2
1857.8	1.205e3
1859.3	1.142e3
1860.6	1.300e1
1862.7	3.510e2
1863.5	9.910e2
1864.4	7.010e2
1865.8	6.090e2
1867.3	6.340e2
1868.1	1.620e2
1868.9	1.091e3
1869.6	6.100e2
1870.8	1.600e1
1871.3	4.920e2
1872.3	1.620e3
1873.6	7.140e2
1874.6	5.020e2
1875.5	3.480e2
1876.3	3.530e2
1877.3	9.480e2
1878.2	1.500e3
1878.8	5.480e2
1880.1	6.140e2
1880.9	6.750e2
1881.5	8.200e1
1882.5	2.440e2
1883.5	4.550e2
1884.1	7.690e2
1885.8	1.700e2
1886.4	3.400e2
1887.2	7.940e2
1887.9	9.860e2
1888.5	1.477e3
1889.4	7.370e2
1890.1	1.100e2
1890.9	2.330e2
1891.5	1.034e3
1892.5	6.220e2
1893.5	1.100e1
1894.1	1.200e1
1895.0	8.870e2
1895.8	2.160e2
1897.0	3.130e2
1897.9	1.800e1
1898.6	4.040e2
1899.3	1.970e2
1899.9	3.910e2
1902.2	1.127e3
1903.8	4.100e1
1904.9	1.550e2
1905.8	3.150e2
1907.0	8.390e2
1907.6	2.880e2
1908.2	1.644e3
1909.3	1.290e2
1910.0	3.790e2
1911.1	5.740e2
1912.5	4.560e2
1913.5	7.630e2
1914.3	1.096e3
1915.3	4.360e2
1915.8	1.629e3
1916.6	4.300e1
1918.2	8.830e2
1919.4	1.960e2
1920.1	1.241e3
1920.9	8.790e2
1921.6	2.220e2
1922.2	6.070e2
1923.0	4.440e2
1923.7	1.830e2
1924.4	1.190e2
1925.3	4.520e2
1926.2	1.130e3
1927.3	9.880e2
1929.0	2.637e3
1930.6	9.110e2
1931.8	4.500e1
1932.6	4.710e2
1933.5	9.800e1
1934.5	4.870e2
1936.0	1.068e3
1937.2	2.320e2
1938.5	6.790e2
1939.6	4.300e2
1941.6	3.220e2
1942.2	5.950e2
1943.5	1.284e3
1944.6	1.193e3
1946.0	6.450e2
1947.3	4.380e2
1948.3	2.250e2
1949.8	2.710e2
1950.8	1.930e2
1951.3	1.012e3
1952.4	5.020e2
1953.2	1.163e3
1955.4	5.840e2
1956.0	5.600e1
1956.9	1.285e3
1958.7	3.120e2
1959.4	1.200e1
1960.5	2.850e2
1962.3	6.700e1
1963.1	1.120e2
1964.3	1.439e3
1966.0	1.390e2
1966.5	1.800e1
1967.0	7.950e2
1969.3	1.930e2
1970.6	2.300e1
1971.9	3.440e2
1973.2	7.640e2
1974.7	7.900e1
1975.3	1.890e2
1975.9	8.820e2
1976.9	1.500e2
1978.1	3.350e2
1978.8	3.780e2
1979.7	4.540e2
1980.7	1.193e3
1982.1	6.480e2
1983.1	1.410e2
1983.9	9.340e2
1985.2	5.280e2
1986.2	1.470e2
1987.3	3.660e2
1988.3	6.020e2
1991.0	4.960e2
1992.1	8.730e2
1992.9	1.690e2
1993.7	3.580e2
1994.4	2.080e2
1994.9	6.300e2
1995.9	1.400e1
1997.5	5.120e2
1998.3	1.400e1
1998.9	9.000e2
