100.1	3.854e3
101.0	7.420e4
101.5	3.600e1
102.0	1.657e4
103.0	1.745e4
104.0	1.287e3
105.0	3.243e3
106.1	3.950e2
107.0	9.430e2
108.0	1.996e4
109.1	1.497e3
110.0	9.540e2
111.0	1.456e3
112.2	5.390e2
113.0	1.138e5
113.5	2.600e1
114.0	2.771e3
115.0	8.072e3
115.5	1.900e1
116.1	3.404e3
117.0	1.004e5
118.0	1.186e4
119.0	1.131e4
119.5	3.000e0
120.0	1.300e3
121.0	2.096e3
122.0	5.680e2
122.6	2.300e1
123.1	6.600e2
124.0	2.188e3
124.5	3.600e1
125.1	2.959e3
125.9	1.352e3
126.5	2.000e1
127.0	1.425e3
128.0	1.439e3
129.1	1.697e3
130.0	1.205e4
131.0	2.562e3
132.1	6.520e2
133.0	3.801e3
134.1	7.170e2
135.0	6.579e3
135.5	7.900e1
136.1	2.017e3
137.0	3.418e3
138.0	1.004e3
139.0	2.130e3
140.1	1.735e3
140.7	9.700e1
141.2	3.483e3
142.1	1.230e3
143.1	2.491e3
144.0	1.403e3
145.0	5.707e3
146.0	4.199e3
147.0	2.273e4
148.1	2.532e3
149.0	4.498e3
150.0	3.518e3
151.0	3.482e3
151.5	1.100e2
152.0	1.517e4
153.0	6.076e3
154.0	1.192e3
155.1	2.837e3
156.1	2.957e3
157.1	3.580e3
158.1	2.401e3
159.0	2.376e3
160.0	1.587e3
160.9	6.502e3
162.0	9.480e2
163.0	6.802e3
164.0	1.360e3
165.0	3.330e3
165.9	9.700e2
167.1	1.540e3
168.1	2.302e3
169.0	5.338e3
170.1	1.190e3
171.0	3.224e3
171.5	5.000e0
172.0	1.203e3
173.0	2.770e3
174.0	5.185e3
175.0	2.434e4
176.0	4.980e3
177.0	2.636e3
178.0	1.574e3
178.5	7.300e1
179.1	4.080e3
180.0	1.597e3
181.0	3.177e4
182.0	2.136e3
183.1	2.442e3
184.0	1.867e3
184.9	2.839e3
185.4	1.320e2
186.0	2.602e3
187.1	4.111e3
188.0	2.378e3
189.0	2.257e3
190.0	1.803e3
191.0	1.683e4
191.5	5.800e1
192.1	2.437e3
193.1	6.540e3
194.0	1.693e3
195.0	5.270e3
196.0	5.582e3
197.1	1.652e3
198.0	6.006e3
198.6	9.400e1
199.1	1.785e3
200.0	2.543e3
201.0	3.477e3
202.0	3.077e3
203.1	1.712e3
204.0	1.799e3
204.5	5.100e1
205.1	2.016e3
206.1	1.086e3
207.0	8.468e3
207.5	3.000e0
208.1	2.481e3
209.1	2.374e3
210.0	1.414e3
210.5	1.100e1
211.1	2.001e3
212.2	1.854e4
213.1	5.818e3
214.0	2.185e3
214.9	2.851e3
216.0	1.318e3
217.1	3.045e3
218.0	3.764e3
218.5	1.190e2
219.1	5.071e3
220.1	6.997e3
220.6	1.320e2
221.1	5.063e3
222.0	1.624e3
222.5	4.000e0
223.0	4.501e3
224.0	1.010e3
225.0	3.341e3
225.5	4.600e1
226.0	2.265e3
226.5	2.500e1
227.1	1.971e3
228.1	2.008e3
229.0	1.988e3
230.0	1.831e3
231.0	1.546e3
232.1	1.726e3
233.1	3.122e3
234.0	2.135e3
234.5	1.600e1
235.1	1.912e3
236.0	5.812e3
237.0	2.133e3
238.0	1.627e3
238.6	3.300e1
239.1	5.706e3
240.0	5.152e3
241.0	2.497e3
241.6	4.700e1
242.1	4.418e3
243.1	8.206e3
244.1	9.009e3
245.0	2.043e3
245.9	3.095e3
246.5	2.700e1
247.1	2.100e3
248.1	2.128e3
249.1	8.310e4
249.6	5.100e1
250.1	5.874e3
251.0	4.084e3
252.0	1.852e3
252.6	6.300e1
253.1	2.824e3
254.0	1.405e3
254.7	8.300e1
255.3	4.807e3
256.1	4.900e2
257.0	2.133e3
258.1	1.661e3
258.6	4.000e1
259.1	2.874e3
259.6	3.300e1
260.1	1.867e3
261.1	3.293e3
262.0	2.771e3
262.9	5.499e3
263.4	6.700e1
264.0	2.781e3
264.6	1.600e1
265.1	3.149e3
266.0	5.125e3
266.5	3.500e1
267.1	3.248e3
268.0	1.980e3
268.5	1.400e1
269.1	4.537e3
269.6	4.200e1
270.1	2.447e3
271.0	2.474e3
272.0	2.120e3
273.0	2.832e3
274.0	1.277e3
275.0	1.182e4
276.0	2.224e3
277.1	2.460e3
278.1	1.587e3
278.6	4.000e0
279.2	3.259e3
280.1	2.069e3
280.7	6.000e0
281.2	5.813e3
282.1	3.318e3
282.6	4.700e1
283.2	3.455e3
284.0	2.759e3
285.0	3.429e3
286.0	1.811e3
287.1	2.876e3
288.1	1.459e4
288.6	9.000e1
289.1	5.900e3
290.0	3.565e3
291.0	7.057e3
292.0	2.945e3
292.6	1.810e2
293.2	4.260e3
294.2	1.463e3
294.7	2.380e2
295.3	3.014e3
296.2	1.825e3
297.0	2.459e3
297.9	3.463e3
298.5	3.050e2
299.2	2.794e3
300.1	1.443e3
301.1	3.710e3
302.0	2.075e3
302.6	1.490e2
303.2	4.057e3
304.0	2.680e3
304.6	2.800e1
305.1	5.287e3
305.6	2.300e1
306.1	3.279e3
307.1	9.699e3
308.0	4.584e3
308.5	2.970e2
309.2	4.501e3
310.1	3.790e3
311.1	8.687e3
312.1	6.429e3
312.6	2.200e1
313.1	5.954e3
314.0	1.922e3
314.5	6.700e1
315.1	3.215e3
316.2	1.678e3
317.1	1.014e5
318.1	7.144e3
319.0	3.972e3
320.0	2.782e3
320.5	1.100e1
321.1	4.883e3
321.9	1.993e3
322.6	2.050e2
323.2	5.670e3
324.0	2.581e3
324.6	1.650e2
325.2	5.363e3
326.0	1.878e3
326.6	2.570e2
327.1	8.535e3
328.1	4.023e3
329.0	9.312e3
329.9	4.805e3
330.5	2.000e1
331.1	4.445e3
332.1	1.907e3
332.6	1.430e2
333.1	3.719e3
334.1	6.885e3
335.0	4.214e3
336.0	2.686e3
336.5	1.170e2
337.1	4.184e3
338.0	2.371e3
338.5	2.370e2
339.1	2.869e3
339.8	4.677e3
340.4	4.400e2
341.1	4.486e3
342.1	2.258e3
343.0	1.044e4
343.5	1.130e2
344.0	3.299e3
345.0	3.340e3
345.6	2.500e1
346.1	2.573e3
347.1	4.513e3
348.0	2.189e3
348.7	5.690e2
349.3	5.450e3
350.2	2.296e3
350.9	7.370e2
351.5	3.290e3
352.2	8.040e2
353.1	8.886e3
354.0	2.159e3
354.6	1.370e2
355.1	5.523e3
356.1	1.861e4
357.1	7.179e3
358.0	2.681e3
358.6	4.000e0
359.1	4.603e3
359.6	3.000e1
360.1	2.920e3
361.0	2.683e3
361.9	1.969e3
362.5	1.070e2
363.1	3.787e3
364.0	1.793e3
364.6	3.060e2
365.1	2.541e3
366.1	3.832e3
367.1	2.068e3
368.0	1.656e3
368.6	1.660e2
369.2	7.792e3
370.1	2.517e3
371.1	2.511e3
372.0	2.738e3
372.5	8.600e1
373.1	3.438e3
374.0	1.950e3
375.0	4.224e3
376.0	1.891e3
376.5	9.100e1
377.1	3.546e3
378.1	2.922e3
379.0	9.509e3
380.0	4.928e3
380.7	2.390e2
381.3	4.037e3
382.2	2.597e3
382.7	1.290e2
383.2	3.451e3
384.2	1.930e3
385.1	5.063e4
386.0	6.130e3
387.0	2.903e3
388.0	2.071e3
388.5	6.700e1
389.0	2.208e3
389.9	3.305e3
391.0	1.914e3
391.8	4.248e3
392.4	2.010e2
393.0	2.946e3
394.1	2.570e3
394.6	1.390e2
395.1	5.784e3
396.0	2.766e3
396.5	1.340e2
397.0	1.076e4
398.0	3.847e3
399.0	4.897e3
400.0	2.566e3
400.6	1.230e2
401.1	4.142e3
402.1	3.877e3
403.1	2.540e3
404.0	2.440e3
405.0	2.496e3
406.0	1.765e3
407.0	2.696e3
408.1	4.084e3
408.7	1.570e2
409.3	3.325e3
410.2	1.705e3
411.1	8.659e3
412.1	3.116e3
413.1	2.837e3
414.0	2.756e3
414.6	2.880e2
415.1	2.712e3
416.0	1.653e3
416.7	7.800e1
417.2	4.411e3
418.1	2.224e3
419.1	2.697e3
419.6	1.700e2
420.2	1.566e3
421.1	4.520e3
422.1	3.052e3
422.6	7.000e1
423.2	4.326e3
424.1	1.173e4
425.1	4.292e3
426.1	1.668e3
427.1	9.175e3
428.0	3.373e3
428.6	3.270e2
429.2	3.988e3
430.1	2.183e3
430.6	4.700e1
431.1	3.579e3
432.1	2.442e3
432.8	5.140e2
433.4	7.175e3
434.4	3.517e3
435.3	4.656e3
436.4	1.001e4
437.4	8.479e3
438.3	4.085e3
439.2	2.166e3
440.1	2.009e3
440.8	4.416e3
441.4	4.240e2
442.1	2.502e3
443.1	5.954e3
444.0	2.407e3
444.9	1.956e3
445.6	5.971e3
446.3	1.389e3
447.1	5.972e3
448.1	3.107e3
449.1	2.549e3
449.6	1.200e1
450.1	2.442e3
450.7	2.760e2
451.3	4.669e3
452.2	4.205e3
453.1	4.376e4
454.0	6.748e3
454.8	1.781e3
455.5	3.236e3
456.5	2.622e3
457.4	5.658e3
458.1	1.970e3
458.9	2.110e3
459.6	4.904e3
460.3	9.010e2
461.1	2.773e3
461.8	7.990e2
462.3	1.197e4
463.3	7.774e3
464.0	1.689e3
464.7	1.180e4
465.5	1.201e4
466.4	5.541e3
467.3	4.592e3
468.2	2.019e3
469.0	4.969e3
470.0	5.357e3
471.0	3.250e3
471.9	2.861e3
472.7	8.690e2
473.3	5.406e3
474.3	2.900e3
475.3	5.065e3
476.2	3.338e3
477.1	4.758e3
477.8	1.123e3
478.6	1.176e4
479.4	7.224e3
480.0	6.630e2
480.5	1.381e4
481.5	6.585e3
482.2	2.010e3
483.0	4.162e3
483.7	6.580e2
484.3	2.540e3
485.3	7.244e3
486.2	3.677e3
486.8	1.160e2
487.3	3.292e3
488.1	1.374e3
488.8	3.166e3
489.4	1.420e2
489.9	3.219e3
490.5	5.280e2
491.1	4.962e3
492.1	1.154e4
492.7	1.129e3
493.3	5.766e3
494.1	2.365e3
495.1	6.787e3
496.0	3.554e3
496.5	3.560e2
497.1	3.541e3
498.0	3.906e3
498.6	5.950e2
499.2	3.738e3
499.9	6.290e2
500.5	2.624e3
501.5	5.552e3
502.4	2.410e3
503.3	6.264e3
504.0	6.710e2
504.6	5.675e3
505.5	4.078e3
506.5	6.582e3
507.2	1.875e3
508.0	4.961e3
508.6	3.910e2
509.1	4.750e3
510.0	2.813e3
510.6	4.900e1
511.1	6.928e3
512.0	2.718e3
513.1	3.644e3
513.6	4.400e1
514.1	3.327e3
515.1	5.231e3
516.0	2.231e3
516.6	6.470e2
517.3	3.771e3
518.2	2.717e3
518.7	9.100e1
519.2	4.768e3
520.2	2.526e3
521.1	3.568e4
522.0	7.009e3
523.0	4.507e3
523.7	1.518e3
524.5	3.470e3
525.2	1.762e3
525.9	3.405e3
526.7	7.720e2
527.4	4.083e3
528.2	1.698e3
529.0	3.018e3
529.5	1.570e2
530.1	4.731e3
530.6	9.800e1
531.1	5.777e3
531.7	4.340e2
532.3	2.366e3
533.2	6.523e3
534.1	3.049e3
535.0	4.034e3
535.5	2.600e1
536.1	2.602e3
537.0	4.756e3
537.5	4.250e2
538.1	4.664e3
538.7	4.750e2
539.3	3.265e3
539.9	7.670e2
540.6	4.979e3
541.4	3.392e3
542.3	2.749e3
543.2	2.694e3
544.2	2.368e3
545.2	3.175e3
546.2	2.583e3
547.0	8.564e3
547.6	6.430e2
548.3	4.843e3
549.3	2.982e3
550.2	3.338e3
551.0	3.847e3
551.6	2.060e2
552.1	2.188e3
553.0	4.954e3
553.6	3.310e2
554.1	2.164e3
555.0	3.948e3
556.0	2.355e3
557.0	3.373e3
558.0	2.636e3
558.5	1.190e2
559.0	2.904e3
559.6	1.070e2
560.1	8.847e3
561.0	4.091e3
562.0	2.149e3
563.0	5.052e3
563.6	1.740e2
564.2	4.410e3
565.1	3.125e3
565.8	1.202e3
566.5	4.745e3
567.0	1.120e2
567.5	3.176e3
568.2	1.306e3
569.0	3.229e3
569.6	4.530e2
570.1	4.512e3
570.8	1.434e3
571.5	7.971e3
572.3	2.075e3
573.0	4.583e3
573.9	2.147e3
574.8	4.235e3
575.5	1.163e3
576.2	2.715e3
576.7	5.200e1
577.2	3.420e3
578.1	1.277e3
579.0	6.100e3
579.9	1.435e3
580.7	4.412e3
581.2	1.500e1
581.7	3.896e3
582.5	1.172e3
583.2	3.825e3
584.0	1.477e3
584.8	2.093e3
585.3	2.150e2
585.9	3.515e3
586.8	1.987e3
587.7	2.920e3
588.4	1.373e3
589.1	2.823e4
590.0	5.240e3
590.7	4.650e2
591.3	4.344e3
592.2	2.563e3
592.8	2.630e2
593.4	4.297e3
594.0	2.450e2
594.6	2.436e3
595.5	4.818e3
596.2	1.600e2
596.8	2.646e3
597.4	6.900e1
597.9	3.475e3
598.5	4.500e2
599.2	3.715e3
600.1	3.288e3
600.9	2.972e3
601.8	4.272e3
602.4	4.530e2
603.0	3.429e3
603.9	2.538e3
604.5	4.660e2
605.1	4.264e3
606.1	2.974e3
606.9	3.241e3
607.9	2.283e3
608.6	3.960e2
609.2	3.357e3
609.7	1.850e2
610.3	3.844e3
610.8	2.200e2
611.3	3.791e3
612.4	2.122e3
613.1	1.838e3
614.0	3.199e3
614.5	4.000e1
615.0	7.154e3
615.6	5.870e2
616.3	3.130e3
617.1	2.591e3
618.0	4.108e3
618.6	1.900e2
619.1	2.771e3
620.1	2.287e3
621.1	3.822e3
622.0	2.401e3
622.8	1.985e3
623.6	3.306e3
624.2	1.560e2
624.8	3.682e3
625.6	2.608e3
626.4	8.180e2
627.1	4.329e3
628.2	7.748e3
629.1	3.551e3
630.1	1.890e3
631.0	4.910e3
631.9	1.458e3
632.6	5.904e3
633.5	4.319e3
634.1	1.230e2
634.6	3.173e3
635.5	3.019e3
636.0	3.700e1
636.6	4.179e3
637.2	2.950e2
637.8	3.104e3
638.6	7.180e2
639.2	3.426e3
640.2	2.308e3
640.7	2.520e2
641.2	3.939e3
641.9	9.380e2
642.6	3.177e3
643.2	3.330e2
643.8	2.083e3
644.5	7.850e2
645.2	2.650e3
646.2	1.999e3
647.1	4.287e3
647.6	3.600e1
648.1	3.483e3
648.7	1.430e2
649.3	3.792e3
650.1	1.207e3
650.9	5.087e3
651.7	2.712e3
652.6	2.033e3
653.4	2.704e3
654.4	3.429e3
655.3	2.396e3
656.3	2.679e3
657.1	2.301e4
658.1	6.409e3
658.7	1.079e3
659.3	5.653e3
660.2	2.982e3
660.8	5.030e2
661.4	4.551e3
662.0	8.460e2
662.7	2.529e3
663.6	4.196e3
664.2	5.500e2
664.8	3.223e3
665.7	3.637e3
666.4	7.970e2
667.1	4.904e3
668.0	1.980e3
669.0	3.605e3
669.7	5.000e2
670.3	3.489e3
671.3	3.306e3
672.2	1.963e3
673.1	4.761e3
674.0	3.587e3
675.0	4.096e3
675.7	1.282e3
676.5	3.716e3
677.0	7.400e1
677.6	5.943e3
678.5	2.840e3
679.4	5.187e3
679.9	2.030e2
680.4	2.971e3
681.3	3.685e3
682.2	3.130e3
683.1	1.081e4
683.8	1.495e3
684.4	5.286e3
684.9	7.400e1
685.5	5.686e3
686.2	1.827e3
687.0	2.772e3
688.0	2.664e3
689.1	3.472e3
689.8	2.068e3
690.6	3.954e3
691.2	2.480e2
691.8	3.362e3
692.3	6.100e1
692.8	2.916e3
693.8	4.120e3
694.4	7.600e2
695.1	5.183e3
695.6	4.200e1
696.1	6.754e3
696.8	6.190e2
697.4	3.341e3
698.1	5.770e2
698.7	8.695e3
699.7	3.700e3
700.2	1.750e2
700.8	3.889e3
701.5	1.372e3
702.1	3.145e3
703.0	2.108e3
703.6	4.740e2
704.2	2.346e3
705.2	2.371e3
705.9	8.070e2
706.5	1.822e3
707.4	3.401e3
708.0	6.420e2
708.6	4.224e3
709.6	3.653e3
710.5	2.004e3
711.3	3.412e3
711.9	2.010e2
712.4	3.910e3
713.4	2.885e3
714.1	8.980e2
714.9	6.210e3
715.7	2.252e3
716.6	2.772e3
717.5	4.177e3
718.3	1.325e3
719.1	4.314e3
719.8	7.760e2
720.5	3.292e3
721.4	2.802e3
722.2	3.114e3
723.2	4.001e3
724.2	2.324e3
725.1	1.662e4
725.6	3.710e2
726.1	5.331e3
726.7	2.670e2
727.2	3.794e3
728.0	2.199e3
729.1	2.894e3
730.0	3.454e3
730.6	3.210e2
731.2	3.565e3
731.7	8.000e1
732.2	2.073e3
732.9	7.240e2
733.6	2.703e3
734.2	1.970e2
734.9	5.375e3
735.9	3.900e3
736.7	1.138e3
737.4	3.788e3
738.1	8.390e2
738.9	3.579e3
739.7	1.401e3
740.5	2.455e3
741.3	4.896e3
742.3	3.417e3
743.0	1.339e3
743.7	3.657e3
744.7	2.033e3
745.5	4.047e3
746.3	7.410e2
747.0	3.427e3
747.5	5.100e1
748.0	4.137e3
749.0	2.192e3
749.5	2.050e2
750.0	3.054e3
751.0	8.374e3
752.0	4.477e3
752.8	1.853e3
753.6	3.896e3
754.5	2.934e3
755.2	7.250e2
755.9	2.224e3
756.5	5.570e2
757.2	3.314e3
758.0	1.596e3
758.9	3.447e3
759.7	1.037e3
760.5	2.153e3
761.5	3.767e3
762.3	1.222e3
763.1	4.675e3
763.6	7.600e1
764.1	6.956e3
764.7	1.820e2
765.3	3.249e3
766.2	2.137e3
767.1	4.280e3
767.6	8.800e1
768.1	3.089e3
768.7	1.220e2
769.2	2.306e3
769.9	6.360e2
770.6	2.412e3
771.4	2.440e3
772.2	1.204e3
773.0	2.597e3
773.6	4.000e0
774.1	2.882e3
774.7	4.430e2
775.4	3.085e3
776.0	6.390e2
776.7	3.419e3
777.3	1.750e2
777.8	3.060e3
778.8	2.573e3
779.8	1.978e3
780.3	3.920e2
781.0	2.664e3
781.9	1.742e3
783.0	3.556e3
783.5	2.530e2
784.0	2.164e3
785.0	2.982e3
785.5	8.200e1
786.0	2.731e3
787.0	3.880e3
787.9	2.154e3
788.9	2.899e3
789.5	5.320e2
790.1	2.780e3
790.9	1.232e3
791.6	2.767e3
792.3	7.510e2
793.1	1.245e4
793.9	2.962e3
794.7	8.012e3
795.4	4.200e2
796.0	4.909e3
796.9	3.686e3
797.9	3.120e3
798.5	3.920e2
799.1	3.971e3
799.7	2.620e2
800.3	3.082e3
801.1	2.263e3
801.8	9.720e2
802.5	2.999e3
803.3	2.555e3
804.0	4.750e2
804.6	3.075e3
805.3	6.060e2
805.9	2.236e3
806.5	6.430e2
807.1	3.438e3
808.0	1.727e3
808.9	3.696e3
809.8	4.796e3
810.7	2.611e3
811.3	2.450e2
811.9	1.989e3
812.4	1.100e1
812.9	2.460e3
813.9	2.211e3
814.8	1.474e3
815.7	2.701e3
816.2	1.010e2
816.8	4.046e3
817.4	4.840e2
818.0	1.994e3
818.5	1.900e2
819.1	9.435e3
819.6	5.030e2
820.2	3.360e3
820.8	4.520e2
821.4	3.577e3
822.1	7.660e2
822.9	2.391e3
823.7	2.020e3
824.3	2.110e2
824.8	1.857e3
825.7	3.300e3
826.2	3.740e2
826.8	4.246e3
827.6	4.684e3
828.3	6.230e2
829.0	3.240e3
829.9	1.782e3
830.4	1.940e2
831.0	3.172e3
831.5	3.030e2
832.1	4.989e3
832.6	1.180e2
833.1	4.645e3
834.0	2.597e3
834.7	1.427e3
835.3	3.724e3
836.1	2.039e3
836.7	4.030e2
837.3	2.673e3
838.2	1.458e3
839.0	2.931e3
839.9	1.733e3
840.8	2.551e3
841.8	2.269e3
842.3	9.100e1
842.8	3.072e3
843.4	2.800e1
843.9	2.516e3
844.5	4.300e1
845.0	2.559e3
845.7	1.047e3
846.4	2.452e3
847.1	1.176e3
848.0	2.454e3
848.7	3.520e2
849.4	3.317e3
850.1	9.410e2
850.7	2.408e3
851.5	2.662e3
852.5	2.244e3
853.3	1.244e3
854.1	1.599e3
855.0	2.907e3
855.9	2.127e3
856.9	2.006e3
857.4	5.100e1
858.0	3.488e3
858.6	4.560e2
859.2	3.514e3
860.2	2.356e3
861.1	9.845e3
862.1	4.473e3
862.6	2.910e2
863.2	3.438e3
863.8	6.380e2
864.5	2.711e3
865.1	1.360e2
865.6	2.832e3
866.3	7.610e2
867.0	2.955e3
867.9	2.956e3
868.8	1.655e3
869.7	2.889e3
870.4	8.190e2
871.1	2.903e3
872.0	3.250e3
872.6	6.600e1
873.1	3.861e3
874.0	1.407e3
874.9	2.493e3
875.9	2.182e3
876.4	1.240e2
877.0	3.947e3
878.0	2.800e3
878.9	1.948e3
879.8	2.427e3
880.4	5.540e2
881.1	2.877e3
882.0	1.329e3
883.0	1.953e3
883.9	1.837e3
884.7	2.939e3
885.6	2.686e3
886.3	8.400e2
887.0	7.780e3
888.0	3.748e3
889.0	3.026e3
890.0	2.639e3
890.6	1.220e2
891.1	2.101e3
892.1	2.149e3
892.9	3.390e3
893.9	1.223e3
894.8	3.165e3
895.4	8.360e2
896.0	2.846e3
897.0	3.241e3
897.8	1.617e3
898.4	6.200e1
898.9	2.690e3
899.5	4.520e2
900.1	4.020e3
900.8	8.120e2
901.5	2.488e3
902.1	6.050e2
902.7	2.809e3
903.5	3.906e3
904.5	1.834e3
905.0	1.700e1
905.6	2.334e3
906.2	4.240e2
906.8	2.371e3
907.7	1.739e3
908.3	2.750e2
908.9	1.885e3
909.7	2.706e3
910.4	4.680e2
911.1	2.294e3
912.1	1.400e3
912.6	6.600e1
913.1	3.197e3
913.9	1.038e3
914.8	1.660e3
915.6	2.461e3
916.2	8.800e1
916.7	2.736e3
917.4	3.740e2
918.0	1.693e3
919.0	3.807e3
919.9	2.915e3
920.9	3.349e3
921.9	1.699e3
922.8	2.729e3
923.7	2.064e3
924.7	1.452e3
925.8	2.793e3
926.6	1.300e3
927.2	3.152e3
928.2	2.059e3
929.2	8.100e3
930.0	2.678e3
930.6	4.770e2
931.2	3.106e3
931.8	4.760e2
932.4	2.626e3
933.0	4.990e2
933.6	2.549e3
934.2	7.610e2
934.9	2.572e3
935.9	3.487e3
936.5	1.270e2
937.1	2.795e3
938.0	1.904e3
938.7	2.222e3
939.5	3.390e3
940.1	2.040e2
940.6	2.812e3
941.5	2.859e3
942.3	5.910e2
942.9	2.855e3
943.8	1.997e3
944.3	1.000e1
944.9	3.554e3
945.8	1.888e3
946.7	2.591e3
947.6	2.187e3
948.2	1.820e2
948.7	2.899e3
949.4	4.060e2
950.0	3.595e3
951.1	2.184e3
952.0	1.664e3
953.0	2.453e3
953.6	1.690e2
954.2	2.222e3
955.1	6.621e3
956.0	3.307e3
956.7	2.070e2
957.3	2.883e3
958.1	1.322e3
958.7	1.732e3
959.5	2.429e3
960.4	1.244e3
961.2	2.866e3
962.1	2.359e3
962.9	2.315e3
963.7	3.477e3
964.7	2.560e3
965.5	1.991e3
966.4	2.002e3
967.3	2.171e3
968.2	4.090e3
969.1	1.835e3
969.9	2.387e3
970.9	2.029e3
971.8	2.266e3
972.8	1.734e3
973.3	1.390e2
973.9	2.280e3
975.0	3.117e3
975.9	1.944e3
976.9	2.655e3
977.8	2.033e3
978.8	2.410e3
979.3	5.000e0
979.9	2.533e3
980.4	4.800e1
980.9	2.667e3
981.9	2.413e3
982.4	3.000e1
982.9	1.888e3
983.9	1.604e3
984.5	3.400e1
985.0	2.823e3
985.6	5.220e2
986.3	2.410e3
987.2	2.924e3
988.2	1.512e3
989.1	2.826e3
989.8	7.320e2
990.6	2.685e3
991.3	4.190e2
992.0	3.888e3
992.7	1.569e3
993.5	3.156e3
994.3	1.542e3
995.2	2.536e3
996.1	2.272e3
996.7	2.070e2
997.2	7.004e3
998.2	3.905e3
999.1	3.520e3
999.8	4.600e2
1000.4	2.529e3
1001.0	3.090e2
1001.6	2.342e3
1002.6	2.102e3
1003.2	2.300e1
1003.7	2.821e3
1004.6	2.311e3
1005.5	3.677e3
1006.1	3.250e2
1006.7	2.585e3
1007.3	3.570e2
1007.8	2.878e3
1008.6	9.880e2
1009.4	2.579e3
1010.2	1.679e3
1011.0	2.576e3
1011.6	2.830e2
1012.2	3.033e3
1012.8	3.330e2
1013.4	3.887e3
1014.3	2.302e3
1015.2	1.257e3
1016.2	3.156e3
1016.8	7.820e2
1017.4	2.127e3
1018.3	2.279e3
1019.0	1.204e3
1019.7	3.326e3
1020.3	2.170e2
1020.9	1.787e3
1021.4	1.090e2
1021.9	2.739e3
1022.9	3.192e3
1023.8	3.803e3
1024.4	1.180e2
1024.9	3.289e3
1025.8	1.452e3
1026.6	2.893e3
1027.3	1.528e3
1028.1	2.242e3
1029.1	3.714e3
1030.0	1.954e3
1030.9	1.847e3
1031.5	2.510e2
1032.0	2.700e3
1032.9	1.812e3
1033.8	2.726e3
1034.4	2.840e2
1035.0	3.305e3
1035.5	2.950e2
1036.1	3.761e3
1037.1	2.945e3
1038.0	3.047e3
1038.7	2.700e2
1039.3	3.055e3
1040.0	5.050e2
1040.6	3.744e3
1041.2	6.270e2
1041.8	2.356e3
1042.5	2.870e2
1043.1	2.274e3
1043.9	1.677e3
1044.5	2.000e2
1045.0	2.989e3
1046.0	1.618e3
1046.9	3.883e3
1047.8	1.576e3
1048.3	2.240e2
1048.9	3.643e3
1049.9	2.683e3
1050.4	3.370e2
1051.0	3.032e3
1051.6	3.690e2
1052.2	2.519e3
1053.2	2.393e3
1053.8	1.460e2
1054.4	2.033e3
1055.4	3.006e3
1056.1	1.026e3
1056.8	2.955e3
1057.5	3.330e2
1058.1	2.461e3
1058.6	2.030e2
1059.2	2.488e3
1060.0	1.134e3
1060.8	2.048e3
1061.4	4.390e2
1062.0	3.482e3
1062.8	1.359e3
1063.6	3.212e3
1064.3	1.232e3
1065.2	5.535e3
1065.7	2.480e2
1066.3	4.249e3
1067.0	1.734e3
1067.7	2.051e3
1068.5	9.490e2
1069.2	2.696e3
1070.2	2.468e3
1071.1	1.483e3
1072.0	2.625e3
1072.9	2.563e3
1073.5	4.010e2
1074.1	3.159e3
1075.1	2.894e3
1076.0	2.223e3
1076.9	1.558e3
1077.7	3.056e3
1078.4	1.977e3
1079.2	2.801e3
1080.1	1.446e3
1081.0	3.124e3
1081.6	6.250e2
1082.3	3.627e3
1083.2	2.485e3
1083.9	9.620e2
1084.6	2.430e3
1085.5	3.554e3
1086.5	1.443e3
1087.4	3.280e3
1088.0	1.261e3
1088.8	2.169e3
1089.6	2.574e3
1090.3	4.610e2
1091.0	4.734e3
1091.6	8.830e2
1092.3	2.287e3
1093.2	2.247e3
1093.7	1.050e2
1094.3	3.053e3
1094.8	1.520e2
1095.4	2.744e3
1095.9	7.800e1
1096.5	3.403e3
1097.5	2.506e3
1098.4	1.899e3
1099.2	3.141e3
1100.0	1.255e3
1100.7	3.263e3
1101.2	2.650e2
1101.8	2.584e3
1102.5	5.720e2
1103.1	4.005e3
1103.7	3.710e2
1104.2	3.998e3
1105.2	2.929e3
1105.7	6.000e1
1106.2	2.318e3
1107.1	3.261e3
1108.1	2.259e3
1109.0	2.328e3
1109.7	1.016e3
1110.4	3.145e3
1111.0	2.190e2
1111.7	2.297e3
1112.3	3.800e1
1112.8	1.997e3
1113.8	3.128e3
1114.4	4.060e2
1115.1	2.836e3
1116.0	2.925e3
1116.5	1.550e2
1117.1	2.365e3
1117.9	1.740e3
1118.8	4.284e3
1119.7	2.476e3
1120.6	1.642e3
1121.4	2.714e3
1122.3	1.802e3
1123.3	2.991e3
1123.9	2.090e2
1124.5	2.681e3
1125.1	1.000e2
1125.6	3.040e3
1126.5	2.761e3
1127.6	3.333e3
1128.4	1.551e3
1129.4	2.125e3
1130.2	5.167e3
1131.2	3.287e3
1132.0	2.101e3
1132.6	3.130e2
1133.2	6.099e3
1134.1	3.110e3
1134.7	3.270e2
1135.3	2.998e3
1136.0	1.179e3
1136.7	2.936e3
1137.7	2.926e3
1138.3	1.430e2
1138.8	3.182e3
1139.8	2.551e3
1140.8	1.561e3
1141.6	3.422e3
1142.6	2.948e3
1143.6	2.867e3
1144.2	3.760e2
1144.9	2.628e3
1145.8	2.866e3
1146.7	4.165e3
1147.6	2.557e3
1148.3	1.054e3
1149.0	3.428e3
1149.6	4.740e2
1150.3	3.457e3
1151.1	2.567e3
1151.7	4.610e2
1152.3	3.030e3
1153.1	1.827e3
1154.0	2.944e3
1154.6	8.200e2
1155.3	2.788e3
1156.3	3.351e3
1157.2	2.274e3
1158.2	1.739e3
1159.0	4.343e3
1160.0	3.017e3
1161.0	2.347e3
1161.5	4.900e1
1162.0	2.941e3
1162.6	3.860e2
1163.2	3.512e3
1164.1	2.126e3
1165.0	2.254e3
1165.6	4.330e2
1166.2	1.345e3
1167.0	2.485e3
1167.6	3.060e2
1168.1	3.422e3
1169.1	2.094e3
1170.0	3.224e3
1171.0	2.999e3
1171.9	4.022e3
1172.6	8.180e2
1173.2	3.684e3
1174.1	2.580e3
1175.2	3.505e3
1176.2	2.903e3
1177.1	2.550e3
1178.1	3.116e3
1179.0	1.768e3
1179.9	3.639e3
1180.4	7.200e1
1180.9	3.467e3
1181.8	2.628e3
1182.7	2.186e3
1183.6	1.564e3
1184.3	3.431e3
1185.2	2.409e3
1186.1	3.085e3
1187.1	3.271e3
1187.8	1.447e3
1188.5	1.987e3
1189.5	3.381e3
1190.4	1.836e3
1191.3	4.071e3
1192.2	2.425e3
1193.2	3.532e3
1193.7	6.100e1
1194.2	2.499e3
1195.2	3.505e3
1196.0	1.769e3
1196.9	3.029e3
1197.6	1.371e3
1198.3	4.060e3
1198.9	7.750e2
1199.6	2.738e3
1200.3	1.832e3
1201.2	6.365e3
1201.8	7.910e2
1202.4	4.162e3
1203.4	2.519e3
1204.1	6.160e2
1204.9	3.049e3
1205.8	2.728e3
1206.8	4.123e3
1207.3	5.400e1
1207.9	2.803e3
1208.8	1.395e3
1209.7	2.496e3
1210.3	4.020e2
1210.9	2.304e3
1211.6	3.530e2
1212.1	2.683e3
1212.8	5.910e2
1213.4	3.129e3
1214.3	2.940e3
1214.9	2.010e2
1215.6	2.372e3
1216.5	3.220e3
1217.4	1.507e3
1218.2	3.761e3
1219.0	2.147e3
1219.7	8.040e2
1220.4	3.140e3
1221.2	7.890e2
1222.0	3.401e3
1223.0	1.580e3
1223.7	3.013e3
1224.6	1.277e3
1225.4	2.942e3
1226.3	1.304e3
1227.0	4.303e3
1228.0	2.610e3
1228.9	2.014e3
1229.7	3.532e3
1230.4	7.030e2
1231.1	2.387e3
1231.7	9.700e1
1232.2	2.771e3
1232.8	6.790e2
1233.5	4.562e3
1234.2	9.140e2
1234.9	3.758e3
1236.0	3.727e3
1236.8	3.491e3
1237.3	2.980e2
1237.9	1.482e3
1238.8	2.346e3
1239.3	2.970e2
1239.9	3.829e3
1240.8	2.748e3
1241.3	6.400e1
1241.8	3.422e3
1242.4	1.580e2
1243.0	2.815e3
1243.8	7.980e2
1244.4	3.449e3
1245.0	5.400e1
1245.5	2.701e3
1246.0	3.140e2
1246.6	3.031e3
1247.6	2.691e3
1248.2	8.710e2
1248.8	1.795e3
1249.6	3.196e3
1250.2	3.330e2
1250.8	2.739e3
1251.6	1.697e3
1252.4	3.862e3
1253.0	5.570e2
1253.6	3.372e3
1254.7	4.624e3
1255.3	4.400e2
1255.9	2.878e3
1256.4	5.600e1
1256.9	2.113e3
1257.8	3.054e3
1258.4	8.670e2
1259.0	3.396e3
1260.0	2.807e3
1260.7	5.500e2
1261.4	2.101e3
1262.3	3.061e3
1263.1	2.217e3
1264.1	3.182e3
1264.6	2.600e2
1265.2	3.101e3
1265.7	9.300e1
1266.3	3.128e3
1266.8	8.900e1
1267.3	1.889e3
1268.3	2.037e3
1269.1	4.970e3
1269.8	5.130e2
1270.5	2.958e3
1271.2	1.775e3
1271.9	2.512e3
1272.6	5.310e2
1273.1	3.933e3
1274.1	2.355e3
1275.1	2.621e3
1276.0	3.712e3
1276.7	4.150e2
1277.3	2.781e3
1278.0	9.780e2
1278.6	2.548e3
1279.6	3.376e3
1280.3	9.690e2
1281.2	3.326e3
1282.1	2.699e3
1283.0	2.890e3
1284.0	3.707e3
1284.5	1.370e2
1285.1	2.124e3
1286.1	3.524e3
1287.1	2.600e3
1287.6	3.400e1
1288.2	2.828e3
1289.0	2.114e3
1289.6	4.800e2
1290.3	2.640e3
1290.8	1.790e2
1291.4	2.260e3
1292.3	2.943e3
1293.1	1.757e3
1293.8	3.898e3
1294.4	1.380e2
1295.0	3.027e3
1295.9	2.499e3
1296.5	9.720e2
1297.2	2.286e3
1298.1	3.437e3
1298.7	3.160e2
1299.3	3.862e3
1300.2	2.132e3
1301.0	1.829e3
1301.8	3.683e3
1302.4	5.770e2
1303.0	2.981e3
1304.0	3.702e3
1305.0	2.398e3
1306.0	3.418e3
1306.9	2.133e3
1307.5	7.110e2
1308.2	3.166e3
1309.1	1.770e3
1309.9	2.774e3
1310.6	4.150e2
1311.2	3.251e3
1311.9	1.001e3
1312.6	3.278e3
1313.4	9.220e2
1314.3	2.769e3
1315.0	9.630e2
1315.8	3.574e3
1316.8	2.819e3
1317.8	4.102e3
1318.4	2.520e2
1318.9	2.601e3
1319.9	1.814e3
1320.5	3.730e2
1321.0	3.125e3
1322.0	2.511e3
1322.9	1.847e3
1323.9	3.551e3
1324.6	1.315e3
1325.3	2.200e3
1326.2	2.984e3
1326.7	3.540e2
1327.3	3.220e3
1327.9	4.800e2
1328.5	3.126e3
1329.1	8.000e0
1329.6	2.232e3
1330.5	2.278e3
1331.4	2.474e3
1332.1	9.620e2
1332.8	3.110e3
1333.4	4.700e1
1333.9	2.565e3
1334.4	1.400e1
1334.9	3.244e3
1335.9	2.743e3
1336.4	8.400e1
1337.0	3.917e3
1337.9	3.301e3
1338.9	3.208e3
1339.5	3.010e2
1340.1	2.614e3
1341.0	1.333e3
1341.8	2.617e3
1342.7	2.911e3
1343.4	1.760e2
1343.9	2.371e3
1344.6	6.340e2
1345.3	2.412e3
1346.1	1.808e3
1346.9	2.379e3
1347.8	2.116e3
1348.7	3.364e3
1349.5	1.321e3
1350.2	3.835e3
1350.9	7.140e2
1351.5	1.453e3
1352.3	2.529e3
1353.2	3.037e3
1354.1	2.134e3
1354.6	4.500e1
1355.1	2.675e3
1356.1	2.796e3
1356.9	1.593e3
1357.7	3.557e3
1358.5	1.055e3
1359.4	2.447e3
1360.1	4.790e2
1360.8	2.021e3
1361.8	1.552e3
1362.7	2.726e3
1363.4	6.400e2
1364.1	2.420e3
1364.7	1.300e2
1365.3	3.179e3
1365.9	8.590e2
1366.6	4.477e3
1367.5	2.696e3
1368.4	2.299e3
1368.9	2.000e2
1369.6	2.863e3
1370.2	1.008e3
1371.0	2.275e3
1371.9	3.342e3
1372.5	3.460e2
1373.0	2.470e3
1373.7	4.460e2
1374.4	3.249e3
1375.1	1.925e3
1376.0	3.041e3
1376.5	1.520e2
1377.1	1.959e3
1377.6	4.200e1
1378.2	1.958e3
1379.0	2.995e3
1379.7	1.240e3
1380.5	2.912e3
1381.3	1.298e3
1382.2	2.448e3
1383.1	1.524e3
1384.0	2.649e3
1384.6	4.360e2
1385.2	2.925e3
1386.2	3.594e3
1386.8	3.960e2
1387.4	3.000e3
1387.9	2.170e2
1388.5	3.289e3
1389.2	7.790e2
1389.8	3.564e3
1390.5	1.301e3
1391.4	3.450e3
1392.0	5.180e2
1392.6	3.157e3
1393.1	4.300e1
1393.6	2.281e3
1394.6	2.829e3
1395.5	2.380e3
1396.1	7.320e2
1396.8	2.909e3
1397.4	4.050e2
1398.1	2.285e3
1399.0	2.481e3
1399.7	1.306e3
1400.5	1.956e3
1401.1	3.730e2
1401.7	1.673e3
1402.6	3.270e3
1403.1	5.400e1
1403.6	2.564e3
1404.5	9.530e2
1405.3	3.302e3
1406.2	2.391e3
1407.1	3.081e3
1407.9	1.317e3
1408.6	5.860e2
1409.4	2.321e3
1410.1	7.340e2
1410.9	2.936e3
1411.4	9.900e1
1411.9	2.995e3
1412.5	5.060e2
1413.1	3.019e3
1413.7	1.040e2
1414.2	2.768e3
1414.7	2.900e1
1415.3	2.771e3
1415.8	2.860e2
1416.4	3.376e3
1417.3	3.129e3
1418.0	6.860e2
1418.7	1.032e3
1419.5	3.140e3
1420.0	1.280e2
1420.6	1.911e3
1421.5	2.728e3
1422.0	1.400e2
1422.6	3.024e3
1423.5	2.698e3
1424.1	7.000e1
1424.7	2.707e3
1425.5	1.080e3
1426.3	3.259e3
1427.2	3.148e3
1427.8	5.370e2
1428.6	2.414e3
1429.5	2.358e3
1430.1	6.310e2
1430.8	4.569e3
1431.8	1.969e3
1432.8	1.945e3
1433.4	7.860e2
1434.2	3.081e3
1435.3	1.824e3
1435.8	8.600e1
1436.3	2.909e3
1436.9	1.510e2
1437.5	1.748e3
1438.4	3.436e3
1439.3	1.370e3
1440.2	2.483e3
1441.1	1.519e3
1441.9	3.029e3
1442.9	1.861e3
1443.9	4.189e3
1444.6	1.478e3
1445.3	6.560e2
1446.0	2.933e3
1446.5	7.800e1
1447.0	2.248e3
1447.5	1.170e2
1448.0	1.150e3
1449.0	3.072e3
1449.9	3.403e3
1450.5	2.430e2
1451.0	2.457e3
1452.0	1.963e3
1453.0	2.346e3
1453.6	8.760e2
1454.4	1.927e3
1455.4	3.311e3
1455.9	1.940e2
1456.5	2.489e3
1457.5	3.352e3
1458.4	3.057e3
1459.4	3.111e3
1460.3	1.213e3
1461.1	2.067e3
1461.7	1.550e2
1462.2	2.125e3
1463.2	2.119e3
1463.8	4.130e2
1464.4	2.593e3
1465.2	1.301e3
1466.0	2.762e3
1466.6	1.440e2
1467.2	2.613e3
1468.2	2.073e3
1469.1	1.804e3
1470.0	2.427e3
1470.6	4.730e2
1471.4	3.119e3
1472.2	1.341e3
1472.9	3.657e3
1473.9	2.622e3
1474.6	7.020e2
1475.3	3.081e3
1475.9	1.800e1
1476.4	2.287e3
1476.9	5.000e1
1477.4	1.878e3
1478.3	2.602e3
1479.0	6.590e2
1479.6	2.364e3
1480.2	7.010e2
1480.9	2.492e3
1481.7	1.977e3
1482.4	8.660e2
1483.1	1.768e3
1483.9	6.040e2
1484.6	2.063e3
1485.4	3.411e3
1486.3	1.366e3
1487.0	6.860e2
1487.6	1.650e3
1488.4	2.775e3
1489.2	1.125e3
1490.0	3.277e3
1490.6	2.630e2
1491.2	2.744e3
1492.0	9.100e2
1492.7	2.065e3
1493.7	3.137e3
1494.3	3.650e2
1494.8	2.020e3
1495.7	2.147e3
1496.3	1.010e2
1496.8	2.023e3
1497.6	9.580e2
1498.3	2.334e3
1499.3	2.852e3
1500.0	8.910e2
1500.8	1.756e3
1501.5	4.510e2
1502.2	2.486e3
1503.1	2.375e3
1503.7	3.400e2
1504.3	1.586e3
1504.8	1.850e2
1505.5	3.473e3
1506.1	7.000e2
1506.9	3.014e3
1507.7	8.440e2
1508.3	2.985e3
1509.2	1.540e3
1510.0	2.676e3
1510.9	2.515e3
1511.9	2.415e3
1512.8	3.696e3
1513.8	2.095e3
1514.6	8.810e2
1515.4	2.792e3
1516.3	1.396e3
1517.0	7.990e2
1517.7	1.997e3
1518.7	2.566e3
1519.4	5.520e2
1520.1	2.421e3
1520.9	1.419e3
1521.8	2.736e3
1522.5	7.220e2
1523.2	2.092e3
1523.7	4.400e1
1524.2	3.394e3
1525.1	2.546e3
1526.0	2.645e3
1526.8	1.217e3
1527.6	2.654e3
1528.5	2.287e3
1529.0	1.210e2
1529.6	2.571e3
1530.2	1.960e2
1530.8	3.265e3
1531.3	1.300e2
1531.8	2.601e3
1532.4	2.110e2
1533.0	2.549e3
1533.9	1.720e3
1534.8	2.337e3
1535.6	2.040e3
1536.6	2.119e3
1537.5	1.749e3
1538.3	2.850e3
1539.0	1.900e3
1539.8	3.281e3
1540.3	1.960e2
1540.9	4.711e3
1541.5	6.170e2
1542.1	3.147e3
1543.1	3.045e3
1543.9	1.551e3
1544.5	3.460e2
1545.1	2.328e3
1545.9	1.416e3
1546.6	4.920e2
1547.3	2.502e3
1548.2	1.005e3
1548.9	2.091e3
1549.6	4.780e2
1550.2	2.888e3
1551.1	1.540e3
1552.1	1.716e3
1553.1	2.620e3
1554.0	1.882e3
1554.7	1.148e3
1555.6	3.446e3
1556.5	2.347e3
1557.5	1.510e3
1558.4	2.696e3
1559.1	3.200e2
1559.7	2.136e3
1560.3	4.240e2
1560.9	2.166e3
1561.8	2.472e3
1562.8	2.457e3
1563.3	1.360e2
1563.8	1.901e3
1564.8	2.663e3
1565.8	2.924e3
1566.5	7.500e2
1567.2	3.182e3
1567.9	7.960e2
1568.7	3.122e3
1569.7	2.057e3
1570.3	4.120e2
1571.0	3.029e3
1571.7	7.070e2
1572.3	2.709e3
1573.3	1.629e3
1573.8	4.500e1
1574.3	3.404e3
1575.1	8.840e2
1575.9	2.426e3
1576.7	1.077e3
1577.5	2.619e3
1578.1	2.100e2
1578.6	2.888e3
1579.3	4.200e2
1579.9	2.300e3
1580.4	1.150e2
1580.9	1.811e3
1581.8	4.045e3
1582.4	2.290e2
1583.0	2.318e3
1583.8	5.320e2
1584.5	3.825e3
1585.1	3.800e1
1585.6	2.599e3
1586.6	2.285e3
1587.2	2.150e2
1587.8	2.772e3
1588.7	1.680e3
1589.3	3.540e2
1590.0	1.954e3
1590.5	2.450e2
1591.0	2.367e3
1591.9	1.575e3
1592.5	3.180e2
1593.2	2.886e3
1593.8	1.840e2
1594.4	2.830e3
1595.3	2.708e3
1595.9	2.640e2
1596.4	1.826e3
1597.1	2.790e2
1597.7	2.238e3
1598.7	2.509e3
1599.7	2.525e3
1600.4	4.090e2
1601.1	3.244e3
1601.8	6.280e2
1602.5	3.316e3
1603.4	1.061e3
1604.2	2.509e3
1604.8	1.860e2
1605.4	2.577e3
1606.2	1.157e3
1607.0	3.041e3
1607.6	6.400e1
1608.2	2.323e3
1609.1	2.524e3
1610.1	2.076e3
1611.0	3.087e3
1611.8	7.320e2
1612.5	2.416e3
1613.2	1.201e3
1613.9	2.825e3
1614.7	1.745e3
1615.2	7.100e1
1615.8	3.119e3
1616.4	1.142e3
1617.1	2.756e3
1618.0	1.016e3
1618.5	2.360e2
1619.1	2.824e3
1619.9	1.421e3
1620.6	2.489e3
1621.5	1.101e3
1622.4	2.556e3
1623.2	1.465e3
1623.8	3.090e2
1624.3	2.693e3
1625.2	1.688e3
1626.1	4.000e3
1626.9	2.339e3
1627.9	1.960e3
1628.9	2.094e3
1629.9	2.670e3
1630.5	8.050e2
1631.2	2.599e3
1632.2	3.074e3
1633.1	2.016e3
1634.1	2.737e3
1634.6	2.710e2
1635.2	2.107e3
1635.9	5.470e2
1636.6	2.891e3
1637.5	1.615e3
1638.1	5.300e2
1638.7	2.690e3
1639.4	3.870e2
1640.0	3.049e3
1640.7	5.170e2
1641.4	3.088e3
1642.3	7.840e2
1643.0	2.567e3
1643.8	1.258e3
1644.7	1.947e3
1645.8	1.947e3
1646.7	2.544e3
1647.7	2.111e3
1648.3	2.160e2
1648.9	3.210e3
1649.7	1.112e3
1650.6	2.853e3
1651.5	2.447e3
1652.0	1.200e1
1652.5	2.353e3
1653.3	2.850e2
1654.0	1.848e3
1654.5	1.880e2
1655.0	2.896e3
1656.0	1.227e3
1657.0	2.335e3
1657.6	2.170e2
1658.1	1.123e3
1659.1	3.171e3
1659.7	3.110e2
1660.3	2.973e3
1661.2	2.174e3
1662.1	2.181e3
1663.0	2.830e3
1663.6	3.210e2
1664.2	1.948e3
1665.2	2.885e3
1665.9	8.990e2
1666.7	3.593e3
1667.6	1.461e3
1668.4	3.100e2
1669.1	2.318e3
1670.0	2.853e3
1670.9	1.337e3
1671.8	2.381e3
1672.6	1.371e3
1673.2	1.270e2
1673.7	1.785e3
1674.7	1.825e3
1675.7	2.200e3
1676.6	3.299e3
1677.3	9.210e2
1678.0	2.646e3
1678.7	9.090e2
1679.3	2.490e3
1680.3	3.153e3
1680.9	6.490e2
1681.5	2.574e3
1682.6	1.976e3
1683.3	1.413e3
1684.1	2.396e3
1685.1	9.020e2
1685.9	2.091e3
1686.9	1.308e3
1687.9	2.947e3
1688.5	3.830e2
1689.0	2.092e3
1690.0	3.220e3
1691.1	2.118e3
1691.8	7.990e2
1692.5	2.006e3
1693.1	1.570e2
1693.7	1.951e3
1694.2	8.700e1
1694.8	2.569e3
1695.8	1.928e3
1696.8	3.116e3
1697.3	1.580e2
1697.9	2.409e3
1698.5	4.590e2
1699.2	2.691e3
1700.1	1.929e3
1701.0	1.334e3
1701.9	3.051e3
1702.7	1.252e3
1703.6	2.223e3
1704.4	1.251e3
1705.2	2.092e3
1706.0	1.603e3
1707.0	2.029e3
1707.9	1.610e3
1708.8	1.181e3
1709.7	2.563e3
1710.5	7.060e2
1711.2	2.267e3
1711.8	1.000e2
1712.4	2.398e3
1713.0	4.610e2
1713.6	2.581e3
1714.1	1.830e2
1714.7	1.988e3
1715.6	2.362e3
1716.1	8.200e1
1716.7	2.561e3
1717.7	1.785e3
1718.5	8.580e2
1719.3	2.398e3
1719.8	1.430e2
1720.4	2.041e3
1721.3	1.013e3
1722.1	2.798e3
1723.0	1.871e3
1723.5	8.500e1
1724.0	1.144e3
1724.8	2.290e3
1725.7	2.173e3
1726.2	1.150e2
1726.8	2.674e3
1727.4	7.170e2
1728.1	2.885e3
1729.1	2.259e3
1729.8	1.026e3
1730.6	3.447e3
1731.5	2.276e3
1732.6	1.980e3
1733.4	1.403e3
1734.3	1.928e3
1735.2	2.248e3
1735.8	1.210e2
1736.4	1.488e3
1737.3	1.589e3
1738.3	3.481e3
1739.3	1.863e3
1740.0	4.080e2
1740.5	2.295e3
1741.5	1.806e3
1742.4	1.941e3
1743.1	8.250e2
1743.9	2.914e3
1744.8	2.161e3
1745.8	2.399e3
1746.4	1.990e2
1747.0	1.893e3
1747.6	2.900e2
1748.2	1.863e3
1748.8	1.660e2
1749.5	6.200e2
1750.3	2.172e3
1751.0	6.220e2
1751.7	2.561e3
1752.3	8.440e2
1753.1	2.722e3
1753.9	8.000e2
1754.9	1.193e3
1755.8	1.468e3
1756.7	1.060e3
1757.4	1.761e3
1758.4	1.850e3
1759.1	4.320e2
1759.8	2.832e3
1760.9	1.932e3
1761.7	1.690e3
1762.5	1.207e3
1763.3	2.159e3
1764.2	1.561e3
1765.1	1.663e3
1765.7	1.170e2
1766.2	2.098e3
1767.2	1.431e3
1768.1	2.199e3
1768.6	1.280e2
1769.2	2.295e3
1770.1	1.615e3
1771.1	2.235e3
1771.9	1.309e3
1772.6	1.786e3
1773.6	1.875e3
1774.6	1.985e3
1775.4	1.910e3
1776.3	2.235e3
1776.8	2.500e1
1777.3	1.461e3
1778.3	1.670e3
1779.2	1.447e3
1780.1	2.806e3
1780.9	1.719e3
1781.5	3.430e2
1782.1	1.450e3
1783.0	1.692e3
1783.6	2.590e2
1784.2	2.518e3
1784.9	1.260e2
1785.4	2.617e3
1786.4	1.385e3
1787.5	2.589e3
1788.4	1.881e3
1789.4	8.010e2
1790.2	1.972e3
1790.9	8.940e2
1791.7	1.426e3
1792.5	2.045e3
1793.5	1.339e3
1794.4	1.961e3
1794.9	1.660e2
1795.6	2.209e3
1796.6	2.486e3
1797.4	1.033e3
1798.1	2.502e3
1798.8	6.070e2
1799.3	8.500e1
1799.8	2.407e3
1800.7	2.020e3
1801.3	4.480e2
1801.9	2.435e3
1802.5	4.700e1
1803.0	2.438e3
1803.7	3.330e2
1804.3	1.863e3
1805.6	1.953e3
1806.2	5.650e2
1806.9	2.442e3
1807.7	6.650e2
1808.4	2.071e3
1809.1	4.010e2
1809.7	2.134e3
1810.5	4.390e2
1811.1	2.225e3
1812.1	1.992e3
1812.7	3.140e2
1813.3	2.685e3
1814.2	1.788e3
1815.2	2.361e3
1815.8	7.400e1
1816.4	9.290e2
1817.3	2.385e3
1817.8	3.100e1
1818.3	1.688e3
1819.0	6.260e2
1819.6	1.670e3
1820.7	2.005e3
1821.6	2.941e3
1822.6	1.530e3
1823.8	1.945e3
1824.4	9.200e1
1825.0	1.939e3
1825.6	4.650e2
1826.4	1.966e3
1827.2	1.885e3
1828.1	1.527e3
1828.9	2.450e3
1829.6	3.840e2
1830.3	1.696e3
1830.9	2.140e2
1831.4	2.923e3
1831.9	9.900e1
1832.4	2.019e3
1832.9	1.100e1
1833.5	1.787e3
1834.2	8.770e2
1835.0	1.801e3
1835.5	3.010e2
1836.2	1.547e3
1836.9	4.850e2
1837.6	3.224e3
1838.5	1.194e3
1839.5	1.839e3
1840.5	2.064e3
1841.1	2.040e2
1841.6	2.305e3
1842.2	1.750e2
1842.8	1.577e3
1843.4	1.510e2
1843.9	9.490e2
1844.8	1.844e3
1845.4	1.980e2
1846.0	1.700e3
1846.9	1.313e3
1847.8	1.978e3
1848.3	8.400e1
1848.8	2.063e3
1849.4	2.620e2
1850.0	1.896e3
1850.7	7.370e2
1851.6	1.584e3
1852.4	1.627e3
1853.3	2.293e3
1854.2	1.244e3
1855.0	1.213e3
1855.8	2.576e3
1856.7	9.890e2
1857.6	1.810e3
1858.1	9.400e1
1858.7	2.509e3
1859.7	1.590e3
1860.5	3.710e2
1861.3	1.217e3
1862.1	1.331e3
1863.0	1.803e3
1863.8	6.180e2
1864.5	1.933e3
1865.5	2.809e3
1866.4	1.046e3
1867.3	1.837e3
1867.8	7.200e1
1868.3	1.409e3
1869.0	2.130e2
1869.6	1.331e3
1870.3	3.610e2
1870.9	2.077e3
1871.6	5.110e2
1872.3	1.554e3
1873.2	1.219e3
1874.2	1.277e3
1875.1	2.146e3
1875.6	1.160e2
1876.1	1.703e3
1877.0	4.960e2
1877.7	2.167e3
1878.2	1.200e1
1878.8	1.384e3
1879.6	1.149e3
1880.4	2.138e3
1881.3	2.362e3
1882.3	1.273e3
1883.2	2.017e3
1883.9	1.650e2
1884.5	1.838e3
1885.3	1.011e3
1885.9	7.500e1
1886.5	1.616e3
1887.3	4.260e2
1887.9	1.557e3
1888.4	9.800e1
1889.0	1.711e3
1889.6	1.060e2
1890.2	1.123e3
1891.2	2.239e3
1891.9	6.120e2
1892.6	2.481e3
1893.4	1.044e3
1894.1	2.469e3
1895.1	1.119e3
1896.0	2.493e3
1897.0	1.553e3
1897.6	3.030e2
1898.2	8.920e2
1898.8	2.846e3
1899.5	5.090e2
1900.2	2.694e3
1901.1	1.320e3
1902.0	2.471e3
1902.7	6.810e2
1903.5	1.828e3
1904.1	4.620e2
1904.7	1.902e3
1905.5	5.910e2
1906.2	2.425e3
1907.1	1.208e3
1907.7	1.030e2
1908.3	2.472e3
1909.2	2.338e3
1910.1	7.370e2
1910.6	7.600e1
1911.1	1.726e3
1912.0	6.410e2
1912.8	2.439e3
1913.5	3.250e2
1914.2	2.361e3
1914.9	5.130e2
1915.6	1.200e3
1916.5	1.843e3
1917.4	1.923e3
1918.4	1.803e3
1919.3	1.653e3
1920.2	1.167e3
1920.8	4.100e1
1921.3	2.210e3
1922.1	7.620e2
1922.9	3.022e3
1923.9	1.911e3
1925.0	7.190e2
1925.8	1.394e3
1926.7	2.026e3
1927.2	1.390e2
1927.9	2.322e3
1928.5	1.390e2
1929.1	1.330e3
1929.7	1.160e2
1930.3	2.588e3
1931.1	1.285e3
1931.9	2.063e3
1932.7	7.860e2
1933.5	2.175e3
1934.0	9.300e1
1934.5	2.082e3
1935.4	6.920e2
1936.2	1.432e3
1936.9	6.090e2
1937.6	1.491e3
1938.6	2.471e3
1939.6	2.163e3
1940.2	6.000e1
1940.7	5.300e2
1941.5	2.006e3
1942.5	2.792e3
1943.3	1.057e3
1944.2	2.113e3
1944.8	1.540e2
1945.4	1.259e3
1946.2	9.400e2
1947.1	1.972e3
1948.1	1.377e3
1949.0	1.771e3
1949.7	5.510e2
1950.6	1.020e3
1951.1	1.740e2
1951.6	2.463e3
1952.6	1.798e3
1953.2	5.100e1
1953.9	1.516e3
1954.8	5.900e2
1955.7	1.800e3
1956.6	1.385e3
1957.3	1.450e2
1957.8	1.266e3
1958.7	1.844e3
1959.5	4.560e2
1960.2	9.330e2
1961.1	1.046e3
1961.9	2.206e3
1962.7	9.840e2
1963.6	1.704e3
1964.2	4.210e2
1964.9	1.723e3
1965.4	6.800e1
1966.0	1.471e3
1966.6	4.790e2
1967.2	2.069e3
1968.0	5.530e2
1968.8	1.139e3
1969.3	6.700e1
1969.9	1.440e3
1970.5	2.130e2
1971.1	1.074e3
1971.7	2.560e2
1972.4	2.350e3
1973.2	1.231e3
1974.2	1.982e3
1974.7	1.900e2
1975.3	2.002e3
1976.0	5.360e2
1976.8	2.551e3
1977.7	1.155e3
1978.3	4.900e1
1978.8	1.732e3
1979.6	1.285e3
1980.4	9.500e2
1981.4	1.601e3
1982.2	6.650e2
1983.1	1.972e3
1984.0	1.182e3
1984.7	5.020e2
1985.4	1.408e3
1986.4	5.920e2
1987.1	2.022e3
1987.6	5.800e1
1988.1	1.476e3
1988.6	5.300e1
1989.2	1.526e3
1989.7	3.800e1
1990.3	1.149e3
1990.9	8.900e1
1991.4	1.909e3
1992.2	5.430e2
1992.9	3.306e3
1993.9	7.570e2
1994.8	3.054e3
1995.8	2.871e3
1996.7	1.882e3
1997.6	2.149e3
1998.4	2.640e2
1999.0	1.686e3
1999.7	6.110e2
