100.5	5.058e4
101.2	1.086e6
102.2	8.841e5
103.2	6.461e5
103.7	3.304e3
104.3	2.162e5
105.2	1.695e5
106.1	2.063e5
106.7	1.085e4
107.2	5.179e5
107.8	5.871e4
108.3	6.996e5
109.2	3.642e5
110.2	2.105e6
111.2	2.523e6
112.2	6.754e5
113.2	4.357e5
114.1	7.061e5
114.7	2.446e3
115.2	7.771e5
115.7	2.564e3
116.2	2.987e5
117.2	3.357e5
118.2	4.990e5
119.1	1.165e6
119.7	4.550e2
120.2	4.346e5
121.2	2.708e5
121.8	8.580e3
122.3	8.515e5
123.2	2.628e5
123.7	7.962e3
124.3	1.614e5
125.2	2.715e5
126.2	8.202e5
126.7	2.187e3
127.2	3.025e5
128.2	1.623e5
129.2	3.712e5
129.8	4.656e3
130.3	2.204e5
131.2	7.323e5
131.7	1.013e4
132.2	4.014e5
133.3	3.586e5
134.3	2.406e5
135.2	2.443e5
136.1	5.647e5
136.7	2.242e3
137.2	4.073e5
137.8	4.186e3
138.3	5.371e5
139.3	2.078e5
140.2	3.258e5
141.2	3.441e5
142.2	2.341e6
143.3	3.453e5
144.2	3.618e5
145.2	2.823e5
146.2	1.837e5
147.2	2.737e5
148.2	1.197e5
149.2	3.876e5
149.7	6.180e2
150.2	2.406e5
150.7	4.190e2
151.3	1.515e5
152.3	1.212e5
153.3	1.088e5
154.2	1.925e5
154.7	4.625e3
155.2	3.829e5
155.7	7.670e2
156.3	1.960e5
157.2	4.597e5
158.2	5.256e5
159.2	1.655e6
160.2	6.787e5
160.7	3.980e2
161.2	1.522e5
162.2	1.399e5
163.2	1.688e5
164.2	1.970e5
164.7	5.980e2
165.2	2.216e5
166.2	7.042e4
167.0	9.745e4
167.8	3.660e5
168.5	9.503e4
169.3	1.176e5
170.3	1.119e5
170.8	1.332e3
171.3	2.379e5
172.2	2.763e5
173.3	3.796e5
174.3	1.057e5
175.0	1.688e5
175.8	4.183e5
176.4	3.394e4
177.0	4.898e5
177.6	1.373e4
178.1	1.467e5
178.7	1.805e4
179.3	2.104e5
180.3	8.887e4
181.3	2.515e5
182.2	1.146e5
183.2	1.603e6
183.8	3.366e3
184.3	2.552e5
185.2	1.187e6
186.1	3.241e5
186.7	4.882e3
187.2	8.297e5
188.3	2.772e5
189.3	2.579e5
190.3	1.164e5
191.3	1.651e5
192.3	1.532e5
193.2	1.489e5
193.8	4.841e3
194.3	2.590e5
195.3	1.944e5
195.8	7.930e3
196.4	1.774e6
197.3	6.612e5
197.9	6.224e3
198.4	6.392e5
199.3	1.904e5
200.2	2.899e5
201.2	2.614e5
201.7	2.576e3
202.2	1.406e5
203.2	3.076e5
204.3	1.678e5
205.3	1.828e5
206.3	1.046e5
207.2	1.319e5
208.3	9.891e4
209.2	1.667e5
210.3	1.182e5
211.2	1.318e5
211.7	4.532e3
212.3	1.270e5
213.1	6.220e4
214.3	7.287e6
215.3	1.009e6
216.3	5.346e5
217.3	2.878e5
218.3	3.049e5
219.3	2.058e5
220.3	1.720e5
221.3	1.251e5
222.3	9.032e4
222.8	3.705e3
223.3	6.747e4
224.2	1.877e5
225.2	1.121e5
226.2	1.180e5
227.2	1.960e5
228.2	1.340e5
228.8	3.898e3
229.3	1.014e5
230.3	8.852e4
231.3	2.679e5
232.3	1.488e5
233.2	1.709e5
234.2	1.164e5
235.2	1.282e5
235.8	3.044e3
236.3	1.473e6
237.3	3.975e5
238.3	1.826e5
239.3	1.550e5
240.3	9.629e4
241.3	8.461e4
242.2	1.142e5
243.2	2.012e5
243.7	4.579e3
244.3	9.668e4
245.2	7.383e4
245.8	1.546e3
246.3	8.433e4
247.2	7.229e4
248.2	7.238e4
248.8	9.740e2
249.3	7.439e4
250.3	7.004e4
251.3	7.202e4
252.3	1.694e5
253.3	9.260e4
253.8	1.136e3
254.3	1.294e5
255.2	9.339e4
255.7	7.110e2
256.3	6.054e4
257.2	7.365e4
257.8	2.346e3
258.3	7.174e4
259.3	2.120e5
260.3	7.638e4
260.8	2.544e3
261.4	1.523e5
262.3	5.348e4
263.2	7.990e4
263.7	3.290e3
264.2	7.615e4
265.2	5.268e4
266.2	5.419e4
266.8	1.126e3
267.3	6.627e4
268.3	5.098e4
269.2	4.495e4
269.8	3.288e3
270.3	3.975e4
271.3	7.215e4
272.2	6.301e4
272.7	1.175e3
273.2	5.945e4
273.8	1.106e3
274.3	5.515e4
275.2	7.801e4
276.2	7.568e4
276.7	1.939e3
277.2	1.049e5
277.8	2.153e3
278.3	6.217e4
279.3	9.852e4
279.8	9.690e2
280.3	5.988e4
281.2	6.093e4
282.2	5.790e4
283.2	7.782e4
283.9	1.595e4
284.5	6.358e4
285.4	3.325e4
286.3	3.790e4
287.3	4.539e4
287.8	1.160e2
288.3	4.387e4
289.3	6.286e4
290.3	3.976e4
291.2	5.784e4
291.7	4.170e2
292.2	7.900e4
293.3	4.881e4
294.2	4.101e4
295.2	6.288e4
295.7	1.025e3
296.3	4.625e4
296.8	9.740e2
297.4	4.946e4
297.9	2.810e2
298.4	4.771e4
299.2	2.975e4
300.3	3.947e4
300.8	5.970e2
301.3	5.677e4
302.3	4.311e4
302.8	5.190e2
303.3	4.710e4
304.2	7.081e4
305.2	8.445e4
305.7	2.751e3
306.3	4.175e4
307.2	4.923e4
307.8	1.542e3
308.3	4.982e4
309.2	3.565e4
309.7	3.827e3
310.3	3.899e4
311.3	4.762e4
311.9	1.062e3
312.4	4.303e4
313.3	4.226e4
314.3	7.736e4
314.8	7.120e2
315.3	4.552e4
316.3	4.854e4
316.9	2.545e3
317.5	4.273e4
318.4	2.685e4
319.3	5.450e4
319.8	1.680e3
320.4	3.673e4
321.4	6.286e4
322.3	4.486e4
323.3	4.804e4
324.2	3.664e4
324.8	1.119e3
325.3	5.827e4
326.3	5.446e4
327.3	7.648e4
327.8	1.379e3
328.3	4.506e4
329.3	5.065e4
330.3	3.863e4
330.8	2.750e2
331.3	9.856e4
332.3	7.420e4
333.3	5.833e4
334.3	3.709e4
335.3	5.222e4
335.8	3.868e3
336.3	3.497e4
337.3	5.887e4
338.3	4.436e4
339.3	5.224e4
340.2	3.680e4
341.3	4.238e4
342.1	4.727e4
342.7	3.066e3
343.3	3.701e4
344.3	2.589e4
345.2	4.984e4
345.7	1.200e2
346.3	4.493e4
347.2	6.274e4
348.1	5.277e4
348.7	5.260e2
349.2	1.281e5
349.8	9.510e2
350.3	4.906e4
351.3	5.695e4
351.8	5.150e2
352.3	4.005e4
352.8	4.720e2
353.3	4.531e4
354.3	1.247e5
355.3	1.568e5
356.2	7.067e4
356.7	1.166e3
357.2	9.317e4
357.8	2.415e3
358.4	3.971e4
359.3	7.094e4
359.8	4.900e1
360.3	4.865e4
361.3	5.073e4
362.2	4.110e4
362.8	1.521e3
363.3	7.715e4
364.3	3.853e4
364.8	1.530e2
365.3	7.053e4
366.2	3.860e4
366.7	2.032e3
367.3	3.500e4
368.2	2.804e4
369.1	4.132e4
369.7	1.122e4
370.3	3.768e4
371.3	4.271e4
372.2	4.251e4
373.2	4.020e4
374.2	3.696e4
375.2	3.018e4
376.2	2.518e4
376.7	9.730e2
377.3	4.126e4
378.3	3.741e4
379.2	6.036e4
380.2	3.426e4
380.7	5.115e3
381.3	5.819e4
382.3	3.777e4
383.3	4.578e4
384.3	2.788e4
384.8	5.790e2
385.3	2.624e4
386.3	4.498e4
387.3	3.643e4
387.8	1.325e3
388.3	2.090e4
389.3	3.172e4
390.3	3.196e4
391.3	3.525e4
392.2	2.704e4
393.2	3.657e4
393.7	8.680e2
394.2	3.022e4
395.2	4.982e4
395.8	6.234e3
396.4	3.475e4
397.4	3.276e4
398.3	2.638e4
399.3	3.252e4
400.3	3.079e4
400.9	6.300e2
401.4	3.549e4
401.9	6.640e2
402.4	2.088e4
403.0	4.384e3
403.6	3.391e4
404.4	1.993e4
405.2	3.134e4
406.2	3.341e4
406.9	9.348e3
407.7	2.665e4
408.3	4.453e3
408.9	3.792e4
409.6	8.402e3
410.4	2.645e4
411.3	3.136e4
412.2	3.028e4
413.2	3.249e4
414.2	2.208e4
415.1	2.523e4
415.6	4.028e3
416.2	2.922e4
416.8	2.937e3
417.4	3.372e4
418.3	1.820e4
418.9	3.460e2
419.4	3.240e4
420.3	1.534e4
421.2	1.859e4
422.2	2.730e4
423.2	3.323e4
424.2	1.767e4
424.8	2.352e3
425.4	2.622e4
426.4	2.027e4
427.3	1.900e4
428.2	2.537e4
428.8	2.918e3
429.4	2.599e4
430.3	1.629e4
431.2	6.732e4
431.9	7.051e3
432.6	1.836e4
433.2	5.376e3
433.8	2.114e4
434.4	2.237e3
435.0	2.422e4
435.5	1.513e3
436.1	2.161e4
437.1	2.392e4
438.0	1.267e4
438.9	2.437e4
440.0	1.785e4
440.6	2.598e3
441.2	2.439e4
442.1	1.358e4
442.7	2.293e3
443.2	2.621e4
443.7	1.038e3
444.3	1.689e4
445.2	2.934e4
446.2	4.927e4
447.2	7.073e4
448.1	2.394e4
448.7	5.473e3
449.4	7.241e4
449.9	6.180e2
450.4	3.109e4
451.0	4.400e3
451.5	2.121e4
452.4	8.595e3
453.2	2.096e4
453.7	2.226e3
454.3	1.463e4
455.1	7.992e3
455.9	2.155e4
456.7	4.046e3
457.3	1.978e4
458.3	1.503e4
459.2	1.309e4
459.7	9.220e2
460.3	1.435e4
461.3	1.266e4
461.8	1.229e3
462.5	1.515e4
463.3	3.805e4
464.2	1.403e4
464.7	9.000e0
465.2	1.762e4
466.2	2.004e4
467.2	1.995e4
468.2	2.945e4
469.1	1.575e4
470.1	1.407e4
471.1	1.643e4
471.6	7.870e2
472.2	2.327e4
472.7	4.750e2
473.3	2.076e4
474.2	1.236e4
474.8	1.855e3
475.4	2.195e4
476.4	1.216e4
477.3	1.897e4
478.2	7.391e3
479.0	1.873e4
479.6	6.900e2
480.3	1.880e4
481.0	4.437e3
481.7	2.605e4
482.5	1.702e4
483.4	1.988e4
484.3	7.460e3
485.1	1.751e4
485.7	1.559e3
486.3	1.594e4
487.3	1.361e4
487.8	8.500e2
488.4	1.212e4
489.3	1.096e4
490.3	1.465e4
491.2	1.439e4
492.2	9.433e3
493.1	1.891e4
493.9	3.030e3
494.5	1.268e4
495.3	6.582e3
496.2	1.491e4
497.2	1.655e4
498.2	1.780e4
499.2	2.508e4
500.0	5.946e3
500.7	1.840e4
501.4	9.331e3
502.3	1.485e4
503.2	1.559e4
504.1	6.579e3
505.0	1.491e4
505.6	3.308e3
506.3	1.567e4
506.8	2.900e2
507.3	1.424e4
508.2	9.349e3
509.1	1.979e4
509.7	2.338e3
510.3	9.969e3
511.2	1.868e4
511.9	2.492e3
512.5	1.001e4
513.4	1.907e4
514.1	7.993e3
515.1	2.895e4
515.6	1.300e3
516.2	1.562e4
517.3	1.457e4
518.2	7.765e3
519.0	1.011e4
519.6	4.880e2
520.1	1.252e4
520.9	3.326e3
521.6	1.680e4
522.3	5.093e3
523.0	2.074e4
524.0	1.518e4
524.6	2.750e3
525.2	1.529e4
526.2	2.274e4
526.9	5.530e2
527.5	2.103e4
528.4	1.466e4
529.1	7.206e3
529.8	1.789e4
530.6	4.369e3
531.2	3.554e4
532.1	1.206e4
533.0	1.541e4
533.8	9.232e3
534.4	2.968e3
535.0	1.511e4
535.5	8.000e0
536.0	1.153e4
536.6	1.254e3
537.2	1.545e4
538.2	1.711e4
539.0	1.027e4
539.5	1.598e3
540.2	1.774e4
540.9	6.220e2
541.4	2.278e4
542.2	8.710e3
543.0	1.060e4
543.9	1.783e4
544.7	1.503e4
545.6	1.788e4
546.1	6.990e2
546.6	2.879e4
547.3	2.311e3
548.0	1.735e4
548.6	1.890e3
549.3	1.730e4
550.3	9.556e3
551.1	1.376e4
552.1	1.043e4
552.8	1.260e3
553.4	1.330e4
554.2	5.398e3
555.1	1.928e4
555.7	2.687e3
556.5	1.313e4
557.2	4.829e3
557.9	1.602e4
558.6	1.525e3
559.4	1.298e4
560.3	9.689e3
561.1	8.368e3
561.8	1.382e4
562.5	3.257e3
563.2	1.845e4
564.2	6.561e3
565.2	1.209e4
566.1	1.362e4
567.1	2.603e4
567.8	5.997e3
568.6	1.640e4
569.5	1.501e4
570.4	5.866e3
571.3	1.483e4
572.2	6.397e3
573.1	1.250e4
573.6	8.850e2
574.1	1.272e4
575.0	2.042e4
575.5	3.060e2
576.1	1.086e4
577.2	1.077e4
578.1	9.179e3
579.1	1.708e4
579.7	8.900e2
580.5	1.811e4
581.3	7.811e3
582.1	1.982e4
582.7	1.759e3
583.2	3.831e4
584.2	1.345e4
584.7	5.200e2
585.2	1.754e4
586.0	6.470e3
586.8	1.205e4
587.4	1.841e3
588.1	9.809e3
588.6	2.610e2
589.2	1.083e4
589.8	1.590e3
590.5	9.241e3
591.3	7.439e3
592.1	1.076e4
592.7	1.180e3
593.3	2.046e4
594.2	8.999e3
595.1	1.652e4
595.9	6.057e3
596.7	1.295e4
597.3	6.192e3
598.1	2.373e4
599.1	2.263e4
599.6	8.000e0
600.1	1.093e4
601.1	8.127e3
602.0	1.695e4
602.8	6.120e3
603.7	1.059e4
604.8	1.785e4
605.6	7.289e3
606.2	4.016e3
607.0	9.338e3
607.6	1.847e3
608.2	7.457e3
608.8	6.360e2
609.4	1.319e4
610.3	6.539e3
611.3	9.351e3
612.1	8.188e3
613.1	1.005e4
613.7	7.360e2
614.3	1.037e4
614.8	3.790e2
615.3	1.183e4
615.9	7.590e2
616.4	7.460e3
617.3	1.042e4
618.0	4.383e3
618.6	1.171e4
619.5	8.675e3
620.3	8.994e3
620.9	1.830e2
621.5	1.002e4
622.1	1.522e3
622.8	1.480e4
623.6	3.214e3
624.6	8.837e3
625.6	6.114e3
626.7	7.825e3
627.5	5.685e3
628.4	8.454e3
629.0	2.823e3
629.7	1.145e4
630.3	2.159e3
631.0	7.438e3
631.9	1.060e4
632.5	5.490e2
633.0	1.108e4
633.7	1.283e3
634.3	1.141e4
635.2	1.016e4
636.1	6.208e3
637.0	1.018e4
638.0	9.181e3
639.0	8.338e3
639.5	1.920e2
640.0	7.511e3
640.6	6.610e2
641.1	1.246e4
642.2	8.877e3
642.7	1.180e3
643.4	1.377e4
644.4	1.099e4
645.2	9.579e3
646.3	8.215e3
647.0	8.120e2
647.5	6.916e3
648.5	7.459e3
649.3	2.334e3
650.1	9.149e3
650.8	1.823e3
651.3	1.338e4
652.1	3.745e3
652.9	6.008e3
653.8	4.618e3
654.6	7.182e3
655.4	7.361e3
656.0	3.100e1
656.5	6.267e3
657.2	3.664e3
658.0	8.983e3
658.6	3.130e2
659.1	9.713e3
660.1	5.134e3
661.1	8.450e3
661.7	1.038e3
662.3	6.815e3
663.0	2.297e3
663.7	6.411e3
664.7	7.515e3
665.5	4.223e3
666.3	3.261e3
667.1	1.299e4
667.9	5.038e3
668.5	9.750e2
669.2	4.996e3
670.0	5.089e3
670.6	1.960e3
671.2	8.139e3
672.2	8.713e3
673.1	6.178e3
673.7	1.270e2
674.3	7.474e3
675.2	1.165e4
676.0	2.542e3
676.6	8.118e3
677.3	3.902e3
678.1	6.463e3
678.7	1.568e3
679.3	5.216e3
680.3	1.439e4
681.3	9.155e3
682.3	4.263e3
683.2	8.601e3
684.0	6.022e3
684.9	5.098e3
685.5	1.838e3
686.3	7.494e3
687.1	3.706e3
687.9	5.262e3
688.8	4.996e3
689.5	1.131e4
690.5	5.235e3
691.1	5.430e2
691.6	9.654e3
692.2	7.020e2
692.9	7.310e3
693.9	5.404e3
694.5	9.730e2
695.1	1.253e4
696.1	7.392e3
696.6	1.000e1
697.2	9.260e3
697.7	4.600e1
698.3	7.657e3
699.2	6.668e3
700.2	9.670e3
700.8	1.300e2
701.4	6.940e3
702.3	9.534e3
703.2	1.494e4
704.1	3.899e3
704.9	1.125e4
705.8	9.774e3
706.5	2.978e3
707.2	1.042e4
707.8	2.363e3
708.5	2.331e3
709.2	7.461e3
709.9	2.079e3
710.5	6.926e3
711.4	3.476e3
712.2	4.798e3
713.1	8.536e3
714.0	7.104e3
714.6	1.330e2
715.2	8.656e3
715.7	2.770e2
716.3	8.521e3
716.9	7.770e2
717.5	7.560e3
718.4	3.845e3
719.4	9.186e3
720.0	4.145e3
720.7	6.423e3
721.7	1.099e4
722.3	8.010e2
722.9	7.815e3
723.5	3.840e2
724.2	3.911e3
724.7	3.120e2
725.2	5.970e3
725.9	1.068e3
726.7	7.046e3
727.7	6.936e3
728.3	2.873e3
729.2	1.204e4
729.9	5.572e3
730.6	7.034e3
731.6	1.077e4
732.4	3.557e3
733.1	8.866e3
734.2	7.064e3
734.8	1.870e2
735.3	1.271e4
736.2	7.698e3
737.2	1.549e4
738.1	6.252e3
739.0	2.820e3
740.0	5.374e3
740.9	3.317e3
741.8	2.244e3
742.5	5.207e3
743.5	8.087e3
744.2	2.634e3
745.0	5.670e3
745.9	8.652e3
746.5	2.809e3
747.3	1.042e4
748.0	5.318e3
748.7	5.645e3
749.6	6.043e3
750.6	9.693e3
751.1	6.100e1
751.6	6.413e3
752.5	4.665e3
753.0	1.600e1
753.5	1.102e4
754.1	1.044e3
754.9	7.316e3
755.4	2.690e2
756.0	7.358e3
756.6	4.430e2
757.1	8.934e3
757.8	1.215e3
758.6	5.266e3
759.5	9.001e3
760.3	1.056e3
760.8	6.792e3
761.4	4.620e2
762.0	7.312e3
762.9	5.778e3
763.6	2.016e3
764.3	6.908e3
765.1	1.232e4
766.1	8.543e3
767.0	7.246e3
768.0	7.613e3
768.7	5.610e2
769.2	9.260e3
770.0	5.400e3
770.9	1.151e4
771.5	3.440e2
772.0	8.579e3
772.6	3.520e2
773.2	4.847e3
774.2	6.683e3
775.2	6.214e3
776.1	5.861e3
776.7	1.186e3
777.3	5.057e3
778.0	1.155e3
778.7	7.680e3
779.2	3.570e2
780.0	7.171e3
780.6	1.900e1
781.2	1.057e4
781.7	5.910e2
782.3	4.025e3
783.0	1.496e3
783.6	5.711e3
784.1	2.850e2
784.6	1.041e4
785.4	2.496e3
786.1	7.552e3
786.6	2.960e2
787.2	1.089e4
787.9	2.070e3
788.8	9.804e3
789.7	7.951e3
790.7	5.110e3
791.6	8.140e3
792.4	5.490e2
793.0	6.802e3
793.9	4.671e3
794.7	7.274e3
795.5	4.629e3
796.4	4.106e3
797.4	7.651e3
798.4	5.787e3
799.3	7.020e3
800.1	1.815e3
800.7	8.889e3
801.5	2.699e3
802.3	6.050e3
803.2	9.061e3
803.9	2.768e3
804.9	6.555e3
805.9	7.373e3
806.8	4.132e3
807.5	1.863e3
808.2	9.873e3
809.0	1.430e3
809.6	6.231e3
810.6	4.934e3
811.5	8.783e3
812.2	3.714e3
812.9	7.143e3
813.9	6.306e3
814.4	4.450e2
815.0	5.227e3
816.0	7.687e3
817.0	5.229e3
817.7	6.010e2
818.5	2.883e3
819.2	8.794e3
819.9	1.060e3
820.6	5.835e3
821.4	4.761e3
822.2	3.509e3
822.7	8.300e1
823.3	6.019e3
823.9	3.130e2
824.5	3.300e3
825.3	7.241e3
826.1	1.473e3
827.0	4.120e3
828.0	3.854e3
829.0	6.433e3
830.0	4.543e3
831.0	4.660e3
831.9	2.125e3
832.8	1.375e4
833.3	1.788e3
833.9	1.094e4
834.5	1.086e3
835.3	9.624e3
836.2	4.283e3
837.2	7.186e3
838.2	5.485e3
839.0	5.638e3
839.9	5.155e3
840.6	5.800e2
841.4	4.676e3
842.0	6.960e2
842.6	6.314e3
843.4	9.547e3
844.0	6.000e2
844.6	6.109e3
845.6	6.487e3
846.5	3.698e3
847.4	9.281e3
848.1	2.088e3
848.9	9.525e3
849.7	3.040e3
850.4	4.017e3
851.4	9.242e3
852.2	3.083e3
853.0	8.464e3
853.9	3.776e3
854.5	1.644e3
855.3	1.052e4
856.3	6.808e3
857.2	6.231e3
857.7	1.000e1
858.2	4.517e3
859.0	5.563e3
860.0	5.350e3
860.8	4.183e3
861.4	5.640e2
862.0	4.895e3
862.8	8.275e3
863.6	1.296e3
864.2	7.940e3
865.0	2.341e3
865.8	6.540e3
866.8	6.484e3
867.8	3.388e3
868.5	4.790e2
869.1	6.751e3
869.9	1.622e3
870.4	8.270e2
871.1	1.077e4
871.9	4.780e2
872.4	5.111e3
873.3	2.102e3
874.0	3.444e3
874.8	8.243e3
875.3	6.200e1
875.9	4.886e3
876.8	4.171e3
877.4	8.000e0
878.1	5.647e3
879.3	4.505e3
880.0	4.170e2
880.8	4.306e3
881.3	8.000e0
881.8	2.415e3
883.2	5.341e3
884.0	3.334e3
884.9	4.207e3
885.9	3.695e3
886.9	2.774e3
887.7	3.125e3
888.5	5.408e3
889.3	2.249e3
890.1	5.033e3
891.0	2.469e3
891.5	5.970e2
892.1	6.152e3
892.8	5.420e3
893.7	3.494e3
894.7	3.589e3
895.5	4.370e3
896.2	5.680e3
896.9	1.499e3
897.6	6.972e3
898.3	1.224e3
899.2	6.021e3
900.0	9.550e2
900.6	5.458e3
901.2	2.550e2
902.0	6.680e2
902.7	2.259e3
903.6	8.984e3
904.2	2.214e3
904.9	7.452e3
905.8	3.262e3
906.5	3.339e3
907.1	1.895e3
908.0	3.440e3
908.6	7.300e2
909.4	1.049e3
910.1	6.411e3
910.8	6.449e3
911.6	1.261e3
912.2	5.182e3
913.3	4.665e3
914.2	4.758e3
914.9	1.132e3
915.6	1.858e3
916.5	1.848e3
917.1	9.900e2
918.0	4.777e3
918.6	1.635e3
919.4	2.356e3
920.2	3.887e3
920.8	4.040e2
921.3	5.131e3
922.3	3.024e3
923.4	4.656e3
924.5	3.602e3
925.4	3.419e3
926.3	6.726e3
927.3	5.084e3
928.1	2.879e3
928.9	1.845e3
929.5	4.991e3
930.2	1.391e3
931.1	5.015e3
932.0	4.359e3
933.1	6.567e3
934.0	3.211e3
934.8	4.079e3
935.8	4.286e3
936.5	2.382e3
937.2	2.726e3
938.1	2.861e3
939.0	6.037e3
939.6	3.300e2
940.2	1.303e3
941.1	4.465e3
941.9	4.958e3
942.5	1.900e1
943.1	2.003e3
943.9	4.066e3
944.5	3.360e2
945.2	7.440e3
945.9	1.950e2
946.6	4.147e3
947.6	2.448e3
948.5	2.839e3
949.5	3.907e3
950.3	3.728e3
951.2	5.535e3
952.1	4.485e3
953.0	1.224e3
953.9	4.182e3
954.9	4.924e3
955.8	9.107e3
956.7	5.701e3
957.3	6.100e2
958.2	2.584e3
958.8	9.970e2
959.4	1.127e3
960.2	4.917e3
960.9	2.687e3
961.6	3.861e3
962.4	3.069e3
963.1	1.556e3
963.8	6.500e3
964.5	1.520e3
965.0	1.150e2
965.6	5.371e3
966.2	5.030e2
967.1	4.791e3
968.1	6.050e2
968.8	4.626e3
969.6	2.743e3
970.7	7.540e3
971.5	3.153e3
972.5	7.274e3
973.4	4.969e3
974.0	1.623e3
974.8	4.737e3
975.4	1.990e2
976.0	1.862e3
977.0	6.060e2
977.7	4.069e3
978.3	4.650e2
979.0	4.532e3
979.8	2.524e3
980.5	4.690e2
981.1	1.278e3
982.0	3.284e3
982.9	3.767e3
983.8	5.566e3
984.9	4.048e3
985.6	1.956e3
986.3	8.000e0
987.0	3.479e3
987.7	1.023e3
988.3	3.750e3
989.1	1.731e3
989.7	5.726e3
990.5	1.476e3
991.3	6.569e3
991.9	1.200e1
992.6	5.852e3
993.4	1.061e3
993.9	2.300e2
994.5	3.927e3
995.2	1.300e3
996.0	5.130e3
997.0	3.540e3
997.5	2.670e2
998.3	7.580e3
999.4	1.369e3
1000.1	8.810e2
1000.8	4.306e3
1001.5	3.404e3
1002.4	5.688e3
1003.1	1.714e3
1003.8	3.890e3
1004.5	1.078e3
1005.1	8.402e3
1005.7	2.510e2
1006.3	5.013e3
1007.5	4.224e3
1008.2	4.350e2
1009.1	2.898e3
1010.0	7.550e2
1011.1	1.734e3
1011.9	2.898e3
1012.6	7.100e2
1013.1	5.740e3
1013.8	1.595e3
1014.6	4.590e3
1015.3	8.960e2
1016.2	2.924e3
1016.8	4.990e2
1017.6	3.650e3
1018.6	3.079e3
1019.3	5.127e3
1019.9	8.720e2
1020.7	4.841e3
1021.2	1.180e2
1021.7	5.332e3
1022.7	1.671e3
1023.4	7.360e3
1024.1	1.663e3
1024.7	6.300e2
1025.3	1.133e3
1025.9	5.164e3
1026.9	8.560e2
1027.7	2.838e3
1028.5	2.830e3
1029.2	4.669e3
1030.1	2.826e3
1030.9	1.328e3
1031.7	3.890e3
1032.8	3.387e3
1033.7	8.133e3
1034.6	7.790e2
1035.3	2.109e3
1036.2	6.590e2
1036.9	6.086e3
1037.8	3.446e3
1038.4	2.440e2
1039.0	4.201e3
1039.9	2.345e3
1040.6	1.000e1
1041.2	4.005e3
1041.8	1.710e2
1042.4	3.783e3
1043.0	2.110e2
1043.5	3.845e3
1044.2	7.900e2
1045.1	5.650e2
1045.9	1.254e3
1046.5	9.000e0
1047.1	5.455e3
1048.0	1.758e3
1048.7	4.440e2
1049.3	3.005e3
1050.0	1.700e2
1050.6	1.267e3
1051.7	5.575e3
1052.5	4.110e3
1053.2	5.790e2
1053.9	5.470e3
1054.6	5.840e2
1055.7	2.162e3
1056.4	5.687e3
1057.6	1.881e3
1058.2	8.000e1
1058.8	2.991e3
1059.4	1.090e2
1060.5	3.166e3
1062.0	4.239e3
1063.0	9.844e3
1063.8	7.580e2
1064.5	3.833e3
1065.4	2.700e3
1066.1	1.957e3
1066.8	9.650e2
1067.7	4.618e3
1068.7	7.700e1
1069.3	4.629e3
1070.0	4.810e2
1070.6	2.551e3
1071.4	3.358e3
1072.1	1.855e3
1072.6	6.500e1
1073.1	5.606e3
1073.8	6.490e2
1074.6	4.144e3
1075.3	2.172e3
1076.2	6.437e3
1077.3	3.000e3
1078.0	1.736e3
1078.6	8.930e2
1079.2	1.383e3
1079.9	5.582e3
1080.6	4.071e3
1081.4	1.068e3
1082.0	2.664e3
1083.1	3.347e3
1083.8	2.317e3
1084.3	6.190e2
1085.1	3.549e3
1086.0	2.828e3
1086.7	6.120e2
1087.3	3.082e3
1088.2	1.105e3
1088.8	2.948e3
1089.8	3.366e3
1090.4	5.960e2
1091.1	1.322e3
1091.8	4.430e2
1092.5	5.103e3
1093.5	3.392e3
1094.4	3.361e3
1095.0	4.670e2
1095.5	3.499e3
1096.2	9.400e1
1096.8	1.012e3
1097.6	2.831e3
1098.5	7.020e2
1099.3	2.719e3
1099.9	1.393e3
1100.7	1.836e3
1101.4	3.015e3
1102.0	6.460e2
1102.7	1.419e3
1103.3	6.130e2
1103.9	4.030e3
1104.9	2.359e3
1105.6	9.790e2
1106.4	7.908e3
1106.9	1.700e1
1107.4	4.632e3
1107.9	2.220e2
1108.6	5.358e3
1109.5	2.491e3
1110.2	5.634e3
1111.2	3.576e3
1112.0	1.606e3
1112.5	2.600e2
1113.2	1.204e3
1114.4	4.548e3
1115.2	2.832e3
1115.9	8.170e2
1116.5	2.299e3
1117.1	1.297e3
1117.7	2.477e3
1118.7	1.858e3
1119.5	3.688e3
1120.0	7.170e2
1120.6	2.675e3
1121.2	8.780e2
1122.0	5.374e3
1122.8	1.044e3
1123.5	1.007e3
1124.3	3.668e3
1125.2	1.714e3
1126.1	3.030e3
1126.6	2.710e2
1127.6	7.151e3
1128.3	1.392e3
1129.3	5.438e3
1130.2	7.490e2
1131.0	5.229e3
1131.7	2.580e2
1132.4	1.524e3
1133.0	5.839e3
1133.5	3.980e2
1134.4	3.229e3
1135.3	3.955e3
1136.1	5.820e2
1136.6	8.003e3
1137.3	5.760e2
1137.9	1.922e3
1138.6	9.720e2
1139.4	2.267e3
1140.0	6.740e2
1140.8	3.177e3
1141.5	2.810e2
1142.4	2.904e3
1143.0	1.760e2
1143.6	4.368e3
1144.3	1.201e3
1145.1	1.160e3
1145.8	6.045e3
1146.7	3.251e3
1147.4	1.712e3
1148.3	3.022e3
1149.1	8.520e2
1150.4	3.868e3
1151.0	1.039e3
1151.6	3.000e3
1152.5	3.064e3
1153.1	6.520e2
1153.6	1.263e3
1154.5	1.086e3
1155.1	3.640e3
1156.0	2.673e3
1156.6	7.690e2
1157.3	1.696e3
1157.9	7.860e2
1158.6	3.272e3
1159.5	1.328e3
1160.2	3.310e2
1161.0	3.238e3
1161.7	5.200e1
1162.6	3.901e3
1163.4	1.549e3
1164.2	1.563e3
1164.9	1.872e3
1166.0	1.329e3
1166.9	8.670e2
1167.5	4.237e3
1168.3	1.771e3
1168.9	4.870e3
1169.9	1.426e3
1170.4	1.800e2
1171.4	3.411e3
1171.9	2.060e2
1172.5	2.122e3
1173.1	9.000e0
1173.6	1.198e3
1174.3	1.800e1
1174.9	3.446e3
1176.0	7.090e2
1177.0	3.799e3
1177.5	4.680e2
1178.1	2.061e3
1179.0	1.802e3
1180.3	4.928e3
1181.2	3.577e3
1182.1	3.947e3
1182.7	3.740e2
1183.4	2.376e3
1184.3	1.612e3
1185.1	7.735e3
1186.1	2.882e3
1186.7	7.420e2
1187.3	3.307e3
1188.1	1.894e3
1189.0	2.790e3
1189.9	3.766e3
1190.7	1.882e3
1191.4	1.012e3
1192.2	4.254e3
1192.8	1.700e1
1193.3	1.117e3
1194.0	1.471e3
1194.7	7.770e2
1195.6	6.236e3
1196.3	1.241e3
1197.0	2.211e3
1197.8	3.850e2
1198.4	1.971e3
1199.1	5.185e3
1200.2	3.302e3
1200.8	9.000e0
1201.3	4.175e3
1202.3	2.668e3
1203.3	2.379e3
1204.1	6.093e3
1204.9	2.046e3
1205.9	4.123e3
1206.9	4.545e3
1207.9	5.798e3
1208.4	6.940e2
1209.1	4.188e3
1209.7	6.290e2
1210.3	4.382e3
1211.2	1.303e3
1211.8	4.056e3
1212.9	2.622e3
1213.5	1.589e3
1214.4	2.050e2
1214.9	2.444e3
1215.5	2.070e2
1216.0	2.709e3
1216.8	9.280e2
1217.4	2.427e3
1218.2	1.307e3
1218.9	4.852e3
1219.5	7.000e1
1220.1	2.511e3
1221.1	3.325e3
1221.8	1.023e3
1222.7	4.370e3
1223.6	9.310e2
1224.7	3.640e3
1225.7	4.172e3
1226.7	5.161e3
1227.4	1.183e3
1228.2	6.024e3
1229.2	2.700e3
1230.1	4.180e2
1230.6	3.106e3
1231.1	2.210e2
1231.8	1.399e3
1232.9	2.338e3
1233.6	7.730e2
1234.6	9.030e2
1235.2	7.200e2
1235.9	5.125e3
1236.5	4.190e2
1237.0	4.380e3
1237.5	9.000e0
1238.1	2.372e3
1238.7	1.130e3
1239.3	4.026e3
1240.1	6.200e2
1240.7	2.286e3
1241.8	1.429e3
1242.5	1.886e3
1243.3	1.478e3
1244.4	1.264e3
1245.4	2.600e3
1246.1	1.030e2
1246.7	2.630e3
1247.6	3.100e1
1248.3	2.274e3
1249.1	4.769e3
1249.9	1.419e3
1251.1	1.403e3
1252.0	3.890e2
1252.7	3.627e3
1253.5	2.331e3
1254.4	3.838e3
1255.1	1.489e3
1255.9	1.863e3
1256.8	2.531e3
1257.6	3.056e3
1258.5	8.270e2
1259.5	1.934e3
1260.5	2.200e1
1261.2	2.301e3
1261.9	2.059e3
1262.7	1.072e3
1263.6	3.356e3
1264.5	6.233e3
1265.3	9.050e2
1266.0	3.356e3
1266.6	9.000e0
1267.3	7.940e2
1268.1	2.915e3
1268.6	4.430e2
1269.4	2.165e3
1270.3	1.718e3
1270.8	2.970e2
1271.4	5.146e3
1272.4	3.896e3
1273.0	1.062e3
1273.6	1.851e3
1274.4	1.262e3
1275.1	4.083e3
1276.0	2.501e3
1277.0	1.126e3
1277.6	3.350e2
1278.2	2.664e3
1279.1	1.896e3
1279.8	4.969e3
1280.5	1.770e2
1281.3	2.400e1
1282.1	3.237e3
1282.6	1.346e3
1283.5	1.690e2
1284.4	2.192e3
1285.0	1.560e2
1285.8	2.796e3
1286.5	1.176e3
1287.1	4.903e3
1288.0	2.984e3
1288.7	2.242e3
1289.2	9.800e1
1289.7	2.518e3
1290.3	5.790e2
1291.0	3.239e3
1291.6	7.710e2
1292.3	2.906e3
1292.9	3.810e2
1293.6	2.801e3
1294.4	1.197e3
1295.4	3.927e3
1296.1	6.740e2
1296.8	1.796e3
1297.5	3.133e3
1298.0	2.370e2
1298.9	1.210e3
1299.7	1.054e3
1300.5	4.020e2
1301.2	4.227e3
1301.8	1.100e1
1302.3	3.970e2
1303.2	3.010e3
1303.9	1.000e1
1304.5	7.260e2
1305.3	2.942e3
1306.9	2.380e3
1307.8	8.630e2
1308.4	1.777e3
1309.4	1.997e3
1310.2	8.600e2
1310.9	4.236e3
1311.9	3.170e3
1313.1	2.314e3
1313.9	2.000e1
1314.4	1.700e1
1315.0	6.920e2
1315.8	3.910e3
1316.5	1.035e3
1317.4	3.514e3
1318.2	2.420e3
1319.0	1.110e3
1319.7	4.482e3
1320.2	2.900e1
1321.1	3.406e3
1321.6	9.000e0
1322.3	7.530e2
1322.9	7.750e2
1323.5	3.374e3
1324.3	9.350e2
1325.5	1.360e3
1326.1	1.000e1
1326.9	1.960e3
1327.5	1.241e3
1328.3	2.861e3
1329.1	7.230e2
1329.7	2.168e3
1330.5	4.600e2
1331.3	1.475e3
1332.1	4.910e2
1332.7	2.057e3
1333.4	1.800e1
1334.0	1.177e3
1335.2	1.659e3
1335.9	2.773e3
1337.0	2.527e3
1338.0	4.566e3
1338.9	2.896e3
1339.8	1.052e3
1340.4	4.087e3
1340.9	2.560e2
1341.6	1.491e3
1342.6	3.414e3
1343.6	2.990e2
1344.8	3.369e3
1345.3	9.000e0
1345.9	9.370e2
1346.6	5.400e2
1347.2	4.019e3
1347.8	2.000e1
1348.8	2.030e3
1349.5	2.248e3
1350.2	1.028e3
1351.3	1.519e3
1352.1	2.058e3
1353.0	1.595e3
1353.5	7.300e1
1354.1	4.057e3
1354.9	2.586e3
1356.0	1.943e3
1356.6	2.760e2
1357.1	1.972e3
1357.9	2.077e3
1358.4	1.800e1
1359.1	2.401e3
1360.0	2.382e3
1360.9	5.360e2
1361.6	2.096e3
1362.4	1.420e3
1363.2	2.369e3
1363.9	1.520e2
1364.8	1.404e3
1365.8	6.660e2
1366.5	4.087e3
1367.6	1.118e3
1368.4	2.100e2
1368.9	2.961e3
1369.7	2.493e3
1370.5	1.385e3
1371.2	8.560e2
1371.9	2.260e3
1372.6	1.311e3
1373.6	1.762e3
1374.4	2.501e3
1375.2	2.160e2
1376.5	2.669e3
1377.2	8.530e2
1377.8	2.060e3
1378.4	2.650e2
1379.3	1.296e3
1379.9	8.000e0
1380.5	2.379e3
1381.1	3.900e2
1381.7	3.564e3
1383.0	2.220e3
1384.3	2.726e3
1385.4	2.792e3
1386.4	3.602e3
1386.9	3.140e2
1387.6	2.326e3
1388.3	9.000e0
1389.1	3.420e3
1390.2	1.593e3
1390.8	5.420e2
1391.3	1.000e1
1391.8	4.522e3
1392.6	4.482e3
1393.4	1.658e3
1393.9	1.570e2
1394.6	3.127e3
1395.6	4.000e1
1396.4	1.749e3
1397.0	1.500e1
1397.6	8.420e2
1398.5	6.269e3
1399.3	2.160e2
1399.9	7.800e2
1400.7	3.214e3
1401.2	9.000e0
1401.7	7.300e2
1402.6	1.025e3
1404.1	6.080e2
1405.0	8.760e2
1406.1	2.544e3
1406.8	1.346e3
1407.4	2.160e2
1408.1	2.583e3
1409.2	4.646e3
1410.1	2.868e3
1410.8	7.270e2
1411.3	2.300e1
1412.0	2.274e3
1413.0	1.312e3
1413.6	3.950e2
1414.6	3.850e3
1415.5	6.422e3
1416.0	7.160e2
1416.7	1.074e3
1417.6	1.805e3
1418.5	2.767e3
1419.2	6.920e2
1420.0	2.508e3
1420.7	1.281e3
1421.6	5.342e3
1422.3	4.690e2
1422.9	3.860e3
1423.6	1.303e3
1424.6	3.186e3
1425.4	9.160e2
1426.5	4.192e3
1427.4	4.930e2
1428.2	3.600e1
1429.0	8.000e0
1429.5	4.218e3
1430.4	1.741e3
1431.2	1.091e3
1431.8	2.430e2
1432.5	5.797e3
1433.2	1.347e3
1433.9	3.462e3
1434.5	1.550e2
1435.3	3.102e3
1436.1	9.760e2
1437.0	3.040e3
1438.0	1.141e3
1438.9	1.432e3
1439.5	1.600e1
1440.0	5.117e3
1441.2	2.465e3
1442.0	2.930e2
1442.8	3.110e3
1443.7	4.820e2
1444.5	5.540e2
1445.4	1.769e3
1446.5	8.770e2
1447.6	1.806e3
1448.2	1.280e2
1448.9	3.048e3
1449.8	9.410e2
1450.4	1.700e1
1451.0	2.194e3
1451.9	2.892e3
1452.8	4.190e2
1453.6	7.700e2
1454.6	1.134e3
1455.2	2.100e1
1456.0	2.214e3
1456.9	4.068e3
1458.1	1.610e3
1458.9	2.438e3
1459.5	8.100e2
1460.9	1.953e3
1461.5	1.462e3
1462.1	9.000e0
1462.6	8.650e2
1463.2	2.880e2
1463.9	1.185e3
1464.5	1.320e3
1465.2	2.376e3
1466.2	4.910e2
1466.8	1.431e3
1467.3	5.120e2
1468.2	3.956e3
1469.1	2.682e3
1470.1	3.460e2
1470.6	1.726e3
1471.3	2.900e2
1472.1	1.224e3
1472.6	8.000e0
1473.1	2.749e3
1473.9	6.210e2
1474.5	2.812e3
1475.1	7.010e2
1475.6	4.470e2
1476.2	3.825e3
1477.0	2.370e2
1477.9	1.177e3
1478.9	1.000e1
1479.5	1.818e3
1480.4	9.340e2
1481.3	5.170e2
1482.0	1.712e3
1482.9	1.320e3
1483.5	4.270e2
1484.4	4.400e2
1485.2	6.300e2
1485.9	7.150e2
1486.5	2.330e3
1487.4	8.200e2
1488.2	2.202e3
1489.3	2.118e3
1489.9	4.860e2
1491.1	1.810e3
1492.0	8.160e2
1493.3	2.467e3
1493.8	1.420e2
1494.8	1.710e2
1495.4	1.100e1
1495.9	5.670e2
1496.6	3.840e2
1497.3	2.666e3
1497.9	3.480e2
1498.8	2.271e3
1499.9	1.707e3
1500.7	1.402e3
1501.7	1.316e3
1502.6	1.417e3
1503.4	6.140e2
1504.0	3.414e3
1505.0	1.415e3
1505.8	2.300e1
1506.5	2.810e2
1507.2	2.374e3
1508.1	1.436e3
1509.2	2.545e3
1510.2	1.383e3
1510.8	4.120e2
1511.8	1.280e2
1512.4	3.259e3
1512.9	2.270e2
1513.6	2.488e3
1514.4	7.290e2
1515.2	2.716e3
1516.2	1.611e3
1517.0	1.712e3
1517.7	4.090e2
1518.3	8.000e0
1518.9	4.168e3
1519.5	1.600e1
1520.0	1.584e3
1521.0	2.509e3
1522.3	1.226e3
1523.2	1.877e3
1523.7	1.530e2
1524.4	1.063e3
1525.1	2.330e2
1526.1	1.860e3
1527.0	8.660e2
1527.9	4.313e3
1528.9	1.000e1
1529.4	6.560e2
1530.0	2.610e2
1530.6	1.141e3
1531.6	2.891e3
1532.6	2.086e3
1533.3	9.280e2
1533.9	9.000e0
1534.5	2.540e3
1535.8	1.572e3
1536.7	2.828e3
1537.4	1.082e3
1538.0	4.580e2
1539.1	2.831e3
1539.9	3.530e2
1540.7	1.000e1
1541.7	3.400e2
1542.3	9.880e2
1542.9	1.708e3
1543.6	8.000e0
1544.2	1.714e3
1544.8	1.010e3
1545.8	2.527e3
1546.4	1.200e2
1547.1	6.340e2
1548.0	1.605e3
1549.0	5.070e2
1549.7	1.769e3
1550.7	1.639e3
1551.5	2.000e1
1552.2	3.510e3
1552.8	6.390e2
1553.4	3.760e2
1554.0	1.612e3
1554.8	5.320e2
1556.0	1.639e3
1557.0	1.561e3
1557.9	2.021e3
1558.5	1.930e2
1559.5	1.146e3
1560.4	1.982e3
1561.2	1.661e3
1561.8	6.620e2
1562.5	1.200e1
1563.0	2.390e2
1564.4	8.070e2
1565.1	2.453e3
1566.1	1.287e3
1566.9	3.234e3
1567.7	1.973e3
1568.8	8.670e2
1569.5	1.886e3
1570.3	1.089e3
1571.3	2.418e3
1572.0	5.160e2
1572.7	4.616e3
1573.6	1.412e3
1574.8	8.560e2
1575.6	2.100e2
1576.4	1.640e3
1577.0	4.240e2
1577.5	4.650e2
1578.1	1.000e1
1578.7	6.820e2
1579.3	9.700e1
1580.0	1.982e3
1581.3	2.338e3
1581.9	3.110e2
1582.4	1.936e3
1583.3	1.652e3
1584.6	2.000e1
1585.2	2.190e2
1586.1	5.280e2
1587.0	1.373e3
1587.7	2.043e3
1588.6	1.354e3
1589.4	2.456e3
1590.4	2.852e3
1591.7	3.430e2
1592.4	1.071e3
1593.2	3.940e2
1593.8	1.301e3
1594.7	1.477e3
1595.8	4.177e3
1596.4	8.000e0
1596.9	1.799e3
1597.5	2.000e1
1598.1	8.000e0
1598.6	1.459e3
1599.1	2.900e1
1599.7	2.909e3
1600.5	1.733e3
1601.5	3.640e2
1602.2	1.107e3
1602.8	1.664e3
1603.8	6.790e2
1604.8	2.904e3
1605.7	2.280e3
1606.8	3.445e3
1607.8	2.539e3
1608.4	1.100e1
1609.0	7.890e2
1609.8	1.650e2
1610.4	5.400e1
1611.2	8.080e2
1612.0	2.304e3
1613.0	5.100e2
1613.5	3.324e3
1614.3	9.960e2
1615.0	2.815e3
1615.8	1.800e2
1616.4	1.457e3
1617.1	1.603e3
1618.0	8.000e0
1618.5	1.083e3
1619.5	1.800e1
1620.3	8.350e2
1621.0	1.159e3
1622.3	1.507e3
1623.1	3.863e3
1624.1	2.760e3
1625.2	1.742e3
1625.9	1.442e3
1626.9	1.167e3
1627.5	1.900e1
1628.0	9.060e2
1628.8	1.157e3
1629.6	5.200e2
1630.4	2.494e3
1631.0	3.500e2
1631.8	8.430e2
1632.8	1.346e3
1633.6	7.080e2
1635.1	2.233e3
1636.4	9.170e2
1637.0	1.347e3
1637.9	2.414e3
1638.8	4.590e2
1639.9	1.346e3
1640.6	5.920e2
1641.1	2.123e3
1642.1	2.656e3
1642.7	8.600e1
1643.5	2.339e3
1644.2	7.370e2
1644.9	5.570e2
1645.7	9.150e2
1646.4	2.680e2
1647.2	3.175e3
1647.7	1.720e2
1648.4	2.270e3
1649.2	9.600e1
1650.0	1.607e3
1650.9	1.500e2
1651.8	1.687e3
1652.8	1.983e3
1653.4	5.120e2
1654.0	2.688e3
1654.9	1.220e2
1655.7	3.556e3
1656.7	1.124e3
1657.8	1.070e3
1658.6	4.920e2
1659.3	2.638e3
1660.1	4.490e2
1661.0	7.110e2
1661.6	3.150e2
1662.4	1.907e3
1663.2	1.137e3
1664.0	2.706e3
1664.8	1.948e3
1665.7	5.090e2
1666.3	4.070e2
1666.9	8.320e2
1667.8	1.133e3
1668.4	5.860e2
1669.1	2.186e3
1670.3	3.122e3
1671.3	1.412e3
1672.1	5.350e2
1673.0	2.498e3
1673.6	1.800e1
1674.3	9.100e2
1674.9	3.690e2
1675.8	7.420e2
1676.8	1.600e3
1677.6	3.883e3
1678.2	8.000e0
1678.9	1.843e3
1679.5	8.000e0
1680.0	6.180e2
1680.7	1.610e3
1681.5	1.000e1
1682.1	4.990e2
1683.0	1.350e2
1684.0	1.723e3
1684.9	5.890e2
1685.7	1.099e3
1686.3	1.270e2
1687.1	1.564e3
1688.0	1.047e3
1689.4	1.350e2
1690.4	8.050e2
1691.2	3.903e3
1691.8	2.700e1
1692.6	1.766e3
1693.4	1.928e3
1694.4	1.808e3
1695.5	2.111e3
1696.3	7.850e2
1697.1	2.823e3
1698.0	2.720e2
1698.9	2.174e3
1699.8	1.931e3
1700.4	8.030e2
1701.3	5.800e2
1701.9	9.830e2
1703.0	1.956e3
1703.6	7.120e2
1704.7	1.995e3
1705.7	1.242e3
1706.6	1.028e3
1707.4	8.640e2
1708.0	8.000e1
1708.5	3.116e3
1709.3	1.498e3
1709.9	5.030e2
1710.5	2.413e3
1711.3	5.000e2
1712.7	5.110e2
1713.5	1.207e3
1715.0	6.970e2
1715.7	8.460e2
1716.4	6.320e2
1717.3	1.563e3
1718.0	7.280e2
1718.7	1.334e3
1719.5	2.224e3
1720.3	3.480e2
1721.2	1.297e3
1722.1	8.100e1
1723.3	3.170e3
1723.8	1.010e2
1724.3	1.640e2
1725.1	1.200e1
1725.8	9.890e2
1726.4	7.320e2
1727.6	1.450e3
1728.7	4.090e2
1729.6	1.738e3
1730.7	1.980e2
1731.3	2.420e2
1732.0	2.974e3
1732.5	2.500e1
1733.1	6.890e2
1733.7	9.000e0
1734.2	1.255e3
1735.2	7.420e2
1735.8	1.230e2
1736.5	1.377e3
1737.5	1.526e3
1738.6	1.506e3
1739.7	2.071e3
1740.2	3.370e2
1741.0	1.274e3
1742.0	1.744e3
1742.6	1.800e1
1743.2	2.930e2
1743.9	1.569e3
1744.6	1.200e1
1745.2	1.034e3
1745.9	9.000e0
1746.4	1.713e3
1747.3	4.130e2
1747.9	1.800e1
1748.5	3.237e3
1749.5	1.002e3
1750.2	8.870e2
1751.3	1.251e3
1752.1	7.000e1
1753.2	1.436e3
1753.9	2.146e3
1754.5	5.500e2
1755.2	4.330e2
1755.9	2.746e3
1756.7	4.620e2
1757.9	3.900e2
1758.7	4.520e2
1759.4	2.600e1
1760.3	1.033e3
1761.2	2.500e1
1761.8	1.127e3
1762.3	2.100e1
1762.8	8.000e0
1763.6	2.151e3
1764.4	1.600e1
1765.0	1.341e3
1765.6	3.390e2
1766.2	1.879e3
1766.8	8.000e0
1767.6	2.265e3
1768.3	7.740e2
1769.0	6.460e2
1769.6	5.200e1
1770.2	1.669e3
1770.9	2.410e2
1771.5	1.913e3
1772.0	8.000e0
1772.5	1.943e3
1773.4	2.111e3
1774.3	4.690e2
1775.0	2.610e2
1775.6	3.920e2
1776.3	1.918e3
1777.0	2.980e2
1778.2	5.290e2
1778.8	2.080e2
1779.4	8.630e2
1780.4	8.000e0
1781.0	3.131e3
1782.3	2.800e1
1783.0	2.718e3
1784.0	8.070e2
1785.0	1.740e3
1785.9	5.720e2
1786.6	3.039e3
1787.7	2.198e3
1788.4	4.200e1
1789.4	2.580e2
1790.3	1.949e3
1790.8	1.000e1
1791.7	7.460e2
1792.3	1.445e3
1792.9	3.805e3
1794.1	1.827e3
1795.3	8.400e2
1796.4	2.097e3
1797.6	1.340e2
1798.3	7.680e2
1799.1	2.590e2
1799.9	1.421e3
1800.6	2.900e1
1801.6	1.488e3
1802.8	8.490e2
1803.4	2.020e3
1804.1	2.800e1
1804.8	5.760e2
1805.3	6.900e1
1806.3	1.539e3
1806.8	6.700e2
1807.7	1.545e3
1808.8	2.515e3
1809.8	1.850e3
1810.7	2.472e3
1811.6	2.720e2
1812.6	7.310e2
1813.2	8.000e0
1813.8	5.710e2
1814.5	1.800e1
1815.2	8.070e2
1816.5	2.500e1
1817.1	1.276e3
1818.3	6.790e2
1819.2	1.183e3
1820.1	8.000e2
1820.8	4.920e2
1821.5	1.600e1
1822.3	2.794e3
1823.1	1.775e3
1823.7	5.390e2
1825.3	3.730e2
1825.9	1.100e1
1826.5	3.020e2
1827.0	1.268e3
1827.7	4.230e2
1828.4	1.331e3
1829.1	1.600e1
1829.9	1.753e3
1830.5	2.000e1
1831.1	3.680e2
1831.8	6.960e2
1832.6	5.000e2
1833.1	4.123e3
1833.8	7.240e2
1834.5	1.046e3
1835.5	1.548e3
1836.4	2.012e3
1837.3	1.717e3
1837.9	2.350e2
1838.5	1.244e3
1839.1	8.000e0
1839.7	1.932e3
1840.4	4.470e2
1841.2	1.230e2
1841.8	7.750e2
1842.6	1.470e2
1843.2	2.742e3
1844.7	3.024e3
1846.0	4.822e3
1847.0	5.310e2
1847.6	1.002e3
1848.4	4.200e1
1849.2	9.490e2
1849.9	2.886e3
1850.5	3.120e2
1851.1	3.147e3
1851.7	3.360e2
1852.4	1.399e3
1853.0	1.000e1
1853.6	1.052e3
1854.3	4.500e1
1855.4	2.223e3
1856.5	9.000e0
1857.2	1.930e2
1857.9	4.310e2
1858.7	2.130e2
1859.2	2.730e3
1860.0	1.075e3
1860.6	1.800e1
1861.5	2.180e2
1862.6	1.496e3
1863.2	7.960e2
1863.9	1.890e2
1864.7	1.770e2
1865.4	1.094e3
1866.2	2.900e1
1866.8	5.400e2
1867.5	1.210e2
1868.4	8.350e2
1869.4	1.233e3
1870.4	2.045e3
1871.6	1.152e3
1872.7	7.150e2
1873.8	2.790e3
1874.4	1.365e3
1874.9	3.240e2
1875.5	5.900e2
1876.5	5.100e2
1877.3	2.346e3
1878.4	3.500e1
1879.2	1.782e3
1880.3	3.360e2
1880.8	1.530e2
1881.5	8.920e2
1882.3	8.330e2
1882.9	1.450e2
1883.9	5.010e2
1884.7	1.113e3
1885.5	2.290e2
1886.1	1.860e2
1886.8	1.922e3
1887.6	1.900e1
1888.8	9.110e2
1889.6	7.790e2
1890.2	1.000e1
1890.8	2.049e3
1892.0	5.710e2
1892.8	4.400e1
1893.4	2.470e2
1894.3	1.910e2
1896.0	1.653e3
1896.6	1.630e2
1897.1	9.540e2
1898.1	5.400e2
1899.2	4.600e2
1899.9	9.970e2
1900.7	1.000e1
1901.3	7.230e2
1902.2	4.950e2
1902.9	1.374e3
1903.9	1.445e3
1904.5	5.800e2
1905.0	3.370e2
1905.6	1.252e3
1906.3	3.230e2
1907.8	1.340e2
1908.4	3.770e2
1909.3	5.860e2
1910.0	4.230e2
1911.0	5.630e2
1911.5	1.100e1
1912.2	1.593e3
1913.1	1.031e3
1913.6	9.000e0
1914.5	8.660e2
1915.5	7.100e2
1916.5	7.570e2
1917.2	3.900e1
1918.0	1.529e3
1918.9	3.550e2
1919.4	6.470e2
1920.1	1.700e1
1921.2	2.320e3
1922.1	2.880e2
1922.6	2.100e1
1923.2	2.740e2
1924.1	9.280e2
1925.2	1.065e3
1925.7	3.060e2
1926.4	3.000e1
1927.0	1.117e3
1927.8	2.014e3
1928.7	1.143e3
1929.5	6.190e2
1930.5	5.390e2
1931.4	1.524e3
1932.4	3.900e1
1933.2	9.640e2
1934.0	9.000e0
1934.6	5.620e2
1935.4	2.917e3
1936.3	1.066e3
1937.5	2.280e2
1938.8	4.440e2
1939.6	6.800e2
1940.6	1.000e1
1941.2	5.900e1
1942.2	3.590e2
1942.9	1.240e2
1943.8	1.484e3
1944.6	9.000e0
1945.5	7.470e2
1946.1	8.000e0
1946.6	3.240e2
1947.4	1.700e1
1948.1	4.840e2
1948.9	1.121e3
1949.8	8.080e2
1950.5	1.890e2
1951.0	2.440e3
1952.2	1.000e1
1952.8	1.406e3
1953.7	4.370e2
1954.4	1.380e2
1954.9	8.000e0
1956.5	6.570e2
1957.4	8.780e2
1958.3	1.530e3
1959.4	1.700e1
1960.3	5.620e2
1960.8	2.100e1
1961.6	4.320e2
1962.3	4.100e1
1963.2	3.400e2
1964.6	1.114e3
1965.5	7.440e2
1966.7	1.690e2
1967.6	3.240e2
1968.2	4.080e2
1969.3	8.350e2
1970.0	7.360e2
1970.7	2.650e2
1971.5	1.110e2
1972.5	1.700e1
1973.5	1.700e2
1974.1	1.709e3
1975.3	3.940e2
1976.5	2.540e2
1977.4	2.160e2
1978.2	1.278e3
1979.0	3.100e2
1979.9	1.020e2
1980.9	1.606e3
1981.8	1.204e3
1982.8	6.400e2
1983.6	1.330e2
1984.3	4.850e2
1985.0	1.166e3
1985.8	5.730e2
1986.5	1.000e1
1987.1	3.200e1
1987.9	8.700e2
1988.6	1.200e1
1989.2	1.266e3
1990.1	5.550e2
1991.1	2.054e3
1991.7	4.880e2
1992.4	9.840e2
1993.3	4.610e2
1993.9	4.320e2
1994.9	1.400e1
1995.6	4.310e2
1996.1	8.000e0
1997.2	1.500e3
1998.1	1.545e3
1998.8	3.000e1
1999.6	9.030e2
