100.5	6.811e4
101.2	1.079e6
102.2	8.422e5
103.2	6.161e5
103.7	8.370e2
104.2	1.880e6
104.8	2.332e3
105.3	2.438e5
106.3	3.138e5
106.8	2.097e4
107.4	5.096e5
108.0	7.403e4
108.6	7.130e5
109.3	2.329e5
110.2	2.294e6
111.2	2.602e6
112.2	6.118e5
113.2	4.248e5
114.2	7.397e5
114.7	2.477e3
115.2	6.148e5
115.7	2.587e3
116.2	4.171e5
117.2	2.750e5
117.7	3.820e3
118.3	1.001e6
119.1	1.114e6
119.7	3.570e3
120.2	5.007e5
121.2	2.572e5
121.7	4.717e3
122.3	7.857e5
123.2	2.796e5
124.2	1.696e5
125.2	2.513e5
126.2	8.079e5
126.7	8.836e3
127.2	4.223e5
128.2	1.661e5
129.2	4.737e5
129.7	4.296e3
130.3	4.708e5
131.2	7.031e5
131.8	7.434e3
132.3	1.344e6
133.3	4.059e5
134.2	2.878e5
135.2	2.525e5
136.2	6.192e5
137.2	4.668e5
137.7	8.140e2
138.3	6.677e5
139.3	9.226e5
140.2	4.308e5
141.2	4.236e5
142.2	2.342e6
143.2	3.439e5
144.2	3.368e5
144.7	4.127e3
145.2	3.005e5
146.2	2.042e5
147.2	5.142e5
147.7	3.190e3
148.3	3.010e5
149.2	3.231e5
150.2	2.424e5
150.8	1.890e2
151.3	1.498e5
151.8	1.934e3
152.3	1.369e5
153.3	1.284e5
154.2	1.826e5
155.2	4.431e5
156.3	2.826e5
157.2	5.418e5
158.2	5.382e5
159.2	1.690e6
160.2	7.948e5
160.7	1.901e3
161.3	1.450e5
162.2	1.562e5
162.8	5.595e3
163.3	2.091e5
164.2	2.222e5
165.3	1.891e5
165.8	4.726e3
166.3	3.177e5
167.2	1.984e5
168.0	3.583e5
168.6	2.897e4
169.3	1.561e5
170.3	1.216e5
170.8	1.215e3
171.3	1.764e5
172.3	2.808e5
173.3	2.926e5
173.8	5.108e3
174.3	1.611e5
175.2	1.501e5
175.9	5.089e5
176.5	1.077e5
177.2	4.667e5
178.1	1.494e5
178.7	1.118e4
179.3	1.795e5
179.8	1.117e3
180.4	1.096e5
181.3	2.487e5
182.3	1.543e5
183.2	1.726e6
183.8	2.445e3
184.4	3.352e5
185.2	1.178e6
186.1	3.099e5
186.7	6.110e3
187.2	8.599e5
187.8	1.604e3
188.3	3.174e5
189.3	1.761e5
189.8	2.732e3
190.3	1.150e5
191.3	1.522e5
191.8	1.232e3
192.3	1.340e5
193.3	1.230e5
193.8	2.691e3
194.3	3.029e5
195.3	1.628e5
195.8	2.248e3
196.4	1.802e6
197.4	4.558e5
198.4	6.597e5
199.3	1.971e5
200.2	3.015e5
201.2	2.433e5
202.2	1.619e5
202.8	1.375e3
203.3	1.006e6
204.3	2.482e5
205.3	2.813e5
206.3	1.434e5
207.2	1.033e5
207.8	8.948e3
208.3	1.157e5
209.3	1.756e5
210.3	1.521e5
211.2	1.223e5
211.8	1.469e3
212.3	1.432e5
213.2	8.301e4
214.3	7.412e6
215.3	1.120e6
216.3	6.044e5
217.3	3.261e5
218.4	3.301e5
219.3	3.020e5
220.3	2.212e5
221.3	1.505e5
222.3	1.086e5
223.2	7.336e4
224.2	2.515e5
224.8	3.240e2
225.3	1.298e5
226.2	9.567e4
227.2	2.732e5
227.7	3.101e3
228.3	1.333e5
228.8	3.901e3
229.4	1.393e5
230.2	9.721e4
230.8	5.230e3
231.3	2.964e5
232.3	1.434e5
233.3	1.687e5
234.2	1.166e5
235.2	1.416e5
235.7	4.640e2
236.3	1.429e6
237.3	3.909e5
237.8	1.064e3
238.3	1.954e5
239.3	1.085e5
240.3	8.890e4
241.3	7.870e4
242.2	9.675e4
242.7	7.890e2
243.2	2.359e5
244.2	9.275e4
244.7	6.000e2
245.3	1.147e5
246.3	6.954e4
247.2	9.098e4
247.8	1.730e3
248.3	8.824e4
249.3	9.704e4
249.8	8.660e2
250.3	8.678e4
251.3	7.154e4
251.9	1.850e2
252.4	1.114e5
253.3	7.937e4
254.2	1.135e5
255.2	1.127e5
255.7	2.293e3
256.3	7.789e4
257.3	7.405e4
257.8	3.469e3
258.4	2.265e5
259.4	2.282e5
260.3	9.921e4
260.9	1.360e3
261.4	1.431e5
262.3	8.417e4
263.2	8.301e4
263.8	4.672e3
264.3	7.335e4
265.3	6.291e4
266.2	4.035e4
267.1	6.156e4
267.7	2.680e3
268.3	9.388e4
268.8	1.207e3
269.3	7.743e4
269.8	5.880e2
270.3	7.575e4
271.3	8.204e4
272.2	1.106e5
272.8	2.405e3
273.3	7.056e4
274.3	5.558e4
275.2	7.736e4
275.7	3.273e3
276.3	7.300e4
276.8	1.601e3
277.3	1.337e5
277.8	5.890e2
278.3	7.598e4
279.3	8.982e4
279.9	9.470e2
280.4	2.223e5
281.4	1.092e5
282.3	7.020e4
283.3	8.674e4
284.3	6.037e4
284.8	5.450e2
285.3	5.463e4
286.4	5.099e4
287.3	4.432e4
288.3	8.779e4
289.3	9.876e4
290.3	8.369e4
291.2	5.933e4
291.8	2.920e2
292.3	1.159e5
293.3	4.832e4
294.2	6.018e4
294.8	5.274e3
295.3	6.736e4
295.9	4.460e2
296.4	8.472e4
296.9	1.410e2
297.4	4.192e4
298.4	5.975e4
299.3	4.517e4
300.3	5.128e4
300.8	2.242e3
301.3	4.783e4
301.9	8.800e2
302.5	5.330e4
303.4	5.663e4
304.3	7.456e4
305.2	7.474e4
306.3	4.543e4
306.8	7.209e3
307.4	3.477e5
308.3	1.018e5
309.3	4.905e4
310.2	4.661e4
311.3	4.500e4
311.8	2.153e3
312.4	5.256e4
312.9	1.638e3
313.4	4.220e4
314.3	9.614e4
314.8	1.248e3
315.4	5.211e4
316.3	7.028e4
317.4	4.289e4
317.9	3.590e2
318.4	4.971e4
319.3	3.477e4
320.3	5.484e4
320.8	8.260e2
321.3	7.384e4
322.3	6.219e4
323.3	4.555e4
324.1	5.011e4
324.8	1.446e4
325.5	5.729e4
326.4	6.866e4
326.9	2.084e3
327.4	5.940e4
328.3	3.894e4
329.3	4.619e4
329.8	2.659e3
330.4	5.459e4
331.3	9.724e4
332.3	1.130e5
333.2	9.033e4
333.7	4.132e3
334.3	6.023e4
335.3	6.869e4
335.8	5.830e2
336.3	5.507e4
337.3	6.408e4
337.9	2.774e3
338.4	5.230e4
339.4	4.657e4
340.3	3.338e4
341.3	4.191e4
342.2	5.090e4
343.2	4.075e4
344.3	5.132e4
344.8	2.033e3
345.4	4.843e4
346.3	4.929e4
346.9	7.140e2
347.4	5.502e4
348.3	1.716e5
349.3	1.085e5
350.3	6.011e4
351.3	5.141e4
351.8	6.190e2
352.3	5.637e4
353.3	6.212e4
353.8	1.150e2
354.3	1.312e5
355.3	1.550e5
355.8	1.288e3
356.3	6.162e4
357.3	6.537e4
358.3	4.157e4
359.3	8.913e4
360.3	6.196e4
360.8	1.640e3
361.4	5.447e4
362.3	5.248e4
363.2	8.462e4
363.7	4.024e3
364.3	5.877e4
364.8	6.570e2
365.4	3.335e5
366.4	6.971e4
366.9	9.950e2
367.4	5.170e4
368.4	3.741e4
369.4	4.555e4
369.9	5.330e2
370.4	6.234e4
371.4	4.728e4
372.3	4.298e4
373.3	4.559e4
374.2	4.125e4
374.8	6.700e2
375.3	4.170e4
376.3	3.779e4
376.8	7.130e2
377.3	4.684e4
378.2	4.508e4
378.8	1.282e3
379.3	7.795e4
379.8	1.223e3
380.4	4.190e4
381.3	1.095e5
382.3	5.267e4
382.8	6.910e2
383.4	7.189e4
384.3	2.568e4
385.3	3.588e4
386.3	3.441e4
387.3	2.952e4
388.3	3.153e4
389.2	3.658e4
389.8	6.550e2
390.3	2.295e4
391.3	4.051e4
392.2	3.669e4
392.7	9.450e2
393.2	2.866e4
393.7	4.750e2
394.3	3.688e4
395.2	4.434e4
395.8	1.446e3
396.3	4.251e4
397.3	4.937e4
397.9	3.237e3
398.5	2.839e4
399.2	1.286e4
400.0	4.414e4
400.7	5.288e3
401.4	3.416e4
402.3	2.748e4
403.3	2.154e4
404.3	3.008e4
405.3	3.540e4
405.8	9.000e0
406.3	2.334e4
406.9	7.000e2
407.4	2.739e4
407.9	2.101e3
408.4	1.764e4
409.3	3.821e4
410.2	2.321e4
411.1	3.334e4
411.6	2.619e3
412.3	2.237e4
413.2	3.141e4
414.2	4.032e4
414.8	3.082e3
415.4	3.777e4
416.3	3.029e4
417.3	3.217e4
418.0	3.319e3
418.6	2.507e4
419.4	2.190e4
420.4	2.825e4
421.4	3.340e4
422.3	1.767e4
423.1	1.107e4
423.8	2.842e4
424.5	8.415e3
425.3	3.136e4
426.3	2.072e4
427.1	3.328e4
427.7	3.779e3
428.3	2.676e4
429.2	2.676e4
430.2	2.221e4
430.7	2.131e3
431.3	6.086e4
431.9	2.132e3
432.5	3.669e4
433.4	2.741e4
433.9	1.233e3
434.5	2.857e4
435.3	1.687e4
435.9	1.548e3
436.4	2.161e4
437.3	2.322e4
438.3	3.433e4
439.3	4.989e4
439.8	9.900e1
440.4	3.425e4
440.9	3.420e2
441.4	3.234e4
442.4	3.029e4
443.0	1.105e4
443.7	4.164e4
444.4	9.269e3
445.2	2.721e4
446.1	1.369e4
446.6	4.837e3
447.3	3.750e4
448.3	2.348e4
448.9	2.404e3
449.5	7.507e4
450.5	2.757e4
451.4	4.210e4
452.3	2.414e4
453.2	9.291e3
454.0	2.563e4
454.8	7.869e3
455.4	2.699e4
456.4	1.743e4
457.3	2.597e4
457.9	4.030e2
458.4	2.000e4
459.4	1.931e4
460.4	2.492e4
461.0	9.760e2
461.5	2.336e4
462.4	1.807e4
463.3	2.320e4
463.9	1.020e2
464.4	2.045e4
465.4	1.589e4
466.3	1.613e4
467.3	1.328e4
468.2	2.402e4
468.8	1.629e3
469.3	2.549e4
470.0	2.215e3
470.7	2.312e4
471.6	1.611e4
472.4	1.277e4
473.2	1.799e4
473.8	8.930e2
474.3	2.516e4
474.9	3.572e3
475.5	1.577e4
476.0	4.270e2
476.5	2.417e4
477.4	2.354e4
478.4	1.863e4
479.3	1.347e4
479.8	8.230e2
480.3	1.276e4
481.3	1.802e4
481.9	3.097e3
482.5	2.549e4
483.4	1.372e4
484.3	2.849e4
484.9	6.540e2
485.4	2.434e4
486.3	1.727e4
487.2	1.820e4
487.8	1.539e3
488.4	1.119e4
489.3	1.724e4
490.2	2.795e4
490.9	3.797e3
491.5	1.911e4
492.4	1.683e4
493.4	2.197e4
494.2	9.016e3
495.1	1.871e4
495.6	2.737e3
496.2	1.528e4
496.9	4.592e3
497.5	2.332e4
498.4	1.351e4
499.2	2.757e4
500.2	1.843e4
501.2	1.441e4
501.8	1.843e3
502.4	2.760e4
503.1	2.616e3
503.7	1.936e4
504.4	8.530e3
505.2	1.771e4
505.9	4.222e3
506.5	2.986e4
507.4	1.566e4
507.9	2.780e2
508.4	1.252e4
509.0	1.556e3
509.6	2.588e4
510.3	1.148e4
511.1	2.445e4
511.7	3.975e3
512.3	1.531e4
513.4	1.597e4
514.3	1.119e4
515.2	2.456e4
515.8	2.155e3
516.4	8.317e3
517.2	1.961e4
517.8	1.770e3
518.4	1.851e4
519.3	1.649e4
520.2	1.155e4
521.1	1.473e4
521.7	4.185e3
522.4	2.202e4
523.0	2.033e3
523.5	2.083e4
524.4	4.011e4
525.3	2.175e4
526.2	2.736e4
526.8	1.556e3
527.5	2.381e5
528.0	1.310e3
528.5	7.358e4
529.0	5.300e1
529.5	2.938e4
530.3	1.210e4
531.3	2.931e4
532.2	2.371e4
532.7	3.430e2
533.2	2.735e4
534.0	6.279e3
534.6	2.320e4
535.4	8.301e3
536.4	1.363e4
537.3	2.941e4
538.3	1.903e4
539.2	1.829e4
540.2	1.486e4
541.2	1.381e4
542.0	1.973e4
542.6	6.394e3
543.4	4.757e4
544.4	1.932e4
545.3	1.544e4
546.2	1.161e4
547.3	2.030e4
547.8	8.000e0
548.4	2.410e4
549.0	7.099e3
549.7	2.000e4
550.7	2.196e4
551.5	1.694e4
552.1	2.197e3
552.6	1.842e4
553.6	1.782e4
554.5	7.202e3
555.1	1.805e3
555.6	1.528e4
556.5	1.448e4
557.4	1.814e4
558.4	2.150e4
559.4	3.121e4
560.3	2.137e4
560.8	1.530e3
561.4	2.113e4
562.4	1.015e4
563.2	2.092e4
563.8	8.040e2
564.3	1.308e4
565.3	1.618e4
565.9	3.081e3
566.4	1.467e4
567.3	2.197e4
568.4	1.641e4
569.3	1.202e4
570.3	1.658e4
571.2	1.775e4
572.1	1.023e4
572.8	4.469e3
573.5	1.537e4
574.3	9.679e3
575.3	2.081e4
575.9	3.321e3
576.5	1.953e4
577.4	1.249e4
577.9	3.260e2
578.4	1.430e4
579.3	1.352e4
580.3	1.305e4
581.2	1.794e4
581.8	2.102e3
582.4	1.461e4
583.4	2.594e4
584.3	1.203e4
585.1	1.253e4
586.1	9.595e3
587.2	7.185e3
588.2	1.095e4
588.8	1.702e3
589.4	1.661e4
590.3	1.306e4
591.1	7.249e3
591.7	1.482e4
592.4	3.072e3
593.0	1.721e4
593.7	3.393e3
594.3	8.298e3
595.2	1.662e4
595.8	3.330e2
596.3	1.254e4
597.1	7.437e3
597.9	1.360e4
598.5	2.180e3
599.2	2.331e4
599.7	6.440e2
600.3	1.588e4
600.8	5.030e2
601.4	1.384e4
601.9	8.030e2
602.5	1.058e4
603.4	1.003e4
604.4	1.325e4
605.3	1.518e4
605.9	2.212e3
606.5	1.669e4
607.4	1.485e4
608.3	1.210e4
609.2	1.092e4
610.0	1.310e4
610.6	2.445e3
611.3	1.279e4
612.0	4.781e3
612.6	1.025e4
613.5	3.438e4
614.1	4.090e2
614.6	2.384e4
615.5	1.593e4
616.3	1.087e4
617.2	9.573e3
618.0	5.300e3
618.7	2.015e3
619.4	1.187e4
620.3	6.150e3
621.0	1.608e4
621.7	3.157e3
622.5	4.358e4
623.4	2.912e4
623.9	1.258e3
624.5	1.572e4
625.3	6.766e3
626.3	8.499e3
627.0	3.287e3
627.5	1.022e4
628.1	3.340e2
628.7	8.576e3
629.5	1.574e4
630.5	7.018e3
631.4	1.019e4
631.9	1.566e3
632.6	8.528e3
633.7	1.543e4
634.5	4.197e3
635.3	1.398e4
635.9	6.390e2
636.5	1.247e4
637.0	3.050e2
637.6	1.385e4
638.2	2.238e3
638.8	1.351e4
639.4	2.051e3
640.2	1.057e4
641.1	6.941e3
642.1	1.100e4
643.2	8.550e3
643.7	3.870e2
644.3	1.471e4
645.1	4.245e3
645.8	1.718e4
646.7	7.599e3
647.4	4.865e3
647.9	1.191e3
648.5	1.195e4
649.4	4.680e3
650.3	8.290e3
651.2	1.561e4
652.0	2.717e3
652.6	2.196e4
653.1	3.890e2
653.6	8.118e3
654.5	5.297e3
655.3	1.195e4
656.0	1.664e3
656.6	8.536e3
657.4	6.357e3
658.1	9.573e3
658.6	4.240e2
659.2	1.367e4
660.0	1.263e4
660.6	2.007e3
661.2	6.548e3
661.8	1.287e3
662.5	5.709e3
663.3	7.540e3
664.4	1.244e4
665.4	1.006e4
666.4	7.086e3
667.2	1.410e4
667.8	3.280e2
668.4	1.081e4
668.9	3.780e2
669.4	5.115e3
670.2	1.180e4
671.0	2.597e3
671.7	1.045e4
672.4	3.266e3
673.1	1.053e4
673.9	1.523e3
674.5	1.152e4
675.5	9.127e3
676.4	3.376e3
677.2	1.094e4
677.7	8.500e1
678.3	1.103e4
678.9	3.708e3
679.7	1.101e4
680.4	5.230e2
680.9	1.255e4
681.8	8.507e3
682.7	1.094e4
683.3	1.673e3
684.2	8.948e3
684.9	2.080e3
685.6	8.061e3
686.3	2.770e3
686.9	8.803e3
687.7	4.456e3
688.7	6.193e3
689.5	1.604e4
690.0	5.810e2
690.5	1.043e4
691.6	8.861e3
692.5	1.213e4
693.3	3.950e3
694.0	1.040e4
694.9	2.851e3
695.7	8.432e3
696.6	1.513e4
697.3	2.835e3
698.0	1.075e4
698.9	6.280e3
699.7	9.225e3
700.7	7.121e3
701.5	5.125e3
702.3	9.786e3
702.8	1.612e3
703.4	1.375e4
704.3	7.308e3
704.9	7.340e2
705.4	1.330e4
706.2	3.407e3
706.9	1.584e4
708.0	1.338e4
708.6	3.323e3
709.3	1.315e4
710.2	6.300e3
711.1	1.349e4
712.1	8.089e3
713.1	7.370e3
713.9	1.068e4
714.5	8.150e2
715.1	1.122e4
716.0	3.506e3
716.9	6.555e3
717.5	1.589e3
718.1	6.852e3
718.7	1.120e3
719.3	1.892e4
720.0	8.160e2
720.5	9.336e3
721.1	9.110e2
721.7	1.162e4
722.7	1.070e4
723.3	1.715e3
724.0	1.029e4
724.5	1.010e3
725.1	5.030e3
725.8	1.102e3
726.4	3.903e3
727.2	6.674e3
728.0	4.117e3
728.5	3.150e2
729.0	1.327e4
730.1	1.571e4
731.0	7.348e3
732.0	1.286e4
732.7	2.140e3
733.4	8.817e3
734.2	1.231e4
734.8	6.730e2
735.4	1.176e4
735.9	1.542e3
736.6	8.119e3
737.4	3.601e3
738.2	9.361e3
739.1	7.204e3
740.0	1.103e4
741.0	9.351e3
741.7	1.445e3
742.7	9.185e3
743.4	3.804e3
744.3	8.364e3
745.4	1.183e4
746.1	5.713e3
747.0	5.145e3
747.7	7.240e2
748.2	1.165e4
748.9	2.941e3
749.5	7.795e3
750.2	1.869e3
751.1	9.514e3
751.7	6.420e2
752.2	1.126e4
753.2	9.718e3
753.9	5.630e2
754.5	6.085e3
755.1	2.890e2
755.7	8.717e3
756.3	1.787e3
756.9	1.327e4
757.9	8.697e3
758.4	6.870e2
759.1	4.957e3
760.0	8.299e3
760.5	3.070e2
761.4	7.517e3
761.9	4.380e2
762.5	9.957e3
763.5	5.685e3
764.5	6.746e3
765.5	1.270e4
766.5	6.678e3
767.6	5.905e3
768.4	5.381e3
769.4	4.436e3
770.3	7.321e3
771.2	1.066e4
772.1	4.413e3
772.6	1.395e3
773.3	6.405e3
773.8	8.000e0
774.3	9.993e3
775.0	1.860e3
775.7	4.375e3
776.4	9.092e3
777.3	1.204e4
777.9	4.110e2
778.4	9.306e3
779.0	6.700e1
779.5	3.140e3
780.4	4.919e3
781.2	5.490e3
782.2	2.258e3
782.9	9.512e3
783.4	2.790e2
784.0	4.996e3
784.6	2.050e4
785.2	1.772e3
785.8	1.059e4
786.6	4.310e2
787.1	1.383e4
787.9	3.777e3
788.6	1.019e4
789.5	3.045e3
790.1	2.300e1
790.6	7.448e3
791.6	1.024e4
792.3	9.340e2
793.0	3.025e3
793.8	1.010e4
794.6	5.549e3
795.3	1.482e4
796.2	3.969e3
797.1	2.595e3
798.0	6.613e3
799.0	5.200e3
799.7	1.882e3
800.3	3.684e3
801.0	1.074e4
801.6	6.500e2
802.4	7.167e3
803.4	7.421e3
804.3	6.868e3
805.3	9.225e3
806.0	5.411e3
806.9	7.325e3
807.6	5.116e3
808.3	1.386e3
808.9	1.156e3
809.7	4.774e3
810.6	9.239e3
811.5	7.827e3
812.1	1.815e3
812.9	1.263e4
814.1	7.218e3
815.0	5.916e3
815.7	1.636e3
816.3	7.035e3
817.2	5.766e3
818.1	6.087e3
818.9	4.589e3
819.9	9.064e3
820.4	1.584e3
821.0	3.787e3
821.8	1.535e3
822.5	9.473e3
823.4	3.808e3
824.4	7.472e3
825.2	1.195e3
825.8	4.066e3
826.8	5.067e3
827.5	7.170e2
828.2	5.892e3
829.2	5.537e3
829.8	1.174e3
830.4	4.297e3
831.3	6.328e3
832.3	8.159e3
832.9	5.280e2
833.4	5.289e3
834.2	4.068e3
835.1	4.816e3
836.0	6.880e3
836.8	7.560e2
837.4	9.077e3
838.3	3.212e3
839.2	6.615e3
839.9	4.597e3
840.6	5.610e2
841.1	4.435e3
842.2	2.284e3
843.3	5.887e3
843.9	3.670e2
844.4	3.902e3
845.5	6.408e3
846.1	9.450e2
846.8	1.065e4
848.0	7.777e3
849.2	3.075e3
850.1	3.949e3
851.1	6.279e3
852.0	3.596e3
852.8	2.477e3
853.7	9.275e3
854.5	2.903e3
855.4	1.026e4
856.1	2.594e3
857.0	6.508e3
857.9	4.418e3
858.4	2.340e2
859.1	9.051e3
860.2	5.735e3
861.0	3.448e3
861.8	8.315e3
862.4	7.980e2
863.0	4.995e3
864.0	6.912e3
864.9	2.143e3
865.9	3.775e3
866.7	4.329e3
867.4	1.449e3
868.0	5.162e3
868.8	1.226e3
869.5	7.715e3
870.5	7.768e3
871.5	4.512e3
872.3	4.878e3
873.2	5.949e3
874.2	4.939e3
875.2	3.412e3
875.8	2.870e2
876.4	2.222e3
877.1	2.021e3
877.7	6.002e3
878.5	3.384e3
879.5	4.102e3
880.4	1.136e4
881.3	3.093e3
881.8	1.387e3
882.5	5.178e3
883.0	6.980e2
883.6	5.919e3
884.5	1.811e3
885.2	8.013e3
886.0	3.253e3
886.7	7.110e2
887.5	1.085e4
888.3	4.610e3
889.1	8.742e3
889.9	1.255e3
890.8	5.087e3
891.6	7.172e3
892.4	2.010e2
893.1	6.253e3
894.0	2.478e3
894.7	4.950e3
895.5	2.133e3
896.5	4.344e3
897.3	6.327e3
897.9	1.890e2
898.4	5.266e3
898.9	1.730e2
899.5	6.760e3
900.0	1.330e3
900.7	6.584e3
901.5	2.711e3
902.2	7.265e3
902.9	6.910e2
903.7	3.208e3
904.4	4.602e3
905.4	4.360e3
906.4	7.029e3
907.0	1.890e2
907.6	3.634e3
908.1	1.090e2
908.8	5.757e3
909.3	6.080e2
909.9	8.704e3
910.7	2.311e3
911.4	3.063e3
912.2	4.325e3
913.0	1.394e3
913.6	4.474e3
914.2	3.680e2
914.8	4.419e3
915.8	2.736e3
916.4	7.090e2
916.9	4.914e3
917.9	3.952e3
918.9	5.458e3
919.7	2.255e3
920.2	1.021e3
921.1	4.421e3
921.9	1.614e3
922.6	4.398e3
923.6	6.003e3
924.9	2.739e3
926.0	1.547e3
926.6	4.380e2
927.2	1.712e3
927.9	6.966e3
928.5	1.640e2
929.0	5.567e3
929.8	2.851e3
931.0	2.954e3
931.7	9.800e2
932.3	5.315e3
933.0	3.470e2
933.6	6.034e3
934.3	9.120e2
934.9	4.382e3
935.5	1.200e1
936.1	4.907e3
936.9	3.014e3
937.5	9.000e0
938.3	6.282e3
939.3	5.421e3
940.0	3.224e3
940.9	1.455e3
941.7	5.355e3
942.9	4.094e3
943.6	2.600e2
944.3	2.723e3
945.3	4.398e3
946.4	5.669e3
946.9	9.000e0
947.5	6.566e3
948.0	4.150e2
948.5	2.823e3
949.3	6.829e3
950.2	3.137e3
951.0	3.017e3
951.6	9.440e2
952.4	2.104e3
953.3	3.527e3
953.9	7.470e2
954.6	5.398e3
955.5	5.860e3
956.2	1.120e3
956.9	3.936e3
957.7	9.990e2
958.3	3.393e3
959.2	6.234e3
960.3	4.754e3
961.0	1.768e3
961.6	2.471e3
962.3	5.963e3
963.1	6.307e3
963.8	5.400e1
964.3	7.497e3
964.8	6.030e2
965.4	3.431e3
966.3	4.812e3
967.0	8.690e2
967.7	4.920e3
968.7	5.476e3
969.7	5.691e3
971.1	6.737e3
971.8	8.490e2
972.4	5.813e3
973.4	4.154e3
974.2	3.490e2
975.1	2.084e3
976.0	4.861e3
976.6	3.550e2
977.4	3.650e3
978.3	3.562e3
978.8	9.700e1
979.4	3.866e3
980.6	3.703e3
981.2	5.900e2
981.8	5.586e3
982.4	1.280e2
983.0	9.560e2
983.6	3.527e3
984.5	5.251e3
985.3	1.686e3
986.0	3.564e3
986.8	3.271e3
987.5	1.557e3
988.2	5.510e3
989.2	3.892e3
990.2	5.761e3
991.1	1.594e3
991.7	2.540e2
992.4	1.898e3
993.3	3.000e1
994.1	6.350e2
994.7	3.058e3
995.2	2.110e2
995.9	4.335e3
996.4	7.530e2
996.9	5.850e3
997.8	3.255e3
998.8	3.745e3
999.8	5.855e3
1000.7	4.634e3
1001.6	1.297e3
1002.3	5.650e3
1003.0	5.290e2
1003.8	2.615e3
1004.5	5.840e3
1005.1	8.000e0
1005.6	3.905e3
1006.8	5.189e3
1007.7	5.348e3
1008.4	9.970e2
1009.0	3.627e3
1010.2	5.658e3
1011.2	3.789e3
1012.0	2.158e3
1012.9	3.031e3
1013.5	5.840e2
1014.2	5.125e3
1015.3	2.540e3
1016.3	4.612e3
1016.8	1.200e1
1017.3	7.060e3
1017.8	8.000e0
1018.5	2.669e3
1019.5	4.094e3
1020.0	4.100e1
1020.8	3.603e3
1021.3	6.400e2
1021.9	6.582e3
1022.9	4.719e3
1023.8	3.874e3
1024.6	7.730e2
1025.4	5.641e3
1026.4	2.488e3
1027.3	2.482e3
1028.2	6.333e3
1029.0	3.925e3
1029.6	3.000e2
1030.2	7.614e3
1031.2	1.894e3
1032.0	1.790e3
1032.7	7.094e3
1033.6	1.847e3
1034.3	7.000e2
1034.9	5.928e3
1035.5	1.200e1
1036.3	5.282e3
1036.9	6.120e2
1037.5	5.879e3
1038.5	1.618e3
1039.4	4.846e3
1040.3	1.808e3
1040.9	9.760e2
1041.5	9.000e0
1042.1	3.105e3
1042.8	8.930e2
1043.4	1.935e3
1044.1	2.821e3
1045.1	2.645e3
1045.8	4.600e3
1046.5	1.961e3
1047.6	6.769e3
1048.5	1.774e3
1049.4	5.485e3
1050.3	4.202e3
1051.2	1.832e3
1051.7	1.800e1
1052.2	3.091e3
1053.2	8.684e3
1053.8	9.090e2
1054.4	3.400e3
1055.7	4.419e3
1056.2	9.650e2
1056.8	1.631e3
1057.3	5.400e1
1057.9	2.797e3
1058.8	7.059e3
1059.6	3.497e3
1060.6	3.694e3
1061.3	1.636e3
1062.0	6.970e2
1062.7	5.850e3
1063.8	3.613e3
1064.5	1.396e3
1065.1	8.404e3
1066.1	3.782e3
1067.0	1.745e3
1068.0	3.855e3
1069.0	2.662e3
1069.9	1.260e2
1070.4	2.411e3
1071.0	7.200e1
1071.5	3.830e3
1072.6	2.704e3
1073.7	3.212e3
1074.4	1.200e3
1075.4	3.714e3
1075.9	9.680e2
1076.6	3.832e3
1077.2	3.400e2
1077.8	3.633e3
1078.4	5.360e2
1079.2	4.557e3
1080.1	1.202e3
1080.9	3.058e3
1081.7	3.005e3
1082.7	2.707e3
1083.4	1.409e3
1084.0	1.000e1
1084.5	3.480e3
1085.4	5.017e3
1085.9	7.780e2
1086.6	3.246e3
1087.6	2.255e3
1088.6	5.907e3
1089.3	2.391e3
1090.4	2.936e3
1090.9	2.620e2
1091.5	6.741e3
1092.0	1.040e2
1092.6	3.412e3
1093.4	2.565e3
1094.2	2.448e3
1095.2	1.526e3
1095.8	3.036e3
1096.8	3.816e3
1097.7	1.715e3
1098.5	1.533e3
1099.2	3.612e3
1099.9	4.617e3
1100.8	3.285e3
1101.4	1.075e3
1102.1	4.606e3
1103.1	1.332e3
1103.8	8.400e1
1104.5	3.363e3
1105.1	3.390e2
1105.6	1.822e3
1106.6	3.135e3
1107.2	2.055e3
1107.9	5.747e3
1108.8	1.298e3
1110.1	3.000e3
1111.0	3.497e3
1112.0	2.066e3
1112.5	6.900e1
1113.1	2.487e3
1113.6	1.000e1
1114.3	4.446e3
1115.2	2.992e3
1116.0	9.410e2
1116.7	2.965e3
1117.5	1.973e3
1118.2	3.724e3
1118.9	4.434e3
1119.8	1.143e3
1120.4	4.373e3
1121.1	1.700e1
1121.9	4.082e3
1122.8	4.083e3
1123.5	2.795e3
1124.4	3.951e3
1125.5	4.989e3
1126.2	1.176e3
1126.9	9.684e3
1127.9	1.718e3
1128.7	3.990e2
1129.4	1.644e3
1130.2	5.937e3
1131.0	4.600e2
1131.5	4.087e3
1132.1	2.440e2
1132.7	5.375e3
1133.2	1.100e1
1133.8	6.652e3
1134.3	1.280e2
1134.8	2.479e3
1135.7	2.959e3
1136.5	1.085e3
1137.5	4.718e3
1138.1	6.720e2
1138.9	4.280e3
1139.8	4.437e3
1140.4	2.000e1
1140.9	1.683e3
1141.6	6.086e3
1142.4	1.176e3
1143.4	3.190e3
1144.1	4.006e3
1145.0	1.232e3
1146.0	1.816e3
1146.8	1.364e3
1147.8	3.385e3
1149.0	6.006e3
1149.7	1.311e3
1150.5	1.444e3
1151.3	5.080e3
1152.3	2.247e3
1153.0	8.000e0
1153.6	9.870e2
1154.2	4.933e3
1155.0	8.492e3
1155.5	8.860e2
1156.2	2.462e3
1157.1	5.987e3
1157.7	1.706e3
1158.3	4.511e3
1159.2	4.262e3
1160.2	2.419e3
1161.1	3.544e3
1162.0	3.564e3
1162.9	3.078e3
1163.9	2.443e3
1165.0	4.166e3
1165.7	1.756e3
1166.3	1.860e2
1166.9	2.990e3
1168.0	4.037e3
1169.0	2.804e3
1169.8	1.020e2
1170.4	4.972e3
1171.4	1.612e3
1172.1	7.970e2
1172.8	1.797e3
1173.7	2.550e2
1174.2	3.158e3
1174.7	8.000e0
1175.3	1.972e3
1176.1	1.670e2
1177.1	2.237e3
1177.7	4.400e2
1178.5	2.163e3
1179.1	1.200e1
1179.6	5.570e3
1180.6	5.131e3
1181.3	1.092e3
1181.9	8.970e2
1182.5	2.030e3
1183.4	1.610e3
1184.2	9.880e2
1184.9	4.011e3
1185.7	5.240e2
1186.2	2.627e3
1186.9	4.952e3
1187.8	1.986e3
1188.4	7.980e2
1189.0	1.974e3
1189.9	6.780e3
1190.6	1.266e3
1191.8	1.273e3
1192.6	5.365e3
1193.5	2.760e2
1194.6	1.950e2
1195.2	2.283e3
1196.2	2.371e3
1196.7	4.500e1
1197.4	5.144e3
1198.3	3.883e3
1199.0	4.900e2
1199.6	3.147e3
1200.2	2.100e1
1201.1	4.087e3
1201.9	8.180e2
1202.6	2.008e3
1203.2	4.350e2
1204.1	4.980e3
1205.2	3.077e3
1206.0	3.067e3
1206.5	6.180e2
1207.3	3.700e3
1208.2	1.136e3
1209.0	4.797e3
1209.8	1.271e3
1210.5	2.583e3
1211.3	3.723e3
1212.0	6.170e2
1212.7	3.825e3
1213.9	4.237e3
1214.6	2.901e3
1215.7	8.030e2
1216.4	2.486e3
1217.2	2.340e2
1217.8	1.788e3
1218.6	3.068e3
1219.3	1.020e3
1220.0	3.693e3
1221.2	1.893e3
1222.1	2.528e3
1223.1	1.513e3
1223.9	5.457e3
1224.8	1.261e3
1225.8	7.669e3
1226.5	5.970e2
1227.3	2.061e3
1228.2	1.812e3
1228.9	4.700e2
1229.6	2.904e3
1230.5	2.371e3
1231.4	2.247e3
1232.1	7.630e2
1232.9	3.400e3
1233.4	5.900e1
1234.0	1.733e3
1235.0	1.980e3
1235.8	9.400e2
1236.6	2.437e3
1237.1	1.070e2
1237.8	3.714e3
1238.6	7.080e2
1239.2	3.925e3
1239.7	3.100e1
1240.5	4.239e3
1241.3	1.372e3
1242.5	3.812e3
1243.3	1.491e3
1244.0	1.160e3
1244.6	3.508e3
1245.4	9.760e2
1246.0	1.374e3
1246.7	3.850e2
1247.5	4.418e3
1248.0	9.000e0
1248.5	1.051e3
1249.3	1.120e3
1250.4	5.089e3
1251.0	2.570e2
1251.6	2.630e2
1252.2	8.080e2
1252.9	1.815e3
1253.9	2.735e3
1254.4	3.230e2
1255.4	1.090e3
1256.4	1.626e3
1257.3	1.505e3
1258.2	3.043e3
1258.9	8.000e0
1259.5	1.694e3
1260.6	4.918e3
1261.6	1.369e3
1262.3	3.445e3
1262.8	3.860e2
1263.5	3.346e3
1264.5	3.445e3
1265.5	1.490e3
1266.3	3.597e3
1267.4	1.052e3
1268.2	4.570e2
1269.1	2.432e3
1270.1	1.376e3
1270.9	1.366e3
1272.0	3.200e1
1272.9	1.379e3
1273.6	2.497e3
1274.4	2.480e3
1275.4	1.956e3
1276.3	1.601e3
1277.0	6.910e3
1277.8	1.700e3
1278.5	9.210e2
1279.1	5.040e2
1279.6	4.920e3
1280.2	1.253e3
1280.9	2.843e3
1281.7	1.482e3
1282.5	4.713e3
1283.5	2.622e3
1284.4	1.996e3
1285.1	5.590e2
1285.6	1.824e3
1286.5	6.971e3
1287.5	3.800e2
1288.4	5.561e3
1289.2	1.876e3
1289.8	4.100e2
1290.4	1.725e3
1291.3	1.618e3
1292.3	5.001e3
1293.2	4.550e2
1294.0	9.080e2
1295.1	1.160e3
1296.3	4.044e3
1296.8	5.350e2
1297.8	3.477e3
1299.0	6.480e2
1299.7	2.059e3
1301.0	3.856e3
1301.8	1.282e3
1302.8	1.333e3
1303.6	1.701e3
1304.4	1.235e3
1305.2	2.523e3
1305.8	1.000e1
1306.4	1.919e3
1307.5	2.160e3
1308.2	1.155e3
1308.8	3.808e3
1309.7	3.490e2
1310.8	4.840e2
1311.8	4.273e3
1312.5	1.600e1
1313.1	4.110e3
1313.7	8.000e0
1314.2	9.950e2
1315.0	4.694e3
1315.7	4.620e2
1316.2	7.510e2
1317.2	2.914e3
1318.1	2.682e3
1319.0	1.812e3
1320.2	1.617e3
1320.8	8.000e0
1321.3	2.772e3
1322.0	7.050e2
1322.5	1.431e3
1323.3	1.900e1
1324.0	3.239e3
1325.0	1.400e3
1325.6	4.430e2
1326.1	3.619e3
1326.7	4.420e2
1327.3	2.615e3
1328.2	1.286e3
1328.8	9.000e0
1329.3	7.270e2
1330.1	2.961e3
1330.8	1.270e2
1331.4	1.515e3
1332.1	3.350e2
1332.6	3.489e3
1333.7	2.592e3
1334.4	8.890e2
1335.5	1.322e3
1336.0	5.490e2
1336.7	1.040e3
1337.4	4.071e3
1338.4	2.865e3
1339.3	1.642e3
1340.1	1.035e3
1340.8	9.180e2
1341.5	1.053e3
1342.2	5.470e2
1342.8	2.414e3
1343.5	8.490e2
1344.6	9.100e2
1345.3	1.863e3
1346.1	2.877e3
1346.7	5.140e2
1347.5	2.072e3
1348.4	2.246e3
1349.4	7.000e2
1350.2	1.263e3
1351.4	4.439e3
1352.2	1.276e3
1353.0	1.152e3
1353.6	1.715e3
1354.6	4.593e3
1355.5	2.086e3
1356.2	4.973e3
1357.0	4.310e2
1357.8	1.201e3
1358.6	1.735e3
1359.3	4.600e1
1360.4	3.201e3
1361.3	5.774e3
1361.9	4.320e2
1362.5	1.136e3
1363.0	1.280e2
1363.5	3.058e3
1364.4	1.527e3
1365.1	3.000e1
1365.7	2.065e3
1366.9	2.617e3
1367.6	1.620e2
1368.1	5.960e2
1368.7	3.305e3
1369.5	6.970e2
1370.3	5.059e3
1370.9	6.800e2
1371.7	1.459e3
1372.5	3.095e3
1373.4	8.290e2
1374.3	2.624e3
1374.9	2.560e2
1375.6	1.629e3
1376.4	8.000e0
1377.0	2.846e3
1378.2	9.000e0
1378.7	5.138e3
1379.9	3.110e2
1380.6	4.611e3
1381.7	1.150e2
1382.3	1.000e3
1382.9	3.050e2
1383.6	2.894e3
1384.5	2.956e3
1385.0	8.000e0
1385.7	1.870e2
1386.3	2.991e3
1387.0	2.910e2
1387.7	1.238e3
1388.4	2.223e3
1389.3	4.455e3
1390.6	1.572e3
1391.7	3.332e3
1392.7	2.488e3
1393.8	2.749e3
1394.3	8.000e0
1395.1	1.668e3
1395.8	9.190e2
1396.4	8.540e2
1397.1	3.474e3
1398.1	1.129e3
1398.9	1.127e3
1400.2	1.401e3
1401.0	3.235e3
1401.7	5.020e2
1402.4	4.399e3
1402.9	1.000e1
1403.6	2.692e3
1404.6	1.315e3
1405.3	4.513e3
1405.8	1.460e2
1406.4	2.501e3
1407.2	8.000e1
1408.0	1.479e3
1408.8	3.834e3
1409.7	1.657e3
1410.5	5.240e2
1411.5	3.407e3
1412.2	1.750e3
1413.1	2.192e3
1413.9	1.433e3
1414.8	2.048e3
1415.6	1.530e2
1416.3	2.327e3
1417.0	4.610e2
1417.6	2.369e3
1418.6	2.121e3
1419.6	8.620e2
1420.4	1.861e3
1421.2	3.360e3
1421.8	4.130e2
1422.5	2.312e3
1423.4	2.140e3
1424.4	4.050e2
1425.1	4.623e3
1426.0	1.601e3
1426.6	4.058e3
1427.6	3.329e3
1428.6	1.985e3
1429.4	3.178e3
1430.3	3.741e3
1430.9	8.400e1
1431.8	9.970e2
1432.5	3.243e3
1433.2	3.140e2
1434.0	3.815e3
1434.7	1.000e1
1435.3	1.957e3
1436.0	5.660e2
1436.8	1.274e3
1437.4	2.524e3
1438.4	2.832e3
1439.1	4.170e2
1440.0	2.246e3
1440.7	1.114e3
1441.8	1.316e3
1442.6	1.022e3
1443.6	3.119e3
1444.5	3.410e3
1445.4	2.472e3
1446.1	2.200e1
1446.9	1.785e3
1447.9	3.056e3
1448.9	1.028e3
1449.6	2.700e1
1450.4	3.056e3
1451.3	2.586e3
1451.9	1.680e2
1452.6	1.050e2
1453.6	5.370e2
1454.5	2.048e3
1455.5	2.198e3
1456.2	6.730e2
1456.8	2.236e3
1458.0	1.000e1
1458.6	3.515e3
1459.6	1.103e3
1460.6	3.492e3
1461.5	1.596e3
1462.1	4.110e2
1462.7	4.337e3
1463.2	1.600e1
1463.7	1.935e3
1464.3	9.000e0
1464.8	2.364e3
1465.7	3.830e2
1466.3	7.260e2
1466.8	1.129e3
1467.8	8.410e2
1469.1	2.315e3
1470.0	1.965e3
1471.3	2.817e3
1472.0	7.290e2
1472.8	1.423e3
1473.4	2.910e2
1474.0	1.655e3
1474.9	2.642e3
1475.8	2.626e3
1476.6	1.299e3
1477.3	1.700e1
1478.1	3.227e3
1479.0	6.140e2
1480.0	1.137e3
1480.7	1.520e3
1481.6	1.739e3
1482.4	4.300e1
1483.0	8.310e2
1483.8	1.871e3
1484.7	3.352e3
1485.6	2.448e3
1486.5	2.177e3
1487.4	1.947e3
1487.9	1.880e2
1488.7	9.100e2
1489.8	3.412e3
1490.6	1.211e3
1491.6	2.107e3
1492.6	2.403e3
1493.3	8.000e0
1494.0	3.200e1
1494.8	1.160e2
1495.6	4.769e3
1496.7	2.152e3
1497.7	5.800e2
1498.4	3.006e3
1499.5	1.336e3
1500.7	1.838e3
1501.4	2.190e2
1502.2	2.370e3
1503.1	3.323e3
1503.8	1.445e3
1504.5	3.610e2
1505.2	2.500e1
1506.0	2.151e3
1507.1	1.827e3
1507.9	1.904e3
1508.7	1.412e3
1509.3	3.077e3
1509.9	1.900e1
1510.7	3.090e2
1511.4	1.367e3
1512.1	3.180e2
1512.9	1.187e3
1513.4	1.600e1
1514.0	2.609e3
1515.1	2.247e3
1516.0	2.359e3
1516.9	1.331e3
1517.6	7.330e2
1518.4	1.977e3
1519.5	1.869e3
1520.1	2.240e2
1520.9	1.921e3
1522.4	1.016e3
1523.3	2.530e2
1524.0	1.177e3
1524.8	1.407e3
1525.4	1.200e1
1526.3	2.778e3
1527.1	2.660e2
1528.1	2.147e3
1529.0	3.454e3
1529.8	1.149e3
1530.9	1.538e3
1531.6	6.890e2
1532.6	1.764e3
1533.5	2.800e1
1534.2	4.300e2
1534.8	8.290e2
1535.5	6.050e2
1536.1	6.390e2
1536.8	2.161e3
1537.6	5.870e2
1539.1	1.985e3
1540.1	2.505e3
1540.8	6.800e1
1541.5	5.291e3
1542.3	9.700e1
1543.1	1.383e3
1543.8	1.030e3
1544.5	1.961e3
1545.4	1.804e3
1546.0	1.000e1
1546.8	1.932e3
1547.6	3.208e3
1548.4	3.347e3
1549.3	2.100e3
1550.0	1.209e3
1550.6	2.880e2
1551.5	2.245e3
1552.6	9.680e2
1553.6	3.832e3
1554.3	1.200e1
1554.9	1.531e3
1556.0	6.840e2
1556.6	2.686e3
1557.2	1.420e2
1558.1	3.168e3
1559.1	3.695e3
1560.3	1.575e3
1560.9	5.980e2
1561.5	1.530e2
1562.3	1.086e3
1562.9	1.919e3
1563.5	4.490e2
1564.5	1.605e3
1565.2	2.360e2
1565.8	8.920e2
1566.6	3.560e2
1567.2	2.000e1
1567.7	9.660e2
1568.4	5.080e2
1569.3	5.680e2
1570.1	2.534e3
1571.0	1.940e2
1571.8	2.427e3
1572.6	1.262e3
1573.6	3.289e3
1574.6	1.990e2
1575.1	1.746e3
1575.7	3.940e2
1576.3	1.617e3
1577.4	1.403e3
1578.3	3.000e1
1579.0	3.707e3
1579.9	8.350e2
1580.8	9.700e1
1581.6	3.400e2
1582.5	9.340e2
1583.4	2.758e3
1583.9	1.300e1
1584.5	2.050e2
1585.3	8.000e0
1585.9	2.719e3
1587.0	3.800e2
1587.6	2.600e1
1588.2	8.790e2
1588.8	1.000e1
1589.4	4.360e2
1590.1	7.350e2
1591.0	4.119e3
1591.8	3.420e2
1592.8	3.370e2
1593.9	1.380e3
1594.5	1.000e1
1595.1	8.090e2
1595.9	2.063e3
1597.1	3.761e3
1598.0	2.581e3
1598.7	1.800e1
1599.3	1.471e3
1600.1	4.300e1
1600.8	1.714e3
1601.4	8.000e0
1602.0	1.090e3
1602.7	2.840e2
1603.4	2.159e3
1603.9	1.510e2
1604.4	1.494e3
1605.3	3.000e1
1606.1	2.342e3
1606.9	1.206e3
1607.8	4.760e2
1608.5	1.280e3
1609.4	8.200e2
1610.0	2.100e1
1610.7	1.195e3
1611.5	6.350e2
1612.3	1.543e3
1612.9	1.410e2
1613.7	6.490e2
1614.4	1.428e3
1615.2	6.320e2
1616.2	2.380e2
1616.8	2.005e3
1617.4	2.860e2
1617.9	9.000e0
1618.5	2.758e3
1619.2	8.060e2
1620.0	5.800e2
1620.6	1.111e3
1621.4	2.502e3
1622.3	1.567e3
1623.1	8.270e2
1623.9	1.324e3
1625.0	1.652e3
1625.9	2.510e2
1626.6	1.651e3
1627.7	1.112e3
1628.3	2.800e2
1628.9	1.865e3
1629.9	7.220e2
1630.7	2.020e3
1631.2	3.890e2
1632.1	1.619e3
1632.7	1.492e3
1633.3	8.000e0
1634.0	9.600e2
1634.7	8.370e2
1636.0	1.729e3
1636.8	4.900e1
1637.7	1.187e3
1638.7	1.398e3
1639.5	7.770e2
1640.4	1.933e3
1641.3	1.004e3
1641.9	6.230e2
1642.6	1.222e3
1643.2	8.000e0
1643.7	4.083e3
1644.6	2.590e2
1645.1	1.578e3
1646.0	2.423e3
1646.6	2.280e2
1647.3	1.602e3
1647.9	4.530e2
1648.8	1.013e3
1649.5	8.540e2
1650.1	2.322e3
1650.8	1.138e3
1651.3	2.800e1
1652.0	1.100e1
1652.6	1.294e3
1653.4	1.491e3
1654.3	1.540e3
1655.0	7.720e2
1655.8	1.600e1
1656.3	1.122e3
1657.0	1.600e2
1657.7	1.010e3
1658.4	3.940e2
1659.1	1.298e3
1659.8	1.123e3
1660.6	1.323e3
1661.7	1.188e3
1662.7	1.048e3
1663.2	2.200e1
1663.8	7.720e2
1664.5	2.318e3
1665.5	3.177e3
1666.1	1.300e1
1666.6	5.940e2
1667.5	1.090e3
1668.4	8.000e0
1668.9	3.680e2
1669.8	1.297e3
1670.6	9.040e2
1671.6	2.570e2
1672.6	1.634e3
1673.4	5.410e2
1674.0	1.971e3
1674.9	5.560e2
1675.4	1.492e3
1676.3	2.735e3
1677.4	8.690e2
1678.1	2.698e3
1678.8	5.200e1
1679.9	1.172e3
1680.7	8.550e2
1681.4	8.590e2
1682.3	2.082e3
1682.9	2.270e2
1683.6	2.183e3
1684.3	6.450e2
1685.1	1.460e2
1685.6	8.970e2
1686.2	1.340e2
1687.0	2.491e3
1687.6	5.080e2
1688.1	3.576e3
1688.8	8.000e0
1689.3	1.383e3
1690.3	2.940e2
1691.2	2.002e3
1692.4	5.390e2
1693.1	1.497e3
1693.8	6.280e2
1694.7	1.578e3
1696.0	1.381e3
1697.2	4.280e2
1698.2	2.210e3
1699.3	4.130e2
1700.0	5.990e2
1700.9	7.110e2
1702.3	5.100e1
1703.1	1.399e3
1703.9	2.394e3
1704.6	2.381e3
1705.3	1.000e1
1706.2	3.572e3
1707.0	1.740e2
1707.6	2.183e3
1708.4	7.840e2
1709.2	2.200e1
1709.9	7.270e2
1710.8	7.780e2
1711.8	1.111e3
1712.6	1.260e2
1713.4	8.420e2
1714.3	1.092e3
1715.1	1.118e3
1715.8	2.100e1
1716.6	6.960e2
1717.8	3.960e2
1718.4	1.969e3
1719.2	9.080e2
1719.8	9.000e0
1720.3	1.544e3
1721.1	1.370e2
1722.4	1.199e3
1723.1	7.500e2
1723.9	9.600e1
1724.8	4.010e2
1725.8	8.530e2
1726.4	2.470e2
1727.1	1.828e3
1727.9	4.930e2
1728.7	1.357e3
1729.6	1.544e3
1730.2	1.640e2
1731.0	1.343e3
1731.9	6.870e2
1732.4	1.600e1
1732.9	1.983e3
1734.0	1.675e3
1735.0	1.692e3
1735.8	3.400e1
1736.8	5.000e2
1737.5	3.998e3
1738.1	1.500e1
1739.0	1.359e3
1739.5	9.000e0
1740.1	4.600e2
1740.7	2.053e3
1741.5	1.900e1
1742.0	1.552e3
1742.9	1.194e3
1743.8	2.407e3
1744.5	4.790e2
1745.3	1.824e3
1746.1	1.484e3
1747.2	1.499e3
1748.0	1.800e1
1748.6	1.453e3
1749.4	2.708e3
1750.1	4.250e2
1750.9	1.008e3
1751.5	3.580e3
1752.6	8.000e0
1753.1	3.247e3
1753.9	6.420e2
1754.8	9.400e1
1755.7	1.684e3
1756.3	6.380e2
1756.9	1.242e3
1758.0	3.928e3
1758.7	1.430e3
1759.7	4.800e2
1760.6	1.410e3
1761.3	3.300e1
1761.9	1.890e3
1762.5	8.000e0
1763.3	1.047e3
1763.9	4.120e2
1764.5	1.300e1
1765.0	1.210e2
1765.6	8.000e0
1766.7	5.370e2
1767.4	2.350e2
1768.4	2.220e2
1769.0	1.970e3
1769.9	1.461e3
1771.3	1.456e3
1772.3	1.002e3
1773.2	1.209e3
1774.0	1.348e3
1775.5	9.000e0
1776.0	4.922e3
1776.6	2.420e2
1777.3	2.080e3
1777.9	1.510e2
1778.7	2.013e3
1779.4	8.330e2
1780.4	4.130e2
1781.0	1.443e3
1781.8	1.367e3
1782.3	3.210e2
1782.9	1.520e2
1783.6	1.741e3
1784.2	4.750e2
1785.0	1.663e3
1785.6	4.800e1
1786.2	4.890e2
1787.1	9.520e2
1788.2	1.025e3
1788.9	7.540e2
1789.9	2.453e3
1790.7	1.170e3
1791.3	2.000e1
1792.0	1.261e3
1792.5	1.100e1
1793.0	1.766e3
1793.9	1.029e3
1794.7	3.360e2
1795.2	1.000e1
1796.0	1.188e3
1796.6	3.530e2
1797.3	1.700e1
1798.2	4.030e2
1799.0	1.272e3
1800.0	1.168e3
1800.6	2.000e1
1801.2	3.015e3
1802.1	1.112e3
1803.1	2.240e2
1804.2	2.174e3
1804.8	2.570e2
1805.8	2.500e1
1806.3	1.700e1
1806.9	8.000e0
1807.6	3.730e2
1808.4	8.000e0
1809.0	8.400e2
1809.5	8.000e0
1810.2	4.000e1
1810.8	4.974e3
1811.8	2.505e3
1812.4	1.100e1
1813.0	7.460e2
1814.1	1.000e1
1814.8	3.300e2
1815.5	1.116e3
1816.4	1.068e3
1817.3	1.154e3
1818.0	8.620e2
1818.7	1.804e3
1819.6	2.670e2
1820.5	2.165e3
1821.3	9.070e2
1822.4	7.380e2
1823.3	3.140e2
1823.8	2.320e2
1824.5	2.504e3
1825.3	1.006e3
1826.2	1.395e3
1827.5	2.343e3
1828.4	8.240e2
1829.3	1.727e3
1829.9	1.102e3
1830.8	2.321e3
1831.6	1.970e2
1832.5	3.600e2
1833.2	2.345e3
1833.8	4.180e2
1834.9	6.300e2
1836.1	3.110e2
1836.6	1.100e1
1837.3	8.510e2
1838.0	1.410e2
1838.7	1.883e3
1839.4	1.100e1
1840.9	4.900e1
1841.6	1.600e1
1842.4	4.930e2
1844.0	4.100e1
1844.7	5.720e2
1845.4	3.510e2
1846.1	3.940e2
1846.7	2.700e1
1847.3	1.232e3
1848.3	1.118e3
1849.0	9.000e0
1849.7	1.711e3
1850.4	1.206e3
1851.0	2.040e2
1851.6	1.197e3
1852.2	1.110e2
1852.8	1.210e3
1853.8	5.580e2
1854.4	1.871e3
1855.7	3.800e1
1856.3	1.258e3
1856.9	4.980e2
1857.5	5.820e2
1858.3	3.160e2
1858.9	5.050e2
1859.6	8.790e2
1860.3	3.100e2
1861.4	1.220e2
1862.3	3.600e1
1862.8	1.680e2
1863.5	1.734e3
1864.5	4.200e2
1865.1	1.330e3
1865.7	1.700e1
1866.3	2.828e3
1866.9	2.900e1
1867.6	1.239e3
1868.6	1.521e3
1869.8	9.990e2
1870.7	2.070e2
1871.2	8.900e1
1871.7	5.080e2
1872.6	1.797e3
1873.8	2.550e2
1874.5	1.170e3
1875.0	7.700e1
1875.5	3.300e2
1876.4	1.341e3
1877.4	1.160e3
1878.5	1.490e2
1879.0	1.025e3
1880.0	4.460e2
1880.7	4.630e2
1881.3	2.001e3
1882.2	4.030e2
1882.9	1.600e1
1883.5	2.204e3
1884.1	9.960e2
1884.8	1.075e3
1885.4	1.181e3
1886.6	6.640e2
1887.6	8.630e2
1888.6	1.313e3
1889.6	3.450e2
1890.4	2.339e3
1891.2	9.000e0
1891.7	5.760e2
1892.7	5.230e2
1893.7	7.400e1
1894.3	1.340e2
1895.0	1.023e3
1895.6	7.500e1
1896.3	2.690e2
1897.3	1.880e3
1898.2	7.470e2
1898.9	5.690e2
1899.8	9.750e2
1900.4	2.835e3
1901.4	7.240e2
1902.1	6.680e2
1903.2	1.494e3
1904.4	2.300e1
1905.1	7.400e2
1906.1	1.272e3
1906.9	1.940e2
1907.7	2.100e1
1908.3	7.330e2
1909.2	1.290e3
1910.5	2.800e1
1911.3	1.604e3
1911.8	8.000e0
1912.4	1.491e3
1913.5	5.170e2
1914.5	1.126e3
1915.3	4.400e1
1916.0	9.280e2
1917.0	7.690e2
1917.7	8.000e0
1918.2	1.300e3
1918.9	2.143e3
1920.1	1.144e3
1921.1	1.586e3
1921.7	9.000e0
1922.3	5.400e2
1923.0	1.114e3
1923.8	8.970e2
1924.5	1.800e1
1925.3	8.760e2
1925.9	1.000e1
1927.0	8.000e0
1927.8	1.559e3
1928.3	1.574e3
1929.3	1.900e2
1929.9	1.516e3
1931.1	1.090e3
1931.6	1.710e2
1932.2	2.900e2
1933.7	1.318e3
1934.6	2.770e2
1936.2	1.505e3
1937.5	1.047e3
1938.6	4.990e2
1939.3	1.707e3
1939.9	2.510e2
1940.7	1.580e2
1941.3	1.604e3
1942.1	1.970e2
1943.0	1.045e3
1944.1	3.258e3
1944.9	9.000e0
1945.4	5.880e2
1946.3	9.100e1
1947.4	6.000e2
1948.1	2.090e2
1948.7	6.640e2
1949.3	1.300e1
1950.3	1.292e3
1950.9	1.300e1
1951.8	1.023e3
1952.5	1.320e2
1953.2	9.350e2
1954.3	5.290e2
1955.1	2.268e3
1955.9	8.000e0
1957.3	6.720e2
1957.9	1.619e3
1958.7	8.000e0
1959.3	1.072e3
1960.3	8.560e2
1961.0	8.220e2
1961.6	2.430e2
1962.3	8.000e0
1963.1	8.280e2
1963.9	1.630e2
1964.7	1.340e2
1965.4	9.570e2
1966.5	5.800e1
1967.3	1.600e1
1968.2	4.040e2
1969.0	4.510e2
1969.9	3.005e3
1970.5	1.290e2
1971.1	2.189e3
1972.2	1.199e3
1973.3	3.910e2
1974.2	1.700e1
1975.0	7.800e1
1975.8	8.540e2
1976.4	1.000e2
1977.5	3.260e2
1978.3	7.000e2
1980.0	4.720e2
1980.7	1.060e3
1981.7	2.746e3
1982.4	2.000e1
1983.5	1.555e3
1984.4	1.690e3
1985.7	1.668e3
1986.2	2.680e2
1987.0	1.077e3
1987.9	1.055e3
1989.0	9.500e2
1990.1	1.417e3
1990.6	1.100e1
1991.2	6.760e2
1992.0	2.295e3
1992.9	8.000e0
1993.4	1.321e3
1994.0	8.570e2
1994.6	6.220e2
1995.1	1.946e3
1995.7	1.000e1
1996.3	2.000e2
1997.4	2.380e2
1998.1	6.430e2
1998.7	1.600e1
1999.3	3.540e2
1999.9	1.020e3
