100.5	7.099e4
101.2	1.170e6
102.2	8.408e5
103.2	5.600e5
103.7	5.146e3
104.2	2.332e5
105.2	1.799e5
106.2	3.076e5
106.8	8.282e3
107.3	5.118e5
108.3	6.911e5
109.1	4.285e5
109.7	2.112e4
110.2	2.447e6
110.7	7.733e3
111.2	2.696e6
112.2	7.404e5
113.1	3.721e5
114.1	6.965e5
114.7	1.275e3
115.2	6.487e5
116.2	2.993e5
117.2	3.201e5
118.2	4.219e5
119.1	1.242e6
119.7	2.113e3
120.2	5.032e5
121.2	2.811e5
121.7	2.188e4
122.3	7.952e5
123.2	2.057e5
123.7	4.077e3
124.3	1.556e5
125.2	2.109e5
126.2	8.783e5
126.7	6.300e3
127.2	3.051e5
128.2	2.033e5
129.2	3.745e5
130.2	2.107e5
131.2	7.497e5
131.7	2.746e3
132.2	3.658e5
133.2	3.279e5
134.2	2.735e5
134.7	3.882e3
135.2	2.280e5
136.1	5.722e5
136.7	5.785e3
137.2	4.191e5
137.7	6.549e3
138.3	5.265e5
139.3	1.730e5
140.2	3.851e5
141.2	3.320e5
142.2	2.601e6
143.2	2.780e5
144.2	4.066e5
145.2	1.874e5
146.2	1.604e5
147.2	2.682e5
148.2	1.323e5
149.2	3.025e5
150.2	2.313e5
150.7	1.890e2
151.3	1.549e5
151.8	2.419e3
152.3	1.275e5
153.2	1.159e5
154.2	1.635e5
155.2	4.331e5
155.7	9.170e2
156.2	2.407e5
157.2	4.112e5
158.2	5.028e5
159.2	1.713e6
160.2	7.669e5
161.2	1.331e5
162.2	1.321e5
162.7	7.340e2
163.2	1.622e5
164.2	2.271e5
164.7	6.342e3
165.3	1.995e5
166.2	6.880e4
166.9	9.272e4
167.7	4.133e5
168.5	1.342e5
169.4	1.017e5
170.3	9.685e4
171.3	1.711e5
172.2	2.676e5
173.2	3.015e5
173.8	3.831e3
174.3	1.686e5
175.0	4.800e4
175.7	4.659e5
176.4	8.835e4
177.0	5.161e5
178.0	1.565e5
178.6	1.621e4
179.2	1.895e5
180.2	8.160e4
181.2	2.577e5
182.2	1.182e5
183.2	1.787e6
183.8	4.357e3
184.3	2.907e5
185.2	1.255e6
186.1	3.361e5
186.6	1.167e4
187.2	9.066e5
187.7	2.944e3
188.3	2.858e5
189.2	1.582e5
189.7	1.061e3
190.2	9.735e4
190.7	6.090e2
191.3	1.270e5
191.8	1.987e3
192.3	1.229e5
193.3	1.368e5
193.8	6.420e2
194.3	2.871e5
195.3	1.530e5
195.8	7.122e3
196.4	1.901e6
197.3	5.369e5
198.4	6.875e5
199.3	1.757e5
200.2	2.765e5
200.7	4.240e3
201.3	2.846e5
202.2	1.430e5
202.8	8.510e2
203.3	2.657e5
204.3	1.238e5
205.2	1.496e5
205.8	1.480e3
206.3	1.129e5
207.2	1.127e5
208.3	9.797e4
209.2	1.381e5
210.2	1.073e5
211.2	1.097e5
211.7	6.102e3
212.3	1.299e5
213.2	5.469e4
214.3	7.362e6
215.3	9.815e5
216.3	5.383e5
217.3	2.884e5
217.8	7.530e2
218.4	3.365e5
219.3	1.656e5
220.3	1.699e5
221.3	1.359e5
222.3	6.912e4
223.2	6.147e4
224.2	2.020e5
224.7	2.827e3
225.3	1.190e5
226.3	9.550e4
227.2	2.402e5
227.7	3.540e3
228.3	1.196e5
229.3	9.150e4
230.2	8.586e4
230.7	1.023e3
231.3	2.987e5
232.3	1.155e5
233.3	1.555e5
233.8	1.476e3
234.3	1.318e5
235.3	1.210e5
235.8	2.044e3
236.3	1.614e6
237.3	3.922e5
238.3	1.942e5
239.2	1.547e5
239.7	2.754e3
240.3	7.874e4
241.3	8.211e4
242.3	1.097e5
243.2	1.945e5
244.2	7.583e4
244.7	1.485e3
245.3	7.820e4
245.8	1.646e3
246.3	6.096e4
247.3	6.648e4
248.2	7.230e4
249.2	8.704e4
249.7	2.589e3
250.3	7.503e4
251.2	7.252e4
251.8	2.306e3
252.3	1.556e5
253.3	9.729e4
254.3	1.270e5
255.2	9.286e4
256.2	4.802e4
256.8	1.761e3
257.3	5.501e4
258.3	5.534e4
258.8	3.615e3
259.3	2.071e5
260.3	7.721e4
260.9	2.832e3
261.4	1.520e5
262.3	6.566e4
263.3	5.868e4
264.2	4.834e4
264.8	5.054e3
265.3	5.237e4
266.3	5.061e4
267.2	6.048e4
267.7	3.190e2
268.3	4.466e4
268.8	1.122e3
269.3	5.865e4
270.3	3.979e4
270.8	4.782e3
271.4	9.205e4
272.3	6.438e4
273.2	5.751e4
273.7	1.193e3
274.3	5.669e4
275.2	5.494e4
275.7	4.320e2
276.2	6.222e4
277.2	1.055e5
277.8	4.720e3
278.3	7.513e4
279.4	9.549e4
280.3	5.310e4
281.2	5.807e4
282.2	4.557e4
283.2	6.713e4
284.2	4.516e4
284.7	1.779e3
285.3	3.288e4
286.3	4.486e4
287.2	4.903e4
287.8	1.979e3
288.3	6.566e4
288.8	3.907e3
289.4	5.578e4
290.3	4.162e4
291.2	4.368e4
291.8	2.000e2
292.3	6.135e4
292.8	1.681e3
293.3	4.621e4
294.3	4.654e4
295.3	4.964e4
296.2	3.572e4
296.8	1.263e3
297.3	3.590e4
298.3	5.097e4
299.3	2.849e4
300.3	4.098e4
301.3	4.370e4
301.9	2.431e3
302.4	5.005e4
303.4	4.608e4
304.2	8.564e4
305.2	7.590e4
305.8	8.380e2
306.3	4.176e4
307.2	4.145e4
307.8	1.117e3
308.3	3.072e4
309.2	5.923e4
310.2	3.581e4
310.7	1.993e3
311.3	4.131e4
311.8	1.870e2
312.3	2.508e4
313.3	4.758e4
314.3	9.111e4
315.3	4.160e4
315.8	2.048e3
316.3	7.141e4
316.9	8.570e2
317.4	3.881e4
318.3	2.731e4
319.2	4.500e4
319.8	6.250e2
320.4	3.725e4
321.4	5.490e4
322.3	3.698e4
323.3	4.256e4
324.2	3.708e4
325.2	4.075e4
325.7	1.077e3
326.3	4.716e4
327.3	5.532e4
327.8	1.068e3
328.3	3.739e4
329.3	5.231e4
330.3	3.417e4
330.8	3.970e2
331.3	8.515e4
332.3	8.367e4
333.3	5.860e4
333.8	1.079e3
334.4	4.712e4
335.3	3.150e4
336.2	2.505e4
337.2	3.374e4
337.7	1.554e3
338.3	3.912e4
339.2	4.391e4
340.1	4.513e4
340.7	6.081e3
341.3	3.837e4
342.3	3.865e4
342.8	4.130e2
343.3	2.914e4
344.3	4.028e4
344.8	2.005e3
345.4	3.489e4
346.2	2.548e4
346.7	1.021e3
347.2	6.458e4
348.2	4.178e4
349.2	1.004e5
349.8	3.686e3
350.3	4.950e4
351.3	4.685e4
352.2	3.592e4
352.7	3.285e3
353.3	4.284e4
354.3	1.213e5
355.3	1.473e5
356.3	5.337e4
357.3	7.542e4
358.3	2.571e4
359.3	8.225e4
359.8	8.820e2
360.3	3.999e4
361.0	8.861e3
361.6	3.992e4
362.4	1.939e4
363.2	5.605e4
363.7	3.230e2
364.3	3.776e4
365.2	4.758e4
365.8	3.304e3
366.4	4.728e4
367.3	2.394e4
368.2	3.272e4
368.7	5.680e2
369.3	3.820e4
369.9	1.619e3
370.4	2.744e4
371.3	2.810e4
372.2	3.251e4
373.2	4.433e4
373.8	4.760e2
374.3	3.565e4
375.3	3.681e4
376.2	3.074e4
377.2	3.888e4
378.2	3.893e4
379.2	4.377e4
379.8	2.357e3
380.4	3.967e4
381.4	4.813e4
382.4	2.966e4
383.3	3.179e4
384.2	2.407e4
385.2	2.928e4
386.1	2.405e4
387.0	2.925e4
387.7	2.657e3
388.4	1.801e4
389.4	3.089e4
390.4	3.262e4
391.2	1.607e4
391.9	2.453e4
392.5	8.350e2
393.0	2.627e4
393.6	2.237e3
394.2	2.757e4
395.2	3.014e4
396.2	3.123e4
397.2	2.091e4
397.8	6.545e3
398.4	3.442e4
399.4	1.907e4
400.3	1.643e4
401.2	1.068e4
402.2	2.608e4
402.7	6.750e2
403.2	2.386e4
404.2	2.604e4
405.1	2.158e4
406.1	1.855e4
407.1	2.500e4
407.6	7.870e2
408.2	1.550e4
409.1	4.267e4
409.7	4.655e3
410.3	2.633e4
411.3	2.205e4
412.1	1.608e4
412.8	4.830e3
413.4	2.929e4
414.3	2.222e4
415.2	1.866e4
416.2	1.586e4
417.1	1.371e4
418.1	1.318e4
419.1	2.190e4
420.1	2.387e4
420.6	1.400e1
421.1	1.321e4
422.1	1.609e4
423.1	2.115e4
424.1	1.765e4
425.1	2.377e4
425.7	2.713e3
426.3	1.843e4
427.2	2.675e4
428.2	2.356e4
428.9	4.213e3
429.5	2.009e4
430.3	9.064e3
431.2	4.431e4
431.8	1.341e3
432.3	2.280e4
432.8	1.318e3
433.4	3.245e4
434.1	6.036e3
434.8	2.469e4
435.6	1.041e4
436.5	1.428e4
437.5	1.379e4
438.4	1.233e4
439.3	1.265e4
440.1	1.604e4
441.1	1.205e4
442.0	1.971e4
442.6	2.953e3
443.3	2.131e4
444.1	1.566e4
445.0	1.846e4
445.6	2.324e3
446.3	2.637e4
447.2	5.165e4
447.8	7.200e2
448.3	2.281e4
448.9	1.655e3
449.4	6.409e4
450.3	2.697e4
450.8	1.209e3
451.4	2.526e4
452.4	1.727e4
453.3	2.262e4
454.3	1.838e4
455.3	1.673e4
456.3	1.191e4
457.2	1.913e4
458.2	1.633e4
459.2	1.579e4
459.9	2.668e3
460.7	9.777e3
461.6	1.674e4
462.3	7.192e3
463.1	2.249e4
464.0	1.194e4
464.6	3.073e3
465.2	1.360e4
466.2	1.373e4
467.1	1.119e4
467.6	9.070e2
468.2	2.179e4
468.8	1.026e3
469.4	1.527e4
470.3	9.175e3
471.2	1.966e4
472.2	1.413e4
472.8	2.989e3
473.4	1.669e4
474.2	7.135e3
475.1	1.405e4
475.6	1.225e3
476.3	1.273e4
477.1	1.762e4
478.0	1.183e4
478.6	1.834e3
479.2	2.054e4
479.8	2.459e3
480.4	1.152e4
481.4	1.963e4
482.3	1.141e4
483.2	1.638e4
483.8	9.000e0
484.4	1.684e4
485.1	6.021e3
485.8	1.703e4
486.4	3.327e3
487.1	1.578e4
488.2	1.817e4
489.2	9.873e3
490.1	1.608e4
490.7	9.780e2
491.3	1.058e4
492.2	6.903e3
493.1	1.816e4
493.7	1.462e3
494.3	1.092e4
495.2	2.370e4
495.7	6.070e2
496.3	1.034e4
497.2	9.271e3
498.0	1.029e4
499.0	2.568e4
499.6	1.286e3
500.2	1.508e4
500.8	1.786e3
501.4	1.917e4
502.4	9.634e3
503.3	1.285e4
504.2	1.039e4
504.7	3.710e2
505.2	1.425e4
506.1	1.140e4
506.7	3.870e2
507.3	1.263e4
508.2	1.039e4
509.1	1.604e4
509.7	2.685e3
510.4	8.210e3
511.5	1.878e4
512.0	2.710e2
512.5	9.458e3
513.4	1.137e3
513.9	1.296e4
514.5	5.370e2
515.0	1.652e4
516.1	1.150e4
516.6	2.730e2
517.2	1.099e4
518.3	1.269e4
518.8	7.620e2
519.3	9.601e3
520.3	1.446e4
521.1	6.652e3
521.7	1.574e3
522.3	1.407e4
523.2	1.228e4
524.2	1.350e4
525.3	1.665e4
526.3	1.607e4
527.3	2.365e4
528.3	1.131e4
529.2	1.832e4
529.7	9.250e2
530.3	1.105e4
531.3	1.694e4
532.3	1.454e4
533.0	7.466e3
533.8	1.729e4
534.5	2.156e3
535.2	1.479e4
536.1	5.757e3
536.9	1.062e4
537.8	1.293e4
538.9	1.207e4
539.8	1.028e4
540.4	5.290e2
540.9	1.102e4
541.8	1.887e4
542.6	6.590e3
543.4	1.482e4
544.3	1.035e4
545.3	1.178e4
546.2	5.492e3
547.0	1.226e4
548.1	1.175e4
548.6	2.032e3
549.2	1.305e4
549.7	8.570e2
550.4	1.328e4
551.3	7.573e3
552.2	5.306e3
553.1	1.400e4
553.6	2.700e1
554.2	1.337e4
555.2	1.149e4
556.0	6.258e3
556.8	1.545e4
557.7	8.738e3
558.4	5.275e3
559.1	1.417e4
560.0	9.548e3
560.6	8.800e2
561.1	2.014e4
562.0	1.171e4
562.5	8.460e2
563.0	8.508e3
563.5	1.500e2
564.1	6.745e3
565.0	1.610e4
565.9	9.889e3
566.5	3.286e3
567.2	1.807e4
567.9	2.543e3
568.6	1.441e4
569.2	2.279e3
569.7	1.316e4
570.2	8.000e0
570.8	9.500e3
571.7	1.360e4
572.5	5.357e3
573.2	1.375e4
574.2	6.744e3
575.1	1.325e4
576.1	1.199e4
576.7	9.770e2
577.2	1.537e4
578.1	8.530e3
579.0	1.596e4
579.5	1.072e3
580.1	7.227e3
581.0	1.278e4
581.8	4.808e3
582.5	1.605e4
583.3	1.485e4
584.2	1.309e4
585.1	1.247e4
586.0	6.763e3
586.6	1.238e4
587.3	3.205e3
588.2	9.130e2
588.8	9.592e3
589.4	8.190e2
590.1	1.251e4
591.1	7.215e3
591.7	9.830e2
592.2	1.238e4
593.3	1.551e4
594.3	8.822e3
595.2	6.956e3
596.2	6.851e3
597.1	8.724e3
598.1	1.315e4
598.6	1.284e3
599.3	1.846e4
600.1	7.620e3
600.9	1.101e4
601.5	2.106e3
602.1	8.961e3
603.1	6.111e3
604.0	1.161e4
605.0	1.033e4
605.6	5.580e2
606.2	1.125e4
607.0	8.143e3
607.5	1.540e2
608.1	1.027e4
608.8	2.980e3
609.6	1.084e4
610.5	5.600e3
611.3	1.420e4
612.0	3.200e3
612.6	7.870e2
613.1	8.695e3
613.7	1.322e3
614.4	6.788e3
615.2	6.759e3
616.1	8.209e3
617.2	3.960e3
617.9	8.462e3
618.8	1.172e4
619.8	9.988e3
620.7	5.175e3
621.5	2.383e3
622.2	9.700e3
623.1	8.752e3
623.7	8.330e2
624.6	1.218e4
625.1	2.820e2
625.6	7.956e3
626.6	7.835e3
627.4	8.210e2
628.2	4.757e3
629.0	1.132e4
630.0	1.223e4
630.5	2.080e2
631.1	6.101e3
631.9	1.310e4
632.5	2.223e3
633.1	1.196e4
634.1	7.320e3
634.6	9.000e0
635.2	1.310e4
635.9	5.271e3
636.7	6.849e3
637.4	3.381e3
638.2	2.669e3
639.0	6.142e3
639.6	1.433e3
640.2	6.166e3
640.9	1.153e3
641.4	7.378e3
642.2	4.071e3
643.1	1.030e4
643.7	1.733e3
644.5	8.892e3
645.3	8.725e3
646.2	7.216e3
646.7	5.150e2
647.3	6.059e3
648.1	3.416e3
649.1	7.963e3
649.9	6.257e3
650.5	1.651e3
651.1	1.057e4
651.6	1.100e1
652.1	7.470e3
652.7	8.000e0
653.3	6.215e3
654.2	9.880e3
655.2	1.075e4
655.8	6.360e2
656.5	4.655e3
657.3	9.725e3
658.1	3.086e3
658.8	5.680e3
659.7	7.093e3
660.7	9.853e3
661.4	1.040e3
662.2	3.635e3
663.0	5.390e3
663.9	7.928e3
664.6	1.534e3
665.2	7.415e3
666.1	3.163e3
666.9	7.922e3
667.9	1.098e4
668.4	5.760e2
669.1	6.569e3
669.9	2.210e2
670.5	8.845e3
671.3	6.456e3
672.0	9.190e2
672.5	8.960e3
673.1	2.440e2
673.7	6.677e3
674.8	4.717e3
675.4	2.020e2
675.9	8.824e3
676.5	1.658e3
677.2	7.669e3
678.3	6.786e3
678.8	1.233e3
679.4	8.755e3
679.9	8.180e2
680.5	3.825e3
681.3	1.360e4
682.1	3.598e3
683.0	9.599e3
683.6	6.950e2
684.2	3.745e3
685.2	7.865e3
686.0	5.558e3
687.0	5.969e3
687.6	1.820e2
688.2	5.499e3
688.8	2.590e2
689.3	2.734e3
690.3	4.292e3
691.2	3.544e3
692.0	7.260e3
692.5	3.020e2
693.0	1.040e4
694.0	7.093e3
694.9	1.051e4
695.9	6.167e3
696.6	1.491e3
697.3	6.494e3
698.1	3.512e3
699.1	7.935e3
699.8	5.270e2
700.5	6.199e3
701.2	3.243e3
702.1	3.697e3
702.7	7.600e2
703.3	1.140e4
704.2	7.024e3
704.9	2.647e3
705.8	1.110e3
706.5	6.295e3
707.4	4.997e3
708.2	9.863e3
709.0	9.355e3
709.7	5.450e2
710.4	5.252e3
711.4	6.080e3
712.2	1.757e3
713.1	9.585e3
713.6	5.140e2
714.1	6.246e3
715.0	9.210e3
715.5	8.000e0
716.1	5.617e3
717.2	1.023e4
717.7	1.200e1
718.2	4.223e3
719.3	7.386e3
720.2	5.045e3
721.2	2.758e3
721.9	1.019e3
722.5	8.200e3
723.4	1.139e4
724.3	7.271e3
725.2	2.223e3
725.8	7.080e2
726.4	7.295e3
727.3	7.392e3
728.1	2.968e3
729.1	6.264e3
730.0	4.657e3
731.0	2.891e3
731.9	1.200e4
732.7	3.627e3
733.5	8.012e3
734.2	6.750e2
734.8	6.911e3
735.6	5.161e3
736.6	4.425e3
737.5	6.314e3
738.6	3.817e3
739.2	4.370e2
739.8	6.804e3
740.5	1.185e3
741.1	3.654e3
742.1	1.169e4
743.1	7.553e3
743.8	2.416e3
744.6	5.070e3
745.1	1.410e2
745.6	3.961e3
746.7	7.781e3
747.3	7.490e2
748.1	4.375e3
749.0	1.503e4
749.8	3.530e3
750.6	1.194e4
751.3	2.283e3
752.0	6.394e3
752.9	6.891e3
753.9	5.501e3
754.4	5.720e2
755.0	5.414e3
755.5	4.000e2
756.1	7.566e3
757.2	8.488e3
758.0	3.055e3
758.6	2.470e2
759.1	3.259e3
759.8	7.080e2
760.4	2.845e3
761.3	5.513e3
761.8	5.120e2
762.4	3.349e3
763.1	3.263e3
763.9	4.760e3
764.5	1.374e3
765.1	8.528e3
766.2	3.989e3
767.1	6.658e3
768.0	4.360e3
768.8	9.388e3
769.5	1.140e3
770.3	3.182e3
771.3	9.114e3
772.0	1.383e3
772.5	6.707e3
773.3	2.068e3
774.1	6.530e3
775.0	4.122e3
775.8	6.963e3
776.3	1.690e2
776.9	8.248e3
777.6	2.395e3
778.3	5.596e3
779.2	3.100e3
780.2	5.700e3
781.2	7.443e3
782.2	2.229e3
783.0	3.885e3
783.6	1.350e3
784.3	5.792e3
785.2	3.541e3
786.2	3.140e3
787.1	1.324e4
788.1	7.390e3
788.6	2.430e2
789.1	3.531e3
790.1	4.916e3
790.8	1.021e3
791.4	1.119e4
792.3	6.979e3
793.3	4.049e3
794.1	5.678e3
794.8	4.666e3
795.4	6.890e2
796.1	5.810e3
797.1	6.764e3
797.7	2.990e2
798.2	3.886e3
799.2	3.516e3
800.1	4.918e3
800.9	4.022e3
801.5	2.800e1
802.0	4.063e3
803.0	8.908e3
803.9	3.334e3
804.9	5.697e3
805.8	2.277e3
806.3	4.410e2
806.9	3.393e3
807.7	6.728e3
808.3	3.400e2
808.9	4.594e3
809.5	1.700e2
810.1	8.264e3
811.0	3.506e3
811.9	1.022e4
812.8	6.220e2
813.3	1.008e4
814.2	6.102e3
814.8	1.330e3
815.4	9.629e3
816.4	4.117e3
817.2	8.580e2
817.8	8.540e3
818.3	1.600e1
818.9	1.524e3
819.6	5.492e3
820.6	6.225e3
821.4	2.180e3
822.0	8.127e3
822.8	2.590e2
823.4	3.444e3
824.1	3.920e2
824.7	4.973e3
825.5	2.744e3
826.3	5.244e3
827.1	1.964e3
827.6	2.940e2
828.2	2.479e3
829.2	7.093e3
829.8	1.117e3
830.6	6.581e3
831.4	7.270e2
832.0	7.611e3
833.0	3.362e3
834.0	4.133e3
835.1	5.688e3
836.0	3.493e3
837.0	5.252e3
838.0	3.802e3
839.1	8.521e3
839.6	4.130e2
840.2	4.327e3
840.9	3.559e3
841.6	1.851e3
842.6	4.116e3
843.9	5.807e3
844.9	7.048e3
845.8	4.750e3
846.5	2.149e3
847.2	5.430e3
847.7	1.000e1
848.3	6.182e3
849.3	4.315e3
850.4	6.295e3
851.4	8.450e2
852.2	2.669e3
853.1	5.746e3
853.8	3.690e2
854.6	3.134e3
855.4	6.194e3
856.0	6.280e2
856.8	7.150e3
857.5	9.120e2
858.2	6.601e3
858.7	3.780e2
859.2	2.212e3
860.0	5.183e3
861.0	4.605e3
861.9	2.605e3
862.9	7.917e3
863.9	7.460e3
864.8	6.780e2
865.5	4.708e3
866.4	1.154e3
867.1	1.713e3
867.8	6.233e3
868.6	1.212e3
869.2	4.756e3
870.1	5.922e3
871.0	8.227e3
871.9	2.556e3
872.7	4.029e3
873.6	3.522e3
874.6	5.351e3
875.3	2.476e3
875.9	4.890e2
876.5	6.517e3
877.2	1.480e2
877.8	1.648e3
878.5	3.965e3
879.2	8.950e3
879.9	8.470e2
880.6	6.558e3
881.6	3.579e3
882.1	1.000e1
882.7	5.865e3
883.3	1.360e2
883.9	6.256e3
885.2	4.652e3
886.1	2.980e3
887.4	3.687e3
888.2	2.785e3
889.1	5.009e3
889.8	1.272e3
891.0	3.317e3
891.6	1.114e3
892.4	2.731e3
893.3	5.609e3
894.3	4.829e3
894.8	2.400e2
895.4	1.218e3
896.2	2.583e3
897.3	3.963e3
897.9	6.240e2
898.5	5.485e3
899.5	2.684e3
900.4	3.888e3
900.9	3.050e2
901.4	5.229e3
902.0	1.260e2
902.5	9.221e3
903.0	3.250e2
903.7	6.111e3
904.5	2.960e2
905.1	5.176e3
906.1	3.545e3
906.7	1.059e3
907.4	6.414e3
908.1	2.812e3
909.0	1.769e3
910.2	6.706e3
910.8	4.470e2
911.4	1.667e3
912.4	5.475e3
913.0	7.170e2
913.6	7.585e3
914.3	1.406e3
914.9	4.843e3
915.8	4.277e3
916.9	3.452e3
917.8	6.272e3
918.4	1.488e3
919.4	2.080e3
920.3	3.987e3
921.2	1.519e3
922.1	3.551e3
923.0	6.279e3
924.0	2.957e3
925.1	7.206e3
925.9	1.569e3
926.8	2.980e3
927.5	7.530e2
928.4	1.716e3
929.1	7.840e3
930.0	2.360e3
931.0	4.636e3
931.6	4.330e2
932.3	5.714e3
933.2	2.538e3
934.0	1.234e3
934.8	2.714e3
936.0	2.341e3
936.7	6.170e2
937.5	2.943e3
938.4	4.943e3
939.0	6.540e2
939.6	2.835e3
940.2	1.296e3
941.0	4.595e3
941.9	1.397e3
942.7	4.796e3
943.6	4.756e3
944.2	3.520e2
944.8	2.619e3
945.7	3.185e3
946.5	2.081e3
947.3	2.838e3
948.4	2.006e3
949.0	1.680e3
949.7	7.702e3
950.8	1.655e3
951.5	1.432e3
952.3	1.938e3
953.1	2.335e3
954.1	3.504e3
954.8	1.683e3
955.5	1.907e3
956.5	4.666e3
957.4	4.945e3
958.4	6.143e3
959.1	7.460e2
959.7	5.934e3
960.3	2.780e2
960.9	4.674e3
961.4	8.000e0
962.0	1.390e3
963.0	2.728e3
963.6	2.730e2
964.1	3.507e3
965.0	4.965e3
966.0	4.402e3
967.0	3.342e3
968.0	5.724e3
969.0	5.740e3
969.6	2.290e2
970.2	2.696e3
970.9	1.306e3
971.7	2.747e3
972.9	3.482e3
973.9	5.005e3
974.4	2.850e2
975.1	1.921e3
975.9	3.006e3
976.8	1.699e3
977.6	7.410e2
978.2	2.699e3
978.8	8.000e0
979.4	3.784e3
980.2	3.748e3
981.1	4.997e3
981.9	1.358e3
982.9	5.493e3
983.5	1.188e3
984.5	2.071e3
985.3	4.042e3
986.3	3.640e3
988.0	2.358e3
988.8	4.990e3
989.4	3.040e2
990.0	3.324e3
990.9	1.783e3
991.7	1.252e3
992.6	6.470e2
993.3	4.198e3
993.8	3.410e2
994.6	2.509e3
995.3	5.532e3
996.2	4.541e3
997.0	2.030e2
997.7	1.794e3
998.6	1.690e3
999.5	4.520e3
1000.3	4.607e3
1000.9	8.590e2
1001.6	5.775e3
1002.5	3.805e3
1003.4	4.422e3
1004.3	1.018e3
1005.2	4.515e3
1006.0	1.860e3
1007.2	1.812e3
1007.8	1.115e3
1009.0	2.859e3
1009.9	4.720e3
1010.6	1.100e1
1011.2	2.039e3
1011.9	6.390e2
1012.6	3.114e3
1013.2	4.080e2
1013.8	1.292e3
1014.5	7.190e2
1015.1	1.187e3
1015.8	5.857e3
1017.0	1.996e3
1018.0	4.214e3
1019.1	1.899e3
1020.1	5.977e3
1020.8	1.215e3
1021.7	5.620e2
1022.3	3.070e3
1023.1	2.513e3
1024.2	5.284e3
1024.9	2.850e2
1025.6	4.414e3
1026.1	5.320e2
1026.9	2.582e3
1027.8	3.150e2
1028.5	2.495e3
1029.3	9.300e1
1029.9	4.028e3
1030.9	2.526e3
1031.6	2.195e3
1032.4	1.398e3
1033.3	3.880e3
1034.2	3.930e2
1035.0	1.848e3
1035.9	1.616e3
1036.5	4.070e2
1037.1	5.395e3
1037.8	9.510e2
1038.5	6.496e3
1039.3	6.224e3
1040.5	1.923e3
1041.0	8.130e2
1041.9	6.227e3
1042.4	3.120e2
1043.2	3.295e3
1044.2	2.750e2
1045.2	5.284e3
1046.3	2.127e3
1047.1	1.309e3
1047.9	2.069e3
1048.9	3.871e3
1049.7	1.445e3
1050.4	3.292e3
1051.4	6.410e2
1052.2	4.713e3
1053.0	2.192e3
1053.8	1.765e3
1054.4	5.370e2
1055.2	2.763e3
1056.1	4.959e3
1057.1	5.080e3
1058.1	7.130e2
1059.0	4.446e3
1060.0	3.954e3
1061.2	2.683e3
1061.8	9.020e2
1062.4	2.627e3
1063.3	5.573e3
1064.3	2.088e3
1065.0	7.210e2
1065.5	2.484e3
1066.3	1.186e3
1067.0	1.723e3
1067.5	1.300e1
1068.1	5.527e3
1069.0	1.343e3
1069.8	4.905e3
1071.0	4.163e3
1071.6	5.940e2
1072.2	1.200e1
1072.8	3.742e3
1073.9	3.718e3
1074.7	4.823e3
1075.7	5.723e3
1076.6	3.900e1
1077.2	2.958e3
1078.0	9.320e2
1078.7	2.100e3
1079.4	9.570e2
1080.1	1.779e3
1081.0	2.997e3
1081.8	2.431e3
1082.9	1.660e3
1083.9	1.090e3
1084.7	2.206e3
1085.6	4.362e3
1086.5	3.710e2
1087.1	1.841e3
1087.8	5.240e2
1088.4	2.050e3
1089.4	2.283e3
1090.2	3.426e3
1090.8	2.600e1
1091.5	6.261e3
1092.4	3.532e3
1093.1	7.400e1
1093.7	4.306e3
1094.5	1.067e3
1095.3	3.494e3
1095.9	3.460e2
1096.5	1.300e1
1097.0	1.775e3
1097.5	3.290e2
1098.0	2.970e3
1098.8	2.922e3
1099.8	4.069e3
1100.3	8.820e2
1100.8	2.761e3
1101.7	3.860e3
1102.7	3.312e3
1103.6	4.651e3
1104.4	1.682e3
1105.2	1.372e3
1105.9	4.735e3
1107.0	1.905e3
1108.0	2.765e3
1108.8	1.143e3
1109.6	3.007e3
1110.6	5.378e3
1111.4	2.097e3
1112.4	1.653e3
1113.2	1.976e3
1114.1	1.568e3
1114.8	1.520e2
1115.4	1.179e3
1116.3	2.016e3
1117.0	1.000e1
1117.6	7.610e2
1118.5	3.132e3
1119.1	2.270e2
1119.7	5.950e2
1120.5	4.240e3
1121.3	2.698e3
1122.2	1.501e3
1123.3	5.401e3
1124.4	2.461e3
1125.2	1.219e3
1126.1	7.470e2
1127.0	2.336e3
1127.7	2.900e2
1128.4	1.587e3
1129.3	4.169e3
1130.2	3.361e3
1131.1	3.683e3
1131.6	4.660e2
1132.5	9.450e2
1133.2	1.900e1
1133.9	1.802e3
1134.4	1.900e1
1135.1	2.280e3
1136.0	5.158e3
1136.8	2.344e3
1137.6	1.422e3
1138.3	3.587e3
1139.1	9.420e2
1139.7	4.701e3
1140.4	2.071e3
1141.6	1.898e3
1142.2	3.620e2
1142.9	1.828e3
1143.7	1.515e3
1144.6	1.090e2
1145.4	3.870e2
1146.0	2.285e3
1147.0	2.391e3
1147.7	4.833e3
1148.6	1.045e3
1149.5	1.700e1
1150.0	1.747e3
1150.7	7.960e2
1151.6	2.052e3
1152.2	1.800e1
1153.0	3.975e3
1153.8	5.460e2
1154.3	5.840e2
1155.1	1.444e3
1156.1	1.874e3
1156.6	2.410e2
1157.2	3.497e3
1157.8	4.070e2
1158.4	3.207e3
1159.3	7.440e2
1160.2	1.781e3
1161.0	2.095e3
1162.0	2.681e3
1162.5	3.110e2
1163.1	1.147e3
1163.6	8.000e0
1164.3	1.437e3
1165.4	3.999e3
1166.3	7.490e2
1167.0	4.192e3
1167.9	1.939e3
1168.6	1.677e3
1169.4	2.859e3
1170.1	1.542e3
1171.1	1.650e2
1171.8	3.788e3
1172.6	1.925e3
1173.1	2.900e2
1173.8	1.146e3
1174.7	2.161e3
1175.5	2.018e3
1176.1	4.660e2
1177.0	1.813e3
1177.7	3.152e3
1178.6	1.329e3
1179.5	2.943e3
1180.1	8.000e0
1180.6	4.081e3
1181.2	4.020e2
1181.9	4.845e3
1182.6	2.078e3
1183.3	2.126e3
1183.9	2.870e2
1184.5	3.855e3
1185.3	4.510e2
1185.9	2.293e3
1186.5	5.470e2
1187.2	2.385e3
1188.3	2.114e3
1189.4	2.034e3
1190.6	3.983e3
1191.4	1.900e1
1192.2	4.679e3
1192.8	7.370e2
1193.9	2.352e3
1194.7	1.100e1
1195.3	6.031e3
1195.9	1.025e3
1196.5	2.770e2
1197.2	2.924e3
1198.1	4.180e2
1198.9	2.697e3
1199.7	3.639e3
1200.7	2.409e3
1201.6	1.817e3
1202.4	3.140e2
1203.4	1.135e3
1204.2	1.666e3
1204.9	4.175e3
1205.6	1.551e3
1206.4	1.266e3
1207.3	2.187e3
1208.1	1.104e3
1208.7	2.065e3
1209.5	3.582e3
1210.3	1.345e3
1210.9	6.460e2
1211.6	2.592e3
1212.5	3.162e3
1213.7	1.644e3
1214.2	1.000e1
1215.1	1.087e3
1215.8	1.933e3
1216.8	2.960e3
1218.1	1.860e3
1219.1	3.554e3
1220.0	1.615e3
1220.8	3.279e3
1221.6	1.463e3
1222.3	1.774e3
1223.2	4.832e3
1224.1	2.909e3
1224.8	7.850e2
1225.4	2.809e3
1226.3	1.251e3
1227.0	9.390e2
1227.6	1.545e3
1228.5	1.015e3
1229.5	2.082e3
1230.8	2.213e3
1231.3	5.670e2
1232.4	1.420e3
1233.2	6.246e3
1234.2	1.636e3
1235.0	2.526e3
1236.0	4.330e3
1236.6	7.810e2
1237.5	4.241e3
1238.2	1.422e3
1238.9	3.864e3
1239.7	6.120e2
1240.7	5.990e2
1241.9	5.259e3
1242.9	2.034e3
1243.7	2.020e3
1244.6	5.930e2
1245.1	8.000e0
1245.7	1.645e3
1246.4	8.610e2
1247.5	2.046e3
1248.3	5.230e2
1249.0	3.279e3
1249.7	2.100e1
1250.3	2.844e3
1251.0	8.900e1
1251.6	3.217e3
1252.4	1.200e3
1253.3	2.150e3
1254.2	2.995e3
1255.3	2.939e3
1256.3	1.100e1
1257.2	3.052e3
1258.0	5.680e2
1258.7	1.302e3
1259.3	4.210e2
1260.0	1.754e3
1260.6	9.000e0
1261.2	2.460e3
1262.1	4.545e3
1262.9	1.006e3
1263.7	8.000e0
1264.5	2.105e3
1265.4	9.430e2
1266.1	4.289e3
1267.0	4.500e1
1267.9	4.430e2
1268.9	1.453e3
1269.5	8.000e0
1270.1	2.004e3
1271.1	1.364e3
1271.8	3.051e3
1272.3	3.410e2
1272.9	2.843e3
1273.5	1.523e3
1274.5	5.440e2
1275.7	1.167e3
1276.4	2.710e2
1276.9	4.033e3
1277.6	8.260e2
1278.3	3.160e2
1279.1	1.054e3
1280.1	4.421e3
1280.8	1.355e3
1281.6	5.280e2
1282.5	2.431e3
1283.1	8.570e2
1284.0	5.490e2
1284.6	1.282e3
1286.0	8.500e2
1286.5	8.000e0
1287.0	2.491e3
1287.7	4.560e2
1288.4	5.120e2
1289.3	1.790e3
1290.0	9.960e2
1290.6	8.700e1
1291.3	4.335e3
1292.2	6.030e2
1293.0	4.243e3
1293.9	1.064e3
1294.7	2.854e3
1295.4	3.890e2
1296.3	1.643e3
1297.2	3.100e3
1297.9	5.560e2
1298.4	3.169e3
1299.0	8.140e2
1299.7	1.156e3
1300.3	2.800e1
1301.1	9.700e2
1301.9	2.044e3
1302.9	1.711e3
1303.6	3.500e1
1304.3	2.723e3
1305.2	2.524e3
1306.1	1.207e3
1307.3	1.304e3
1308.3	1.032e3
1309.2	4.780e2
1310.0	1.622e3
1310.8	2.844e3
1311.4	3.510e2
1312.3	1.791e3
1313.1	2.570e2
1313.6	2.077e3
1314.1	2.050e2
1314.9	1.256e3
1315.7	2.860e2
1316.8	7.810e2
1317.3	3.000e1
1317.9	1.068e3
1318.8	1.100e1
1319.6	2.406e3
1320.6	8.640e2
1321.5	5.830e2
1322.1	2.887e3
1322.6	2.970e2
1323.5	1.580e3
1324.0	2.980e2
1324.6	2.061e3
1325.5	2.061e3
1326.8	1.970e3
1327.4	7.370e2
1328.2	4.663e3
1329.1	6.540e2
1330.0	1.100e1
1330.7	1.475e3
1331.7	3.275e3
1332.8	2.563e3
1333.3	7.800e1
1334.0	5.630e2
1334.8	2.600e2
1336.0	2.658e3
1337.2	4.428e3
1337.7	3.410e2
1338.3	2.781e3
1338.8	3.530e2
1339.4	3.665e3
1340.6	4.077e3
1341.9	1.689e3
1342.5	5.280e2
1343.1	2.380e3
1344.1	1.245e3
1345.0	7.650e2
1345.8	2.433e3
1346.4	1.355e3
1347.0	1.494e3
1347.9	4.780e2
1348.4	1.540e2
1349.1	3.620e2
1349.7	2.200e1
1350.2	1.790e3
1351.3	4.950e2
1351.9	2.405e3
1352.9	9.030e2
1353.6	2.718e3
1354.8	2.071e3
1355.6	3.490e2
1356.1	1.720e3
1356.8	3.600e1
1357.6	2.671e3
1358.7	9.560e2
1359.2	6.100e2
1360.0	2.939e3
1360.8	7.920e2
1361.5	2.100e1
1362.1	3.520e3
1362.9	7.540e2
1364.1	2.009e3
1364.9	8.870e2
1365.6	4.760e2
1366.2	5.480e2
1367.3	2.043e3
1368.2	9.880e2
1368.7	2.267e3
1369.7	1.161e3
1370.3	1.310e2
1371.0	1.459e3
1371.6	9.800e2
1372.3	6.860e2
1373.3	9.000e0
1373.8	7.940e2
1374.5	2.895e3
1375.3	5.840e2
1375.9	1.240e2
1376.8	2.916e3
1377.6	7.350e2
1378.3	1.690e2
1379.0	9.000e0
1380.0	2.945e3
1380.5	9.000e0
1381.1	1.965e3
1381.6	2.110e2
1382.3	4.760e2
1383.4	7.250e2
1384.1	3.473e3
1385.1	2.950e3
1386.2	3.547e3
1386.8	1.000e1
1387.4	1.318e3
1388.0	6.820e2
1388.6	2.000e1
1389.1	1.970e2
1389.7	7.450e2
1390.4	1.311e3
1391.4	1.424e3
1392.6	8.130e2
1393.5	1.800e1
1394.2	1.112e3
1394.7	3.780e2
1395.6	1.577e3
1396.1	1.300e1
1396.7	1.119e3
1397.7	2.597e3
1398.8	4.670e2
1399.4	7.040e2
1400.1	1.367e3
1400.7	1.659e3
1401.6	8.220e2
1402.5	1.918e3
1403.0	1.360e2
1404.1	1.801e3
1404.7	5.000e2
1405.3	1.226e3
1406.2	6.380e2
1407.2	3.092e3
1408.0	9.820e2
1408.6	1.820e3
1409.3	2.630e2
1409.9	2.358e3
1410.7	1.342e3
1411.6	1.869e3
1412.1	3.580e2
1413.2	3.084e3
1413.8	1.528e3
1414.4	4.720e2
1415.2	1.618e3
1416.3	9.920e2
1417.1	2.674e3
1418.3	3.410e2
1418.9	1.641e3
1420.1	3.021e3
1420.9	3.280e2
1421.8	1.480e3
1422.4	8.000e0
1422.9	1.332e3
1423.9	9.790e2
1424.5	8.000e0
1425.0	8.870e2
1425.9	7.680e2
1426.5	2.957e3
1427.1	2.770e2
1427.6	8.260e2
1428.3	2.320e3
1430.1	1.472e3
1430.8	1.287e3
1431.6	2.290e2
1432.2	1.938e3
1432.9	3.400e2
1433.5	2.208e3
1434.1	4.160e2
1434.7	2.570e3
1435.4	1.170e3
1436.0	8.000e0
1436.5	3.010e3
1437.1	8.560e2
1438.0	9.180e2
1438.9	3.054e3
1439.8	8.450e2
1440.6	3.773e3
1441.2	7.570e2
1441.7	1.014e3
1442.5	1.114e3
1443.3	2.600e1
1444.0	9.420e2
1444.8	3.235e3
1445.3	2.500e1
1446.1	2.193e3
1446.8	1.324e3
1447.5	4.610e2
1448.3	2.077e3
1449.2	3.390e2
1450.3	1.309e3
1451.2	9.510e2
1452.1	1.176e3
1452.9	4.807e3
1453.6	8.760e2
1454.5	1.283e3
1455.5	1.658e3
1456.3	9.000e0
1456.9	3.410e3
1457.5	2.120e2
1458.4	3.107e3
1459.0	1.420e2
1459.6	8.660e2
1460.2	1.296e3
1460.8	3.224e3
1461.4	2.137e3
1462.3	1.212e3
1463.2	1.051e3
1464.2	8.680e2
1465.0	1.369e3
1466.0	7.100e2
1466.9	6.500e1
1467.7	2.509e3
1468.3	3.040e2
1468.9	9.680e2
1469.7	8.800e2
1470.2	2.070e2
1470.8	7.390e2
1471.3	8.000e0
1471.8	1.895e3
1473.0	1.448e3
1473.6	1.800e2
1474.3	1.489e3
1474.8	8.000e0
1475.3	2.391e3
1476.2	4.150e2
1476.7	3.721e3
1477.3	1.700e1
1478.0	2.982e3
1479.1	9.400e2
1480.2	1.577e3
1480.8	1.510e2
1481.7	1.689e3
1482.5	9.200e1
1483.1	6.140e2
1483.8	2.066e3
1484.5	1.713e3
1485.6	9.930e2
1486.6	1.091e3
1487.5	2.564e3
1488.1	2.000e1
1488.6	7.790e2
1489.4	1.153e3
1490.1	3.960e2
1491.1	1.061e3
1492.3	6.430e2
1493.0	8.340e2
1493.8	2.139e3
1494.6	5.780e2
1495.4	1.123e3
1496.1	5.400e1
1496.8	9.810e2
1497.6	6.450e2
1498.2	1.600e1
1498.8	2.491e3
1499.6	1.483e3
1500.5	1.287e3
1502.0	2.470e2
1502.8	1.043e3
1503.4	2.530e2
1504.0	1.357e3
1504.8	9.260e2
1505.5	6.100e1
1506.2	1.841e3
1507.0	2.328e3
1508.0	1.164e3
1508.7	6.200e1
1510.2	9.430e2
1510.8	2.416e3
1511.7	9.220e2
1512.5	1.580e2
1513.2	1.146e3
1514.1	1.653e3
1515.1	1.227e3
1516.0	1.030e3
1517.0	1.856e3
1517.9	1.519e3
1518.5	1.116e3
1519.4	1.486e3
1520.3	3.402e3
1520.8	8.000e0
1521.5	1.569e3
1522.2	5.750e2
1523.1	1.729e3
1523.7	1.071e3
1524.3	8.000e0
1524.8	1.587e3
1525.7	1.636e3
1526.7	5.330e2
1527.7	8.920e2
1528.4	2.800e1
1529.0	5.950e2
1529.8	2.199e3
1530.3	8.000e0
1530.9	1.335e3
1531.7	1.873e3
1532.9	8.650e2
1533.7	6.060e2
1534.3	8.000e0
1534.8	1.087e3
1535.5	1.006e3
1536.2	9.980e2
1536.7	2.763e3
1537.4	1.151e3
1538.3	9.270e2
1539.0	3.154e3
1539.7	1.185e3
1540.2	2.720e2
1540.9	3.920e2
1541.8	1.780e2
1542.6	3.333e3
1543.4	6.430e2
1544.0	2.548e3
1544.5	1.700e1
1545.1	2.720e3
1546.0	2.315e3
1547.0	7.330e2
1547.7	1.762e3
1548.6	7.990e2
1549.2	1.450e2
1550.0	1.623e3
1550.7	4.750e2
1551.6	1.290e2
1552.2	3.570e2
1553.2	9.700e2
1554.2	1.489e3
1555.2	1.835e3
1555.8	1.800e1
1556.5	3.710e2
1557.3	3.001e3
1558.2	1.916e3
1558.7	2.020e2
1559.3	1.706e3
1560.2	1.759e3
1561.0	3.500e2
1561.5	3.483e3
1562.2	1.520e3
1563.0	5.230e2
1563.9	3.618e3
1564.6	9.270e2
1565.4	1.215e3
1566.3	6.720e2
1567.1	1.851e3
1568.0	1.453e3
1568.5	1.200e1
1569.1	2.014e3
1569.9	1.090e2
1570.4	1.497e3
1571.5	7.260e2
1572.1	1.100e1
1573.2	3.800e1
1573.9	9.980e2
1575.1	4.530e2
1575.7	2.740e2
1576.4	2.337e3
1577.3	1.985e3
1578.4	3.480e2
1579.7	9.980e2
1580.3	1.188e3
1581.1	2.050e2
1582.0	2.523e3
1582.8	9.620e2
1583.5	1.670e2
1584.1	8.420e2
1585.2	4.120e2
1585.7	2.930e2
1586.2	8.650e2
1587.5	8.300e2
1588.3	1.387e3
1589.1	3.660e2
1589.7	8.000e0
1590.3	9.890e2
1591.3	3.462e3
1591.8	1.500e1
1592.4	2.137e3
1592.9	5.610e2
1593.6	2.380e3
1594.3	6.900e2
1594.8	4.610e2
1596.1	9.450e2
1597.0	9.590e2
1598.0	2.314e3
1598.8	1.409e3
1599.8	5.760e2
1600.7	3.540e2
1601.3	2.700e1
1602.0	1.342e3
1602.9	1.478e3
1603.6	1.391e3
1604.4	1.610e2
1605.2	5.690e2
1605.8	1.900e1
1606.7	4.370e2
1607.6	1.726e3
1608.3	1.081e3
1609.0	4.530e2
1610.0	3.030e2
1610.7	8.000e0
1611.3	1.960e2
1611.9	2.364e3
1612.9	1.786e3
1613.8	2.480e2
1614.7	1.248e3
1615.3	3.000e1
1616.3	1.587e3
1617.0	1.480e2
1617.8	9.340e2
1618.5	1.634e3
1619.4	2.056e3
1620.2	1.500e1
1621.2	1.033e3
1622.2	1.252e3
1623.2	1.255e3
1624.1	1.412e3
1624.7	3.010e2
1625.2	1.070e3
1626.2	1.870e3
1627.0	8.000e0
1627.9	1.508e3
1628.5	9.000e0
1629.0	2.990e2
1630.4	1.484e3
1631.1	1.480e2
1631.9	2.170e2
1632.7	7.500e2
1633.4	1.900e1
1634.3	1.263e3
1635.1	1.357e3
1636.2	1.299e3
1636.9	3.000e2
1637.4	1.000e1
1638.2	1.142e3
1639.0	1.548e3
1639.7	1.020e3
1640.8	6.670e2
1641.8	2.341e3
1642.8	1.374e3
1643.5	7.010e2
1644.0	1.000e1
1644.6	3.036e3
1645.5	1.719e3
1646.3	6.240e2
1647.3	4.400e2
1648.1	2.869e3
1648.8	1.600e3
1649.7	9.300e1
1650.3	1.497e3
1650.8	9.000e0
1651.5	1.654e3
1652.2	3.590e2
1653.3	4.040e2
1654.5	1.825e3
1655.6	4.710e2
1656.2	1.035e3
1656.7	9.000e0
1657.3	1.878e3
1658.4	5.500e1
1659.1	8.600e2
1659.8	2.010e2
1660.5	3.450e2
1661.2	4.540e2
1662.2	1.594e3
1663.2	1.860e3
1664.8	4.100e1
1665.5	1.127e3
1666.3	1.717e3
1667.0	5.970e2
1667.6	2.130e2
1668.4	1.497e3
1669.2	6.100e2
1670.1	3.670e2
1671.0	4.300e2
1671.9	2.098e3
1672.8	1.700e1
1673.5	7.100e2
1674.3	6.890e2
1675.3	1.890e3
1675.9	4.920e2
1677.1	2.662e3
1677.7	1.800e1
1678.4	1.093e3
1679.0	2.790e2
1679.8	2.300e1
1680.6	2.308e3
1681.3	2.440e2
1682.2	6.150e2
1683.3	2.900e1
1684.2	1.180e3
1685.1	7.510e2
1685.8	8.650e2
1686.4	1.460e3
1687.3	9.960e2
1689.0	5.360e2
1689.6	4.280e2
1690.2	3.445e3
1691.1	3.800e1
1691.7	8.480e2
1692.4	2.100e1
1693.2	5.900e2
1693.7	2.261e3
1694.5	1.359e3
1695.2	1.800e1
1696.0	1.467e3
1696.8	1.600e1
1697.6	7.140e2
1698.5	3.500e2
1699.6	2.057e3
1700.2	1.800e1
1700.7	8.000e0
1701.6	6.900e2
1702.4	2.740e2
1703.6	7.160e2
1704.2	1.550e2
1704.7	1.711e3
1705.4	7.730e2
1706.4	1.265e3
1707.1	4.080e2
1708.9	6.550e2
1709.6	8.870e2
1711.0	9.430e2
1711.8	9.000e0
1712.4	1.743e3
1713.0	2.260e2
1713.7	5.190e2
1714.4	2.540e2
1715.7	2.865e3
1716.4	2.200e1
1717.0	2.600e1
1717.7	1.296e3
1718.2	8.000e0
1718.8	5.500e1
1719.5	9.010e2
1720.5	1.341e3
1721.2	4.130e2
1722.0	8.470e2
1722.8	2.060e2
1723.8	2.400e1
1724.6	1.030e2
1725.9	2.406e3
1726.7	7.990e2
1727.5	5.620e2
1728.3	2.000e1
1728.9	5.500e1
1729.6	2.500e1
1730.3	2.044e3
1731.3	1.136e3
1732.0	1.396e3
1732.9	2.560e2
1733.6	2.797e3
1734.3	1.535e3
1735.0	3.500e1
1736.0	9.120e2
1736.6	5.050e2
1737.1	8.400e2
1737.7	8.000e0
1738.9	1.486e3
1739.7	2.632e3
1740.7	2.042e3
1741.9	1.291e3
1742.7	4.620e2
1743.5	2.000e1
1744.7	1.987e3
1745.5	9.000e0
1746.1	1.339e3
1747.0	8.600e2
1748.0	3.700e2
1748.9	1.933e3
1749.6	8.440e2
1750.2	3.400e1
1750.8	1.035e3
1751.8	1.283e3
1752.4	1.212e3
1753.5	1.434e3
1754.5	2.415e3
1755.1	1.440e2
1755.7	3.730e2
1756.3	1.222e3
1756.9	3.890e2
1757.8	1.188e3
1758.3	2.900e1
1759.2	2.500e1
1760.0	6.020e2
1760.9	2.240e2
1761.4	1.014e3
1762.2	6.070e2
1763.0	1.833e3
1763.7	4.570e2
1764.3	1.240e3
1765.0	1.100e1
1765.6	3.380e2
1766.2	1.126e3
1767.1	4.750e2
1767.9	9.720e2
1768.8	3.000e1
1769.4	2.040e2
1770.0	6.300e1
1770.6	2.482e3
1771.2	1.840e2
1772.1	2.330e2
1772.7	8.280e2
1773.3	4.030e2
1773.8	1.520e2
1774.5	3.100e2
1775.1	2.770e3
1775.8	2.400e1
1776.6	9.340e2
1777.4	1.700e1
1778.1	6.030e2
1778.8	2.890e2
1779.7	2.086e3
1780.4	1.330e2
1780.9	1.421e3
1781.7	4.110e2
1782.6	4.160e2
1783.5	1.346e3
1784.7	7.330e2
1785.8	6.900e1
1786.8	3.240e2
1787.5	5.520e2
1788.3	4.140e2
1789.2	1.476e3
1790.1	1.091e3
1791.0	2.040e2
1791.7	3.203e3
1792.3	1.050e2
1792.9	9.660e2
1793.6	9.140e2
1794.4	9.000e0
1795.0	1.313e3
1795.7	3.000e1
1796.9	6.890e2
1797.7	3.860e2
1798.7	3.250e2
1799.4	1.300e1
1800.3	1.955e3
1801.3	2.460e2
1801.9	1.511e3
1802.7	1.412e3
1803.6	1.100e2
1804.1	8.880e2
1805.0	7.210e2
1805.6	1.100e1
1806.3	1.698e3
1807.1	2.190e2
1807.7	1.013e3
1808.7	6.080e2
1809.3	2.300e1
1810.1	1.409e3
1810.7	1.890e2
1811.3	8.000e0
1811.9	4.410e2
1812.6	1.500e1
1813.1	9.380e2
1814.4	7.830e2
1815.4	7.480e2
1816.4	5.700e1
1817.0	1.900e1
1817.6	1.590e2
1818.1	5.690e2
1818.8	2.017e3
1819.3	1.660e2
1820.6	1.928e3
1821.2	1.600e1
1822.0	3.100e1
1822.8	1.173e3
1823.7	3.780e2
1824.3	1.786e3
1825.1	1.106e3
1826.0	1.630e2
1826.7	1.573e3
1828.0	9.720e2
1828.7	1.800e1
1829.5	3.550e2
1830.3	8.010e2
1831.5	2.220e2
1832.0	7.460e2
1833.3	2.340e3
1834.4	1.035e3
1835.2	1.239e3
1836.1	4.630e2
1837.5	2.159e3
1838.5	4.130e2
1839.2	2.392e3
1839.8	5.800e1
1840.4	1.509e3
1841.1	2.900e1
1841.8	4.390e2
1842.6	6.300e2
1843.2	1.000e1
1843.7	1.590e3
1844.3	9.000e1
1845.0	1.778e3
1845.7	1.770e3
1846.9	1.492e3
1847.9	9.000e0
1848.4	8.820e2
1849.3	8.030e2
1850.7	1.330e3
1851.6	1.130e3
1852.6	4.110e2
1853.1	8.000e0
1853.7	1.595e3
1854.5	4.390e2
1855.5	6.020e2
1856.2	9.100e1
1856.8	1.397e3
1858.0	1.900e1
1859.6	3.000e1
1860.3	1.337e3
1860.8	9.000e0
1861.8	4.810e2
1862.5	1.266e3
1863.4	7.820e2
1864.2	6.730e2
1864.8	9.800e1
1865.5	1.455e3
1866.4	4.900e1
1867.2	1.729e3
1867.8	9.070e2
1868.8	3.610e2
1869.3	1.483e3
1870.5	3.700e1
1871.3	1.574e3
1871.8	9.000e0
1872.4	3.950e2
1872.9	5.200e2
1873.8	1.299e3
1874.5	2.900e1
1875.5	1.649e3
1876.2	7.220e2
1876.8	1.100e1
1877.4	1.419e3
1878.1	2.000e1
1878.8	9.710e2
1879.8	3.880e2
1880.7	1.012e3
1881.3	8.000e0
1882.5	3.570e2
1883.4	1.295e3
1884.5	1.080e3
1885.2	1.700e1
1885.9	8.320e2
1886.6	1.740e2
1887.4	1.800e1
1888.1	1.402e3
1888.9	1.172e3
1889.9	1.300e1
1890.5	1.351e3
1891.0	2.233e3
1891.8	2.730e2
1892.5	9.000e0
1893.2	7.160e2
1894.3	1.000e1
1895.1	7.410e2
1896.9	1.130e3
1897.8	2.210e2
1899.0	9.250e2
1899.6	3.300e2
1900.6	3.320e2
1901.5	7.080e2
1902.1	1.900e1
1902.7	1.578e3
1903.6	4.230e2
1904.1	6.310e2
1904.7	9.970e2
1905.3	7.220e2
1906.4	1.356e3
1907.4	4.460e2
1908.0	2.100e1
1908.6	1.068e3
1909.7	2.090e2
1910.3	4.230e2
1911.1	6.340e2
1912.0	1.393e3
1912.9	6.810e2
1913.7	8.000e0
1914.3	1.740e3
1915.1	9.000e0
1915.6	8.710e2
1916.5	1.805e3
1917.3	7.300e1
1918.1	2.091e3
1918.9	2.200e1
1919.8	5.320e2
1920.5	6.470e2
1921.1	2.140e2
1922.0	3.600e1
1922.6	1.800e1
1923.3	3.024e3
1924.3	1.232e3
1925.8	2.290e2
1926.5	9.400e2
1927.0	2.220e2
1927.8	1.170e3
1929.2	2.400e1
1930.1	1.215e3
1930.7	1.700e1
1931.4	6.330e2
1932.0	1.800e1
1932.6	4.500e1
1933.5	2.062e3
1934.1	4.840e2
1935.0	5.480e2
1935.7	1.100e1
1936.3	1.176e3
1937.2	5.000e1
1937.8	1.900e1
1938.6	3.960e2
1939.6	4.200e1
1940.5	5.000e1
1941.4	9.690e2
1942.6	4.700e1
1943.7	1.476e3
1944.6	1.177e3
1945.5	1.000e1
1946.3	3.590e2
1947.4	1.206e3
1948.4	1.905e3
1949.3	3.400e2
1949.9	9.140e2
1950.7	4.380e2
1951.6	1.369e3
1952.3	1.100e1
1952.9	3.460e2
1953.4	3.090e2
1954.1	4.200e1
1954.7	1.400e2
1955.7	7.660e2
1956.3	1.100e1
1956.9	8.610e2
1957.4	3.300e1
1958.1	2.000e2
1959.0	3.600e1
1959.8	1.560e2
1960.6	1.178e3
1961.4	1.170e3
1962.6	1.141e3
1963.5	2.370e2
1964.1	1.677e3
1965.0	1.518e3
1965.9	2.200e1
1967.0	1.317e3
1967.7	3.010e2
1968.3	8.870e2
1968.9	2.700e2
1969.5	1.492e3
1970.1	3.610e2
1970.7	1.700e1
1971.7	4.210e2
1972.3	8.400e1
1973.2	7.310e2
1974.0	1.062e3
1974.7	8.000e0
1975.7	8.220e2
1976.6	5.080e2
1977.1	8.000e0
1978.0	1.900e1
1978.6	8.200e1
1979.3	8.180e2
1979.9	1.800e1
1980.5	1.848e3
1981.2	1.870e2
1981.7	4.230e2
1982.7	2.700e1
1983.4	1.103e3
1984.3	2.930e2
1985.3	2.140e2
1985.9	3.600e1
1986.5	4.860e2
1987.1	4.900e1
1987.8	1.000e1
1988.3	1.550e2
1989.2	9.250e2
1989.9	4.770e2
1990.5	8.000e0
1991.0	8.890e2
1992.0	3.360e2
1992.8	6.300e1
1993.7	1.800e1
1994.4	2.811e3
1995.6	4.200e1
1996.7	3.130e2
1997.5	4.710e2
1998.2	2.045e3
1999.3	9.700e2
