100.5	7.183e4
101.2	1.127e6
101.7	1.148e3
102.2	7.709e5
103.2	6.360e5
104.2	2.810e5
104.7	5.772e3
105.2	1.979e5
106.2	3.378e5
106.8	1.196e4
107.3	5.085e5
108.3	6.502e5
109.1	4.213e5
109.6	1.696e4
110.2	2.392e6
111.2	2.781e6
112.2	7.965e5
113.2	3.793e5
114.1	7.344e5
114.7	2.951e3
115.2	7.454e5
115.7	5.950e2
116.2	3.322e5
117.2	3.227e5
118.2	4.779e5
119.1	1.234e6
120.2	4.636e5
121.2	2.242e5
121.8	1.013e4
122.3	8.421e5
123.2	1.887e5
124.2	1.569e5
125.2	2.373e5
126.2	9.566e5
126.7	1.886e3
127.2	3.129e5
128.2	2.284e5
129.2	4.209e5
130.3	1.899e5
131.2	8.489e5
131.7	8.100e2
132.2	3.877e5
133.2	3.446e5
134.2	2.719e5
135.2	2.254e5
136.1	5.982e5
136.7	3.571e3
137.2	4.114e5
137.7	1.246e3
138.3	5.278e5
139.2	3.325e5
140.2	3.898e5
141.2	3.184e5
142.2	2.750e6
143.2	3.115e5
144.2	3.676e5
144.7	8.180e2
145.2	2.207e5
146.2	1.752e5
147.2	2.838e5
147.7	6.460e2
148.2	1.509e5
149.3	3.074e5
150.2	2.392e5
151.3	1.505e5
151.8	1.985e3
152.3	1.046e5
153.3	1.389e5
154.2	1.910e5
155.2	3.925e5
155.8	1.950e3
156.3	2.627e5
157.2	4.334e5
158.2	5.463e5
159.2	1.749e6
160.2	7.689e5
160.7	3.779e3
161.2	1.344e5
162.2	1.434e5
162.7	3.200e1
163.2	1.597e5
164.2	2.015e5
164.7	1.022e3
165.2	2.070e5
166.1	5.270e4
166.9	8.977e4
167.7	3.970e5
168.4	1.216e5
169.3	1.025e5
170.3	1.065e5
171.3	1.960e5
171.8	1.054e3
172.3	2.824e5
173.3	2.869e5
173.9	1.166e4
174.5	1.881e5
175.1	4.087e4
175.7	4.632e5
176.4	1.207e5
177.1	5.556e5
177.6	1.770e3
178.1	1.829e5
178.7	8.455e3
179.3	1.693e5
180.3	9.573e4
181.3	2.513e5
182.2	1.336e5
183.2	1.852e6
183.8	9.660e2
184.3	3.215e5
185.2	1.196e6
186.1	3.058e5
186.7	1.296e4
187.2	8.853e5
187.8	2.673e3
188.3	2.953e5
189.2	1.711e5
189.8	4.540e2
190.3	9.946e4
191.2	1.368e5
192.2	1.368e5
193.3	1.511e5
193.8	3.238e3
194.3	2.902e5
195.3	1.812e5
195.8	2.744e3
196.4	1.880e6
197.4	4.250e5
197.9	1.903e3
198.4	6.863e5
199.3	1.852e5
200.2	3.004e5
201.3	2.420e5
202.3	1.362e5
203.2	3.033e5
203.7	1.394e3
204.3	1.503e5
205.2	1.782e5
206.2	1.116e5
206.7	4.600e2
207.3	1.263e5
207.8	3.570e2
208.3	9.364e4
209.2	1.573e5
210.2	1.204e5
210.7	1.427e3
211.2	1.001e5
211.8	2.160e3
212.3	1.561e5
213.2	6.260e4
214.3	7.430e6
215.3	9.942e5
216.3	5.306e5
217.3	3.113e5
217.8	7.950e2
218.3	3.256e5
219.3	1.740e5
220.3	1.824e5
221.3	1.262e5
222.3	9.063e4
223.3	7.131e4
224.3	1.828e5
225.2	1.115e5
225.7	4.210e2
226.3	1.098e5
227.2	2.916e5
228.2	1.250e5
229.2	9.153e4
230.1	1.135e5
230.7	1.185e4
231.3	2.750e5
232.2	1.174e5
232.7	1.748e3
233.3	1.409e5
234.2	1.064e5
235.2	1.257e5
235.8	3.456e3
236.3	1.655e6
237.3	4.347e5
238.3	1.978e5
239.3	1.311e5
239.8	3.817e3
240.3	8.099e4
241.3	8.902e4
242.3	1.088e5
243.2	1.428e5
243.7	1.561e3
244.3	9.032e4
245.3	8.865e4
245.8	2.506e3
246.3	6.236e4
247.2	7.434e4
248.2	7.502e4
249.3	7.857e4
250.3	7.803e4
251.2	7.696e4
251.7	1.604e3
252.3	1.256e5
253.3	8.579e4
254.2	1.232e5
255.2	7.851e4
255.8	3.127e3
256.3	6.166e4
257.3	5.047e4
258.3	5.665e4
258.8	2.126e3
259.4	2.001e5
260.3	6.879e4
260.8	2.778e3
261.4	1.415e5
262.4	9.063e4
263.2	6.429e4
264.1	5.980e4
264.8	2.707e3
265.3	5.799e4
266.3	4.448e4
266.8	7.440e2
267.3	6.105e4
268.2	4.116e4
268.8	1.491e3
269.3	4.650e4
269.9	2.297e3
270.4	3.820e4
271.4	8.485e4
272.3	6.182e4
273.3	7.532e4
274.3	5.159e4
275.2	5.692e4
275.7	1.774e3
276.3	7.048e4
277.3	1.062e5
277.8	8.360e2
278.3	5.683e4
278.8	4.717e3
279.4	8.290e4
280.3	4.692e4
281.3	6.185e4
282.3	6.722e4
283.2	6.566e4
283.8	1.172e3
284.3	4.661e4
284.8	6.320e2
285.3	3.608e4
286.3	3.941e4
287.2	5.774e4
287.8	2.019e3
288.3	5.841e4
288.8	2.350e2
289.4	7.396e4
290.2	1.896e4
291.0	4.634e4
291.6	1.747e4
292.3	4.718e4
293.2	4.084e4
293.8	1.716e3
294.3	3.911e4
295.3	4.926e4
296.3	4.728e4
296.8	1.221e3
297.3	4.239e4
298.3	4.823e4
299.2	4.180e4
300.2	3.920e4
300.8	3.940e2
301.3	6.682e4
302.3	3.613e4
302.8	4.800e2
303.3	5.317e4
304.2	7.939e4
305.2	8.255e4
306.2	3.849e4
307.1	3.950e4
308.1	3.509e4
308.7	4.482e3
309.3	3.591e4
310.3	4.471e4
310.8	4.660e2
311.3	3.748e4
312.2	4.072e4
312.8	1.104e3
313.3	4.537e4
314.3	8.268e4
314.8	1.861e3
315.3	4.923e4
316.3	4.961e4
316.9	4.511e3
317.5	4.946e4
318.4	2.601e4
319.3	5.479e4
320.4	3.387e4
320.9	8.730e2
321.4	5.906e4
322.4	4.870e4
323.4	4.001e4
324.3	3.797e4
324.8	1.112e3
325.4	3.450e4
326.2	6.692e4
326.8	5.690e2
327.3	4.303e4
327.8	2.439e3
328.3	3.776e4
329.3	4.535e4
329.9	8.990e2
330.4	3.518e4
331.3	1.068e5
332.3	8.699e4
333.3	5.132e4
333.8	6.630e2
334.3	4.105e4
334.8	2.097e3
335.4	4.885e4
336.3	2.462e4
337.3	5.117e4
338.2	5.154e4
338.8	1.919e3
339.4	4.931e4
340.3	3.732e4
341.2	3.938e4
342.2	3.439e4
343.1	4.179e4
343.7	5.632e3
344.3	4.199e4
345.2	3.709e4
345.8	5.450e2
346.3	3.898e4
347.3	5.941e4
348.2	4.563e4
348.8	1.688e3
349.3	8.222e4
350.3	4.240e4
351.2	4.523e4
351.7	2.900e2
352.3	3.446e4
353.2	4.065e4
353.8	2.020e2
354.3	1.336e5
354.8	4.410e2
355.3	1.710e5
356.2	6.970e4
357.2	6.836e4
358.2	3.934e4
358.7	1.663e3
359.3	7.792e4
360.2	4.154e4
360.8	2.400e1
361.3	4.616e4
362.2	3.648e4
362.8	1.897e3
363.3	7.791e4
364.2	5.115e4
364.8	2.798e3
365.4	8.977e4
366.3	4.696e4
367.2	2.978e4
368.2	3.920e4
369.2	2.671e4
370.2	3.393e4
371.1	3.673e4
371.7	2.030e3
372.3	3.319e4
373.2	4.234e4
373.7	3.406e3
374.3	3.649e4
375.3	3.063e4
375.8	2.481e3
376.3	3.936e4
377.4	3.588e4
378.3	2.755e4
379.1	5.200e4
379.7	1.665e3
380.3	3.256e4
381.2	4.670e4
382.2	2.909e4
382.8	3.665e3
383.4	4.127e4
384.3	2.208e4
385.2	2.750e4
386.1	1.957e4
387.0	3.514e4
387.9	1.826e4
388.7	2.820e4
389.4	8.639e3
390.2	2.152e4
390.7	8.020e2
391.3	3.519e4
392.2	2.367e4
392.8	1.229e3
393.4	2.466e4
394.3	1.887e4
395.2	3.357e4
395.8	5.081e3
396.5	3.276e4
397.3	2.296e4
398.3	2.360e4
399.4	2.408e4
399.9	1.575e3
400.5	2.411e4
401.0	9.330e2
401.6	2.891e4
402.2	1.030e4
403.1	3.030e4
403.7	4.797e3
404.3	2.765e4
404.8	3.450e2
405.3	2.756e4
406.2	1.956e4
406.8	2.552e3
407.3	2.058e4
408.3	1.810e4
409.2	3.865e4
409.7	3.000e2
410.2	2.049e4
410.8	2.765e3
411.4	3.058e4
412.3	2.429e4
412.8	2.199e3
413.4	2.834e4
414.5	2.194e4
415.3	1.868e4
416.2	1.357e4
416.8	1.158e3
417.4	2.435e4
418.4	1.492e4
419.4	1.590e4
420.3	2.172e4
420.8	1.071e3
421.4	2.287e4
422.4	2.016e4
423.4	2.122e4
424.3	2.465e4
425.3	2.454e4
426.1	8.707e3
426.9	3.701e4
428.0	2.539e4
428.6	5.962e3
429.3	2.183e4
429.9	1.244e3
430.4	1.877e4
431.4	6.359e4
431.9	7.010e2
432.4	3.051e4
433.4	2.744e4
433.9	4.580e2
434.4	2.138e4
435.4	2.131e4
436.1	7.057e3
436.9	2.559e4
437.8	1.308e4
438.5	9.601e3
439.4	2.068e4
440.4	1.377e4
441.3	2.095e4
441.9	2.848e3
442.5	1.698e4
443.3	5.853e3
444.0	2.138e4
445.0	2.384e4
445.6	2.499e3
446.3	2.093e4
447.2	3.370e4
448.0	2.027e4
448.7	5.026e3
449.5	7.596e4
450.4	2.587e4
451.0	3.231e3
451.6	2.893e4
452.1	7.600e2
452.7	2.099e4
453.4	9.227e3
454.2	1.596e4
455.2	1.010e4
455.9	1.323e4
456.5	3.940e2
457.1	2.078e4
457.7	1.208e3
458.2	1.107e4
458.8	1.125e3
459.4	1.695e4
460.4	1.460e4
461.3	1.769e4
462.2	1.172e4
463.2	1.449e4
463.8	2.060e2
464.3	1.062e4
465.3	1.828e4
466.3	1.779e4
467.2	1.158e4
468.1	1.720e4
468.7	9.900e2
469.3	1.620e4
470.2	8.689e3
471.2	1.519e4
471.7	4.210e2
472.3	1.975e4
473.3	1.093e4
473.9	1.154e3
474.4	1.247e4
475.3	7.570e3
476.0	4.532e3
476.7	1.780e4
477.6	1.140e4
478.4	5.799e3
479.2	1.485e4
479.8	1.538e3
480.5	1.212e4
481.3	1.070e4
482.3	1.932e4
483.0	3.242e3
483.6	1.674e4
484.5	9.130e3
485.4	6.823e3
486.3	1.479e4
487.3	1.378e4
487.8	2.030e2
488.4	1.554e4
489.3	1.403e4
490.3	1.372e4
491.2	1.577e4
492.1	1.136e4
493.3	1.583e4
494.3	1.801e4
495.3	1.600e4
496.1	1.411e4
496.7	7.280e2
497.3	1.513e4
498.3	1.255e4
499.3	2.451e4
499.8	1.022e3
500.3	1.626e4
501.1	5.733e3
501.9	1.228e4
502.7	2.879e3
503.3	1.103e4
503.9	6.430e2
504.5	1.400e4
505.4	1.036e4
506.3	9.604e3
507.2	1.159e4
508.2	7.841e3
509.1	1.998e4
509.7	1.148e3
510.3	1.726e4
511.2	1.245e4
512.0	1.958e4
512.6	1.411e3
513.2	1.577e4
513.8	3.080e2
514.3	1.504e4
515.3	2.565e4
516.3	1.560e4
517.0	5.508e3
517.7	1.994e4
518.6	2.272e3
519.2	1.250e4
519.8	1.970e2
520.3	1.475e4
521.0	5.584e3
521.8	1.538e4
522.5	7.713e3
523.4	1.242e4
524.1	3.830e2
524.6	1.569e4
525.4	1.138e4
526.3	2.261e4
527.3	2.184e4
528.0	5.135e3
528.7	1.987e4
529.8	1.204e4
530.6	8.510e3
531.4	6.077e3
532.2	1.556e4
533.1	1.768e4
534.0	1.123e4
534.5	4.430e2
535.1	6.218e3
536.0	1.040e4
536.7	1.310e3
537.2	1.208e4
537.8	3.326e3
538.5	9.576e3
539.4	1.337e4
540.3	1.253e4
540.9	2.437e3
541.5	1.862e4
542.4	7.229e3
543.1	2.123e4
544.1	1.252e4
545.1	1.524e4
545.6	2.456e3
546.3	1.376e4
546.9	2.039e3
547.5	1.326e4
548.4	1.002e4
549.1	3.150e3
549.7	1.317e4
550.5	3.949e3
551.5	1.095e4
552.3	5.731e3
553.1	1.207e4
554.0	8.630e3
554.9	8.801e3
555.9	1.198e4
556.6	2.454e3
557.3	1.414e4
558.3	1.522e4
559.0	1.477e3
559.7	1.483e4
560.3	4.824e3
561.1	1.929e4
562.0	9.424e3
562.9	1.388e4
563.9	1.314e4
564.8	8.183e3
565.6	1.176e4
566.4	7.595e3
567.3	2.959e4
568.2	1.478e4
568.8	1.317e3
569.4	1.142e4
570.3	9.986e3
571.3	4.206e3
572.0	1.356e4
572.7	2.281e3
573.3	8.090e3
574.2	1.280e4
575.3	1.486e4
576.3	6.480e3
577.0	1.679e4
578.0	8.310e3
578.7	2.620e2
579.2	1.317e4
580.2	1.282e4
581.1	1.310e4
581.7	1.888e3
582.4	8.705e3
583.3	1.652e4
584.0	2.014e3
584.7	1.032e4
585.2	8.010e2
585.7	1.236e4
586.3	5.540e2
586.8	9.617e3
587.3	1.299e3
587.9	1.215e4
588.5	1.521e3
589.1	1.006e4
590.1	8.040e3
590.7	3.840e2
591.2	1.435e4
592.0	4.444e3
592.8	9.017e3
593.3	5.030e2
594.0	1.272e4
595.0	1.662e4
595.6	4.970e2
596.2	5.466e3
596.7	2.100e2
597.3	8.631e3
598.1	3.903e3
598.8	1.563e4
599.5	5.189e3
600.4	1.492e4
601.3	5.555e3
602.1	3.336e3
602.9	7.263e3
603.4	2.310e2
603.9	1.023e4
604.4	3.210e2
605.0	5.545e3
605.8	1.178e4
606.7	5.062e3
607.3	4.274e3
608.1	1.420e4
608.8	3.291e3
609.6	1.289e4
610.3	4.074e3
611.3	1.354e4
611.8	2.600e1
612.3	1.044e4
613.4	1.525e4
614.0	9.260e2
614.6	3.137e3
615.3	7.363e3
616.0	3.332e3
616.9	9.949e3
617.8	6.656e3
618.8	6.859e3
619.7	9.325e3
620.4	5.159e3
621.2	2.438e3
622.0	6.287e3
622.8	1.079e4
623.4	1.338e3
624.0	7.944e3
625.0	1.129e4
625.7	4.132e3
626.4	8.064e3
627.2	8.773e3
628.2	7.718e3
628.7	1.242e3
629.3	9.167e3
630.2	7.477e3
631.1	5.224e3
632.0	1.146e4
632.6	8.400e1
633.2	4.401e3
634.0	8.307e3
634.7	1.935e3
635.4	1.646e4
636.0	4.220e2
636.5	7.295e3
637.5	4.171e3
638.1	8.090e2
638.7	8.487e3
639.6	6.181e3
640.3	1.979e3
641.2	1.173e4
641.9	4.862e3
642.8	7.878e3
643.6	1.839e3
644.3	9.278e3
644.9	2.290e2
645.4	8.838e3
646.2	2.073e3
646.9	1.086e4
647.6	4.720e2
648.2	7.706e3
648.8	1.114e3
649.4	7.718e3
650.3	4.370e3
651.2	1.171e4
651.8	3.535e3
652.7	7.379e3
653.3	5.615e3
654.1	5.238e3
654.9	1.319e4
655.7	2.761e3
656.4	8.452e3
657.0	1.283e3
657.8	6.221e3
658.9	1.396e4
659.8	5.374e3
660.8	5.100e3
661.3	2.840e2
661.9	7.371e3
662.8	1.577e4
663.6	6.924e3
664.3	2.403e3
665.1	2.106e3
666.0	7.732e3
666.8	2.052e3
667.5	3.248e3
668.4	1.057e4
669.3	4.061e3
670.0	2.585e3
670.7	8.874e3
671.6	4.713e3
672.5	7.320e3
673.4	9.082e3
674.4	1.031e4
675.1	4.640e2
675.7	5.512e3
676.6	7.735e3
677.2	8.610e2
677.8	8.274e3
678.7	7.417e3
679.5	2.369e3
680.3	6.579e3
680.8	2.300e1
681.4	1.162e4
682.3	5.085e3
683.0	1.509e3
683.7	9.587e3
684.2	8.000e0
684.7	4.828e3
685.5	1.153e4
686.2	5.809e3
687.1	8.121e3
687.7	5.770e2
688.2	6.410e3
688.8	1.784e3
689.3	7.613e3
690.1	1.817e3
690.8	9.195e3
691.8	9.285e3
692.8	4.555e3
693.5	2.190e2
694.2	5.215e3
695.1	1.101e4
695.7	1.120e2
696.2	5.289e3
696.8	9.000e0
697.3	7.641e3
697.9	2.183e3
698.5	2.292e3
699.1	6.376e3
699.9	5.190e3
700.9	9.026e3
701.7	6.238e3
702.4	3.053e3
703.2	1.508e4
704.2	1.161e4
705.1	5.505e3
705.6	7.790e2
706.3	6.358e3
707.2	8.488e3
708.1	3.419e3
709.1	7.150e3
709.8	2.634e3
710.6	6.489e3
711.4	5.153e3
712.2	3.395e3
713.1	1.030e4
713.7	1.100e1
714.2	8.099e3
715.0	2.873e3
715.8	1.117e4
716.6	2.449e3
717.1	8.320e2
717.6	8.316e3
718.6	7.247e3
719.4	1.437e4
720.3	5.489e3
720.9	2.089e3
721.5	5.714e3
722.6	8.915e3
723.3	1.947e3
724.0	9.028e3
725.0	4.724e3
726.1	9.005e3
726.7	8.000e0
727.3	4.868e3
728.2	6.388e3
728.8	1.000e1
729.3	6.435e3
730.2	6.314e3
731.1	3.917e3
731.9	6.173e3
732.7	2.944e3
733.4	5.758e3
734.4	5.477e3
735.3	6.606e3
736.2	2.881e3
737.2	8.740e3
738.1	6.862e3
739.0	3.520e3
739.9	1.099e4
740.8	7.103e3
741.5	1.267e3
742.2	9.085e3
743.1	7.011e3
743.9	5.005e3
744.8	3.571e3
745.3	6.840e2
745.8	4.653e3
746.6	6.951e3
747.5	8.653e3
748.0	8.000e0
748.5	6.615e3
749.5	6.680e3
750.1	7.840e2
750.8	8.612e3
751.5	9.160e2
752.3	4.543e3
753.2	8.077e3
754.2	4.225e3
754.8	2.050e2
755.4	6.539e3
756.3	4.139e3
757.2	9.309e3
757.9	1.427e3
758.4	1.019e4
759.3	4.880e3
760.0	9.590e2
760.6	3.012e3
761.8	4.198e3
762.6	4.940e2
763.3	4.330e3
764.2	6.158e3
765.1	8.385e3
765.7	7.370e2
766.3	1.016e4
767.2	6.580e3
768.0	1.102e4
769.0	4.906e3
770.1	6.908e3
770.6	1.398e3
771.3	1.176e4
772.3	4.443e3
772.9	2.790e2
773.5	6.011e3
774.1	4.350e2
774.7	3.193e3
775.3	1.180e3
776.0	7.324e3
776.5	5.310e2
777.1	5.350e3
777.6	6.140e2
778.4	7.237e3
779.3	3.913e3
780.0	3.610e2
780.6	6.843e3
781.6	8.163e3
782.6	9.932e3
783.1	1.210e2
783.8	7.869e3
784.4	4.830e2
785.0	3.055e3
786.0	5.439e3
786.6	8.100e1
787.1	7.483e3
787.6	7.680e2
788.2	6.703e3
789.0	4.855e3
789.9	1.034e3
790.8	4.019e3
791.5	1.848e3
792.3	3.993e3
793.0	1.834e3
793.7	6.783e3
794.6	4.214e3
795.3	9.530e2
795.8	6.791e3
796.8	8.358e3
797.7	4.676e3
798.4	1.748e3
799.3	4.895e3
800.0	3.011e3
800.7	7.245e3
801.5	1.533e3
802.3	7.551e3
803.4	6.765e3
804.3	2.858e3
805.1	9.145e3
805.7	5.000e1
806.3	2.888e3
806.8	3.090e2
807.4	7.222e3
808.2	3.467e3
808.7	2.030e2
809.2	8.111e3
810.0	2.680e2
810.5	9.254e3
811.5	4.972e3
812.3	1.809e3
813.0	7.057e3
813.9	4.397e3
814.7	1.064e3
815.5	4.449e3
816.5	4.857e3
817.4	2.609e3
818.4	8.646e3
819.3	3.830e3
820.3	7.946e3
821.2	4.438e3
822.0	6.224e3
823.0	1.635e3
824.0	3.385e3
825.0	8.505e3
825.8	9.720e2
826.5	5.004e3
827.5	4.282e3
828.2	9.490e2
828.9	5.300e3
829.5	1.264e3
830.2	5.546e3
830.8	3.780e2
831.3	5.082e3
832.0	1.464e3
833.1	3.671e3
833.7	1.810e3
834.4	7.404e3
835.3	2.122e3
836.1	9.720e2
836.8	4.892e3
837.5	1.633e3
838.2	5.759e3
838.7	4.710e2
839.3	8.503e3
840.1	4.074e3
840.9	6.418e3
841.9	6.000e3
842.6	3.551e3
843.2	4.761e3
843.7	2.970e2
844.4	6.366e3
845.1	1.012e3
845.8	4.121e3
846.5	1.159e3
847.3	4.862e3
848.0	1.329e3
848.8	4.527e3
849.6	5.562e3
850.5	5.196e3
851.5	3.005e3
852.3	2.713e3
853.2	1.594e3
854.1	3.243e3
854.7	9.000e0
855.3	4.290e3
856.3	4.453e3
856.9	4.180e2
857.4	4.431e3
858.2	3.248e3
858.8	2.710e2
859.4	7.221e3
860.0	1.342e3
860.7	1.130e3
861.8	6.157e3
862.4	7.090e2
863.2	1.065e3
863.8	6.183e3
864.4	3.790e2
865.3	5.397e3
866.1	2.014e3
867.1	3.244e3
867.8	5.316e3
868.5	4.570e2
869.2	1.206e3
869.8	3.565e3
870.7	1.665e3
871.3	8.314e3
871.9	1.900e1
872.6	4.337e3
873.4	1.306e3
874.1	6.898e3
875.2	4.089e3
876.2	5.426e3
877.1	1.542e3
877.9	3.423e3
878.6	5.577e3
879.3	1.013e3
880.1	5.827e3
881.1	4.120e3
882.1	2.790e3
882.6	1.150e2
883.1	2.799e3
883.7	6.010e2
884.4	4.420e3
885.4	2.389e3
886.2	1.579e3
886.8	3.356e3
887.4	3.650e2
887.9	3.225e3
888.5	4.560e2
889.3	8.333e3
890.3	3.983e3
891.1	2.645e3
891.7	2.560e2
892.3	5.404e3
893.1	1.659e3
893.9	4.796e3
894.5	6.820e2
895.2	2.841e3
895.8	3.800e1
896.4	5.030e3
896.9	1.290e2
897.6	3.504e3
898.2	1.160e2
898.7	5.041e3
899.6	3.952e3
900.5	4.047e3
901.1	2.481e3
901.8	3.936e3
902.4	1.118e3
903.1	2.330e3
903.8	4.420e3
904.4	4.340e2
905.0	4.247e3
906.1	2.966e3
906.7	4.190e2
907.3	5.262e3
907.9	1.286e3
908.6	3.603e3
909.2	4.960e2
909.7	4.663e3
910.5	3.910e2
911.1	2.465e3
912.0	3.663e3
913.0	3.383e3
913.6	1.450e2
914.2	4.082e3
914.7	5.400e2
915.3	4.174e3
916.1	9.160e2
916.8	1.089e3
917.5	6.892e3
918.0	9.660e2
918.7	5.388e3
919.6	2.127e3
920.2	2.290e2
920.7	4.202e3
921.3	3.990e2
922.1	6.835e3
922.9	4.630e3
923.9	2.472e3
925.0	3.306e3
925.6	3.160e2
926.1	8.905e3
926.6	1.507e3
927.2	1.719e3
928.1	3.680e3
929.0	3.802e3
929.9	1.519e3
930.8	6.592e3
931.7	4.069e3
932.3	8.770e2
932.9	3.474e3
933.9	2.357e3
935.0	1.937e3
935.9	4.531e3
936.7	2.661e3
937.5	4.104e3
938.1	7.910e2
938.8	9.000e0
939.3	4.576e3
939.9	2.100e2
940.5	1.855e3
941.4	1.596e3
942.2	3.134e3
942.8	7.620e2
943.5	5.648e3
944.4	7.100e2
945.2	3.087e3
945.8	4.970e2
946.5	2.950e3
947.4	3.126e3
948.1	2.850e2
948.9	1.448e3
949.7	3.308e3
950.3	1.393e3
951.0	7.040e2
951.7	3.204e3
952.5	4.661e3
953.2	8.780e2
953.8	2.018e3
954.6	5.295e3
955.3	7.500e1
955.9	3.006e3
956.8	5.868e3
957.5	1.349e3
958.1	4.130e2
958.8	2.273e3
959.6	2.096e3
960.2	1.130e2
960.8	2.431e3
961.7	4.893e3
962.6	4.980e3
963.3	1.765e3
963.8	4.490e2
964.3	3.670e3
965.1	8.490e2
965.9	4.260e3
966.9	2.001e3
967.8	7.005e3
968.8	5.507e3
969.6	3.666e3
970.4	1.851e3
971.3	3.532e3
972.4	2.887e3
972.9	2.840e2
973.6	5.159e3
974.1	5.200e1
974.7	1.292e3
975.5	3.507e3
976.1	6.480e2
976.6	4.030e2
977.5	1.540e2
978.4	3.061e3
979.0	3.900e2
979.8	1.771e3
980.6	3.741e3
981.5	4.517e3
982.3	3.172e3
983.1	3.004e3
983.6	7.220e2
984.3	5.050e3
985.3	4.566e3
985.9	1.553e3
986.8	3.341e3
987.5	8.270e2
988.5	1.724e3
989.1	1.400e1
989.7	2.932e3
990.5	1.234e3
991.2	7.617e3
991.7	1.000e1
992.3	6.497e3
993.1	2.657e3
994.1	3.231e3
995.0	5.102e3
995.7	1.412e3
996.6	3.684e3
997.2	1.700e1
997.9	5.320e3
998.9	3.647e3
999.7	7.420e2
1000.4	1.698e3
1001.5	2.410e3
1002.2	4.800e1
1002.9	4.612e3
1003.5	8.000e0
1004.0	1.585e3
1005.1	2.834e3
1006.7	2.239e3
1007.4	3.434e3
1008.3	2.093e3
1009.1	2.041e3
1009.9	5.170e2
1010.5	5.505e3
1011.5	1.020e2
1012.1	1.431e3
1012.8	3.700e1
1013.4	2.789e3
1014.3	5.660e3
1015.2	1.868e3
1016.3	4.013e3
1017.1	3.754e3
1017.8	6.860e2
1018.4	4.428e3
1019.2	1.989e3
1019.7	5.000e1
1020.3	2.748e3
1020.9	1.964e3
1021.7	5.274e3
1022.8	2.183e3
1023.7	4.912e3
1024.2	8.000e0
1024.7	1.321e3
1025.6	5.436e3
1026.4	2.981e3
1027.0	8.000e0
1027.5	4.468e3
1028.5	5.105e3
1029.3	9.980e2
1030.0	2.836e3
1030.8	2.630e3
1031.5	5.370e2
1032.2	5.040e3
1033.1	2.565e3
1034.0	5.040e3
1034.9	2.441e3
1035.7	6.130e2
1036.4	4.784e3
1037.3	9.610e2
1038.1	3.567e3
1039.0	9.570e2
1039.8	3.199e3
1040.3	1.100e1
1040.8	2.046e3
1041.6	6.438e3
1042.3	1.171e3
1043.2	4.237e3
1044.0	8.930e2
1044.9	2.707e3
1045.6	2.398e3
1046.5	4.099e3
1047.2	1.293e3
1048.2	6.894e3
1048.7	1.201e3
1049.5	4.881e3
1050.6	2.118e3
1051.6	5.841e3
1052.4	1.229e3
1053.0	2.934e3
1054.0	1.036e3
1054.9	2.110e3
1055.5	2.450e2
1056.2	2.290e3
1057.0	1.000e1
1057.6	2.076e3
1058.5	4.617e3
1059.5	2.137e3
1060.4	2.366e3
1061.2	3.769e3
1061.9	1.699e3
1062.6	1.289e3
1063.3	1.721e3
1064.4	4.075e3
1065.5	4.995e3
1066.3	1.469e3
1067.1	4.853e3
1067.8	4.790e2
1068.6	5.343e3
1069.8	3.683e3
1070.7	1.431e3
1071.4	6.850e2
1072.1	4.360e3
1072.9	1.453e3
1073.5	5.230e2
1074.3	2.753e3
1074.9	3.700e1
1075.6	4.400e2
1076.2	5.203e3
1076.8	9.000e0
1077.3	3.877e3
1078.1	2.000e3
1078.8	6.190e2
1079.4	3.484e3
1080.0	2.000e3
1080.6	9.360e2
1081.2	2.317e3
1082.5	3.574e3
1083.5	1.764e3
1084.3	8.080e2
1085.2	3.282e3
1085.9	2.740e2
1086.7	1.742e3
1087.4	2.308e3
1088.3	3.780e2
1089.1	2.962e3
1090.1	1.865e3
1090.8	5.580e2
1091.6	1.494e3
1092.6	4.631e3
1093.3	2.061e3
1094.1	1.668e3
1094.8	4.321e3
1095.6	4.441e3
1096.2	6.710e2
1096.8	3.369e3
1097.7	1.341e3
1098.6	6.600e2
1099.5	7.860e2
1100.3	1.197e3
1101.2	1.740e3
1101.8	3.570e2
1102.6	1.136e3
1103.3	1.052e3
1104.0	3.036e3
1104.9	5.182e3
1105.6	6.930e2
1106.5	1.499e3
1107.5	3.178e3
1108.1	5.420e2
1108.7	2.100e1
1109.2	5.830e2
1109.8	3.804e3
1110.4	4.230e2
1111.0	2.310e3
1111.7	9.000e0
1112.3	6.444e3
1113.0	1.573e3
1113.6	1.080e2
1114.3	3.302e3
1115.3	3.788e3
1116.0	2.340e2
1116.7	4.921e3
1117.2	2.100e1
1117.8	2.091e3
1118.8	1.284e3
1119.7	4.562e3
1120.6	3.890e2
1121.2	2.339e3
1121.8	1.540e2
1122.4	2.124e3
1123.1	6.490e2
1123.9	1.593e3
1124.9	3.506e3
1125.5	1.061e3
1126.4	6.630e2
1127.2	1.659e3
1127.8	1.100e1
1128.3	1.978e3
1129.2	3.156e3
1130.1	1.889e3
1131.2	3.222e3
1132.0	2.240e3
1132.8	5.877e3
1133.7	2.546e3
1134.3	7.670e2
1134.9	9.000e0
1135.4	4.467e3
1136.3	6.350e2
1137.1	1.003e3
1137.7	7.650e2
1138.3	3.810e3
1138.8	3.140e2
1139.6	5.640e2
1140.5	2.348e3
1141.2	1.551e3
1142.0	3.470e2
1143.1	5.344e3
1143.6	9.000e0
1144.2	3.432e3
1145.0	4.470e2
1145.7	2.116e3
1146.6	5.181e3
1147.6	2.212e3
1148.5	2.695e3
1149.4	1.039e3
1150.2	2.923e3
1151.0	5.940e2
1151.7	1.702e3
1152.6	2.425e3
1153.5	4.490e3
1154.3	3.090e2
1154.9	6.640e2
1155.7	2.971e3
1156.8	2.858e3
1157.7	1.800e3
1158.5	3.510e3
1159.3	2.014e3
1160.3	1.575e3
1161.3	2.956e3
1162.3	3.451e3
1163.2	7.830e2
1163.9	3.270e3
1164.9	2.215e3
1165.8	2.172e3
1166.8	6.060e2
1167.4	3.649e3
1168.1	1.229e3
1168.8	6.008e3
1169.8	1.160e2
1170.8	1.061e3
1171.6	2.213e3
1172.5	1.135e3
1173.2	5.270e2
1174.0	5.540e2
1174.6	1.751e3
1175.3	3.282e3
1176.0	1.016e3
1176.8	2.391e3
1177.4	9.160e2
1178.0	4.010e2
1178.8	5.700e3
1179.3	7.390e2
1179.9	1.179e3
1180.5	3.790e3
1181.3	1.656e3
1182.1	2.039e3
1183.1	4.498e3
1183.9	2.549e3
1184.7	1.232e3
1185.5	1.739e3
1186.5	3.943e3
1187.0	8.000e0
1187.7	4.714e3
1188.5	2.234e3
1189.7	4.433e3
1190.4	2.480e2
1191.3	1.310e3
1191.9	8.330e2
1192.7	3.122e3
1193.7	6.630e2
1194.2	1.034e3
1194.9	1.215e3
1195.5	3.307e3
1196.4	3.460e2
1197.1	2.107e3
1198.6	2.346e3
1199.6	1.201e3
1200.5	2.398e3
1201.4	9.690e2
1202.2	2.248e3
1202.9	3.900e2
1204.1	3.299e3
1204.7	1.410e2
1205.2	3.779e3
1206.2	1.590e3
1207.0	1.629e3
1208.0	2.241e3
1208.8	3.444e3
1209.6	2.101e3
1210.3	9.000e0
1210.8	3.095e3
1211.5	6.060e2
1212.1	2.747e3
1212.7	8.000e0
1213.3	1.523e3
1213.9	4.450e2
1214.6	1.780e3
1215.3	1.485e3
1216.1	1.810e2
1216.8	9.440e2
1217.3	8.000e0
1218.0	3.859e3
1218.5	8.000e0
1219.0	3.037e3
1220.0	7.760e2
1220.9	2.295e3
1221.9	2.975e3
1222.9	2.356e3
1224.0	1.490e3
1225.2	1.360e3
1225.7	9.000e0
1226.3	4.300e1
1227.3	1.157e3
1228.3	4.350e2
1228.9	1.799e3
1230.0	2.065e3
1231.1	3.143e3
1231.8	3.370e2
1232.4	2.193e3
1233.3	4.190e2
1234.1	1.878e3
1235.0	3.740e2
1235.6	5.630e2
1236.2	2.659e3
1237.0	1.652e3
1237.6	2.909e3
1238.5	1.026e3
1239.2	2.800e1
1239.8	2.196e3
1240.5	9.500e2
1241.4	1.700e1
1242.5	2.707e3
1243.6	1.572e3
1244.6	1.544e3
1245.2	1.380e2
1246.4	1.328e3
1247.1	2.792e3
1248.1	2.277e3
1249.2	1.539e3
1250.1	1.199e3
1251.0	5.830e2
1252.0	2.219e3
1252.9	2.552e3
1253.6	1.689e3
1254.6	3.970e2
1255.4	1.704e3
1256.2	3.710e2
1257.0	3.867e3
1258.0	2.005e3
1258.8	3.590e2
1259.6	9.820e2
1260.2	1.200e1
1260.7	2.123e3
1261.5	3.570e2
1262.1	2.439e3
1263.1	1.956e3
1264.0	1.304e3
1264.8	8.000e0
1265.3	3.177e3
1266.3	9.000e0
1266.9	3.230e2
1267.8	2.140e3
1268.9	3.184e3
1269.9	3.334e3
1270.8	8.050e2
1271.6	2.493e3
1272.2	6.600e1
1272.9	6.080e2
1273.4	1.413e3
1274.3	2.739e3
1275.1	1.272e3
1275.9	8.770e2
1276.7	4.231e3
1277.2	4.130e2
1278.1	2.338e3
1279.0	1.352e3
1279.7	9.490e2
1280.6	3.192e3
1281.4	1.100e1
1281.9	1.785e3
1282.8	1.759e3
1283.7	1.809e3
1284.9	3.630e2
1285.6	1.143e3
1286.5	4.435e3
1287.1	4.300e1
1287.7	2.302e3
1288.8	3.655e3
1289.6	5.930e2
1290.4	2.292e3
1291.0	1.870e2
1291.5	1.661e3
1292.5	3.030e3
1293.5	8.000e0
1294.0	3.500e3
1294.6	2.810e2
1295.2	2.688e3
1296.2	7.730e2
1297.0	2.979e3
1297.9	3.424e3
1298.7	3.321e3
1299.7	4.040e3
1300.3	1.100e1
1301.1	1.900e1
1301.7	1.000e1
1302.3	1.467e3
1303.1	1.900e1
1303.9	2.454e3
1305.0	2.558e3
1306.5	1.237e3
1307.4	2.239e3
1308.4	5.952e3
1309.5	2.966e3
1310.0	1.300e1
1310.5	2.108e3
1311.6	1.900e1
1312.3	1.302e3
1313.3	2.089e3
1314.1	2.573e3
1314.9	1.029e3
1315.5	2.370e3
1316.1	1.700e1
1316.7	3.924e3
1317.5	1.031e3
1318.3	4.720e2
1318.9	9.770e2
1319.4	5.040e2
1320.3	3.529e3
1321.2	6.570e2
1321.9	4.110e2
1322.6	1.800e1
1323.2	2.304e3
1323.9	3.440e2
1324.5	1.741e3
1325.3	1.367e3
1326.2	6.350e2
1326.8	2.473e3
1327.9	2.195e3
1328.5	3.010e2
1329.1	1.581e3
1329.9	8.980e2
1330.7	8.220e2
1331.6	2.153e3
1332.6	2.822e3
1333.6	2.229e3
1334.9	6.400e1
1335.8	8.060e2
1336.5	3.260e2
1337.3	1.175e3
1338.2	2.311e3
1339.0	2.700e1
1339.6	3.780e3
1340.4	1.207e3
1341.2	1.237e3
1342.3	4.250e2
1343.2	1.775e3
1344.1	1.435e3
1344.9	7.780e2
1346.1	1.043e3
1346.7	4.478e3
1347.7	1.188e3
1348.3	9.000e0
1349.1	8.260e2
1349.8	1.000e1
1350.3	2.409e3
1351.3	1.604e3
1352.3	1.430e3
1353.5	2.198e3
1354.4	1.264e3
1355.1	1.515e3
1355.6	3.200e1
1356.2	5.211e3
1357.2	2.858e3
1358.0	9.910e2
1359.0	6.910e2
1359.6	2.000e1
1360.2	1.394e3
1360.9	3.400e1
1361.7	9.990e2
1362.5	2.032e3
1363.5	2.123e3
1364.4	1.669e3
1365.3	2.711e3
1366.0	2.200e1
1366.7	2.593e3
1367.5	1.828e3
1368.3	2.425e3
1369.1	1.200e1
1369.7	7.820e2
1370.3	8.000e0
1371.1	2.614e3
1371.7	3.830e2
1372.2	2.885e3
1373.0	2.800e1
1373.6	2.596e3
1374.3	2.969e3
1375.2	4.560e2
1375.8	2.136e3
1376.5	9.000e0
1377.1	1.620e2
1377.7	7.250e2
1378.8	1.473e3
1380.1	8.150e2
1380.8	3.633e3
1381.5	6.770e2
1382.2	1.984e3
1383.4	1.736e3
1384.5	1.500e3
1385.3	7.540e2
1386.3	1.039e3
1387.2	2.868e3
1387.9	7.880e2
1388.9	3.035e3
1389.6	1.094e3
1390.1	1.000e1
1390.8	3.129e3
1391.7	5.740e2
1392.7	7.560e2
1393.4	1.732e3
1394.2	8.000e0
1394.9	1.497e3
1395.8	2.061e3
1396.8	1.770e2
1397.7	1.567e3
1398.7	1.600e3
1399.9	2.561e3
1400.4	8.000e0
1401.0	1.997e3
1401.6	2.500e2
1402.1	1.411e3
1402.9	5.300e2
1404.0	6.500e1
1405.0	1.805e3
1405.8	9.000e2
1406.7	7.300e1
1407.6	2.037e3
1408.4	7.320e2
1409.5	1.314e3
1410.4	4.360e2
1411.0	1.416e3
1411.9	3.556e3
1412.7	2.027e3
1413.6	1.702e3
1414.2	8.390e2
1414.8	8.920e2
1415.6	1.561e3
1416.3	1.741e3
1416.9	2.121e3
1417.9	1.497e3
1418.5	2.110e2
1419.0	2.431e3
1419.9	5.290e2
1420.7	3.240e2
1421.5	9.640e2
1422.5	1.879e3
1423.3	3.600e2
1424.0	1.142e3
1424.6	1.820e2
1425.3	2.381e3
1426.1	4.666e3
1427.0	1.526e3
1428.1	1.235e3
1428.8	1.000e1
1429.3	3.110e3
1430.3	1.002e3
1431.1	2.450e3
1431.7	1.700e1
1432.4	2.135e3
1433.4	3.630e2
1434.7	9.810e2
1435.6	3.102e3
1436.2	1.238e3
1436.9	2.136e3
1437.7	7.810e2
1438.8	2.408e3
1440.1	1.459e3
1441.1	1.781e3
1442.0	3.900e3
1443.1	1.103e3
1443.8	2.400e1
1444.5	1.638e3
1445.7	2.374e3
1446.4	3.220e2
1446.9	2.690e2
1447.6	1.576e3
1448.3	1.900e1
1448.9	1.366e3
1449.7	5.840e2
1450.8	1.323e3
1452.1	1.598e3
1452.6	1.800e1
1453.1	3.530e2
1454.0	7.640e2
1454.6	4.100e1
1455.1	2.855e3
1456.0	3.482e3
1456.6	9.560e2
1457.1	7.000e2
1457.9	1.226e3
1458.7	1.570e2
1459.3	1.905e3
1460.1	2.111e3
1461.1	5.380e2
1461.8	9.140e2
1462.6	1.995e3
1463.2	1.940e2
1464.0	1.085e3
1464.8	8.320e2
1466.1	2.461e3
1466.8	8.500e2
1467.6	5.180e2
1468.3	3.150e2
1469.2	3.340e2
1470.0	1.591e3
1470.7	1.533e3
1471.4	2.070e2
1472.0	9.330e2
1472.5	1.572e3
1473.3	1.246e3
1474.1	2.174e3
1474.8	3.120e2
1475.4	7.270e2
1476.5	5.170e2
1477.1	3.096e3
1478.1	9.610e2
1478.9	2.236e3
1479.4	8.000e0
1480.0	1.810e2
1480.9	4.030e2
1481.6	4.127e3
1482.2	3.850e2
1482.8	5.940e2
1483.5	2.457e3
1484.5	1.050e3
1485.0	2.700e2
1485.6	4.590e2
1486.3	1.700e1
1487.0	8.020e2
1487.7	3.000e1
1488.4	1.800e1
1489.2	2.416e3
1490.0	8.190e2
1490.7	2.840e3
1491.2	1.770e2
1492.1	1.015e3
1493.0	1.421e3
1493.6	9.000e0
1494.2	2.179e3
1495.1	6.880e2
1495.8	5.460e2
1496.3	1.750e2
1497.2	1.875e3
1498.0	1.081e3
1498.9	3.510e2
1499.9	1.210e3
1501.2	1.153e3
1501.9	2.980e2
1502.7	1.644e3
1503.9	1.072e3
1504.8	3.550e2
1505.6	1.039e3
1506.3	9.000e0
1506.8	3.053e3
1507.5	7.280e2
1508.5	8.400e2
1509.5	5.020e2
1510.4	6.600e1
1511.1	1.314e3
1511.9	4.770e2
1512.6	4.920e2
1513.8	9.190e2
1514.6	2.813e3
1515.7	2.140e3
1516.4	3.290e2
1516.9	1.880e2
1517.6	2.065e3
1518.6	1.660e2
1519.3	2.310e3
1520.2	9.310e2
1521.1	3.646e3
1522.2	4.877e3
1523.6	4.006e3
1524.4	9.080e2
1525.0	1.620e2
1526.0	1.528e3
1527.1	1.357e3
1527.9	8.820e2
1528.8	1.104e3
1529.7	3.210e2
1530.7	1.573e3
1531.7	2.834e3
1532.6	1.513e3
1533.9	1.746e3
1534.8	1.250e2
1535.4	1.147e3
1536.4	8.760e2
1537.6	1.790e2
1538.1	1.301e3
1539.0	1.910e3
1540.0	2.036e3
1541.1	7.000e2
1541.7	3.890e2
1542.2	2.342e3
1543.3	9.290e2
1543.9	8.000e0
1544.5	7.490e2
1545.2	1.922e3
1546.1	4.060e2
1546.8	1.400e2
1548.0	2.980e2
1549.2	2.900e1
1549.9	1.938e3
1550.5	2.720e2
1551.1	6.770e2
1551.7	6.270e3
1552.6	2.300e1
1553.4	4.870e2
1554.1	1.400e1
1554.7	9.000e0
1555.4	1.816e3
1556.3	1.484e3
1557.7	6.920e2
1558.3	7.690e2
1558.8	9.000e0
1559.5	7.620e2
1560.1	2.300e2
1560.9	6.030e2
1561.5	2.000e1
1562.2	1.201e3
1562.7	8.000e0
1563.2	1.900e1
1563.9	6.380e2
1564.6	3.688e3
1565.2	2.500e1
1565.8	2.061e3
1566.5	5.840e2
1567.2	5.300e2
1568.0	1.900e1
1568.7	8.150e2
1569.2	8.300e1
1570.1	1.142e3
1570.7	9.630e2
1571.8	5.900e1
1572.5	2.513e3
1573.1	1.660e2
1573.7	6.670e2
1574.6	3.505e3
1575.7	1.056e3
1576.6	3.490e2
1577.4	3.320e2
1578.1	7.070e2
1578.8	2.399e3
1579.4	7.150e2
1580.1	2.852e3
1581.0	2.257e3
1582.4	4.700e2
1583.1	1.600e1
1583.9	1.823e3
1584.5	7.600e2
1586.2	2.100e3
1587.2	9.710e2
1587.8	1.800e1
1588.4	1.651e3
1589.5	1.037e3
1590.2	2.410e2
1590.8	7.090e2
1591.7	8.000e2
1592.6	6.450e2
1593.3	3.800e1
1594.3	1.159e3
1595.0	5.400e2
1596.1	1.845e3
1597.0	6.540e2
1597.8	2.000e1
1598.6	6.380e2
1599.5	5.770e2
1600.1	3.000e1
1600.7	7.630e2
1602.1	3.970e3
1603.1	1.835e3
1603.8	2.460e2
1604.4	1.091e3
1605.3	7.140e2
1606.1	1.303e3
1606.9	1.900e1
1607.5	5.160e2
1608.3	7.950e2
1609.2	3.326e3
1610.1	4.770e2
1610.8	2.450e2
1611.3	1.569e3
1612.4	6.770e2
1613.1	1.540e2
1613.8	3.310e2
1614.6	1.887e3
1615.5	5.490e2
1616.4	1.904e3
1617.6	1.774e3
1618.6	3.550e2
1619.6	8.310e2
1620.2	3.960e2
1621.0	9.590e2
1621.8	1.100e1
1622.5	2.720e2
1623.3	1.577e3
1624.1	3.770e2
1625.9	2.181e3
1626.6	1.600e1
1627.8	1.519e3
1628.5	6.250e2
1629.3	1.272e3
1630.0	1.200e1
1630.6	1.860e3
1631.2	1.700e1
1631.9	3.179e3
1633.3	2.530e2
1634.1	4.280e2
1634.6	7.000e1
1635.3	1.332e3
1636.2	8.060e2
1637.1	1.830e2
1637.8	1.485e3
1638.5	3.100e1
1639.3	6.770e2
1639.9	1.900e2
1640.5	5.670e2
1641.3	3.530e2
1642.1	4.690e2
1642.7	1.670e3
1643.8	4.840e2
1644.5	1.217e3
1645.5	1.824e3
1646.4	3.330e2
1647.2	1.586e3
1648.2	1.064e3
1649.1	1.714e3
1649.7	9.600e1
1650.3	5.790e2
1650.9	1.055e3
1651.6	3.410e2
1652.1	8.000e0
1652.9	2.410e2
1653.9	1.055e3
1654.4	5.930e2
1655.7	7.870e2
1656.6	1.365e3
1657.6	6.300e1
1658.6	1.702e3
1659.2	8.000e0
1660.0	2.440e2
1660.6	1.847e3
1661.5	3.890e2
1662.3	4.700e1
1663.3	6.980e2
1664.0	1.802e3
1664.8	2.800e2
1665.4	1.984e3
1666.4	1.322e3
1667.2	4.850e2
1668.1	6.860e2
1668.7	8.000e0
1669.6	1.328e3
1670.2	2.530e2
1671.4	4.700e1
1672.4	1.360e3
1673.3	4.820e2
1674.0	1.511e3
1675.0	1.800e1
1675.5	1.103e3
1676.2	1.429e3
1677.1	1.491e3
1677.9	2.900e1
1679.2	2.298e3
1679.7	8.100e1
1680.4	4.370e2
1681.5	1.616e3
1682.2	9.000e0
1682.8	8.750e2
1683.6	4.710e2
1684.1	9.220e2
1684.7	1.400e1
1685.3	3.300e2
1686.4	2.192e3
1687.3	1.684e3
1688.3	1.149e3
1689.2	3.520e2
1689.9	8.000e0
1690.6	6.210e2
1691.3	2.100e1
1692.2	1.740e3
1693.1	1.215e3
1693.8	5.900e2
1694.6	2.244e3
1695.6	1.618e3
1696.3	5.300e1
1697.1	2.209e3
1698.0	1.955e3
1699.3	2.573e3
1700.0	2.400e1
1701.0	9.190e2
1701.9	2.091e3
1702.6	1.139e3
1703.6	1.400e1
1704.2	1.684e3
1704.9	1.944e3
1706.0	1.004e3
1707.0	2.412e3
1707.5	2.340e2
1708.2	1.022e3
1708.9	1.880e2
1709.6	1.563e3
1710.6	2.745e3
1711.3	1.400e1
1711.9	3.300e1
1712.6	1.039e3
1713.7	7.950e2
1714.6	7.660e2
1715.3	1.100e1
1716.0	6.640e2
1716.8	2.280e2
1717.6	1.285e3
1718.4	5.520e2
1719.0	3.760e2
1719.6	1.696e3
1720.1	6.390e2
1720.9	1.132e3
1721.7	8.000e0
1722.3	2.390e2
1723.1	9.940e2
1724.0	5.530e2
1724.6	6.150e2
1725.2	1.744e3
1726.5	6.310e2
1727.2	6.670e2
1728.3	9.610e2
1729.4	1.000e1
1730.0	1.052e3
1731.0	4.190e2
1731.7	9.340e2
1732.6	1.124e3
1734.2	2.543e3
1734.8	6.130e2
1735.4	8.000e0
1736.0	1.586e3
1736.5	6.250e2
1737.2	1.487e3
1738.0	3.190e2
1738.7	2.200e1
1739.3	5.140e2
1739.9	1.919e3
1740.9	1.200e1
1741.4	3.270e2
1742.7	3.360e2
1743.6	8.350e2
1744.6	9.580e2
1745.1	6.880e2
1745.7	1.900e1
1746.3	1.288e3
1747.3	9.770e2
1747.9	1.200e1
1748.7	4.460e2
1749.5	7.700e1
1750.1	5.800e2
1750.6	4.340e2
1751.3	1.363e3
1752.6	7.330e2
1753.3	2.979e3
1754.1	8.380e2
1754.7	2.610e2
1756.2	1.330e2
1757.3	2.000e1
1757.9	6.010e2
1758.6	1.190e3
1759.7	8.040e2
1760.7	1.655e3
1761.4	4.200e1
1762.1	3.050e2
1762.7	2.026e3
1763.6	5.310e2
1764.5	1.271e3
1765.2	3.530e2
1765.8	2.134e3
1766.7	4.100e1
1768.2	1.555e3
1768.8	2.000e1
1769.6	1.107e3
1770.7	3.000e1
1771.8	1.198e3
1772.6	8.000e0
1773.1	2.220e2
1773.9	9.100e2
1774.6	1.674e3
1775.7	1.590e3
1776.5	8.000e0
1777.0	2.103e3
1777.7	8.050e2
1778.5	2.200e1
1779.3	3.370e2
1779.9	8.000e0
1780.7	1.369e3
1781.5	3.720e2
1782.0	2.620e2
1782.8	1.298e3
1783.6	4.290e2
1784.2	2.280e2
1785.0	4.880e2
1785.9	2.540e3
1786.7	3.700e1
1787.3	1.700e1
1787.9	1.900e2
1788.7	5.540e2
1789.5	2.020e2
1790.6	6.830e2
1791.4	1.649e3
1792.2	8.000e0
1792.7	7.640e2
1793.3	1.000e2
1794.0	2.330e2
1794.6	1.194e3
1795.2	1.401e3
1796.7	6.380e2
1797.7	1.581e3
1798.5	5.770e2
1799.3	5.300e1
1800.0	1.330e2
1800.7	1.529e3
1801.7	3.580e2
1802.3	2.135e3
1803.1	4.460e2
1804.1	1.600e1
1804.6	1.156e3
1805.4	8.000e0
1806.0	4.180e2
1807.0	2.700e1
1808.2	6.050e2
1809.1	2.910e2
1809.7	3.600e1
1810.4	1.749e3
1811.1	4.400e1
1812.1	6.580e2
1812.7	9.000e0
1814.0	1.142e3
1814.8	1.520e2
1815.4	8.000e0
1816.0	3.660e2
1816.9	5.170e2
1817.6	6.190e2
1818.3	1.028e3
1819.3	7.680e2
1820.0	1.059e3
1821.4	1.800e1
1822.0	1.131e3
1822.7	8.000e0
1823.4	1.750e2
1824.4	2.280e2
1825.2	1.302e3
1826.0	8.040e2
1826.6	5.840e2
1827.7	9.550e2
1828.7	1.700e2
1829.5	1.325e3
1830.3	1.341e3
1831.2	9.900e1
1831.7	5.240e2
1832.4	9.000e0
1833.3	8.480e2
1834.2	1.351e3
1834.8	2.310e2
1835.6	8.400e2
1836.5	1.354e3
1837.1	2.790e2
1837.6	4.210e2
1838.4	8.550e2
1839.5	1.204e3
1840.4	3.650e2
1841.2	2.361e3
1841.7	8.000e0
1842.6	4.700e1
1843.1	8.000e0
1844.0	2.053e3
1845.1	6.700e2
1845.7	1.485e3
1846.7	1.890e2
1847.3	1.800e1
1847.9	2.300e1
1848.6	2.657e3
1849.6	2.600e2
1850.3	1.510e2
1851.1	6.800e2
1851.8	2.260e2
1852.6	9.180e2
1853.6	6.960e2
1854.2	9.000e0
1855.1	4.700e2
1855.7	1.800e1
1856.5	8.560e2
1857.2	9.640e2
1858.1	4.170e2
1859.6	1.234e3
1860.3	5.600e1
1861.2	8.920e2
1861.8	2.900e2
1862.3	4.770e2
1863.0	1.440e2
1864.5	3.600e1
1865.9	2.080e2
1867.1	8.680e2
1867.8	4.540e2
1868.3	1.600e1
1869.1	6.520e2
1869.7	3.550e2
1870.3	1.689e3
1871.4	7.410e2
1872.4	4.810e2
1873.2	8.000e0
1873.8	5.300e1
1874.8	4.600e2
1875.5	2.069e3
1876.3	9.000e0
1876.8	1.860e2
1877.4	1.000e1
1878.0	7.020e2
1879.0	4.930e2
1879.6	4.530e2
1880.6	1.300e1
1881.2	8.680e2
1882.0	4.780e2
1882.5	1.220e3
1883.2	8.890e2
1883.8	9.000e0
1884.5	5.800e1
1885.3	1.760e2
1886.3	7.060e2
1886.9	3.000e1
1887.6	4.840e2
1888.5	5.120e2
1889.7	8.220e2
1890.9	4.660e2
1891.7	3.270e2
1892.6	6.200e2
1893.2	1.002e3
1894.1	2.600e1
1895.0	4.260e2
1896.4	8.000e0
1897.0	1.293e3
1897.8	3.100e1
1898.6	1.810e3
1899.8	2.990e2
1900.6	2.600e1
1901.3	1.200e1
1901.9	1.495e3
1902.8	1.488e3
1903.6	1.068e3
1904.5	1.078e3
1905.2	8.100e2
1905.8	1.090e3
1906.4	7.430e2
1907.6	2.310e2
1908.6	6.040e2
1909.6	6.830e2
1910.5	8.100e1
1911.6	1.487e3
1912.3	1.360e2
1913.1	6.990e2
1914.1	2.210e2
1914.7	8.000e0
1915.3	4.610e2
1916.5	1.044e3
1917.5	5.240e2
1918.1	2.560e2
1918.6	7.510e2
1919.6	5.910e2
1920.6	8.390e2
1921.4	2.500e2
1922.1	1.100e1
1922.8	2.000e1
1923.4	5.120e2
1924.6	5.500e2
1925.6	5.070e2
1926.3	1.900e2
1926.9	9.000e0
1927.4	6.350e2
1928.0	8.000e0
1928.6	1.076e3
1929.1	4.300e2
1929.7	9.000e0
1930.3	9.990e2
1931.1	8.000e0
1932.0	3.130e2
1933.1	6.120e2
1933.8	1.100e1
1934.6	9.330e2
1935.5	4.870e2
1936.8	1.862e3
1937.5	3.480e2
1938.1	9.860e2
1939.0	6.130e2
1940.0	3.880e2
1940.9	1.523e3
1941.5	1.700e1
1942.1	8.000e0
1942.6	3.640e2
1943.7	3.780e2
1944.3	3.890e2
1945.0	1.660e2
1945.9	4.140e2
1946.5	1.360e2
1947.1	4.200e2
1947.7	1.200e1
1948.4	3.600e1
1949.2	8.100e2
1950.0	2.900e1
1950.9	1.678e3
1951.9	5.210e2
1952.6	5.260e2
1953.3	1.280e2
1954.1	9.000e0
1954.6	1.950e2
1956.0	1.419e3
1956.9	2.460e2
1957.5	4.010e2
1958.1	4.510e2
1958.9	3.800e1
1959.6	9.290e2
1960.5	2.500e1
1961.1	9.000e0
1962.0	3.770e2
1963.0	1.741e3
1964.7	1.194e3
1965.7	8.140e2
1966.5	2.900e1
1967.2	1.430e2
1967.9	1.375e3
1969.0	1.000e1
1969.8	5.660e2
1970.8	1.260e3
1971.7	1.870e2
1972.7	1.063e3
1973.6	5.030e2
1974.7	1.003e3
1976.0	1.929e3
1976.8	1.600e1
1977.6	2.200e1
1978.4	7.620e2
1979.2	9.350e2
1980.1	9.810e2
1980.6	1.000e1
1981.2	1.468e3
1981.9	4.210e2
1982.8	8.450e2
1983.4	9.000e0
1983.9	9.280e2
1984.7	4.240e2
1985.8	1.102e3
1986.6	1.993e3
1987.2	1.195e3
1988.0	1.200e1
1988.5	8.000e0
1989.1	1.125e3
1989.8	4.030e2
1990.7	5.200e1
1991.4	1.119e3
1992.5	6.580e2
1993.1	4.300e1
1993.6	1.033e3
1994.6	3.131e3
1995.3	2.400e1
1996.4	4.050e2
1997.3	4.650e2
1998.5	9.490e2
1999.4	6.000e1
