100.2	3.137e3
101.0	7.155e4
101.5	7.800e1
102.0	1.615e4
103.0	1.515e4
104.0	1.457e3
105.0	2.503e3
105.9	2.990e2
107.1	7.550e2
108.0	1.098e4
109.0	2.314e3
110.0	1.070e3
111.0	8.347e3
111.6	2.100e1
112.2	1.471e3
113.0	1.014e5
114.0	4.086e3
115.0	9.320e3
116.0	4.763e3
117.0	9.645e4
117.5	3.040e2
118.0	1.150e4
119.0	9.960e3
120.0	1.085e3
120.6	9.900e1
121.1	1.483e3
122.0	5.720e2
123.1	1.739e3
124.1	1.341e3
125.1	3.447e3
126.0	2.940e3
127.1	5.801e3
128.0	2.891e3
129.1	6.039e3
130.1	8.987e3
131.1	4.115e3
132.1	2.133e3
133.0	5.362e3
133.5	2.800e1
134.1	1.419e3
135.0	5.002e3
135.6	2.600e1
136.1	1.693e3
137.1	4.044e3
138.0	1.177e3
139.1	2.372e3
140.0	1.656e3
141.1	3.134e3
142.1	1.761e3
143.0	2.502e3
144.1	1.947e3
145.0	6.222e3
145.5	5.300e1
146.1	5.609e3
147.0	1.819e4
147.5	3.900e1
148.1	3.882e3
149.1	4.258e3
150.0	3.813e3
151.0	3.374e3
152.0	9.250e3
152.6	1.000e1
153.1	6.209e3
154.0	1.788e3
155.1	4.010e3
156.0	6.105e3
156.5	6.000e0
157.0	2.963e3
158.1	2.553e3
159.0	6.370e3
160.0	1.980e3
160.9	1.255e4
161.9	2.534e3
162.9	1.222e4
163.5	6.500e1
164.1	2.124e3
165.0	1.005e4
165.9	1.237e3
166.5	5.100e1
167.1	3.458e3
168.0	2.866e3
168.6	2.700e1
169.1	7.477e3
170.0	2.065e3
171.0	4.060e3
172.0	1.721e3
173.0	6.824e3
174.0	5.257e3
175.0	2.014e4
175.6	8.300e1
176.1	3.566e3
177.1	2.387e3
178.0	1.798e3
178.6	4.400e1
179.1	6.742e3
180.1	2.046e3
181.1	2.834e4
182.0	2.283e3
182.6	4.200e1
183.1	5.296e3
184.1	2.446e3
185.0	3.624e3
186.1	2.760e3
187.1	4.437e3
188.1	2.575e3
189.0	2.363e3
190.0	1.733e3
190.5	5.200e1
191.1	1.775e5
192.1	1.697e4
193.1	1.321e4
193.7	5.700e1
194.2	1.640e3
195.2	1.155e4
196.0	1.117e4
196.6	1.740e2
197.1	5.187e3
197.9	9.553e3
198.5	3.800e1
199.1	3.345e3
199.9	5.803e3
200.5	2.650e2
201.1	4.419e3
202.0	4.117e3
203.1	3.852e3
204.0	2.334e3
204.6	2.500e1
205.2	3.948e3
206.2	1.270e3
207.0	1.021e4
207.5	5.300e1
208.1	2.865e3
209.1	6.095e3
210.1	2.804e3
211.1	3.405e3
212.2	2.156e4
213.1	6.602e3
213.6	1.000e1
214.1	4.383e3
215.1	2.912e3
216.1	1.756e3
217.1	3.499e3
218.0	3.078e3
219.0	5.442e3
219.5	5.000e0
220.1	4.949e3
221.1	6.630e3
222.0	3.209e3
222.6	1.800e1
223.1	4.753e3
224.2	2.298e3
225.2	7.302e3
226.1	1.932e3
227.1	5.323e3
228.1	2.479e3
229.1	3.436e3
230.0	2.433e3
231.1	1.809e3
232.0	1.972e3
233.1	3.134e3
234.1	1.532e3
235.1	2.697e3
236.1	5.049e3
237.1	3.597e3
238.1	2.438e3
239.1	5.760e3
240.0	3.420e3
240.6	1.210e2
241.2	4.144e3
242.1	4.843e3
243.1	7.339e3
244.1	5.976e3
244.6	1.300e2
245.1	3.859e3
246.1	3.812e3
247.1	3.031e3
248.1	2.506e3
249.1	5.928e4
250.1	4.592e3
250.6	1.080e2
251.1	5.022e3
252.1	1.701e3
252.7	2.460e2
253.3	5.406e3
254.3	2.118e3
255.3	2.409e4
256.3	5.039e3
257.2	2.840e3
258.1	2.349e3
259.1	3.583e3
260.2	2.044e3
261.2	3.996e3
262.1	2.114e3
262.6	2.300e1
263.1	3.839e3
264.0	2.571e3
264.6	2.440e2
265.2	6.067e3
266.1	3.283e3
267.2	9.533e3
267.7	4.000e1
268.2	2.532e3
269.0	5.328e3
270.0	3.052e3
270.6	1.860e2
271.2	3.178e3
272.1	1.771e3
272.6	2.600e1
273.1	3.683e3
273.6	4.200e1
274.1	2.309e3
275.1	1.099e4
276.1	4.128e3
276.7	4.100e2
277.3	2.397e4
277.8	1.300e2
278.3	5.797e3
279.4	5.060e4
280.4	1.311e4
281.3	1.595e4
282.2	4.091e3
282.7	3.160e2
283.3	8.879e3
284.1	3.240e3
285.1	4.827e3
285.6	1.550e2
286.1	1.865e3
287.1	1.880e3
288.1	7.613e3
288.6	1.190e2
289.1	6.266e3
290.1	2.838e3
291.1	5.545e3
292.1	3.412e3
292.6	1.700e2
293.2	8.446e3
293.8	7.800e1
294.3	2.344e3
295.2	1.174e4
296.2	3.190e3
297.2	5.312e3
298.1	3.051e3
298.7	2.700e1
299.2	3.879e3
300.2	3.040e3
301.1	4.010e3
302.1	2.399e3
302.7	7.400e1
303.3	7.186e3
304.2	3.545e3
304.7	5.160e2
305.3	9.064e3
306.2	4.117e3
307.2	1.263e4
308.2	4.174e3
308.7	2.100e1
309.2	8.010e3
310.1	4.240e3
310.7	6.100e1
311.2	1.612e4
312.2	7.696e3
313.1	5.369e3
314.1	2.688e3
314.7	5.200e1
315.2	5.967e3
316.1	2.019e3
317.1	6.125e4
318.1	4.734e3
318.6	4.700e1
319.1	6.143e3
320.1	2.908e3
320.6	4.600e1
321.2	5.839e3
322.1	3.513e3
322.7	6.200e1
323.2	7.812e3
324.1	4.298e3
324.7	3.400e1
325.2	1.025e4
326.2	3.483e3
327.2	9.937e3
328.1	3.732e3
328.6	4.140e2
329.2	1.132e4
330.2	4.892e3
331.1	6.068e3
332.0	3.025e3
332.6	2.580e2
333.2	8.904e3
334.2	6.185e3
335.2	6.388e3
336.1	2.756e3
336.7	1.690e2
337.2	6.507e3
337.8	1.110e2
338.3	3.345e3
339.3	8.549e3
340.1	2.930e3
340.7	4.100e1
341.2	6.542e3
342.2	4.443e3
343.1	1.083e4
344.1	3.712e3
344.7	6.090e2
345.3	1.377e4
346.2	4.656e3
346.8	1.530e2
347.3	1.775e4
348.0	9.300e2
348.6	8.475e3
349.5	6.019e3
350.3	2.513e3
351.2	5.816e3
352.0	1.980e3
352.6	2.720e2
353.2	1.106e4
354.1	3.346e3
354.7	4.320e2
355.3	1.849e4
356.2	1.441e4
357.1	9.436e3
358.2	2.939e3
359.1	4.481e3
360.1	2.490e3
360.7	3.150e2
361.2	3.496e3
361.7	1.600e1
362.3	3.858e3
363.2	5.864e3
363.8	2.390e2
364.3	2.610e3
365.3	5.688e3
366.2	2.969e3
367.2	3.445e3
368.1	2.267e3
369.1	1.049e4
370.1	2.911e3
370.8	1.200e2
371.3	4.351e3
372.2	2.042e3
373.1	3.754e3
374.1	2.755e3
374.6	2.200e1
375.1	5.095e3
376.1	2.845e3
376.6	5.200e2
377.3	1.266e4
378.3	6.030e3
378.8	2.410e2
379.3	3.063e4
379.8	1.420e2
380.3	1.099e4
381.3	1.652e4
382.3	5.789e3
382.8	6.800e1
383.3	9.108e3
384.2	4.476e3
385.1	3.270e4
386.1	5.376e3
386.7	1.460e2
387.2	4.681e3
387.7	9.000e0
388.2	2.149e3
389.2	5.181e3
390.2	2.003e3
390.7	2.940e2
391.3	5.784e3
392.2	3.581e3
393.3	4.284e3
394.1	2.978e3
394.7	8.300e1
395.2	7.337e3
396.1	3.078e3
396.7	4.400e2
397.3	1.978e4
398.2	6.635e3
399.1	5.330e3
399.7	3.460e2
400.2	2.713e3
401.2	3.886e3
402.1	3.583e3
402.7	3.540e2
403.3	3.307e3
404.3	3.458e3
405.2	8.222e3
406.2	3.968e3
406.8	9.600e1
407.3	5.576e3
408.2	4.102e3
408.8	1.280e2
409.3	7.307e3
410.2	3.233e3
411.1	6.750e3
411.6	5.200e1
412.1	3.239e3
412.7	1.710e2
413.3	5.184e3
414.1	2.880e3
414.8	1.540e2
415.3	1.022e4
416.3	2.913e3
417.1	5.687e3
418.1	2.303e3
418.6	1.090e2
419.2	2.800e3
419.7	2.400e1
420.2	2.369e3
421.2	4.841e3
421.7	4.200e1
422.2	4.000e3
423.0	2.651e3
423.8	1.007e4
424.4	1.433e3
425.1	5.063e3
425.7	3.250e2
426.3	3.361e3
427.2	8.273e3
428.1	2.610e3
428.7	4.500e1
429.3	5.417e3
430.2	3.183e3
430.7	4.400e1
431.2	4.854e3
431.9	2.980e2
432.5	2.751e3
433.4	9.877e3
434.3	6.085e3
434.9	2.930e2
435.4	5.862e3
435.9	2.800e1
436.4	2.299e4
437.3	9.319e3
437.9	2.230e2
438.4	6.287e3
439.3	4.932e3
439.8	5.100e1
440.3	3.483e3
441.3	3.782e3
442.2	2.347e3
443.2	5.470e3
444.2	2.853e3
444.7	1.330e2
445.2	3.785e3
445.7	5.100e1
446.2	2.975e3
446.8	9.400e1
447.3	6.251e3
448.2	3.667e3
448.7	4.700e1
449.2	5.337e3
449.8	5.150e2
450.4	2.633e3
451.3	5.849e3
451.9	5.660e2
452.5	8.117e4
453.3	3.990e4
454.3	9.515e3
454.9	4.100e2
455.4	1.026e4
456.4	3.163e3
457.3	6.396e3
457.9	1.460e2
458.4	4.229e3
459.4	9.242e3
460.4	4.009e3
461.3	5.701e3
461.9	2.560e2
462.4	2.923e4
463.4	1.201e4
463.9	5.510e2
464.5	1.435e4
465.4	1.340e4
465.9	3.250e2
466.5	1.349e4
467.3	5.797e3
468.2	4.695e3
469.2	4.672e3
470.1	4.962e3
470.7	2.910e2
471.4	7.174e3
472.3	4.739e3
472.9	2.990e2
473.4	1.024e4
474.4	7.272e3
474.9	1.040e2
475.4	4.114e3
475.9	1.970e2
476.4	3.501e4
477.4	1.469e4
478.0	7.440e2
478.5	2.061e4
479.3	8.481e3
479.9	4.870e2
480.5	1.148e5
481.5	4.018e4
482.0	1.870e2
482.5	1.094e4
483.4	8.734e3
484.3	5.103e3
484.9	4.150e2
485.4	1.378e4
486.4	7.113e3
487.3	6.129e3
488.1	2.003e3
489.0	3.984e3
489.7	1.356e3
490.4	6.868e3
491.1	1.556e3
491.8	1.197e4
492.7	8.417e3
493.6	4.957e3
494.5	1.310e4
495.3	6.580e3
496.3	3.975e3
497.2	4.380e3
498.1	4.402e3
498.7	1.410e2
499.2	4.129e3
500.2	3.086e3
500.8	4.640e2
501.4	5.153e3
501.9	1.500e1
502.4	7.016e3
503.3	1.736e4
503.9	6.080e2
504.5	3.794e4
505.4	1.541e4
505.9	5.900e2
506.5	2.285e4
507.4	8.263e3
508.0	7.400e2
508.5	4.469e4
509.5	1.481e4
510.4	4.994e3
511.2	7.345e3
511.8	4.880e2
512.3	4.279e3
513.3	6.360e3
514.3	4.981e3
515.3	5.171e3
515.9	4.750e2
516.4	4.611e3
517.3	2.092e4
517.9	1.150e2
518.4	7.920e3
519.4	1.171e4
520.1	3.233e3
520.8	3.239e4
521.5	9.824e3
522.4	7.802e3
522.9	1.660e2
523.4	1.082e4
524.0	4.550e2
524.5	7.931e3
525.4	4.614e3
526.3	4.793e3
527.3	6.203e3
528.3	3.933e3
528.8	1.000e2
529.3	5.279e3
529.9	2.840e2
530.4	9.508e3
531.3	5.901e3
531.9	6.290e2
532.5	6.541e3
533.4	7.205e3
533.9	9.800e1
534.4	8.557e3
535.4	7.301e3
536.0	2.260e2
536.5	1.084e4
537.5	7.597e3
538.4	4.506e3
538.9	1.510e2
539.4	7.531e3
540.0	3.130e2
540.5	3.926e4
541.5	1.787e4
542.5	6.217e3
543.3	4.310e3
543.9	2.690e2
544.5	7.586e3
545.4	4.887e3
546.3	4.143e3
547.1	9.679e3
547.8	1.542e3
548.5	6.920e3
549.4	7.218e3
550.3	4.762e3
550.8	9.600e1
551.3	9.836e3
551.9	5.660e2
552.5	1.136e4
553.5	9.916e3
554.5	5.767e3
555.3	7.084e3
555.9	4.720e2
556.5	3.347e3
557.5	7.107e3
558.3	2.181e3
559.1	4.518e3
560.1	8.097e3
560.7	1.083e3
561.3	4.781e3
561.8	2.300e1
562.4	4.789e3
563.3	6.240e3
563.9	5.660e2
564.5	1.469e4
565.5	7.125e3
566.5	9.438e3
567.0	2.430e2
567.5	6.017e3
568.1	2.060e2
568.6	1.780e4
569.6	9.284e3
570.5	3.493e3
571.3	5.510e3
571.9	8.120e2
572.4	4.725e3
573.4	3.511e3
574.0	5.200e2
574.5	5.489e3
575.5	4.589e3
576.5	5.220e3
577.0	6.800e1
577.5	9.049e3
578.0	3.770e2
578.6	6.086e3
579.5	5.819e3
580.1	3.480e2
580.6	4.912e3
581.6	7.385e3
582.6	5.432e3
583.6	4.864e3
584.1	9.100e1
584.6	3.938e3
585.1	1.240e2
585.7	5.034e3
586.3	1.499e3
587.1	4.175e3
587.7	7.670e2
588.3	4.043e3
589.1	1.731e4
589.6	2.150e2
590.1	4.440e3
590.7	5.210e2
591.3	5.769e3
591.9	7.040e2
592.6	7.240e3
593.5	5.101e3
594.0	2.890e2
594.6	5.958e3
595.6	6.019e3
596.5	7.034e3
597.5	5.998e3
598.1	9.920e2
598.7	4.722e3
599.5	3.113e3
600.4	3.493e3
601.0	2.260e2
601.5	8.162e3
602.4	5.345e3
603.1	1.946e3
603.8	4.633e3
604.7	1.845e3
605.6	5.141e3
606.5	3.531e3
607.4	4.334e3
608.4	5.679e3
609.3	4.158e3
609.8	3.980e2
610.4	4.388e3
611.4	8.756e3
612.4	6.841e3
613.4	3.520e3
614.2	1.888e3
615.0	6.855e3
615.7	1.215e3
616.4	5.349e3
617.3	6.506e3
617.8	8.000e1
618.3	6.032e3
618.9	2.090e2
619.4	7.000e3
620.0	2.400e2
620.5	5.282e3
621.4	4.852e3
622.4	4.312e3
623.0	2.650e2
623.5	2.513e3
624.3	1.296e3
625.1	4.187e3
625.7	1.760e2
626.2	2.189e3
627.1	4.201e3
628.1	7.307e3
628.7	8.600e1
629.2	4.351e3
630.1	2.355e3
630.7	2.430e2
631.3	5.972e3
631.8	2.430e2
632.4	5.342e3
632.9	7.000e1
633.4	5.376e3
634.4	5.040e3
635.0	1.000e3
635.7	4.757e3
636.6	3.030e3
637.4	5.113e3
638.4	3.776e3
639.4	4.777e3
640.1	9.730e2
640.8	4.571e3
641.6	2.319e3
642.5	7.240e3
643.0	1.460e2
643.5	4.431e3
644.1	2.200e2
644.6	4.170e3
645.6	5.339e3
646.4	3.127e3
647.3	6.165e3
647.9	1.313e3
648.5	4.917e3
649.5	6.526e3
650.5	5.267e3
651.0	4.890e2
651.6	5.504e3
652.5	4.876e3
653.0	9.200e1
653.6	4.681e3
654.3	2.799e3
655.2	4.641e3
656.2	3.181e3
657.1	1.386e4
657.7	3.770e2
658.3	5.064e3
658.9	1.690e2
659.5	5.307e3
660.4	4.032e3
661.4	6.269e3
661.9	1.600e2
662.4	3.792e3
662.9	2.900e1
663.5	6.451e3
664.4	3.825e3
665.3	2.384e3
666.2	4.676e3
666.7	1.980e2
667.2	3.493e3
668.1	3.978e3
669.1	5.356e3
670.0	2.816e3
670.9	3.953e3
671.6	1.997e3
672.5	4.331e3
673.3	3.016e3
674.1	4.515e3
674.9	1.711e3
675.6	1.787e4
676.1	3.500e1
676.6	8.203e3
677.1	9.200e1
677.6	3.375e4
678.1	7.500e1
678.7	1.572e4
679.7	8.101e3
680.3	6.640e2
681.0	5.666e3
681.6	1.054e3
682.2	3.039e3
683.0	7.124e3
683.7	6.770e2
684.3	4.739e3
685.3	5.518e3
686.1	4.901e3
686.8	9.800e2
687.4	6.109e3
688.4	4.991e3
688.9	3.540e2
689.4	5.661e3
690.3	3.090e3
691.3	4.520e3
692.3	2.541e3
693.1	2.064e3
694.1	3.322e3
694.6	8.900e1
695.1	3.698e3
695.9	9.533e3
696.6	1.021e3
697.3	3.922e3
697.9	1.247e3
698.7	7.150e3
699.7	6.398e3
700.4	1.062e3
701.1	4.182e3
702.1	3.520e3
702.9	1.497e3
703.6	4.054e3
704.4	2.204e3
705.3	3.234e3
705.9	8.300e1
706.4	2.945e3
707.4	2.591e3
708.5	4.375e3
709.0	1.220e2
709.5	3.989e3
710.4	4.726e3
711.4	4.116e3
712.0	7.640e2
712.7	6.144e3
713.6	6.547e3
714.4	3.977e3
715.2	7.619e3
716.0	2.407e3
716.7	5.162e3
717.6	5.664e3
718.3	1.082e3
719.0	4.744e3
719.6	2.860e2
720.1	3.515e3
720.8	7.060e2
721.5	5.690e3
722.0	4.610e2
722.6	4.186e3
723.1	5.180e2
723.7	8.727e3
724.4	1.576e3
725.0	9.799e3
725.9	3.712e3
726.8	2.763e3
727.5	1.585e3
728.3	3.468e3
728.8	3.050e2
729.4	4.306e3
730.0	1.240e2
730.5	2.385e3
731.4	5.651e3
731.9	4.300e1
732.4	3.130e3
733.0	2.450e2
733.5	3.700e3
734.3	1.288e3
735.0	4.491e3
735.9	3.475e3
736.5	7.340e2
737.2	5.457e3
738.2	3.499e3
739.2	3.698e3
739.8	5.880e2
740.4	3.681e3
741.4	3.260e3
742.0	5.000e2
742.6	4.795e3
743.3	1.842e3
744.0	3.454e3
744.7	1.419e3
745.5	5.267e3
746.0	4.570e2
746.6	3.913e3
747.6	3.357e3
748.5	4.893e3
749.4	3.579e3
750.3	2.204e3
751.1	6.156e3
751.8	1.588e3
752.5	3.698e3
753.4	3.283e3
754.2	3.449e3
754.8	9.200e1
755.3	4.658e3
755.9	2.910e2
756.4	3.435e3
757.0	1.510e2
757.5	4.214e3
758.2	7.590e2
758.8	4.115e3
759.7	2.118e3
760.6	3.773e3
761.6	1.620e3
762.4	2.625e3
763.3	4.172e3
764.2	5.508e3
764.8	1.750e2
765.3	3.774e3
765.9	5.950e2
766.5	3.493e3
767.0	8.100e1
767.5	5.145e3
768.2	1.673e3
769.0	3.925e3
769.6	8.960e2
770.2	2.618e3
770.9	8.530e2
771.7	4.544e3
772.5	1.751e3
773.4	3.618e3
774.0	1.170e2
774.5	3.373e3
775.4	2.813e3
776.1	6.660e2
776.7	3.257e3
777.7	3.368e3
778.7	5.212e3
779.7	2.387e3
780.2	7.000e1
780.7	3.584e3
781.2	1.570e2
781.7	4.228e3
782.5	1.037e3
783.2	3.995e3
783.8	7.510e2
784.5	2.826e3
785.2	1.377e3
786.0	4.995e3
786.8	3.776e3
787.6	9.630e2
788.3	2.794e3
789.0	6.290e2
789.7	3.392e3
790.4	1.138e3
791.1	3.372e3
791.7	1.800e2
792.2	3.275e3
793.2	8.274e3
794.1	3.399e3
794.7	1.480e2
795.3	3.778e3
795.9	8.200e2
796.6	4.010e3
797.3	1.225e3
798.1	4.111e3
798.7	7.700e2
799.3	3.942e3
800.3	3.007e3
801.3	3.929e3
802.0	1.166e3
802.7	4.868e3
803.6	3.346e3
804.6	4.462e3
805.2	6.170e2
805.8	2.974e3
806.7	2.980e3
807.7	2.453e3
808.5	1.296e3
809.2	4.036e3
809.9	1.516e3
810.7	2.762e3
811.2	2.200e1
811.7	2.863e3
812.6	2.953e3
813.5	3.887e3
814.2	5.980e2
814.9	3.179e3
815.8	2.340e3
816.3	6.200e1
816.9	2.789e3
817.8	3.018e3
818.4	4.470e2
819.0	6.302e3
820.0	4.551e3
820.8	1.728e3
821.6	2.780e3
822.6	2.573e3
823.5	3.224e3
824.4	2.549e3
825.3	3.754e3
826.3	4.075e3
827.3	2.833e3
828.2	3.451e3
829.2	3.797e3
830.1	3.256e3
831.0	3.405e3
831.9	6.575e3
832.4	6.600e1
832.9	3.573e3
833.8	5.720e3
834.7	3.620e3
835.5	4.679e3
836.1	7.460e2
836.7	3.069e3
837.3	1.750e2
837.8	2.628e3
838.8	2.583e3
839.6	1.305e3
840.3	3.006e3
840.9	1.900e2
841.5	2.647e3
842.5	2.139e3
843.4	3.504e3
843.9	3.000e1
844.5	2.778e3
845.4	3.314e3
846.4	3.444e3
847.3	1.769e3
848.2	2.336e3
848.8	2.830e2
849.4	4.641e3
850.2	1.933e3
851.1	3.666e3
851.9	3.071e3
852.8	2.439e3
853.7	3.644e3
854.4	4.730e2
855.0	4.124e3
855.9	2.601e3
856.8	2.931e3
857.4	2.890e2
857.9	4.337e3
858.8	9.720e2
859.5	2.859e3
860.3	1.678e3
861.1	5.615e3
861.9	2.740e3
862.6	1.193e3
863.3	3.177e3
864.0	2.960e2
864.5	3.213e3
865.1	3.530e2
865.6	3.722e3
866.1	1.100e2
866.6	2.869e3
867.6	3.570e3
868.4	1.429e3
869.2	3.035e3
870.1	2.385e3
871.0	3.429e3
871.9	1.651e3
872.7	3.322e3
873.6	2.036e3
874.5	2.497e3
875.5	3.103e3
876.3	1.399e3
877.2	3.314e3
878.1	3.012e3
879.0	1.937e3
879.8	2.974e3
880.7	2.427e3
881.5	2.360e3
882.4	2.080e3
883.2	3.132e3
883.8	1.330e2
884.3	3.255e3
885.2	2.137e3
886.1	2.809e3
886.6	4.100e1
887.1	4.868e3
887.9	1.787e3
888.8	3.456e3
889.5	1.424e3
890.2	3.725e3
890.9	1.317e3
891.6	3.058e3
892.4	7.700e2
893.1	3.039e3
893.9	1.598e3
894.7	2.187e3
895.6	2.895e3
896.6	3.292e3
897.1	1.820e2
897.6	2.831e3
898.3	7.020e2
898.9	2.972e3
899.4	1.140e2
899.9	3.988e3
900.6	1.084e3
901.5	2.550e3
902.5	2.919e3
903.2	7.730e2
903.8	3.253e3
904.4	3.100e1
904.9	3.202e3
905.4	1.290e2
906.0	2.864e3
906.8	1.728e3
907.8	2.767e3
908.8	2.384e3
909.7	3.658e3
910.6	2.922e3
911.2	4.580e2
911.8	3.044e3
912.6	1.726e3
913.5	2.953e3
914.2	7.470e2
914.8	3.376e3
915.4	5.400e1
915.9	2.821e3
916.6	4.730e2
917.3	2.881e3
918.3	1.951e3
919.2	3.340e3
920.1	2.609e3
920.9	8.790e2
921.7	3.057e3
922.3	4.900e2
922.9	3.089e3
923.8	2.107e3
924.6	1.507e3
925.3	3.521e3
926.3	3.360e3
927.1	2.173e3
928.0	4.475e3
928.6	3.960e2
929.1	6.605e3
930.0	2.337e3
930.8	2.790e3
931.4	6.910e2
932.0	3.908e3
932.9	2.313e3
933.7	3.645e3
934.4	1.308e3
935.1	2.903e3
935.8	9.050e2
936.5	3.230e3
937.0	4.770e2
937.6	3.156e3
938.2	7.900e1
938.7	2.819e3
939.2	2.870e2
939.8	3.092e3
940.7	2.096e3
941.7	4.199e3
942.5	1.004e3
943.2	3.218e3
943.9	8.940e2
944.5	3.332e3
945.5	2.247e3
946.4	2.862e3
947.2	1.641e3
947.9	7.987e3
948.5	4.070e2
949.1	6.758e3
950.0	2.697e3
950.7	6.650e2
951.4	2.918e3
951.9	4.650e2
952.5	2.922e3
953.1	3.060e2
953.8	3.218e3
954.7	2.637e3
955.6	3.378e3
956.3	1.221e3
957.0	2.730e3
957.9	3.187e3
958.7	1.088e3
959.5	4.079e3
960.4	1.124e3
961.2	3.388e3
961.9	8.510e2
962.6	2.342e3
963.6	1.694e3
964.5	2.852e3
965.1	3.600e2
965.6	3.465e3
966.7	2.505e3
967.7	2.601e3
968.5	3.979e3
969.0	2.300e1
969.6	2.485e3
970.6	3.042e3
971.2	2.690e2
971.8	2.910e3
972.8	2.642e3
973.3	3.200e1
973.9	4.177e3
974.5	7.480e2
975.2	2.611e3
975.7	6.800e1
976.2	2.960e3
976.8	1.810e2
977.3	2.695e3
978.2	2.811e3
979.2	1.830e3
980.1	3.024e3
981.1	1.911e3
982.1	3.335e3
983.0	1.467e3
983.8	3.235e3
984.4	7.900e1
984.9	2.451e3
985.9	3.014e3
986.5	3.790e2
987.1	3.696e3
988.0	2.893e3
988.9	2.995e3
989.9	3.399e3
990.5	2.600e2
991.0	3.304e3
991.5	8.800e1
992.1	3.741e3
992.7	5.360e2
993.3	2.889e3
994.3	3.527e3
995.0	3.260e2
995.6	3.134e3
996.2	8.890e2
997.0	5.443e3
997.9	2.738e3
998.5	3.370e2
999.0	2.965e3
999.5	7.500e1
1000.1	4.104e3
1000.8	1.288e3
1001.6	2.886e3
1002.4	9.540e2
1003.2	4.099e3
1004.1	2.165e3
1004.6	1.900e2
1005.2	3.390e3
1005.9	1.118e3
1006.6	3.094e3
1007.1	1.600e2
1007.7	1.312e3
1008.5	3.213e3
1009.4	9.270e2
1010.2	2.494e3
1011.1	3.189e3
1011.7	2.410e2
1012.3	2.693e3
1013.0	1.383e3
1013.8	2.765e3
1014.8	2.705e3
1015.4	1.990e2
1016.0	4.301e3
1016.9	2.155e3
1017.8	2.117e3
1018.6	1.991e3
1019.6	3.629e3
1020.3	1.013e3
1020.9	3.490e3
1021.8	1.736e3
1022.8	3.621e3
1023.5	8.470e2
1024.1	3.614e3
1024.9	8.850e2
1025.6	2.687e3
1026.2	1.020e2
1026.7	2.178e3
1027.6	3.785e3
1028.5	8.300e2
1029.3	2.710e3
1029.9	7.870e2
1030.7	2.824e3
1031.3	5.190e2
1031.9	2.484e3
1032.7	8.910e2
1033.4	2.637e3
1033.9	4.400e1
1034.5	3.071e3
1035.2	7.130e2
1036.0	6.867e3
1036.6	4.090e2
1037.2	5.012e3
1038.1	3.160e3
1039.1	2.294e3
1040.0	3.097e3
1040.6	7.200e1
1041.1	3.669e3
1041.8	1.606e3
1042.7	2.440e3
1043.7	2.439e3
1044.7	2.498e3
1045.3	4.620e2
1046.0	3.394e3
1046.8	7.630e2
1047.7	3.389e3
1048.8	3.447e3
1049.8	2.476e3
1050.3	8.600e1
1050.8	2.672e3
1051.8	2.872e3
1052.5	7.630e2
1053.2	3.809e3
1053.9	1.018e3
1054.6	2.608e3
1055.2	6.940e2
1055.9	3.305e3
1056.5	3.600e1
1057.0	3.433e3
1057.9	2.265e3
1058.8	2.003e3
1059.3	9.300e1
1059.9	2.648e3
1060.8	2.652e3
1061.8	3.177e3
1062.7	1.864e3
1063.5	1.539e3
1064.4	3.060e3
1065.4	4.710e3
1066.1	1.028e3
1066.9	1.995e3
1067.5	5.460e2
1068.1	3.667e3
1068.7	2.310e2
1069.3	2.142e3
1070.1	1.101e3
1071.0	1.838e3
1071.9	3.326e3
1072.9	3.369e3
1073.8	3.470e3
1074.4	3.480e2
1075.0	2.748e3
1075.5	5.700e1
1076.0	2.231e3
1076.7	6.480e2
1077.4	1.728e3
1078.4	2.987e3
1079.0	4.290e2
1079.6	2.957e3
1080.2	8.070e2
1080.9	2.734e3
1081.8	1.381e3
1082.7	3.039e3
1083.3	1.580e2
1083.8	4.413e3
1084.4	6.310e2
1085.0	3.067e3
1085.6	3.920e2
1086.2	2.868e3
1087.0	1.070e3
1087.7	4.510e3
1088.6	2.768e3
1089.1	6.400e1
1089.6	3.398e3
1090.3	8.080e2
1090.9	2.968e3
1091.5	1.720e2
1092.1	3.710e3
1093.0	1.971e3
1093.9	2.672e3
1094.9	3.419e3
1095.8	2.177e3
1096.5	4.390e2
1097.2	2.933e3
1098.2	2.164e3
1098.9	8.240e2
1099.5	2.368e3
1100.2	6.040e2
1100.9	2.817e3
1101.9	3.284e3
1102.6	1.151e3
1103.3	2.189e3
1104.3	3.052e3
1104.8	3.040e2
1105.4	3.981e3
1106.1	1.147e3
1107.0	3.284e3
1107.5	2.310e2
1108.0	2.748e3
1108.7	8.810e2
1109.4	2.689e3
1110.1	1.240e2
1110.7	3.524e3
1111.3	3.850e2
1111.8	2.464e3
1112.9	3.277e3
1113.5	5.550e2
1114.1	2.935e3
1114.9	1.642e3
1115.7	2.758e3
1116.4	8.720e2
1117.0	3.748e3
1117.6	1.510e2
1118.1	2.131e3
1118.8	7.730e2
1119.5	2.590e3
1120.2	1.018e3
1120.9	2.606e3
1121.4	9.500e1
1122.0	2.274e3
1122.5	2.140e2
1123.1	2.919e3
1123.9	1.136e3
1124.8	2.498e3
1125.3	1.760e2
1125.9	2.794e3
1126.4	9.500e1
1126.9	3.164e3
1127.9	1.638e3
1128.5	8.070e2
1129.2	2.447e3
1129.9	7.520e2
1130.7	2.485e3
1131.6	2.392e3
1132.5	4.003e3
1133.3	1.931e3
1134.1	3.933e3
1134.9	1.339e3
1135.6	2.932e3
1136.5	2.985e3
1137.2	8.170e2
1137.9	2.408e3
1138.8	1.590e3
1139.5	3.509e3
1140.2	5.740e2
1140.8	3.008e3
1141.5	5.400e2
1142.1	2.068e3
1143.1	3.158e3
1143.9	2.096e3
1144.8	3.454e3
1145.8	2.287e3
1146.3	2.270e2
1146.9	2.389e3
1147.8	3.931e3
1148.7	2.288e3
1149.5	1.828e3
1150.4	3.222e3
1151.2	1.694e3
1151.9	3.616e3
1152.9	4.383e3
1153.9	2.597e3
1154.6	1.128e3
1155.4	3.383e3
1156.2	1.629e3
1157.0	2.752e3
1157.6	2.000e1
1158.1	3.232e3
1159.0	3.014e3
1159.6	7.400e1
1160.1	3.111e3
1161.0	2.379e3
1161.9	3.444e3
1162.9	2.489e3
1163.7	1.337e3
1164.5	4.116e3
1165.0	1.120e2
1165.5	3.189e3
1166.3	1.661e3
1167.2	3.104e3
1168.2	2.663e3
1168.8	3.710e2
1169.4	4.445e3
1170.5	3.417e3
1171.3	1.675e3
1172.0	3.749e3
1172.6	1.160e2
1173.1	3.973e3
1173.8	5.740e2
1174.4	2.648e3
1175.1	1.752e3
1176.0	3.940e3
1176.8	1.659e3
1177.6	1.998e3
1178.2	1.000e2
1178.8	2.868e3
1179.8	4.022e3
1180.5	1.215e3
1181.3	3.124e3
1181.8	2.400e1
1182.3	3.561e3
1183.0	1.002e3
1183.8	2.298e3
1184.4	5.090e2
1185.1	2.372e3
1186.0	2.073e3
1187.0	2.283e3
1187.8	3.952e3
1188.6	2.191e3
1189.4	2.521e3
1190.2	8.710e2
1190.9	1.918e3
1191.8	3.007e3
1192.6	8.170e2
1193.2	1.850e3
1194.1	3.519e3
1195.1	2.902e3
1196.1	2.244e3
1196.8	8.400e2
1197.5	2.325e3
1198.2	7.840e2
1198.8	2.629e3
1199.8	2.035e3
1200.8	3.364e3
1201.8	2.775e3
1202.6	1.473e3
1203.4	3.449e3
1204.2	1.527e3
1204.9	3.293e3
1205.9	2.007e3
1206.9	4.488e3
1207.7	1.120e3
1208.5	2.928e3
1209.3	1.303e3
1210.1	2.683e3
1210.6	5.700e1
1211.2	3.580e3
1212.2	1.929e3
1213.1	3.749e3
1213.6	2.730e2
1214.2	3.373e3
1215.0	1.307e3
1215.8	3.238e3
1216.3	2.210e2
1216.9	3.792e3
1217.8	2.448e3
1218.7	1.725e3
1219.5	3.259e3
1220.4	2.397e3
1221.2	3.092e3
1222.2	2.428e3
1223.2	2.759e3
1224.1	2.697e3
1225.1	2.594e3
1225.7	5.190e2
1226.4	3.515e3
1227.3	2.312e3
1228.2	2.479e3
1228.7	6.000e1
1229.2	3.931e3
1230.0	1.442e3
1230.8	3.384e3
1231.5	1.217e3
1232.1	2.867e3
1232.7	1.700e2
1233.3	2.904e3
1233.9	6.930e2
1234.6	2.776e3
1235.5	1.931e3
1236.3	2.232e3
1237.3	3.068e3
1238.0	1.103e3
1238.9	2.272e3
1239.5	3.930e2
1240.1	4.153e3
1241.0	2.746e3
1241.9	1.996e3
1242.9	3.084e3
1243.7	7.410e2
1244.4	3.246e3
1244.9	1.020e2
1245.5	2.881e3
1246.3	1.391e3
1247.1	4.168e3
1247.7	2.200e2
1248.3	2.173e3
1249.2	2.825e3
1249.9	4.340e2
1250.5	2.908e3
1251.4	3.114e3
1252.1	3.750e2
1252.8	1.964e3
1253.7	3.109e3
1254.5	1.369e3
1255.2	2.952e3
1256.0	1.806e3
1256.8	8.390e2
1257.6	2.232e3
1258.6	2.812e3
1259.5	2.894e3
1260.1	6.150e2
1260.8	3.033e3
1261.8	2.610e3
1262.7	2.094e3
1263.2	1.450e2
1263.8	2.421e3
1264.4	2.220e2
1265.0	1.912e3
1266.0	2.530e3
1266.5	1.800e1
1267.1	1.843e3
1267.6	7.400e1
1268.1	1.865e3
1269.1	5.005e3
1269.9	8.750e2
1270.5	2.439e3
1271.5	3.153e3
1272.0	2.130e2
1272.6	2.622e3
1273.4	1.552e3
1274.3	2.563e3
1275.3	3.547e3
1276.0	1.196e3
1276.7	3.083e3
1277.6	1.841e3
1278.1	1.570e2
1278.7	2.614e3
1279.3	2.730e2
1279.8	2.297e3
1280.4	8.300e1
1280.9	2.947e3
1281.4	5.200e1
1282.0	1.748e3
1282.8	2.249e3
1283.8	2.909e3
1284.5	3.550e2
1285.1	2.774e3
1286.1	2.761e3
1287.1	1.956e3
1288.0	2.676e3
1288.6	4.770e2
1289.2	2.987e3
1289.8	1.780e2
1290.4	3.699e3
1291.0	4.340e2
1291.6	1.993e3
1292.5	1.908e3
1293.3	2.608e3
1294.1	6.360e2
1294.8	2.854e3
1295.7	2.684e3
1296.2	1.000e2
1296.7	1.971e3
1297.6	4.004e3
1298.1	1.280e2
1298.6	2.521e3
1299.1	1.260e2
1299.7	2.358e3
1300.6	3.497e3
1301.4	1.526e3
1302.2	3.169e3
1302.8	2.700e2
1303.4	3.131e3
1304.3	2.325e3
1305.3	3.103e3
1306.0	9.500e2
1306.6	3.551e3
1307.6	2.315e3
1308.1	3.500e1
1308.6	2.622e3
1309.2	1.310e2
1309.7	3.766e3
1310.6	1.809e3
1311.4	3.589e3
1312.1	1.055e3
1312.9	2.081e3
1313.8	3.079e3
1314.8	2.847e3
1315.6	9.290e2
1316.4	3.037e3
1316.9	6.940e2
1317.6	2.644e3
1318.3	8.690e2
1319.0	2.884e3
1319.8	1.737e3
1320.7	2.198e3
1321.2	5.600e1
1321.8	1.937e3
1322.6	2.433e3
1323.3	3.240e2
1323.9	2.933e3
1324.9	3.008e3
1325.7	1.782e3
1326.5	2.557e3
1327.4	3.272e3
1328.3	3.134e3
1328.9	5.240e2
1329.5	2.908e3
1330.2	5.290e2
1330.8	3.811e3
1331.4	4.500e2
1332.0	3.172e3
1332.8	5.960e2
1333.4	3.024e3
1334.4	2.133e3
1335.3	2.959e3
1336.0	6.010e2
1336.6	2.135e3
1337.5	3.062e3
1338.5	1.545e3
1339.5	2.206e3
1340.4	9.480e2
1341.1	2.787e3
1341.8	1.168e3
1342.5	2.421e3
1343.1	6.500e2
1343.9	2.569e3
1344.7	1.360e3
1345.5	3.067e3
1346.3	1.410e3
1347.2	2.979e3
1347.9	3.380e2
1348.5	1.926e3
1349.5	2.884e3
1350.1	3.770e2
1350.6	2.459e3
1351.6	2.272e3
1352.2	9.300e1
1352.7	3.014e3
1353.5	1.043e3
1354.3	3.488e3
1354.9	6.900e1
1355.4	1.899e3
1356.2	2.916e3
1356.7	1.520e2
1357.3	3.450e3
1358.0	3.860e2
1358.6	3.159e3
1359.3	1.177e3
1360.2	3.006e3
1360.7	4.750e2
1361.4	3.325e3
1361.9	8.000e0
1362.4	3.066e3
1363.0	1.012e3
1363.7	1.952e3
1364.6	2.959e3
1365.2	7.000e1
1365.7	1.930e3
1366.6	2.508e3
1367.5	1.070e3
1368.3	3.091e3
1369.1	1.706e3
1370.1	1.929e3
1371.0	2.653e3
1371.9	2.334e3
1372.9	2.528e3
1373.6	1.264e3
1374.5	3.073e3
1375.1	7.010e2
1375.7	2.572e3
1376.6	3.209e3
1377.3	5.620e2
1378.0	3.333e3
1378.9	2.939e3
1379.9	1.978e3
1380.7	1.522e3
1381.6	3.632e3
1382.2	3.820e2
1382.9	2.138e3
1383.4	1.050e2
1383.9	2.166e3
1384.4	1.370e2
1385.0	3.329e3
1385.9	2.668e3
1386.7	9.580e2
1387.6	2.726e3
1388.1	6.200e1
1388.6	3.212e3
1389.6	1.728e3
1390.6	2.718e3
1391.4	1.412e3
1391.9	1.000e1
1392.5	2.747e3
1393.5	2.079e3
1394.1	1.410e2
1394.6	2.355e3
1395.2	2.700e2
1395.8	2.968e3
1396.7	2.024e3
1397.3	2.910e2
1397.8	2.954e3
1398.5	9.410e2
1399.2	3.314e3
1399.9	1.258e3
1400.7	3.382e3
1401.7	3.412e3
1402.7	2.830e3
1403.7	2.536e3
1404.2	2.720e2
1404.9	3.535e3
1405.5	1.560e2
1406.1	2.659e3
1407.1	2.592e3
1407.7	6.050e2
1408.4	2.191e3
1409.1	5.080e2
1409.8	2.789e3
1410.4	7.650e2
1411.1	3.236e3
1411.8	6.260e2
1412.5	1.570e3
1413.3	1.817e3
1413.8	1.100e2
1414.3	1.868e3
1415.3	2.119e3
1416.2	2.802e3
1416.9	4.700e2
1417.7	2.285e3
1418.2	2.760e2
1418.7	1.979e3
1419.3	2.040e2
1420.0	2.633e3
1420.7	6.950e2
1421.3	2.661e3
1422.2	2.700e3
1422.8	3.670e2
1423.4	1.766e3
1424.3	2.922e3
1425.4	2.685e3
1426.0	6.030e2
1426.7	2.845e3
1427.3	8.960e2
1428.0	3.375e3
1428.6	5.000e0
1429.2	2.649e3
1430.0	1.159e3
1430.8	2.668e3
1431.4	6.100e1
1431.9	2.209e3
1432.5	3.660e2
1433.0	3.176e3
1433.6	2.900e1
1434.1	2.395e3
1434.8	1.002e3
1435.5	2.831e3
1436.1	9.600e1
1436.7	2.257e3
1437.4	8.610e2
1438.3	2.303e3
1439.3	2.090e3
1440.0	5.110e2
1440.6	1.847e3
1441.6	3.115e3
1442.4	2.190e3
1443.4	1.853e3
1444.3	3.144e3
1445.1	7.720e2
1445.7	3.072e3
1446.4	6.330e2
1447.1	1.937e3
1448.0	1.028e3
1448.9	1.935e3
1449.8	2.415e3
1450.7	3.392e3
1451.3	9.300e1
1452.0	3.283e3
1453.0	3.264e3
1453.9	2.469e3
1454.6	1.036e3
1455.5	3.034e3
1456.4	1.987e3
1457.1	9.610e2
1458.0	2.958e3
1459.0	1.375e3
1459.5	1.370e2
1460.0	3.283e3
1461.0	2.709e3
1461.5	4.800e1
1462.0	2.260e3
1462.9	1.466e3
1463.9	2.484e3
1464.5	1.950e2
1465.0	3.204e3
1465.6	1.010e2
1466.1	2.928e3
1467.1	2.313e3
1468.2	1.805e3
1468.7	1.060e2
1469.2	2.084e3
1469.9	2.300e2
1470.5	3.173e3
1471.0	1.690e2
1471.5	1.760e3
1472.4	3.036e3
1473.0	7.480e2
1473.7	2.761e3
1474.2	3.600e1
1474.8	2.042e3
1475.3	2.740e2
1475.9	2.225e3
1476.5	3.290e2
1477.1	2.801e3
1478.1	2.248e3
1478.7	5.240e2
1479.4	2.172e3
1480.3	2.149e3
1480.8	6.500e1
1481.3	1.540e3
1482.1	2.117e3
1483.0	2.322e3
1483.9	1.906e3
1484.9	2.472e3
1485.6	1.419e3
1486.5	2.597e3
1487.4	1.852e3
1487.9	2.300e1
1488.4	2.519e3
1489.0	4.160e2
1489.6	1.994e3
1490.2	6.000e0
1490.7	1.996e3
1491.7	2.650e3
1492.3	2.540e2
1493.0	2.545e3
1493.8	1.761e3
1494.3	2.000e1
1494.8	1.785e3
1495.5	7.470e2
1496.3	2.039e3
1497.2	1.271e3
1498.2	3.639e3
1499.1	2.246e3
1499.9	9.150e2
1500.6	2.202e3
1501.6	2.707e3
1502.2	1.300e2
1502.7	2.635e3
1503.3	2.490e2
1503.9	1.873e3
1504.9	2.423e3
1505.8	2.240e3
1506.5	3.370e2
1507.1	2.092e3
1507.8	4.690e2
1508.5	3.102e3
1509.1	3.370e2
1509.8	2.825e3
1510.4	6.150e2
1511.0	2.176e3
1511.9	3.692e3
1512.5	2.110e2
1513.1	2.409e3
1513.7	2.100e2
1514.2	3.050e3
1515.0	1.336e3
1515.8	2.821e3
1516.6	4.270e2
1517.4	2.224e3
1518.4	2.560e3
1518.9	2.360e2
1519.5	2.917e3
1520.1	3.270e2
1520.7	2.326e3
1521.2	5.500e1
1521.8	2.925e3
1522.3	2.050e2
1522.9	2.267e3
1523.6	6.610e2
1524.2	1.549e3
1525.1	2.263e3
1526.1	3.153e3
1527.0	3.226e3
1527.8	1.208e3
1528.7	1.904e3
1529.2	2.800e1
1529.8	1.658e3
1530.7	1.754e3
1531.6	2.723e3
1532.5	2.218e3
1533.4	2.331e3
1534.0	2.810e2
1534.6	3.502e3
1535.6	2.105e3
1536.5	2.292e3
1537.5	1.974e3
1538.3	1.029e3
1539.1	2.703e3
1540.0	1.772e3
1540.9	1.882e3
1541.4	8.100e1
1542.0	2.919e3
1542.5	4.600e1
1543.1	2.414e3
1543.7	8.930e2
1544.3	1.980e3
1544.9	1.940e2
1545.5	2.610e3
1546.4	1.537e3
1547.4	1.282e3
1548.2	2.537e3
1548.9	4.460e2
1549.6	1.285e3
1550.3	1.783e3
1551.3	2.384e3
1552.2	1.779e3
1553.2	2.738e3
1554.1	1.760e3
1555.2	1.685e3
1556.2	2.594e3
1557.1	1.200e3
1558.0	2.422e3
1558.6	5.720e2
1559.2	1.740e3
1560.1	2.304e3
1560.8	6.820e2
1561.5	2.199e3
1562.6	2.000e3
1563.4	6.760e2
1564.2	2.481e3
1565.1	2.166e3
1566.1	2.663e3
1566.6	6.000e1
1567.1	1.932e3
1568.1	1.979e3
1568.6	3.200e1
1569.1	2.501e3
1569.9	9.870e2
1570.7	2.492e3
1571.2	3.080e2
1571.8	2.085e3
1572.6	8.700e2
1573.5	3.450e3
1574.5	2.787e3
1575.1	2.890e2
1575.6	2.086e3
1576.6	2.259e3
1577.2	1.240e2
1577.7	3.373e3
1578.3	3.850e2
1578.9	2.610e3
1579.5	1.850e2
1580.1	2.298e3
1580.7	2.390e2
1581.3	2.354e3
1581.9	5.100e2
1582.6	2.269e3
1583.6	9.200e2
1584.4	2.258e3
1585.1	6.220e2
1585.7	2.855e3
1586.2	2.400e1
1586.8	2.781e3
1587.4	1.250e2
1588.0	1.459e3
1588.9	1.745e3
1589.5	4.680e2
1590.1	1.999e3
1590.8	2.230e2
1591.5	2.110e3
1592.2	8.200e2
1593.0	1.960e3
1593.5	1.100e1
1594.1	1.904e3
1594.8	4.060e2
1595.5	3.193e3
1596.2	6.450e2
1596.8	1.352e3
1597.6	1.934e3
1598.6	1.677e3
1599.5	3.438e3
1600.5	2.572e3
1601.5	1.384e3
1602.4	3.158e3
1603.0	1.500e2
1603.5	2.328e3
1604.5	2.543e3
1605.3	2.475e3
1606.3	2.907e3
1607.1	9.820e2
1607.9	2.533e3
1608.8	2.926e3
1609.4	1.500e2
1609.9	2.402e3
1610.5	1.790e2
1611.1	3.084e3
1611.7	3.510e2
1612.4	2.320e3
1613.0	2.070e2
1613.6	2.266e3
1614.3	4.690e2
1614.9	1.288e3
1616.0	2.441e3
1616.7	7.640e2
1617.6	1.439e3
1618.4	1.554e3
1619.0	1.840e2
1619.5	2.104e3
1620.4	1.356e3
1621.3	1.831e3
1622.2	1.051e3
1623.1	1.970e3
1623.8	7.400e2
1624.5	2.280e3
1625.6	2.310e3
1626.3	4.490e2
1627.0	2.178e3
1628.0	2.362e3
1628.7	2.820e2
1629.3	1.887e3
1630.0	4.580e2
1630.7	1.817e3
1631.5	6.710e2
1632.1	1.377e3
1633.1	2.340e3
1634.0	2.897e3
1634.6	2.200e2
1635.1	1.685e3
1636.1	2.417e3
1637.0	2.228e3
1637.9	1.963e3
1638.6	7.020e2
1639.4	2.147e3
1639.9	1.300e1
1640.4	1.711e3
1641.3	1.884e3
1642.3	2.367e3
1643.1	9.040e2
1644.0	2.187e3
1644.8	9.110e2
1645.7	2.067e3
1646.5	1.804e3
1647.4	1.171e3
1648.1	2.792e3
1648.7	1.200e1
1649.3	1.498e3
1650.2	1.627e3
1651.2	1.259e3
1652.1	2.518e3
1652.7	1.700e2
1653.2	2.012e3
1653.7	1.600e1
1654.3	2.146e3
1655.2	2.064e3
1656.1	1.552e3
1656.7	1.710e2
1657.3	2.507e3
1658.0	2.560e2
1658.6	2.857e3
1659.4	1.304e3
1660.3	1.997e3
1661.2	1.271e3
1662.0	2.741e3
1662.9	5.360e2
1663.6	2.290e3
1664.1	5.500e1
1664.6	1.710e3
1665.2	1.980e2
1665.7	1.526e3
1666.6	5.950e2
1667.4	1.704e3
1668.1	8.320e2
1668.9	2.251e3
1669.9	2.432e3
1670.6	4.050e2
1671.3	1.460e3
1672.2	2.474e3
1672.9	7.590e2
1673.6	3.099e3
1674.2	7.160e2
1674.9	2.145e3
1675.9	2.163e3
1676.6	6.220e2
1677.4	2.482e3
1678.1	4.450e2
1678.9	2.947e3
1679.7	1.337e3
1680.6	2.573e3
1681.4	1.934e3
1682.2	2.926e3
1682.7	2.730e2
1683.3	1.687e3
1684.0	5.710e2
1684.7	1.696e3
1685.8	2.621e3
1686.7	1.568e3
1687.6	1.773e3
1688.3	3.380e2
1688.9	2.089e3
1689.8	5.050e2
1690.6	1.879e3
1691.6	1.952e3
1692.4	1.235e3
1693.3	2.460e3
1693.9	3.240e2
1694.5	2.624e3
1695.4	9.330e2
1696.1	2.721e3
1696.6	1.000e1
1697.1	1.994e3
1697.9	9.750e2
1698.8	2.008e3
1699.7	2.934e3
1700.3	9.800e1
1700.8	2.381e3
1701.4	1.800e1
1701.9	1.363e3
1702.9	1.666e3
1703.9	1.976e3
1704.8	1.966e3
1705.3	1.500e1
1705.9	3.153e3
1706.8	1.675e3
1707.9	2.309e3
1708.5	1.700e1
1709.0	1.544e3
1710.0	1.393e3
1711.0	1.466e3
1711.6	2.630e2
1712.2	2.203e3
1712.7	7.800e1
1713.2	2.235e3
1714.3	2.222e3
1715.2	7.760e2
1715.9	2.172e3
1717.0	2.504e3
1717.5	1.400e1
1718.1	1.874e3
1719.0	2.342e3
1719.6	2.780e2
1720.4	1.890e3
1720.9	2.510e2
1721.4	1.865e3
1722.5	1.976e3
1723.3	1.141e3
1724.0	2.065e3
1724.7	5.060e2
1725.3	2.288e3
1726.2	1.281e3
1727.1	1.221e3
1727.9	1.027e3
1728.7	2.055e3
1729.6	1.621e3
1730.1	4.000e0
1730.7	2.617e3
1731.2	4.000e0
1731.7	2.229e3
1732.3	6.050e2
1732.9	2.398e3
1733.4	2.280e2
1734.0	2.206e3
1734.6	4.080e2
1735.3	2.463e3
1735.8	1.570e2
1736.4	1.772e3
1737.0	5.820e2
1737.7	1.980e3
1738.5	8.750e2
1739.3	1.574e3
1740.1	2.271e3
1741.0	8.660e2
1741.9	2.239e3
1742.9	1.948e3
1743.5	7.400e1
1744.0	2.213e3
1744.6	2.480e2
1745.1	1.214e3
1745.9	1.917e3
1746.7	2.618e3
1747.7	1.879e3
1748.6	2.074e3
1749.5	1.942e3
1750.3	3.820e2
1751.0	2.363e3
1751.9	1.194e3
1752.9	6.560e2
1753.8	2.130e3
1754.5	2.830e2
1755.3	2.389e3
1756.2	9.030e2
1756.9	3.940e2
1757.7	2.622e3
1758.2	5.200e1
1758.8	1.468e3
1759.6	1.100e3
1760.4	1.914e3
1761.4	2.086e3
1762.0	4.490e2
1762.6	1.994e3
1763.6	1.995e3
1764.5	3.820e2
1765.1	1.645e3
1766.1	1.551e3
1766.9	4.870e2
1767.7	2.036e3
1768.5	1.109e3
1769.3	1.733e3
1770.3	2.568e3
1770.9	8.430e2
1771.6	2.238e3
1772.6	3.069e3
1773.5	5.760e2
1774.2	2.277e3
1775.0	7.140e2
1775.7	1.703e3
1776.4	5.190e2
1777.0	2.470e3
1777.5	4.200e1
1778.1	1.088e3
1779.0	2.067e3
1779.7	3.760e2
1780.4	2.145e3
1781.3	1.307e3
1782.0	2.190e3
1782.9	9.250e2
1783.7	1.757e3
1784.4	8.120e2
1785.2	1.683e3
1785.9	6.330e2
1786.7	2.100e3
1787.3	1.290e2
1788.0	1.895e3
1789.0	1.652e3
1789.8	1.028e3
1790.8	1.467e3
1791.8	1.560e3
1792.8	9.180e2
1793.5	2.720e2
1794.1	1.867e3
1794.7	2.570e2
1795.3	1.721e3
1796.2	1.401e3
1797.1	2.048e3
1797.8	7.410e2
1798.5	1.969e3
1799.1	4.330e2
1799.7	2.123e3
1800.2	3.400e1
1800.7	1.346e3
1801.6	2.092e3
1802.5	1.287e3
1803.5	1.615e3
1804.3	1.288e3
1805.2	2.110e3
1805.8	3.490e2
1806.5	1.922e3
1807.5	1.859e3
1808.1	8.500e1
1808.6	1.809e3
1809.2	3.230e2
1809.8	2.347e3
1810.8	1.082e3
1811.5	2.458e3
1812.3	1.121e3
1813.1	2.219e3
1813.6	1.600e1
1814.1	1.315e3
1814.7	3.020e2
1815.4	1.550e3
1816.3	1.998e3
1817.2	2.699e3
1817.8	7.660e2
1818.6	1.510e3
1819.5	3.054e3
1820.5	1.492e3
1821.1	7.300e1
1821.6	1.729e3
1822.2	9.400e1
1822.7	1.579e3
1823.2	6.000e0
1823.8	2.405e3
1824.7	2.242e3
1825.5	7.760e2
1826.3	1.963e3
1826.8	3.100e1
1827.4	1.262e3
1828.3	1.461e3
1829.4	1.941e3
1829.9	7.100e1
1830.4	1.760e3
1831.3	1.431e3
1831.8	3.000e0
1832.3	2.176e3
1833.1	1.035e3
1833.8	7.400e2
1834.6	2.335e3
1835.4	1.044e3
1836.5	2.396e3
1837.1	2.280e2
1837.8	1.416e3
1838.7	1.330e3
1839.6	1.624e3
1840.2	9.200e1
1840.8	2.735e3
1841.3	5.100e1
1841.8	1.400e3
1842.4	8.200e1
1842.9	2.410e3
1843.8	1.482e3
1844.6	9.860e2
1845.5	2.532e3
1846.3	1.238e3
1847.2	3.377e3
1848.1	1.508e3
1848.7	6.060e2
1849.4	1.183e3
1850.3	2.295e3
1850.9	1.700e2
1851.5	2.121e3
1852.5	1.931e3
1853.2	6.220e2
1853.9	1.696e3
1854.8	1.148e3
1855.7	9.430e2
1856.6	1.977e3
1857.3	2.830e2
1858.0	1.325e3
1859.0	2.587e3
1859.6	5.100e1
1860.1	1.421e3
1860.9	1.177e3
1861.6	2.004e3
1862.5	1.285e3
1863.4	2.443e3
1864.3	1.116e3
1864.8	1.570e2
1865.7	6.720e2
1866.3	4.180e2
1867.0	1.917e3
1868.1	1.654e3
1868.6	6.900e1
1869.2	1.714e3
1869.8	2.380e2
1870.4	1.232e3
1871.2	2.250e3
1872.0	7.520e2
1872.8	1.781e3
1873.6	6.950e2
1874.3	2.159e3
1874.9	1.650e2
1875.5	1.371e3
1876.3	8.090e2
1877.0	1.806e3
1877.6	1.670e2
1878.3	1.339e3
1879.4	1.298e3
1880.1	6.380e2
1880.9	1.317e3
1881.7	5.450e2
1882.6	1.759e3
1883.4	5.620e2
1884.3	1.470e3
1884.8	5.100e1
1885.3	2.178e3
1886.3	2.315e3
1887.0	6.440e2
1887.8	1.809e3
1888.4	4.600e2
1889.0	2.072e3
1889.7	4.850e2
1890.4	2.270e3
1891.0	4.760e2
1891.7	1.293e3
1892.6	1.133e3
1893.4	1.916e3
1894.3	1.045e3
1895.2	1.828e3
1896.0	3.970e2
1896.7	1.809e3
1897.7	1.497e3
1898.3	2.230e2
1899.0	1.375e3
1899.9	1.957e3
1900.7	4.890e2
1901.5	1.841e3
1902.4	8.750e2
1903.4	1.408e3
1904.2	6.710e2
1905.0	1.496e3
1905.9	1.199e3
1906.8	2.681e3
1907.4	3.340e2
1908.0	1.210e3
1908.9	1.362e3
1909.9	1.692e3
1910.9	1.574e3
1911.9	1.988e3
1913.0	1.976e3
1913.8	1.622e3
1914.8	1.349e3
1915.4	1.700e1
1916.0	2.429e3
1916.6	5.700e1
1917.1	1.814e3
1917.9	6.740e2
1918.8	1.851e3
1919.5	2.270e2
1920.1	1.589e3
1920.7	3.910e2
1921.3	8.840e2
1922.2	1.741e3
1922.8	5.880e2
1923.5	8.290e2
1924.3	1.805e3
1925.0	1.260e2
1925.7	2.399e3
1926.4	6.430e2
1927.0	9.500e1
1927.6	1.970e3
1928.5	1.137e3
1929.1	1.620e2
1929.8	9.300e2
1930.5	1.000e2
1931.1	1.571e3
1931.6	1.490e2
1932.3	1.825e3
1932.9	3.900e1
1933.5	1.304e3
1934.3	4.430e2
1935.0	1.045e3
1936.0	1.586e3
1937.0	2.438e3
1937.6	1.230e2
1938.2	1.345e3
1939.0	1.433e3
1939.6	6.380e2
1940.4	1.446e3
1941.0	2.080e2
1941.6	1.639e3
1942.5	1.438e3
1943.2	6.720e2
1944.0	2.145e3
1944.9	1.208e3
1945.5	2.590e2
1946.2	1.942e3
1947.2	1.231e3
1947.8	1.190e2
1948.3	1.543e3
1948.9	1.210e2
1949.6	9.610e2
1950.2	8.100e1
1950.8	1.059e3
1951.7	1.938e3
1952.6	1.105e3
1953.6	1.017e3
1954.3	1.690e2
1954.9	8.870e2
1956.0	1.001e3
1956.8	1.478e3
1957.4	7.000e1
1958.0	1.029e3
1958.9	1.140e3
1959.8	7.110e2
1960.6	7.060e2
1961.4	1.263e3
1962.3	7.700e2
1963.3	1.798e3
1964.3	1.655e3
1964.8	4.500e1
1965.3	1.509e3
1966.0	1.780e2
1966.6	1.651e3
1967.2	1.680e2
1967.8	1.628e3
1968.7	1.837e3
1969.7	1.624e3
1970.4	6.580e2
1971.2	1.544e3
1971.8	2.330e2
1972.4	1.775e3
1973.0	3.060e2
1973.7	1.986e3
1974.7	2.124e3
1975.2	1.540e2
1975.8	1.343e3
1976.4	3.760e2
1977.1	1.134e3
1977.9	1.012e3
1978.6	6.060e2
1979.4	1.688e3
1980.3	1.051e3
1980.9	5.300e1
1981.4	1.491e3
1981.9	6.600e1
1982.5	1.436e3
1983.1	5.140e2
1983.9	1.973e3
1984.9	1.174e3
1985.7	1.280e3
1986.3	4.800e1
1986.9	1.457e3
1988.0	1.334e3
1988.9	1.724e3
1989.6	7.590e2
1990.4	1.935e3
1990.9	9.900e1
1991.4	2.108e3
1992.4	1.132e3
1993.3	1.196e3
1994.1	6.720e2
1994.9	2.105e3
1995.5	4.600e2
1996.2	1.554e3
1996.9	1.280e2
1997.6	1.543e3
1998.1	4.800e1
1998.7	1.675e3
1999.6	1.310e3
