100.2	5.365e3
101.0	1.051e5
102.0	2.282e4
102.9	2.225e4
103.9	1.852e3
104.4	3.300e1
105.0	3.882e3
105.9	4.450e2
106.9	1.051e3
107.4	1.700e1
108.0	1.619e4
109.0	1.675e3
109.8	6.950e2
110.3	2.500e1
111.0	2.134e3
111.7	9.200e1
112.4	8.980e2
113.0	1.158e5
114.0	3.634e3
115.0	8.218e3
115.5	2.700e1
116.1	4.536e3
116.9	1.594e5
118.0	1.982e4
119.0	1.228e4
119.9	1.558e3
121.0	2.089e3
122.0	4.080e2
123.1	9.540e2
124.0	2.452e3
125.0	2.325e3
125.9	2.896e3
127.0	1.219e3
127.9	2.283e3
128.5	2.600e1
129.0	1.548e3
130.0	1.018e4
131.0	2.324e3
132.0	8.650e2
132.5	1.500e1
133.0	3.451e3
134.0	1.006e3
135.0	7.373e3
136.0	2.386e3
137.0	4.901e3
138.0	1.136e3
139.0	3.394e3
140.0	1.763e3
141.0	3.985e3
142.0	1.278e3
143.0	2.619e3
144.0	1.402e3
145.0	1.557e4
145.5	6.000e0
146.0	6.865e3
147.0	2.566e4
148.1	3.704e3
149.0	4.031e3
150.0	3.620e3
151.0	2.921e3
152.0	1.372e4
153.0	4.875e3
154.0	1.194e3
155.0	2.362e3
156.0	3.792e3
157.0	3.235e3
157.5	4.300e1
158.0	2.232e3
159.0	2.866e3
160.0	2.166e3
160.9	1.023e4
162.0	2.237e3
162.9	1.149e4
163.5	4.800e1
164.0	1.471e3
165.0	5.390e3
165.6	5.400e1
166.1	1.336e3
167.0	3.187e3
168.0	2.657e3
169.0	5.709e3
170.0	1.506e3
170.9	2.287e3
171.9	2.102e3
173.0	4.482e3
174.0	7.999e3
175.0	2.311e4
175.5	1.230e2
176.0	5.931e3
177.0	3.658e3
178.0	2.475e3
178.9	4.773e3
179.5	2.300e1
180.0	2.723e3
180.5	4.700e1
181.0	4.128e4
182.0	2.632e3
183.1	2.433e3
184.0	2.504e3
185.1	2.804e3
186.1	2.834e3
187.0	3.272e3
188.0	2.528e3
188.9	3.255e3
189.9	3.502e3
190.5	9.600e1
191.0	1.383e4
192.0	2.709e3
193.0	8.385e3
194.0	2.374e3
194.5	1.790e2
195.0	6.557e3
195.9	9.185e3
197.0	4.535e3
197.9	1.192e4
199.0	2.657e3
199.9	7.575e3
201.0	5.863e3
202.0	4.118e3
203.0	2.024e3
204.0	2.682e3
205.0	2.831e3
205.9	1.036e3
206.5	1.600e1
207.0	1.533e4
208.0	2.695e3
209.0	2.907e3
210.1	2.223e3
210.6	3.300e1
211.1	3.090e3
212.1	2.258e4
213.1	6.429e3
213.6	4.100e1
214.1	3.491e3
215.1	2.357e3
215.9	2.628e3
217.0	3.692e3
217.9	5.172e3
219.0	6.334e3
219.5	3.670e2
220.1	8.735e3
221.1	6.587e3
221.9	4.426e3
222.5	3.700e1
223.1	4.511e3
223.9	2.385e3
225.0	3.910e3
226.0	2.746e3
227.0	2.841e3
227.5	7.200e1
228.0	2.841e3
229.0	2.046e3
229.5	1.700e1
230.0	3.542e3
231.0	2.444e3
232.0	1.586e3
232.5	7.500e1
233.1	3.111e3
234.0	2.351e3
235.0	1.766e3
236.0	1.171e4
237.0	2.711e3
238.0	1.767e3
239.0	5.992e3
239.5	4.000e1
240.0	4.488e3
241.0	3.517e3
241.6	3.200e1
242.1	3.666e3
243.0	7.901e3
244.0	8.337e3
245.0	2.748e3
246.0	4.850e3
247.1	3.517e3
248.0	4.595e3
248.5	2.220e2
249.1	8.338e4
250.1	6.857e3
251.0	4.114e3
252.0	3.036e3
252.9	2.116e3
253.5	2.400e1
254.0	1.355e3
254.6	4.300e1
255.1	3.280e3
256.1	1.517e3
257.1	2.347e3
258.0	2.559e3
259.0	3.501e3
260.0	2.290e3
261.0	5.043e3
262.0	4.044e3
263.0	6.813e3
264.0	4.249e3
264.5	6.500e1
265.0	3.894e3
266.0	7.812e3
267.0	2.985e3
267.9	3.193e3
268.4	2.300e1
268.9	6.820e3
269.9	2.047e3
270.4	4.800e1
271.0	2.821e3
271.5	3.300e1
272.0	2.286e3
273.0	3.005e3
274.0	1.685e3
274.5	2.300e1
275.0	1.803e4
276.0	3.522e3
277.0	2.711e3
277.5	7.700e1
278.1	2.492e3
279.0	4.995e3
279.6	4.000e1
280.1	1.902e3
281.1	4.492e3
282.0	2.977e3
283.0	2.399e3
283.9	3.799e3
284.5	1.310e2
285.1	2.484e3
286.0	2.385e3
287.0	3.425e3
288.1	1.499e4
289.0	6.450e3
289.9	3.141e3
291.0	7.015e3
292.0	3.979e3
292.6	8.300e1
293.2	4.119e3
294.1	1.746e3
295.1	3.729e3
296.0	2.330e3
297.1	3.432e3
298.1	3.070e3
299.0	1.782e3
299.8	3.548e3
300.4	4.100e1
301.0	5.017e3
302.0	2.272e3
303.0	3.127e3
303.9	2.196e3
304.5	7.700e1
305.1	5.024e3
306.0	2.063e3
307.0	8.806e3
308.0	5.341e3
308.5	1.500e2
309.0	5.399e3
309.9	5.377e3
310.5	7.600e1
311.0	8.398e3
312.0	6.961e3
312.9	8.023e3
313.5	2.220e2
314.0	3.554e3
315.0	3.457e3
316.0	2.321e3
316.5	2.800e1
317.0	9.638e4
318.0	7.725e3
318.6	4.010e2
319.1	6.181e3
320.0	3.541e3
321.1	5.456e3
322.0	2.406e3
322.5	6.600e1
323.1	5.384e3
323.9	4.199e3
324.6	2.190e2
325.1	5.541e3
326.0	2.711e3
327.0	7.905e3
328.0	5.530e3
329.0	1.052e4
330.0	6.385e3
330.9	6.751e3
331.9	2.513e3
332.7	5.160e2
333.3	6.488e3
334.1	5.667e3
335.0	4.270e3
336.0	3.193e3
336.5	6.300e1
337.0	4.947e3
338.0	2.694e3
338.6	7.600e1
339.1	7.202e3
340.1	4.422e3
341.0	3.994e3
342.0	2.827e3
343.0	1.510e4
343.5	3.700e1
344.0	4.345e3
344.9	3.347e3
345.8	5.012e3
346.4	4.330e2
347.0	5.552e3
348.0	3.430e3
348.9	4.823e3
349.5	2.300e1
350.0	3.829e3
350.5	1.600e1
351.0	5.256e3
352.0	2.894e3
352.5	6.800e1
353.0	1.199e4
353.5	1.810e2
354.1	2.506e3
355.0	7.073e3
355.6	9.000e0
356.1	1.754e4
357.0	8.828e3
358.0	3.237e3
359.0	4.721e3
360.0	2.485e3
360.5	1.700e1
361.1	4.220e3
362.0	2.735e3
363.0	2.802e3
363.9	1.470e3
364.4	5.500e1
365.0	2.781e3
365.9	5.448e3
366.5	2.500e1
367.0	3.182e3
368.0	3.238e3
368.5	1.800e1
369.0	8.125e3
369.5	2.500e1
370.1	3.805e3
371.0	3.292e3
372.0	3.129e3
372.5	3.100e1
373.0	2.901e3
373.5	2.000e1
374.0	2.041e3
375.0	6.099e3
375.9	2.242e3
376.5	1.800e1
377.0	4.795e3
377.5	8.700e1
378.1	3.124e3
379.0	1.069e4
380.0	4.951e3
380.5	5.700e1
381.1	3.302e3
382.0	2.743e3
382.8	1.253e3
383.4	4.095e3
384.2	1.232e3
385.1	5.456e4
386.0	5.585e3
386.6	1.280e2
387.2	4.949e3
388.1	2.712e3
389.0	3.519e3
389.9	2.944e3
391.0	3.119e3
392.0	3.300e3
392.5	1.190e2
393.0	2.681e3
394.0	2.847e3
394.5	3.700e1
395.1	5.625e3
396.0	2.994e3
396.5	1.600e1
397.0	1.032e4
397.5	5.800e1
398.0	4.600e3
399.0	6.108e3
400.0	2.288e3
400.5	8.600e1
401.1	5.275e3
402.0	4.927e3
403.0	2.893e3
403.6	2.240e2
404.2	2.236e3
405.1	2.691e3
406.0	3.370e3
407.0	2.562e3
408.0	4.367e3
409.1	3.723e3
410.0	2.926e3
410.5	1.230e2
411.0	1.103e4
411.5	1.720e2
412.1	3.915e3
413.1	3.197e3
413.9	1.808e3
414.8	2.388e3
415.8	1.627e3
416.4	3.780e2
417.1	4.319e3
418.0	2.907e3
418.6	8.700e1
419.1	4.371e3
420.0	2.021e3
421.0	6.314e3
422.0	3.495e3
423.1	4.208e3
424.1	1.292e4
425.0	5.816e3
426.0	2.996e3
426.5	1.640e2
427.1	6.641e3
428.0	2.841e3
429.0	3.385e3
429.8	3.933e3
430.4	4.750e2
431.2	3.304e3
432.1	1.911e3
432.8	6.260e2
433.4	9.263e3
434.4	4.225e3
435.3	4.231e3
436.2	2.678e3
437.1	5.070e3
438.1	3.074e3
439.0	2.889e3
440.0	2.518e3
440.5	4.200e1
441.0	3.501e3
442.0	2.626e3
443.1	6.002e3
444.0	2.794e3
445.0	3.501e3
445.9	2.416e3
446.4	1.890e2
447.0	5.804e3
447.8	2.254e3
448.6	4.179e3
449.3	7.800e2
450.0	3.625e3
451.0	4.115e3
451.9	2.458e3
452.5	4.650e2
453.0	4.157e4
454.0	5.085e3
455.0	4.547e3
455.5	2.900e1
456.0	3.215e3
456.7	1.071e3
457.3	3.851e3
458.1	1.423e3
458.7	2.500e3
459.5	5.287e3
460.2	1.375e3
461.0	3.181e3
461.5	1.500e1
462.0	2.999e3
463.0	4.343e3
464.0	3.827e3
465.0	6.178e3
466.0	5.216e3
466.8	2.111e3
467.6	4.409e3
468.3	1.069e3
469.1	5.369e3
470.0	4.822e3
471.0	3.134e3
471.8	1.482e3
472.7	1.922e3
473.4	6.847e3
474.3	4.096e3
475.1	1.248e3
475.9	3.271e3
476.4	3.400e1
476.9	3.909e3
477.9	3.277e3
478.5	1.290e2
479.0	1.276e4
479.9	3.858e3
480.4	1.320e2
480.9	4.173e3
481.5	5.200e1
482.0	2.911e3
482.7	1.805e3
483.4	1.994e4
484.1	2.538e3
484.8	7.906e3
485.7	3.704e3
486.4	9.040e2
487.1	2.489e3
487.9	3.035e3
488.4	5.000e0
488.9	4.459e3
489.5	1.270e2
490.0	2.504e3
490.6	5.300e1
491.1	5.765e3
492.0	1.269e4
493.0	7.409e3
493.8	2.782e3
494.4	2.980e2
495.0	5.858e3
495.9	4.489e3
496.5	6.200e1
497.0	4.617e3
497.9	2.727e3
498.5	5.540e2
499.1	3.362e3
500.0	2.117e3
501.0	4.619e3
501.9	2.940e3
502.4	5.000e1
503.0	2.899e3
503.9	2.330e3
504.7	4.456e3
505.2	1.090e2
505.7	3.318e3
506.7	4.530e3
507.3	4.380e2
508.0	3.036e3
508.5	2.680e2
509.1	5.695e3
510.0	2.276e3
510.9	6.625e3
511.9	2.853e3
512.5	3.710e2
513.1	3.716e3
514.0	2.325e3
515.0	4.641e3
515.8	2.729e3
516.5	7.870e2
517.1	3.158e3
518.0	3.116e3
518.6	9.300e1
519.1	4.574e3
520.0	1.958e3
520.5	6.100e1
521.1	3.695e4
522.0	5.610e3
522.5	8.000e1
523.0	4.509e3
523.8	1.673e3
524.5	3.637e3
525.4	3.459e3
526.2	9.290e2
527.0	2.690e3
527.8	3.626e3
528.9	2.432e3
529.4	2.750e2
530.0	2.495e3
530.5	1.400e1
531.0	5.649e3
532.0	2.951e3
533.0	3.815e3
533.8	3.792e3
534.4	2.350e2
535.0	4.806e3
535.9	2.404e3
536.5	1.320e2
537.0	4.109e3
537.9	4.368e3
538.5	2.530e2
539.1	2.546e3
540.0	2.727e3
540.9	4.002e3
541.8	2.581e3
542.8	1.970e3
543.7	3.328e3
544.3	9.360e2
545.0	3.250e3
545.5	3.400e1
546.0	2.670e3
547.0	1.112e4
547.9	3.369e3
548.5	5.100e2
549.0	3.547e3
550.0	2.588e3
550.5	1.450e2
551.0	3.694e3
552.0	3.424e3
552.5	4.100e1
553.0	4.982e3
554.0	3.328e3
555.0	2.635e3
555.9	1.972e3
556.8	3.768e3
557.3	1.710e2
557.8	1.940e3
558.4	1.170e2
559.0	4.049e3
559.5	4.000e0
560.0	9.060e3
561.0	4.339e3
562.0	2.878e3
562.5	1.380e2
563.0	4.931e3
563.9	4.157e3
564.9	2.465e3
565.9	2.782e3
566.5	5.100e1
567.0	2.664e3
567.9	1.741e3
568.8	3.290e3
569.3	3.460e2
569.9	2.700e3
570.8	1.583e3
571.6	3.352e3
572.3	9.240e2
573.0	4.003e3
573.9	3.299e3
574.9	2.467e3
575.9	2.416e3
576.9	3.087e3
577.8	1.654e3
578.4	2.140e2
579.0	4.760e3
580.0	2.798e3
581.0	4.110e3
582.0	2.079e3
582.9	3.681e3
583.9	2.214e3
585.0	2.490e3
585.5	1.830e2
586.1	3.107e3
587.0	2.956e3
587.9	2.056e3
588.5	1.870e2
589.1	3.067e4
590.0	4.685e3
590.5	9.200e1
591.1	3.442e3
592.0	2.813e3
593.0	3.984e3
593.9	2.917e3
595.0	3.778e3
595.8	4.137e3
596.8	2.271e3
597.8	2.882e3
598.4	1.051e3
599.1	4.246e3
600.0	1.533e3
601.0	4.263e3
601.5	8.600e1
602.0	3.651e3
603.0	4.091e3
604.0	2.663e3
604.5	3.210e2
605.1	5.041e3
606.0	3.447e3
606.9	2.259e3
607.9	2.768e3
608.5	6.000e1
609.1	3.504e3
610.0	2.488e3
611.0	2.867e3
611.9	2.918e3
612.4	2.080e2
612.9	2.918e3
613.4	5.500e1
613.9	2.744e3
615.0	9.109e3
615.9	3.553e3
616.9	4.491e3
617.8	2.810e3
618.4	3.610e2
619.1	3.929e3
620.1	2.650e3
621.2	3.870e3
622.0	1.653e3
622.9	1.492e3
623.6	3.330e3
624.5	1.372e3
625.3	2.186e3
626.1	5.680e2
627.0	3.800e3
627.5	1.180e2
628.0	8.439e3
629.0	3.881e3
629.9	2.333e3
630.5	8.100e1
631.0	4.733e3
631.5	8.300e1
632.1	2.501e3
632.7	6.730e2
633.4	2.801e3
634.1	8.700e2
634.7	2.730e3
635.7	1.680e3
636.3	3.110e2
637.0	3.083e3
638.0	3.349e3
638.9	2.257e3
639.7	2.614e3
640.2	7.700e1
640.7	3.257e3
641.6	3.406e3
642.1	7.900e1
642.7	2.581e3
643.6	2.628e3
644.1	4.900e1
644.7	1.434e3
645.4	3.102e3
646.2	1.053e3
647.0	4.393e3
648.0	2.413e3
648.9	3.009e3
649.9	2.795e3
650.4	1.180e2
651.0	3.095e3
651.8	1.661e3
652.8	1.493e3
653.3	6.800e1
653.9	2.502e3
654.8	2.496e3
655.8	2.611e3
656.4	5.750e2
657.0	1.926e4
657.9	4.911e3
658.5	2.330e2
659.1	2.522e3
660.0	2.185e3
660.5	2.200e1
661.1	3.035e3
662.1	1.847e3
663.0	3.191e3
663.6	4.180e2
664.3	2.323e3
664.9	2.440e2
665.5	2.612e3
666.1	7.590e2
666.8	1.936e3
667.5	3.657e3
668.2	5.400e2
668.9	3.157e3
669.4	3.450e2
670.0	3.309e3
670.8	1.328e3
671.5	3.167e3
672.2	1.012e3
673.0	4.823e3
673.9	3.795e3
674.5	1.570e2
675.0	2.800e3
675.9	2.702e3
676.9	3.157e3
677.9	2.509e3
678.5	1.330e2
679.0	4.601e3
679.9	3.422e3
680.8	3.472e3
681.3	2.680e2
682.0	2.881e3
683.0	9.613e3
683.8	2.494e3
684.5	4.942e3
685.5	4.120e3
686.2	1.425e3
686.9	3.335e3
687.9	3.112e3
688.5	1.920e2
689.0	3.625e3
689.7	8.620e2
690.4	3.089e3
691.3	1.583e3
692.1	2.852e3
692.9	1.395e3
693.7	2.471e3
694.4	4.580e2
695.1	3.351e3
696.1	6.418e3
696.9	2.950e3
697.9	2.224e3
698.9	7.415e3
699.8	2.959e3
700.3	8.300e1
700.8	2.392e3
701.3	1.570e2
701.9	2.257e3
702.9	1.823e3
703.4	6.500e1
703.9	2.587e3
704.8	1.845e3
705.8	2.212e3
706.7	3.049e3
707.6	1.616e3
708.4	3.230e3
709.1	7.150e2
709.7	3.159e3
710.3	1.410e2
710.8	3.028e3
711.6	1.024e3
712.3	2.457e3
712.8	1.500e1
713.4	2.966e3
714.1	1.077e3
714.8	5.289e3
715.8	3.020e3
716.3	1.020e2
716.8	2.781e3
717.4	4.700e1
717.9	2.782e3
718.9	3.261e3
719.8	2.681e3
720.4	5.120e2
721.0	2.686e3
721.9	2.374e3
722.7	3.408e3
723.3	2.550e2
723.8	2.859e3
724.4	5.340e2
725.0	1.614e4
726.0	5.030e3
727.0	3.139e3
728.0	1.957e3
729.0	3.280e3
729.5	2.360e2
730.1	2.640e3
730.6	5.000e1
731.1	2.127e3
732.0	1.077e3
732.9	2.470e3
733.8	1.756e3
734.3	1.180e2
734.9	3.809e3
735.9	2.368e3
736.9	3.515e3
737.8	3.042e3
738.4	3.540e2
739.0	3.034e3
739.9	1.582e3
740.9	4.348e3
741.8	4.440e3
742.4	3.760e2
743.0	2.635e3
744.0	2.258e3
744.6	9.450e2
745.2	3.193e3
746.0	8.970e2
746.9	3.292e3
747.8	2.579e3
748.3	7.500e1
748.9	3.556e3
749.8	2.499e3
750.4	1.670e2
751.0	9.191e3
752.0	2.694e3
752.5	4.500e1
753.0	2.306e3
753.8	9.430e2
754.5	3.065e3
755.2	5.060e2
756.0	1.901e3
756.5	1.400e1
757.0	2.746e3
757.9	2.221e3
758.9	2.305e3
759.9	7.770e2
760.7	2.738e3
761.3	1.670e2
761.9	1.939e3
762.5	8.300e1
763.1	3.434e3
764.0	5.680e3
765.0	3.367e3
765.9	1.784e3
766.9	3.352e3
767.9	2.915e3
768.5	2.960e2
769.1	2.903e3
769.8	9.290e2
770.7	2.754e3
771.6	1.746e3
772.2	1.120e2
772.7	1.902e3
773.3	2.100e2
773.9	2.753e3
774.9	2.920e3
775.9	1.908e3
776.8	3.670e3
777.4	1.560e2
777.9	2.658e3
778.9	2.002e3
779.8	2.011e3
780.6	2.974e3
781.3	5.550e2
782.1	1.868e3
783.0	3.808e3
783.9	1.499e3
784.4	1.590e2
785.0	3.581e3
785.9	1.672e3
786.8	2.388e3
787.3	1.300e1
787.8	2.863e3
788.3	4.800e1
789.0	2.424e3
789.9	3.530e3
790.6	4.080e2
791.2	2.191e3
792.1	1.587e3
793.1	1.296e4
794.1	3.293e3
795.1	3.664e3
795.6	3.600e1
796.1	2.591e3
797.0	1.496e3
797.7	5.850e2
798.4	1.641e3
799.3	1.814e3
799.8	1.590e2
800.4	1.975e3
801.0	1.600e1
801.5	2.808e3
802.0	1.600e2
802.6	1.828e3
803.5	2.908e3
804.2	8.190e2
804.9	2.381e3
805.8	2.558e3
806.4	5.410e2
807.2	2.298e3
807.7	3.400e1
808.2	2.263e3
809.2	3.134e3
810.3	2.771e3
810.9	7.130e2
811.6	2.111e3
812.2	4.940e2
812.9	2.457e3
813.7	9.840e2
814.4	1.945e3
815.0	6.200e1
815.5	2.167e3
816.2	1.025e3
816.9	2.648e3
818.0	1.408e3
819.0	1.001e4
819.9	2.805e3
820.9	2.740e3
821.9	2.768e3
822.8	1.684e3
823.4	2.530e2
824.0	2.298e3
824.8	1.014e3
825.6	2.483e3
826.4	9.850e2
827.2	1.468e3
828.1	1.994e3
829.1	1.621e3
830.0	1.141e3
831.0	2.647e3
831.9	7.429e3
832.8	4.681e3
833.8	3.753e3
834.7	1.952e3
835.4	4.510e3
835.9	5.100e1
836.4	2.286e3
837.1	8.270e2
837.9	2.728e3
838.8	1.627e3
839.4	1.550e2
839.9	2.261e3
840.4	7.000e1
841.0	2.607e3
841.9	1.807e3
842.8	2.271e3
843.3	2.060e2
843.9	2.062e3
844.5	2.880e2
845.0	3.976e3
845.9	1.773e3
846.8	1.744e3
847.4	3.050e2
848.0	1.735e3
849.0	2.928e3
850.0	1.742e3
851.0	2.533e3
851.6	1.680e2
852.1	2.523e3
853.1	1.712e3
854.0	1.509e3
854.9	2.396e3
855.6	7.940e2
856.3	2.915e3
857.1	1.545e3
857.7	1.650e2
858.3	3.728e3
859.1	1.275e3
859.9	2.480e3
860.5	1.460e2
861.1	9.110e3
862.0	3.540e3
862.9	2.305e3
863.9	2.556e3
864.5	4.500e1
865.1	2.112e3
866.0	1.291e3
866.9	1.878e3
867.7	7.290e2
868.4	2.113e3
869.3	1.927e3
870.1	5.760e2
870.9	2.122e3
871.8	1.970e3
872.7	1.469e3
873.7	3.967e3
874.4	6.580e2
875.2	2.525e3
876.0	1.164e3
876.9	4.092e3
877.9	2.513e3
878.7	1.256e3
879.5	1.803e3
880.2	1.139e3
881.0	2.651e3
881.8	1.531e3
882.7	2.170e3
883.7	2.148e3
884.2	1.310e2
884.7	1.834e3
885.7	1.553e3
886.4	1.320e2
887.0	8.123e3
887.9	3.900e3
888.8	2.433e3
889.4	9.600e1
889.9	2.541e3
890.8	1.198e3
891.6	2.023e3
892.5	1.102e3
893.3	3.307e3
894.1	1.213e3
894.9	2.336e3
895.4	1.550e2
896.0	2.963e3
897.0	1.783e3
898.0	1.928e3
899.0	2.009e3
899.5	8.700e1
900.1	3.696e3
900.8	1.186e3
901.5	2.609e3
902.1	5.840e2
902.8	2.531e3
903.8	2.547e3
904.3	2.800e1
904.8	1.829e3
905.8	1.273e3
906.4	6.420e2
907.2	2.103e3
907.7	6.300e1
908.3	1.278e3
908.8	5.200e2
909.4	2.539e3
910.2	8.440e2
910.9	1.695e3
911.9	1.888e3
913.0	3.844e3
913.5	1.060e2
914.1	2.358e3
914.8	8.470e2
915.4	2.476e3
916.0	4.330e2
916.7	1.847e3
917.2	3.210e2
917.8	2.112e3
918.7	1.466e3
919.5	2.737e3
920.1	1.900e2
920.6	1.196e3
921.5	1.701e3
922.3	7.560e2
923.0	2.080e3
923.9	1.756e3
924.8	2.090e3
925.3	5.200e1
925.9	2.916e3
926.5	2.770e2
927.1	2.471e3
928.1	2.123e3
929.0	8.069e3
929.6	1.510e2
930.1	2.824e3
930.9	1.457e3
931.8	1.653e3
932.3	1.370e2
932.9	1.866e3
933.6	8.500e2
934.4	1.797e3
935.3	2.590e3
936.3	1.741e3
936.9	1.900e1
937.4	1.950e3
938.2	9.160e2
939.0	3.169e3
939.7	8.750e2
940.5	2.524e3
941.2	1.302e3
942.1	2.175e3
942.7	1.780e2
943.3	2.502e3
944.0	7.550e2
944.9	2.838e3
945.9	2.302e3
946.9	2.588e3
947.4	1.770e2
948.0	1.939e3
948.8	2.258e3
949.6	6.860e2
950.4	2.929e3
950.9	7.900e1
951.5	1.978e3
952.1	7.150e2
952.8	1.696e3
953.7	2.057e3
954.4	5.470e2
955.1	5.570e3
956.0	3.795e3
957.0	2.940e3
958.0	2.004e3
959.0	1.698e3
959.5	8.000e0
960.0	1.796e3
961.0	2.866e3
961.9	1.913e3
962.6	7.700e1
963.1	3.177e3
963.9	1.349e3
964.8	2.857e3
965.8	2.146e3
966.4	2.570e2
967.0	2.194e3
967.8	1.871e3
968.5	4.884e3
969.5	2.707e3
970.4	1.244e3
971.2	3.861e3
972.0	1.073e3
972.8	1.904e3
973.6	1.047e3
974.6	2.280e3
975.1	1.040e2
975.7	2.564e3
976.3	1.550e2
976.8	3.229e3
977.3	3.310e2
977.8	2.242e3
978.7	2.429e3
979.3	1.880e2
980.0	1.514e3
980.9	2.594e3
981.5	7.600e1
982.0	1.996e3
982.9	2.210e3
983.5	5.090e2
984.2	1.580e3
985.2	2.526e3
986.1	1.358e3
987.0	2.931e3
988.0	2.525e3
988.6	2.190e2
989.2	2.427e3
989.9	9.460e2
990.7	2.465e3
991.4	5.730e2
992.1	2.083e3
993.0	1.583e3
993.9	4.266e3
994.9	2.238e3
995.4	7.300e1
995.9	2.066e3
996.5	2.310e2
997.1	6.343e3
998.1	3.272e3
998.9	2.048e3
999.9	2.007e3
1000.4	6.100e1
1000.9	1.440e3
1001.7	8.590e2
1002.5	1.682e3
1003.5	2.198e3
1004.1	2.700e2
1004.6	1.824e3
1005.2	1.310e2
1005.7	1.969e3
1006.4	5.600e2
1007.0	2.974e3
1007.9	1.143e3
1008.4	1.600e1
1009.0	2.388e3
1009.8	1.420e3
1010.4	1.720e2
1011.0	2.767e3
1011.6	3.170e2
1012.2	1.747e3
1013.1	2.576e3
1014.0	2.028e3
1014.9	1.410e3
1015.8	2.210e3
1016.3	5.100e1
1016.8	2.048e3
1017.7	2.709e3
1018.6	1.809e3
1019.2	1.640e2
1019.7	2.399e3
1020.2	7.300e1
1020.8	2.026e3
1021.3	1.100e1
1021.8	2.676e3
1022.4	2.140e2
1023.0	4.389e3
1023.9	4.505e3
1024.4	4.900e1
1025.0	2.083e3
1025.7	9.670e2
1026.5	2.749e3
1027.3	1.218e3
1028.1	2.374e3
1029.0	1.309e3
1029.9	2.415e3
1030.7	9.480e2
1031.4	2.663e3
1032.2	1.276e3
1033.1	2.783e3
1033.9	1.092e3
1034.9	1.292e3
1035.5	2.890e2
1036.1	4.890e3
1037.0	4.315e3
1038.0	2.271e3
1038.9	3.138e3
1039.9	2.617e3
1040.5	1.940e2
1041.1	2.744e3
1042.0	1.650e3
1042.6	4.010e2
1043.2	1.780e3
1044.2	2.641e3
1045.0	1.053e3
1045.8	2.497e3
1046.5	3.780e2
1047.1	2.590e3
1048.0	1.411e3
1048.9	2.837e3
1049.7	1.445e3
1050.5	3.018e3
1051.1	9.700e1
1051.6	2.429e3
1052.2	9.900e1
1052.7	2.643e3
1053.7	1.838e3
1054.4	2.610e2
1055.0	3.065e3
1055.5	3.000e1
1056.0	2.181e3
1057.0	3.123e3
1058.0	1.645e3
1058.8	2.488e3
1059.4	1.300e2
1059.9	2.055e3
1060.8	9.350e2
1061.6	2.786e3
1062.6	2.409e3
1063.4	6.080e2
1064.1	1.748e3
1065.0	5.294e3
1065.6	1.550e2
1066.1	2.858e3
1067.0	1.521e3
1067.7	5.680e2
1068.4	2.157e3
1069.3	1.459e3
1069.9	5.570e2
1070.6	1.978e3
1071.5	1.029e3
1072.3	1.749e3
1073.1	3.104e3
1074.0	1.178e3
1074.9	2.857e3
1075.9	1.922e3
1076.9	2.727e3
1077.9	2.025e3
1078.8	3.103e3
1079.3	4.800e1
1079.8	2.226e3
1080.4	3.740e2
1081.0	3.347e3
1081.7	4.660e2
1082.5	2.199e3
1083.0	7.300e1
1083.5	2.508e3
1084.5	3.033e3
1085.4	2.010e3
1086.4	2.730e3
1087.0	2.930e2
1087.5	1.555e3
1088.5	1.502e3
1089.4	3.571e3
1090.2	1.155e3
1091.0	4.280e3
1092.0	2.976e3
1092.9	2.883e3
1093.5	1.580e2
1094.1	3.051e3
1094.7	3.880e2
1095.3	2.898e3
1096.1	1.082e3
1096.9	2.547e3
1097.5	7.270e2
1098.2	3.387e3
1098.9	1.007e3
1099.5	2.921e3
1100.2	7.120e2
1100.9	2.700e3
1101.8	1.804e3
1102.3	5.900e1
1102.8	2.815e3
1103.5	4.570e2
1104.1	3.546e3
1105.0	3.253e3
1105.9	1.996e3
1106.8	3.551e3
1107.4	2.430e2
1107.9	3.142e3
1108.7	2.236e3
1109.5	3.359e3
1110.3	5.990e2
1111.0	2.303e3
1111.7	7.970e2
1112.4	2.919e3
1113.4	2.678e3
1114.1	9.500e2
1114.9	2.566e3
1115.5	2.320e2
1116.1	2.304e3
1116.9	1.444e3
1117.7	2.403e3
1118.6	6.790e2
1119.3	2.671e3
1120.3	2.967e3
1121.0	7.400e2
1121.6	2.491e3
1122.3	5.820e2
1123.0	3.290e3
1123.9	1.920e3
1124.5	2.380e2
1125.1	3.691e3
1125.7	5.340e2
1126.4	2.170e3
1127.1	8.640e2
1127.8	1.543e3
1128.7	3.455e3
1129.3	1.580e2
1129.9	2.864e3
1130.5	3.160e2
1131.1	2.052e3
1131.9	2.012e3
1132.5	1.380e2
1133.0	5.647e3
1133.7	7.700e2
1134.3	3.460e3
1134.8	2.510e2
1135.4	3.275e3
1136.0	3.970e2
1136.6	1.900e3
1137.5	2.370e3
1138.0	5.700e1
1138.6	3.472e3
1139.2	3.350e2
1139.8	2.539e3
1140.3	9.600e1
1140.9	2.145e3
1141.9	2.670e3
1142.4	8.000e0
1142.9	2.883e3
1143.8	1.332e3
1144.5	3.010e2
1145.1	2.370e3
1145.9	1.158e3
1146.6	3.347e3
1147.5	1.258e3
1148.3	2.689e3
1148.9	2.950e2
1149.5	3.236e3
1150.0	2.430e2
1150.6	2.642e3
1151.2	2.310e2
1151.8	2.371e3
1152.8	2.683e3
1153.8	2.814e3
1154.5	3.490e2
1155.1	1.775e3
1156.0	2.359e3
1156.9	1.840e3
1157.7	2.282e3
1158.4	5.800e2
1159.0	3.338e3
1159.9	1.843e3
1160.8	2.934e3
1161.7	3.017e3
1162.3	2.500e2
1163.0	1.631e3
1163.8	2.379e3
1164.8	2.280e3
1165.4	6.970e2
1166.1	2.882e3
1166.6	1.880e2
1167.2	3.449e3
1168.1	1.939e3
1168.9	3.061e3
1169.6	3.630e2
1170.2	2.592e3
1171.1	2.353e3
1172.1	3.802e3
1173.0	1.933e3
1173.9	2.479e3
1174.4	4.400e1
1174.9	3.176e3
1175.9	2.658e3
1176.6	5.150e2
1177.2	3.155e3
1177.9	1.019e3
1178.7	2.705e3
1179.4	7.380e2
1180.1	3.742e3
1181.1	3.050e3
1182.0	2.168e3
1182.9	1.583e3
1183.8	2.187e3
1184.4	6.800e1
1184.9	3.659e3
1185.7	1.042e3
1186.5	3.484e3
1187.2	8.010e2
1187.9	3.556e3
1188.9	2.566e3
1189.5	3.160e2
1190.2	2.760e3
1190.8	3.580e2
1191.4	3.160e3
1192.4	1.822e3
1193.0	2.500e2
1193.6	2.652e3
1194.3	9.350e2
1195.1	3.040e3
1195.9	1.430e3
1196.8	2.536e3
1197.4	6.700e1
1197.9	3.091e3
1198.7	1.911e3
1199.5	2.564e3
1200.3	1.017e3
1201.0	4.590e3
1202.0	3.448e3
1202.6	1.600e2
1203.1	3.022e3
1204.1	2.088e3
1204.7	4.400e1
1205.2	2.190e3
1206.1	1.589e3
1207.0	2.585e3
1207.5	7.100e1
1208.0	2.406e3
1209.0	1.664e3
1209.8	2.497e3
1210.7	3.030e3
1211.4	8.530e2
1212.2	2.883e3
1212.9	1.167e3
1213.7	2.899e3
1214.4	7.070e2
1215.2	3.720e3
1215.7	4.010e2
1216.4	2.479e3
1217.1	1.272e3
1217.6	1.000e1
1218.1	1.990e3
1219.1	2.130e3
1220.2	2.729e3
1221.1	3.630e3
1222.0	8.700e2
1222.8	2.384e3
1223.8	2.249e3
1224.4	3.360e2
1225.0	2.595e3
1225.5	4.000e1
1226.0	2.459e3
1227.0	4.057e3
1228.0	2.087e3
1228.8	3.140e3
1229.4	3.870e2
1230.0	2.704e3
1230.7	4.190e2
1231.3	2.601e3
1232.0	1.021e3
1232.8	3.218e3
1233.7	1.982e3
1234.7	2.330e3
1235.2	1.020e2
1235.8	2.964e3
1236.4	1.740e2
1237.0	1.774e3
1237.8	1.450e3
1238.7	2.898e3
1239.3	1.510e2
1239.9	3.407e3
1240.9	3.180e3
1241.9	2.837e3
1242.5	4.130e2
1243.2	3.761e3
1243.9	7.910e2
1244.6	2.460e3
1245.5	1.599e3
1246.3	5.970e2
1247.0	2.474e3
1247.9	2.245e3
1248.7	1.765e3
1249.3	8.600e1
1249.9	2.212e3
1250.7	3.131e3
1251.7	3.055e3
1252.4	6.520e2
1253.0	3.237e3
1253.6	4.900e1
1254.1	2.566e3
1254.8	7.300e2
1255.4	1.522e3
1256.3	3.664e3
1257.0	7.880e2
1257.8	3.052e3
1258.4	5.070e2
1259.0	3.848e3
1259.9	2.025e3
1260.9	2.503e3
1261.8	2.340e3
1262.4	4.850e2
1263.2	2.199e3
1263.8	3.700e2
1264.4	2.272e3
1265.2	3.187e3
1265.7	2.470e2
1266.3	2.606e3
1267.3	2.799e3
1268.2	2.089e3
1269.1	5.009e3
1269.9	1.774e3
1270.6	2.439e3
1271.6	2.574e3
1272.3	9.730e2
1273.0	2.274e3
1274.0	1.884e3
1274.6	1.880e2
1275.2	2.837e3
1275.9	1.630e3
1276.7	9.730e2
1277.5	2.422e3
1278.1	6.280e2
1278.7	2.736e3
1279.4	1.640e2
1279.9	2.240e3
1280.9	3.889e3
1281.9	3.549e3
1282.7	9.550e2
1283.5	2.501e3
1284.5	1.608e3
1285.4	3.811e3
1286.3	1.532e3
1287.2	3.650e3
1288.3	2.898e3
1289.1	1.781e3
1290.0	2.821e3
1290.8	1.227e3
1291.6	2.999e3
1292.1	1.990e2
1292.7	2.786e3
1293.6	2.800e3
1294.3	6.500e1
1294.9	3.268e3
1295.7	1.378e3
1296.6	3.007e3
1297.4	1.865e3
1298.2	2.578e3
1299.1	2.391e3
1300.1	1.488e3
1301.1	1.997e3
1302.0	2.092e3
1302.9	2.831e3
1303.8	1.659e3
1304.6	1.852e3
1305.5	2.384e3
1306.3	1.686e3
1307.1	1.269e3
1307.8	3.704e3
1308.6	1.284e3
1309.4	2.511e3
1310.0	6.980e2
1310.7	2.197e3
1311.7	2.810e3
1312.3	4.160e2
1312.9	2.523e3
1313.5	2.780e2
1314.2	1.042e3
1315.1	2.476e3
1315.7	5.760e2
1316.4	2.525e3
1316.9	1.200e2
1317.4	2.031e3
1318.1	4.040e2
1318.8	2.062e3
1319.5	7.200e2
1320.1	2.214e3
1321.1	2.196e3
1321.7	2.460e2
1322.3	5.046e3
1323.3	2.586e3
1324.0	1.738e3
1325.0	2.557e3
1326.1	3.401e3
1326.6	2.570e2
1327.3	2.193e3
1327.8	1.840e2
1328.3	2.561e3
1328.9	2.680e2
1329.4	2.080e3
1330.2	7.200e2
1330.9	2.553e3
1331.9	2.515e3
1332.9	2.385e3
1333.5	8.420e2
1334.2	3.882e3
1335.0	1.222e3
1335.9	3.362e3
1336.9	4.163e3
1337.9	2.159e3
1338.6	8.240e2
1339.3	2.473e3
1340.3	1.886e3
1341.1	1.500e3
1342.0	2.078e3
1342.6	9.040e2
1343.3	2.933e3
1344.0	8.550e2
1344.8	2.112e3
1345.8	3.457e3
1346.4	2.810e2
1347.0	2.221e3
1347.9	1.333e3
1348.8	2.447e3
1349.3	1.170e2
1349.9	2.003e3
1350.6	1.020e3
1351.4	2.665e3
1352.3	2.784e3
1353.2	1.592e3
1354.2	1.803e3
1355.1	2.921e3
1355.6	9.300e1
1356.1	2.288e3
1356.6	1.370e2
1357.2	2.165e3
1357.7	1.170e2
1358.3	1.990e3
1358.8	1.800e2
1359.4	2.893e3
1360.1	7.090e2
1360.8	2.521e3
1361.9	2.597e3
1362.5	3.330e2
1363.1	3.242e3
1363.9	1.322e3
1364.6	3.045e3
1365.3	8.740e2
1366.0	2.588e3
1366.9	1.741e3
1367.5	2.660e2
1368.0	2.123e3
1369.0	2.738e3
1369.7	5.020e2
1370.3	2.579e3
1371.2	1.268e3
1372.1	3.342e3
1372.9	1.935e3
1373.8	2.078e3
1374.6	2.375e3
1375.3	1.780e2
1375.8	2.890e3
1376.7	2.292e3
1377.5	1.219e3
1378.3	3.515e3
1379.2	2.687e3
1379.8	5.900e1
1380.3	2.331e3
1380.9	3.470e2
1381.5	2.538e3
1382.2	4.090e2
1382.8	2.791e3
1383.7	1.300e3
1384.3	7.200e1
1384.9	3.909e3
1385.4	4.600e1
1385.9	2.519e3
1386.7	1.329e3
1387.6	3.440e3
1388.3	4.120e2
1389.1	2.550e3
1389.6	3.700e1
1390.1	2.473e3
1391.1	2.611e3
1391.7	3.210e2
1392.4	3.129e3
1393.1	1.600e3
1394.0	1.457e3
1395.0	1.555e3
1395.6	4.270e2
1396.2	2.367e3
1397.0	1.216e3
1397.9	1.720e3
1398.5	3.400e2
1399.1	2.420e3
1399.6	5.900e1
1400.1	2.478e3
1401.0	2.064e3
1401.8	1.061e3
1402.4	3.341e3
1403.0	9.000e1
1403.5	3.300e3
1404.3	9.400e2
1405.0	3.328e3
1405.9	3.132e3
1406.8	1.122e3
1407.7	2.379e3
1408.6	1.951e3
1409.4	7.890e2
1410.2	2.045e3
1411.2	2.405e3
1411.7	6.000e0
1412.3	1.925e3
1413.1	9.790e2
1413.8	3.233e3
1414.4	3.400e1
1414.9	2.546e3
1415.7	8.140e2
1416.5	3.030e3
1417.5	1.240e3
1418.4	2.393e3
1418.9	1.580e2
1419.5	2.626e3
1420.2	4.050e2
1420.9	1.909e3
1421.5	1.590e2
1422.0	1.904e3
1422.8	5.580e2
1423.7	2.696e3
1424.4	3.230e2
1425.0	2.453e3
1425.9	1.752e3
1426.9	1.931e3
1427.6	9.130e2
1428.2	2.324e3
1429.2	2.307e3
1429.8	2.210e2
1430.3	2.673e3
1431.2	2.222e3
1432.1	1.791e3
1433.0	1.195e3
1433.7	5.570e2
1434.3	3.495e3
1435.0	6.280e2
1435.7	1.785e3
1436.2	3.100e1
1436.7	1.879e3
1437.6	1.316e3
1438.4	2.517e3
1438.9	2.160e2
1439.5	3.076e3
1440.2	7.000e2
1441.2	1.866e3
1442.2	2.205e3
1442.9	6.840e2
1443.7	3.495e3
1444.4	1.280e3
1445.2	3.150e3
1446.0	1.564e3
1446.6	7.560e2
1447.3	2.559e3
1448.0	6.280e2
1448.6	2.036e3
1449.5	1.199e3
1450.0	3.100e1
1450.6	1.896e3
1451.5	1.783e3
1452.0	5.300e1
1452.5	1.375e3
1453.5	2.441e3
1454.1	1.970e2
1454.7	2.300e3
1455.4	7.510e2
1456.0	2.232e3
1456.9	2.655e3
1457.8	1.331e3
1458.6	2.017e3
1459.2	2.080e2
1459.9	1.810e3
1460.8	2.002e3
1461.4	2.460e2
1461.9	1.543e3
1462.6	2.730e2
1463.2	2.292e3
1464.0	6.020e2
1464.7	2.687e3
1465.6	1.100e3
1466.4	3.487e3
1467.0	1.070e2
1467.6	3.102e3
1468.4	1.930e3
1468.9	2.000e1
1469.5	2.639e3
1470.0	4.500e1
1470.5	2.732e3
1471.1	6.470e2
1471.8	2.389e3
1472.6	9.540e2
1473.4	3.648e3
1474.3	2.005e3
1475.0	6.220e2
1475.6	2.048e3
1476.1	1.370e2
1476.7	2.165e3
1477.7	2.704e3
1478.6	2.117e3
1479.3	4.770e2
1479.9	3.520e3
1480.5	4.290e2
1481.1	2.434e3
1482.0	1.640e3
1482.9	2.429e3
1483.9	1.817e3
1484.5	1.460e2
1485.0	2.375e3
1485.5	5.300e1
1486.1	2.109e3
1486.9	1.547e3
1487.8	2.407e3
1488.7	2.152e3
1489.7	2.728e3
1490.3	4.900e2
1490.9	2.210e3
1491.8	1.033e3
1492.6	1.273e3
1493.4	1.793e3
1494.0	2.100e2
1494.6	1.670e3
1495.2	2.900e2
1495.8	2.381e3
1496.6	9.580e2
1497.3	2.091e3
1498.0	3.000e2
1498.6	2.231e3
1499.2	1.690e2
1499.8	1.547e3
1500.7	2.815e3
1501.4	4.130e2
1502.0	2.420e3
1502.9	1.976e3
1503.5	2.640e2
1504.2	2.012e3
1504.9	1.373e3
1505.7	2.298e3
1506.5	8.830e2
1507.3	2.592e3
1508.0	1.005e3
1508.7	6.760e2
1509.6	2.953e3
1510.1	1.150e2
1510.7	2.478e3
1511.2	6.100e1
1511.7	1.751e3
1512.5	2.218e3
1513.4	1.611e3
1514.2	9.290e2
1514.9	2.380e3
1515.5	4.560e2
1516.2	2.195e3
1517.1	2.613e3
1518.0	1.546e3
1519.0	1.602e3
1519.7	7.820e2
1520.5	2.125e3
1521.1	1.400e2
1521.6	2.729e3
1522.2	4.000e2
1522.8	2.718e3
1523.7	1.958e3
1524.3	1.400e1
1524.8	3.121e3
1525.5	7.330e2
1526.2	2.165e3
1527.2	2.055e3
1528.2	9.660e2
1529.1	1.908e3
1530.1	2.005e3
1530.9	8.080e2
1531.7	1.956e3
1532.6	2.096e3
1533.3	9.100e2
1534.1	3.022e3
1534.6	2.210e2
1535.2	1.646e3
1536.0	7.990e2
1536.9	2.100e3
1537.8	2.148e3
1538.4	1.440e2
1538.9	2.520e3
1539.8	1.572e3
1540.4	4.610e2
1541.2	2.100e3
1542.2	2.295e3
1543.1	1.723e3
1543.9	1.095e3
1544.8	2.719e3
1545.4	1.460e2
1546.1	2.117e3
1546.6	1.070e2
1547.1	2.062e3
1547.9	7.820e2
1548.7	2.626e3
1549.5	4.200e2
1550.1	1.873e3
1550.7	3.800e1
1551.2	3.593e3
1552.1	2.031e3
1553.0	1.411e3
1553.8	1.984e3
1554.4	4.620e2
1555.0	2.363e3
1556.0	1.343e3
1556.9	8.090e2
1557.9	2.549e3
1558.6	5.600e2
1559.4	2.491e3
1560.2	1.185e3
1561.0	3.140e3
1561.6	2.070e2
1562.2	2.844e3
1562.8	6.270e2
1563.5	2.395e3
1564.3	8.690e2
1565.1	1.801e3
1565.8	7.400e2
1566.5	2.293e3
1567.2	5.360e2
1567.8	2.449e3
1568.3	5.100e1
1568.8	2.103e3
1569.8	2.103e3
1570.7	1.785e3
1571.7	1.559e3
1572.6	1.082e3
1573.3	1.478e3
1574.3	2.156e3
1575.3	2.825e3
1576.2	1.433e3
1577.1	2.114e3
1577.6	9.100e1
1578.2	2.588e3
1579.1	2.090e3
1580.0	2.466e3
1580.5	5.200e1
1581.0	2.057e3
1581.6	1.310e2
1582.2	1.713e3
1583.2	1.915e3
1583.9	9.870e2
1584.6	2.466e3
1585.2	4.400e1
1585.8	1.856e3
1586.6	1.351e3
1587.5	2.063e3
1588.1	2.940e2
1588.6	1.417e3
1589.2	1.260e2
1589.8	2.024e3
1590.3	8.100e1
1590.9	1.152e3
1591.6	9.920e2
1592.4	1.931e3
1593.4	1.234e3
1594.3	1.734e3
1594.9	7.300e1
1595.5	1.310e3
1596.3	1.343e3
1597.1	2.441e3
1597.7	3.650e2
1598.2	1.498e3
1599.1	2.840e3
1600.0	1.833e3
1601.1	2.937e3
1601.9	8.240e2
1602.4	6.100e1
1603.0	1.934e3
1604.0	1.673e3
1604.7	3.200e2
1605.4	1.602e3
1606.3	1.897e3
1607.2	2.144e3
1608.1	1.698e3
1609.1	2.797e3
1610.1	2.320e3
1610.9	1.009e3
1611.7	2.596e3
1612.4	6.810e2
1613.1	1.838e3
1613.7	3.140e2
1614.3	1.973e3
1615.0	2.510e2
1615.6	2.798e3
1616.1	1.190e2
1616.7	1.702e3
1617.7	2.744e3
1618.8	1.670e3
1619.8	2.375e3
1620.4	7.500e1
1620.9	1.301e3
1621.8	1.437e3
1622.7	2.391e3
1623.3	5.030e2
1623.9	2.784e3
1624.6	7.560e2
1625.2	1.835e3
1625.7	4.000e0
1626.3	1.681e3
1627.2	1.186e3
1628.1	2.341e3
1628.7	2.600e1
1629.3	2.093e3
1629.9	3.540e2
1630.5	1.972e3
1631.2	2.020e2
1631.7	1.633e3
1632.6	8.880e2
1633.4	1.844e3
1634.0	3.000e1
1634.5	1.993e3
1635.5	1.456e3
1636.5	1.702e3
1637.1	7.500e1
1637.7	1.663e3
1638.5	8.270e2
1639.2	1.561e3
1639.8	3.420e2
1640.4	2.381e3
1641.0	3.930e2
1641.8	2.701e3
1642.4	4.190e2
1643.0	1.050e3
1643.9	1.369e3
1644.8	2.170e3
1645.3	2.200e1
1645.9	1.985e3
1646.9	2.011e3
1647.5	1.780e2
1648.1	1.878e3
1649.0	1.912e3
1649.6	2.090e2
1650.2	2.867e3
1650.8	1.250e2
1651.4	2.646e3
1652.0	3.640e2
1652.7	1.860e3
1653.6	2.752e3
1654.6	2.115e3
1655.4	7.750e2
1656.3	2.544e3
1656.8	1.060e2
1657.4	2.614e3
1658.0	1.820e2
1658.6	2.843e3
1659.6	2.124e3
1660.5	1.767e3
1661.5	1.029e3
1662.0	2.000e1
1662.5	2.533e3
1663.1	2.230e2
1663.7	2.534e3
1664.4	1.177e3
1665.3	1.593e3
1665.9	2.310e2
1666.5	9.240e2
1667.3	2.563e3
1668.1	8.590e2
1668.8	1.725e3
1669.4	2.500e1
1669.9	2.257e3
1670.5	2.660e2
1671.1	1.480e3
1672.1	3.714e3
1672.7	3.070e2
1673.3	1.852e3
1674.3	1.237e3
1675.2	2.717e3
1675.8	1.690e2
1676.4	1.685e3
1677.0	6.450e2
1677.7	2.761e3
1678.7	9.820e2
1679.4	8.860e2
1680.3	2.917e3
1681.2	1.594e3
1681.8	4.490e2
1682.5	1.847e3
1683.4	2.011e3
1684.4	1.081e3
1685.1	1.181e3
1685.9	1.838e3
1686.6	3.070e2
1687.3	2.484e3
1688.3	2.341e3
1689.1	9.070e2
1689.9	2.361e3
1690.8	1.183e3
1691.8	2.010e3
1692.3	1.400e1
1692.8	1.680e3
1693.7	1.342e3
1694.7	2.137e3
1695.5	1.154e3
1696.0	2.300e1
1696.5	1.783e3
1697.2	5.350e2
1697.9	2.310e3
1698.7	6.350e2
1699.4	2.411e3
1699.9	3.400e1
1700.5	2.030e3
1701.2	7.440e2
1701.9	1.831e3
1702.9	1.943e3
1703.4	1.760e2
1704.0	1.602e3
1704.7	7.620e2
1705.5	2.287e3
1706.4	1.995e3
1707.3	1.937e3
1708.2	1.531e3
1709.0	1.012e3
1709.8	2.461e3
1710.3	9.500e1
1710.9	1.445e3
1711.8	1.679e3
1712.4	3.260e2
1713.0	2.321e3
1713.9	1.007e3
1714.7	1.821e3
1715.5	1.370e3
1716.3	3.809e3
1717.0	1.720e2
1717.6	1.812e3
1718.1	1.050e2
1718.7	2.325e3
1719.5	2.001e3
1720.4	9.700e2
1721.0	1.960e2
1721.6	1.976e3
1722.2	6.010e2
1722.9	2.176e3
1723.6	3.070e2
1724.3	1.347e3
1724.9	1.200e2
1725.4	2.447e3
1726.1	4.190e2
1726.8	1.133e3
1727.7	1.536e3
1728.5	7.780e2
1729.2	1.940e3
1730.3	2.297e3
1730.8	8.500e1
1731.4	1.597e3
1732.3	2.119e3
1732.8	2.200e1
1733.4	1.750e3
1734.2	7.150e2
1735.0	1.632e3
1735.8	8.160e2
1736.5	1.799e3
1737.3	1.696e3
1738.1	1.498e3
1738.6	4.600e1
1739.1	1.993e3
1739.7	2.400e1
1740.2	7.700e2
1741.1	1.725e3
1741.8	4.200e2
1742.6	2.029e3
1743.1	2.200e2
1743.8	2.116e3
1744.6	8.300e2
1745.6	2.389e3
1746.5	2.064e3
1747.5	1.002e3
1748.5	2.071e3
1749.4	2.512e3
1750.0	9.900e1
1750.7	1.634e3
1751.6	1.319e3
1752.5	2.205e3
1753.3	7.930e2
1753.9	1.766e3
1754.6	9.050e2
1755.3	1.909e3
1756.1	4.540e2
1756.9	2.189e3
1757.5	9.500e1
1758.0	2.186e3
1758.7	1.435e3
1759.5	1.581e3
1760.4	2.069e3
1761.2	9.740e2
1762.0	1.740e3
1762.9	9.990e2
1763.8	1.188e3
1764.8	2.186e3
1765.6	8.340e2
1766.2	1.280e2
1766.8	1.706e3
1767.6	9.320e2
1768.2	4.200e1
1768.8	2.448e3
1769.5	5.380e2
1770.2	2.761e3
1770.9	3.480e2
1771.5	1.385e3
1772.4	1.670e3
1773.3	1.631e3
1774.0	7.350e2
1774.8	7.780e2
1775.5	2.128e3
1776.1	2.550e2
1776.7	1.768e3
1777.2	3.100e1
1777.8	2.747e3
1778.7	1.234e3
1779.3	1.520e2
1780.0	9.670e2
1780.8	2.484e3
1781.5	4.420e2
1782.1	1.776e3
1782.7	1.050e2
1783.4	1.664e3
1784.3	3.276e3
1784.9	3.980e2
1785.5	2.661e3
1786.2	5.220e2
1787.0	2.907e3
1787.6	5.580e2
1788.2	1.185e3
1789.1	2.396e3
1790.0	1.072e3
1790.7	9.110e2
1791.5	2.446e3
1792.0	1.250e2
1792.5	1.970e3
1793.5	2.081e3
1794.1	1.740e2
1794.7	1.159e3
1795.7	2.195e3
1796.7	2.362e3
1797.2	5.200e1
1797.7	1.317e3
1798.6	3.363e3
1799.6	1.403e3
1800.2	1.490e2
1800.9	1.556e3
1801.6	2.600e1
1802.1	1.731e3
1802.8	4.110e2
1803.6	1.922e3
1804.3	3.930e2
1805.0	1.985e3
1805.8	6.790e2
1806.6	2.165e3
1807.2	2.840e2
1807.8	1.882e3
1808.8	1.909e3
1809.3	1.930e2
1809.9	1.909e3
1810.8	1.804e3
1811.5	4.500e2
1812.1	1.945e3
1812.7	2.480e2
1813.3	1.680e3
1813.9	3.070e2
1814.6	2.114e3
1815.4	6.680e2
1816.4	1.912e3
1817.4	2.103e3
1818.3	1.771e3
1818.9	2.840e2
1819.6	3.093e3
1820.3	8.090e2
1821.2	1.435e3
1822.1	2.330e3
1823.0	9.290e2
1823.8	2.184e3
1824.4	3.060e2
1825.0	2.180e3
1826.0	2.151e3
1826.9	1.327e3
1827.9	1.754e3
1829.1	1.728e3
1829.8	2.750e2
1830.5	2.135e3
1831.3	3.120e2
1831.9	2.117e3
1832.9	8.940e2
1833.7	2.052e3
1834.7	1.853e3
1835.3	7.800e1
1835.9	1.418e3
1836.9	1.079e3
1837.8	1.456e3
1838.7	2.263e3
1839.6	1.071e3
1840.6	1.466e3
1841.5	2.330e3
1842.3	5.810e2
1843.1	1.862e3
1843.8	3.420e2
1844.4	2.159e3
1845.4	1.076e3
1846.2	1.219e3
1846.9	3.960e2
1847.8	1.431e3
1848.7	1.776e3
1849.7	1.534e3
1850.7	1.562e3
1851.4	6.540e2
1852.2	2.020e3
1852.8	4.300e2
1853.5	2.516e3
1854.3	1.241e3
1855.2	1.526e3
1856.2	1.927e3
1856.9	4.920e2
1857.6	1.654e3
1858.4	9.380e2
1859.4	1.500e3
1860.1	6.410e2
1861.0	1.997e3
1861.8	1.762e3
1862.7	1.329e3
1863.7	1.455e3
1864.3	2.410e2
1864.9	9.830e2
1865.8	9.350e2
1866.7	2.045e3
1867.4	1.850e2
1868.0	2.103e3
1869.0	1.710e3
1869.9	1.357e3
1870.6	2.010e2
1871.2	1.248e3
1872.2	1.815e3
1873.1	2.132e3
1873.7	1.100e2
1874.2	2.131e3
1875.1	1.242e3
1875.8	5.070e2
1876.7	2.033e3
1877.2	5.800e1
1877.7	1.531e3
1878.7	1.406e3
1879.7	1.346e3
1880.7	2.524e3
1881.2	6.400e1
1881.8	1.899e3
1882.6	9.980e2
1883.4	1.800e3
1884.2	7.960e2
1884.8	1.219e3
1885.4	2.070e2
1886.0	2.020e3
1886.7	5.920e2
1887.5	1.114e3
1888.3	5.880e2
1889.0	1.048e3
1889.7	7.010e2
1890.4	2.132e3
1891.5	1.535e3
1892.1	2.080e2
1892.8	1.905e3
1893.4	6.000e1
1894.0	1.999e3
1894.7	9.260e2
1895.7	1.898e3
1896.8	1.501e3
1897.3	8.800e1
1897.9	2.196e3
1898.4	4.100e1
1899.1	1.927e3
1899.9	7.970e2
1900.7	2.456e3
1901.5	8.530e2
1902.3	1.718e3
1903.3	1.999e3
1904.1	1.701e3
1905.0	1.468e3
1905.8	6.520e2
1906.7	1.748e3
1907.8	1.504e3
1908.8	6.600e2
1909.6	1.303e3
1910.5	1.207e3
1911.4	1.420e3
1912.3	1.015e3
1913.0	1.968e3
1913.9	1.295e3
1914.8	1.601e3
1915.5	4.490e2
1916.2	1.447e3
1917.2	7.650e2
1918.0	1.103e3
1918.6	1.330e2
1919.1	1.560e3
1919.8	5.310e2
1920.5	1.399e3
1921.3	1.812e3
1922.1	3.000e2
1922.8	1.036e3
1923.4	1.250e2
1924.1	1.361e3
1924.6	8.400e1
1925.2	1.894e3
1926.1	7.490e2
1927.0	9.810e2
1927.9	1.448e3
1928.6	3.750e2
1929.2	8.750e2
1929.9	1.371e3
1930.7	5.890e2
1931.4	2.049e3
1932.0	1.310e2
1932.5	1.264e3
1933.3	3.960e2
1934.0	1.580e3
1934.5	1.720e2
1935.2	1.788e3
1936.1	4.920e2
1937.0	8.340e2
1937.7	2.940e2
1938.5	1.613e3
1939.4	1.628e3
1940.1	4.670e2
1940.9	1.409e3
1941.4	2.570e2
1942.0	1.377e3
1942.7	4.230e2
1943.4	1.341e3
1944.2	2.300e2
1944.9	2.285e3
1945.7	1.108e3
1946.2	1.850e2
1946.9	1.316e3
1947.8	8.040e2
1948.7	2.560e3
1949.6	7.520e2
1950.4	1.405e3
1951.2	1.126e3
1952.1	1.500e3
1952.7	3.710e2
1953.4	1.348e3
1954.4	2.218e3
1954.9	5.800e1
1955.5	2.365e3
1956.4	1.275e3
1957.2	1.517e3
1957.8	7.800e1
1958.3	1.288e3
1959.4	1.083e3
1960.0	7.200e1
1960.5	1.713e3
1961.4	1.025e3
1962.4	1.637e3
1963.0	2.170e2
1963.5	2.049e3
1964.2	2.400e2
1964.9	1.669e3
1965.7	5.750e2
1966.6	1.230e2
1967.3	1.556e3
1968.3	2.177e3
1969.1	4.150e2
1969.9	1.675e3
1970.7	1.255e3
1971.5	1.055e3
1972.1	1.550e2
1972.7	9.380e2
1973.7	1.363e3
1974.7	2.213e3
1975.4	6.030e2
1976.2	1.416e3
1977.0	1.225e3
1977.9	1.514e3
1978.8	2.187e3
1979.4	5.000e1
1979.9	1.582e3
1980.6	4.420e2
1981.4	1.112e3
1982.1	1.564e3
1982.8	4.630e2
1983.6	9.020e2
1984.6	1.047e3
1985.4	1.121e3
1985.9	3.300e2
1986.5	1.339e3
1987.3	5.140e2
1988.2	1.973e3
1989.1	1.267e3
1989.8	5.440e2
1990.5	7.480e2
1991.5	1.719e3
1992.0	1.110e2
1992.7	1.602e3
1993.3	4.670e2
1994.0	1.625e3
1995.0	8.960e2
1995.8	1.736e3
1996.6	1.253e3
1997.4	2.840e2
1998.1	1.378e3
1998.7	2.230e2
1999.4	1.009e3
1999.9	2.600e1
