100.3	1.805e5
101.0	6.927e5
102.1	4.631e5
103.0	2.489e5
103.6	5.500e2
104.1	2.865e5
104.6	8.000e2
105.1	1.240e5
106.0	1.690e5
107.0	1.810e5
108.0	9.148e5
109.0	4.597e5
109.5	2.565e3
110.0	6.505e5
111.1	9.701e5
112.0	4.150e5
113.0	4.096e5
114.0	2.094e6
115.0	1.337e6
116.0	7.335e5
117.0	2.180e5
117.5	3.834e3
118.0	1.211e6
119.0	4.909e5
120.1	7.845e5
121.1	2.095e5
121.6	1.798e3
122.1	1.093e6
123.0	5.548e5
123.6	1.491e3
124.1	1.192e5
125.0	2.341e5
126.0	5.168e5
127.1	3.002e5
127.6	1.171e3
128.1	1.681e5
129.0	5.796e5
129.6	1.813e3
130.1	2.037e5
131.0	1.387e6
132.1	5.299e5
132.6	1.517e3
133.1	1.310e5
134.0	2.486e5
135.0	8.517e4
136.0	1.172e6
137.1	2.619e5
137.6	2.017e3
138.1	9.766e5
139.1	2.697e5
140.0	3.110e5
141.1	1.871e6
142.0	1.276e6
143.1	2.903e5
144.1	6.995e5
144.6	6.540e2
145.1	1.607e5
146.0	4.305e5
146.6	1.090e3
147.1	2.400e5
148.1	1.086e5
149.0	5.554e5
149.6	4.710e2
150.1	1.755e5
151.1	9.502e4
152.1	8.569e4
153.1	8.124e4
154.0	1.919e5
155.1	3.593e5
155.6	5.700e2
156.1	2.828e5
157.0	2.986e5
158.1	3.795e6
159.1	1.932e6
160.1	6.500e5
161.1	1.539e5
162.1	3.390e5
163.1	2.434e5
164.0	5.350e5
165.1	2.005e5
166.1	1.172e5
166.8	8.619e3
167.4	1.827e5
168.1	1.063e5
169.1	8.138e4
170.1	1.520e5
170.7	4.840e2
171.2	3.866e5
172.1	2.345e5
173.1	2.305e5
173.6	4.051e3
174.2	1.741e5
175.1	1.952e5
175.6	1.794e3
176.1	1.549e5
177.1	4.808e5
178.1	1.520e5
179.2	2.151e5
180.2	1.163e5
181.2	1.551e5
182.1	1.831e5
182.6	2.582e3
183.1	3.204e5
184.1	1.310e5
185.1	4.278e5
186.0	2.247e5
186.6	7.580e2
187.1	6.243e5
188.1	2.022e5
189.1	1.050e5
190.1	1.182e5
191.1	1.898e5
191.6	1.628e3
192.1	2.198e5
192.6	4.310e2
193.1	1.450e5
193.7	8.870e2
194.2	4.045e5
195.1	1.371e5
196.2	3.384e6
197.2	5.652e5
198.3	1.150e6
199.3	2.295e5
200.1	2.040e5
201.1	1.877e5
201.6	9.610e2
202.1	1.191e5
203.1	2.941e5
204.1	1.716e5
204.6	9.970e2
205.1	1.473e5
206.1	1.514e5
207.1	1.828e5
208.1	1.047e5
209.1	4.357e5
210.2	1.523e5
211.1	1.258e5
212.1	1.934e5
213.1	7.430e4
214.2	6.884e6
215.2	9.658e5
216.2	5.684e5
217.2	2.522e5
218.2	6.025e5
219.2	2.462e5
220.2	2.476e5
221.1	1.192e5
222.2	7.475e4
223.1	7.643e4
224.1	1.030e5
224.6	2.319e3
225.1	8.962e4
226.0	1.350e5
226.6	2.836e3
227.1	1.766e5
227.6	5.000e1
228.2	1.190e5
229.2	1.241e5
230.1	7.697e4
230.6	2.697e3
231.1	1.255e5
232.1	2.274e5
232.6	2.219e3
233.1	1.740e5
234.1	1.582e5
235.1	9.437e4
236.2	1.871e6
237.2	5.020e5
238.2	2.190e5
239.1	1.213e5
240.1	6.068e4
240.6	2.200e3
241.1	6.639e4
242.0	2.341e5
243.1	1.637e5
244.1	1.243e5
245.1	1.145e5
246.1	8.207e4
247.1	8.916e4
248.0	9.093e4
248.6	1.900e3
249.1	7.646e4
250.1	1.443e5
251.1	9.039e4
251.6	8.960e2
252.1	1.109e5
253.1	1.980e5
254.1	1.496e5
255.1	2.121e5
255.6	1.422e3
256.1	6.507e4
257.1	8.943e4
258.1	6.160e4
259.1	2.217e5
259.6	3.166e3
260.1	1.139e5
260.6	4.170e3
261.2	1.431e5
262.1	9.105e4
263.0	1.105e5
263.6	1.898e3
264.1	1.096e5
265.1	6.845e4
266.1	7.351e4
267.1	9.879e4
268.1	7.906e4
269.1	6.061e4
270.1	1.002e5
270.6	2.628e3
271.1	1.590e5
272.1	7.549e4
273.2	1.234e5
274.1	9.118e4
275.0	2.260e5
276.0	1.118e5
276.6	1.148e3
277.1	1.620e5
277.7	1.321e3
278.2	6.843e4
278.7	7.200e2
279.2	1.491e5
280.1	5.517e4
281.1	9.743e4
282.1	6.320e4
282.6	3.565e3
283.2	6.166e4
284.1	6.520e4
285.2	1.030e5
286.1	8.372e4
287.1	6.743e4
288.1	8.197e4
288.6	1.520e3
289.1	7.810e4
289.7	2.567e3
290.2	1.265e5
291.1	1.272e5
291.6	1.505e3
292.1	7.979e4
293.0	7.296e4
293.5	1.764e3
294.1	9.094e4
295.1	5.215e4
295.6	1.170e3
296.1	6.296e4
296.7	4.506e3
297.2	4.428e4
298.2	7.927e4
299.2	4.173e4
300.0	5.307e4
300.6	2.016e3
301.2	6.601e4
302.1	4.716e4
303.2	1.004e5
304.1	8.612e4
304.6	8.480e2
305.1	1.159e5
305.7	3.400e2
306.2	5.741e4
307.0	4.699e4
307.6	2.020e3
308.2	9.487e4
309.1	8.982e4
309.7	9.920e2
310.2	7.819e4
311.2	6.818e4
312.1	6.051e4
313.1	1.161e5
314.1	1.022e5
315.2	6.123e4
315.7	7.960e2
316.2	9.598e4
317.2	6.381e4
318.2	4.312e4
319.1	9.648e4
320.1	5.481e4
321.1	1.396e5
322.1	6.049e4
323.1	6.595e4
323.6	9.730e2
324.1	5.386e4
324.7	3.060e2
325.2	5.464e4
326.2	1.427e5
327.2	8.228e4
328.1	5.865e4
329.1	8.305e4
330.1	6.216e4
330.6	6.500e2
331.1	2.637e5
332.1	1.735e5
333.1	1.217e5
334.1	8.284e4
334.6	1.700e2
335.1	6.174e4
336.1	5.405e4
337.1	7.958e4
338.1	4.393e4
338.6	5.730e2
339.1	6.066e4
340.0	7.334e4
340.5	7.898e3
341.1	5.226e4
342.1	5.486e4
343.1	5.433e4
344.1	5.679e4
344.6	1.563e3
345.2	7.487e4
346.1	5.885e4
347.2	7.708e4
348.1	1.794e5
348.6	2.675e3
349.2	2.645e5
350.1	7.618e4
351.1	9.027e4
351.6	1.207e3
352.1	5.180e4
353.0	5.909e4
353.6	3.003e3
354.1	1.815e5
355.2	9.443e4
356.1	4.996e4
357.1	6.006e4
357.6	4.220e2
358.1	5.079e4
359.1	1.490e5
359.6	9.160e2
360.1	5.215e4
360.6	5.080e2
361.2	6.350e4
362.1	5.291e4
362.6	1.016e3
363.1	7.735e4
363.6	8.970e2
364.2	1.106e5
365.2	6.349e4
366.1	8.596e4
366.6	9.750e2
367.1	5.416e4
368.1	4.525e4
369.1	3.952e4
370.1	4.986e4
371.1	6.191e4
372.0	4.032e4
372.9	4.944e4
373.5	1.005e4
374.1	5.117e4
374.6	9.100e2
375.1	5.324e4
375.7	1.204e3
376.2	5.681e4
377.1	7.308e4
378.1	6.192e4
379.1	5.052e4
380.1	4.277e4
380.6	2.393e3
381.2	9.225e4
382.1	3.667e4
382.8	1.353e4
383.4	6.181e4
384.3	2.282e4
385.1	3.811e4
386.1	4.063e4
387.1	3.070e4
388.0	4.475e4
388.5	1.580e2
389.0	3.285e4
389.6	1.300e1
390.1	3.728e4
390.6	1.348e3
391.2	5.335e4
392.2	4.883e4
392.7	3.406e3
393.3	8.257e4
394.2	3.543e4
395.0	7.246e4
395.6	2.354e3
396.1	3.835e4
397.1	3.349e4
398.1	3.495e4
398.6	1.140e3
399.1	4.982e4
399.7	4.832e3
400.4	3.274e4
401.1	2.745e4
402.0	3.319e4
403.0	3.661e4
404.0	4.079e4
404.5	1.010e2
405.1	3.342e4
406.1	4.384e4
406.7	1.085e3
407.2	4.933e4
408.1	2.591e4
408.6	8.560e2
409.1	5.580e4
410.1	3.165e4
411.1	6.623e4
411.9	5.050e4
412.5	5.902e3
413.1	5.997e4
414.0	3.030e4
414.9	4.550e4
415.5	2.764e3
416.1	3.831e4
416.6	1.223e3
417.2	3.954e4
418.1	1.149e4
418.9	2.644e4
419.7	3.942e4
420.4	5.744e3
421.1	3.330e4
422.2	4.088e4
423.1	2.974e4
424.1	2.603e4
424.6	2.070e2
425.1	3.133e4
426.0	2.532e4
426.6	1.675e3
427.1	6.831e4
428.1	2.738e4
428.6	5.630e2
429.1	4.468e4
430.1	3.442e4
431.1	5.218e4
431.6	1.850e2
432.1	3.841e4
432.6	8.400e2
433.2	3.576e4
434.2	3.219e4
434.7	4.840e2
435.2	3.360e4
435.7	1.608e3
436.2	2.427e4
436.8	2.531e3
437.3	5.531e4
438.1	2.316e4
438.6	3.274e3
439.2	2.737e4
440.2	1.971e4
441.2	2.902e4
442.1	1.851e4
443.1	4.154e4
444.0	2.730e4
445.0	2.712e4
446.0	9.142e4
447.0	3.195e4
447.5	1.141e3
448.1	3.812e4
448.6	3.190e2
449.2	5.015e4
449.7	4.119e3
450.3	3.534e4
451.2	2.432e4
452.1	2.519e4
452.6	3.429e3
453.3	2.760e4
454.2	1.879e4
455.2	3.059e4
456.2	2.065e4
457.1	3.162e4
458.1	1.953e4
459.1	2.885e4
459.6	2.720e2
460.1	2.506e4
461.1	3.149e4
462.0	2.402e4
462.6	1.600e3
463.1	3.589e4
464.0	2.075e4
465.0	2.782e4
465.6	2.723e3
466.2	2.850e4
467.0	1.309e4
467.8	3.378e4
468.6	1.606e5
469.4	4.257e4
470.3	2.071e4
471.0	4.513e3
471.6	3.073e4
472.3	9.259e3
473.0	3.092e4
473.7	2.576e3
474.4	2.361e4
475.2	1.753e4
476.1	3.171e4
476.6	7.740e2
477.1	2.446e4
478.0	2.210e4
479.0	3.976e4
480.0	2.500e4
480.6	3.754e3
481.2	3.865e4
482.1	1.634e4
483.1	2.647e4
484.0	3.447e4
485.0	1.276e4
486.0	2.188e4
486.5	1.922e3
487.0	2.143e4
487.6	2.280e2
488.1	1.802e4
489.1	3.196e4
490.0	3.222e4
490.6	4.790e2
491.1	2.703e4
492.0	2.027e4
492.6	2.108e3
493.2	2.756e4
494.1	1.823e4
494.9	4.221e4
495.5	3.770e2
496.1	2.442e4
497.0	3.514e4
497.7	1.715e3
498.3	4.007e4
499.3	3.128e4
500.0	1.420e4
500.8	2.072e4
501.8	2.113e4
502.6	3.096e4
503.2	4.510e3
503.9	2.767e4
504.9	2.328e4
505.4	2.940e2
506.0	2.608e4
506.6	5.064e3
507.3	2.150e4
508.3	1.249e4
509.2	2.433e4
510.1	2.026e4
511.0	3.789e4
512.0	2.029e4
512.6	3.882e3
513.3	2.970e4
513.9	5.889e3
514.6	2.601e4
515.4	1.091e4
516.2	1.917e4
517.1	2.433e4
518.0	1.622e4
518.5	1.159e3
519.0	2.098e4
519.6	4.740e2
520.1	2.304e4
520.7	2.860e3
521.2	2.321e4
522.2	2.220e4
523.2	2.310e4
524.2	2.032e4
525.2	3.702e4
526.2	4.573e4
527.2	3.695e4
528.1	2.549e4
529.1	2.097e4
530.1	1.451e4
530.6	1.676e3
531.2	2.120e4
532.1	1.707e4
533.1	2.895e4
533.6	5.310e2
534.1	1.504e4
534.9	1.592e4
535.5	5.900e2
536.1	2.159e4
536.7	3.119e3
537.3	2.082e4
537.9	5.723e3
538.6	1.921e4
539.5	2.379e4
540.3	5.346e3
541.0	2.346e4
542.0	1.766e4
542.7	6.884e3
543.4	2.978e4
544.1	1.482e4
544.9	2.288e4
545.5	5.590e2
546.0	1.977e4
547.0	3.013e4
547.6	2.538e3
548.2	1.572e4
548.9	7.095e3
549.7	1.180e4
550.6	1.586e4
551.4	2.989e3
552.1	1.898e4
552.9	1.577e4
553.5	1.254e3
554.0	1.733e4
554.7	5.235e3
555.4	1.602e4
556.2	1.315e4
557.1	2.238e4
558.0	1.374e4
558.6	2.151e3
559.2	1.700e4
560.1	2.227e4
561.0	1.835e4
561.6	1.879e3
562.1	1.762e4
563.2	2.806e4
564.1	2.013e4
565.1	1.876e4
566.0	8.685e3
566.7	1.655e4
567.4	5.043e3
568.1	2.064e4
568.9	5.155e3
569.5	1.905e4
570.5	1.597e4
571.0	6.560e2
571.6	1.566e4
572.3	4.496e3
573.0	2.175e4
574.0	1.360e4
574.5	5.630e2
575.1	2.043e4
575.6	2.920e2
576.3	1.536e4
577.0	6.441e3
577.8	1.424e4
578.4	1.290e3
578.9	1.876e4
579.5	2.113e3
580.1	1.610e4
581.0	1.631e4
582.0	2.368e4
582.8	1.191e4
583.5	3.269e3
584.2	1.529e4
585.1	1.347e4
585.9	6.545e3
586.8	1.944e4
587.4	2.363e3
588.1	1.243e4
589.1	9.354e3
589.6	1.449e3
590.3	1.609e4
591.2	1.978e4
591.8	2.360e3
592.4	1.362e4
593.1	4.919e3
593.8	1.315e4
594.8	1.882e4
595.5	1.206e3
596.0	1.124e4
596.9	3.847e4
597.9	2.179e4
598.5	2.470e2
599.1	1.212e4
599.6	1.130e2
600.1	1.406e4
601.1	1.464e4
602.0	1.308e4
602.6	1.230e3
603.2	1.277e4
604.0	7.155e3
604.9	1.098e4
605.5	1.122e3
606.1	1.661e4
606.9	5.026e3
607.6	1.495e4
608.4	7.378e3
609.2	1.676e4
610.2	1.808e4
610.7	3.820e2
611.3	1.059e4
612.0	3.303e3
612.7	1.798e4
613.4	6.887e3
614.3	4.459e3
615.1	2.199e4
615.7	2.069e3
616.3	1.015e4
617.2	1.891e4
618.1	1.089e4
618.9	9.659e3
619.6	1.001e3
620.1	1.337e4
620.8	2.738e3
621.5	8.968e3
622.5	8.877e3
623.3	3.732e3
624.0	9.955e3
625.0	1.568e4
625.9	9.433e3
626.8	1.453e4
627.7	1.356e4
628.2	2.630e2
628.8	1.026e4
629.4	2.086e3
630.1	1.355e4
631.0	1.531e4
631.8	9.262e3
632.6	1.275e4
633.4	1.726e4
634.1	1.193e3
634.7	1.047e4
635.6	1.573e4
636.7	1.071e4
637.2	1.820e2
637.7	1.029e4
638.8	8.343e3
639.5	4.230e3
640.3	9.353e3
640.9	1.120e3
641.4	1.326e4
642.2	4.609e3
642.9	4.012e3
643.6	1.822e4
644.3	6.025e3
645.1	8.217e3
646.0	9.860e3
646.9	1.747e4
647.7	6.241e3
648.7	9.517e3
649.7	1.461e4
650.4	2.104e3
651.1	1.303e4
651.7	1.514e3
652.3	8.442e3
653.0	1.790e3
653.7	1.239e4
654.3	2.598e3
655.0	7.233e3
655.8	1.364e4
656.7	7.413e3
657.6	1.210e4
658.2	9.170e2
658.7	1.056e4
659.6	1.249e4
660.5	9.939e3
661.2	3.626e3
661.8	6.806e3
662.8	1.528e4
663.4	1.317e3
664.0	1.049e4
664.9	1.486e4
665.9	8.679e3
666.9	9.396e3
667.5	1.258e3
668.1	9.874e3
669.1	1.103e4
670.0	6.897e3
670.9	1.201e4
671.9	6.167e3
672.9	1.012e4
673.7	5.557e3
674.5	1.146e4
675.5	7.766e3
676.1	9.810e2
676.8	1.579e4
677.7	5.873e3
678.6	1.107e4
679.1	1.680e2
679.6	8.027e3
680.6	1.156e4
681.3	4.160e3
682.0	7.500e3
683.0	8.621e3
684.1	7.972e3
685.0	7.631e3
685.9	1.343e4
686.6	1.011e3
687.1	9.917e3
687.8	7.010e2
688.5	7.401e3
689.1	4.031e3
689.9	7.334e3
690.8	5.089e3
691.4	2.220e3
692.0	9.033e3
693.0	9.338e3
694.0	9.540e3
695.0	1.403e4
695.9	8.525e3
696.9	1.246e4
697.8	6.763e3
698.4	2.073e3
699.1	1.325e4
699.9	9.860e3
700.5	9.020e2
701.0	1.085e4
701.6	2.070e2
702.1	1.290e4
703.2	1.136e4
703.8	8.060e2
704.5	6.160e3
705.5	1.684e4
706.4	1.252e4
707.3	5.092e3
708.0	1.238e3
708.7	9.671e3
709.3	2.000e3
710.1	1.212e4
711.0	5.223e3
711.8	8.660e3
712.4	1.313e3
712.9	6.007e3
714.0	1.033e4
714.5	1.560e2
715.0	1.661e4
715.6	5.550e2
716.2	9.115e3
717.0	7.860e3
717.9	1.254e4
718.6	4.044e3
719.3	1.177e4
719.9	1.574e3
720.6	5.533e3
721.6	9.380e3
722.2	1.172e3
722.9	6.660e3
723.5	1.092e3
724.1	7.758e3
725.0	1.328e4
726.0	1.088e4
726.9	1.186e4
727.9	5.965e3
728.9	1.431e4
729.8	4.918e3
730.7	1.383e4
731.7	1.017e4
732.3	1.334e3
732.9	1.625e4
733.9	9.333e3
734.4	8.150e2
734.9	9.556e3
735.9	7.791e3
736.5	1.062e3
737.1	7.004e3
738.0	1.157e4
738.6	3.600e2
739.1	8.300e3
740.0	6.376e3
741.0	1.024e4
741.9	3.241e3
742.5	1.055e4
743.3	4.951e3
744.1	5.020e3
745.0	1.087e4
745.8	5.816e3
746.8	8.405e3
747.7	1.112e4
748.7	1.175e4
749.6	4.113e3
750.4	1.285e4
751.3	7.613e3
752.1	2.354e3
752.7	8.410e2
753.3	7.108e3
754.1	6.601e3
754.7	7.490e2
755.3	1.185e4
756.0	2.617e3
756.8	1.059e4
757.4	3.458e3
758.2	6.729e3
758.8	2.009e3
759.5	1.206e4
760.5	6.337e3
761.1	8.390e2
761.8	7.564e3
762.7	9.136e3
763.7	8.003e3
764.5	3.421e3
765.3	6.178e3
766.0	4.960e2
766.6	1.153e4
767.5	4.627e3
768.3	9.242e3
769.0	8.610e2
769.6	8.015e3
770.4	1.446e3
771.0	1.274e4
771.7	1.684e3
772.4	9.225e3
773.1	5.214e3
774.0	5.124e3
774.7	2.706e3
775.4	7.976e3
776.3	4.524e3
777.2	1.097e4
777.9	4.941e3
778.4	1.167e3
779.0	6.008e3
780.0	8.056e3
781.1	1.025e4
782.0	5.771e3
782.8	1.077e4
783.8	6.696e3
784.6	3.137e3
785.6	7.667e3
786.5	4.777e3
787.0	7.160e2
787.8	6.317e3
788.8	8.559e3
789.5	1.204e3
790.1	9.016e3
791.0	6.060e3
792.0	5.403e3
793.0	9.826e3
793.6	2.180e2
794.1	9.464e3
795.2	6.721e3
795.9	2.936e3
796.7	6.328e3
797.5	7.428e3
798.4	4.061e3
799.5	1.051e4
800.2	3.680e3
800.8	3.370e3
801.6	6.259e3
802.1	6.910e2
802.6	1.220e4
803.2	2.510e2
803.7	6.607e3
804.3	1.847e3
804.8	7.755e3
805.8	6.489e3
806.6	3.531e3
807.3	7.747e3
808.1	1.244e3
808.8	8.265e3
809.6	9.980e3
810.2	1.870e3
810.9	6.769e3
811.8	6.602e3
812.9	4.559e3
813.6	1.017e4
814.6	6.540e3
815.3	1.857e3
816.0	9.244e3
817.0	6.004e3
817.9	2.748e3
818.8	9.702e3
819.8	6.483e3
820.5	1.830e3
821.0	7.103e3
821.5	2.240e2
822.1	6.483e3
822.9	2.169e3
823.7	8.813e3
824.3	2.254e3
825.0	8.442e3
825.6	3.790e2
826.2	8.274e3
827.1	3.050e3
827.9	6.654e3
828.9	5.387e3
829.8	7.468e3
830.9	7.772e3
831.4	5.810e2
832.0	4.387e3
832.8	6.693e3
833.6	6.118e3
834.3	1.216e3
834.8	4.761e3
835.7	9.425e3
836.7	6.515e3
837.2	1.609e3
837.8	7.411e3
838.6	3.973e3
839.4	3.863e3
840.3	2.110e3
841.1	4.502e3
842.0	2.451e3
843.0	9.281e3
843.9	1.023e4
844.5	1.323e3
845.1	8.747e3
845.8	4.610e3
846.8	6.723e3
847.5	2.788e3
848.2	9.817e3
849.1	5.019e3
849.9	2.101e3
850.8	1.091e4
851.7	3.942e3
852.6	7.383e3
853.7	8.181e3
854.5	4.000e3
855.3	2.541e3
856.1	4.554e3
856.8	6.851e3
857.5	9.530e2
858.3	2.684e3
859.0	1.762e3
859.7	1.163e4
860.5	1.766e3
861.3	8.816e3
861.8	2.520e2
862.4	7.317e3
863.0	1.158e3
863.6	5.213e3
864.2	7.020e2
864.9	9.439e3
865.8	5.088e3
866.7	6.858e3
867.8	5.293e3
868.4	1.192e3
869.1	5.941e3
869.9	3.361e3
870.9	7.520e3
871.4	2.900e1
872.2	9.278e3
872.9	1.961e3
873.9	8.728e3
874.7	1.169e3
875.3	7.885e3
876.0	4.705e3
876.6	7.360e2
877.3	3.394e3
878.1	1.226e3
878.8	4.572e3
879.8	5.847e3
880.5	2.816e3
881.2	7.708e3
882.2	5.918e3
882.7	5.560e2
883.2	9.098e3
884.0	3.250e2
884.6	4.673e3
885.7	7.969e3
886.4	2.456e3
887.2	5.117e3
888.0	7.766e3
889.0	4.376e3
889.9	8.408e3
891.0	8.531e3
891.7	1.588e3
892.3	6.492e3
893.3	4.721e3
894.0	1.660e3
895.0	7.688e3
895.9	3.696e3
896.8	1.355e3
897.7	5.149e3
898.6	3.917e3
899.2	3.390e2
899.8	3.555e3
900.4	4.210e2
901.0	6.297e3
901.8	1.352e3
902.5	5.686e3
903.4	6.934e3
904.3	2.548e3
905.1	4.397e3
905.8	8.540e2
906.6	6.623e3
907.2	9.040e2
907.8	6.845e3
908.6	1.045e4
909.6	6.673e3
910.2	1.517e3
910.8	5.766e3
911.4	2.680e2
912.0	3.112e3
912.8	4.633e3
913.4	6.010e2
914.0	3.954e3
915.0	3.026e3
915.8	4.129e3
916.6	7.023e3
917.4	3.795e3
918.1	6.629e3
919.1	8.428e3
919.9	4.880e3
920.8	6.577e3
921.5	6.132e3
922.8	5.465e3
923.8	6.864e3
924.5	1.170e2
925.1	4.378e3
925.9	6.056e3
926.7	6.172e3
927.8	4.355e3
928.7	3.513e3
929.4	3.950e2
930.0	6.808e3
930.5	5.490e2
931.1	6.747e3
932.1	5.022e3
933.1	9.062e3
934.0	3.827e3
934.8	9.467e3
935.7	4.309e3
936.4	1.456e3
937.3	8.926e3
937.9	1.094e3
939.0	6.053e3
939.7	1.450e3
940.5	5.858e3
941.2	1.287e3
942.0	5.303e3
942.8	2.833e3
943.9	6.068e3
944.8	5.871e3
945.8	6.280e3
946.8	9.639e3
947.6	4.556e3
948.4	2.463e3
949.2	6.411e3
950.2	7.301e3
950.9	1.714e3
951.7	7.504e3
952.5	4.977e3
953.1	4.400e2
953.7	5.542e3
954.5	1.335e3
955.1	3.647e3
955.8	1.764e3
956.7	5.768e3
957.8	1.547e4
958.7	5.690e3
959.6	5.396e3
960.6	4.863e3
961.4	7.868e3
962.5	4.112e3
963.3	8.530e3
964.2	2.982e3
965.1	6.530e3
966.2	4.760e3
967.1	5.085e3
967.9	1.102e3
968.6	6.068e3
969.1	2.670e2
969.7	6.979e3
970.5	3.720e3
971.4	6.141e3
972.4	6.787e3
973.0	1.418e3
974.0	3.094e3
975.0	3.913e3
976.1	8.969e3
976.8	1.459e3
977.4	6.306e3
977.9	4.750e2
978.5	5.250e3
979.1	1.414e3
979.9	7.844e3
980.5	2.760e2
981.1	5.680e3
981.9	2.937e3
982.7	2.516e3
983.4	7.075e3
984.1	1.638e3
985.0	7.259e3
985.8	6.995e3
986.7	2.613e3
987.5	7.395e3
988.4	4.236e3
989.0	3.812e3
989.8	4.009e3
990.5	9.130e2
991.1	1.239e3
992.0	4.759e3
992.9	1.922e3
993.7	6.094e3
994.6	3.641e3
995.5	5.293e3
996.2	9.170e2
996.9	4.258e3
997.5	5.920e2
998.1	4.321e3
998.8	1.948e3
999.6	7.483e3
1000.3	2.032e3
1001.2	5.216e3
1002.1	5.509e3
1003.0	6.513e3
1003.9	6.156e3
1004.7	2.760e3
1005.5	7.998e3
1006.5	1.514e3
1007.5	2.524e3
1008.2	9.380e2
1008.8	8.416e3
1009.7	7.060e3
1010.4	5.610e2
1011.0	8.925e3
1011.6	8.650e2
1012.2	6.733e3
1013.0	4.710e2
1013.6	3.952e3
1014.2	5.350e2
1014.7	4.436e3
1015.9	1.716e3
1016.8	7.162e3
1017.6	2.850e3
1018.4	9.710e2
1019.1	6.577e3
1020.1	5.300e3
1020.8	1.838e3
1021.4	9.771e3
1022.1	1.022e3
1022.8	1.988e3
1023.7	2.266e3
1024.2	4.690e2
1024.8	5.428e3
1025.6	3.410e3
1026.4	1.593e3
1027.0	3.417e3
1027.8	5.279e3
1028.8	6.786e3
1030.0	3.999e3
1030.7	3.977e3
1031.5	3.822e3
1032.3	3.672e3
1033.2	3.311e3
1033.9	4.114e3
1034.4	1.500e2
1034.9	4.609e3
1035.8	5.221e3
1036.8	5.374e3
1037.5	2.948e3
1038.2	1.541e3
1038.8	2.886e3
1039.7	2.934e3
1040.3	7.090e2
1041.0	5.432e3
1041.9	1.284e3
1042.5	5.350e2
1043.1	5.599e3
1044.0	4.017e3
1044.8	3.605e3
1045.8	7.086e3
1046.8	4.950e3
1047.6	6.213e3
1048.2	1.050e2
1048.7	3.084e3
1049.4	2.336e3
1050.3	1.407e3
1050.9	5.813e3
1051.7	1.193e3
1052.5	7.851e3
1053.4	5.071e3
1054.0	1.041e3
1054.9	2.280e3
1055.7	3.201e3
1056.3	2.450e2
1056.8	7.048e3
1057.4	3.200e1
1057.9	2.287e3
1058.8	4.257e3
1059.6	3.095e3
1060.5	5.578e3
1061.5	4.660e3
1062.3	2.452e3
1063.2	4.842e3
1064.0	4.476e3
1064.8	1.835e3
1065.6	2.864e3
1066.6	4.255e3
1067.4	2.645e3
1068.0	3.690e2
1068.6	5.191e3
1069.3	8.020e2
1069.9	6.890e3
1070.5	1.019e3
1071.1	3.372e3
1071.9	4.950e2
1072.5	1.819e3
1073.0	1.150e2
1073.5	4.636e3
1074.1	4.870e2
1074.7	3.422e3
1075.6	8.243e3
1076.5	3.358e3
1077.6	4.083e3
1078.5	7.269e3
1079.0	6.440e2
1079.6	6.063e3
1080.4	9.770e2
1081.2	5.224e3
1082.0	1.385e3
1083.1	5.409e3
1084.0	1.948e3
1084.9	3.497e3
1085.8	2.958e3
1086.5	7.870e2
1087.2	5.634e3
1087.7	1.162e3
1088.3	7.458e3
1089.7	4.418e3
1090.3	4.700e1
1090.9	3.468e3
1091.9	4.330e3
1092.4	2.970e2
1093.0	2.710e3
1093.8	1.456e3
1094.9	5.349e3
1095.8	2.063e3
1096.5	4.506e3
1097.5	2.370e3
1098.3	1.086e3
1098.9	1.935e3
1099.8	4.333e3
1100.3	1.580e2
1100.9	4.421e3
1101.5	9.550e2
1102.4	5.563e3
1103.0	3.060e2
1103.5	3.666e3
1104.5	4.074e3
1105.4	6.077e3
1106.0	2.990e2
1106.6	7.166e3
1107.2	3.860e2
1107.8	1.042e3
1108.5	4.820e3
1109.3	3.784e3
1110.1	4.010e2
1110.7	4.012e3
1111.4	6.210e2
1112.1	3.004e3
1113.2	3.389e3
1114.1	5.455e3
1114.8	1.933e3
1115.6	4.127e3
1116.7	7.046e3
1117.2	1.488e3
1118.1	2.562e3
1119.0	2.275e3
1119.7	6.154e3
1120.2	1.320e2
1120.9	5.022e3
1121.9	4.298e3
1122.9	3.705e3
1123.8	3.078e3
1124.6	6.924e3
1125.1	6.100e2
1126.0	4.732e3
1127.0	5.456e3
1128.0	6.650e3
1128.9	3.249e3
1129.8	4.456e3
1130.5	2.980e2
1131.5	2.781e3
1132.3	1.328e3
1133.0	5.125e3
1133.9	1.865e3
1134.7	1.193e4
1135.7	2.028e3
1136.7	5.099e3
1137.9	5.115e3
1138.7	1.294e3
1139.3	9.400e1
1139.8	2.100e3
1140.7	5.754e3
1141.3	4.890e2
1141.8	2.598e3
1142.5	4.378e3
1143.1	2.150e2
1143.6	8.500e2
1144.4	5.749e3
1145.1	1.533e3
1145.8	3.213e3
1146.8	2.021e3
1147.7	6.193e3
1148.7	3.235e3
1149.7	4.495e3
1150.6	2.890e3
1151.7	2.704e3
1152.5	4.407e3
1153.4	4.114e3
1153.9	9.800e1
1154.5	3.305e3
1155.0	2.330e2
1155.6	4.917e3
1156.1	1.530e2
1156.8	3.937e3
1157.6	5.270e2
1158.4	4.207e3
1159.3	3.400e2
1159.8	5.532e3
1160.5	1.292e3
1161.1	2.044e3
1161.8	7.249e3
1162.4	9.580e2
1163.0	2.542e3
1163.7	6.295e3
1164.7	4.396e3
1165.3	1.598e3
1166.0	5.190e3
1166.7	4.130e2
1167.2	2.781e3
1168.0	2.765e3
1168.9	5.419e3
1169.5	2.390e2
1170.0	5.651e3
1171.1	4.752e3
1171.9	2.463e3
1172.8	3.334e3
1173.8	3.869e3
1174.5	4.900e2
1175.1	4.026e3
1176.2	4.185e3
1177.1	2.083e3
1178.0	2.232e3
1178.9	3.208e3
1179.8	8.205e3
1180.7	2.925e3
1181.6	8.020e2
1182.4	5.063e3
1183.3	2.341e3
1184.0	4.194e3
1184.7	1.320e2
1185.2	4.057e3
1186.3	2.276e3
1187.3	2.809e3
1188.2	1.783e3
1189.2	1.525e3
1190.1	5.669e3
1191.0	6.908e3
1191.8	1.305e3
1192.6	1.051e3
1193.3	2.647e3
1194.2	1.338e3
1195.1	2.782e3
1196.0	3.301e3
1197.2	2.294e3
1197.9	5.028e3
1198.7	1.108e3
1199.4	4.202e3
1200.5	3.619e3
1201.1	6.223e3
1202.0	2.573e3
1202.9	5.476e3
1203.5	4.330e2
1204.3	4.840e3
1205.1	2.634e3
1205.9	5.350e3
1206.5	1.420e2
1207.0	3.006e3
1208.0	3.962e3
1208.8	1.908e3
1209.5	5.602e3
1210.1	3.760e2
1210.7	3.166e3
1211.5	1.959e3
1212.1	4.337e3
1212.7	2.970e2
1213.5	6.560e3
1214.1	6.450e2
1214.7	4.435e3
1215.4	1.731e3
1216.2	3.039e3
1216.8	4.400e1
1217.3	4.340e3
1217.9	1.240e2
1218.5	2.382e3
1219.4	3.081e3
1220.5	2.451e3
1221.0	5.940e2
1221.6	2.666e3
1222.5	2.905e3
1223.3	6.807e3
1224.3	4.980e3
1225.2	3.448e3
1225.9	1.003e3
1226.7	5.623e3
1227.7	2.309e3
1228.3	8.940e2
1229.0	1.922e3
1230.0	4.966e3
1230.8	2.692e3
1231.7	3.703e3
1232.8	2.951e3
1233.9	4.451e3
1234.8	1.492e3
1235.5	3.214e3
1236.3	3.070e2
1237.0	3.924e3
1237.9	2.018e3
1238.8	5.935e3
1239.7	2.897e3
1240.4	3.120e2
1240.9	2.833e3
1241.9	2.356e3
1242.5	2.920e2
1243.0	3.278e3
1243.6	5.010e2
1244.2	3.378e3
1245.2	2.888e3
1246.2	5.939e3
1247.0	2.982e3
1247.8	1.696e3
1248.6	4.003e3
1249.3	9.160e2
1249.9	3.402e3
1250.6	3.322e3
1251.2	1.140e2
1251.9	4.218e3
1253.1	2.842e3
1254.1	8.352e3
1254.9	6.980e2
1255.8	5.470e2
1256.4	2.452e3
1257.5	3.288e3
1258.2	6.760e2
1258.8	6.391e3
1259.8	2.617e3
1260.3	3.900e1
1260.8	3.583e3
1261.8	3.121e3
1262.7	3.212e3
1263.6	3.740e2
1264.4	5.352e3
1265.2	1.761e3
1265.9	2.182e3
1266.8	2.815e3
1267.8	3.920e3
1268.7	2.811e3
1269.4	5.427e3
1270.5	5.023e3
1271.6	2.731e3
1272.1	2.460e2
1272.8	5.227e3
1273.5	4.410e2
1274.2	3.434e3
1274.9	1.603e3
1275.7	4.299e3
1276.4	6.360e2
1277.0	1.202e3
1277.7	2.826e3
1278.8	4.240e3
1279.5	2.528e3
1280.1	5.750e2
1280.7	4.456e3
1281.4	9.770e2
1282.1	6.640e2
1282.8	4.074e3
1283.8	2.108e3
1284.4	3.750e2
1285.0	2.722e3
1286.0	2.707e3
1286.8	4.690e2
1287.4	5.107e3
1288.1	2.343e3
1289.1	9.640e2
1289.7	2.625e3
1290.6	4.727e3
1291.4	2.843e3
1292.2	1.779e3
1292.9	1.603e3
1293.6	2.643e3
1294.7	3.017e3
1295.3	8.330e2
1295.9	4.351e3
1296.7	6.440e2
1297.3	5.384e3
1297.9	9.480e2
1298.5	2.200e2
1299.2	3.440e3
1300.0	2.167e3
1300.9	3.238e3
1301.6	2.090e2
1302.1	3.219e3
1303.0	5.736e3
1303.8	2.465e3
1304.8	2.060e3
1305.3	1.590e2
1306.0	3.084e3
1306.8	1.875e3
1307.6	3.631e3
1308.4	1.602e3
1309.3	6.750e2
1310.2	4.587e3
1311.1	1.803e3
1312.0	2.876e3
1312.9	2.979e3
1313.7	2.148e3
1314.3	3.270e2
1315.1	2.009e3
1316.0	1.740e2
1316.7	1.276e3
1317.4	2.051e3
1318.3	2.352e3
1319.1	1.072e3
1320.0	1.952e3
1320.7	8.740e2
1321.4	1.548e3
1322.0	3.290e2
1322.6	6.047e3
1323.4	9.570e2
1324.3	3.968e3
1324.8	9.700e2
1325.4	4.973e3
1325.9	2.770e2
1326.6	4.018e3
1327.1	2.710e2
1327.6	4.182e3
1328.1	2.340e2
1329.0	7.399e3
1329.9	9.400e2
1330.6	1.780e2
1331.3	1.608e3
1332.3	6.770e2
1333.0	1.569e3
1333.8	7.571e3
1334.6	1.311e3
1335.4	5.365e3
1336.0	6.130e2
1336.6	9.553e3
1337.7	5.824e3
1338.7	1.391e3
1339.6	1.245e3
1340.5	3.083e3
1341.2	7.711e3
1342.2	1.649e3
1343.0	1.316e3
1343.8	5.672e3
1344.5	1.201e3
1345.2	4.482e3
1346.2	2.714e3
1347.5	3.201e3
1348.3	1.695e3
1348.9	6.688e3
1349.4	6.750e2
1350.0	1.822e3
1351.0	3.427e3
1351.7	1.579e3
1352.4	7.125e3
1353.2	8.810e2
1353.9	1.275e3
1354.6	5.292e3
1355.1	4.430e2
1355.8	6.007e3
1356.6	2.490e2
1357.3	2.958e3
1358.4	3.519e3
1359.2	1.925e3
1359.9	6.710e2
1360.8	6.275e3
1361.7	3.187e3
1362.2	3.330e2
1362.8	3.022e3
1363.6	2.545e3
1364.6	1.048e3
1365.3	4.790e3
1366.2	1.214e3
1367.2	1.149e3
1367.8	5.386e3
1368.6	3.259e3
1369.4	8.810e2
1370.2	3.721e3
1371.0	1.282e3
1371.8	3.360e3
1372.6	5.012e3
1373.7	4.334e3
1374.8	1.825e3
1375.7	5.530e2
1376.4	3.427e3
1377.3	2.613e3
1378.4	3.805e3
1379.4	1.904e3
1380.4	2.760e3
1381.3	3.145e3
1382.1	5.092e3
1383.1	1.137e3
1383.9	2.067e3
1384.8	5.758e3
1385.6	1.010e2
1386.1	3.368e3
1387.0	1.781e3
1387.7	4.180e2
1388.4	4.109e3
1389.3	1.156e3
1389.9	7.020e2
1390.5	3.783e3
1391.0	2.360e2
1391.6	3.455e3
1392.7	2.503e3
1393.7	2.181e3
1394.8	2.865e3
1395.5	1.505e3
1396.3	1.995e3
1397.1	1.922e3
1397.6	5.550e2
1398.2	2.763e3
1398.9	2.008e3
1399.5	4.460e2
1400.1	2.956e3
1401.1	7.860e2
1402.1	1.734e3
1402.7	4.930e2
1403.6	3.125e3
1404.4	2.810e3
1405.1	1.939e3
1405.7	9.000e1
1406.6	1.377e3
1407.4	6.060e2
1408.1	2.289e3
1408.9	6.020e2
1409.6	5.643e3
1410.6	4.900e2
1411.3	2.491e3
1412.2	5.327e3
1413.0	1.802e3
1413.8	1.201e3
1414.5	5.070e2
1415.2	2.652e3
1416.0	1.694e3
1416.9	3.660e3
1417.8	2.412e3
1418.6	2.986e3
1419.8	2.190e3
1420.7	5.700e2
1421.4	7.370e2
1422.0	2.599e3
1422.7	1.459e3
1423.5	4.546e3
1424.5	7.240e2
1425.1	5.912e3
1426.2	5.430e2
1426.8	2.807e3
1427.6	6.930e2
1428.7	4.075e3
1429.6	1.513e3
1431.4	1.427e3
1432.3	3.998e3
1432.9	4.550e2
1433.5	2.674e3
1434.4	1.890e2
1435.0	4.221e3
1436.3	3.266e3
1437.6	3.056e3
1438.5	1.940e3
1439.5	2.593e3
1440.4	2.210e3
1441.3	1.808e3
1442.5	4.301e3
1443.1	7.850e2
1443.8	2.110e3
1444.6	3.870e2
1445.5	3.886e3
1446.4	1.915e3
1447.2	1.059e3
1447.7	2.770e2
1448.3	5.129e3
1449.0	1.173e3
1449.9	2.813e3
1450.5	3.750e2
1451.2	2.065e3
1452.1	2.022e3
1452.8	2.345e3
1453.9	3.474e3
1454.9	4.570e3
1455.8	2.610e2
1456.5	2.675e3
1457.2	1.123e3
1457.8	4.220e2
1458.4	3.267e3
1459.1	3.382e3
1459.7	9.500e1
1460.2	2.239e3
1460.8	8.900e1
1461.6	4.480e3
1462.7	2.272e3
1463.8	2.303e3
1464.8	2.056e3
1465.8	4.880e2
1466.8	3.060e3
1467.6	5.550e2
1468.6	2.106e3
1469.2	1.200e1
1469.9	3.004e3
1471.0	1.180e3
1471.9	1.987e3
1472.8	8.760e2
1473.4	1.801e3
1474.4	4.130e2
1475.1	2.252e3
1475.8	1.370e2
1476.6	5.480e2
1477.6	1.058e3
1478.2	3.310e2
1479.0	2.470e3
1480.1	1.010e3
1480.8	2.537e3
1481.4	4.750e2
1482.1	2.914e3
1483.1	5.482e3
1483.7	6.390e2
1484.7	2.265e3
1485.4	1.402e3
1486.4	3.726e3
1487.2	1.309e3
1488.0	1.946e3
1488.9	2.035e3
1489.9	7.200e2
1490.5	3.886e3
1491.3	6.030e2
1491.8	1.107e3
1493.0	1.214e3
1493.8	9.040e2
1494.6	1.600e3
1495.6	7.590e2
1496.5	4.070e3
1497.1	3.800e1
1497.6	1.671e3
1498.8	3.155e3
1499.8	1.607e3
1500.7	3.809e3
1501.5	5.970e2
1502.4	1.473e3
1502.9	1.900e2
1504.1	3.826e3
1504.8	6.950e2
1505.5	6.519e3
1506.2	1.200e1
1506.8	2.994e3
1507.8	1.968e3
1508.7	4.149e3
1509.4	1.273e3
1510.7	6.060e2
1511.5	2.920e2
1512.4	1.504e3
1513.3	2.507e3
1514.5	4.878e3
1515.0	1.012e3
1515.7	3.010e3
1516.4	1.781e3
1517.2	2.445e3
1517.7	1.590e2
1518.4	2.188e3
1519.5	3.026e3
1520.5	5.180e2
1521.4	1.193e3
1522.6	2.228e3
1523.3	5.720e2
1523.9	9.060e2
1524.5	3.011e3
1525.4	3.382e3
1525.9	1.000e2
1526.5	2.634e3
1527.3	2.090e2
1527.9	2.077e3
1528.5	3.420e2
1529.6	3.527e3
1530.5	3.117e3
1531.7	2.022e3
1532.8	1.893e3
1533.6	2.411e3
1534.4	4.162e3
1535.2	3.940e2
1536.0	1.617e3
1536.8	3.945e3
1537.5	3.560e2
1538.2	3.457e3
1539.1	2.720e2
1539.7	2.493e3
1540.7	2.840e3
1541.6	2.009e3
1542.2	1.400e2
1542.7	2.956e3
1543.4	9.160e2
1544.2	1.109e3
1545.2	3.244e3
1546.2	4.055e3
1547.0	1.719e3
1547.9	4.596e3
1548.6	1.174e3
1549.3	2.787e3
1549.9	4.250e2
1550.5	3.055e3
1551.3	4.390e2
1552.3	6.088e3
1553.1	1.631e3
1553.7	1.213e3
1554.4	4.600e2
1555.4	3.268e3
1556.1	1.721e3
1557.3	2.351e3
1558.0	1.079e3
1559.0	4.520e3
1559.6	1.200e1
1560.2	3.725e3
1561.3	3.319e3
1562.1	2.421e3
1563.1	1.653e3
1564.3	2.445e3
1564.9	3.100e2
1565.6	3.901e3
1566.6	2.986e3
1567.5	9.790e2
1568.2	2.343e3
1569.1	1.220e2
1569.7	1.703e3
1570.2	4.300e1
1570.8	4.183e3
1571.9	3.530e3
1573.0	1.086e3
1573.5	1.800e1
1574.2	6.190e2
1574.9	2.750e3
1575.7	1.372e3
1576.5	2.307e3
1577.3	1.455e3
1578.1	1.927e3
1578.7	2.250e2
1579.2	2.507e3
1580.0	2.027e3
1580.7	2.328e3
1581.8	4.571e3
1582.8	1.157e3
1583.8	1.773e3
1584.5	4.400e2
1585.1	2.929e3
1585.9	1.645e3
1587.0	2.366e3
1587.7	3.390e2
1588.4	1.706e3
1589.2	1.895e3
1590.2	1.473e3
1591.1	2.296e3
1592.0	2.166e3
1592.9	2.350e3
1593.8	5.820e2
1595.0	2.126e3
1596.2	8.620e2
1596.9	2.121e3
1597.6	1.492e3
1598.3	1.188e3
1599.1	2.039e3
1600.1	1.570e3
1601.1	1.434e3
1602.0	2.030e2
1602.5	9.800e2
1603.8	2.613e3
1604.4	1.400e1
1604.9	3.055e3
1605.7	2.674e3
1606.7	2.235e3
1607.3	4.100e2
1607.9	1.601e3
1608.7	1.283e3
1609.5	2.651e3
1610.4	9.980e2
1611.4	1.342e3
1612.4	3.331e3
1613.0	9.850e2
1613.9	2.128e3
1614.9	1.592e3
1615.7	2.857e3
1616.5	4.000e1
1617.4	2.324e3
1618.2	2.039e3
1619.2	2.135e3
1620.0	4.085e3
1621.4	1.134e3
1622.2	1.190e3
1623.4	9.450e2
1624.3	1.901e3
1625.3	2.312e3
1626.2	4.439e3
1627.2	3.087e3
1627.8	2.840e2
1628.6	2.985e3
1629.2	1.300e1
1629.8	2.347e3
1630.7	1.900e3
1631.3	3.080e2
1632.1	3.759e3
1633.1	5.240e2
1634.3	2.586e3
1635.1	1.005e3
1635.7	1.652e3
1636.4	8.760e2
1637.8	2.520e2
1638.7	7.860e2
1639.2	8.410e2
1639.9	1.663e3
1641.0	9.350e2
1641.8	1.755e3
1643.0	1.104e3
1643.8	9.590e2
1644.6	8.160e2
1645.4	2.660e2
1646.1	4.140e2
1646.8	2.642e3
1647.7	1.140e2
1648.6	2.277e3
1649.5	3.348e3
1650.5	1.377e3
1651.8	9.630e2
1652.5	8.360e2
1653.2	1.282e3
1654.3	9.730e2
1655.3	2.057e3
1656.0	3.980e2
1656.7	6.240e2
1657.8	2.100e3
1659.0	6.070e2
1659.8	7.900e2
1660.9	2.983e3
1661.9	3.050e3
1662.6	1.325e3
1663.5	3.723e3
1664.3	2.210e2
1664.9	2.155e3
1665.6	1.459e3
1666.2	3.880e2
1666.9	3.667e3
1667.7	6.970e2
1669.0	1.521e3
1670.0	9.730e2
1670.6	3.841e3
1671.5	1.779e3
1672.7	2.120e3
1673.8	2.849e3
1675.2	1.768e3
1676.2	1.501e3
1677.1	6.580e2
1677.8	1.301e3
1678.5	5.373e3
1679.4	7.000e2
1680.0	1.477e3
1680.6	2.280e2
1681.2	1.746e3
1681.7	5.430e2
1682.3	1.876e3
1682.8	1.400e1
1683.5	3.144e3
1684.8	1.097e3
1685.8	2.574e3
1686.4	5.930e2
1687.0	4.590e2
1687.9	1.201e3
1688.5	1.260e2
1689.2	1.221e3
1690.1	2.680e2
1691.2	4.820e2
1692.0	2.744e3
1692.5	4.310e2
1693.1	3.230e2
1694.0	1.178e3
1695.2	2.169e3
1696.1	1.321e3
1696.9	2.457e3
1698.1	2.231e3
1698.9	7.750e2
1699.8	1.626e3
1700.4	9.610e2
1701.3	1.121e3
1702.2	3.336e3
1703.0	4.710e2
1703.6	1.103e3
1704.2	1.960e2
1705.0	9.160e2
1706.6	8.140e2
1707.6	1.300e3
1708.6	6.260e2
1709.3	1.870e3
1710.0	5.200e1
1710.6	1.423e3
1711.5	4.800e2
1712.1	1.920e3
1712.9	1.850e2
1714.2	1.598e3
1715.4	4.152e3
1716.4	2.241e3
1717.0	1.580e2
1717.6	2.468e3
1718.5	2.590e2
1719.1	1.945e3
1720.1	6.580e2
1720.8	8.000e1
1721.4	2.140e2
1722.3	2.400e3
1723.0	1.323e3
1723.9	2.045e3
1724.5	5.710e2
1725.4	2.045e3
1726.0	5.220e2
1726.6	1.163e3
1727.2	4.010e2
1727.8	1.496e3
1728.9	1.963e3
1729.8	8.400e1
1730.6	1.521e3
1731.4	1.100e2
1732.0	3.720e2
1732.6	2.710e2
1733.2	1.209e3
1735.0	1.498e3
1736.2	4.580e2
1736.9	7.790e2
1737.6	1.199e3
1738.2	7.150e2
1739.0	1.152e3
1740.0	3.009e3
1741.8	9.440e2
1742.4	1.400e2
1743.2	6.830e2
1744.3	1.718e3
1745.3	4.190e2
1745.8	5.850e2
1746.7	1.430e3
1748.0	2.737e3
1749.0	3.300e2
1750.2	3.010e2
1750.8	3.845e3
1751.6	2.175e3
1752.5	1.290e2
1753.1	1.890e3
1754.2	5.220e2
1754.7	8.280e2
1755.2	1.930e2
1756.2	6.500e2
1757.0	1.420e2
1757.7	3.487e3
1758.2	7.640e2
1759.3	2.749e3
1760.3	1.677e3
1761.0	1.821e3
1762.2	2.102e3
1763.7	6.100e2
1764.6	6.070e2
1765.3	1.323e3
1766.6	5.680e2
1767.7	1.314e3
1768.3	9.000e1
1768.9	1.280e3
1769.5	3.340e2
1770.3	2.081e3
1771.3	2.947e3
1772.2	4.490e2
1772.7	2.520e2
1773.3	4.240e2
1773.8	1.760e2
1774.7	6.110e2
1775.7	1.291e3
1776.3	7.000e2
1777.2	1.830e2
1777.8	3.220e2
1778.5	1.924e3
1779.1	5.900e1
1779.7	5.950e2
1780.5	1.815e3
1781.1	1.400e2
1781.7	2.860e2
1782.2	1.411e3
1783.1	1.119e3
1784.0	1.900e2
1784.6	1.480e2
1785.1	2.211e3
1785.8	5.620e2
1786.5	1.267e3
1787.2	3.970e2
1788.0	1.715e3
1788.9	1.369e3
1789.7	2.450e2
1790.6	1.690e2
1791.2	2.260e2
1791.8	1.087e3
1792.6	6.300e2
1793.4	6.770e2
1794.3	5.470e2
1795.0	3.730e2
1795.6	1.897e3
1796.4	6.640e2
1797.6	1.682e3
1798.6	7.160e2
1799.4	1.189e3
1800.6	1.940e2
1802.0	3.200e3
1803.1	1.434e3
1803.7	2.710e2
1804.3	2.271e3
1805.0	4.060e2
1805.6	4.518e3
1806.8	2.877e3
1807.8	1.578e3
1808.7	1.190e2
1809.8	1.209e3
1810.7	2.161e3
1811.4	8.440e2
1812.6	1.219e3
1813.6	1.558e3
1814.1	2.430e2
1814.8	1.600e1
1815.6	3.207e3
1816.3	1.070e3
1817.1	1.159e3
1818.2	1.745e3
1818.9	1.260e2
1819.5	4.130e2
1820.3	4.620e2
1820.9	1.040e3
1821.6	1.890e2
1822.5	1.870e2
1823.5	1.290e3
1824.2	1.700e1
1825.4	2.410e2
1826.5	4.410e2
1827.4	1.380e3
1828.3	6.160e2
1829.7	1.229e3
1830.5	8.450e2
1831.9	8.720e2
1833.6	9.910e2
1834.6	1.953e3
1835.5	3.250e2
1836.4	1.036e3
1837.2	1.075e3
1838.5	3.760e2
1839.0	4.100e1
1839.6	9.950e2
1840.3	8.420e2
1841.2	4.600e2
1842.0	1.793e3
1842.8	1.070e3
1843.8	1.828e3
1844.8	2.055e3
1845.7	2.241e3
1846.6	2.443e3
1847.6	1.828e3
1848.7	3.370e2
1849.6	4.480e2
1850.6	1.054e3
1852.2	2.059e3
1853.3	5.660e2
1854.2	2.220e3
1855.2	2.163e3
1856.4	5.050e2
1857.0	1.200e1
1857.5	1.422e3
1858.4	1.762e3
1859.9	6.660e2
1860.9	9.560e2
1861.7	2.383e3
1862.5	6.380e2
1863.1	1.326e3
1865.1	2.410e3
1866.2	8.110e2
1866.7	3.600e2
1867.5	5.540e2
1868.6	1.458e3
1869.6	1.950e3
1870.2	9.110e2
1871.2	1.502e3
1872.3	2.057e3
1873.2	1.718e3
1874.1	7.170e2
1875.2	1.606e3
1875.7	1.200e1
1876.3	7.800e1
1877.2	8.980e2
1878.1	1.199e3
1879.0	7.910e2
1879.6	7.700e1
1880.4	7.260e2
1880.9	1.930e2
1881.5	6.510e2
1882.0	2.570e2
1882.7	1.243e3
1883.6	2.600e2
1884.4	1.051e3
1885.1	3.530e2
1885.9	8.100e2
1887.1	3.960e2
1888.4	1.204e3
1889.4	6.330e2
1890.0	2.860e2
1890.7	1.447e3
1892.0	8.430e2
1892.5	2.280e2
1893.3	1.400e1
1893.8	1.232e3
1894.9	8.420e2
1896.4	2.120e2
1897.0	2.011e3
1897.9	7.240e2
1898.4	1.400e2
1899.1	2.050e2
1899.7	1.424e3
1900.8	1.396e3
1902.1	1.544e3
1902.8	1.970e2
1903.8	6.490e2
1905.0	5.040e2
1905.7	1.443e3
1906.5	1.057e3
1907.5	9.630e2
1908.6	2.260e2
1909.9	7.300e2
1910.7	1.600e2
1911.8	1.940e3
1912.8	1.600e1
1913.9	3.700e2
1915.0	1.830e2
1915.7	1.221e3
1916.5	1.640e2
1917.3	1.480e2
1918.1	1.281e3
1918.7	1.540e2
1919.3	8.260e2
1920.0	9.910e2
1921.4	2.500e1
1922.4	1.113e3
1923.5	1.031e3
1924.7	2.300e2
1925.2	1.189e3
1926.4	3.370e2
1927.3	7.620e2
1927.9	6.660e2
1929.4	1.106e3
1930.1	1.500e2
1931.1	6.330e2
1932.4	4.920e2
1933.1	9.380e2
1933.8	1.060e2
1934.3	1.172e3
1935.7	7.150e2
1936.8	8.500e1
1938.3	8.920e2
1939.1	2.324e3
1939.9	3.760e2
1940.7	2.290e2
1941.3	1.470e3
1941.9	4.680e2
1942.7	1.600e1
1943.7	1.170e2
1944.8	1.085e3
1946.1	9.240e2
1946.9	9.400e1
1947.8	1.840e2
1948.4	1.422e3
1950.1	1.054e3
1950.8	1.510e2
1951.5	1.016e3
1952.6	6.440e2
1953.3	1.369e3
1954.3	5.880e2
1955.1	1.241e3
1955.8	5.560e2
1956.7	3.210e2
1957.2	6.410e2
1958.4	1.200e3
1960.1	1.779e3
1961.4	9.020e2
1962.0	8.400e1
1962.6	1.413e3
1963.4	7.790e2
1964.7	5.080e2
1965.4	4.720e2
1966.2	6.900e2
1966.8	3.350e2
1967.8	3.330e2
1968.5	1.741e3
1969.1	4.200e2
1969.6	8.240e2
1970.3	2.090e3
1971.6	1.012e3
1972.5	4.740e2
1973.6	7.840e2
1974.5	6.480e2
1975.3	1.681e3
1975.9	1.213e3
1976.6	4.700e2
1978.1	2.610e2
1978.7	8.150e2
1979.3	1.450e2
1979.9	1.454e3
1980.8	6.780e2
1981.8	5.490e2
1982.6	5.030e2
1983.4	8.100e2
1984.2	2.645e3
1985.5	3.500e1
1986.6	1.200e2
1987.1	2.130e2
1987.8	5.150e2
1988.5	2.171e3
1989.2	2.690e2
1991.0	1.073e3
1992.2	4.020e2
1993.0	4.970e2
1993.8	5.120e2
1995.6	4.190e2
1997.1	1.177e3
1998.2	3.010e2
1998.9	1.312e3
