100.2	5.797e3
101.0	8.988e4
101.9	1.997e4
102.5	8.800e1
103.0	1.938e4
103.9	1.451e3
104.9	3.880e3
106.0	7.150e2
107.0	6.390e2
108.0	1.452e4
109.0	2.296e3
110.0	7.060e2
111.1	1.483e3
112.3	6.160e2
113.0	1.065e5
114.0	3.181e3
115.0	8.062e3
115.5	4.300e1
116.1	4.401e3
117.0	1.261e5
117.5	1.580e2
118.0	1.495e4
119.0	1.223e4
120.0	1.395e3
121.0	1.680e3
122.1	2.060e2
123.0	1.105e3
124.0	9.090e2
125.0	2.217e3
126.0	2.217e3
126.9	1.836e3
127.9	1.525e3
129.0	1.305e3
130.0	1.077e4
131.0	2.721e3
132.0	6.760e2
133.0	4.640e3
134.1	8.610e2
135.0	6.229e3
136.0	2.276e3
137.0	4.912e3
138.0	1.039e3
139.0	2.967e3
140.1	1.091e3
141.1	3.004e3
142.1	1.198e3
143.0	3.520e3
144.0	1.365e3
145.0	1.104e4
146.0	5.678e3
147.0	2.440e4
147.5	1.190e2
148.1	3.202e3
149.0	3.862e3
150.0	4.655e3
151.0	2.904e3
151.5	5.500e1
152.0	1.551e4
153.1	4.448e3
154.0	1.344e3
155.0	2.857e3
156.0	3.528e3
157.0	3.583e3
158.1	2.223e3
159.0	2.292e3
160.0	2.745e3
160.9	6.789e3
162.0	2.579e3
162.9	8.558e3
164.0	1.519e3
164.9	5.135e3
166.0	1.504e3
166.5	5.400e1
167.1	1.885e3
168.0	2.526e3
169.1	4.972e3
170.0	1.795e3
171.1	2.263e3
172.0	1.951e3
173.0	4.145e3
174.0	6.290e3
174.5	7.700e1
175.0	2.550e4
176.1	4.687e3
177.0	3.258e3
178.0	1.580e3
179.0	4.213e3
179.5	1.010e2
180.1	1.637e3
181.0	2.998e4
182.0	2.530e3
183.1	2.563e3
184.0	2.005e3
185.0	2.879e3
186.1	2.959e3
187.1	3.011e3
188.0	2.413e3
189.0	3.133e3
190.0	2.586e3
190.5	7.200e1
191.0	1.584e4
192.0	2.557e3
193.1	6.251e3
194.0	1.452e3
194.5	1.800e1
195.0	5.887e3
195.9	6.439e3
196.5	6.600e1
197.0	4.070e3
198.0	6.432e3
198.5	2.800e1
199.0	3.165e3
199.9	5.511e3
200.5	2.400e1
201.0	5.100e3
202.0	3.134e3
203.0	1.739e3
204.0	2.074e3
205.1	1.809e3
206.0	1.069e3
207.0	1.108e4
208.0	2.902e3
209.1	3.104e3
210.0	1.935e3
211.1	2.839e3
211.6	1.900e1
212.2	2.080e4
213.1	7.621e3
214.1	2.788e3
215.1	1.869e3
216.0	1.750e3
217.0	3.422e3
217.9	4.381e3
218.4	5.700e1
219.0	6.297e3
220.0	9.582e3
221.1	6.286e3
222.0	2.443e3
222.6	5.000e0
223.1	4.185e3
224.0	2.252e3
225.0	5.869e3
226.0	2.102e3
226.5	4.200e1
227.1	3.803e3
228.0	2.508e3
229.0	1.368e3
229.9	3.229e3
231.0	1.768e3
232.0	1.185e3
233.0	3.971e3
234.0	1.941e3
235.0	1.817e3
236.1	8.757e3
236.6	8.500e1
237.1	2.861e3
238.0	2.162e3
239.0	6.586e3
240.0	4.302e3
241.0	3.144e3
242.1	3.672e3
243.1	7.087e3
244.0	1.027e4
245.0	2.072e3
246.0	3.251e3
247.0	2.932e3
248.0	3.757e3
248.5	5.200e1
249.1	7.471e4
250.0	5.530e3
250.5	7.600e1
251.0	3.449e3
252.0	1.664e3
253.0	2.442e3
253.5	4.700e1
254.0	1.445e3
254.5	2.500e1
255.1	3.050e3
255.6	1.670e2
256.2	1.295e3
257.0	1.663e3
257.6	1.300e1
258.1	1.758e3
259.1	4.178e3
260.0	2.708e3
261.0	4.083e3
262.0	4.967e3
262.5	1.600e1
263.0	4.459e3
264.0	3.885e3
265.0	3.901e3
266.0	5.827e3
267.0	3.183e3
268.0	2.885e3
269.0	4.829e3
269.9	1.774e3
270.5	2.800e1
271.0	2.916e3
271.6	1.130e2
272.2	2.316e3
273.1	2.516e3
274.0	1.697e3
275.0	1.221e4
276.0	1.927e3
276.9	2.790e3
277.5	6.300e1
278.0	1.698e3
279.1	3.337e3
280.0	4.280e3
280.5	1.700e1
281.0	2.102e3
281.5	2.040e2
282.1	3.251e3
283.1	3.218e3
284.0	3.979e3
284.9	1.910e3
285.7	2.112e3
286.4	2.120e2
287.0	2.107e3
287.6	7.300e1
288.1	1.371e4
289.0	6.319e3
290.0	2.900e3
291.0	7.212e3
292.0	3.502e3
292.6	5.900e1
293.2	4.234e3
294.1	1.948e3
295.1	4.631e3
296.0	1.855e3
296.6	2.410e2
297.1	3.169e3
298.0	3.386e3
298.9	1.615e3
299.9	2.149e3
300.5	2.220e2
301.1	5.339e3
302.0	1.716e3
302.5	2.200e1
303.0	1.903e3
304.0	2.346e3
305.0	4.937e3
306.0	2.085e3
306.5	6.500e1
307.1	8.211e3
308.0	5.081e3
309.1	4.481e3
310.0	4.050e3
310.6	2.070e2
311.1	7.852e3
312.0	8.693e3
313.0	6.934e3
314.0	3.340e3
315.0	4.472e3
316.0	1.798e3
316.5	2.130e2
317.1	9.034e4
318.0	6.074e3
318.6	1.600e1
319.1	5.566e3
320.1	2.111e3
321.1	4.246e3
322.1	2.533e3
322.6	4.900e1
323.2	4.791e3
324.0	3.085e3
324.6	2.340e2
325.2	5.295e3
326.1	3.074e3
327.0	6.141e3
327.9	4.745e3
328.5	7.900e1
329.0	8.678e3
330.0	4.396e3
330.5	1.000e2
331.0	6.096e3
332.1	2.861e3
332.7	3.880e2
333.2	5.951e3
334.1	4.905e3
335.0	3.836e3
335.9	1.919e3
336.5	1.560e2
337.0	3.651e3
338.0	2.336e3
338.5	1.500e1
339.1	5.373e3
340.0	4.066e3
340.6	2.570e2
341.1	3.895e3
342.0	2.762e3
343.0	1.116e4
344.0	3.388e3
345.0	3.494e3
345.5	2.600e1
346.0	4.043e3
346.5	7.400e1
347.0	4.604e3
347.9	3.335e3
348.9	3.335e3
349.8	4.061e3
350.3	4.250e2
351.0	2.651e3
351.9	2.214e3
353.0	9.234e3
354.0	2.470e3
354.6	2.690e2
355.2	6.465e3
356.1	1.579e4
357.0	8.033e3
358.0	2.060e3
359.0	4.896e3
360.0	3.634e3
360.5	8.000e1
361.0	4.674e3
361.9	1.686e3
362.5	1.560e2
363.0	3.217e3
363.9	1.978e3
364.5	1.240e2
365.1	1.922e3
365.9	3.860e3
366.6	9.300e1
367.2	2.614e3
368.1	2.185e3
369.0	8.564e3
369.9	3.489e3
370.5	1.560e2
371.1	2.857e3
372.0	1.990e3
372.5	3.000e1
373.0	3.839e3
374.0	2.405e3
375.0	5.145e3
375.9	3.166e3
376.9	2.986e3
377.5	1.200e2
378.1	2.504e3
379.0	9.092e3
380.0	4.125e3
380.5	4.000e0
381.0	3.011e3
382.0	2.796e3
382.6	1.410e2
383.1	3.212e3
384.1	2.292e3
385.1	4.522e4
386.1	5.131e3
387.0	4.296e3
387.9	1.599e3
389.0	2.307e3
389.9	2.846e3
391.0	1.523e3
391.7	4.396e3
392.3	7.380e2
393.0	3.160e3
394.0	3.159e3
395.0	7.600e3
396.0	2.685e3
396.5	8.800e1
397.1	9.224e3
397.6	1.270e2
398.1	4.653e3
399.0	5.734e3
399.6	4.800e1
400.1	2.402e3
401.0	4.665e3
401.6	9.800e1
402.1	5.258e3
403.1	2.045e3
404.0	2.088e3
404.5	1.650e2
405.1	3.083e3
406.0	2.255e3
407.0	1.857e3
408.0	3.510e3
408.9	1.635e3
409.6	4.207e3
410.3	8.620e2
411.1	8.619e3
412.0	3.270e3
412.6	1.660e2
413.1	2.248e3
414.0	2.874e3
415.0	2.041e3
416.0	2.304e3
416.6	2.550e2
417.1	3.333e3
418.1	1.747e3
419.0	4.016e3
419.5	4.800e1
420.1	2.670e3
421.0	5.373e3
422.0	2.230e3
422.5	1.340e2
423.2	4.640e3
424.1	1.218e4
425.1	6.281e3
426.0	2.700e3
426.6	2.700e1
427.1	7.509e3
428.0	3.946e3
428.6	2.460e2
429.1	2.830e3
430.1	1.372e3
431.1	3.109e3
432.1	1.827e3
432.8	8.210e2
433.5	8.293e3
434.5	4.333e3
435.0	7.400e1
435.5	6.228e3
436.3	2.246e3
437.1	5.455e3
437.9	2.696e3
438.5	4.320e2
439.1	3.377e3
440.1	2.377e3
441.0	4.410e3
441.6	2.210e2
442.1	2.931e3
443.0	5.645e3
444.0	3.464e3
444.5	2.340e2
445.1	2.442e3
446.0	4.019e3
447.0	5.310e3
447.9	3.687e3
448.9	2.310e3
449.5	2.860e2
450.1	2.055e3
450.9	4.741e3
451.8	2.257e3
452.5	7.150e2
453.1	3.625e4
454.0	5.308e3
455.1	4.006e3
456.0	1.745e3
456.7	3.480e2
457.3	5.077e3
458.2	2.408e3
459.2	4.209e3
460.0	2.447e3
460.5	2.700e1
461.0	3.776e3
461.9	2.322e3
462.6	1.457e3
463.3	6.761e3
464.0	2.238e3
464.8	2.658e3
465.5	1.656e4
466.0	2.220e2
466.5	7.962e3
467.5	5.706e3
468.2	1.279e3
469.0	3.561e3
470.0	4.898e3
471.0	2.748e3
471.8	1.386e3
472.7	1.862e3
473.4	5.955e3
474.4	3.381e3
475.2	1.454e3
476.0	3.485e3
477.0	3.173e3
478.0	2.165e3
478.6	2.990e2
479.1	1.005e4
480.1	4.113e3
481.1	5.879e3
481.9	3.738e3
482.4	8.900e1
483.0	5.392e3
483.9	2.530e3
484.7	1.123e3
485.3	5.774e3
485.9	2.300e2
486.4	2.754e3
487.3	4.831e3
488.1	6.300e2
488.7	2.001e3
489.4	3.620e3
490.2	1.629e3
491.1	7.041e3
492.0	1.346e4
493.0	5.678e3
494.0	3.186e3
494.5	6.500e1
495.0	5.559e3
496.0	3.451e3
497.0	4.148e3
497.7	9.550e2
498.3	3.373e3
499.2	2.736e3
500.1	2.303e3
501.0	3.390e3
501.9	3.506e3
502.5	2.580e2
503.1	2.487e3
504.0	2.234e3
504.9	3.957e3
505.8	4.211e3
506.5	1.427e3
507.3	3.743e3
508.1	1.755e3
508.9	4.559e3
509.5	7.800e1
510.0	3.215e3
511.0	5.907e3
511.9	2.595e3
512.5	3.450e2
513.1	3.708e3
514.0	1.946e3
515.0	5.122e3
515.5	6.600e1
516.1	3.996e3
516.9	1.482e3
517.9	3.385e3
518.5	4.120e2
519.1	3.871e3
520.2	2.358e3
521.1	3.246e4
522.0	5.333e3
522.6	8.880e2
523.2	4.901e3
523.8	2.590e2
524.3	4.162e3
524.8	3.200e1
525.4	3.799e3
526.2	1.510e3
526.9	8.590e2
527.5	4.198e3
528.2	1.222e3
528.9	2.392e3
529.9	3.365e3
530.6	7.590e2
531.2	3.354e3
532.1	1.853e3
532.9	3.147e3
533.7	5.956e3
534.3	7.570e2
535.0	3.374e3
536.0	2.884e3
536.5	3.700e1
537.0	4.242e3
538.0	5.150e3
539.0	3.187e3
539.8	1.303e3
540.5	4.771e3
541.2	1.053e3
541.8	3.722e3
542.6	9.650e2
543.3	2.813e3
544.1	1.427e3
544.9	2.678e3
545.7	3.259e3
546.4	5.240e2
547.0	8.662e3
547.5	1.290e2
548.0	3.877e3
549.1	2.605e3
550.0	3.443e3
551.0	3.704e3
551.8	2.402e3
552.8	6.205e3
553.7	2.926e3
554.7	2.907e3
555.3	7.590e2
555.9	2.489e3
557.0	3.180e3
557.8	2.558e3
558.4	3.400e1
558.9	3.338e3
559.5	4.900e2
560.1	8.556e3
561.1	3.498e3
562.1	3.361e3
563.1	4.396e3
563.9	4.117e3
564.9	2.784e3
565.4	8.000e1
565.9	3.507e3
566.9	3.956e3
567.8	2.782e3
568.3	1.980e2
568.9	2.185e3
569.4	4.800e1
569.9	2.881e3
570.7	1.373e3
571.5	3.658e4
572.5	1.184e4
573.0	1.690e2
573.5	5.318e3
574.1	1.560e2
574.6	3.395e3
575.2	8.930e2
576.0	2.503e3
577.0	2.604e3
577.5	2.120e2
578.1	2.611e3
579.0	4.023e3
579.9	2.677e3
580.8	3.543e3
581.4	3.860e2
582.1	2.966e3
583.0	2.763e3
583.5	1.210e2
584.1	2.913e3
585.1	3.338e3
586.0	3.890e3
586.5	9.800e1
587.0	2.886e3
588.0	2.336e3
588.5	9.600e1
589.1	2.217e4
589.6	1.630e2
590.1	4.843e3
590.7	3.680e2
591.3	3.317e3
592.0	6.550e2
592.6	1.490e3
593.4	3.607e3
594.1	7.680e2
594.9	3.524e3
595.7	3.549e3
596.7	2.591e3
597.2	5.620e2
597.9	3.031e3
598.6	1.010e3
599.2	5.382e3
600.0	1.868e3
600.8	3.933e3
601.4	1.500e2
602.0	3.466e3
602.5	2.610e2
603.1	3.228e3
603.6	6.000e1
604.2	4.020e3
604.8	7.320e2
605.4	5.061e3
606.3	3.985e3
607.2	1.921e3
608.1	2.133e3
609.0	2.886e3
609.8	9.610e2
610.5	1.792e3
611.2	5.550e2
611.9	2.883e3
612.4	1.150e2
613.0	1.958e3
613.8	2.337e3
614.4	2.360e2
615.0	9.188e3
615.6	9.740e2
616.3	3.450e3
617.1	1.568e3
617.9	3.473e3
618.5	7.200e1
619.0	2.368e3
620.0	1.691e3
620.9	2.585e3
621.8	2.683e3
622.7	2.684e3
623.2	2.870e2
623.8	2.017e3
624.4	1.370e2
624.9	2.878e3
625.9	3.304e3
626.4	1.320e2
627.0	4.170e3
628.0	7.584e3
628.9	3.672e3
629.8	1.485e3
630.6	3.320e3
631.5	4.405e3
632.2	1.408e3
633.0	2.037e3
633.9	1.556e3
634.8	2.128e3
635.8	2.472e3
636.4	8.500e1
636.9	2.524e3
637.5	8.400e1
638.0	2.668e3
638.6	1.980e2
639.2	3.478e3
639.9	4.290e2
640.4	2.839e3
641.3	3.597e3
642.3	2.586e3
643.3	2.678e3
644.2	2.261e3
644.9	7.560e2
645.5	3.180e3
646.4	9.320e2
647.1	4.845e3
648.0	2.311e3
648.9	1.999e3
649.6	3.404e3
650.2	1.760e2
650.8	3.858e3
651.4	3.670e2
652.0	1.956e3
653.0	2.453e3
653.9	3.358e3
654.5	3.580e2
655.1	3.464e3
656.1	2.369e3
657.1	1.803e4
657.9	5.213e3
658.8	1.015e3
659.5	3.266e3
660.1	3.770e2
660.8	2.189e3
661.8	2.113e3
662.6	8.740e2
663.3	3.547e3
664.2	2.337e3
664.7	2.940e2
665.4	2.315e3
666.1	1.026e3
667.0	3.492e3
667.9	2.912e3
668.6	3.110e2
669.2	4.059e3
670.1	1.875e3
670.9	4.561e3
671.8	2.202e3
672.5	6.310e2
673.2	5.448e3
674.1	3.555e3
675.0	1.378e3
675.8	2.663e3
676.4	7.900e1
677.0	2.405e3
677.9	2.810e3
678.4	2.150e2
679.0	4.012e3
679.9	2.328e3
680.8	1.383e3
681.6	3.617e3
682.4	5.350e2
683.1	7.771e3
683.7	5.320e2
684.3	6.164e3
684.8	8.080e2
685.4	4.922e3
686.3	2.601e3
687.1	1.286e3
687.9	2.766e3
688.4	1.840e2
689.0	3.604e3
689.7	1.562e3
690.7	2.741e3
691.7	3.440e3
692.3	5.890e2
693.1	3.179e3
694.0	2.133e3
695.0	3.234e3
695.5	3.240e2
696.1	6.131e3
696.7	2.230e2
697.2	3.332e3
698.1	1.271e3
698.9	6.429e3
699.8	4.360e3
700.7	2.833e3
701.7	2.602e3
702.5	6.790e2
703.3	2.676e3
704.1	1.062e3
704.9	1.983e3
705.8	3.114e3
706.4	2.260e2
707.0	1.762e3
707.9	2.718e3
708.5	2.800e2
709.0	4.599e3
709.7	1.009e3
710.4	3.853e3
711.0	1.240e2
711.5	3.354e3
712.1	3.460e2
712.7	2.976e3
713.6	1.572e3
714.4	1.714e3
715.1	4.933e3
716.0	2.219e3
716.6	4.710e2
717.2	3.107e3
718.2	3.454e3
718.7	1.860e2
719.2	3.798e3
720.0	1.878e3
721.0	2.634e3
721.9	2.332e3
722.6	7.730e2
723.2	3.324e3
723.7	2.600e1
724.2	2.901e3
725.1	1.400e4
726.1	3.442e3
726.6	7.000e1
727.1	3.500e3
728.0	2.008e3
728.8	1.021e3
729.6	3.090e3
730.1	2.570e2
730.7	3.248e3
731.2	1.830e2
731.8	2.668e3
732.8	2.832e3
733.7	1.953e3
734.2	2.900e1
734.8	3.206e3
735.8	3.274e3
736.4	3.590e2
737.0	3.197e3
737.6	2.400e1
738.1	2.389e3
738.7	7.530e2
739.3	2.975e3
740.2	6.320e2
741.0	3.733e3
741.5	2.260e2
742.0	2.602e3
742.9	1.972e3
743.8	2.594e3
744.3	1.400e2
744.9	3.605e3
745.4	2.370e2
745.9	3.094e3
746.8	1.715e3
747.8	2.989e3
748.3	1.880e2
748.9	3.577e3
749.9	2.169e3
750.5	3.090e2
751.0	8.505e3
752.0	3.008e3
752.8	1.567e3
753.7	2.457e3
754.3	2.230e2
754.8	2.067e3
755.8	1.718e3
756.4	1.560e2
756.9	4.107e3
757.9	2.140e3
758.9	3.637e3
759.4	8.500e1
759.9	2.534e3
761.0	2.650e3
762.0	2.201e3
763.0	3.587e3
764.0	5.610e3
764.7	1.579e3
765.5	3.910e3
766.4	1.665e3
767.2	4.221e3
768.1	3.810e2
768.7	2.763e3
769.6	2.163e3
770.2	1.950e2
770.8	3.181e3
771.7	2.260e3
772.3	1.060e2
772.8	2.088e3
773.4	3.000e0
773.9	2.745e3
774.7	4.940e2
775.4	2.573e3
776.3	1.054e3
777.0	2.858e3
778.0	2.103e3
778.8	3.799e3
779.4	1.000e1
779.9	2.851e3
780.7	1.473e3
781.5	2.737e3
782.3	6.210e2
783.1	3.477e3
784.1	1.582e3
785.0	2.421e3
785.9	2.255e3
786.7	2.836e3
787.3	6.790e2
787.9	2.205e3
788.8	1.073e3
789.5	1.989e3
790.4	2.891e3
791.3	3.319e3
792.3	1.668e3
793.1	1.080e4
794.1	3.207e3
795.0	2.227e3
795.9	1.825e3
796.8	1.741e3
797.7	3.245e3
798.4	6.340e2
799.0	3.632e3
800.0	2.614e3
800.6	1.153e3
801.4	2.491e3
802.2	6.960e2
802.8	3.628e3
803.7	2.516e3
804.3	3.340e2
804.9	5.515e3
805.4	1.900e2
805.9	5.074e3
806.9	3.047e3
808.0	2.194e3
808.6	3.300e1
809.1	3.020e3
809.6	7.100e1
810.1	3.728e3
811.0	2.197e3
812.0	1.126e3
812.9	2.063e3
813.4	8.600e1
813.9	2.831e3
814.5	1.700e1
815.0	2.138e3
815.6	4.730e2
816.2	2.674e3
816.9	1.176e3
817.9	1.986e3
818.4	2.510e2
819.0	5.667e3
819.9	1.962e3
820.7	3.262e3
821.4	7.820e2
822.1	2.865e3
823.0	2.041e3
823.5	1.650e2
824.1	2.425e3
825.0	1.769e3
825.8	3.208e3
826.6	1.801e3
827.4	2.770e3
828.1	9.420e2
829.0	2.964e3
829.9	1.931e3
830.8	4.871e3
831.4	3.620e2
832.0	6.191e3
832.7	1.137e3
833.4	3.459e3
834.3	2.078e3
835.0	2.187e3
835.6	8.500e1
836.1	3.103e3
836.7	1.800e2
837.2	2.708e3
838.0	1.351e3
838.7	7.410e2
839.4	2.356e3
840.3	2.572e3
841.0	3.910e2
841.6	1.983e3
842.3	5.920e2
843.0	1.668e3
843.5	5.200e1
844.0	3.081e3
844.9	1.858e3
845.8	2.092e3
846.3	3.900e1
846.9	2.594e3
847.9	2.111e3
848.8	2.028e3
849.7	1.953e3
850.3	9.300e1
850.9	3.580e3
851.6	1.740e2
852.1	2.580e3
853.1	2.006e3
854.0	2.145e3
855.0	1.994e3
855.9	2.069e3
856.5	1.900e2
857.1	2.898e3
857.7	1.750e2
858.3	3.056e3
858.8	1.800e2
859.4	2.610e3
860.2	1.261e3
861.1	1.033e4
862.0	3.966e3
862.7	3.840e2
863.3	3.754e3
864.1	1.884e3
864.9	2.735e3
865.9	1.288e3
866.8	2.423e3
867.5	7.420e2
868.2	2.152e3
869.0	1.798e3
869.5	2.980e2
870.1	2.164e3
871.0	2.313e3
871.8	2.558e3
872.5	4.750e2
873.2	3.063e3
873.8	5.400e2
874.4	2.580e3
874.9	5.900e1
875.5	2.595e3
876.2	5.110e2
876.8	2.221e3
877.9	3.429e3
878.7	2.126e3
879.3	6.300e1
879.8	3.626e3
880.3	4.000e0
880.9	2.613e3
881.9	2.370e3
882.5	1.660e2
883.1	2.446e3
883.8	5.020e2
884.5	2.565e3
885.1	2.570e2
885.7	2.518e3
886.4	8.230e2
887.1	7.456e3
887.8	1.334e3
888.5	2.437e3
889.0	3.500e1
889.5	3.038e3
890.2	7.660e2
890.9	2.396e3
891.8	2.224e3
892.4	1.300e1
892.9	3.251e3
893.4	2.260e2
894.0	2.001e3
894.7	3.960e2
895.3	2.311e3
896.1	5.340e2
897.0	2.241e3
897.6	6.500e1
898.1	2.406e3
899.0	3.071e3
899.5	3.100e1
900.1	4.462e3
900.7	1.870e2
901.3	3.286e3
902.1	1.341e3
903.1	2.780e3
904.0	2.578e3
904.9	1.360e3
905.6	1.489e3
906.6	2.508e3
907.2	3.890e2
907.9	1.678e3
908.7	1.612e3
909.2	1.270e2
909.8	1.888e3
910.7	1.859e3
911.3	3.110e2
911.9	2.145e3
912.8	1.489e3
913.7	2.510e3
914.3	4.990e2
915.0	2.934e3
915.9	1.737e3
916.8	1.905e3
917.7	2.628e3
918.6	8.260e2
919.3	2.497e3
920.1	3.110e2
920.8	2.796e3
921.4	4.700e1
921.9	2.251e3
922.8	2.014e3
923.4	2.310e2
924.0	1.542e3
925.0	2.079e3
925.9	2.323e3
926.9	2.425e3
927.6	7.360e2
928.2	1.673e3
929.1	7.708e3
930.0	3.402e3
930.9	1.096e3
931.7	2.011e3
932.3	5.370e2
933.1	2.569e3
933.9	7.080e2
934.7	1.487e3
935.5	2.330e3
936.1	2.950e2
936.7	1.632e3
937.5	2.905e3
938.4	7.440e2
939.2	3.405e3
940.0	1.669e3
941.0	2.920e3
941.8	2.740e3
942.6	8.550e2
943.3	3.174e3
944.1	1.239e3
944.9	2.259e3
945.9	3.912e3
946.9	2.054e3
947.5	2.620e2
948.0	3.041e3
948.9	2.645e3
949.9	1.450e3
950.4	2.010e2
951.0	2.381e3
951.9	1.935e3
952.5	1.830e2
953.0	2.330e3
954.0	1.743e3
955.0	5.763e3
955.9	2.636e3
956.9	3.377e3
957.9	3.096e3
958.8	1.948e3
959.4	3.300e1
959.9	3.133e3
960.5	2.110e2
961.0	2.716e3
961.7	3.660e2
962.2	7.200e2
963.0	2.646e3
963.9	1.582e3
964.8	3.569e3
965.3	1.680e2
965.9	1.819e3
966.8	2.216e3
967.4	2.070e2
968.0	3.838e3
969.0	2.815e3
969.9	2.788e3
970.5	1.610e2
971.1	3.517e3
971.7	2.890e2
972.2	2.316e3
972.8	4.000e0
973.3	2.379e3
974.2	7.530e2
975.0	2.106e3
975.6	2.700e1
976.1	2.591e3
976.9	9.010e2
977.8	1.893e3
978.6	8.000e2
979.5	3.080e3
980.1	5.130e2
980.7	1.615e3
981.2	6.400e1
981.8	2.560e3
982.3	2.900e1
982.8	1.797e3
983.7	2.988e3
984.2	1.690e2
984.8	2.327e3
985.8	1.528e3
986.7	1.562e3
987.5	3.536e3
988.1	1.910e2
988.7	2.632e3
989.7	1.818e3
990.5	2.433e3
991.3	1.251e3
991.8	1.110e2
992.4	2.818e3
992.9	3.170e2
993.5	2.551e3
994.2	8.790e2
994.9	2.721e3
995.9	1.876e3
996.5	1.870e2
997.1	7.174e3
998.1	3.151e3
999.1	2.020e3
999.6	1.620e2
1000.2	2.427e3
1001.1	2.006e3
1001.8	8.340e2
1002.5	1.651e3
1003.3	2.994e3
1004.3	2.162e3
1005.2	2.315e3
1006.0	1.256e3
1006.8	3.051e3
1007.7	1.088e3
1008.5	2.093e3
1009.1	6.330e2
1009.8	2.270e3
1010.8	3.301e3
1011.7	1.588e3
1012.5	2.871e3
1013.5	4.006e3
1014.2	1.505e3
1014.9	2.237e3
1015.9	1.675e3
1016.8	3.075e3
1017.4	1.060e2
1017.9	2.545e3
1018.9	3.411e3
1019.5	1.940e2
1020.1	2.774e3
1021.1	2.343e3
1021.6	2.470e2
1022.2	2.038e3
1023.1	3.491e3
1024.1	2.072e3
1025.1	2.469e3
1025.6	3.400e1
1026.1	3.191e3
1027.0	1.177e3
1027.8	1.570e3
1028.6	2.620e3
1029.3	5.320e2
1030.0	1.701e3
1031.0	2.716e3
1031.9	1.488e3
1032.8	2.784e3
1033.7	1.752e3
1034.7	3.197e3
1035.4	3.990e2
1036.1	4.211e3
1037.1	2.867e3
1038.0	1.887e3
1039.0	2.671e3
1039.8	1.330e3
1040.6	1.816e3
1041.4	4.630e2
1042.0	1.938e3
1042.6	2.080e2
1043.2	2.220e3
1044.0	1.528e3
1044.6	2.090e2
1045.2	3.086e3
1045.9	6.850e2
1046.5	1.787e3
1047.5	2.781e3
1048.0	3.000e1
1048.6	2.121e3
1049.1	8.900e1
1049.6	1.619e3
1050.5	2.751e3
1051.2	2.390e2
1051.8	2.452e3
1052.4	3.000e1
1052.9	3.228e3
1053.9	1.467e3
1054.7	7.130e2
1055.4	3.185e3
1056.0	7.100e2
1056.6	3.226e3
1057.2	5.370e2
1057.9	2.510e3
1058.8	3.098e3
1059.5	1.222e3
1060.3	2.337e3
1061.0	1.035e3
1061.8	3.088e3
1062.7	1.743e3
1063.4	7.450e2
1064.0	3.111e3
1064.7	3.600e1
1065.2	6.058e3
1066.0	1.350e3
1066.7	3.653e3
1067.8	2.456e3
1068.3	5.000e0
1068.8	2.231e3
1069.8	1.763e3
1070.7	2.373e3
1071.6	2.500e3
1072.4	6.970e2
1073.1	1.819e3
1074.0	2.363e3
1074.7	2.650e2
1075.3	2.553e3
1076.2	1.923e3
1077.1	2.764e3
1077.9	1.011e3
1078.7	2.309e3
1079.3	4.560e2
1079.9	2.099e3
1080.7	9.750e2
1081.4	2.538e3
1082.0	1.250e2
1082.5	3.168e3
1083.1	2.680e2
1083.8	2.268e3
1084.3	7.200e1
1084.8	2.984e3
1085.8	2.394e3
1086.8	2.614e3
1087.7	1.514e3
1088.6	2.592e3
1089.3	9.280e2
1090.0	1.876e3
1091.0	4.060e3
1091.7	8.450e2
1092.4	3.510e3
1093.4	1.178e3
1094.3	2.672e3
1095.1	1.697e3
1096.0	2.453e3
1096.9	2.579e3
1097.5	3.200e1
1098.0	3.232e3
1099.0	1.372e3
1099.8	2.663e3
1100.8	2.689e3
1101.8	2.297e3
1102.4	9.600e1
1103.0	2.616e3
1103.6	1.340e2
1104.1	4.192e3
1105.1	2.151e3
1106.0	1.527e3
1106.9	3.609e3
1107.9	2.333e3
1108.9	2.674e3
1109.5	2.630e2
1110.0	2.037e3
1110.6	1.040e2
1111.1	2.166e3
1112.0	2.634e3
1112.6	3.880e2
1113.2	2.732e3
1114.2	1.640e3
1115.1	3.206e3
1115.9	1.821e3
1116.8	2.601e3
1117.7	1.295e3
1118.8	2.486e3
1119.4	1.210e2
1120.0	2.770e3
1120.9	1.983e3
1121.8	2.285e3
1122.5	3.100e2
1123.1	2.662e3
1123.7	2.830e2
1124.3	2.635e3
1125.2	1.758e3
1126.0	3.029e3
1126.9	2.055e3
1127.6	2.880e2
1128.1	3.592e3
1129.0	2.231e3
1129.6	1.270e2
1130.1	2.717e3
1131.1	1.995e3
1132.0	2.597e3
1132.6	1.470e2
1133.1	4.753e3
1133.7	4.670e2
1134.3	2.776e3
1135.2	1.997e3
1135.9	9.900e1
1136.5	2.597e3
1137.1	7.100e2
1137.8	2.466e3
1138.6	1.267e3
1139.4	2.683e3
1140.3	1.686e3
1141.2	2.807e3
1141.7	6.400e1
1142.3	2.265e3
1142.8	4.470e2
1143.4	2.884e3
1144.2	1.803e3
1145.1	3.161e3
1146.0	3.075e3
1146.7	1.202e3
1147.4	3.058e3
1148.3	1.413e3
1149.1	2.943e3
1149.8	1.410e2
1150.4	3.081e3
1150.9	4.370e2
1151.5	2.677e3
1152.1	1.360e2
1152.7	2.793e3
1153.3	8.390e2
1154.1	2.960e3
1155.0	1.795e3
1155.9	2.586e3
1156.7	8.400e2
1157.3	2.968e3
1158.2	1.851e3
1159.1	3.647e3
1159.7	3.700e2
1160.3	4.289e3
1161.1	1.154e3
1161.9	3.314e3
1162.8	1.930e3
1163.5	6.700e2
1164.3	1.948e3
1164.8	3.510e2
1165.4	3.645e3
1166.1	1.145e3
1166.9	2.812e3
1167.4	8.900e1
1168.0	2.490e3
1168.5	3.550e2
1169.1	2.882e3
1170.0	9.810e2
1170.7	3.415e3
1171.6	1.255e3
1172.3	4.971e3
1172.9	5.410e2
1173.5	3.531e3
1174.2	8.620e2
1174.9	3.263e3
1176.0	2.110e3
1176.7	8.900e2
1177.3	1.801e3
1178.2	2.655e3
1179.2	2.703e3
1179.9	1.337e3
1180.7	3.190e3
1181.5	8.240e2
1182.2	2.842e3
1182.9	9.860e2
1183.6	3.173e3
1184.4	1.192e3
1185.1	3.030e3
1185.8	7.150e2
1186.4	3.512e3
1187.3	3.024e3
1188.1	1.301e3
1188.9	2.627e3
1189.9	3.013e3
1190.5	5.140e2
1191.1	2.943e3
1191.6	1.110e2
1192.2	2.100e3
1193.2	2.619e3
1194.2	3.861e3
1194.9	1.412e3
1195.6	2.913e3
1196.3	4.960e2
1197.0	2.118e3
1197.6	1.500e2
1198.1	3.469e3
1199.1	2.077e3
1200.1	3.178e3
1200.7	6.940e2
1201.3	4.285e3
1202.3	3.542e3
1203.2	1.737e3
1204.2	3.068e3
1205.0	2.195e3
1205.7	7.320e2
1206.4	2.939e3
1206.9	1.000e1
1207.5	3.649e3
1208.4	2.089e3
1209.3	3.275e3
1210.0	8.930e2
1210.8	3.532e3
1211.3	1.030e2
1211.8	2.674e3
1212.3	2.500e1
1212.8	2.192e3
1213.8	3.346e3
1214.7	2.167e3
1215.7	2.838e3
1216.5	7.000e2
1217.2	2.925e3
1218.0	7.780e2
1218.7	3.136e3
1219.7	2.474e3
1220.2	2.620e2
1220.8	2.854e3
1221.7	2.865e3
1222.2	5.600e1
1222.7	3.017e3
1223.4	7.240e2
1224.2	2.181e3
1224.7	1.900e1
1225.3	2.732e3
1226.0	9.090e2
1226.9	3.435e3
1227.8	1.960e3
1228.3	4.800e1
1228.8	3.293e3
1229.5	1.268e3
1230.2	3.596e3
1230.9	5.550e2
1231.6	1.295e3
1232.4	2.809e3
1232.9	2.360e2
1233.5	2.545e3
1234.2	6.570e2
1234.8	2.883e3
1235.8	2.693e3
1236.3	2.300e1
1236.9	2.123e3
1237.8	2.456e3
1238.4	1.830e2
1239.1	2.272e3
1240.1	3.864e3
1240.7	4.450e2
1241.4	2.256e3
1242.4	2.524e3
1243.2	1.311e3
1243.9	2.223e3
1244.7	1.015e3
1245.6	2.208e3
1246.2	7.980e2
1247.0	2.136e3
1247.5	2.870e2
1248.1	2.963e3
1249.0	3.043e3
1249.8	1.219e3
1250.5	2.343e3
1251.0	1.490e2
1251.7	2.132e3
1252.3	4.910e2
1252.9	2.420e3
1253.6	1.242e3
1254.5	2.337e3
1255.2	6.210e2
1255.8	4.169e3
1256.5	1.134e3
1257.2	1.951e3
1257.9	5.230e2
1258.5	1.761e3
1259.5	2.482e3
1260.3	2.364e3
1260.9	7.150e2
1261.5	2.715e3
1262.5	2.469e3
1263.5	2.498e3
1264.2	4.370e2
1264.8	2.339e3
1265.6	1.253e3
1266.4	2.575e3
1267.1	1.595e3
1268.0	3.157e3
1268.6	2.410e2
1269.1	5.029e3
1270.1	2.808e3
1270.8	5.260e2
1271.4	2.863e3
1272.4	2.197e3
1273.2	2.109e3
1273.8	4.560e2
1274.4	2.597e3
1275.1	9.000e2
1275.8	2.895e3
1276.7	1.365e3
1277.6	3.067e3
1278.7	2.863e3
1279.2	5.570e2
1279.9	2.351e3
1280.4	4.000e1
1280.9	2.588e3
1281.9	2.728e3
1282.8	2.056e3
1283.7	2.524e3
1284.4	8.970e2
1285.2	3.262e3
1286.2	3.153e3
1286.7	3.500e1
1287.3	2.781e3
1288.0	9.800e2
1288.9	2.196e3
1289.9	2.506e3
1290.8	3.109e3
1291.8	2.522e3
1292.3	2.700e1
1292.9	6.740e2
1293.6	2.651e3
1294.5	1.887e3
1295.4	2.642e3
1296.1	1.705e3
1296.9	2.932e3
1297.5	9.900e1
1298.1	3.156e3
1299.0	3.781e3
1299.9	1.304e3
1300.4	6.000e0
1300.9	2.601e3
1301.5	1.150e2
1302.0	3.272e3
1303.0	2.305e3
1303.5	2.570e2
1304.0	2.407e3
1304.9	2.289e3
1305.8	1.620e3
1306.7	1.763e3
1307.3	8.900e1
1307.9	3.420e3
1308.4	7.900e1
1308.9	2.832e3
1309.9	2.633e3
1310.6	8.810e2
1311.4	2.626e3
1312.1	8.260e2
1312.8	3.990e3
1313.4	4.000e1
1314.0	2.910e3
1315.0	2.961e3
1315.8	7.890e2
1316.5	1.870e3
1317.4	1.884e3
1318.3	2.764e3
1319.0	8.220e2
1319.6	2.503e3
1320.1	1.100e1
1320.7	2.872e3
1321.3	2.150e2
1321.9	2.587e3
1322.9	2.274e3
1323.4	1.110e2
1323.9	2.596e3
1324.7	1.127e3
1325.4	2.890e3
1326.0	3.480e2
1326.6	2.772e3
1327.6	3.087e3
1328.2	5.350e2
1328.9	2.579e3
1329.8	1.850e3
1330.7	1.083e3
1331.5	1.538e3
1332.4	2.842e3
1333.1	5.830e2
1333.8	2.874e3
1334.4	7.090e2
1335.1	2.254e3
1336.1	1.755e3
1336.6	1.000e2
1337.1	3.253e3
1338.0	1.554e3
1338.9	1.807e3
1339.4	3.300e1
1339.9	2.790e3
1340.9	2.125e3
1341.8	1.987e3
1342.4	1.670e2
1343.0	2.853e3
1343.5	6.090e2
1344.2	2.929e3
1345.1	1.146e3
1345.9	1.302e3
1346.7	9.110e2
1347.4	3.056e3
1348.1	5.170e2
1348.8	2.983e3
1349.3	1.610e2
1349.9	3.223e3
1350.6	1.960e2
1351.1	1.985e3
1352.0	8.590e2
1352.8	2.713e3
1353.4	1.980e2
1354.0	1.448e3
1355.0	2.813e3
1355.8	1.297e3
1356.5	2.918e3
1357.3	1.287e3
1358.2	1.844e3
1358.9	1.026e3
1359.6	2.805e3
1360.5	1.646e3
1361.3	2.422e3
1362.1	8.760e2
1362.9	3.027e3
1363.4	2.270e2
1363.9	1.697e3
1364.9	1.476e3
1365.9	3.570e3
1366.5	6.950e2
1367.1	1.521e3
1367.6	1.990e2
1368.2	1.303e3
1369.1	2.150e3
1370.2	2.202e3
1370.9	7.320e2
1371.6	2.918e3
1372.5	3.350e3
1373.4	6.860e2
1374.0	2.474e3
1375.0	2.374e3
1375.9	3.056e3
1376.5	1.280e2
1377.1	2.207e3
1377.8	8.330e2
1378.7	2.270e3
1379.3	3.160e2
1379.9	3.373e3
1380.5	4.990e2
1381.2	3.520e3
1382.1	1.857e3
1382.7	2.150e2
1383.3	1.972e3
1384.2	2.681e3
1385.1	1.328e3
1386.0	2.415e3
1386.9	2.788e3
1387.8	7.570e2
1388.4	2.809e3
1389.2	5.550e2
1390.0	2.597e3
1390.9	2.437e3
1391.7	1.059e3
1392.6	2.162e3
1393.5	1.644e3
1394.0	2.200e1
1394.5	1.827e3
1395.5	2.704e3
1396.5	1.782e3
1397.0	9.900e1
1397.6	1.616e3
1398.5	1.100e3
1399.0	5.100e2
1399.6	2.430e3
1400.1	1.260e2
1400.7	1.671e3
1401.7	2.272e3
1402.3	5.950e2
1403.0	1.539e3
1403.5	2.720e2
1404.2	2.339e3
1405.2	2.711e3
1405.7	2.810e2
1406.3	2.916e3
1407.0	5.120e2
1407.7	1.958e3
1408.5	2.309e3
1409.2	4.680e2
1409.8	1.903e3
1410.7	1.606e3
1411.4	5.440e2
1412.0	2.475e3
1412.8	1.003e3
1413.5	2.968e3
1414.5	1.464e3
1415.3	2.189e3
1416.1	4.040e2
1416.7	2.598e3
1417.7	2.741e3
1418.3	7.030e2
1419.0	3.050e3
1420.0	1.364e3
1420.7	4.080e2
1421.3	3.151e3
1422.3	1.683e3
1422.8	2.600e1
1423.3	2.253e3
1423.8	2.700e1
1424.3	2.112e3
1425.2	1.619e3
1426.2	2.764e3
1426.7	1.150e2
1427.2	1.622e3
1428.2	2.143e3
1429.1	2.491e3
1429.9	2.350e3
1430.6	8.320e2
1431.3	3.279e3
1432.3	2.242e3
1432.9	2.230e2
1433.5	1.856e3
1434.3	1.880e2
1434.8	2.242e3
1435.8	1.842e3
1437.0	2.607e3
1437.6	2.650e2
1438.1	2.678e3
1438.8	5.620e2
1439.5	1.944e3
1440.1	3.060e2
1440.7	2.523e3
1441.2	1.390e2
1441.9	2.295e3
1442.7	8.280e2
1443.4	1.500e3
1444.2	2.051e3
1444.8	4.220e2
1445.4	1.578e3
1446.3	2.370e3
1447.3	2.856e3
1448.1	1.374e3
1448.9	2.727e3
1449.8	1.568e3
1450.7	1.742e3
1451.6	2.399e3
1452.2	3.900e2
1452.8	2.858e3
1453.4	4.370e2
1453.9	1.897e3
1454.6	2.850e2
1455.2	2.245e3
1455.9	2.430e2
1456.6	2.555e3
1457.5	2.286e3
1458.3	9.960e2
1459.1	2.172e3
1460.1	1.322e3
1460.8	3.170e2
1461.5	1.883e3
1462.0	1.600e1
1462.6	1.934e3
1463.5	2.788e3
1464.3	1.891e3
1465.1	1.209e3
1466.0	2.647e3
1466.5	4.000e1
1467.2	2.441e3
1468.1	1.482e3
1469.0	3.100e3
1470.0	2.178e3
1470.8	2.797e3
1471.6	4.450e2
1472.4	1.453e3
1473.2	3.067e3
1473.8	5.040e2
1474.4	2.210e3
1475.2	1.133e3
1475.9	2.321e3
1476.7	5.410e2
1477.4	1.843e3
1478.4	2.564e3
1479.2	1.937e3
1480.0	2.553e3
1480.6	1.220e2
1481.2	2.333e3
1482.1	1.410e3
1483.0	2.501e3
1483.8	1.005e3
1484.7	1.514e3
1485.7	2.230e3
1486.7	1.502e3
1487.5	1.286e3
1488.4	2.845e3
1489.1	8.810e2
1489.9	1.792e3
1490.8	1.052e3
1491.4	1.940e2
1492.0	2.537e3
1492.6	2.270e2
1493.2	2.175e3
1494.0	7.720e2
1494.8	2.687e3
1495.6	7.920e2
1496.5	1.137e3
1497.3	3.150e3
1498.1	1.777e3
1498.7	3.950e2
1499.3	2.219e3
1499.9	4.990e2
1500.6	2.153e3
1501.2	3.120e2
1501.9	2.208e3
1502.9	2.350e3
1503.8	1.939e3
1504.3	7.600e1
1504.8	2.309e3
1505.8	2.638e3
1506.8	3.112e3
1507.4	3.470e2
1508.0	1.937e3
1508.9	2.298e3
1509.7	1.452e3
1510.3	1.290e2
1510.8	2.328e3
1511.3	3.100e1
1511.9	3.378e3
1512.5	1.930e2
1513.0	2.197e3
1513.9	3.178e3
1514.5	1.320e2
1515.0	2.842e3
1516.1	2.323e3
1517.1	2.809e3
1517.8	7.250e2
1518.5	1.878e3
1519.5	1.456e3
1520.2	1.540e2
1520.7	2.281e3
1521.3	2.720e2
1521.8	2.683e3
1522.9	2.871e3
1523.7	1.661e3
1524.3	7.300e1
1524.9	1.623e3
1525.8	1.422e3
1526.7	9.460e2
1527.5	3.061e3
1528.5	2.293e3
1529.0	1.830e2
1529.6	2.202e3
1530.4	1.192e3
1531.2	2.178e3
1532.1	1.210e3
1533.0	2.061e3
1533.5	1.250e2
1534.1	1.713e3
1534.7	3.950e2
1535.3	3.019e3
1536.2	1.547e3
1537.0	8.240e2
1537.9	1.392e3
1538.7	2.590e3
1539.3	3.790e2
1539.9	3.109e3
1540.6	2.320e2
1541.1	2.132e3
1541.6	2.400e1
1542.2	1.405e3
1543.2	2.141e3
1543.7	1.380e2
1544.3	1.835e3
1545.2	3.783e3
1546.0	1.180e3
1546.8	1.809e3
1547.4	2.050e2
1548.1	1.406e3
1548.6	3.900e1
1549.2	1.769e3
1549.8	3.390e2
1550.5	1.891e3
1551.4	2.383e3
1552.2	8.600e1
1552.7	1.941e3
1553.4	5.210e2
1554.0	2.360e3
1554.9	1.886e3
1555.9	1.570e3
1556.4	3.700e1
1556.9	1.939e3
1557.5	2.820e2
1558.1	2.129e3
1558.8	7.220e2
1559.4	2.110e3
1560.0	8.700e1
1560.5	1.495e3
1561.4	1.562e3
1562.1	6.820e2
1562.8	1.960e3
1563.4	1.780e2
1564.0	2.279e3
1564.6	1.470e2
1565.3	1.327e3
1566.2	1.059e3
1567.1	1.786e3
1568.1	1.513e3
1569.1	2.415e3
1569.8	1.011e3
1570.6	2.624e3
1571.2	1.510e2
1571.8	1.335e3
1572.8	2.079e3
1573.8	1.465e3
1574.7	1.797e3
1575.5	9.110e2
1576.3	3.015e3
1577.0	6.960e2
1577.8	1.678e3
1578.5	8.720e2
1579.2	2.165e3
1580.0	1.082e3
1580.6	3.156e3
1581.6	1.440e3
1582.5	8.070e2
1583.4	2.115e3
1584.2	1.200e3
1585.1	1.198e3
1586.1	1.151e3
1586.8	4.660e2
1587.4	2.607e3
1588.3	3.568e3
1589.1	1.327e3
1589.9	1.921e3
1590.6	5.300e2
1591.2	2.479e3
1592.1	1.807e3
1593.0	1.835e3
1593.8	1.792e3
1595.0	2.124e3
1595.5	9.000e0
1596.0	1.966e3
1596.5	3.200e1
1597.2	1.839e3
1597.8	2.160e2
1598.3	2.821e3
1599.4	2.776e3
1600.1	9.760e2
1600.8	1.962e3
1601.7	1.494e3
1602.5	2.059e3
1603.5	1.552e3
1604.4	2.049e3
1605.3	9.880e2
1606.0	9.580e2
1606.8	2.069e3
1607.6	1.000e3
1608.3	2.093e3
1608.9	9.000e0
1609.4	2.460e3
1610.1	1.090e3
1610.9	1.862e3
1611.8	1.242e3
1612.4	1.490e2
1612.9	1.615e3
1613.7	7.060e2
1614.4	1.661e3
1615.3	1.358e3
1616.3	1.785e3
1617.2	2.018e3
1617.8	1.600e1
1618.3	1.997e3
1619.2	1.205e3
1619.9	2.576e3
1620.5	5.700e1
1621.0	1.107e3
1621.9	1.815e3
1622.4	3.900e1
1622.9	1.524e3
1623.4	4.000e1
1623.9	2.139e3
1624.4	3.300e1
1625.0	6.580e2
1625.9	2.107e3
1626.5	8.300e1
1627.0	2.635e3
1628.0	1.147e3
1629.0	1.917e3
1629.6	1.400e1
1630.2	1.878e3
1630.8	6.200e1
1631.3	1.998e3
1632.3	1.484e3
1632.9	2.860e2
1633.5	2.308e3
1634.4	2.304e3
1635.2	1.405e3
1635.9	2.442e3
1636.6	1.299e3
1637.4	2.161e3
1638.2	5.800e2
1639.0	2.326e3
1639.8	1.611e3
1640.9	1.658e3
1641.6	1.420e2
1642.2	2.192e3
1643.0	1.356e3
1643.9	1.655e3
1644.5	1.112e3
1645.3	2.295e3
1646.1	1.385e3
1647.1	1.222e3
1648.1	1.897e3
1648.7	2.270e2
1649.2	3.105e3
1650.1	1.530e3
1651.0	2.067e3
1652.0	2.502e3
1653.0	2.463e3
1654.0	2.093e3
1654.7	6.140e2
1655.4	2.169e3
1656.2	6.410e2
1656.9	1.748e3
1657.7	9.000e2
1658.6	2.472e3
1659.2	9.300e1
1659.7	1.742e3
1660.2	9.800e1
1660.8	2.974e3
1661.4	2.970e2
1662.0	1.676e3
1662.9	1.953e3
1663.5	1.570e2
1664.0	2.015e3
1665.0	1.588e3
1666.0	2.228e3
1666.6	2.590e2
1667.3	1.622e3
1667.8	9.400e1
1668.3	2.183e3
1668.9	1.750e2
1669.4	1.693e3
1670.0	1.160e2
1670.5	1.703e3
1671.5	1.346e3
1672.3	1.727e3
1673.3	1.022e3
1674.1	1.345e3
1675.0	2.064e3
1675.5	3.800e1
1676.0	1.124e3
1676.7	6.790e2
1677.5	2.223e3
1678.2	4.520e2
1679.1	2.748e3
1679.7	2.890e2
1680.3	2.156e3
1681.3	1.923e3
1682.2	1.434e3
1682.9	2.360e2
1683.4	2.910e3
1684.1	3.430e2
1684.8	1.483e3
1685.4	5.600e1
1686.2	1.720e3
1687.2	2.476e3
1688.0	8.120e2
1688.8	2.057e3
1689.7	5.630e2
1690.5	2.704e3
1691.2	3.930e2
1691.9	1.628e3
1692.4	5.900e1
1693.0	1.385e3
1693.9	1.583e3
1694.9	1.879e3
1695.9	1.673e3
1696.9	1.132e3
1697.8	2.278e3
1698.5	7.770e2
1699.5	1.908e3
1700.0	2.000e1
1700.5	1.917e3
1701.5	1.526e3
1702.1	3.100e1
1702.7	1.608e3
1703.5	3.240e2
1704.4	2.372e3
1705.2	1.318e3
1705.9	1.830e2
1706.4	1.829e3
1707.2	1.778e3
1708.1	9.150e2
1708.9	6.800e2
1709.5	1.846e3
1710.4	1.135e3
1710.9	2.380e2
1711.6	1.048e3
1712.2	3.800e1
1712.7	1.991e3
1713.2	2.100e1
1713.8	1.208e3
1714.7	2.496e3
1715.4	2.750e2
1716.0	1.643e3
1717.0	2.202e3
1717.9	1.718e3
1718.9	1.825e3
1719.8	9.190e2
1720.5	8.880e2
1721.1	6.300e1
1721.7	1.865e3
1722.2	1.100e2
1722.7	1.946e3
1723.7	1.604e3
1724.3	9.900e1
1724.9	1.874e3
1725.4	8.400e1
1726.0	1.365e3
1726.9	2.442e3
1727.6	4.850e2
1728.3	2.456e3
1728.9	3.400e2
1729.5	1.497e3
1730.1	1.950e2
1730.7	2.465e3
1731.3	2.030e2
1731.8	1.457e3
1732.9	2.610e3
1733.4	3.180e2
1734.1	2.141e3
1735.1	1.980e3
1735.7	9.900e1
1736.4	1.952e3
1737.2	1.414e3
1738.2	1.296e3
1739.0	2.649e3
1739.9	7.150e2
1740.6	1.992e3
1741.6	1.493e3
1742.1	2.300e2
1742.7	1.740e3
1743.8	1.988e3
1744.8	1.663e3
1745.5	5.860e2
1746.1	1.729e3
1746.8	6.870e2
1747.6	1.261e3
1748.4	1.652e3
1749.4	2.312e3
1750.3	9.270e2
1751.3	1.823e3
1752.1	1.363e3
1752.9	1.329e3
1753.4	1.550e2
1753.9	1.379e3
1754.6	5.840e2
1755.3	1.779e3
1756.3	1.538e3
1757.0	4.840e2
1757.7	2.438e3
1758.3	6.800e1
1758.8	2.026e3
1759.6	7.950e2
1760.2	4.400e1
1760.8	1.655e3
1761.8	6.960e2
1762.6	2.502e3
1763.4	1.611e3
1764.3	1.563e3
1765.2	1.777e3
1765.8	1.530e2
1766.4	1.586e3
1767.3	1.278e3
1768.3	1.644e3
1768.9	1.280e2
1769.5	2.401e3
1770.5	2.233e3
1771.3	1.092e3
1772.2	1.053e3
1772.8	3.340e2
1773.4	1.169e3
1774.3	1.857e3
1774.8	7.200e1
1775.4	1.633e3
1776.3	1.389e3
1777.0	2.827e3
1777.9	1.237e3
1778.9	1.417e3
1779.5	7.800e1
1780.0	1.560e3
1780.9	1.162e3
1781.9	1.604e3
1782.7	1.080e3
1783.6	1.915e3
1784.4	1.038e3
1785.4	1.602e3
1786.4	1.351e3
1787.2	2.645e3
1788.1	1.442e3
1788.9	1.384e3
1789.8	1.466e3
1790.3	1.600e1
1790.9	2.029e3
1791.5	8.400e1
1792.1	1.979e3
1792.9	8.690e2
1793.7	1.529e3
1794.5	1.052e3
1795.3	2.083e3
1795.9	1.420e2
1796.5	2.154e3
1797.4	1.031e3
1798.3	1.276e3
1799.2	1.997e3
1800.0	8.780e2
1801.0	1.725e3
1801.9	8.780e2
1802.9	1.883e3
1803.8	1.192e3
1804.4	2.060e2
1805.1	1.870e3
1806.1	1.235e3
1806.9	2.504e3
1807.7	5.030e2
1808.5	1.841e3
1809.2	9.000e0
1809.7	1.443e3
1810.2	1.500e1
1810.7	1.184e3
1811.3	1.700e1
1811.8	1.581e3
1812.7	1.940e3
1813.4	3.530e2
1814.0	2.351e3
1815.0	8.870e2
1815.8	1.743e3
1816.4	1.030e2
1816.9	1.680e3
1817.8	1.892e3
1818.4	1.180e2
1819.0	1.629e3
1819.7	7.000e2
1820.4	1.967e3
1821.1	5.610e2
1821.9	1.697e3
1822.8	1.523e3
1823.5	5.330e2
1824.4	1.579e3
1825.2	1.002e3
1825.7	1.130e2
1826.3	1.654e3
1827.0	6.430e2
1827.8	1.764e3
1828.4	1.320e2
1828.9	2.102e3
1829.6	8.570e2
1830.5	1.487e3
1831.1	2.020e2
1831.7	1.251e3
1832.5	4.220e2
1833.2	1.078e3
1833.9	1.585e3
1834.5	1.360e2
1835.0	2.068e3
1835.7	2.370e2
1836.3	2.053e3
1837.2	1.257e3
1838.1	9.960e2
1838.9	1.730e3
1839.8	2.153e3
1840.7	1.067e3
1841.3	3.530e2
1841.9	2.710e3
1842.9	1.195e3
1843.7	5.310e2
1844.4	1.586e3
1845.1	2.940e2
1845.8	1.554e3
1846.8	1.626e3
1847.5	2.240e2
1848.1	1.678e3
1848.8	1.930e2
1849.4	1.707e3
1850.2	1.149e3
1851.1	1.425e3
1851.8	7.100e1
1852.3	2.105e3
1853.2	1.378e3
1854.2	1.342e3
1855.3	1.246e3
1856.2	1.524e3
1856.7	5.200e1
1857.2	1.254e3
1857.9	2.970e2
1858.8	2.251e3
1859.6	1.271e3
1860.7	1.341e3
1861.6	7.540e2
1862.5	1.625e3
1863.0	9.000e0
1863.5	2.448e3
1864.5	1.682e3
1865.1	3.000e1
1865.6	1.192e3
1866.2	1.370e2
1866.9	1.575e3
1867.6	3.720e2
1868.3	2.564e3
1869.2	1.293e3
1870.1	1.540e3
1870.6	9.800e1
1871.2	2.445e3
1872.1	1.052e3
1872.8	5.000e2
1873.7	1.634e3
1874.4	3.300e1
1874.9	1.149e3
1875.7	7.390e2
1876.5	5.890e2
1877.6	1.445e3
1878.5	1.665e3
1879.1	3.800e1
1879.7	1.738e3
1880.5	1.719e3
1881.5	1.226e3
1882.4	7.820e2
1883.1	2.810e3
1883.8	1.130e2
1884.5	1.380e3
1885.2	7.980e2
1885.9	2.025e3
1887.0	8.620e2
1888.0	2.702e3
1888.8	1.079e3
1889.8	1.219e3
1890.5	1.359e3
1891.5	1.801e3
1892.2	3.280e2
1892.9	1.907e3
1893.7	8.600e1
1894.3	1.687e3
1894.9	1.670e2
1895.6	8.600e2
1896.5	9.270e2
1897.3	1.909e3
1897.9	2.500e1
1898.5	1.932e3
1899.1	1.090e2
1899.7	1.421e3
1900.8	1.318e3
1901.5	1.640e2
1902.1	1.247e3
1902.9	5.010e2
1903.7	1.526e3
1904.5	6.170e2
1905.3	1.311e3
1905.8	8.000e1
1906.5	1.756e3
1907.2	4.980e2
1907.9	2.073e3
1908.5	4.900e1
1909.0	1.243e3
1909.9	1.649e3
1910.8	5.130e2
1911.8	1.761e3
1912.6	9.150e2
1913.5	1.679e3
1914.3	9.340e2
1914.9	8.700e1
1915.4	1.898e3
1916.3	1.014e3
1917.2	2.433e3
1917.9	7.510e2
1918.7	1.509e3
1919.4	8.200e1
1920.0	1.857e3
1920.8	1.070e3
1921.5	3.560e2
1922.2	1.411e3
1923.1	2.069e3
1923.9	6.920e2
1924.4	1.660e2
1925.1	2.050e3
1925.9	1.694e3
1926.8	1.047e3
1927.7	2.293e3
1928.6	1.216e3
1929.4	1.876e3
1930.2	1.473e3
1930.8	1.000e1
1931.4	1.269e3
1931.9	3.500e1
1932.5	1.335e3
1933.2	1.019e3
1933.9	1.343e3
1934.7	3.960e2
1935.4	5.950e2
1936.2	1.905e3
1937.1	1.962e3
1937.8	2.000e1
1938.3	1.118e3
1939.2	1.154e3
1940.2	1.525e3
1940.9	4.170e2
1941.5	1.604e3
1942.1	4.400e1
1942.6	8.460e2
1943.2	4.000e0
1943.7	1.909e3
1944.4	6.390e2
1945.3	1.327e3
1946.3	8.850e2
1947.0	3.870e2
1947.6	1.422e3
1948.5	1.311e3
1949.4	1.407e3
1950.3	1.086e3
1951.1	7.160e2
1951.9	1.608e3
1952.5	9.800e1
1953.3	1.372e3
1954.2	1.372e3
1954.9	2.890e2
1955.5	1.514e3
1956.5	5.110e2
1957.4	4.160e2
1958.3	1.456e3
1959.2	1.472e3
1960.1	6.610e2
1960.9	1.770e3
1961.5	2.180e2
1962.2	1.182e3
1963.0	9.370e2
1963.6	2.050e2
1964.2	1.343e3
1965.1	1.264e3
1965.9	3.450e2
1966.6	1.481e3
1967.3	4.640e2
1968.1	7.810e2
1969.0	5.040e2
1969.8	1.260e3
1970.7	1.076e3
1971.3	1.790e2
1972.0	9.710e2
1972.7	1.584e3
1973.7	1.258e3
1974.4	3.360e2
1975.1	1.600e3
1976.1	1.404e3
1977.2	1.579e3
1977.7	1.380e2
1978.3	1.359e3
1979.0	2.650e2
1979.6	1.365e3
1980.5	6.240e2
1981.6	1.602e3
1982.5	7.580e2
1983.6	1.034e3
1984.2	1.300e1
1984.8	8.510e2
1985.6	1.619e3
1986.6	3.110e2
1987.2	1.206e3
1987.7	2.600e2
1988.4	1.401e3
1989.3	5.390e2
1990.1	2.047e3
1990.7	1.230e2
1991.3	1.743e3
1992.1	9.400e2
1993.0	1.538e3
1993.9	1.293e3
1994.6	2.110e2
1995.2	1.151e3
1995.8	3.480e2
1996.5	1.137e3
1997.2	5.220e2
1997.8	1.381e3
1998.3	5.700e1
1998.9	1.488e3
1999.8	8.820e2
