100.1	4.262e3
101.0	4.380e4
101.9	1.364e4
103.0	1.695e4
104.0	9.780e2
105.0	1.950e3
106.1	1.102e3
106.9	1.862e3
108.1	8.930e2
109.0	2.252e3
109.9	5.600e2
111.0	1.213e3
112.0	1.201e3
113.0	4.123e4
114.0	3.281e3
114.9	8.558e3
116.0	9.025e3
116.9	1.282e5
118.0	1.875e4
118.5	5.300e1
119.0	1.645e4
119.9	1.652e3
121.1	2.584e3
121.6	2.230e2
122.1	5.822e3
123.0	1.897e3
124.0	4.226e3
124.7	1.160e2
125.2	9.890e2
125.9	7.431e3
126.9	1.476e3
127.9	7.818e3
129.0	5.178e3
129.9	7.328e3
131.0	1.760e3
131.9	1.757e3
133.1	5.335e3
133.9	4.900e2
134.9	1.109e4
136.0	4.583e3
137.0	6.491e3
137.9	2.576e3
139.0	1.975e3
140.0	2.640e3
141.1	3.064e3
141.8	4.428e3
142.4	1.800e2
143.0	3.576e3
144.0	3.961e3
145.0	1.804e4
146.0	7.732e3
147.0	2.555e4
147.9	4.977e3
148.8	4.440e3
149.4	5.020e2
149.9	6.515e3
151.0	4.318e3
152.0	1.200e4
153.0	2.672e3
154.0	3.264e3
155.0	3.895e3
156.0	3.872e3
157.0	6.212e3
158.0	1.336e3
159.0	8.359e3
159.9	3.794e3
160.9	5.407e4
161.9	4.126e3
162.9	6.394e4
163.9	5.431e3
164.9	2.928e4
165.9	4.745e3
167.0	5.036e3
168.0	5.160e3
168.9	2.641e3
170.0	2.693e3
171.1	5.827e3
172.0	6.940e3
172.9	9.764e3
174.0	6.966e3
175.0	1.697e4
176.0	3.447e3
177.0	7.771e3
177.9	1.961e3
178.9	1.590e4
179.9	5.205e3
181.0	1.289e4
182.1	1.686e4
183.0	6.363e3
183.9	3.790e3
184.9	6.310e3
185.5	2.650e2
186.0	9.246e3
187.0	9.398e3
188.0	8.637e3
188.9	8.126e3
190.0	5.072e3
191.0	2.788e4
192.0	6.686e3
193.0	7.684e3
193.8	4.948e3
194.4	2.960e2
195.0	2.084e4
195.8	4.576e4
197.0	1.090e4
197.9	4.910e4
198.4	8.400e1
199.0	7.881e3
199.9	2.557e4
201.0	5.323e3
201.9	8.755e3
202.9	2.547e3
204.0	4.213e3
205.1	3.887e3
206.0	1.681e3
206.9	3.846e3
207.5	8.400e1
208.0	3.975e3
208.9	2.669e3
210.0	3.542e3
211.1	2.874e3
212.1	1.485e4
212.7	3.100e2
213.3	4.822e3
214.2	1.508e3
215.1	3.620e3
216.0	6.378e3
217.0	1.248e4
217.9	1.004e4
219.0	9.617e3
219.9	5.517e3
220.5	1.680e2
221.1	3.898e3
221.9	1.036e4
222.9	4.968e3
223.9	6.786e3
225.0	5.256e3
226.0	7.187e3
226.8	2.681e3
227.8	7.387e3
228.3	1.680e2
229.0	4.833e3
230.0	6.602e3
231.1	5.244e3
232.0	4.033e3
233.0	4.784e3
234.0	4.191e3
235.0	4.711e3
236.0	2.313e4
237.1	4.668e3
237.9	3.472e3
239.0	2.006e3
239.5	1.470e2
240.0	3.638e3
241.0	7.187e3
242.0	5.942e3
243.0	5.151e3
243.9	1.021e4
244.8	2.006e3
245.6	9.888e3
246.2	8.600e2
246.9	4.592e3
247.4	6.200e1
248.0	1.542e4
249.0	2.397e4
249.9	4.363e3
250.5	9.600e1
251.0	5.590e3
252.0	2.257e3
253.0	2.519e3
253.7	3.255e3
254.5	1.190e2
255.0	2.135e3
255.5	4.100e1
256.1	1.732e3
257.0	3.641e3
258.0	4.563e3
259.0	3.421e3
259.9	5.965e3
260.8	4.105e3
261.5	7.000e1
262.0	7.433e3
263.0	1.091e4
263.9	6.264e3
265.1	4.701e3
266.0	1.164e4
266.9	3.720e3
267.4	3.100e2
267.9	1.009e4
269.0	5.802e3
270.0	4.926e3
270.9	1.903e3
272.0	1.017e3
273.0	3.914e3
274.1	4.793e3
275.1	3.082e3
275.8	6.880e2
277.0	6.282e3
277.8	1.508e3
278.6	1.883e3
279.2	7.122e3
280.0	2.370e3
280.9	4.556e3
282.1	4.262e3
283.1	2.551e3
284.0	1.026e4
285.0	3.980e3
285.9	4.733e3
287.0	4.632e3
287.9	9.741e3
288.9	4.263e3
289.9	8.229e3
290.9	6.846e3
292.0	9.164e3
293.1	4.395e3
293.9	2.990e3
294.4	2.360e2
295.0	5.769e3
295.9	4.441e3
296.4	5.000e1
297.0	3.794e3
298.1	5.555e3
299.0	2.082e3
299.9	2.808e3
300.6	1.360e2
301.2	5.254e3
301.9	2.909e3
302.4	1.800e1
302.9	4.530e3
303.9	6.346e3
305.1	8.920e3
306.0	6.086e3
307.0	4.529e3
307.5	4.400e1
308.0	1.244e4
308.9	4.285e3
309.9	5.799e3
310.4	9.550e2
311.0	7.811e3
312.0	5.021e3
313.0	9.367e3
313.9	6.035e3
314.9	4.250e3
315.5	4.270e2
316.1	4.005e3
317.0	2.370e4
318.0	3.322e3
318.8	6.917e3
319.3	1.160e2
320.0	5.635e3
320.9	5.539e3
321.8	1.088e3
322.4	7.209e3
323.3	2.818e3
324.1	1.077e4
325.0	5.183e3
326.1	4.989e3
327.0	5.408e3
327.9	3.042e4
329.0	7.368e3
329.9	5.920e3
330.9	6.181e3
331.9	3.255e3
333.0	6.296e3
333.9	7.374e3
334.9	5.708e3
335.8	5.037e3
336.4	2.320e2
337.0	7.391e3
338.0	5.225e3
339.0	8.340e3
340.0	5.664e3
341.1	8.627e3
341.9	3.780e3
342.6	5.736e3
343.2	1.100e2
343.8	2.592e3
345.0	5.632e3
345.9	1.517e4
346.9	6.871e3
347.9	6.843e3
349.0	9.030e3
349.9	6.229e3
350.9	8.783e3
351.9	6.920e3
352.9	1.713e4
353.5	4.700e1
354.0	3.090e3
355.0	5.940e3
355.6	2.500e2
356.1	3.517e3
357.0	1.157e4
357.8	4.089e3
358.4	6.190e2
359.0	6.547e3
359.6	3.020e2
360.1	3.182e3
361.0	6.192e3
362.0	3.163e3
362.9	4.840e3
363.7	1.409e3
364.6	5.670e3
365.2	5.060e2
365.9	4.087e3
366.5	9.300e1
367.0	5.114e3
367.9	7.908e3
369.0	4.285e3
370.0	3.601e3
370.9	4.035e3
372.0	2.081e3
372.8	3.720e3
373.8	3.665e3
374.8	3.426e3
375.4	1.720e2
376.0	3.844e3
377.0	1.047e4
378.0	3.005e3
378.9	1.282e4
379.9	9.438e3
381.0	5.983e3
381.5	1.380e2
382.1	4.661e3
382.9	2.608e3
383.9	4.615e3
385.0	1.543e4
386.0	5.535e3
386.9	4.464e3
387.5	2.560e2
388.1	3.284e3
389.1	4.461e3
390.0	5.138e3
391.1	6.718e3
392.0	2.846e3
392.9	6.731e3
393.5	3.600e1
394.0	4.080e3
394.9	2.742e3
395.5	5.700e1
396.0	4.994e3
396.5	1.090e2
397.1	4.562e3
398.1	4.062e3
399.0	4.618e3
400.0	2.431e3
401.0	8.212e3
401.9	1.391e3
402.4	1.130e2
403.1	4.457e3
404.0	4.181e3
404.9	2.716e3
405.8	3.166e3
407.0	4.367e3
407.9	7.613e3
408.9	2.733e3
409.9	7.745e3
410.5	4.900e1
411.0	6.057e3
411.5	1.700e1
412.1	3.002e3
413.0	3.652e3
413.9	3.763e3
414.4	7.300e1
414.9	3.504e3
415.9	3.792e3
416.9	4.387e3
417.8	3.446e3
418.6	1.800e2
419.1	5.572e3
420.0	4.947e3
420.9	1.157e4
421.4	5.900e1
421.9	4.415e3
422.9	2.023e3
423.9	3.174e3
424.6	6.403e3
425.3	2.040e2
425.9	5.066e3
426.9	2.368e3
427.9	4.096e3
429.0	2.831e3
430.0	5.065e3
430.9	8.612e3
432.0	4.921e3
432.9	2.740e3
433.9	4.152e3
435.0	4.719e3
436.0	3.861e3
437.0	4.824e3
437.8	2.917e3
438.5	9.810e2
439.2	5.528e3
440.0	4.085e3
440.9	3.465e3
441.4	9.600e1
441.9	4.517e3
443.1	3.497e3
444.1	1.360e4
445.0	2.675e3
446.0	5.832e3
446.7	1.790e2
447.3	5.883e3
448.0	2.626e3
449.0	2.661e3
450.1	4.600e3
451.0	3.896e3
451.8	6.752e3
452.4	1.011e3
453.1	7.916e3
454.0	2.463e3
455.0	3.811e3
455.9	2.511e3
456.6	4.884e3
457.3	7.170e2
457.9	3.988e3
459.0	4.391e3
460.0	5.093e3
461.0	4.462e3
461.8	2.826e3
462.8	3.565e3
463.9	4.029e3
465.1	5.087e3
465.9	1.519e4
466.9	4.549e3
467.8	5.559e3
468.6	4.410e2
469.2	9.385e3
470.0	6.347e3
470.7	7.474e3
471.3	3.010e2
471.8	4.339e3
472.5	7.460e2
473.2	2.882e3
473.7	2.580e2
474.2	3.285e3
475.0	5.438e3
475.8	4.888e3
477.0	5.373e3
478.1	4.624e3
478.6	2.400e2
479.2	5.256e3
480.0	2.113e3
480.9	5.531e3
481.9	5.197e3
482.9	8.432e3
483.9	6.170e3
484.9	6.237e3
486.0	2.684e3
487.0	6.120e3
488.0	6.427e3
489.0	8.517e3
490.0	4.017e3
490.9	1.987e3
491.9	4.747e3
492.9	4.530e3
493.4	1.370e2
494.0	3.114e3
494.9	4.795e3
495.9	4.824e3
496.8	6.716e3
497.9	5.875e3
498.4	3.400e1
498.9	4.147e3
499.5	1.330e2
500.1	5.346e3
500.8	1.047e3
501.3	9.209e3
502.1	4.606e3
503.0	4.679e3
503.8	5.773e3
504.9	3.591e3
505.8	3.599e3
506.8	4.128e3
507.6	2.868e3
508.2	5.020e2
508.8	5.195e3
509.3	4.100e1
509.9	6.489e3
510.8	4.053e3
511.5	3.950e2
512.0	4.327e3
512.6	1.402e3
513.2	5.725e3
514.1	3.223e3
515.1	5.233e3
516.0	2.816e3
517.0	8.002e3
517.8	5.800e3
518.6	1.506e3
519.2	7.334e3
519.9	2.995e3
521.0	8.163e3
521.9	4.523e3
522.6	4.527e3
523.3	7.000e1
523.8	6.054e3
524.3	1.160e2
524.9	5.748e3
525.9	5.082e3
526.4	6.760e2
527.0	4.715e3
528.0	3.319e3
529.0	2.098e3
529.9	6.027e3
530.9	4.051e3
531.9	5.356e3
532.8	5.172e3
533.8	3.877e3
534.8	3.230e3
535.7	5.051e3
536.3	1.770e2
536.9	9.560e3
537.8	4.741e3
538.9	4.482e3
539.4	1.610e2
539.9	2.633e3
540.9	4.442e3
541.8	4.816e3
542.8	3.181e3
543.5	1.113e3
544.3	2.866e3
545.1	2.344e3
546.1	2.999e3
546.9	2.197e3
547.9	2.431e3
548.8	2.798e3
549.9	5.576e3
550.8	3.017e3
551.8	3.561e3
552.9	5.887e3
553.8	4.268e3
554.6	4.238e3
555.2	1.707e3
555.8	7.200e3
556.4	6.370e2
557.0	5.747e3
557.7	1.404e3
558.4	4.547e3
559.0	6.790e2
559.8	3.223e3
560.9	2.021e3
561.8	2.256e3
562.6	2.448e3
563.9	5.917e3
564.9	3.616e3
565.4	5.700e1
566.0	5.141e3
567.0	2.834e3
567.8	4.106e3
568.4	5.230e2
569.0	5.449e3
570.0	4.618e3
570.9	3.691e3
571.8	3.734e3
572.4	1.500e2
572.9	6.133e3
573.6	5.650e2
574.1	3.644e3
574.8	1.234e3
575.5	4.799e3
576.2	1.011e3
576.9	6.375e3
577.7	3.651e3
578.3	1.338e3
579.0	2.814e3
579.7	5.636e3
580.8	4.354e3
581.7	3.279e3
582.3	7.000e2
582.9	4.456e3
583.9	2.053e3
584.4	2.010e2
584.9	2.370e3
585.8	5.588e3
586.7	3.423e3
587.2	7.700e1
587.8	2.883e3
588.5	1.450e2
589.1	5.950e3
590.0	2.711e3
590.8	4.367e3
592.0	4.578e3
592.5	4.100e1
593.0	3.891e3
593.9	3.090e3
594.9	1.517e4
596.0	4.221e3
597.0	2.048e3
597.9	3.631e3
598.8	2.745e3
599.4	3.120e2
600.0	4.376e3
600.6	6.380e2
601.2	4.700e3
601.8	1.100e2
602.4	3.798e3
603.0	2.140e2
603.5	5.251e3
604.2	7.360e2
605.0	6.625e3
605.9	5.628e3
606.9	7.447e3
607.6	1.239e3
608.3	3.192e3
609.1	1.442e3
609.9	4.367e3
610.5	2.600e2
611.0	4.310e3
612.0	5.260e3
613.0	4.113e3
613.8	2.036e3
615.0	5.856e3
615.9	1.608e3
616.9	9.811e3
617.7	3.802e3
618.2	3.540e2
618.8	2.389e3
619.6	3.494e3
620.3	2.572e3
621.1	7.038e3
622.2	4.894e3
623.0	1.827e3
623.9	4.677e3
624.9	4.393e3
625.7	1.783e3
626.8	3.751e3
627.6	1.912e3
628.3	6.800e1
628.8	3.834e3
629.3	5.050e2
630.0	3.591e3
630.9	4.212e3
631.7	1.990e3
632.4	3.422e3
633.0	9.630e2
633.6	1.604e3
634.3	6.271e3
635.0	1.421e3
635.8	2.949e3
636.4	7.400e1
636.9	5.690e3
637.4	3.370e2
638.0	3.833e3
638.9	4.956e3
639.9	6.119e3
640.8	1.920e3
641.9	2.611e3
642.8	2.281e3
644.0	1.808e3
644.9	3.275e3
645.9	5.401e3
647.0	8.302e3
647.9	2.754e3
648.8	3.340e3
649.6	5.360e2
650.2	5.793e3
651.0	2.615e3
651.9	3.826e3
653.0	4.271e3
653.9	1.991e3
654.7	4.281e3
655.8	3.132e3
656.8	3.837e3
657.6	2.186e3
658.4	1.266e3
659.1	2.786e3
659.9	4.691e3
660.9	2.285e3
661.8	2.202e3
662.5	3.857e3
663.6	4.674e3
664.2	5.270e2
664.8	3.945e3
665.6	9.370e2
666.4	2.526e3
667.0	4.740e2
667.7	5.526e3
668.5	2.828e3
669.4	4.582e3
670.2	2.158e3
670.9	3.715e3
671.5	8.700e1
672.0	3.906e3
672.9	5.811e3
673.9	5.331e3
674.9	3.237e3
675.4	3.610e2
676.0	2.418e3
677.0	2.933e3
677.9	7.693e3
678.6	1.613e3
679.4	8.550e2
680.0	1.644e3
680.7	4.452e3
681.2	6.300e1
681.8	2.450e3
682.6	5.267e3
683.1	4.280e2
683.9	3.899e3
684.6	8.360e2
685.2	4.982e3
686.1	1.283e3
686.9	2.106e3
687.8	3.568e3
688.4	1.550e2
689.0	5.153e3
689.9	1.874e3
690.8	4.862e3
691.7	2.544e3
692.9	4.737e3
693.9	3.441e3
694.7	2.215e3
695.6	3.585e3
696.3	2.160e2
696.8	8.052e3
697.8	3.317e3
698.8	3.785e3
699.8	5.754e3
700.6	1.994e3
701.6	2.118e3
702.6	5.741e3
703.1	1.500e2
703.7	3.972e3
704.3	6.160e2
704.8	5.392e3
705.8	2.295e3
706.7	6.664e3
707.7	3.602e3
708.5	9.550e2
709.2	4.459e3
709.7	1.240e2
710.2	3.053e3
710.9	2.259e3
711.8	1.466e3
712.6	3.524e3
713.3	5.490e2
713.9	3.072e3
714.8	4.913e3
715.8	3.434e3
716.8	5.255e3
717.8	2.934e3
718.5	1.360e2
719.1	3.507e3
720.0	1.342e3
720.9	3.697e3
721.8	2.161e3
722.6	2.459e3
723.5	1.207e3
724.1	1.552e3
724.9	6.513e3
725.8	2.123e3
726.8	1.433e3
727.8	2.757e3
728.8	3.230e3
729.5	3.300e2
730.1	4.526e3
731.0	2.795e3
731.8	2.057e3
732.5	1.970e2
733.1	4.630e3
734.0	1.553e3
734.7	7.080e2
735.4	5.250e3
736.2	1.389e3
737.0	7.294e3
737.6	9.440e2
738.2	4.056e3
738.8	5.630e2
739.5	3.833e3
740.3	1.496e3
741.4	6.340e3
742.2	1.089e3
743.0	4.334e3
743.5	6.200e2
744.1	4.551e3
745.1	4.670e2
745.9	1.742e3
746.8	5.060e2
747.4	2.195e3
748.2	2.143e3
748.8	3.959e3
749.7	2.125e3
750.7	1.637e3
751.6	1.869e3
752.3	1.957e3
753.3	4.029e3
754.3	2.851e3
755.3	2.320e3
756.2	2.573e3
757.2	5.832e3
757.9	3.533e3
758.8	1.722e3
759.7	2.788e3
760.4	3.235e3
761.2	7.180e2
762.0	2.911e3
762.9	2.210e3
763.8	8.150e2
764.7	1.810e3
765.4	8.900e2
766.2	3.181e3
767.1	2.886e3
767.6	7.100e2
768.3	4.441e3
768.8	4.920e2
769.8	2.444e3
770.8	2.691e3
771.7	3.352e3
772.9	5.169e3
773.9	4.480e3
774.8	3.135e3
775.7	4.806e3
776.7	3.675e3
777.8	4.311e3
778.8	1.374e3
780.1	2.946e3
781.1	2.783e3
781.9	1.551e3
782.8	2.684e3
783.7	2.451e3
784.5	4.560e2
785.1	6.090e2
785.8	2.954e3
786.8	1.869e3
787.6	9.980e2
788.9	2.912e3
790.0	1.941e3
790.9	3.075e3
791.5	2.230e2
792.0	2.435e3
792.6	8.140e2
793.4	3.444e3
794.1	6.540e2
795.1	3.070e3
795.7	2.690e2
796.3	2.500e3
797.3	3.222e3
798.1	1.260e3
799.0	9.520e2
799.5	1.400e2
800.1	3.112e3
800.9	9.190e2
801.9	2.600e3
802.5	1.010e2
803.0	5.519e3
804.2	2.318e3
805.1	1.639e3
805.8	2.635e3
806.9	3.596e3
807.6	7.520e2
808.1	9.700e1
808.7	5.060e3
809.6	1.651e3
810.8	3.894e3
811.6	7.690e2
812.3	5.412e3
813.0	2.578e3
813.7	4.022e3
814.5	6.050e2
815.1	3.311e3
816.1	4.670e3
817.1	9.530e2
818.0	3.486e3
818.7	3.500e2
819.4	2.019e3
819.9	9.700e1
820.7	3.014e3
821.4	7.140e2
822.7	1.311e3
823.5	4.750e2
824.3	1.064e3
825.0	3.645e3
825.9	1.000e3
826.7	4.082e3
827.5	2.330e2
828.1	2.792e3
828.9	1.699e3
830.1	3.391e3
830.7	5.380e2
831.4	3.248e3
832.1	4.800e2
832.7	2.995e3
833.3	2.100e1
834.0	7.540e2
834.8	2.707e3
835.7	5.420e2
836.3	5.740e2
836.9	1.807e3
837.5	1.900e2
838.0	4.036e3
839.3	3.910e2
840.0	3.643e3
841.0	1.825e3
841.9	3.229e3
842.8	7.960e2
843.6	3.845e3
844.2	3.020e2
844.8	2.751e3
845.7	7.630e2
846.5	1.570e3
847.2	2.537e3
848.2	2.364e3
849.0	8.030e2
850.0	4.467e3
850.7	2.510e2
851.2	2.532e3
852.1	3.215e3
852.7	5.350e2
853.3	1.202e3
854.2	1.163e3
854.9	3.480e3
856.0	3.544e3
857.0	2.797e3
858.0	1.206e3
858.9	2.016e3
859.7	8.440e2
860.6	2.582e3
861.7	2.798e3
863.0	3.056e3
863.7	6.950e2
864.5	1.219e3
865.1	2.180e2
865.9	2.677e3
866.9	2.085e3
867.8	1.992e3
868.7	4.287e3
869.7	2.591e3
870.2	6.700e1
870.8	1.934e3
871.8	2.351e3
872.8	2.275e3
873.7	2.853e3
874.3	2.900e2
874.9	2.032e3
875.9	1.242e3
876.7	3.783e3
877.9	2.733e3
879.1	7.330e2
879.9	2.547e3
880.7	1.603e3
881.3	4.880e2
882.0	3.052e3
882.8	1.677e3
883.9	3.386e3
884.5	1.900e2
885.1	2.572e3
886.0	1.337e3
886.8	4.274e3
887.7	1.703e3
888.8	1.189e3
889.3	1.570e2
889.9	2.693e3
890.6	2.900e2
891.1	2.113e3
892.0	1.816e3
892.9	3.692e3
893.6	9.500e1
894.2	1.638e3
895.2	4.424e3
895.7	2.360e2
896.3	3.363e3
897.6	1.536e3
898.3	1.070e2
898.9	3.837e3
899.5	3.330e2
900.4	1.373e3
901.6	1.234e3
902.9	1.641e3
903.9	1.859e3
904.9	1.412e3
905.7	2.124e3
906.7	3.530e2
907.3	2.604e3
907.9	1.800e1
908.4	1.468e3
909.4	3.059e3
909.9	1.130e3
910.7	2.355e3
911.3	1.800e1
911.8	1.184e3
912.7	1.377e3
913.6	1.787e3
914.2	1.800e1
914.8	1.582e3
915.8	8.270e2
916.6	1.064e3
917.4	2.087e3
918.0	6.080e2
918.8	3.590e2
919.3	1.785e3
920.2	4.070e3
921.0	7.180e2
922.0	1.258e3
922.9	9.610e2
923.6	2.663e3
924.5	8.500e2
925.3	3.905e3
926.4	1.558e3
927.0	5.640e2
927.6	2.021e3
928.4	1.319e3
929.1	8.400e2
930.0	1.543e3
930.7	2.700e2
931.4	1.948e3
932.4	1.340e3
933.4	1.949e3
934.1	4.980e2
934.9	1.046e3
935.7	6.720e2
936.8	3.136e3
937.7	1.119e3
938.8	2.951e3
939.4	2.680e2
939.9	2.737e3
940.7	1.121e3
941.8	1.341e3
942.6	1.365e3
943.4	4.410e2
944.1	2.623e3
945.2	4.257e3
946.0	1.210e3
946.7	9.750e2
947.3	4.060e2
948.2	2.534e3
949.2	4.933e3
950.0	2.027e3
950.8	1.517e3
951.4	9.500e2
952.5	2.232e3
953.5	2.792e3
954.4	1.391e3
955.6	8.980e2
956.6	7.020e2
957.1	8.000e1
957.7	1.551e3
958.4	1.021e3
959.1	1.479e3
959.9	2.495e3
960.5	5.330e2
961.5	1.891e3
962.4	2.273e3
963.4	3.782e3
964.4	2.864e3
965.0	1.760e2
965.5	2.116e3
966.4	4.260e2
967.0	2.250e2
967.6	2.603e3
968.5	7.660e2
969.2	3.400e2
969.9	2.559e3
970.8	1.139e3
971.4	1.760e2
972.1	1.248e3
972.8	6.770e2
973.4	1.810e2
973.9	2.070e3
974.6	3.300e2
975.2	1.487e3
976.2	2.013e3
977.2	1.042e3
977.8	5.800e1
978.4	1.705e3
979.4	2.684e3
980.2	9.590e2
981.3	1.656e3
981.8	8.400e1
982.3	2.997e3
983.0	3.480e2
983.6	1.417e3
984.5	2.081e3
985.2	3.340e2
985.7	3.588e3
986.6	1.541e3
987.2	3.030e2
987.8	1.345e3
988.5	2.900e3
989.4	3.000e2
990.0	1.729e3
990.8	6.490e2
991.7	1.394e3
992.6	1.718e3
993.6	2.603e3
994.5	4.110e2
995.3	8.040e2
996.1	2.532e3
996.8	6.920e2
997.5	9.890e2
998.3	2.825e3
999.1	3.570e2
999.8	6.220e2
1000.6	1.329e3
1001.4	1.007e3
1002.1	2.672e3
1002.6	1.960e2
1003.2	1.048e3
1004.2	1.414e3
1005.1	1.910e3
1005.8	3.420e2
1006.4	4.950e2
1007.7	2.216e3
1008.6	1.226e3
1009.9	2.891e3
1010.7	1.890e2
1011.3	1.473e3
1012.1	2.098e3
1013.1	4.081e3
1013.7	1.050e2
1014.5	3.910e2
1015.1	2.757e3
1015.7	4.010e2
1016.4	1.913e3
1017.0	2.860e2
1017.6	1.684e3
1018.6	2.502e3
1019.1	5.730e2
1019.7	6.700e1
1020.3	1.599e3
1021.7	2.014e3
1022.5	7.720e2
1023.2	1.532e3
1023.9	5.280e2
1024.7	1.476e3
1025.5	7.680e2
1026.1	1.880e2
1026.6	1.512e3
1027.5	1.886e3
1028.4	1.151e3
1029.3	2.271e3
1030.0	2.870e2
1030.9	4.307e3
1031.8	5.880e2
1032.5	1.731e3
1033.3	4.520e2
1034.1	7.750e2
1034.9	1.810e2
1035.6	3.220e2
1036.3	3.220e2
1037.1	9.910e2
1037.8	1.319e3
1038.8	2.011e3
1039.8	6.160e2
1041.0	1.846e3
1041.7	5.740e2
1042.7	1.965e3
1043.5	1.281e3
1044.2	3.790e2
1044.9	3.200e3
1045.8	2.937e3
1046.6	2.510e2
1047.5	2.364e3
1048.0	7.600e1
1048.5	1.620e3
1049.5	2.671e3
1050.1	7.230e2
1050.8	1.382e3
1051.7	1.239e3
1052.4	7.330e2
1053.3	6.970e2
1054.0	3.200e2
1055.1	2.616e3
1056.1	1.153e3
1057.0	1.200e2
1057.6	8.860e2
1058.4	2.308e3
1059.3	1.917e3
1060.3	2.121e3
1061.1	6.990e2
1062.0	4.540e2
1062.6	4.325e3
1063.2	1.360e2
1064.0	1.792e3
1064.7	9.290e2
1065.6	3.870e2
1066.5	9.470e2
1068.0	4.730e2
1068.8	1.361e3
1069.6	3.975e3
1070.5	1.075e3
1071.0	4.900e1
1071.8	1.161e3
1072.9	8.560e2
1073.9	2.520e3
1074.6	3.070e2
1075.2	1.823e3
1075.9	3.850e2
1076.4	1.490e2
1076.9	9.070e2
1078.0	2.153e3
1078.7	4.500e1
1079.3	7.380e2
1080.7	1.047e3
1081.4	1.820e2
1082.0	1.292e3
1082.7	9.800e1
1083.3	1.504e3
1084.3	3.840e2
1085.0	1.131e3
1086.1	2.935e3
1086.6	1.690e2
1087.3	1.115e3
1087.9	1.762e3
1088.5	1.880e2
1089.1	2.603e3
1089.8	2.090e2
1090.5	8.480e2
1091.4	9.810e2
1092.3	1.425e3
1093.2	1.788e3
1093.9	1.093e3
1094.7	5.270e2
1095.8	6.750e2
1096.6	4.960e2
1097.3	2.837e3
1099.2	1.552e3
1099.9	3.240e2
1100.7	1.730e3
1101.8	1.916e3
1102.9	9.370e2
1104.1	4.038e3
1105.4	1.499e3
1105.9	2.760e2
1106.7	1.503e3
1107.8	2.079e3
1108.6	3.650e2
1109.6	1.612e3
1110.5	2.420e2
1111.4	7.950e2
1112.3	3.650e2
1113.1	2.154e3
1113.9	3.810e2
1114.9	7.190e2
1115.9	3.234e3
1117.0	2.079e3
1118.0	9.620e2
1118.5	1.680e2
1119.6	1.772e3
1120.3	4.310e2
1120.9	2.733e3
1121.8	1.385e3
1122.6	7.360e2
1123.8	7.860e2
1124.8	5.000e2
1125.7	1.345e3
1126.7	7.100e2
1127.6	8.060e2
1128.4	3.716e3
1129.3	2.190e3
1129.9	4.900e1
1130.5	2.278e3
1131.1	1.320e2
1131.6	2.818e3
1132.4	7.150e2
1132.9	2.010e2
1133.5	6.800e1
1134.4	2.441e3
1135.2	4.550e2
1136.0	2.231e3
1136.8	1.369e3
1137.5	4.310e2
1138.1	2.920e3
1139.1	1.802e3
1140.1	1.755e3
1140.8	1.600e2
1141.4	1.530e2
1142.0	1.822e3
1143.5	8.130e2
1144.2	4.500e1
1145.0	2.434e3
1145.7	2.590e2
1146.8	1.497e3
1147.6	1.690e2
1148.2	1.075e3
1149.0	3.840e2
1149.7	2.714e3
1150.5	4.200e2
1151.1	2.212e3
1151.9	1.313e3
1152.8	2.158e3
1153.6	2.250e2
1154.1	9.300e1
1154.7	2.756e3
1155.5	2.670e2
1156.3	3.430e2
1157.4	1.631e3
1159.0	1.863e3
1159.6	4.330e2
1160.2	1.846e3
1161.1	2.492e3
1161.9	1.665e3
1162.5	1.262e3
1163.4	2.153e3
1164.2	2.924e3
1164.9	2.900e2
1165.5	9.290e2
1166.3	1.851e3
1167.1	6.150e2
1168.1	7.320e2
1169.0	3.220e3
1170.2	1.253e3
1171.1	6.590e2
1172.0	2.298e3
1173.4	1.852e3
1174.0	6.160e2
1174.8	6.910e2
1176.0	1.491e3
1176.6	4.200e1
1177.1	1.081e3
1177.9	1.068e3
1178.6	1.960e2
1179.5	1.644e3
1180.2	3.470e2
1180.8	3.739e3
1181.6	6.980e2
1182.7	3.220e2
1183.9	2.528e3
1184.8	8.220e2
1185.7	2.900e2
1186.7	1.911e3
1187.9	8.680e2
1188.9	1.545e3
1189.6	1.514e3
1190.4	8.280e2
1191.4	6.670e2
1192.5	2.689e3
1193.6	1.201e3
1194.3	1.820e2
1195.3	6.770e2
1196.2	8.110e2
1196.9	5.590e2
1198.0	2.694e3
1198.9	2.100e3
1199.7	1.025e3
1200.5	1.023e3
1201.5	1.720e3
1202.2	1.840e2
1202.9	7.470e2
1203.6	4.090e2
1204.3	3.210e3
1205.3	4.830e2
1206.5	1.248e3
1207.4	1.790e2
1208.0	1.865e3
1208.9	3.770e2
1209.8	1.365e3
1210.6	6.360e2
1212.0	8.360e2
1212.8	1.204e3
1213.8	1.768e3
1214.6	5.420e2
1215.5	9.670e2
1216.7	1.818e3
1217.7	1.105e3
1218.4	7.910e2
1219.1	2.292e3
1220.6	9.460e2
1221.6	6.370e2
1222.5	1.450e3
1223.1	7.300e2
1223.9	2.920e2
1224.6	1.734e3
1225.7	4.530e2
1226.5	1.647e3
1227.2	1.650e2
1227.8	1.700e1
1228.5	9.640e2
1229.5	9.860e2
1230.5	1.010e2
1231.2	1.190e3
1232.5	5.760e2
1233.4	1.158e3
1234.2	1.097e3
1234.9	4.830e2
1235.8	1.322e3
1236.5	9.150e2
1237.2	2.880e2
1237.8	9.960e2
1238.7	1.329e3
1239.8	9.330e2
1240.6	1.980e2
1241.5	1.111e3
1242.3	2.720e2
1243.1	2.025e3
1244.1	2.023e3
1244.7	1.060e2
1245.3	4.510e2
1246.2	2.398e3
1247.5	2.026e3
1248.8	3.160e2
1249.4	2.143e3
1250.3	3.288e3
1251.0	1.450e2
1251.6	1.614e3
1252.6	1.445e3
1253.6	9.890e2
1254.3	1.550e2
1255.0	1.308e3
1255.6	2.800e1
1256.1	2.569e3
1256.9	4.410e2
1257.6	8.580e2
1258.3	2.900e1
1258.9	1.350e3
1259.7	3.030e2
1260.6	5.370e2
1261.6	7.650e2
1262.4	1.262e3
1263.3	3.110e2
1264.1	8.350e2
1265.2	9.920e2
1266.5	1.417e3
1267.5	8.060e2
1268.4	1.630e2
1269.5	9.500e2
1270.7	1.518e3
1271.6	1.020e3
1272.6	1.496e3
1273.5	3.990e2
1274.1	2.295e3
1275.7	9.440e2
1276.4	8.390e2
1277.1	1.070e2
1277.8	1.216e3
1278.6	1.250e2
1279.1	8.460e2
1280.0	9.150e2
1280.8	1.790e2
1281.3	1.130e3
1281.8	7.220e2
1282.6	2.177e3
1283.6	1.674e3
1284.7	1.036e3
1285.6	3.035e3
1286.7	2.140e2
1287.5	6.370e2
1288.6	7.900e1
1289.6	7.470e2
1290.6	3.900e1
1291.7	3.171e3
1292.7	6.190e2
1293.5	1.560e2
1294.2	9.050e2
1294.9	1.248e3
1295.6	5.830e2
1296.9	1.873e3
1298.0	8.620e2
1299.2	1.714e3
1299.9	1.900e1
1300.6	4.220e2
1301.5	1.676e3
1302.2	5.400e2
1303.1	7.850e2
1303.7	3.000e2
1304.3	9.240e2
1304.9	1.490e2
1305.5	1.850e2
1306.0	1.019e3
1307.0	2.163e3
1307.9	4.540e2
1309.0	9.180e2
1309.8	3.520e2
1310.7	4.310e2
1311.9	1.305e3
1312.8	8.820e2
1313.8	7.380e2
1314.5	2.590e2
1315.0	5.800e1
1315.8	1.901e3
1316.4	9.800e1
1317.0	4.526e3
1317.9	7.550e2
1318.6	7.000e2
1319.3	2.420e2
1320.2	7.000e2
1321.3	4.390e2
1321.9	1.355e3
1322.7	5.860e2
1323.6	2.136e3
1324.6	1.282e3
1326.0	1.718e3
1326.7	1.877e3
1327.7	1.274e3
1328.6	4.310e2
1329.2	3.170e2
1330.1	2.367e3
1330.6	2.590e2
1331.2	1.026e3
1332.2	6.390e2
1332.9	1.690e2
1333.5	2.120e3
1334.3	4.610e2
1335.2	6.760e2
1335.9	1.900e2
1336.8	5.870e2
1337.3	8.100e1
1338.2	1.787e3
1338.8	4.620e2
1339.9	8.215e3
1341.0	9.120e2
1341.8	5.810e2
1342.5	1.218e3
1343.5	1.440e2
1344.7	1.058e3
1345.5	1.645e3
1346.5	2.630e2
1347.2	6.090e2
1348.3	1.090e2
1349.1	1.562e3
1349.7	1.750e2
1350.5	7.410e2
1351.2	5.040e2
1352.7	1.554e3
1354.1	7.510e2
1354.7	1.152e3
1355.4	2.730e2
1356.4	5.500e1
1357.3	1.754e3
1358.2	8.180e2
1358.7	2.190e2
1359.3	2.710e2
1360.2	5.390e2
1361.0	1.060e2
1362.8	3.760e2
1363.6	7.530e2
1364.8	1.065e3
1365.6	1.270e2
1366.2	1.013e3
1367.9	1.930e2
1369.3	1.093e3
1370.4	2.000e1
1371.3	1.496e3
1373.2	3.490e2
1373.7	2.680e2
1374.5	1.049e3
1375.0	4.300e1
1375.6	1.400e2
1376.6	7.830e2
1377.5	7.630e2
1378.5	7.390e2
1379.4	1.875e3
1380.5	5.670e2
1381.0	1.160e2
1381.6	4.400e2
1382.8	1.438e3
1383.9	8.230e2
1384.7	1.944e3
1385.3	2.730e2
1385.9	1.586e3
1386.4	4.220e2
1387.1	7.500e1
1387.9	6.500e2
1388.6	6.070e2
1390.0	3.769e3
1390.8	1.431e3
1391.6	3.300e1
1392.2	1.679e3
1392.8	6.530e2
1393.5	1.130e2
1394.6	7.520e2
1395.6	6.400e1
1396.4	6.310e2
1396.9	4.620e2
1397.5	8.770e2
1398.2	2.119e3
1399.1	5.900e2
1399.7	2.418e3
1400.8	1.066e3
1402.0	1.759e3
1403.6	2.700e2
1404.3	7.000e1
1405.7	3.660e2
1406.4	6.710e2
1407.0	3.230e2
1407.7	2.600e2
1408.7	1.213e3
1409.9	5.790e2
1410.5	1.990e2
1411.6	1.179e3
1412.4	4.480e2
1413.2	1.040e2
1414.5	5.150e2
1415.8	5.020e2
1417.0	2.150e2
1417.7	5.320e2
1418.6	5.440e2
1420.0	4.200e1
1420.6	2.134e3
1421.8	1.046e3
1423.1	2.127e3
1424.9	5.010e2
1426.1	3.890e2
1427.3	2.620e2
1428.1	2.200e2
1428.8	4.160e2
1429.4	2.330e2
1430.4	1.360e2
1431.3	6.020e2
1431.9	4.700e1
1432.6	2.320e2
1433.6	1.430e2
1434.3	1.248e3
1434.9	3.890e2
1436.4	4.510e2
1437.8	1.630e2
1438.6	9.300e2
1439.1	1.610e2
1440.0	3.460e2
1441.4	1.024e3
1442.1	1.250e2
1442.8	1.820e2
1443.7	1.360e3
1444.5	7.160e2
1445.3	5.830e2
1446.3	1.671e3
1447.1	1.480e2
1447.9	4.600e1
1448.5	1.730e3
1449.4	9.620e2
1450.2	6.000e1
1451.0	1.459e3
1451.8	1.230e2
1452.8	1.464e3
1453.4	3.790e2
1453.9	2.940e2
1454.8	3.980e2
1455.5	1.065e3
1457.1	1.911e3
1458.0	4.190e2
1458.6	1.010e2
1459.4	1.189e3
1460.0	1.680e2
1460.7	1.933e3
1461.6	2.960e2
1462.3	6.830e2
1463.2	1.297e3
1464.5	2.060e2
1465.0	1.300e2
1466.5	4.250e2
1467.3	1.800e1
1468.2	1.790e2
1468.9	2.104e3
1470.5	3.880e2
1471.1	1.470e2
1472.6	3.180e2
1473.3	4.580e2
1474.3	1.468e3
1475.4	8.290e2
1476.0	3.510e2
1476.8	1.182e3
1477.4	4.890e2
1478.4	4.670e2
1479.3	1.288e3
1480.6	7.440e2
1481.7	1.440e2
1483.1	1.204e3
1484.3	4.320e2
1484.9	6.210e2
1485.5	1.710e2
1486.3	2.610e2
1487.2	4.800e2
1488.4	5.630e2
1489.6	1.500e2
1490.1	4.850e2
1490.8	7.400e2
1492.0	7.440e2
1493.1	1.196e3
1493.9	2.090e2
1494.8	1.304e3
1495.7	2.810e2
1496.6	5.120e2
1497.2	7.200e1
1497.8	2.770e2
1498.6	8.110e2
1499.2	1.770e2
1499.8	4.240e2
1500.7	6.790e2
1501.2	1.000e2
1501.8	8.510e2
1503.3	1.355e3
1504.1	2.280e2
1504.7	1.121e3
1505.6	6.300e1
1507.2	5.640e2
1509.0	6.600e2
1509.9	2.720e2
1510.5	1.082e3
1511.4	8.300e2
1512.2	5.150e2
1512.9	2.180e2
1513.6	7.060e2
1514.3	4.950e2
1514.9	2.190e2
1516.7	5.490e2
1517.5	2.080e2
1518.0	3.520e2
1518.8	4.280e2
1519.6	4.340e2
1520.5	9.820e2
1521.6	6.040e2
1522.5	5.860e2
1523.1	1.800e1
1523.7	1.080e3
1524.5	3.620e2
1525.5	6.650e2
1526.7	4.950e2
1527.6	5.240e2
1528.4	3.250e2
1529.1	9.000e1
1530.0	1.720e2
1531.0	9.500e1
1531.6	5.670e2
1533.4	2.610e2
1536.7	2.610e2
1537.5	1.306e3
1538.3	2.509e3
1538.9	7.800e1
1539.7	4.140e2
1540.6	2.250e2
1541.2	8.470e2
1541.9	5.310e2
1542.8	1.998e3
1543.5	7.290e2
1544.3	2.290e2
1545.8	1.004e3
1546.4	5.710e2
1548.3	6.830e2
1549.8	8.300e2
1551.2	5.230e2
1551.9	5.720e2
1552.7	1.640e2
1553.3	3.860e2
1553.9	1.479e3
1554.8	7.950e2
1555.5	1.278e3
1556.6	7.590e2
1557.3	3.470e2
1558.3	3.490e2
1559.0	1.174e3
1560.0	4.840e2
1561.2	2.740e2
1562.0	1.165e3
1563.5	4.190e2
1564.2	4.500e2
1564.7	5.100e1
1565.4	4.730e2
1566.1	3.710e2
1566.7	6.120e2
1567.7	2.370e2
1568.4	1.803e3
1569.0	1.040e2
1569.7	1.201e3
1570.9	2.150e3
1572.0	4.780e2
1572.6	1.260e2
1573.6	1.340e2
1574.4	1.053e3
1575.7	1.800e1
1576.6	6.670e2
1577.3	2.450e2
1578.0	4.300e1
1578.8	4.600e1
1579.3	8.630e2
1580.7	9.000e1
1581.2	6.050e2
1581.9	9.250e2
1582.5	6.900e1
1583.3	1.866e3
1584.2	8.070e2
1584.9	6.530e2
1586.1	5.220e2
1587.0	2.100e2
1587.8	9.570e2
1588.4	1.495e3
1589.2	1.700e1
1590.2	1.966e3
1591.4	1.408e3
1593.1	5.460e2
1593.9	2.180e2
1594.6	6.410e2
1596.1	2.020e2
1597.3	1.380e2
1598.7	4.470e2
1599.8	4.300e1
1600.3	1.010e3
1601.1	1.020e2
1603.0	1.460e3
1604.2	8.600e2
1605.1	6.470e2
1605.7	1.130e2
1606.4	8.710e2
1607.2	6.980e2
1609.2	6.590e2
1611.4	7.460e2
1612.3	2.900e2
1612.8	6.900e1
1613.7	7.370e2
1614.7	6.260e2
1615.9	2.140e3
1617.3	5.280e2
1618.1	1.110e2
1618.8	4.580e2
1619.3	1.330e2
1620.5	2.920e2
1621.2	5.250e2
1622.0	3.300e2
1623.2	3.910e2
1624.3	3.130e2
1625.4	5.910e2
1626.3	6.790e2
1627.7	1.048e3
1629.1	6.300e2
1629.7	2.104e3
1630.9	5.600e1
1631.5	3.990e2
1632.4	4.520e2
1633.9	1.980e2
1634.9	3.000e1
1635.4	9.550e2
1637.6	1.523e3
1639.1	1.989e3
1640.0	9.120e2
1640.6	6.680e2
1642.0	7.800e1
1643.2	1.356e3
1644.0	3.100e1
1645.5	3.080e2
1646.5	4.500e1
1648.7	1.167e3
1649.4	5.600e1
1650.7	4.820e2
1651.6	2.125e3
1652.8	5.210e2
1653.8	1.350e2
1655.1	1.900e1
1656.0	2.470e2
1656.7	1.970e2
1657.5	4.380e2
1658.7	4.960e2
1659.5	6.480e2
1660.1	1.574e3
1661.3	4.110e2
1662.7	2.800e1
1663.3	1.763e3
1664.5	2.690e2
1666.2	9.400e1
1667.0	7.190e2
1668.4	1.245e3
1669.3	1.270e2
1669.9	1.940e2
1670.5	2.720e2
1671.2	1.109e3
1672.0	1.207e3
1672.8	4.290e2
1673.6	6.590e2
1674.3	9.300e2
1675.1	4.750e2
1676.4	2.820e2
1677.1	4.490e2
1677.7	5.820e2
1678.9	2.400e1
1679.5	2.210e2
1680.6	3.890e2
1682.0	3.100e1
1683.7	9.130e2
1684.3	1.670e2
1685.3	6.440e2
1686.0	6.470e2
1686.8	1.011e3
1688.3	4.320e2
1689.1	6.200e2
1689.8	2.320e2
1690.6	4.600e2
1691.8	4.300e2
1693.0	1.250e2
1694.9	9.670e2
1695.7	2.050e2
1696.9	4.170e2
1698.1	3.140e2
1698.9	7.680e2
1699.7	2.440e2
1700.3	1.790e2
1701.0	8.000e1
1701.9	5.690e2
1703.0	1.583e3
1703.6	2.550e2
1704.3	1.750e2
1705.0	6.090e2
1706.0	5.140e2
1706.7	1.580e2
1707.7	7.550e2
1709.1	2.690e2
1709.8	1.800e1
1710.5	4.960e2
1712.4	5.460e2
1713.8	1.336e3
1714.3	1.500e2
1715.3	9.200e2
1716.4	1.276e3
1717.2	3.090e2
1717.7	3.700e1
1718.5	6.380e2
1719.6	4.600e2
1721.1	3.440e2
1721.9	6.730e2
1722.8	5.690e2
1724.0	6.170e2
1725.0	1.147e3
1727.3	1.602e3
1728.3	4.300e1
1730.0	1.470e2
1733.1	3.880e2
1733.8	4.700e2
1734.8	8.750e2
1735.7	1.111e3
1736.9	4.010e2
1737.6	1.060e3
1739.1	9.240e2
1739.6	2.890e2
1740.2	2.060e2
1740.8	7.670e2
1741.5	1.091e3
1742.2	1.200e2
1742.9	3.890e2
1743.8	8.930e2
1745.2	7.230e2
1746.6	4.390e2
1747.5	1.229e3
1748.7	2.090e2
1749.6	4.280e2
1750.5	3.150e2
1751.3	1.754e3
1752.4	8.730e2
1753.0	2.518e3
1754.5	8.250e2
1755.6	3.400e2
1756.6	1.380e2
1758.8	1.247e3
1759.5	6.600e1
1760.6	1.193e3
1761.4	1.056e3
1762.6	1.184e3
1763.7	1.063e3
1764.8	9.000e2
1766.0	8.940e2
1767.3	5.980e2
1768.6	1.083e3
1769.4	2.060e2
1770.3	2.239e3
1771.0	5.130e2
1772.3	1.461e3
1772.9	3.230e2
1774.4	3.730e2
1775.6	5.630e2
1776.3	1.025e3
1777.4	3.430e2
1778.3	7.840e2
1779.3	2.830e2
1780.9	1.314e3
1782.0	5.960e2
1783.2	2.400e2
1783.8	9.190e2
1784.5	3.800e1
1785.0	3.610e2
1787.9	4.000e2
1788.8	8.000e1
1789.4	1.130e2
1790.2	1.830e2
1791.0	2.690e2
1791.8	1.000e2
1792.8	4.500e2
1795.1	1.009e3
1797.0	1.680e2
1799.4	8.940e2
1800.3	4.590e2
1801.9	2.500e1
1802.5	7.140e2
1804.2	8.400e1
1805.3	6.270e2
1806.3	2.860e2
1807.5	6.700e2
1809.8	1.330e2
1811.2	3.230e2
1812.6	3.240e2
1813.6	1.520e2
1814.5	1.080e2
1815.6	5.890e2
1816.3	1.554e3
1817.2	9.680e2
1818.1	2.650e2
1819.0	2.300e2
1820.0	2.100e1
1822.5	4.650e2
1823.2	2.600e1
1824.3	9.180e2
1825.3	1.320e2
1826.0	1.188e3
1827.7	2.260e2
1828.8	7.430e2
1829.7	7.160e2
1830.5	2.229e3
1831.5	4.250e2
1832.3	1.770e2
1832.9	7.980e2
1833.7	4.540e2
1834.8	6.600e1
1835.7	3.537e3
1836.4	7.650e2
1837.9	2.510e2
1838.9	3.270e2
1840.0	6.690e2
1840.9	7.640e2
1841.5	1.470e3
1843.2	2.000e1
1844.7	6.230e2
1846.9	4.400e1
1848.1	5.070e2
1848.8	1.540e2
1849.3	8.560e2
1849.9	1.965e3
1850.9	4.040e2
1853.4	3.410e2
1854.6	4.700e1
1856.0	3.470e2
1857.3	2.500e1
1858.1	6.440e2
1859.2	8.890e2
1860.3	2.000e2
1860.9	7.080e2
1861.7	3.890e2
1862.2	3.130e2
1864.0	2.300e1
1867.5	6.140e2
1868.4	7.730e2
1871.1	4.280e2
1872.5	1.830e2
1873.4	2.520e2
1876.6	1.096e3
1877.4	1.890e2
1878.7	3.760e2
1879.9	9.100e1
1881.2	2.780e2
1882.2	1.376e3
1883.5	6.880e2
1884.7	2.530e2
1885.6	2.970e2
1886.9	7.400e1
1887.8	7.740e2
1889.1	3.220e2
1890.7	1.400e2
1891.2	3.640e2
1892.6	7.000e1
1893.2	2.550e2
1894.3	2.600e1
1895.3	5.060e2
1897.4	6.110e2
1898.3	1.750e2
1901.3	7.400e1
1902.7	9.010e2
1903.6	1.329e3
1905.0	3.020e2
1905.9	3.430e2
1907.0	4.970e2
1908.1	1.944e3
1908.8	6.000e1
1909.8	3.730e2
1911.0	1.630e2
1914.6	2.980e2
1918.0	2.720e2
1919.6	1.830e2
1920.5	1.016e3
1921.9	6.950e2
1922.8	7.490e2
1923.4	7.900e1
1924.6	2.840e2
1925.9	2.330e2
1926.4	2.030e2
1927.4	2.860e2
1928.7	6.110e2
1930.3	3.850e2
1932.4	4.200e2
1933.9	3.960e2
1934.5	2.460e2
1935.2	6.290e2
1937.1	1.291e3
1938.7	2.500e1
1940.0	9.050e2
1941.1	5.760e2
1942.5	2.560e2
1943.9	3.900e1
1945.4	4.150e2
1946.2	2.568e3
1946.8	4.470e2
1947.3	5.730e2
1950.6	7.620e2
1953.2	4.900e1
1953.8	1.662e3
1954.4	2.410e2
1955.4	2.970e2
1958.2	1.590e2
1960.5	2.000e2
1961.0	1.230e2
1964.1	5.540e2
1964.8	4.110e2
1965.6	1.800e2
1966.3	3.290e2
1969.8	8.450e2
1971.7	5.740e2
1974.5	6.240e2
1975.5	1.160e2
1976.8	1.816e3
1977.7	5.770e2
1978.8	4.280e2
1980.3	6.060e2
1981.1	1.180e2
1981.6	3.530e2
1982.3	1.580e2
1983.5	5.400e2
1985.0	6.310e2
1986.1	1.500e2
1987.8	5.150e2
1988.5	4.370e2
1989.1	1.540e2
1991.0	7.840e2
1992.0	5.100e1
1993.1	1.525e3
1994.0	2.860e2
1994.8	2.990e2
1996.4	1.250e2
1998.9	3.670e2
