100.4	1.021e5
101.0	7.298e5
101.6	1.497e3
102.1	2.398e6
103.1	1.523e5
104.0	1.370e5
104.6	1.772e3
105.1	6.773e5
105.6	8.810e2
106.1	1.022e5
107.1	1.392e5
108.0	2.689e5
108.7	5.372e5
109.4	4.526e4
110.1	2.736e6
111.1	4.671e6
111.6	1.212e3
112.1	1.554e6
113.1	3.585e5
113.6	3.400e3
114.1	3.279e5
115.1	1.599e5
115.6	3.257e3
116.1	1.134e5
117.1	9.340e4
118.1	2.121e5
119.1	1.834e5
120.1	4.819e5
121.1	1.626e5
121.7	7.024e3
122.2	1.387e6
123.1	3.494e5
123.6	2.907e3
124.2	1.157e5
125.1	8.426e4
126.1	2.373e5
126.6	1.988e3
127.1	9.376e4
128.1	6.043e4
129.1	8.598e4
129.7	5.451e3
130.2	2.321e5
131.3	4.929e5
132.1	1.910e5
133.1	4.153e5
134.1	7.567e4
134.6	5.250e2
135.1	6.647e4
136.1	2.979e5
137.1	7.792e4
137.6	6.030e2
138.2	1.186e6
138.7	1.021e3
139.2	1.631e5
140.1	1.824e5
141.1	1.284e5
142.1	3.059e5
142.6	1.268e3
143.1	7.626e4
144.1	1.224e5
145.1	5.870e5
145.6	9.340e2
146.1	6.127e4
147.1	3.149e5
148.1	6.397e4
149.1	1.675e5
149.7	2.860e2
150.2	2.478e5
151.2	7.424e4
151.7	5.820e2
152.2	4.239e4
153.2	3.878e4
154.1	6.047e4
154.6	3.300e2
155.1	1.938e5
156.2	9.489e4
157.1	1.525e5
157.6	1.100e2
158.1	3.872e5
159.1	8.828e5
159.6	7.100e1
160.1	1.474e5
160.6	6.590e2
161.1	5.369e4
162.2	5.524e4
163.2	1.522e5
164.1	1.052e5
164.7	2.700e2
165.2	8.005e4
166.1	3.070e4
166.7	5.288e4
167.5	4.031e5
168.3	9.647e4
169.2	5.406e4
170.1	8.531e4
170.7	2.122e3
171.2	6.312e5
172.2	2.235e5
173.1	1.346e5
173.7	1.777e3
174.2	9.892e4
174.9	2.192e4
175.6	2.161e5
176.2	4.982e4
176.8	3.577e5
177.8	1.116e5
178.5	2.918e4
179.2	1.312e5
180.2	6.745e4
181.2	1.028e5
182.1	5.682e4
183.1	4.605e5
183.7	3.535e3
184.3	1.403e5
185.1	6.949e5
186.0	1.751e5
186.6	3.048e3
187.1	4.278e5
187.7	1.050e3
188.2	4.652e5
189.1	1.124e5
189.6	2.388e3
190.2	5.973e4
191.1	6.947e4
191.7	6.420e2
192.2	7.371e4
193.2	6.638e4
194.2	2.695e5
195.2	1.755e5
196.3	2.369e6
197.2	6.595e5
198.3	9.666e5
199.3	1.732e5
200.1	2.546e5
201.1	1.008e5
201.7	3.120e2
202.2	6.062e4
203.2	1.554e5
204.2	5.200e4
204.7	5.500e1
205.2	7.848e4
205.7	9.040e2
206.2	7.488e4
206.7	9.100e1
207.2	6.626e4
208.2	5.644e4
209.1	9.694e4
209.7	2.457e3
210.2	8.289e4
211.2	5.078e4
212.2	7.805e4
213.1	4.286e4
214.2	7.628e6
215.2	9.947e5
216.2	5.421e5
217.2	2.260e5
217.8	1.040e3
218.3	7.182e5
219.2	1.689e5
220.2	1.213e5
221.2	1.009e5
222.2	4.736e4
223.2	4.207e4
224.1	1.130e5
225.1	5.183e4
226.2	7.803e4
227.1	3.723e5
227.6	7.780e2
228.2	1.119e5
228.7	1.179e3
229.2	9.061e4
230.2	4.664e4
231.2	9.379e4
232.2	5.417e4
233.2	5.610e4
233.7	4.600e2
234.2	7.799e4
235.2	6.385e4
236.2	9.057e5
237.2	2.186e5
237.7	5.300e1
238.2	1.021e5
239.2	7.800e4
240.2	3.514e4
240.7	1.325e3
241.2	4.841e4
242.1	4.626e4
242.7	1.510e2
243.2	8.168e4
244.2	5.399e4
244.7	8.920e2
245.2	6.486e4
246.2	3.378e4
247.2	3.502e4
248.1	3.108e4
248.7	7.450e2
249.2	3.091e4
250.2	6.222e4
251.2	3.561e4
252.2	8.883e4
253.2	5.914e4
254.1	8.846e4
254.6	1.849e3
255.1	5.427e4
256.1	3.867e4
256.7	2.086e3
257.2	4.675e4
258.2	3.197e4
258.7	9.800e2
259.3	1.652e5
260.3	4.346e4
260.8	1.780e3
261.3	8.181e4
262.3	4.197e4
263.1	5.462e4
264.1	2.766e4
264.6	1.284e3
265.2	2.709e4
266.1	8.735e4
266.7	1.007e3
267.2	3.938e4
268.2	2.435e4
268.8	1.274e3
269.3	2.408e4
269.8	1.800e2
270.3	2.420e4
271.3	4.529e4
272.2	2.745e4
273.2	3.484e4
274.2	4.901e4
275.1	4.555e4
275.7	1.200e3
276.2	3.166e4
276.7	1.370e2
277.2	7.734e4
278.2	3.644e4
278.7	3.930e2
279.3	8.195e4
280.2	3.508e4
281.2	3.584e4
281.7	4.290e2
282.2	5.028e4
283.2	6.316e4
283.8	6.827e3
284.4	5.952e4
285.3	3.190e4
286.2	2.851e4
287.2	2.708e4
288.2	2.223e4
288.7	3.690e2
289.2	5.760e4
290.2	4.549e4
290.7	6.260e2
291.2	2.648e4
292.2	2.899e4
293.2	2.251e4
294.2	2.411e4
295.1	7.471e4
295.7	1.461e3
296.2	2.763e4
296.8	2.060e2
297.3	3.465e4
298.3	2.691e4
299.2	2.325e4
299.7	4.040e2
300.2	1.964e4
301.2	8.159e4
301.7	2.620e2
302.3	3.775e4
303.3	4.127e4
304.2	4.334e4
304.7	1.040e2
305.2	5.806e4
306.2	2.858e4
307.1	3.528e4
307.7	1.008e3
308.2	2.784e4
309.2	2.731e4
309.8	2.442e3
310.4	2.883e4
311.3	4.339e4
311.8	7.610e2
312.3	3.948e4
312.8	5.170e2
313.4	5.207e4
314.3	3.647e4
315.3	3.093e4
316.2	2.615e4
316.8	1.298e3
317.3	3.457e4
318.3	2.199e4
319.3	2.881e4
320.2	1.996e4
321.1	4.146e4
322.1	2.668e4
322.7	2.291e3
323.3	2.338e4
324.3	2.334e4
324.9	2.177e3
325.4	6.473e4
326.3	5.682e4
327.3	4.656e4
328.2	2.507e4
329.0	4.373e4
329.6	3.983e3
330.3	2.342e4
330.8	1.356e3
331.3	1.385e5
332.3	5.555e4
333.3	4.613e4
334.2	3.892e4
334.7	2.200e2
335.2	3.268e4
336.2	2.325e4
336.8	1.958e3
337.3	3.974e4
337.9	4.258e3
338.5	5.489e4
339.4	8.511e4
340.3	3.769e4
340.8	1.833e3
341.4	5.855e4
342.3	2.721e4
343.2	2.881e4
344.2	3.068e4
345.2	2.872e4
345.7	1.275e3
346.3	2.671e4
346.8	1.348e3
347.4	5.260e4
348.2	3.627e4
349.2	7.220e4
350.2	3.097e4
351.2	3.371e4
352.2	3.345e4
352.8	3.664e3
353.4	8.467e4
354.2	1.378e5
354.8	8.530e2
355.3	1.211e5
356.3	4.538e4
357.2	4.663e4
357.8	3.132e3
358.4	3.746e4
359.3	1.319e5
359.8	5.970e2
360.4	5.265e4
361.3	3.934e4
362.2	2.152e4
363.1	1.097e5
363.7	2.555e3
364.2	2.793e4
364.8	2.106e3
365.3	3.465e4
366.2	2.654e4
367.2	3.480e4
367.8	1.803e3
368.3	2.929e4
368.9	1.423e3
369.4	1.302e5
370.4	4.098e4
371.3	3.623e4
371.9	8.390e2
372.4	3.695e4
373.2	3.387e4
374.2	1.912e4
374.7	4.010e2
375.3	3.861e4
375.8	1.542e3
376.3	2.968e4
377.3	4.720e4
378.2	2.224e4
379.1	5.147e4
380.1	4.131e4
380.8	8.085e3
381.4	6.224e4
381.9	1.082e3
382.4	2.697e4
383.4	1.077e5
384.0	1.703e3
384.5	3.422e4
385.4	3.640e4
386.4	3.189e4
387.4	3.799e4
388.3	2.227e4
389.2	3.466e4
389.8	4.692e3
390.4	2.267e4
391.4	5.726e4
392.4	2.947e4
392.9	1.062e3
393.4	6.796e4
394.0	9.320e2
394.5	7.769e4
395.4	3.679e4
396.2	2.310e4
396.9	2.274e3
397.5	9.831e4
398.5	4.790e4
399.4	8.468e4
400.4	3.022e4
401.1	1.162e4
401.7	1.066e5
402.5	3.962e4
403.4	2.831e4
404.3	2.336e4
404.9	3.996e3
405.5	5.224e4
406.4	2.421e4
407.2	3.539e4
407.8	5.069e3
408.4	6.839e4
409.4	9.605e4
410.3	4.005e4
410.8	2.758e3
411.4	4.025e4
412.4	4.536e4
412.9	1.987e3
413.5	1.593e5
414.5	6.233e4
415.0	4.130e2
415.5	5.430e4
416.0	1.830e2
416.5	1.193e5
417.4	5.673e4
418.3	2.272e4
419.3	3.092e4
420.2	3.155e4
421.2	6.544e4
421.7	3.334e3
422.3	3.608e4
422.9	6.750e3
423.6	1.723e5
424.5	5.030e4
425.4	5.067e4
426.0	6.420e3
426.7	1.974e4
427.5	1.280e5
428.1	8.800e2
428.6	5.768e4
429.4	3.169e4
430.0	4.553e4
430.9	2.096e5
431.7	8.963e4
432.5	4.200e4
433.4	2.984e4
434.3	3.565e4
435.2	5.032e4
436.1	6.774e4
436.8	1.080e4
437.5	8.563e4
438.0	1.330e3
438.5	1.547e5
439.4	6.307e4
440.3	2.963e4
440.9	5.730e3
441.5	1.008e5
442.5	5.257e4
443.3	1.276e5
443.9	4.291e3
444.4	5.489e4
445.0	6.421e3
445.6	2.140e5
446.5	6.123e4
447.4	4.437e4
448.1	1.454e4
448.8	2.430e4
449.7	1.056e5
450.5	5.442e4
451.3	7.179e4
452.0	9.616e3
452.7	1.775e5
453.6	1.087e5
454.5	3.896e4
455.5	4.232e4
456.0	1.489e3
456.6	5.637e4
457.5	1.681e5
458.5	7.413e4
459.1	6.690e3
459.6	1.068e5
460.6	1.791e5
461.5	7.508e4
462.4	2.910e4
462.9	1.526e3
463.4	4.813e4
464.3	3.709e4
465.1	1.114e5
465.6	1.560e3
466.2	7.890e4
467.0	1.784e4
467.6	2.208e5
468.5	7.844e4
469.3	4.176e4
470.1	6.737e4
470.9	1.838e4
471.6	1.856e5
472.6	1.038e5
473.5	6.119e4
474.1	1.270e4
474.7	1.942e5
475.5	1.098e5
476.4	5.745e4
477.2	2.168e4
478.0	3.247e4
478.9	6.456e4
479.8	1.228e5
480.6	6.559e4
481.5	1.180e5
482.1	5.742e3
482.6	2.075e5
483.5	6.782e4
484.4	3.020e4
485.0	3.334e3
485.6	1.083e5
486.5	6.933e4
487.3	1.657e5
488.0	1.871e4
488.7	7.173e4
489.7	3.028e5
490.6	1.034e5
491.5	4.451e4
492.2	1.558e4
493.0	3.411e4
493.9	1.178e5
494.7	3.743e4
495.4	1.238e5
496.0	1.343e4
496.7	2.326e5
497.6	1.338e5
498.4	5.428e4
499.2	1.118e5
499.9	1.925e4
500.6	6.912e4
501.6	2.106e5
502.5	1.059e5
503.1	3.591e3
503.6	1.097e5
504.1	2.902e3
504.6	2.097e5
505.5	8.609e4
506.4	3.531e4
506.9	2.740e3
507.5	4.323e4
508.3	4.937e4
509.2	1.481e5
509.8	1.413e4
510.4	9.532e4
511.0	1.259e4
511.7	2.819e5
512.5	6.709e4
513.4	5.480e4
514.1	5.756e3
514.7	3.707e4
515.6	2.279e5
516.6	1.217e5
517.5	5.997e4
518.1	6.424e3
518.7	1.987e5
519.6	1.296e5
520.5	5.573e4
521.4	3.352e4
522.4	4.321e4
523.3	1.081e5
523.8	5.030e2
524.3	1.262e5
524.9	1.712e4
525.6	1.220e5
526.1	5.140e2
526.6	2.424e5
527.5	7.797e4
528.4	3.989e4
529.0	9.598e3
529.6	1.285e5
530.6	7.319e4
531.4	1.821e5
531.9	7.513e3
532.5	7.442e4
533.1	8.669e3
533.7	2.569e5
534.6	8.010e4
535.5	3.565e4
536.4	3.476e4
537.3	4.572e4
538.2	1.482e5
539.1	7.943e4
539.9	2.090e4
540.7	1.945e5
541.6	1.228e5
542.6	5.070e4
543.6	6.517e4
544.1	1.072e3
544.6	6.312e4
545.6	2.053e5
546.6	9.800e4
547.1	9.290e2
547.6	1.085e5
548.6	1.660e5
549.5	7.108e4
550.5	3.403e4
551.0	1.426e3
551.6	4.474e4
552.5	5.485e4
553.3	1.316e5
553.9	7.744e3
554.5	8.510e4
555.1	6.395e3
555.7	2.111e5
556.5	8.275e4
557.4	5.077e4
558.0	8.730e2
558.5	3.248e4
559.1	2.128e3
559.6	1.904e5
560.6	1.232e5
561.7	6.272e4
562.3	1.076e3
562.8	1.646e5
563.7	9.414e4
564.6	3.741e4
565.5	2.622e4
566.4	3.054e4
567.2	9.666e4
567.7	7.192e3
568.3	9.413e4
568.9	1.638e4
569.6	8.812e4
570.1	7.510e2
570.6	1.600e5
571.5	6.401e4
572.5	3.287e4
573.1	3.325e3
573.6	1.101e5
574.6	4.429e4
575.4	1.601e5
576.0	1.337e4
576.6	5.643e4
577.5	1.982e5
578.4	8.948e4
579.3	4.559e4
579.9	3.946e3
580.5	2.179e4
581.4	3.057e4
582.2	9.159e4
583.2	5.910e4
584.0	1.616e4
584.8	1.345e5
585.7	8.765e4
586.5	3.311e4
587.1	2.139e3
587.7	5.690e4
588.7	4.469e4
589.6	1.554e5
590.6	7.789e4
591.1	2.170e2
591.6	6.806e4
592.2	4.253e3
592.7	1.150e5
593.5	4.047e4
594.1	4.895e3
594.7	2.991e4
595.4	1.218e4
596.1	3.708e4
596.6	4.009e3
597.2	8.088e4
597.9	2.112e4
598.6	6.075e4
599.6	1.249e5
600.5	6.910e4
601.0	1.397e3
601.5	4.375e4
602.5	2.223e4
603.1	3.564e3
603.7	1.390e5
604.7	8.116e4
605.2	7.370e2
605.7	5.463e4
606.2	4.271e3
606.8	9.870e4
607.8	5.204e4
608.7	2.008e4
609.5	1.177e4
610.2	1.927e4
611.1	4.291e4
611.8	2.545e4
612.5	6.271e4
613.1	4.294e3
613.7	4.745e4
614.7	9.132e4
615.5	4.311e4
616.5	2.011e4
617.1	3.127e3
617.7	9.313e4
618.7	4.066e4
619.4	9.579e4
620.0	5.723e3
620.6	4.227e4
621.2	5.008e3
621.7	9.027e4
622.6	4.187e4
623.5	2.588e4
624.2	9.053e3
625.1	2.241e4
626.1	5.843e4
627.0	3.998e4
627.9	2.629e4
628.8	7.553e4
629.7	4.629e4
630.6	2.267e4
631.1	1.936e3
631.7	4.395e4
632.2	2.078e3
632.7	3.090e4
633.7	1.024e5
634.2	3.460e2
634.7	6.570e4
635.7	4.303e4
636.2	1.624e3
636.7	6.347e4
637.6	2.950e4
638.6	1.883e4
639.6	2.025e4
640.4	2.705e4
641.4	4.446e4
642.0	1.019e4
642.7	4.846e4
643.2	3.359e3
643.8	8.986e4
644.6	3.659e4
645.6	3.011e4
646.6	2.152e4
647.1	1.480e3
647.7	1.171e5
648.2	3.120e2
648.8	6.568e4
649.7	3.252e4
650.2	1.088e3
650.8	4.702e4
651.7	3.079e4
652.6	1.642e4
653.6	1.728e4
654.2	2.155e3
654.8	2.194e4
655.8	3.905e4
656.7	4.214e4
657.2	1.007e3
657.8	3.502e4
658.3	6.400e2
658.8	5.267e4
659.7	2.671e4
660.7	2.067e4
661.2	5.010e2
661.7	8.229e4
662.7	4.366e4
663.7	1.420e5
664.7	6.668e4
665.3	2.863e3
665.8	6.681e4
666.7	2.121e4
667.5	2.006e4
668.4	1.337e4
669.0	2.391e3
669.6	2.901e4
670.1	7.460e2
670.7	4.010e4
671.6	2.858e4
672.2	3.890e3
672.8	5.460e4
673.3	7.840e2
673.9	4.474e4
674.8	1.539e4
675.7	4.876e4
676.7	2.920e4
677.7	9.870e4
678.7	5.191e4
679.3	1.122e3
679.8	3.064e4
680.8	3.508e4
681.6	1.364e4
682.6	1.494e4
683.2	1.103e3
683.8	2.263e4
684.7	1.726e4
685.7	4.566e5
686.7	2.448e5
687.2	8.070e2
687.7	9.432e4
688.6	3.106e4
689.5	3.564e4
690.0	1.930e2
690.6	1.774e4
691.1	2.197e3
691.7	9.964e4
692.7	6.206e4
693.6	2.557e4
694.5	1.956e4
695.3	2.891e4
695.9	5.292e3
696.5	1.812e4
697.1	9.910e2
697.6	1.580e4
698.2	2.646e3
698.9	1.585e4
699.8	3.034e4
700.7	2.795e4
701.7	5.363e4
702.3	5.548e3
702.9	6.467e4
703.8	3.198e4
704.7	1.552e4
705.7	7.437e4
706.3	7.590e2
706.8	5.189e4
707.7	5.172e4
708.7	8.069e4
709.2	7.170e2
709.8	5.488e4
710.7	2.297e4
711.7	1.502e4
712.3	8.880e2
712.8	8.489e3
713.7	2.363e4
714.6	3.142e4
715.6	1.972e4
716.2	2.561e3
716.8	4.088e4
717.7	2.526e4
718.7	1.904e4
719.2	4.470e2
719.8	4.378e4
720.7	2.590e4
721.7	8.800e4
722.2	7.720e2
722.8	5.103e4
723.7	2.099e4
724.5	3.821e4
725.5	3.999e4
726.1	2.758e3
726.7	1.097e5
727.7	6.219e4
728.2	1.670e2
728.7	3.464e4
729.6	2.888e4
730.2	3.267e3
730.8	4.065e4
731.4	1.465e3
731.9	3.546e4
732.8	1.495e4
733.7	2.318e4
734.2	8.140e2
734.8	1.471e4
735.7	9.535e4
736.3	6.540e2
736.8	6.756e4
737.7	2.978e4
738.7	2.276e4
739.7	1.947e4
740.7	1.567e4
741.3	1.529e3
742.0	2.397e4
742.9	1.175e4
743.7	1.961e4
744.3	1.374e3
744.9	3.042e4
745.8	2.201e4
746.8	2.406e4
747.7	1.610e4
748.6	1.834e4
749.2	2.116e3
749.8	8.237e4
750.7	4.891e4
751.7	4.543e4
752.2	4.220e2
752.7	2.428e4
753.7	2.997e4
754.2	7.220e2
754.7	2.407e4
755.3	2.691e3
755.9	1.733e4
756.8	1.278e4
757.8	2.209e4
758.3	2.580e2
758.8	3.322e4
759.8	2.645e4
760.3	6.160e2
760.8	3.934e4
761.8	2.346e4
762.3	3.010e2
762.8	1.167e4
763.8	3.744e4
764.8	2.173e4
765.8	5.948e4
766.3	1.650e2
766.8	3.753e4
767.3	5.690e2
767.8	2.000e4
768.7	1.155e4
769.6	1.463e4
770.3	4.575e3
771.0	2.921e4
771.9	1.645e4
772.8	1.273e4
773.7	1.482e4
774.3	1.367e3
774.9	2.680e4
775.9	1.986e4
776.8	1.317e4
777.3	1.167e3
777.9	2.138e4
778.9	1.533e4
779.8	7.615e4
780.3	4.440e2
780.8	5.202e4
781.8	2.288e4
782.3	3.060e2
782.8	1.756e4
783.8	1.408e4
784.4	2.788e3
784.9	1.618e4
785.8	1.550e4
786.8	1.437e4
787.3	2.770e2
787.8	1.802e4
788.8	2.312e4
789.8	2.047e4
790.6	1.211e4
791.4	3.017e4
792.1	5.914e3
792.8	1.810e4
793.3	8.040e2
793.8	5.682e4
794.8	3.240e4
795.8	3.151e4
796.3	1.266e3
796.9	2.394e4
797.8	1.466e4
798.3	5.070e2
798.9	1.009e4
799.4	4.340e2
800.0	1.399e4
800.9	1.280e4
801.8	1.643e4
802.8	2.382e4
803.3	4.780e2
803.8	2.198e4
804.3	7.460e2
804.9	2.678e4
805.8	1.776e4
806.4	8.530e2
806.9	1.396e4
807.8	3.420e4
808.8	2.519e4
809.3	2.390e2
809.8	5.151e4
810.8	3.042e4
811.8	1.456e4
812.8	8.392e3
813.7	1.281e4
814.3	1.152e3
814.9	8.612e3
815.4	4.270e2
816.0	1.145e4
816.9	1.436e4
817.8	1.209e4
818.4	2.265e3
819.0	2.540e4
819.9	1.661e4
820.9	1.131e4
821.9	1.792e4
822.9	1.246e4
823.8	5.450e4
824.8	3.205e4
825.8	1.869e4
826.3	2.290e2
826.9	1.103e4
827.9	8.096e3
828.4	5.530e2
828.9	7.112e3
829.8	1.095e4
830.3	2.830e2
830.8	8.921e3
831.8	1.032e4
832.8	1.966e4
833.8	1.543e4
834.4	3.480e2
834.9	1.633e4
835.9	1.814e4
836.8	7.546e3
837.8	3.672e4
838.4	7.020e2
838.9	3.451e4
839.8	1.929e4
840.8	2.024e4
841.4	3.557e3
842.1	1.603e4
843.0	8.831e3
844.0	9.813e3
845.0	5.779e3
845.8	1.307e4
846.8	9.944e3
847.6	1.870e4
848.4	5.974e3
849.1	2.388e4
850.0	1.267e4
851.0	9.577e3
851.9	2.325e4
852.9	1.432e4
853.8	3.340e4
854.4	7.130e2
854.9	1.703e4
855.4	6.870e2
855.9	1.614e4
856.7	5.077e3
857.5	1.236e4
858.2	2.713e3
858.9	1.236e4
859.4	2.370e2
860.0	1.205e4
860.9	7.038e3
861.7	1.228e4
862.3	1.613e3
862.9	1.742e4
863.9	1.577e4
864.8	1.197e4
865.3	1.560e2
865.8	1.334e4
866.4	4.210e2
866.9	1.221e4
867.9	3.877e4
868.9	2.242e4
869.8	1.491e4
870.8	1.020e4
871.7	9.152e3
872.5	3.913e3
873.2	8.170e3
874.0	3.612e3
874.7	7.837e3
875.7	1.009e4
876.3	8.560e2
876.9	1.529e4
877.4	5.380e2
877.9	1.921e4
878.9	1.319e4
879.9	9.897e3
880.8	1.381e4
881.4	1.036e3
882.0	2.952e4
882.9	1.736e4
883.9	1.912e4
884.4	1.100e2
884.9	1.593e4
885.9	1.007e4
886.8	7.356e3
887.7	9.200e3
888.7	6.608e3
889.2	9.900e1
889.8	9.111e3
890.3	4.470e2
890.9	8.346e3
891.8	1.184e4
892.4	2.290e3
893.0	1.260e4
893.9	9.326e3
894.4	6.900e1
894.9	1.003e4
895.8	1.647e4
896.8	1.090e4
897.3	2.890e2
897.9	2.393e4
898.8	1.323e4
899.4	1.100e3
900.1	8.876e3
900.7	8.630e2
901.2	8.339e3
901.9	2.513e3
902.6	6.347e3
903.1	4.160e2
903.7	8.653e3
904.2	4.850e2
904.8	1.013e4
905.3	8.370e2
905.9	1.105e4
906.4	5.720e2
907.0	2.150e4
907.9	1.162e4
908.9	6.745e3
909.9	1.333e4
910.8	6.847e3
911.4	4.550e2
911.9	3.054e4
912.4	4.500e1
912.9	2.343e4
913.9	1.057e4
914.8	7.079e3
915.7	8.020e3
916.5	2.768e3
917.3	6.121e3
918.2	9.507e3
919.0	5.210e3
919.8	7.741e3
920.7	7.809e3
921.4	1.323e4
922.1	2.860e3
922.9	1.143e4
923.5	8.540e2
924.1	1.073e4
925.0	6.671e3
925.9	1.587e4
926.8	1.552e4
927.8	1.773e4
928.3	2.710e2
928.8	8.825e3
929.7	9.708e3
930.3	7.910e2
930.9	7.067e3
931.4	2.790e2
931.9	8.299e3
932.5	2.030e2
933.1	9.382e3
933.7	7.200e2
934.3	6.000e3
935.2	1.152e4
936.0	9.502e3
937.0	1.093e4
937.5	1.160e2
938.0	1.420e4
938.9	1.149e4
939.9	2.706e4
940.9	1.368e4
941.8	2.338e4
942.4	8.070e2
942.9	1.346e4
943.9	7.769e3
944.9	7.079e3
945.7	4.648e3
946.4	1.138e4
947.2	2.328e3
948.0	7.970e3
948.9	8.792e3
949.9	1.087e4
950.4	2.850e2
951.0	1.153e4
952.0	1.056e4
952.5	1.186e3
953.1	8.536e3
953.9	3.976e3
954.6	8.743e3
955.4	2.377e3
956.0	2.079e4
956.9	1.361e4
957.9	9.215e3
958.6	3.630e3
959.4	1.156e4
960.1	3.909e3
960.9	7.173e3
961.6	8.180e2
962.1	8.048e3
963.0	5.042e3
963.8	1.046e4
964.4	5.200e2
965.0	9.322e3
965.8	9.399e3
966.4	7.980e2
967.0	8.601e3
967.8	7.082e3
968.7	9.620e3
969.3	1.559e3
969.9	1.581e4
970.7	1.340e4
971.2	4.340e2
971.7	1.406e4
972.7	9.314e3
973.4	2.337e3
974.1	8.556e3
974.7	9.110e2
975.2	1.309e4
976.1	6.482e3
977.0	5.965e3
978.0	9.076e3
978.9	1.075e4
979.4	1.210e2
979.9	8.310e3
980.9	1.103e4
981.9	1.105e4
982.8	5.734e3
983.7	1.361e4
984.3	1.568e3
984.9	1.186e4
985.4	1.600e2
985.9	1.424e4
986.9	1.267e4
987.9	1.161e4
988.4	7.140e2
989.0	7.528e3
989.5	1.960e2
990.0	8.663e3
991.0	5.743e3
991.9	1.150e4
992.5	1.047e3
993.0	7.434e3
993.9	6.058e3
994.9	1.060e4
995.4	5.340e2
996.0	8.980e3
997.0	1.272e4
997.5	3.480e2
998.0	9.275e3
998.6	5.920e2
999.1	6.365e3
1000.0	1.525e4
1000.5	9.300e1
1001.0	1.384e4
1001.6	8.230e2
1002.1	8.958e3
1002.7	6.600e1
1003.2	7.932e3
1003.9	1.691e3
1004.6	6.579e3
1005.1	8.900e1
1005.6	6.115e3
1006.3	9.670e2
1007.0	7.004e3
1007.9	7.806e3
1008.5	1.167e3
1009.1	1.185e4
1010.0	1.017e4
1010.6	5.670e2
1011.1	8.496e3
1012.1	7.770e3
1013.0	9.756e3
1014.0	1.860e4
1014.5	1.500e1
1015.0	1.074e4
1015.9	1.151e4
1016.5	1.204e3
1017.0	1.196e4
1018.0	7.028e3
1018.8	4.665e3
1019.6	8.603e3
1020.3	1.817e3
1021.0	7.851e3
1021.6	7.090e2
1022.2	8.455e3
1022.9	2.655e3
1023.6	1.068e4
1024.2	1.780e3
1024.9	7.728e3
1025.9	9.156e3
1026.8	7.869e3
1027.3	1.161e3
1027.9	8.775e3
1028.8	1.162e4
1029.4	1.216e3
1030.0	1.409e4
1030.9	8.382e3
1031.5	3.660e2
1032.1	7.469e3
1033.1	7.795e3
1033.7	7.060e2
1034.3	8.524e3
1035.0	3.821e3
1035.8	7.689e3
1036.4	8.220e2
1037.0	5.520e3
1037.5	6.000e0
1038.0	6.416e3
1039.0	9.679e3
1039.7	3.007e3
1040.4	9.090e3
1041.1	2.244e3
1041.9	8.122e3
1042.6	1.038e3
1043.2	1.231e4
1044.1	1.457e4
1045.0	8.361e3
1045.5	1.128e3
1046.1	8.545e3
1046.7	1.389e3
1047.3	5.669e3
1048.1	6.660e3
1048.8	1.053e3
1049.4	6.392e3
1050.0	6.290e2
1050.5	6.817e3
1051.3	1.936e3
1052.0	6.889e3
1053.0	1.128e4
1053.9	7.644e3
1054.9	6.906e3
1055.4	6.160e2
1056.0	1.467e4
1056.9	7.571e3
1057.4	4.800e1
1057.9	1.489e4
1058.5	1.324e3
1059.1	9.594e3
1059.6	2.190e2
1060.1	1.014e4
1060.7	2.210e2
1061.2	1.002e4
1061.7	5.710e2
1062.3	7.695e3
1063.3	6.586e3
1063.8	3.760e2
1064.3	8.904e3
1065.2	4.951e3
1066.2	7.276e3
1067.0	3.317e3
1067.8	8.419e3
1068.4	7.250e2
1068.9	1.141e4
1069.6	2.794e3
1070.3	8.384e3
1071.1	3.362e3
1071.9	8.571e3
1072.9	7.997e3
1073.5	8.670e2
1074.1	1.057e4
1074.7	8.440e2
1075.2	1.079e4
1076.1	8.032e3
1077.1	7.955e3
1078.0	6.814e3
1079.0	5.701e3
1080.0	6.931e3
1080.5	4.900e1
1081.0	8.776e3
1081.9	7.691e3
1082.9	8.345e3
1083.9	8.067e3
1084.8	7.706e3
1085.6	3.735e3
1086.4	7.211e3
1087.3	5.647e3
1088.2	1.254e4
1089.1	4.972e3
1089.9	8.276e3
1090.8	7.062e3
1091.3	1.920e2
1091.8	7.888e3
1092.8	3.272e3
1093.7	5.198e3
1094.3	4.150e2
1094.9	6.975e3
1095.6	2.316e3
1096.3	7.435e3
1097.1	5.048e3
1098.0	1.007e4
1098.9	3.325e3
1099.7	1.145e4
1100.6	4.392e3
1101.3	7.956e3
1102.1	5.947e3
1102.9	8.715e3
1103.8	4.693e3
1104.7	7.274e3
1105.3	2.000e3
1105.9	7.293e3
1106.5	1.169e3
1107.0	6.155e3
1107.8	1.472e3
1108.4	6.785e3
1109.0	8.880e2
1109.6	6.983e3
1110.3	3.285e3
1111.1	8.301e3
1112.1	7.595e3
1112.6	9.900e1
1113.2	7.493e3
1114.1	6.509e3
1115.1	6.152e3
1115.7	6.110e2
1116.3	1.210e4
1117.3	6.319e3
1117.8	9.600e2
1118.4	8.959e3
1119.2	3.680e3
1120.0	6.410e3
1120.5	9.860e2
1121.1	8.480e3
1122.1	5.778e3
1123.1	6.613e3
1123.9	6.323e3
1124.5	1.890e2
1125.1	5.996e3
1125.6	1.820e2
1126.2	6.781e3
1126.9	2.372e3
1127.5	6.729e3
1128.0	4.330e2
1128.6	6.998e3
1129.2	1.314e3
1129.9	8.163e3
1130.7	3.339e3
1131.5	8.567e3
1132.2	6.359e3
1133.1	6.383e3
1133.6	1.322e3
1134.2	7.815e3
1135.2	5.180e3
1136.1	5.586e3
1137.0	5.403e3
1137.6	1.542e3
1138.3	4.407e3
1139.3	7.393e3
1140.0	4.940e3
1140.6	1.513e3
1141.2	5.253e3
1142.0	6.342e3
1143.0	8.770e3
1143.6	1.626e3
1144.3	5.630e3
1144.8	1.500e2
1145.4	6.229e3
1146.0	2.156e3
1146.6	8.538e3
1147.2	1.366e3
1147.9	7.308e3
1148.5	1.970e2
1149.0	4.804e3
1149.6	3.920e2
1150.1	9.152e3
1151.2	7.251e3
1152.2	4.731e3
1153.2	6.658e3
1154.1	3.708e3
1155.0	7.449e3
1155.5	6.800e2
1156.1	4.456e3
1157.1	4.810e3
1158.1	1.066e4
1159.1	1.021e4
1160.1	9.732e3
1160.7	3.500e2
1161.3	8.592e3
1162.2	6.594e3
1163.2	6.876e3
1164.2	1.038e4
1165.0	3.876e3
1165.8	5.095e3
1166.6	1.100e4
1167.3	3.650e2
1167.9	7.168e3
1168.8	3.707e3
1169.5	6.439e3
1170.1	6.740e2
1170.7	5.099e3
1171.6	7.021e3
1172.3	2.885e3
1173.0	8.792e3
1173.9	5.463e3
1174.6	1.393e3
1175.2	5.001e3
1176.2	1.059e4
1177.1	1.102e4
1178.1	7.327e3
1178.6	3.280e2
1179.1	8.298e3
1179.6	1.910e2
1180.2	9.713e3
1180.7	7.530e2
1181.3	5.865e3
1181.9	6.140e2
1182.5	8.053e3
1183.3	2.478e3
1184.1	5.748e3
1184.7	6.180e2
1185.3	8.321e3
1186.1	5.862e3
1187.1	5.378e3
1187.8	5.930e2
1188.3	1.170e4
1189.2	5.455e3
1190.2	6.223e3
1191.1	4.046e3
1191.6	1.790e2
1192.2	7.196e3
1193.1	5.767e3
1193.9	1.756e3
1194.6	7.015e3
1195.5	5.402e3
1196.1	1.231e3
1196.8	6.321e3
1197.3	2.540e2
1197.9	6.142e3
1198.7	1.761e3
1199.4	7.287e3
1200.4	6.494e3
1201.0	1.033e3
1201.7	6.939e3
1202.4	3.025e3
1203.2	9.445e3
1204.1	3.228e3
1205.0	9.544e3
1205.9	4.325e3
1206.4	2.420e2
1206.9	8.573e3
1207.9	7.670e3
1208.5	2.011e3
1209.2	6.731e3
1210.1	4.852e3
1210.9	8.306e3
1211.6	2.388e3
1212.4	9.238e3
1213.0	5.010e2
1213.6	4.571e3
1214.4	6.537e3
1215.4	4.277e3
1216.1	2.311e3
1216.9	5.796e3
1217.8	8.017e3
1218.8	8.753e3
1219.6	1.931e3
1220.3	1.009e4
1221.4	6.613e3
1222.1	2.804e3
1222.9	5.810e3
1223.7	2.481e3
1224.5	8.645e3
1225.1	9.370e2
1225.7	5.958e3
1226.5	4.122e3
1227.4	6.792e3
1227.9	2.940e2
1228.5	6.750e3
1229.2	4.295e3
1230.1	6.802e3
1230.9	6.620e3
1231.5	1.520e2
1232.0	5.986e3
1232.9	5.197e3
1233.8	4.804e3
1234.4	7.640e2
1234.9	5.300e3
1235.9	7.654e3
1236.6	1.347e3
1237.2	7.588e3
1238.1	5.706e3
1239.0	5.849e3
1239.6	8.010e2
1240.3	9.520e3
1241.1	3.885e3
1241.8	1.834e3
1242.4	6.513e3
1243.2	2.745e3
1244.0	5.106e3
1244.9	5.402e3
1245.7	7.102e3
1246.5	2.433e3
1247.2	8.349e3
1247.8	1.246e3
1248.4	9.274e3
1249.4	6.153e3
1250.4	8.942e3
1250.9	2.330e2
1251.4	7.370e3
1252.0	1.157e3
1252.6	9.948e3
1253.4	4.452e3
1254.4	6.169e3
1255.1	1.837e3
1255.8	4.234e3
1256.6	5.217e3
1257.4	2.485e3
1258.2	8.649e3
1258.7	8.700e1
1259.2	7.338e3
1259.8	4.740e2
1260.4	7.815e3
1261.1	2.845e3
1261.8	6.222e3
1262.4	1.068e3
1263.1	5.206e3
1263.9	4.195e3
1264.9	5.379e3
1265.7	8.442e3
1266.3	4.860e2
1266.8	4.914e3
1267.8	4.901e3
1268.6	6.884e3
1269.6	5.504e3
1270.1	3.100e1
1270.7	5.752e3
1271.2	2.500e2
1271.7	8.750e3
1272.6	7.144e3
1273.6	4.712e3
1274.4	1.533e3
1275.2	7.764e3
1276.0	3.928e3
1276.8	6.294e3
1277.7	3.723e3
1278.7	1.085e4
1279.5	4.566e3
1280.3	8.193e3
1280.8	7.230e2
1281.4	8.358e3
1282.2	3.379e3
1283.0	5.579e3
1284.0	8.416e3
1284.6	9.120e2
1285.1	4.485e3
1286.1	8.529e3
1286.7	3.650e2
1287.3	6.425e3
1288.1	3.733e3
1289.0	5.289e3
1289.7	7.300e2
1290.2	7.116e3
1291.1	2.288e3
1291.7	7.142e3
1292.6	4.292e3
1293.5	1.008e4
1294.1	1.089e3
1294.7	5.897e3
1295.6	6.820e3
1296.2	9.090e2
1296.8	5.944e3
1297.7	2.692e3
1298.6	5.730e3
1299.2	1.266e3
1299.9	1.091e4
1300.8	6.408e3
1301.4	1.016e3
1302.0	7.311e3
1302.6	7.880e2
1303.1	6.447e3
1304.2	6.718e3
1304.9	5.100e3
1305.9	7.204e3
1306.7	2.185e3
1307.3	5.305e3
1308.3	8.306e3
1309.2	7.317e3
1309.8	4.620e2
1310.3	6.987e3
1311.3	5.857e3
1312.2	3.810e3
1312.9	8.730e2
1313.5	8.084e3
1314.2	2.145e3
1314.9	5.132e3
1315.7	9.979e3
1316.6	5.778e3
1317.4	3.493e3
1318.1	1.707e3
1318.8	4.835e3
1319.8	6.931e3
1320.3	4.110e2
1320.9	6.110e3
1321.9	5.966e3
1322.6	1.166e3
1323.2	5.956e3
1324.1	3.397e3
1325.1	9.001e3
1326.0	7.005e3
1326.9	5.432e3
1327.9	7.683e3
1328.7	4.482e3
1329.5	7.617e3
1330.2	2.178e3
1330.9	8.946e3
1331.8	6.561e3
1332.8	8.190e3
1333.4	1.649e3
1334.1	5.057e3
1335.0	7.181e3
1336.0	7.621e3
1336.6	1.120e3
1337.2	6.829e3
1338.0	5.194e3
1338.8	3.212e3
1339.7	8.535e3
1340.6	8.422e3
1341.1	1.490e2
1341.7	8.533e3
1342.3	2.311e3
1343.1	6.864e3
1343.7	1.305e3
1344.4	8.909e3
1345.3	3.433e3
1346.1	5.507e3
1346.7	3.530e2
1347.3	6.686e3
1348.2	3.768e4
1348.7	7.400e1
1349.3	3.702e4
1349.8	2.890e2
1350.3	2.000e4
1351.2	7.849e3
1352.0	1.114e4
1352.6	1.246e3
1353.2	8.509e3
1353.7	7.150e2
1354.3	7.956e3
1354.9	5.590e2
1355.5	9.199e3
1356.3	3.132e3
1356.9	1.333e3
1357.6	8.198e3
1358.5	7.466e3
1359.4	5.721e3
1360.0	9.020e2
1360.5	6.829e3
1361.1	8.360e2
1361.6	6.844e3
1362.4	8.004e3
1363.2	1.999e3
1364.0	7.614e3
1364.6	1.742e3
1365.3	5.855e3
1366.0	2.082e3
1366.7	1.055e4
1367.7	4.040e3
1368.6	6.283e3
1369.6	7.522e3
1370.5	4.629e3
1371.1	1.628e3
1371.8	8.040e3
1372.4	1.637e3
1373.1	6.555e3
1373.8	4.527e3
1374.7	6.733e3
1375.7	6.797e3
1376.5	1.752e3
1377.1	6.507e3
1378.1	5.989e3
1379.1	8.343e3
1379.6	1.800e1
1380.2	5.508e3
1380.8	1.489e3
1381.4	5.796e3
1382.0	6.920e2
1382.6	8.646e3
1383.3	2.256e3
1384.0	7.433e3
1384.6	1.152e3
1385.1	6.361e3
1385.8	1.730e2
1386.3	8.329e3
1387.0	2.742e3
1387.7	5.584e3
1388.7	5.903e3
1389.4	1.274e3
1390.1	8.178e3
1391.1	8.193e3
1391.8	1.994e3
1392.4	6.047e3
1392.9	3.420e2
1393.5	8.998e3
1394.2	1.577e3
1394.8	8.364e3
1395.6	1.625e3
1396.3	1.019e4
1397.3	5.238e3
1398.2	4.757e3
1398.9	1.034e3
1399.5	7.502e3
1400.2	2.467e3
1400.9	1.036e4
1401.8	4.648e3
1402.7	6.921e3
1403.4	2.381e3
1404.3	9.465e3
1404.9	1.591e3
1405.6	6.776e3
1406.1	3.100e1
1406.7	7.082e3
1407.2	1.940e2
1407.7	6.536e3
1408.4	1.220e3
1409.1	9.880e3
1409.7	9.960e2
1410.4	6.052e3
1411.1	1.597e3
1411.7	1.064e4
1412.6	4.187e3
1413.5	4.406e3
1414.1	1.387e3
1414.7	6.117e3
1415.3	7.960e2
1415.9	7.845e3
1416.5	8.000e2
1417.2	7.900e3
1418.0	4.488e3
1418.8	5.478e3
1419.8	4.917e3
1420.7	2.987e3
1421.4	1.739e3
1422.1	6.406e3
1423.1	7.921e3
1423.8	1.575e3
1424.5	7.262e3
1425.4	7.551e3
1426.0	1.720e3
1426.6	6.588e3
1427.4	2.201e3
1428.2	5.038e3
1429.2	8.055e3
1430.2	7.825e3
1430.7	8.800e1
1431.3	3.880e3
1431.8	7.700e1
1432.4	6.179e3
1433.0	9.090e2
1433.6	6.566e3
1434.3	2.296e3
1435.1	6.652e3
1435.7	2.943e3
1436.4	7.038e3
1437.0	1.700e2
1437.6	7.418e3
1438.6	7.360e3
1439.1	3.000e1
1439.6	7.074e3
1440.6	4.172e3
1441.4	7.376e3
1442.3	2.143e3
1443.0	6.283e3
1443.9	7.039e3
1444.4	1.320e2
1444.9	9.047e3
1445.8	3.612e3
1446.7	6.474e3
1447.6	5.890e3
1448.4	7.892e3
1449.4	3.359e3
1450.2	9.283e3
1450.7	9.500e1
1451.3	6.668e3
1452.0	1.110e3
1452.7	9.596e3
1453.6	3.845e3
1454.6	6.879e3
1455.1	1.547e3
1455.8	6.615e3
1456.4	1.255e3
1457.0	6.757e3
1457.6	6.790e2
1458.2	8.471e3
1458.8	1.390e2
1459.3	5.082e3
1460.3	6.460e3
1460.9	3.240e2
1461.5	5.370e3
1462.4	6.808e3
1463.2	2.541e3
1464.1	5.314e3
1464.9	2.531e3
1465.6	7.043e3
1466.1	9.600e1
1466.6	6.876e3
1467.4	2.804e3
1468.1	7.131e3
1468.7	1.735e3
1469.4	5.638e3
1470.3	7.246e3
1471.3	6.335e3
1471.8	2.220e2
1472.3	6.561e3
1473.2	6.292e3
1473.8	8.080e2
1474.4	4.513e3
1475.2	1.779e3
1476.0	5.821e3
1476.9	6.027e3
1477.4	9.700e1
1477.9	4.342e3
1478.8	4.172e3
1479.8	4.118e3
1480.6	7.503e3
1481.4	2.544e3
1482.2	7.085e3
1483.2	4.683e3
1483.9	1.627e3
1484.6	4.752e3
1485.1	4.490e2
1485.7	6.436e3
1486.5	5.782e3
1487.4	4.352e3
1488.5	6.196e3
1489.1	1.343e3
1489.9	6.030e3
1490.4	2.260e2
1490.9	6.051e3
1491.7	3.504e3
1492.5	6.573e3
1493.3	4.610e3
1494.2	1.000e4
1495.0	3.191e3
1495.8	6.364e3
1496.4	9.150e2
1497.0	5.856e3
1498.0	6.148e3
1498.6	7.040e2
1499.1	7.366e3
1500.1	4.962e3
1501.1	7.039e3
1501.7	3.480e2
1502.2	5.614e3
1503.0	2.520e3
1503.8	6.371e3
1504.4	7.640e2
1505.0	6.677e3
1505.6	5.550e2
1506.2	7.219e3
1506.9	2.190e3
1507.6	5.772e3
1508.2	1.779e3
1508.9	7.096e3
1509.7	2.680e3
1510.5	6.903e3
1511.4	3.770e3
1512.3	2.764e3
1513.1	7.415e3
1514.0	5.152e3
1514.5	3.370e2
1515.1	5.723e3
1516.0	5.565e3
1516.5	8.900e1
1517.0	5.576e3
1517.6	9.590e2
1518.2	5.109e3
1519.2	6.918e3
1520.2	3.696e3
1520.8	6.280e2
1521.6	6.742e3
1522.5	7.646e3
1523.4	3.471e3
1524.2	6.688e3
1524.8	1.580e2
1525.4	6.879e3
1526.2	3.572e3
1526.8	1.238e3
1527.4	6.108e3
1528.2	5.962e3
1529.0	2.274e3
1529.6	7.412e3
1530.2	3.720e2
1530.8	5.566e3
1531.5	1.570e3
1532.2	5.230e3
1532.8	1.497e3
1533.4	4.958e3
1534.0	8.740e2
1534.6	5.319e3
1535.5	6.002e3
1536.4	3.277e3
1537.2	4.201e3
1538.1	5.811e3
1539.0	3.599e3
1539.6	1.075e3
1540.2	2.921e3
1541.1	6.383e3
1541.7	5.310e2
1542.3	5.406e3
1543.2	6.544e3
1543.8	2.770e2
1544.3	4.727e3
1545.0	2.698e3
1545.7	5.457e3
1546.4	1.512e3
1547.2	5.260e3
1547.7	2.010e2
1548.3	5.454e3
1549.1	1.899e3
1549.8	4.629e3
1550.6	3.749e3
1551.5	7.187e3
1552.1	9.380e2
1552.7	3.682e3
1553.6	4.326e3
1554.5	2.737e3
1555.1	8.580e2
1555.8	6.497e3
1556.4	3.820e2
1556.9	5.131e3
1557.6	1.494e3
1558.2	7.097e3
1558.9	1.533e3
1559.6	7.113e3
1560.3	1.498e3
1561.0	5.131e3
1561.5	1.390e2
1562.0	6.463e3
1562.8	2.415e3
1563.8	6.509e3
1564.6	2.561e3
1565.3	5.531e3
1566.1	1.935e3
1566.8	6.965e3
1567.4	1.930e2
1567.9	5.935e3
1568.8	5.097e3
1569.8	4.923e3
1570.5	1.119e3
1571.1	6.717e3
1571.7	6.590e2
1572.4	7.522e3
1573.2	2.129e3
1574.0	5.749e3
1574.6	1.412e3
1575.2	5.110e3
1575.8	1.250e2
1576.3	6.422e3
1577.2	4.586e3
1577.9	1.258e3
1578.7	7.174e3
1579.2	3.900e1
1579.8	5.437e3
1580.6	2.704e3
1581.3	7.178e3
1581.9	8.400e2
1582.4	4.715e3
1583.4	5.131e3
1584.2	4.999e3
1584.8	1.167e3
1585.5	6.068e3
1586.3	1.586e3
1587.0	5.408e3
1587.7	1.627e3
1588.5	5.409e3
1589.3	4.180e3
1590.2	4.605e3
1591.1	2.860e3
1592.1	3.589e3
1593.2	7.692e3
1594.2	4.682e3
1595.2	6.134e3
1595.8	1.478e3
1596.5	3.969e3
1597.5	6.289e3
1598.4	2.886e3
1599.3	5.270e3
1600.0	1.733e3
1600.8	7.111e3
1601.4	1.660e2
1601.9	5.532e3
1602.6	7.850e2
1603.2	6.530e3
1604.1	5.137e3
1605.1	2.307e3
1605.9	6.765e3
1606.6	1.327e3
1607.3	4.839e3
1608.2	4.376e3
1608.7	4.900e1
1609.2	3.030e3
1609.7	1.170e2
1610.3	4.314e3
1611.1	3.388e3
1612.0	4.947e3
1613.0	5.121e3
1613.8	1.060e3
1614.5	5.195e3
1615.4	5.557e3
1615.9	1.530e3
1616.7	5.510e3
1617.2	6.600e1
1617.7	6.085e3
1618.3	6.270e2
1618.8	5.461e3
1619.8	5.038e3
1620.4	4.100e1
1620.9	4.036e3
1621.5	1.999e3
1622.2	4.607e3
1622.8	2.850e2
1623.3	5.357e3
1624.0	2.106e3
1624.8	5.564e3
1625.3	7.010e2
1625.9	5.516e3
1626.7	5.307e3
1627.5	2.855e3
1628.2	7.296e3
1628.9	1.297e3
1629.7	4.743e3
1630.6	5.935e3
1631.3	1.802e3
1632.1	6.153e3
1632.7	8.680e2
1633.3	5.452e3
1633.9	3.920e2
1634.5	7.016e3
1635.5	3.781e3
1636.1	6.500e2
1636.8	6.202e3
1637.5	1.905e3
1638.1	5.739e3
1638.6	1.790e2
1639.1	4.414e3
1639.9	2.043e3
1640.7	4.358e3
1641.7	5.113e3
1642.2	7.700e1
1642.7	4.972e3
1643.4	1.451e3
1644.1	2.936e3
1645.0	4.877e3
1645.7	2.197e3
1646.4	6.141e3
1646.9	4.290e2
1647.6	5.067e3
1648.5	4.014e3
1649.5	2.572e3
1650.2	5.498e3
1651.0	2.640e3
1651.9	4.175e3
1652.7	1.653e3
1653.4	5.221e3
1654.4	4.749e3
1655.2	2.094e3
1656.1	3.892e3
1656.8	1.528e3
1657.4	5.151e3
1658.4	3.372e3
1659.3	5.844e3
1660.0	7.630e2
1660.6	4.599e3
1661.2	1.358e3
1661.9	5.763e3
1662.7	8.860e2
1663.4	5.102e3
1664.0	6.890e2
1664.6	4.905e3
1665.1	2.290e2
1665.6	5.300e3
1666.5	3.411e3
1667.1	1.415e3
1667.8	4.382e3
1668.3	2.260e2
1668.9	4.499e3
1670.0	3.580e3
1671.0	6.048e3
1672.0	3.616e3
1673.0	3.391e3
1673.6	2.020e2
1674.1	5.116e3
1674.9	1.730e3
1675.7	6.294e3
1676.7	2.784e3
1677.6	5.142e3
1678.2	1.504e3
1678.9	5.455e3
1679.5	1.150e3
1680.1	4.585e3
1680.9	2.371e3
1681.7	4.900e3
1682.6	3.340e3
1683.5	4.090e3
1684.4	3.914e3
1684.9	2.280e2
1685.5	4.249e3
1686.3	2.142e3
1687.1	4.256e3
1688.1	4.393e3
1688.9	1.571e3
1689.7	4.213e3
1690.2	2.900e2
1690.8	4.623e3
1691.4	5.160e2
1692.0	3.527e3
1693.0	5.084e3
1694.0	3.840e3
1694.9	5.510e3
1695.9	2.606e3
1696.8	3.755e3
1697.3	4.160e2
1697.9	3.231e3
1698.9	3.249e3
1699.7	1.892e3
1700.4	6.249e3
1701.0	2.890e2
1701.6	4.060e3
1702.2	5.120e2
1702.8	3.350e3
1703.3	3.840e2
1703.9	4.362e3
1704.8	3.058e3
1705.4	9.120e2
1706.1	4.095e3
1707.1	3.539e3
1707.8	8.970e2
1708.5	2.817e3
1709.6	4.637e3
1710.6	3.748e3
1711.1	1.200e2
1711.7	3.746e3
1712.6	7.272e3
1713.4	1.883e3
1714.2	3.306e3
1714.9	1.197e3
1715.7	3.618e3
1716.2	1.610e2
1716.8	4.684e3
1717.8	2.930e3
1718.8	4.446e3
1719.6	2.103e3
1720.4	5.542e3
1721.3	1.305e3
1722.0	3.259e3
1722.6	1.260e2
1723.1	2.980e3
1724.0	4.441e3
1724.6	1.217e3
1725.3	5.286e3
1726.0	1.032e3
1726.7	4.423e3
1727.4	7.310e2
1728.0	4.432e3
1728.7	1.706e3
1729.5	3.875e3
1730.4	2.887e3
1731.0	7.000e2
1731.6	3.244e3
1732.4	3.454e3
1733.3	2.198e3
1734.2	3.074e3
1734.8	4.230e2
1735.4	6.605e3
1736.0	2.680e2
1736.5	3.697e3
1737.2	4.470e2
1737.8	4.462e3
1738.6	1.516e3
1739.5	4.392e3
1740.3	1.044e3
1741.1	6.242e3
1741.7	4.450e2
1742.3	2.496e3
1743.0	6.100e2
1743.6	4.773e3
1744.4	2.163e3
1745.3	5.869e3
1746.1	2.580e3
1746.6	1.700e2
1747.3	3.382e3
1748.2	1.544e3
1748.9	4.834e3
1749.8	2.359e3
1750.3	1.440e2
1750.8	4.516e3
1751.7	1.612e3
1752.5	5.058e3
1753.5	1.697e3
1754.3	4.889e3
1755.3	4.962e3
1756.3	3.234e3
1757.2	4.710e3
1757.9	1.977e3
1758.7	3.978e3
1759.2	3.410e2
1759.8	3.641e3
1760.4	6.420e2
1761.0	3.861e3
1762.1	5.077e3
1763.0	2.844e3
1763.8	4.391e3
1764.4	4.200e1
1764.9	3.122e3
1765.6	1.193e3
1766.4	4.452e3
1767.0	6.570e2
1767.6	2.802e3
1768.5	4.791e3
1769.4	3.086e3
1769.9	2.620e2
1770.5	3.101e3
1771.3	1.496e3
1772.1	2.977e3
1773.0	4.725e3
1774.0	2.372e3
1774.5	2.990e2
1775.1	4.996e3
1776.1	4.255e3
1776.9	1.199e3
1777.6	4.050e3
1778.5	2.885e3
1779.3	5.572e3
1780.2	2.639e3
1781.0	3.799e3
1781.7	1.200e2
1782.2	3.980e3
1782.8	4.520e2
1783.4	1.683e3
1784.2	3.738e3
1784.8	5.220e2
1785.5	4.169e3
1786.1	4.910e2
1786.7	2.461e3
1787.4	4.100e2
1788.1	3.720e3
1788.8	1.245e3
1789.4	4.091e3
1790.2	1.244e3
1790.9	4.235e3
1791.7	2.119e3
1792.5	2.722e3
1793.2	3.500e1
1793.7	2.303e3
1794.5	4.833e3
1795.4	2.259e3
1795.9	2.120e2
1796.5	3.358e3
1797.1	2.690e2
1797.6	4.152e3
1798.5	3.489e3
1799.1	3.560e2
1799.8	4.846e3
1800.7	3.103e3
1801.5	1.521e3
1802.3	5.097e3
1802.8	5.480e2
1803.4	3.502e3
1804.1	3.060e2
1804.7	2.845e3
1805.7	4.518e3
1806.6	2.632e3
1807.5	4.152e3
1808.1	4.500e1
1808.6	2.758e3
1809.4	2.194e3
1810.3	5.582e3
1811.2	3.448e3
1812.2	3.306e3
1812.9	1.123e3
1813.7	3.254e3
1814.3	6.340e2
1814.9	3.643e3
1815.4	2.800e2
1815.9	2.993e3
1816.6	7.780e2
1817.4	4.814e3
1818.2	1.535e3
1819.1	1.863e3
1819.7	3.470e2
1820.3	3.946e3
1821.1	2.435e3
1821.9	1.032e3
1822.6	4.333e3
1823.5	2.420e3
1824.1	1.093e3
1824.7	3.410e3
1825.7	3.826e3
1826.4	8.920e2
1827.1	2.541e3
1827.6	1.010e2
1828.1	2.388e3
1828.9	1.206e3
1829.7	3.993e3
1830.2	1.980e2
1830.8	5.075e3
1831.6	1.956e3
1832.2	1.100e1
1832.7	4.657e3
1833.4	9.910e2
1834.1	3.524e3
1834.6	2.900e2
1835.2	3.345e3
1836.1	3.094e3
1836.7	4.510e2
1837.4	3.001e3
1838.3	2.755e3
1839.2	3.936e3
1839.9	9.300e1
1840.4	4.041e3
1841.3	1.814e3
1842.3	4.570e3
1843.1	1.576e3
1844.1	5.058e3
1844.9	2.610e3
1845.6	1.136e3
1846.3	5.291e3
1847.2	3.011e3
1847.8	9.420e2
1848.7	2.536e3
1849.7	3.491e3
1850.6	2.154e3
1851.4	3.088e3
1852.3	3.187e3
1853.1	4.140e3
1853.7	6.660e2
1854.5	3.106e3
1855.4	4.137e3
1856.0	1.100e2
1856.5	2.901e3
1857.4	2.015e3
1858.3	3.238e3
1858.9	2.860e2
1859.5	4.061e3
1860.2	1.577e3
1860.9	3.080e3
1861.7	8.250e2
1862.5	3.448e3
1863.3	1.747e3
1864.1	3.215e3
1865.0	4.297e3
1865.8	1.687e3
1866.6	2.972e3
1867.1	3.900e1
1867.7	3.835e3
1868.2	2.290e2
1868.8	3.036e3
1869.4	7.680e2
1870.1	4.275e3
1871.1	3.565e3
1872.0	2.511e3
1872.9	4.641e3
1873.8	3.157e3
1874.5	5.650e2
1875.2	4.511e3
1875.9	1.316e3
1876.6	3.760e3
1877.5	3.965e3
1878.3	8.450e2
1879.1	1.907e3
1879.7	1.340e2
1880.3	3.633e3
1880.8	1.360e2
1881.3	2.702e3
1882.3	3.333e3
1883.2	2.378e3
1884.2	3.422e3
1885.2	3.806e3
1885.7	1.910e2
1886.3	3.067e3
1887.2	1.420e3
1887.9	3.374e3
1889.0	2.641e3
1889.9	2.209e3
1890.8	2.144e3
1891.4	1.920e2
1891.9	3.971e3
1892.5	3.370e2
1893.1	3.118e3
1893.8	5.280e2
1894.5	2.871e3
1895.3	2.018e3
1896.1	3.975e3
1897.1	2.212e3
1898.1	3.484e3
1899.1	2.795e3
1899.6	5.430e2
1900.3	2.555e3
1900.8	3.000e1
1901.4	3.907e3
1902.3	2.234e3
1903.4	3.080e3
1904.4	2.100e3
1905.2	3.748e3
1906.0	4.390e2
1906.6	5.069e3
1907.2	5.300e2
1907.8	1.885e3
1908.6	7.740e2
1909.3	2.948e3
1910.3	2.578e3
1911.0	1.348e3
1911.8	8.840e2
1912.6	2.324e3
1913.2	6.790e2
1913.8	3.618e3
1914.8	2.581e3
1915.6	6.980e2
1916.2	4.006e3
1917.2	3.528e3
1917.7	6.800e1
1918.3	2.704e3
1919.3	2.672e3
1920.2	4.968e3
1921.1	1.244e3
1922.0	2.773e3
1922.8	1.079e3
1923.7	2.863e3
1924.6	1.832e3
1925.3	3.520e3
1925.9	1.650e2
1926.4	2.168e3
1927.5	2.473e3
1928.2	3.380e2
1928.7	2.195e3
1929.4	9.450e2
1930.1	1.533e3
1930.9	3.208e3
1931.9	3.919e3
1932.7	2.031e3
1933.5	2.794e3
1934.2	4.450e2
1934.9	2.083e3
1935.6	4.370e2
1936.3	2.325e3
1936.9	1.090e2
1937.4	3.105e3
1938.4	3.285e3
1939.4	3.708e3
1940.4	1.201e3
1941.4	3.065e3
1942.3	1.447e3
1943.2	2.131e3
1943.7	9.500e1
1944.3	2.676e3
1944.9	7.200e1
1945.4	3.095e3
1946.0	1.160e3
1947.0	2.945e3
1947.7	7.760e2
1948.4	2.958e3
1948.9	4.300e1
1949.4	3.593e3
1950.0	2.480e2
1950.6	2.347e3
1951.2	3.920e2
1952.0	2.604e3
1952.8	1.317e3
1953.8	2.909e3
1954.4	5.520e2
1955.0	2.280e3
1955.5	4.600e1
1956.1	1.244e3
1956.9	1.018e3
1957.8	1.481e3
1958.6	3.132e3
1959.3	9.830e2
1960.0	2.385e3
1961.0	3.300e3
1961.5	5.100e1
1962.0	2.722e3
1962.6	3.670e2
1963.2	1.993e3
1964.0	1.091e3
1964.7	2.707e3
1965.7	3.546e3
1966.4	8.130e2
1967.1	1.799e3
1967.7	2.500e1
1968.2	2.370e3
1968.8	5.800e1
1969.4	1.270e3
1970.4	1.769e3
1971.2	3.144e3
1971.8	3.190e2
1972.4	3.159e3
1973.0	4.000e2
1973.6	2.150e3
1974.5	4.740e2
1975.2	3.827e3
1976.0	1.812e3
1977.0	1.995e3
1978.0	3.596e3
1978.6	4.490e2
1979.2	2.489e3
1979.8	1.770e2
1980.5	3.103e3
1981.4	2.283e3
1982.4	1.894e3
1983.3	1.707e3
1984.3	1.710e3
1985.1	3.529e3
1986.1	1.942e3
1987.1	2.850e3
1987.9	2.496e3
1988.7	3.200e2
1989.3	2.055e3
1990.1	2.683e3
1991.1	2.056e3
1991.9	2.040e3
1992.5	3.050e2
1993.2	2.674e3
1994.0	1.347e3
1994.7	2.483e3
1995.4	3.800e2
1995.9	3.033e3
1996.6	5.700e2
1997.2	3.932e3
1998.0	1.346e3
1998.9	2.832e3
1999.7	9.140e2
