100.3	8.638e4
101.0	7.250e5
101.6	2.940e2
102.1	2.188e6
103.0	1.394e5
103.5	2.309e3
104.1	3.765e5
105.1	6.931e5
106.1	1.111e5
106.7	5.658e3
107.2	1.288e5
107.8	1.889e4
108.3	4.484e5
109.1	2.175e5
110.0	1.823e6
111.1	4.569e6
112.1	1.509e6
113.1	4.054e5
113.6	2.598e3
114.1	3.953e5
115.1	1.887e5
115.6	4.080e2
116.1	2.033e5
117.1	7.485e4
117.6	2.270e2
118.1	3.891e5
119.1	1.549e5
119.6	6.610e2
120.1	5.283e5
121.1	1.900e5
121.7	1.925e3
122.2	1.301e6
123.1	4.455e5
123.6	3.385e3
124.2	1.223e5
125.1	8.091e4
126.0	2.173e5
126.6	6.540e2
127.1	8.915e4
128.1	6.873e4
129.1	1.552e5
129.6	4.000e2
130.1	2.407e5
131.1	4.233e5
132.0	8.215e5
132.6	9.878e3
133.1	4.895e5
134.1	9.781e4
135.1	5.637e4
136.1	3.197e5
137.1	9.303e4
137.7	1.720e2
138.2	1.170e6
139.1	9.053e5
139.6	1.081e3
140.2	2.370e5
141.1	1.834e5
142.1	2.108e5
142.6	1.368e3
143.1	6.799e4
144.1	1.091e5
145.1	5.579e5
146.1	8.152e4
147.1	3.501e5
147.6	1.730e2
148.1	1.012e5
149.1	1.647e5
149.7	1.330e2
150.2	2.726e5
151.2	8.141e4
152.2	7.205e4
153.1	4.610e4
154.1	7.356e4
154.6	9.690e2
155.1	1.918e5
155.7	1.110e2
156.2	8.949e4
157.1	1.445e5
157.6	9.470e2
158.1	3.407e5
159.1	9.222e5
160.1	1.460e5
161.1	5.912e4
162.1	5.415e4
163.1	1.429e5
164.1	9.748e4
164.6	1.430e3
165.2	8.206e4
166.2	1.710e5
166.9	2.865e4
167.5	3.723e5
168.3	8.527e4
169.2	6.674e4
170.1	8.716e4
170.6	1.420e3
171.2	6.937e5
172.2	2.398e5
173.2	1.086e5
173.7	7.900e2
174.2	1.029e5
174.8	7.454e3
175.4	1.898e5
176.0	2.347e4
176.6	3.319e5
177.3	1.234e5
178.2	7.259e4
179.2	1.300e5
180.2	6.922e4
181.2	8.937e4
182.1	1.019e5
183.1	3.100e5
183.7	3.090e3
184.3	1.068e5
185.2	6.611e5
186.0	1.698e5
186.5	3.667e3
187.1	4.836e5
187.6	1.428e3
188.2	3.928e5
189.2	1.251e5
189.7	1.219e3
190.2	8.974e4
191.1	7.297e4
191.7	1.143e3
192.2	6.317e4
193.2	6.073e4
193.7	1.481e3
194.2	2.502e5
195.2	1.396e5
195.8	1.141e3
196.3	2.040e6
197.2	5.763e5
198.3	8.528e5
199.3	1.754e5
200.1	2.428e5
200.6	8.790e2
201.2	9.073e4
202.2	7.364e4
203.1	1.512e5
203.7	1.201e3
204.2	1.650e5
205.2	1.340e5
205.7	8.050e2
206.2	7.261e4
207.2	8.348e4
207.7	6.520e2
208.2	5.799e4
209.2	1.266e5
209.7	8.980e2
210.2	1.025e5
211.2	5.724e4
212.2	8.302e4
213.1	4.815e4
214.2	6.929e6
215.2	9.429e5
216.2	5.134e5
217.2	2.147e5
217.7	1.280e2
218.3	6.534e5
219.2	2.009e5
220.2	1.408e5
221.2	9.645e4
222.2	5.618e4
223.2	4.905e4
224.1	1.098e5
225.2	6.602e4
226.1	7.921e4
227.1	4.099e5
227.7	2.483e3
228.2	1.304e5
228.7	4.230e2
229.2	1.255e5
230.2	5.306e4
231.1	1.248e5
231.7	7.900e1
232.2	7.169e4
233.2	7.209e4
233.7	5.040e2
234.2	8.284e4
235.2	7.228e4
236.2	8.372e5
236.7	4.110e2
237.2	2.079e5
238.2	8.774e4
239.2	7.931e4
239.7	8.680e2
240.2	4.744e4
241.2	6.122e4
242.1	5.627e4
242.7	9.160e2
243.2	1.026e5
243.7	1.877e3
244.2	5.590e4
245.2	7.714e4
246.2	4.677e4
247.2	5.678e4
248.2	4.599e4
249.2	4.394e4
250.2	7.300e4
251.2	4.675e4
252.2	9.691e4
253.2	5.987e4
254.1	8.745e4
254.7	2.710e3
255.2	6.318e4
256.2	5.227e4
256.7	1.680e3
257.2	5.735e4
257.8	3.243e3
258.3	3.945e4
259.3	1.685e5
260.3	5.335e4
261.3	9.134e4
262.2	4.256e4
263.1	5.934e4
264.1	3.825e4
264.6	1.418e3
265.2	3.598e4
266.1	9.387e4
266.7	6.000e2
267.2	5.582e4
268.2	2.921e4
269.2	3.768e4
269.8	8.340e2
270.3	3.547e4
271.3	4.824e4
272.2	3.707e4
273.2	3.796e4
273.7	1.500e1
274.3	7.115e4
275.1	6.434e4
275.6	2.185e3
276.2	3.702e4
276.7	3.660e2
277.2	8.758e4
278.2	4.081e4
278.8	4.040e2
279.3	9.775e4
280.3	4.296e4
281.3	5.222e4
282.2	4.862e4
283.2	7.111e4
283.8	2.977e3
284.4	9.603e4
285.3	4.863e4
286.2	2.921e4
287.1	3.517e4
287.7	2.408e3
288.3	2.693e4
289.2	6.324e4
290.2	3.315e4
291.1	5.649e4
292.2	6.173e4
293.1	3.894e4
293.7	1.120e2
294.2	2.404e4
295.1	7.880e4
295.7	5.710e2
296.2	3.568e4
296.7	3.220e2
297.3	3.943e4
298.2	3.283e4
299.2	2.779e4
299.7	5.590e2
300.2	3.445e4
300.7	9.940e2
301.3	1.095e5
302.3	4.317e4
302.8	3.460e2
303.3	5.041e4
304.2	4.362e4
305.2	6.942e4
305.8	1.642e3
306.3	3.842e4
307.2	4.881e4
307.7	9.820e2
308.3	2.752e4
309.2	3.190e4
309.7	1.114e3
310.3	3.393e4
310.8	1.655e3
311.3	5.015e4
311.9	7.690e2
312.4	5.186e4
312.9	6.290e2
313.4	8.323e4
314.3	4.327e4
315.3	4.308e4
316.2	2.783e4
316.8	2.168e3
317.3	3.802e4
318.3	3.482e4
318.8	4.950e2
319.3	3.354e4
320.2	2.216e4
321.2	5.287e4
322.1	3.030e4
322.7	1.200e3
323.2	3.558e4
323.7	8.670e2
324.2	4.158e4
324.8	2.606e3
325.4	7.856e4
326.3	5.539e4
327.2	5.093e4
328.2	3.063e4
329.0	4.812e4
329.6	8.959e3
330.2	4.376e4
330.8	3.349e3
331.4	2.300e5
332.3	8.056e4
333.3	5.575e4
334.2	5.982e4
334.7	7.570e2
335.3	4.169e4
336.3	3.436e4
336.8	1.760e2
337.3	5.279e4
338.3	5.931e4
338.9	5.310e2
339.4	8.781e4
340.3	3.915e4
340.9	1.016e3
341.4	1.101e5
342.3	5.543e4
343.2	4.472e4
344.2	3.852e4
344.7	6.860e2
345.3	3.838e4
345.8	3.680e2
346.3	2.949e4
346.8	7.790e2
347.3	5.198e4
348.3	3.917e4
349.2	8.836e4
350.2	4.433e4
350.7	3.290e2
351.2	4.518e4
352.2	3.489e4
352.8	2.144e3
353.3	9.244e4
354.2	1.371e5
354.8	3.610e3
355.3	1.252e5
356.3	4.571e4
357.2	5.967e4
357.8	1.330e3
358.3	5.215e4
358.8	3.963e3
359.4	3.049e5
360.4	1.066e5
361.4	5.009e4
362.3	2.827e4
363.1	1.162e5
364.1	3.174e4
364.7	2.142e3
365.3	6.562e4
366.2	3.454e4
366.7	1.382e3
367.3	3.744e4
367.8	4.940e2
368.3	3.530e4
368.9	1.244e3
369.5	2.600e5
370.0	1.301e3
370.5	8.645e4
371.4	4.394e4
372.3	4.099e4
373.2	4.254e4
373.8	2.215e3
374.4	3.495e4
375.3	5.375e4
376.3	3.430e4
377.2	6.107e4
378.1	2.842e4
378.9	6.243e4
379.9	6.095e4
380.6	1.240e4
381.3	1.884e5
382.3	6.168e4
382.9	7.910e2
383.4	1.254e5
384.4	4.948e4
385.4	4.309e4
386.3	3.184e4
386.8	1.072e3
387.4	5.825e4
388.3	3.039e4
389.3	3.711e4
390.3	3.124e4
390.8	1.509e3
391.4	5.966e4
392.3	3.809e4
392.9	1.326e3
393.4	6.588e4
393.9	7.670e2
394.4	7.208e4
395.3	4.827e4
396.2	2.799e4
396.9	5.150e3
397.5	6.766e4
398.4	3.718e4
399.4	9.164e4
400.4	4.159e4
401.1	1.608e4
401.8	1.031e5
402.7	3.805e4
403.4	2.131e4
404.3	2.914e4
404.9	2.838e3
405.4	4.786e4
406.4	3.016e4
407.3	3.753e4
407.8	1.163e3
408.4	6.646e4
409.3	1.320e5
410.2	5.337e4
410.8	5.830e2
411.3	4.308e4
411.9	3.180e3
412.4	4.207e4
412.9	2.250e3
413.5	1.933e5
414.0	1.219e3
414.5	6.305e4
415.5	5.327e4
416.5	1.341e5
417.3	7.236e4
418.4	3.044e4
419.4	3.723e4
420.4	2.931e4
421.2	5.987e4
421.8	7.520e2
422.3	3.845e4
422.9	7.150e3
423.6	1.776e5
424.4	6.939e4
425.3	4.904e4
426.0	5.728e3
426.6	3.234e4
427.5	1.489e5
428.4	4.784e4
429.3	6.750e4
429.9	3.790e3
430.5	1.053e5
431.2	1.873e5
432.1	6.300e4
432.7	1.258e3
433.2	3.529e4
433.8	5.466e3
434.5	4.208e4
435.4	5.163e4
436.3	5.736e4
436.9	7.877e3
437.5	8.177e4
438.5	2.032e5
439.3	7.760e4
440.3	2.665e4
440.9	4.114e3
441.5	1.025e5
442.5	6.108e4
443.4	1.248e5
443.9	4.498e3
444.5	5.023e4
445.0	4.706e3
445.6	2.395e5
446.6	7.914e4
447.5	3.258e4
448.5	3.151e4
449.0	9.210e2
449.5	8.881e4
450.4	5.179e4
451.3	8.063e4
451.9	5.547e3
452.6	1.854e5
453.5	1.249e5
454.4	6.700e4
455.4	5.525e4
456.0	1.183e3
456.5	5.578e4
457.5	1.745e5
458.5	6.786e4
459.0	1.865e3
459.6	1.091e5
460.1	4.048e3
460.6	2.238e5
461.5	7.890e4
462.3	2.625e4
462.9	3.232e3
463.4	5.035e4
464.1	1.098e4
464.7	1.219e5
465.6	7.202e4
466.5	7.818e4
467.1	7.194e3
467.6	2.774e5
468.5	7.540e4
469.1	1.006e4
469.7	7.361e4
470.6	3.092e4
471.6	1.935e5
472.1	9.300e2
472.7	9.845e4
473.6	5.974e4
474.1	3.370e3
474.6	1.877e5
475.5	1.337e5
476.3	7.178e4
477.3	3.258e4
478.0	7.332e3
478.6	6.280e4
479.5	1.023e5
480.5	9.559e4
481.5	1.181e5
482.1	4.438e3
482.6	2.319e5
483.5	8.040e4
484.5	3.357e4
485.0	1.420e3
485.6	1.231e5
486.5	7.210e4
487.4	1.602e5
487.9	9.507e3
488.5	6.418e4
489.1	4.179e3
489.7	2.859e5
490.5	9.068e4
491.3	4.400e4
491.9	1.483e3
492.4	2.600e4
493.3	3.766e4
494.1	9.416e4
494.8	1.371e4
495.4	1.354e5
496.0	4.936e3
496.6	2.514e5
497.4	1.555e5
498.3	5.850e4
499.2	1.188e5
499.8	1.202e4
500.5	6.685e4
501.0	6.170e3
501.6	2.004e5
502.6	9.392e4
503.1	1.230e3
503.6	1.096e5
504.1	3.958e3
504.7	2.475e5
505.5	7.533e4
506.4	3.058e4
507.0	3.850e3
507.6	5.306e4
508.4	3.378e4
509.2	1.222e5
509.8	2.281e4
510.5	8.439e4
511.1	1.768e4
511.7	3.251e5
512.6	7.698e4
513.5	5.181e4
514.0	2.121e3
514.5	3.499e4
515.1	1.275e3
515.6	2.070e5
516.1	3.084e3
516.6	1.194e5
517.6	5.003e4
518.1	2.503e3
518.6	2.291e5
519.5	1.283e5
520.4	5.709e4
521.0	2.686e3
521.5	2.947e4
522.5	5.114e4
523.3	8.654e4
524.3	1.049e5
525.0	1.384e4
525.6	1.313e5
526.6	2.398e5
527.4	1.076e5
528.3	4.776e4
528.9	7.479e3
529.6	1.316e5
530.6	7.681e4
531.4	1.535e5
532.0	7.240e3
532.5	7.418e4
533.1	7.453e3
533.7	2.525e5
534.5	7.976e4
535.4	3.404e4
536.4	3.664e4
536.9	6.730e2
537.4	5.207e4
538.2	1.169e5
539.2	6.051e4
539.9	2.057e4
540.7	1.888e5
541.6	1.167e5
542.4	5.047e4
543.4	1.289e5
544.0	3.102e3
544.5	7.010e4
545.1	3.330e3
545.6	1.980e5
546.5	8.882e4
547.1	5.624e3
547.6	9.482e4
548.6	1.761e5
549.5	6.286e4
550.4	2.997e4
551.0	7.200e3
551.7	5.145e4
552.4	2.009e4
553.0	8.514e4
553.7	3.100e4
554.5	7.978e4
555.1	5.330e3
555.7	2.244e5
556.5	8.555e4
557.4	4.737e4
558.0	3.485e3
558.5	3.189e4
559.1	1.920e3
559.6	1.920e5
560.6	1.226e5
561.6	5.727e4
562.2	4.144e3
562.7	1.644e5
563.6	8.789e4
564.5	4.717e4
565.5	2.369e4
566.0	1.271e3
566.5	3.275e4
567.4	9.917e4
567.9	3.224e3
568.4	7.906e4
569.0	6.259e3
569.6	9.082e4
570.2	4.726e3
570.7	1.658e5
571.6	5.644e4
572.5	2.214e4
573.1	1.878e3
573.6	1.106e5
574.6	7.235e4
575.5	1.285e5
576.0	1.611e3
576.6	5.261e4
577.5	1.981e5
578.3	1.042e5
579.3	4.381e4
580.0	8.357e3
580.7	2.350e4
581.6	4.600e4
582.6	5.782e4
583.5	4.072e4
584.1	6.983e3
584.7	1.437e5
585.7	8.943e4
586.5	3.395e4
587.1	2.762e3
587.6	5.218e4
588.7	3.919e4
589.6	1.495e5
590.6	7.078e4
591.6	6.441e4
592.1	2.716e3
592.7	1.237e5
593.6	4.067e4
594.4	2.816e4
595.0	2.855e3
595.6	3.810e4
596.6	4.423e4
597.5	5.754e4
598.0	2.652e3
598.6	4.675e4
599.1	7.100e2
599.7	1.387e5
600.5	6.713e4
601.5	3.812e4
602.0	3.870e2
602.5	2.388e4
603.1	2.898e3
603.7	1.497e5
604.2	1.660e2
604.7	8.398e4
605.2	1.718e3
605.7	5.966e4
606.3	2.351e3
606.8	9.929e4
607.7	5.552e4
608.5	2.683e4
609.1	5.230e2
609.6	2.648e4
610.1	6.910e2
610.6	2.686e4
611.6	4.221e4
612.5	4.499e4
613.1	5.440e3
613.7	4.330e4
614.7	8.864e4
615.5	4.469e4
616.4	2.657e4
617.0	4.007e3
617.6	9.587e4
618.7	5.441e4
619.6	9.433e4
620.6	4.171e4
621.2	4.286e3
621.7	9.845e4
622.6	3.818e4
623.5	2.107e4
624.2	4.698e3
624.9	1.862e4
625.8	4.466e4
626.7	3.697e4
627.5	2.988e4
628.1	3.032e3
628.7	7.140e4
629.7	5.791e4
630.6	2.087e4
631.6	5.129e4
632.2	3.132e3
632.7	3.594e4
633.7	1.087e5
634.2	2.020e3
634.8	7.625e4
635.7	4.630e4
636.7	6.838e4
637.6	3.658e4
638.5	1.636e4
639.1	1.105e3
639.6	2.313e4
640.6	2.148e4
641.5	4.439e4
642.0	3.922e3
642.6	3.534e4
643.2	1.891e3
643.7	8.284e4
644.5	3.903e4
645.5	3.062e4
646.1	2.321e3
646.6	2.255e4
647.2	1.263e3
647.7	1.338e5
648.2	3.090e2
648.7	7.023e4
649.7	3.609e4
650.2	3.369e3
650.8	4.249e4
651.8	4.006e4
652.7	1.616e4
653.2	5.670e2
653.7	1.499e4
654.3	5.250e2
654.8	1.733e4
655.6	4.418e4
656.6	3.622e4
657.2	3.594e3
657.8	3.678e4
658.3	8.050e2
658.8	5.326e4
659.7	3.037e4
660.2	1.901e3
660.8	2.205e4
661.7	8.836e4
662.2	1.431e3
662.7	5.160e4
663.7	1.540e5
664.2	8.170e2
664.7	7.566e4
665.2	1.398e3
665.7	5.412e4
666.6	1.986e4
667.5	2.302e4
668.4	1.587e4
669.1	1.545e3
669.6	2.638e4
670.5	3.535e4
671.5	2.675e4
672.1	3.579e3
672.8	4.613e4
673.8	4.582e4
674.7	1.889e4
675.7	4.912e4
676.2	3.230e2
676.8	2.843e4
677.7	1.050e5
678.7	5.338e4
679.2	9.150e2
679.7	3.283e4
680.7	3.076e4
681.4	6.461e3
682.1	1.831e4
682.9	7.863e3
683.7	2.160e4
684.7	1.940e4
685.6	5.987e5
686.7	3.167e5
687.7	1.147e5
688.6	3.904e4
689.6	3.135e4
690.6	1.662e4
691.2	1.589e3
691.7	1.206e5
692.2	3.050e2
692.7	6.774e4
693.7	3.211e4
694.3	8.730e2
694.8	3.283e4
695.7	2.306e4
696.6	1.375e4
697.1	8.370e2
697.7	1.568e4
698.7	1.509e4
699.6	2.571e4
700.5	3.925e4
701.1	3.079e3
701.7	5.524e4
702.3	1.327e3
702.8	6.159e4
703.7	4.177e4
704.7	2.118e4
705.2	9.850e2
705.8	8.733e4
706.7	4.383e4
707.6	6.349e4
708.2	1.573e3
708.7	1.134e5
709.8	7.403e4
710.7	2.945e4
711.7	1.712e4
712.7	1.663e4
713.7	3.010e4
714.6	2.558e4
715.5	2.115e4
716.1	3.881e3
716.8	3.384e4
717.7	2.183e4
718.7	1.713e4
719.7	4.632e4
720.7	2.765e4
721.7	9.925e4
722.2	9.050e2
722.7	5.466e4
723.3	5.050e2
723.8	4.109e4
724.6	2.752e4
725.5	3.693e4
726.1	1.855e3
726.6	1.250e5
727.7	8.006e4
728.2	2.420e2
728.7	4.112e4
729.6	2.406e4
730.2	3.016e3
730.8	3.036e4
731.3	1.060e2
731.8	3.068e4
732.8	1.829e4
733.7	2.599e4
734.3	9.100e2
734.8	2.296e4
735.7	1.031e5
736.3	7.300e2
736.8	6.348e4
737.7	2.721e4
738.3	2.708e3
738.9	2.849e4
739.6	5.517e3
740.2	1.545e4
741.2	9.921e3
742.1	2.387e4
743.0	1.093e4
743.8	2.447e4
744.3	1.008e3
744.9	2.509e4
745.8	2.442e4
746.8	2.288e4
747.8	2.065e4
748.7	1.797e4
749.7	8.165e4
750.8	5.103e4
751.3	7.470e2
751.8	4.785e4
752.7	2.246e4
753.7	3.933e4
754.2	9.710e2
754.7	3.046e4
755.7	1.321e4
756.2	1.404e3
756.8	1.488e4
757.3	8.100e1
757.8	2.340e4
758.3	2.310e2
758.8	2.323e4
759.8	1.879e4
760.3	9.930e2
760.9	3.073e4
761.8	1.961e4
762.8	1.414e4
763.7	3.485e4
764.8	2.455e4
765.8	7.096e4
766.8	3.947e4
767.8	2.139e4
768.6	1.176e4
769.4	2.053e4
770.3	1.113e4
771.0	3.433e4
771.9	1.652e4
772.7	7.262e3
773.4	1.938e4
774.1	5.113e3
774.8	2.445e4
775.3	1.760e2
775.8	1.917e4
776.8	1.430e4
777.4	8.120e2
777.9	1.954e4
778.8	1.374e4
779.8	7.859e4
780.3	6.890e2
780.8	4.746e4
781.8	2.462e4
782.3	2.160e2
782.9	1.773e4
783.4	4.750e2
783.9	1.486e4
784.6	3.502e3
785.2	2.086e4
786.0	7.734e3
786.8	1.962e4
787.8	1.718e4
788.8	1.727e4
789.4	4.445e3
790.1	2.390e4
790.7	1.776e3
791.3	3.871e4
791.8	4.800e2
792.4	2.107e4
793.1	7.468e3
793.8	5.713e4
794.8	3.846e4
795.8	3.288e4
796.6	1.079e4
797.3	2.298e4
798.0	1.748e3
798.6	1.486e4
799.6	1.056e4
800.6	1.668e4
801.6	1.331e4
802.5	1.983e4
803.1	4.972e3
803.8	2.160e4
804.3	2.715e3
804.9	2.225e4
805.8	1.262e4
806.8	1.365e4
807.8	3.535e4
808.3	9.050e2
808.8	2.260e4
809.8	5.935e4
810.8	2.774e4
811.9	1.902e4
812.9	1.283e4
813.6	7.068e3
814.6	1.226e4
815.1	3.990e2
815.7	1.130e4
816.3	3.148e3
817.0	1.323e4
817.8	1.017e4
818.7	2.247e4
819.7	2.239e4
820.6	1.297e4
821.2	2.133e3
821.8	1.556e4
822.8	1.456e4
823.8	5.903e4
824.8	3.090e4
825.8	1.947e4
826.3	1.960e3
826.9	9.379e3
827.9	1.132e4
828.8	4.033e3
829.5	1.342e4
830.3	5.978e3
831.2	1.487e4
832.0	7.770e3
832.8	1.437e4
833.8	2.004e4
834.3	7.460e2
834.8	1.213e4
835.8	1.910e4
836.3	1.534e3
836.9	1.244e4
837.9	4.347e4
838.4	2.200e1
838.9	3.445e4
839.9	2.340e4
840.7	1.189e4
841.5	1.344e4
842.4	1.444e4
843.2	5.298e3
843.9	1.316e4
844.9	1.058e4
845.7	1.283e4
846.7	9.842e3
847.6	2.251e4
848.2	1.593e3
848.9	1.725e4
849.8	1.059e4
850.8	8.037e3
851.8	2.368e4
852.3	9.780e2
852.9	1.243e4
853.8	3.312e4
854.4	3.190e2
854.9	2.483e4
855.4	1.960e2
855.9	2.110e4
856.8	1.207e4
857.3	5.500e1
857.8	1.205e4
858.4	9.720e2
859.0	1.309e4
859.5	1.740e2
860.0	1.324e4
860.8	5.333e3
861.7	1.129e4
862.2	8.350e2
862.8	1.710e4
863.4	2.327e3
864.1	1.124e4
864.6	2.970e2
865.1	1.294e4
866.0	1.008e4
866.9	1.381e4
867.9	4.093e4
868.4	3.880e2
868.9	2.303e4
869.5	2.850e2
870.0	1.567e4
870.6	2.743e3
871.3	1.082e4
872.1	5.898e3
872.9	8.584e3
873.8	1.164e4
874.7	5.623e3
875.5	1.480e4
876.1	4.340e3
876.8	1.419e4
877.5	2.991e3
878.1	1.743e4
879.0	1.371e4
880.0	9.212e3
880.9	1.362e4
881.9	2.840e4
882.4	4.030e2
882.9	2.070e4
883.8	1.318e4
884.6	1.595e4
885.1	3.160e2
885.6	1.264e4
886.2	4.910e2
886.8	1.170e4
887.4	3.597e3
888.1	1.103e4
888.9	4.040e3
889.7	9.876e3
890.6	7.419e3
891.5	1.172e4
892.1	3.119e3
892.7	1.377e4
893.4	2.111e3
893.9	1.260e4
894.9	1.049e4
895.8	2.002e4
896.4	1.664e3
897.0	1.173e4
897.9	2.764e4
898.9	1.600e4
899.8	1.414e4
900.4	3.400e2
900.9	8.039e3
901.9	7.491e3
902.8	6.215e3
903.7	1.170e4
904.6	1.412e4
905.3	3.611e3
906.0	1.116e4
906.6	3.580e2
907.1	2.176e4
908.1	1.093e4
908.9	5.488e3
909.7	1.115e4
910.7	1.057e4
911.4	1.546e3
911.9	2.893e4
912.5	7.170e2
913.0	1.944e4
914.0	1.091e4
914.7	2.291e3
915.4	9.918e3
916.3	5.310e3
916.9	1.541e3
917.5	1.090e4
918.5	1.001e4
919.3	3.118e3
920.1	8.209e3
920.9	9.433e3
921.9	9.464e3
922.8	9.966e3
923.8	8.748e3
924.8	6.507e3
925.4	1.756e3
926.0	2.029e4
926.9	1.710e4
927.9	1.332e4
928.8	1.116e4
929.4	2.529e3
930.1	9.750e3
930.8	3.070e3
931.5	9.084e3
932.4	1.058e4
933.2	4.344e3
934.0	1.002e4
935.0	1.056e4
935.9	9.977e3
936.8	9.054e3
937.7	1.246e4
938.3	2.103e3
939.0	7.737e3
939.9	1.509e4
940.9	1.047e4
941.9	2.082e4
942.5	1.750e3
943.1	1.476e4
944.0	9.457e3
945.0	9.148e3
945.9	1.085e4
946.5	1.154e3
947.1	7.302e3
948.1	6.390e3
948.6	4.870e2
949.2	1.226e4
950.0	6.286e3
950.5	1.530e2
951.0	9.800e3
951.6	2.800e2
952.1	9.317e3
953.0	9.808e3
953.5	5.700e1
954.0	7.171e3
955.0	7.333e3
955.9	2.365e4
956.9	1.610e4
957.4	2.910e2
957.9	1.273e4
958.7	3.781e3
959.4	8.266e3
960.4	1.162e4
961.3	9.164e3
961.9	1.131e3
962.5	8.974e3
963.2	2.895e3
963.9	1.003e4
964.9	7.261e3
965.4	1.280e2
965.9	1.148e4
966.9	8.387e3
967.9	9.498e3
968.9	7.804e3
969.9	1.857e4
970.5	1.009e3
971.1	1.354e4
972.0	1.192e4
973.0	7.941e3
973.6	1.647e3
974.3	7.426e3
975.2	1.466e4
976.0	7.188e3
977.0	7.341e3
977.9	8.516e3
978.8	6.403e3
979.8	1.084e4
980.5	4.050e3
981.3	9.622e3
982.2	8.306e3
983.0	4.738e3
983.7	1.171e4
984.7	1.370e4
985.2	2.399e3
985.9	1.542e4
986.9	9.985e3
987.5	2.041e3
988.1	1.021e4
989.0	5.271e3
989.8	7.814e3
990.7	7.457e3
991.7	7.762e3
992.7	9.174e3
993.3	9.580e2
993.9	7.303e3
994.4	3.560e2
994.9	9.711e3
995.5	1.137e3
996.0	8.840e3
997.0	7.259e3
997.9	6.607e3
998.9	9.432e3
999.9	1.688e4
1000.4	4.090e2
1000.9	1.132e4
1001.5	4.040e2
1002.0	9.939e3
1002.5	8.180e2
1003.1	9.388e3
1003.8	2.584e3
1004.5	7.098e3
1005.2	1.743e3
1005.9	9.107e3
1006.8	6.524e3
1007.7	9.290e3
1008.7	8.186e3
1009.3	5.050e2
1009.8	1.253e4
1010.7	4.451e3
1011.5	9.707e3
1012.3	2.912e3
1013.0	7.934e3
1014.0	1.989e4
1015.0	1.228e4
1016.0	1.593e4
1016.7	1.299e3
1017.2	1.186e4
1018.1	4.258e3
1019.0	8.811e3
1019.9	5.559e3
1020.4	3.030e2
1020.9	5.913e3
1021.9	6.263e3
1022.8	7.558e3
1023.8	7.779e3
1024.5	1.737e3
1025.1	7.748e3
1025.7	8.790e2
1026.4	8.330e3
1027.2	4.825e3
1028.0	1.284e4
1028.5	2.140e2
1029.0	1.019e4
1029.5	1.060e2
1030.0	1.601e4
1031.0	1.043e4
1032.0	7.652e3
1033.0	8.136e3
1034.0	7.504e3
1034.5	1.670e2
1035.0	1.049e4
1035.6	3.540e2
1036.1	7.349e3
1036.9	2.582e3
1037.7	9.178e3
1038.4	1.669e3
1039.1	1.148e4
1040.0	1.193e4
1040.7	3.377e3
1041.5	8.057e3
1042.2	3.673e3
1043.0	1.418e4
1043.6	7.000e2
1044.1	1.370e4
1044.9	5.830e3
1045.7	9.161e3
1046.2	1.660e2
1046.7	6.824e3
1047.3	2.840e2
1047.8	7.425e3
1048.8	8.614e3
1049.5	1.667e3
1050.1	6.962e3
1051.0	6.444e3
1051.6	2.570e2
1052.1	8.217e3
1053.0	8.184e3
1053.9	6.442e3
1054.8	9.228e3
1055.4	1.873e3
1056.1	1.296e4
1057.0	8.901e3
1057.6	2.846e3
1058.3	1.215e4
1059.1	6.143e3
1060.0	8.311e3
1060.9	8.594e3
1061.4	5.000e0
1061.9	6.951e3
1062.9	6.959e3
1063.4	1.330e2
1064.0	6.231e3
1064.9	6.974e3
1065.8	8.165e3
1066.4	7.300e1
1066.9	6.709e3
1067.8	7.472e3
1068.3	1.380e2
1068.9	8.555e3
1069.4	7.870e2
1069.9	5.233e3
1070.8	6.922e3
1071.3	3.430e2
1071.8	7.051e3
1072.7	1.075e4
1073.4	3.098e3
1074.1	8.519e3
1074.6	1.187e3
1075.2	8.117e3
1076.1	1.555e4
1076.6	1.350e2
1077.2	1.277e4
1078.1	1.045e4
1078.9	7.842e3
1079.7	3.600e3
1080.6	8.727e3
1081.5	8.638e3
1082.2	4.740e3
1082.9	9.417e3
1083.6	1.101e3
1084.2	6.689e3
1084.8	5.430e2
1085.3	6.595e3
1086.3	8.718e3
1087.2	4.554e3
1088.1	8.097e3
1089.0	1.058e4
1089.5	5.180e2
1090.1	7.941e3
1090.8	3.133e3
1091.4	6.951e3
1092.3	6.074e3
1093.3	5.906e3
1094.2	8.011e3
1095.0	3.071e3
1095.8	5.279e3
1096.7	5.621e3
1097.6	8.696e3
1098.2	2.730e2
1098.7	5.532e3
1099.4	2.420e3
1100.2	9.670e3
1100.7	1.520e2
1101.2	5.820e3
1102.2	8.918e3
1103.1	7.717e3
1103.7	9.680e2
1104.2	1.051e4
1105.2	5.541e3
1106.1	3.648e3
1106.9	6.433e3
1107.4	2.690e2
1108.0	7.162e3
1108.5	7.600e2
1109.2	8.446e3
1110.1	5.055e3
1111.1	1.294e4
1111.7	9.630e2
1112.3	8.915e3
1112.9	7.160e2
1113.5	6.964e3
1114.0	4.340e2
1114.6	7.924e3
1115.4	5.485e3
1116.2	1.020e4
1117.0	3.098e3
1117.8	7.551e3
1118.3	3.350e2
1118.9	7.402e3
1119.5	1.106e3
1120.2	8.664e3
1121.1	6.436e3
1122.1	7.213e3
1123.0	4.338e3
1124.0	8.093e3
1124.6	1.600e3
1125.2	5.945e3
1126.2	6.840e3
1127.2	5.796e3
1128.2	1.077e4
1129.2	6.411e3
1129.9	8.810e2
1130.5	8.328e3
1131.3	3.587e3
1132.1	9.555e3
1132.7	1.416e3
1133.3	9.318e3
1134.1	3.192e3
1135.0	7.265e3
1135.5	1.590e2
1136.0	6.287e3
1136.6	4.070e2
1137.2	6.858e3
1138.0	5.769e3
1138.8	1.306e3
1139.4	5.277e3
1140.3	8.680e3
1141.2	6.026e3
1142.1	7.140e3
1142.7	5.290e2
1143.3	8.244e3
1144.1	2.405e3
1144.8	6.188e3
1145.7	3.872e3
1146.4	6.126e3
1147.4	8.270e3
1148.0	5.130e2
1148.5	7.870e3
1149.1	5.570e2
1149.7	1.135e4
1150.6	7.443e3
1151.6	6.936e3
1152.6	7.435e3
1153.2	1.258e3
1153.8	7.159e3
1154.5	3.635e3
1155.3	7.357e3
1156.1	2.130e3
1156.8	9.050e3
1157.5	1.188e3
1158.0	1.729e4
1158.6	2.870e2
1159.1	1.684e4
1160.1	9.509e3
1161.0	7.865e3
1162.0	5.289e3
1162.9	6.641e3
1163.5	1.042e3
1164.2	7.333e3
1165.1	6.809e3
1166.1	7.346e3
1167.1	5.589e3
1167.9	3.351e3
1168.7	8.401e3
1169.5	2.997e3
1170.3	5.787e3
1170.8	7.900e1
1171.4	7.183e3
1171.9	7.000e0
1172.5	8.217e3
1173.2	3.013e3
1173.9	6.087e3
1174.5	3.260e2
1175.1	6.579e3
1175.8	2.594e3
1176.4	7.133e3
1176.9	1.400e2
1177.4	7.808e3
1178.3	3.915e3
1179.2	8.008e3
1180.2	5.458e3
1181.2	5.051e3
1182.1	4.756e3
1183.2	8.808e3
1184.1	5.832e3
1184.9	1.698e3
1185.6	8.508e3
1186.2	1.354e3
1186.8	6.304e3
1187.4	5.420e2
1188.0	6.585e3
1189.0	8.603e3
1189.6	2.210e2
1190.1	8.075e3
1191.1	6.562e3
1192.1	6.130e3
1193.1	4.819e3
1194.1	6.878e3
1195.0	4.429e3
1195.6	1.996e3
1196.4	7.163e3
1196.9	1.900e2
1197.4	6.736e3
1198.3	2.068e3
1199.0	8.028e3
1200.0	7.292e3
1200.6	7.100e2
1201.2	5.975e3
1201.8	1.860e3
1202.5	1.131e4
1203.0	6.720e2
1203.6	6.255e3
1204.3	8.670e2
1204.9	7.566e3
1205.4	6.940e2
1206.0	6.273e3
1206.5	1.940e2
1207.1	8.512e3
1207.9	3.163e3
1208.6	7.497e3
1209.4	2.477e3
1210.1	5.565e3
1211.0	4.343e3
1211.8	7.518e3
1212.6	4.335e3
1213.6	6.781e3
1214.1	7.240e2
1214.7	4.303e3
1215.2	2.000e2
1215.9	6.035e3
1216.5	1.650e2
1217.0	5.841e3
1217.9	7.215e3
1218.8	7.256e3
1219.4	2.020e2
1219.9	6.996e3
1220.5	1.450e2
1221.0	7.038e3
1222.0	6.263e3
1222.5	2.670e2
1223.0	5.563e3
1223.7	1.554e3
1224.4	6.182e3
1225.3	6.014e3
1226.2	3.031e3
1227.2	5.697e3
1227.8	1.543e3
1228.4	7.355e3
1229.4	5.204e3
1230.3	6.231e3
1231.0	2.020e3
1231.7	7.205e3
1232.7	5.873e3
1233.7	4.113e3
1234.7	6.925e3
1235.2	2.350e2
1235.8	5.709e3
1236.6	2.418e3
1237.4	5.495e3
1238.3	4.320e3
1239.2	5.992e3
1239.8	8.830e2
1240.5	4.918e3
1241.1	1.290e2
1241.6	4.786e3
1242.4	2.982e3
1243.2	6.998e3
1244.2	3.857e3
1245.1	5.443e3
1245.9	2.264e3
1246.6	4.208e3
1247.5	6.836e3
1248.3	4.719e3
1248.9	6.100e2
1249.5	5.287e3
1250.1	1.587e3
1250.7	9.402e3
1251.3	1.506e3
1252.0	6.594e3
1252.9	3.973e3
1253.7	6.039e3
1254.5	1.778e3
1255.2	4.220e3
1256.0	7.428e3
1257.0	5.100e3
1258.0	5.487e3
1258.7	1.071e3
1259.3	6.184e3
1259.9	2.260e2
1260.4	5.543e3
1261.1	1.867e3
1261.8	6.796e3
1262.4	7.950e2
1263.0	4.697e3
1263.5	6.070e2
1264.1	7.000e3
1264.7	8.600e1
1265.2	5.430e3
1265.8	1.760e3
1266.6	4.143e3
1267.4	5.176e3
1268.3	3.069e3
1269.1	5.100e3
1269.8	6.080e2
1270.3	4.795e3
1271.2	6.860e3
1271.8	8.170e2
1272.3	8.046e3
1273.0	1.387e3
1273.7	5.265e3
1274.6	5.587e3
1275.4	3.067e3
1276.3	5.084e3
1277.1	2.188e3
1277.8	6.406e3
1278.7	3.553e3
1279.6	6.389e3
1280.1	8.900e2
1280.7	6.410e3
1281.7	5.905e3
1282.5	3.242e3
1283.3	6.118e3
1284.1	2.376e3
1284.8	4.675e3
1285.3	7.170e2
1285.9	7.605e3
1286.7	3.844e3
1287.6	2.929e3
1288.5	4.474e3
1289.4	5.402e3
1290.5	6.262e3
1291.0	3.500e1
1291.5	4.304e3
1292.4	6.106e3
1293.3	4.781e3
1294.1	6.992e3
1295.1	4.430e3
1295.6	1.310e2
1296.1	7.442e3
1296.7	1.878e3
1297.4	6.314e3
1298.1	1.062e3
1298.7	6.373e3
1299.4	1.964e3
1300.2	4.779e3
1301.2	8.645e3
1302.1	7.015e3
1302.8	2.040e3
1303.5	5.723e3
1304.1	1.510e2
1304.6	6.154e3
1305.2	9.650e2
1305.9	4.045e3
1306.8	4.085e3
1307.4	8.820e2
1308.1	6.233e3
1309.1	5.374e3
1310.0	5.574e3
1310.7	1.859e3
1311.4	4.832e3
1312.2	3.942e3
1312.9	2.338e3
1313.6	5.555e3
1314.6	7.171e3
1315.2	1.052e3
1315.8	5.931e3
1316.5	2.930e3
1317.3	5.362e3
1317.9	4.450e2
1318.4	5.356e3
1319.0	5.150e2
1319.5	6.484e3
1320.4	4.086e3
1321.0	1.150e3
1321.6	4.660e3
1322.6	5.477e3
1323.3	3.926e3
1324.3	4.911e3
1325.0	2.876e3
1325.8	5.991e3
1326.4	7.500e2
1326.9	4.035e3
1327.8	8.429e3
1328.8	4.678e3
1329.6	2.556e3
1330.4	5.089e3
1331.1	1.320e3
1331.7	5.964e3
1332.7	4.488e3
1333.7	7.302e3
1334.3	1.450e3
1334.9	6.655e3
1335.6	1.536e3
1336.3	7.034e3
1337.0	1.504e3
1337.7	6.060e3
1338.5	2.539e3
1339.4	4.261e3
1340.4	5.132e3
1341.3	6.809e3
1342.0	1.477e3
1342.7	4.207e3
1343.3	7.650e2
1343.9	6.112e3
1344.6	2.117e3
1345.3	6.554e3
1346.2	4.189e3
1346.8	3.370e2
1347.3	5.226e3
1348.2	5.229e4
1348.7	7.460e2
1349.2	5.137e4
1349.7	3.480e2
1350.2	2.761e4
1351.2	1.294e4
1351.8	1.583e3
1352.4	6.874e3
1353.0	5.400e2
1353.6	5.009e3
1354.2	1.667e3
1355.0	5.220e3
1355.9	4.426e3
1356.6	2.303e3
1357.3	4.416e3
1358.0	1.213e3
1358.7	3.732e3
1359.5	2.238e3
1360.2	5.964e3
1361.1	4.476e3
1361.9	4.824e3
1362.8	3.460e3
1363.7	7.361e3
1364.7	5.021e3
1365.5	6.533e3
1366.1	1.241e3
1366.8	5.994e3
1367.5	1.592e3
1368.2	6.722e3
1369.1	3.135e3
1370.0	4.701e3
1370.9	4.557e3
1371.9	5.156e3
1372.6	2.907e3
1373.4	7.738e3
1374.0	6.130e2
1374.6	3.623e3
1375.5	5.085e3
1376.3	2.828e3
1377.2	5.469e3
1378.0	3.373e3
1378.9	5.516e3
1379.6	1.396e3
1380.2	5.954e3
1381.1	3.356e3
1382.0	4.787e3
1382.5	1.590e2
1383.1	5.999e3
1383.7	5.650e2
1384.3	5.403e3
1385.0	1.746e3
1385.7	4.863e3
1386.6	3.784e3
1387.6	3.164e3
1388.2	1.970e2
1388.7	5.308e3
1389.2	4.630e2
1389.8	5.187e3
1390.8	5.090e3
1391.4	3.590e2
1391.9	5.438e3
1392.8	4.419e3
1393.6	2.104e3
1394.3	6.308e3
1395.1	2.673e3
1395.9	4.395e3
1396.8	6.492e3
1397.7	3.784e3
1398.6	6.169e3
1399.2	4.780e2
1399.7	4.423e3
1400.3	4.530e2
1400.8	5.331e3
1401.8	3.228e3
1402.6	4.826e3
1403.3	1.261e3
1403.9	6.254e3
1404.9	3.909e3
1405.7	4.610e3
1406.7	6.010e3
1407.6	2.435e3
1408.4	4.299e3
1409.0	1.780e2
1409.5	3.931e3
1410.4	4.184e3
1411.0	2.310e2
1411.5	4.201e3
1412.5	6.303e3
1413.4	2.090e3
1414.2	2.631e3
1415.1	4.997e3
1416.1	3.862e3
1416.6	8.200e1
1417.1	4.566e3
1418.1	2.465e3
1418.9	3.399e3
1419.7	1.440e3
1420.5	4.429e3
1421.4	2.241e3
1422.3	6.200e3
1423.1	2.408e3
1424.0	6.164e3
1424.7	1.437e3
1425.4	5.463e3
1426.4	4.594e3
1427.1	1.550e3
1427.8	4.919e3
1428.7	4.572e3
1429.6	3.528e3
1430.4	6.065e3
1431.5	5.415e3
1432.4	3.271e3
1433.4	4.861e3
1434.0	3.850e2
1434.5	4.806e3
1435.5	4.092e3
1436.3	1.856e3
1437.0	6.239e3
1437.5	7.600e1
1438.0	5.475e3
1438.5	1.170e2
1439.0	5.336e3
1439.9	2.847e3
1440.7	2.425e3
1441.4	4.469e3
1442.4	4.581e3
1443.4	3.461e3
1444.3	3.091e3
1444.9	4.030e2
1445.5	2.824e3
1446.1	4.990e2
1446.6	5.754e3
1447.2	5.370e2
1447.8	5.715e3
1448.5	2.229e3
1449.3	5.049e3
1449.9	6.570e2
1450.5	2.602e3
1451.3	4.933e3
1452.0	2.790e3
1452.8	4.970e3
1453.5	2.031e3
1454.4	4.984e3
1455.0	1.480e3
1455.8	5.694e3
1456.5	1.579e3
1457.2	5.423e3
1457.7	4.100e1
1458.3	4.474e3
1459.0	1.611e3
1459.9	2.904e3
1460.9	4.243e3
1461.4	1.330e2
1461.9	4.075e3
1462.5	1.300e1
1463.0	5.253e3
1463.6	1.890e2
1464.2	4.671e3
1465.1	2.870e3
1466.0	4.866e3
1466.7	1.533e3
1467.4	4.221e3
1468.3	2.777e3
1469.1	5.620e3
1470.2	4.880e3
1471.0	4.171e3
1471.6	6.520e2
1472.2	6.305e3
1472.7	7.050e2
1473.3	3.440e3
1474.0	5.350e2
1474.6	3.465e3
1475.6	4.795e3
1476.2	6.900e1
1476.7	4.633e3
1477.6	2.307e3
1478.5	3.869e3
1479.4	3.369e3
1480.4	3.636e3
1481.3	3.890e3
1482.2	3.480e3
1483.1	3.493e3
1483.8	1.501e3
1484.5	4.296e3
1485.5	3.545e3
1486.4	2.730e3
1487.3	5.909e3
1488.3	5.151e3
1489.1	1.650e3
1489.8	5.143e3
1490.7	3.588e3
1491.5	4.500e3
1492.5	5.798e3
1493.4	4.006e3
1494.5	5.645e3
1495.4	4.348e3
1496.2	2.105e3
1497.0	5.004e3
1497.7	1.056e3
1498.3	4.846e3
1499.1	5.150e2
1499.7	4.738e3
1500.5	2.378e3
1501.5	3.616e3
1502.0	2.120e2
1502.5	4.570e3
1503.1	2.550e2
1503.7	3.911e3
1504.5	1.631e3
1505.2	4.643e3
1505.8	5.610e2
1506.4	4.146e3
1507.2	1.558e3
1508.0	5.346e3
1508.6	4.550e2
1509.2	5.014e3
1509.9	1.818e3
1510.8	3.767e3
1511.4	5.090e2
1512.0	4.085e3
1512.7	1.442e3
1513.4	4.143e3
1514.2	2.004e3
1515.0	4.089e3
1515.6	2.540e2
1516.1	3.976e3
1517.0	4.924e3
1518.0	3.145e3
1518.9	5.982e3
1519.8	3.775e3
1520.7	4.143e3
1521.3	6.960e2
1521.9	4.819e3
1522.8	2.858e3
1523.8	3.699e3
1524.6	4.204e3
1525.2	6.940e2
1525.8	3.313e3
1526.5	1.284e3
1527.3	3.975e3
1528.2	3.390e3
1529.1	4.039e3
1529.8	7.370e2
1530.5	3.807e3
1531.4	2.132e3
1532.3	6.369e3
1533.1	4.870e3
1533.6	1.610e2
1534.2	4.722e3
1534.8	2.480e2
1535.4	2.711e3
1536.3	3.659e3
1537.3	4.464e3
1537.8	9.300e1
1538.4	6.300e3
1538.9	1.860e2
1539.4	4.727e3
1540.3	2.045e3
1541.2	3.743e3
1541.7	7.500e1
1542.2	4.758e3
1542.9	9.370e2
1543.6	2.338e3
1544.5	5.174e3
1545.1	3.740e2
1545.6	3.396e3
1546.6	2.900e3
1547.5	4.685e3
1548.6	4.165e3
1549.3	2.773e3
1550.1	4.787e3
1551.0	5.677e3
1551.9	2.804e3
1552.6	5.050e2
1553.2	3.441e3
1554.2	4.627e3
1554.9	1.004e3
1555.6	4.544e3
1556.5	2.519e3
1557.1	8.270e2
1557.6	3.510e3
1558.4	4.654e3
1559.4	3.505e3
1560.4	5.280e3
1561.2	1.221e3
1561.9	4.564e3
1562.9	5.134e3
1563.9	2.560e3
1564.5	3.130e2
1565.1	3.063e3
1565.7	1.930e2
1566.3	4.086e3
1566.9	2.850e2
1567.4	4.377e3
1567.9	8.800e1
1568.5	3.047e3
1569.2	5.830e2
1569.8	3.466e3
1570.8	2.778e3
1571.4	9.700e2
1572.1	5.221e3
1573.1	4.786e3
1573.6	5.440e2
1574.2	4.137e3
1574.9	5.290e2
1575.5	3.646e3
1576.4	3.839e3
1577.4	2.676e3
1578.3	4.922e3
1579.0	3.190e2
1579.6	3.891e3
1580.2	1.210e3
1580.9	4.678e3
1581.4	2.080e2
1582.0	4.752e3
1582.6	2.480e2
1583.2	4.159e3
1583.8	5.490e2
1584.4	4.478e3
1585.3	2.729e3
1586.3	2.845e3
1587.2	4.666e3
1588.0	2.032e3
1589.0	3.735e3
1589.6	2.270e2
1590.1	2.621e3
1590.7	7.460e2
1591.4	3.915e3
1591.9	1.150e2
1592.4	3.903e3
1593.1	1.079e3
1593.8	3.480e3
1594.5	4.770e2
1595.1	4.369e3
1596.3	3.268e3
1597.2	3.214e3
1597.8	5.300e1
1598.3	5.105e3
1598.9	7.110e2
1599.5	4.439e3
1600.4	3.533e3
1600.9	5.300e1
1601.5	3.297e3
1602.4	4.745e3
1603.4	3.881e3
1604.3	5.879e3
1605.0	7.440e2
1605.7	4.154e3
1606.4	7.770e2
1607.0	3.896e3
1607.9	1.188e3
1608.5	2.853e3
1609.1	1.200e2
1609.7	3.563e3
1610.5	1.536e3
1611.4	3.748e3
1612.1	1.388e3
1612.9	3.816e3
1613.8	2.996e3
1614.5	6.070e2
1615.2	5.426e3
1615.9	7.820e2
1616.7	4.369e3
1617.2	1.009e3
1617.8	3.752e3
1618.8	3.904e3
1619.8	2.871e3
1620.4	1.580e2
1620.9	3.019e3
1621.5	3.210e2
1622.1	3.092e3
1623.1	4.580e3
1623.7	2.340e2
1624.3	4.281e3
1625.2	2.674e3
1626.1	4.822e3
1626.8	1.285e3
1627.5	3.607e3
1628.4	3.174e3
1629.0	3.620e2
1629.6	3.774e3
1630.6	3.411e3
1631.2	3.160e2
1631.8	3.260e3
1632.3	4.500e1
1632.8	4.818e3
1633.8	3.085e3
1634.5	7.140e2
1635.1	2.369e3
1635.7	2.640e2
1636.3	3.342e3
1636.9	3.320e2
1637.5	3.341e3
1638.2	1.910e3
1639.0	3.699e3
1639.5	2.120e2
1640.1	4.236e3
1640.9	2.093e3
1641.6	3.512e3
1642.5	2.963e3
1643.5	3.740e3
1644.1	8.500e1
1644.6	5.358e3
1645.5	1.507e3
1646.4	2.887e3
1647.0	8.440e2
1647.6	4.471e3
1648.1	2.090e2
1648.6	3.395e3
1649.6	3.407e3
1650.3	1.960e3
1651.1	2.563e3
1652.2	3.770e3
1652.8	7.290e2
1653.4	3.330e3
1654.4	1.564e3
1655.3	4.629e3
1656.0	1.078e3
1656.9	3.182e3
1657.9	3.181e3
1658.7	1.933e3
1659.4	4.019e3
1659.9	1.210e2
1660.5	3.659e3
1661.1	1.060e2
1661.6	2.771e3
1662.4	2.665e3
1663.4	4.664e3
1664.0	2.350e2
1664.5	2.063e3
1665.5	3.339e3
1666.0	5.200e1
1666.6	4.799e3
1667.6	3.004e3
1668.5	4.167e3
1669.3	1.875e3
1670.1	2.831e3
1671.0	4.780e3
1671.8	1.741e3
1672.6	3.363e3
1673.5	3.420e3
1674.3	1.247e3
1675.0	2.736e3
1675.6	1.580e2
1676.1	4.392e3
1677.0	1.293e3
1677.8	4.230e3
1678.4	3.200e1
1678.9	3.138e3
1679.6	1.413e3
1680.3	3.970e3
1681.2	2.702e3
1682.2	3.748e3
1682.8	8.400e2
1683.7	2.721e3
1684.5	2.816e3
1685.4	3.140e3
1686.0	6.800e1
1686.6	2.483e3
1687.6	3.433e3
1688.2	7.810e2
1689.0	2.698e3
1689.5	3.280e2
1690.1	3.444e3
1690.6	5.100e1
1691.1	3.690e3
1692.1	3.540e3
1692.7	4.040e2
1693.5	5.843e3
1694.4	3.837e3
1695.3	2.485e3
1696.1	4.286e3
1696.9	2.495e3
1697.5	1.120e2
1698.0	2.695e3
1698.9	4.008e3
1699.7	1.755e3
1700.6	3.659e3
1701.2	2.170e2
1701.8	4.017e3
1702.7	3.353e3
1703.4	1.046e3
1704.0	3.755e3
1704.8	1.453e3
1705.5	3.550e3
1706.4	2.358e3
1707.4	4.854e3
1708.4	3.294e3
1709.3	3.649e3
1710.3	2.653e3
1711.0	7.600e1
1711.5	4.089e3
1712.5	2.841e3
1713.3	3.429e3
1713.9	5.230e2
1714.5	3.089e3
1715.6	3.505e3
1716.4	1.490e3
1717.2	2.934e3
1718.1	2.151e3
1719.0	1.798e3
1719.8	3.644e3
1720.7	1.325e3
1721.4	2.734e3
1722.3	4.850e3
1723.2	1.423e3
1723.9	3.881e3
1724.7	1.594e3
1725.4	2.395e3
1726.0	2.010e2
1726.6	3.227e3
1727.2	1.038e3
1728.0	3.213e3
1729.0	2.838e3
1729.9	4.541e3
1730.5	5.510e2
1731.2	2.494e3
1731.7	8.300e1
1732.3	3.347e3
1733.2	5.437e3
1734.1	3.006e3
1734.6	2.070e2
1735.4	1.875e3
1735.9	1.220e2
1736.4	2.148e3
1737.1	4.460e2
1737.8	3.629e3
1738.7	1.870e3
1739.6	4.404e3
1740.2	6.100e1
1740.7	3.199e3
1741.2	7.550e2
1741.9	2.585e3
1742.6	4.830e2
1743.3	3.439e3
1743.9	1.149e3
1744.6	4.474e3
1745.5	2.084e3
1746.3	4.718e3
1746.9	4.960e2
1747.5	3.845e3
1748.3	7.810e2
1749.1	1.327e3
1749.9	2.747e3
1750.9	3.486e3
1751.7	1.115e3
1752.5	3.765e3
1753.1	5.090e2
1753.7	3.258e3
1754.6	1.698e3
1755.5	2.872e3
1756.4	3.665e3
1757.0	4.450e2
1757.6	3.489e3
1758.4	1.214e3
1759.4	3.603e3
1760.4	3.398e3
1761.3	2.677e3
1761.9	1.080e2
1762.4	3.246e3
1763.3	1.495e3
1764.0	3.340e3
1764.6	5.700e1
1765.1	4.760e3
1765.9	1.073e3
1766.5	2.913e3
1767.4	2.335e3
1768.3	3.894e3
1769.0	9.390e2
1769.7	1.761e3
1770.5	3.679e3
1771.5	3.007e3
1772.4	3.297e3
1773.3	2.240e3
1773.9	2.270e2
1774.5	3.508e3
1775.1	2.110e2
1775.7	2.121e3
1776.7	3.993e3
1777.3	2.450e2
1777.8	3.148e3
1778.4	3.280e2
1778.9	2.446e3
1779.5	5.060e2
1780.2	2.297e3
1781.2	1.181e3
1782.0	3.643e3
1782.6	4.980e2
1783.2	2.309e3
1784.1	3.731e3
1784.7	7.550e2
1785.2	2.617e3
1786.3	1.909e3
1787.2	2.123e3
1787.8	6.110e2
1788.5	2.789e3
1789.3	2.059e3
1790.2	2.948e3
1791.1	2.332e3
1791.9	1.142e3
1792.6	2.732e3
1793.5	2.675e3
1794.4	1.801e3
1795.3	3.392e3
1796.1	1.632e3
1797.0	2.728e3
1797.7	3.850e2
1798.4	2.134e3
1798.9	6.700e1
1799.5	3.086e3
1800.5	2.937e3
1801.4	1.929e3
1802.4	2.482e3
1803.4	2.433e3
1804.0	4.030e2
1804.7	2.880e3
1805.4	2.550e2
1806.0	2.999e3
1806.7	2.520e2
1807.3	1.720e3
1808.0	3.010e2
1808.6	2.363e3
1809.1	3.570e2
1809.7	4.695e3
1810.8	2.972e3
1811.4	8.100e1
1811.9	2.685e3
1813.0	5.174e3
1813.9	1.958e3
1814.8	2.780e3
1815.8	1.988e3
1816.7	2.820e3
1817.3	6.100e1
1817.8	2.448e3
1818.7	3.842e3
1819.7	2.224e3
1820.6	2.674e3
1821.4	9.850e2
1822.3	2.550e3
1823.1	1.694e3
1823.9	3.323e3
1824.4	2.470e2
1824.9	3.355e3
1825.6	3.730e2
1826.2	2.846e3
1827.0	1.768e3
1827.8	2.916e3
1828.8	3.847e3
1829.4	2.150e2
1830.0	3.163e3
1830.9	2.663e3
1831.9	2.422e3
1832.5	4.280e2
1833.2	3.588e3
1833.8	1.120e2
1834.3	2.016e3
1835.1	1.298e3
1835.9	2.997e3
1836.5	5.020e2
1837.2	1.988e3
1837.9	5.230e2
1838.6	2.698e3
1839.5	1.969e3
1840.4	2.540e3
1841.0	3.260e2
1841.6	2.454e3
1842.5	1.945e3
1843.3	8.360e2
1844.0	1.697e3
1844.9	1.132e3
1845.8	1.826e3
1846.7	3.006e3
1847.7	1.999e3
1848.4	1.101e3
1849.2	1.731e3
1850.2	2.862e3
1851.2	2.809e3
1852.2	1.894e3
1853.1	2.746e3
1853.9	1.523e3
1854.7	3.900e3
1855.5	1.143e3
1856.4	2.078e3
1857.4	2.399e3
1858.2	1.924e3
1859.0	4.405e3
1859.6	4.990e2
1860.2	2.880e3
1860.8	6.400e1
1861.3	3.315e3
1862.3	2.936e3
1863.2	1.391e3
1863.9	2.123e3
1864.8	2.879e3
1865.5	4.190e2
1866.1	2.293e3
1866.7	2.050e2
1867.3	2.368e3
1867.9	5.690e2
1868.5	3.118e3
1869.4	1.582e3
1870.2	1.914e3
1871.0	1.765e3
1871.8	2.639e3
1872.4	5.990e2
1873.1	2.642e3
1873.8	9.470e2
1874.5	2.890e3
1875.5	2.535e3
1876.1	1.930e2
1876.6	3.204e3
1877.4	1.399e3
1878.2	7.210e2
1879.0	2.968e3
1879.9	1.279e3
1880.7	2.815e3
1881.6	2.611e3
1882.2	7.500e1
1882.7	2.063e3
1883.3	8.900e1
1883.8	2.899e3
1884.6	1.192e3
1885.1	4.300e1
1885.7	2.790e3
1886.2	6.400e1
1886.8	1.907e3
1887.5	4.750e2
1888.3	1.989e3
1889.3	2.171e3
1890.1	2.735e3
1890.7	5.850e2
1891.4	1.578e3
1892.5	2.381e3
1893.5	2.442e3
1894.1	1.000e1
1894.6	2.318e3
1895.3	7.660e2
1896.1	1.208e3
1896.6	4.240e2
1897.2	1.967e3
1898.2	2.804e3
1899.0	1.718e3
1899.8	2.326e3
1900.6	1.708e3
1901.3	2.880e2
1901.9	1.604e3
1902.7	1.930e3
1903.7	2.205e3
1904.3	8.320e2
1905.3	2.414e3
1905.9	1.880e2
1906.5	1.413e3
1907.3	2.535e3
1908.1	1.946e3
1909.0	3.304e3
1909.8	1.679e3
1910.4	1.380e2
1911.0	1.822e3
1912.0	1.262e3
1912.8	3.012e3
1913.7	2.477e3
1914.7	3.250e3
1915.3	2.650e2
1915.9	3.036e3
1916.5	5.830e2
1917.3	2.977e3
1918.1	2.079e3
1918.9	9.640e2
1919.8	2.018e3
1920.8	2.583e3
1921.4	1.940e2
1921.9	3.120e3
1922.8	1.241e3
1923.6	3.628e3
1924.4	1.554e3
1925.3	2.002e3
1925.8	4.900e1
1926.4	2.014e3
1927.1	6.400e2
1927.8	2.099e3
1928.8	2.392e3
1929.4	1.090e2
1929.9	3.119e3
1930.7	4.900e2
1931.4	1.459e3
1932.4	3.240e3
1933.1	1.419e3
1933.9	2.815e3
1934.6	6.570e2
1935.3	3.460e3
1935.9	7.700e1
1936.4	3.326e3
1937.2	1.974e3
1938.2	2.442e3
1939.1	1.795e3
1939.7	3.750e2
1940.4	1.871e3
1941.2	4.090e2
1941.8	3.200e3
1942.5	7.180e2
1943.2	2.441e3
1944.0	1.441e3
1944.8	2.000e3
1945.4	1.300e1
1945.9	1.774e3
1947.0	3.332e3
1947.7	2.640e2
1948.3	2.573e3
1949.1	1.730e2
1949.7	2.561e3
1950.4	2.500e1
1950.9	2.386e3
1951.9	1.238e3
1952.7	2.737e3
1953.2	1.900e1
1953.8	2.113e3
1954.8	8.610e2
1955.7	2.319e3
1956.5	2.626e3
1957.4	3.575e3
1958.1	2.310e2
1958.7	2.668e3
1959.3	5.580e2
1960.0	2.107e3
1961.0	1.720e3
1962.0	2.880e3
1962.5	1.320e2
1963.1	2.327e3
1963.8	1.535e3
1964.8	3.004e3
1965.4	8.110e2
1966.1	1.937e3
1966.6	1.250e2
1967.2	2.303e3
1968.1	3.302e3
1968.9	1.146e3
1969.9	2.114e3
1970.9	2.917e3
1971.9	2.128e3
1973.0	2.394e3
1973.9	2.755e3
1974.5	1.160e2
1975.0	1.363e3
1975.8	7.900e2
1976.5	1.951e3
1977.5	2.039e3
1978.0	3.600e1
1978.5	2.273e3
1979.2	6.400e1
1979.8	2.227e3
1980.4	8.010e2
1981.1	2.658e3
1981.8	8.730e2
1982.6	2.031e3
1983.4	1.221e3
1984.1	2.124e3
1984.7	1.170e2
1985.2	2.510e3
1986.0	7.170e2
1986.7	2.081e3
1987.7	2.356e3
1988.6	2.289e3
1989.2	2.670e2
1989.9	1.879e3
1990.5	4.270e2
1991.2	2.272e3
1991.9	7.570e2
1992.7	1.656e3
1993.3	5.760e2
1994.0	2.366e3
1994.7	1.710e2
1995.4	3.278e3
1996.3	2.158e3
1997.0	8.200e2
1997.8	2.685e3
1998.6	7.590e2
1999.5	1.785e3
