100.3	1.111e5
101.0	7.793e5
101.6	1.427e3
102.1	2.141e6
103.0	1.389e5
103.6	1.158e3
104.1	9.395e5
105.1	6.971e5
106.1	9.747e4
107.1	1.247e5
107.7	4.223e4
108.3	5.438e5
109.1	2.147e5
110.0	1.852e6
110.6	2.490e2
111.1	5.184e6
112.1	1.860e6
113.1	4.455e5
113.6	1.197e3
114.1	3.756e5
115.1	1.676e5
115.6	4.930e2
116.1	1.281e5
117.1	8.670e4
118.1	3.869e5
119.1	1.904e5
119.6	3.302e3
120.1	5.352e5
121.1	1.675e5
121.6	3.201e3
122.2	1.266e6
123.1	3.367e5
123.6	2.395e3
124.2	1.218e5
125.1	8.050e4
126.0	2.272e5
126.6	1.427e3
127.1	1.256e5
127.6	2.930e2
128.1	5.786e4
129.1	1.227e5
129.6	2.040e3
130.2	2.287e5
131.2	6.214e5
132.1	3.717e5
133.1	4.819e5
134.1	9.625e4
134.6	2.820e2
135.1	6.423e4
136.1	3.955e5
137.1	9.257e4
137.6	1.242e3
138.2	1.181e6
139.2	2.442e5
140.1	1.618e5
141.1	1.600e5
142.1	2.369e5
142.6	4.740e2
143.1	8.371e4
144.1	1.194e5
145.1	5.603e5
146.1	8.610e4
146.6	1.430e2
147.1	3.199e5
147.6	6.170e2
148.1	1.020e5
149.1	2.078e5
149.6	2.330e3
150.2	2.340e5
150.7	5.660e2
151.2	8.519e4
152.2	5.428e4
153.1	4.908e4
154.1	8.075e4
154.6	7.550e2
155.2	2.065e5
156.2	7.301e4
157.1	1.749e5
158.1	3.710e5
159.1	1.211e6
159.6	1.550e2
160.1	1.567e5
161.1	6.793e4
161.6	3.780e2
162.2	6.327e4
163.1	1.696e5
164.1	1.319e5
164.7	1.106e3
165.2	9.070e4
166.2	9.755e4
166.9	3.181e4
167.5	3.501e5
168.3	9.165e4
169.2	6.891e4
169.7	1.694e3
170.2	9.034e4
171.2	6.713e5
172.1	3.215e5
173.1	1.148e5
173.7	4.470e2
174.2	1.354e5
174.8	6.698e3
175.4	1.764e5
176.2	7.548e4
176.9	4.162e5
177.9	1.080e5
178.6	1.536e4
179.2	1.530e5
180.2	6.707e4
181.2	9.257e4
182.1	8.614e4
183.1	3.283e5
183.7	4.180e3
184.3	9.746e4
185.1	7.508e5
186.0	1.750e5
186.6	1.036e3
187.1	6.024e5
187.7	5.140e2
188.2	3.880e5
189.1	1.283e5
189.6	3.426e3
190.2	8.203e4
191.2	9.517e4
192.2	8.821e4
192.7	4.160e2
193.2	1.204e5
194.2	2.477e5
195.2	2.037e5
195.7	9.700e1
196.3	2.145e6
197.2	6.273e5
198.3	9.207e5
199.2	1.821e5
200.1	3.445e5
200.6	2.770e2
201.2	1.032e5
202.2	7.818e4
203.2	1.904e5
203.7	1.643e3
204.2	3.323e5
205.2	1.827e5
206.2	1.241e5
206.7	1.147e3
207.2	1.562e5
208.2	7.701e4
209.2	1.531e5
210.2	1.012e5
211.2	8.627e4
212.2	1.034e5
213.1	6.452e4
214.2	7.257e6
215.2	1.013e6
216.2	5.440e5
217.2	2.849e5
217.7	1.904e3
218.3	6.885e5
219.2	2.458e5
220.2	1.475e5
221.2	9.466e4
222.2	6.971e4
222.7	6.990e2
223.2	5.701e4
224.2	1.330e5
224.7	1.158e3
225.2	9.975e4
226.1	1.147e5
227.1	4.376e5
227.6	7.370e2
228.1	1.580e5
228.7	5.740e2
229.2	1.574e5
230.2	6.523e4
231.2	1.173e5
232.2	7.074e4
233.2	1.290e5
233.7	1.932e3
234.2	1.010e5
235.2	1.074e5
236.2	8.161e5
236.7	2.040e2
237.2	2.183e5
238.2	1.092e5
239.2	8.747e4
239.7	1.587e3
240.3	4.821e4
241.3	7.431e4
242.2	5.478e4
243.2	1.096e5
243.7	6.940e2
244.2	6.859e4
245.2	9.546e4
245.7	6.970e2
246.2	5.738e4
247.2	8.213e4
248.2	5.212e4
249.2	7.298e4
250.2	8.163e4
250.7	9.070e2
251.2	6.498e4
252.2	8.710e4
252.8	4.463e3
253.3	8.451e4
254.2	7.640e4
254.7	1.275e3
255.3	8.404e4
256.3	5.784e4
257.2	6.668e4
257.7	2.580e2
258.2	5.508e4
259.2	2.026e5
260.2	6.481e4
260.7	2.460e2
261.3	1.086e5
261.8	1.280e3
262.3	6.275e4
262.8	1.108e3
263.3	1.143e5
264.3	4.667e4
265.3	4.399e4
266.2	9.936e4
266.7	2.890e2
267.2	5.720e4
268.2	5.149e4
268.7	2.394e3
269.3	4.740e4
270.3	4.219e4
271.3	5.872e4
272.2	5.500e4
273.2	4.919e4
273.7	1.578e3
274.3	6.365e4
275.2	7.570e4
275.7	1.726e3
276.2	5.647e4
276.7	4.310e2
277.3	1.481e5
278.2	6.263e4
278.8	2.582e3
279.3	2.485e5
280.3	1.016e5
280.8	1.336e3
281.4	1.550e5
282.3	7.646e4
283.2	9.070e4
283.8	3.870e3
284.4	8.148e4
285.3	6.742e4
286.2	4.964e4
287.2	6.107e4
288.2	6.045e4
289.2	9.897e4
290.2	5.870e4
291.2	6.320e4
292.1	6.267e4
292.7	3.660e3
293.3	9.255e4
294.3	5.855e4
295.2	1.249e5
296.2	6.063e4
296.8	1.422e3
297.3	6.537e4
298.3	5.636e4
299.3	4.522e4
300.2	4.332e4
300.8	1.097e3
301.3	8.979e4
302.3	5.357e4
303.2	6.288e4
304.2	6.603e4
304.7	4.890e2
305.2	7.374e4
305.7	1.454e3
306.2	4.209e4
307.2	6.911e4
307.7	1.660e3
308.2	4.346e4
308.7	5.400e2
309.2	6.091e4
309.8	6.620e2
310.3	5.191e4
310.8	2.260e2
311.3	7.680e4
312.3	5.071e4
312.8	7.400e2
313.3	7.676e4
314.3	4.965e4
315.2	4.689e4
315.8	1.032e3
316.3	5.075e4
316.9	1.652e3
317.4	9.105e4
318.4	5.698e4
319.3	8.590e4
320.3	3.815e4
321.2	5.968e4
322.2	3.949e4
322.7	7.440e2
323.2	4.669e4
324.2	4.253e4
324.8	3.456e3
325.4	9.446e4
326.3	8.710e4
327.3	6.810e4
328.3	4.287e4
328.8	5.770e2
329.3	7.672e4
330.3	5.749e4
331.3	1.875e5
332.3	8.313e4
332.8	4.800e1
333.3	9.986e4
334.3	5.973e4
334.8	9.860e2
335.3	1.237e5
335.8	8.240e2
336.3	5.424e4
337.3	1.068e5
338.3	6.122e4
338.8	5.030e2
339.3	1.078e5
340.2	5.219e4
340.8	2.242e3
341.4	8.330e4
342.3	5.899e4
343.2	4.531e4
344.2	5.349e4
345.2	5.321e4
346.2	4.105e4
346.8	2.560e2
347.3	7.746e4
348.2	4.859e4
348.7	1.414e3
349.3	1.076e5
350.2	5.969e4
350.7	4.720e2
351.2	8.802e4
351.8	5.970e2
352.3	6.828e4
352.8	3.124e3
353.4	1.694e5
354.2	1.881e5
354.8	3.469e3
355.4	2.039e5
356.3	8.305e4
357.3	7.436e4
357.9	3.271e3
358.4	5.829e4
359.3	2.033e5
360.3	7.883e4
361.3	6.204e4
362.2	4.158e4
363.1	1.308e5
364.2	4.449e4
364.7	2.343e3
365.2	2.455e5
365.7	9.770e2
366.2	7.547e4
366.8	2.728e3
367.3	9.334e4
368.3	7.447e4
368.8	3.417e3
369.4	1.635e5
370.4	7.354e4
371.3	7.025e4
372.3	6.211e4
373.2	5.086e4
373.7	6.440e2
374.2	4.018e4
374.7	7.630e2
375.3	9.133e4
375.8	1.486e3
376.4	5.174e4
377.3	7.867e4
378.3	3.988e4
379.2	6.828e4
380.1	6.108e4
380.7	2.533e3
381.2	2.304e5
382.3	6.910e4
382.8	1.910e3
383.4	1.431e5
384.3	6.028e4
385.4	7.122e4
386.3	4.755e4
387.3	6.178e4
388.3	4.632e4
389.2	5.502e4
389.8	1.668e3
390.3	4.019e4
390.9	1.177e3
391.4	7.758e4
392.4	4.679e4
392.9	8.950e2
393.4	9.790e4
393.9	6.490e2
394.4	8.996e4
395.4	6.104e4
396.2	4.637e4
396.8	3.401e3
397.4	8.165e4
398.4	4.397e4
398.9	7.200e2
399.4	9.020e4
400.4	4.514e4
401.1	1.722e4
401.7	1.071e5
402.6	4.732e4
403.4	4.108e4
404.3	3.024e4
404.8	2.430e3
405.4	6.864e4
406.3	3.493e4
407.3	5.589e4
407.8	5.768e3
408.4	6.590e4
409.4	1.299e5
410.3	5.334e4
410.8	7.250e2
411.3	6.001e4
411.9	1.133e3
412.4	4.631e4
412.9	8.870e2
413.4	1.634e5
414.4	5.831e4
415.4	5.351e4
416.0	9.041e3
416.6	1.389e5
417.4	6.249e4
418.3	3.083e4
418.9	1.378e3
419.4	5.117e4
420.3	3.249e4
421.2	5.346e4
421.8	1.000e4
422.5	3.636e4
423.0	3.051e3
423.5	1.467e5
424.3	5.922e4
425.3	6.862e4
425.9	5.567e3
426.5	3.875e4
427.5	1.412e5
428.5	5.684e4
429.3	6.998e4
430.1	1.953e4
430.8	1.870e5
431.6	9.156e4
432.5	4.411e4
433.4	3.555e4
434.4	4.080e4
435.3	5.042e4
436.2	6.874e4
436.9	9.006e3
437.5	8.366e4
438.0	4.491e3
438.6	1.731e5
439.4	1.046e5
440.4	5.636e4
440.9	2.754e3
441.5	1.044e5
442.4	6.883e4
443.4	1.136e5
444.4	5.554e4
445.1	1.221e4
445.6	1.911e5
446.5	7.757e4
447.4	4.783e4
448.3	3.886e4
448.9	3.070e3
449.5	8.851e4
450.4	5.512e4
451.3	7.693e4
451.9	4.948e3
452.5	1.501e5
453.4	1.226e5
454.4	1.895e5
455.4	1.130e5
456.4	7.031e4
457.0	3.743e3
457.5	1.795e5
458.5	7.484e4
459.1	2.650e3
459.6	9.177e4
460.1	1.116e3
460.6	2.017e5
461.4	8.610e4
462.4	3.732e4
462.9	7.540e2
463.4	5.849e4
464.0	7.080e3
464.6	7.741e4
465.5	5.774e4
466.4	6.867e4
467.0	1.140e4
467.6	2.095e5
468.5	7.869e4
469.1	1.379e4
469.7	8.345e4
470.6	3.306e4
471.5	1.751e5
472.1	4.147e3
472.6	9.535e4
473.5	6.609e4
474.1	3.721e3
474.6	1.896e5
475.5	8.937e4
476.3	1.116e5
476.9	2.420e2
477.4	4.597e4
477.9	2.965e3
478.5	9.259e4
479.5	9.037e4
480.5	1.120e5
481.5	1.213e5
482.1	7.020e3
482.7	2.291e5
483.5	7.451e4
484.3	3.701e4
485.0	5.859e3
485.6	1.105e5
486.6	7.171e4
487.4	1.498e5
488.0	1.393e4
488.7	7.147e4
489.7	2.549e5
490.6	7.169e4
491.4	4.478e4
492.4	3.326e4
493.4	5.208e4
494.2	9.483e4
494.8	1.076e4
495.4	1.001e5
495.9	4.936e3
496.5	5.057e5
497.5	2.295e5
498.2	3.921e4
498.8	1.043e5
499.6	5.658e4
500.5	7.661e4
501.5	1.766e5
502.5	9.744e4
503.0	2.734e3
503.5	1.144e5
504.1	2.743e3
504.6	1.757e5
505.4	8.354e4
506.4	3.630e4
506.9	8.710e2
507.5	4.896e4
508.4	4.321e4
509.3	1.186e5
509.9	9.770e3
510.5	9.085e4
511.1	7.566e3
511.7	2.633e5
512.5	9.658e4
513.5	6.519e4
514.0	9.350e2
514.5	4.500e4
515.0	1.460e3
515.6	2.035e5
516.6	1.133e5
517.5	6.137e4
518.0	1.548e3
518.5	3.389e5
519.4	1.577e5
520.4	1.701e5
521.0	2.891e3
521.5	6.610e4
522.5	9.857e4
523.0	1.029e3
523.5	9.623e4
524.5	1.724e5
525.4	1.177e5
526.1	1.329e5
527.0	2.722e5
527.6	2.062e4
528.2	5.811e4
528.9	1.281e4
529.6	1.372e5
530.6	7.288e4
531.4	1.459e5
532.0	2.393e3
532.5	7.304e4
533.1	5.688e3
533.6	2.108e5
534.5	9.251e4
535.4	4.192e4
536.0	1.724e3
536.5	4.152e4
537.2	1.344e4
537.8	1.227e5
538.6	4.834e4
539.3	9.651e4
539.9	5.813e3
540.5	1.496e5
541.4	2.053e5
542.4	1.272e5
542.9	1.614e3
543.4	1.480e5
543.9	1.235e3
544.4	9.303e4
545.0	2.872e3
545.5	2.081e5
546.5	1.289e5
547.1	4.706e3
547.6	1.071e5
548.6	1.623e5
549.5	6.431e4
550.4	3.356e4
551.0	5.642e3
551.6	4.548e4
552.3	1.773e4
552.9	1.098e5
553.7	5.651e4
554.6	6.970e4
555.1	5.392e3
555.7	1.894e5
556.5	7.239e4
557.4	5.829e4
557.9	1.045e3
558.4	4.324e4
559.0	7.117e3
559.6	1.753e5
560.6	1.058e5
561.5	6.478e4
562.1	1.070e4
562.7	1.374e5
563.6	8.371e4
564.4	4.376e4
565.3	2.174e4
566.2	3.389e4
567.1	8.390e4
567.7	9.715e3
568.3	7.856e4
569.0	1.211e4
569.7	7.493e4
570.7	1.391e5
571.5	5.500e4
572.1	5.464e3
572.6	3.519e4
573.6	1.057e5
574.6	7.293e4
575.5	1.191e5
576.0	1.276e3
576.5	5.825e4
577.1	5.263e3
577.6	1.736e5
578.4	6.911e4
579.3	3.460e4
580.3	3.519e4
580.9	6.544e3
581.5	3.813e4
582.4	6.101e4
582.9	1.456e3
583.4	4.220e4
584.1	7.053e3
584.7	1.190e5
585.7	7.140e4
586.5	4.034e4
587.1	2.077e3
587.6	5.960e4
588.6	4.510e4
589.6	1.314e5
590.6	6.690e4
591.6	6.273e4
592.2	2.964e3
592.7	9.103e4
593.5	4.653e4
594.4	3.095e4
595.1	5.151e3
595.7	4.018e4
596.5	2.333e4
597.3	6.079e4
597.8	7.112e3
598.5	4.897e4
599.1	9.251e3
599.7	1.281e5
600.6	5.029e4
601.5	3.796e4
602.1	6.155e3
602.7	2.389e4
603.7	1.352e5
604.7	7.186e4
605.3	1.605e3
605.8	4.570e4
606.8	8.285e4
607.7	5.374e4
608.5	2.679e4
609.4	2.731e4
609.9	3.224e3
610.6	3.052e4
611.6	5.273e4
612.1	2.304e3
612.6	4.348e4
613.2	3.212e3
613.7	4.668e4
614.7	7.724e4
615.6	4.330e4
616.1	2.278e3
616.6	2.362e4
617.7	8.279e4
618.6	4.438e4
619.5	7.708e4
620.1	4.159e3
620.7	3.952e4
621.2	1.178e3
621.7	8.392e4
622.6	3.852e4
623.6	2.736e4
624.1	1.918e3
624.7	1.802e4
625.6	4.153e4
626.6	4.490e4
627.5	3.175e4
628.1	2.780e3
628.7	6.660e4
629.7	5.779e4
630.6	2.472e4
631.1	2.310e3
631.7	4.555e4
632.7	2.890e4
633.7	1.000e5
634.2	2.494e3
634.7	7.329e4
635.6	4.592e4
636.1	2.107e3
636.7	6.079e4
637.6	3.507e4
638.6	1.996e4
639.6	1.939e4
640.4	2.302e4
641.4	3.443e4
642.1	5.729e3
642.7	3.861e4
643.6	6.430e4
644.5	3.634e4
645.5	3.440e4
646.1	4.305e3
646.7	2.187e4
647.7	1.136e5
648.2	5.350e2
648.7	6.640e4
649.6	3.084e4
650.2	3.775e3
650.8	4.502e4
651.7	3.293e4
652.6	1.706e4
653.5	2.058e4
654.1	3.890e2
654.6	2.458e4
655.1	1.880e2
655.6	3.680e4
656.6	3.812e4
657.2	3.623e3
657.8	3.208e4
658.7	4.841e4
659.6	3.041e4
660.2	1.799e3
660.7	2.381e4
661.7	8.264e4
662.7	4.581e4
663.7	1.418e5
664.7	6.551e4
665.3	5.862e3
665.9	5.529e4
666.6	1.176e4
667.3	3.367e4
668.3	1.806e4
669.0	6.302e3
669.7	3.943e4
670.7	3.221e4
671.6	2.854e4
672.2	1.925e3
672.8	5.061e4
673.3	1.552e3
673.8	4.216e4
674.7	1.993e4
675.6	4.978e4
676.2	2.270e2
676.7	2.705e4
677.7	1.008e5
678.2	7.220e2
678.7	4.774e4
679.7	2.700e4
680.2	2.761e3
680.8	3.225e4
681.7	1.714e4
682.6	1.503e4
683.6	2.555e4
684.2	1.448e3
684.7	1.800e4
685.7	6.045e5
686.2	1.580e3
686.7	3.099e5
687.2	7.990e2
687.7	1.170e5
688.7	3.796e4
689.2	1.918e3
689.7	3.521e4
690.7	2.383e4
691.2	9.920e2
691.7	1.075e5
692.7	5.659e4
693.6	3.368e4
694.2	4.222e3
694.8	3.181e4
695.7	2.027e4
696.2	1.442e3
696.8	2.163e4
697.8	1.709e4
698.7	1.329e4
699.6	4.544e4
700.1	5.370e2
700.7	3.619e4
701.6	1.031e5
702.2	2.893e3
702.8	7.419e4
703.7	3.652e4
704.6	2.430e4
705.2	2.116e3
705.7	7.627e4
706.2	1.633e3
706.8	4.023e4
707.7	5.596e4
708.2	2.348e3
708.7	1.255e5
709.8	7.960e4
710.7	3.907e4
711.7	1.818e4
712.6	1.767e4
713.5	1.339e4
714.3	2.648e4
715.2	2.250e4
716.0	1.526e4
716.9	3.523e4
717.8	2.338e4
718.6	1.572e4
719.2	1.705e3
719.8	3.985e4
720.8	2.241e4
721.7	8.412e4
722.8	4.381e4
723.6	2.183e4
724.5	3.413e4
725.5	3.745e4
726.1	3.159e3
726.7	1.240e5
727.2	8.010e2
727.7	6.886e4
728.2	8.180e2
728.8	3.999e4
729.7	2.753e4
730.3	9.840e2
730.8	3.560e4
731.8	3.012e4
732.7	2.150e4
733.2	6.560e2
733.8	2.646e4
734.8	2.459e4
735.8	9.449e4
736.3	7.830e2
736.8	9.247e4
737.8	4.627e4
738.3	5.960e2
738.8	2.724e4
739.8	1.840e4
740.5	4.561e3
741.1	1.515e4
742.1	2.462e4
743.0	1.258e4
743.8	2.113e4
744.3	5.120e2
744.8	2.480e4
745.7	2.386e4
746.7	2.537e4
747.6	1.732e4
748.5	1.839e4
749.2	4.551e3
749.8	7.107e4
750.8	4.740e4
751.7	4.429e4
752.7	2.191e4
753.7	3.847e4
754.7	3.125e4
755.7	1.621e4
756.2	3.460e2
756.7	1.419e4
757.7	2.341e4
758.3	1.710e3
758.8	2.441e4
759.7	2.281e4
760.2	5.190e2
760.8	2.902e4
761.7	2.091e4
762.7	1.653e4
763.2	1.972e3
763.8	4.102e4
764.3	2.150e2
764.8	2.398e4
765.8	6.909e4
766.8	4.031e4
767.3	6.330e2
767.8	2.197e4
768.8	1.643e4
769.7	1.885e4
770.4	5.717e3
771.1	2.798e4
771.8	8.384e3
772.5	1.645e4
773.0	1.709e3
773.6	2.115e4
774.3	8.091e3
775.0	2.468e4
775.9	1.659e4
776.8	1.300e4
777.8	2.388e4
778.7	1.800e4
779.3	1.388e3
779.8	7.757e4
780.8	4.440e4
781.3	1.127e3
781.8	2.747e4
782.6	9.437e3
783.3	1.927e4
784.1	5.542e3
784.7	1.813e4
785.3	1.642e3
785.9	1.662e4
786.9	2.043e4
787.8	1.677e4
788.8	2.178e4
789.4	5.518e3
790.1	1.911e4
790.6	1.234e3
791.2	2.451e4
791.9	5.692e3
792.5	2.145e4
793.1	4.613e3
793.9	5.547e4
794.8	3.179e4
795.8	3.010e4
796.3	1.536e3
796.9	2.324e4
797.9	1.890e4
798.4	1.230e2
798.9	1.887e4
799.9	1.555e4
800.8	1.543e4
801.3	2.480e2
801.9	2.060e4
802.4	1.194e3
802.9	1.738e4
803.8	1.974e4
804.8	2.109e4
805.8	1.779e4
806.3	1.400e1
806.8	1.426e4
807.8	3.091e4
808.9	2.258e4
809.9	4.976e4
810.8	2.928e4
811.8	1.741e4
812.3	5.560e2
812.9	1.363e4
813.9	1.390e4
814.8	1.141e4
815.3	1.958e3
815.9	1.506e4
816.8	1.473e4
817.8	1.628e4
818.3	1.693e3
818.9	2.075e4
819.9	1.916e4
820.7	1.155e4
821.7	1.779e4
822.2	7.410e2
822.8	1.535e4
823.3	2.760e2
823.8	5.750e4
824.3	3.350e2
824.8	3.496e4
825.8	2.121e4
826.3	6.980e2
826.9	1.735e4
827.9	1.158e4
828.6	3.137e3
829.2	1.209e4
830.2	1.412e4
831.2	1.315e4
832.1	1.111e4
833.0	2.013e4
833.9	1.472e4
834.8	1.604e4
835.8	2.223e4
836.3	1.484e3
836.9	1.192e4
837.9	3.834e4
838.4	1.010e3
839.0	3.458e4
839.9	2.456e4
840.8	2.139e4
841.8	1.672e4
842.4	7.280e2
842.9	1.313e4
843.8	9.049e3
844.6	1.319e4
845.5	1.323e4
846.1	1.026e3
846.7	1.392e4
847.7	1.938e4
848.3	2.656e3
848.9	2.096e4
849.5	1.122e3
850.0	1.630e4
850.9	1.081e4
851.8	2.459e4
852.8	1.244e4
853.3	2.360e2
853.8	2.848e4
854.4	6.460e2
854.9	2.062e4
855.5	1.199e3
856.0	1.463e4
856.5	1.710e2
857.1	1.525e4
857.9	1.118e4
858.8	1.494e4
859.7	1.686e4
860.3	5.160e2
860.8	1.288e4
861.4	2.818e3
862.0	1.571e4
862.8	7.490e3
863.5	1.541e4
864.0	6.760e2
864.5	1.259e4
865.1	1.620e2
865.6	1.704e4
866.1	7.310e2
866.7	9.108e3
867.3	1.950e3
867.9	3.633e4
868.4	2.200e1
868.9	2.443e4
869.8	1.550e4
870.4	2.828e3
871.1	1.219e4
871.6	1.460e2
872.1	1.179e4
872.8	1.915e3
873.4	1.090e4
873.9	1.240e2
874.4	1.144e4
874.9	9.200e1
875.5	1.453e4
876.5	1.465e4
877.2	6.025e3
877.9	1.771e4
878.9	1.317e4
879.8	1.351e4
880.3	5.820e2
880.9	1.250e4
881.4	1.099e3
881.9	2.721e4
882.9	1.836e4
883.9	1.571e4
884.5	9.060e2
885.0	1.464e4
885.6	1.138e3
886.1	1.151e4
886.7	7.800e2
887.2	1.251e4
888.2	7.359e3
889.1	9.354e3
890.0	9.410e3
890.6	4.890e2
891.1	1.452e4
892.0	1.128e4
892.9	1.242e4
893.7	3.489e3
894.4	1.393e4
895.1	7.620e3
895.9	1.970e4
896.9	1.411e4
897.8	2.050e4
898.8	1.853e4
899.8	1.041e4
900.4	2.092e3
901.2	1.059e4
902.2	1.172e4
902.9	1.975e3
903.6	1.112e4
904.6	9.999e3
905.6	1.732e4
906.1	1.957e3
906.7	1.071e4
907.5	2.486e4
908.3	7.032e3
909.1	1.604e4
909.8	4.567e3
910.5	1.317e4
911.2	3.520e3
911.9	2.821e4
912.9	1.882e4
913.8	7.431e3
914.7	8.375e3
915.5	1.016e4
916.1	8.240e2
916.7	7.962e3
917.7	1.173e4
918.5	7.118e3
919.4	1.241e4
920.1	3.131e3
920.8	1.233e4
921.3	5.270e2
921.8	1.259e4
922.4	4.930e2
922.9	1.358e4
923.4	2.410e2
923.9	1.293e4
924.5	1.700e2
925.0	1.269e4
925.5	4.730e2
926.0	2.179e4
927.0	1.447e4
927.9	1.493e4
928.9	1.227e4
929.7	6.569e3
930.6	1.231e4
931.2	1.437e3
931.8	1.251e4
932.4	1.358e3
933.0	1.434e4
933.9	1.087e4
934.8	1.056e4
935.7	1.165e4
936.6	1.758e4
937.4	5.650e3
938.2	1.261e4
939.1	4.971e3
939.9	1.442e4
940.9	1.503e4
941.4	1.518e3
942.0	1.821e4
943.0	1.308e4
943.5	1.623e3
944.1	1.164e4
945.1	9.588e3
945.6	2.600e2
946.1	1.050e4
946.8	2.882e3
947.6	1.081e4
948.4	3.255e3
949.2	1.110e4
950.0	9.341e3
951.0	1.242e4
952.0	8.587e3
952.5	1.267e3
953.1	1.169e4
954.0	8.874e3
954.9	7.691e3
955.5	5.040e2
956.0	2.220e4
957.0	1.602e4
957.9	1.084e4
958.8	1.095e4
959.8	1.478e4
960.4	1.155e3
960.9	1.667e4
961.8	1.509e4
962.4	1.612e3
963.1	1.219e4
963.9	7.306e3
964.8	1.059e4
965.8	1.010e4
966.3	4.560e2
966.9	9.033e3
967.9	8.304e3
968.7	1.290e4
969.3	1.372e3
969.9	2.317e4
970.9	1.644e4
971.4	1.250e2
971.9	1.518e4
972.6	2.815e3
973.1	9.021e3
974.0	1.389e4
974.7	4.048e3
975.4	1.373e4
976.1	6.338e3
977.0	9.685e3
978.0	1.057e4
978.9	1.147e4
979.8	1.158e4
980.6	7.534e3
981.5	1.373e4
982.3	5.049e3
982.9	2.930e2
983.4	8.109e3
984.3	1.694e4
985.1	9.544e3
986.0	1.891e4
986.5	4.020e2
987.1	1.238e4
987.9	4.378e3
988.7	1.208e4
989.5	1.669e3
990.1	1.424e4
991.0	7.599e3
991.9	1.441e4
992.9	1.217e4
993.8	9.557e3
994.7	1.102e4
995.3	1.170e2
995.8	1.029e4
996.7	8.527e3
997.3	7.510e2
997.9	1.154e4
998.4	2.760e2
998.9	8.595e3
999.9	1.847e4
1000.4	7.470e2
1000.9	1.613e4
1001.7	2.658e3
1002.3	8.070e3
1003.1	5.163e3
1003.9	1.017e4
1004.8	7.772e3
1005.6	3.496e3
1006.3	9.080e3
1007.2	6.013e3
1008.0	9.005e3
1008.9	8.337e3
1009.8	1.553e4
1010.4	2.020e3
1011.0	1.136e4
1011.9	1.952e4
1012.4	6.510e2
1013.0	1.336e4
1014.0	2.710e4
1015.0	1.760e4
1015.9	1.447e4
1016.8	8.704e3
1017.4	1.166e3
1017.9	8.472e3
1018.9	1.118e4
1019.4	1.200e2
1020.0	6.735e3
1020.5	2.890e2
1021.0	9.294e3
1021.6	1.317e3
1022.2	1.070e4
1022.9	1.776e3
1023.5	1.026e4
1024.3	7.817e3
1025.2	7.427e3
1025.8	2.408e3
1026.6	9.720e3
1027.6	1.119e4
1028.3	2.974e3
1029.1	1.419e4
1029.6	1.380e2
1030.1	1.587e4
1031.0	1.143e4
1032.0	7.737e3
1032.6	6.750e2
1033.1	1.177e4
1033.9	4.526e3
1034.7	1.162e4
1035.6	9.555e3
1036.1	3.780e2
1036.7	1.068e4
1037.2	5.360e2
1037.8	1.009e4
1038.4	2.387e3
1039.0	1.072e4
1039.6	7.590e2
1040.1	1.031e4
1041.0	8.681e3
1041.9	9.924e3
1042.8	8.635e3
1043.7	1.998e4
1044.6	1.144e4
1045.6	1.189e4
1046.2	1.888e3
1046.8	6.480e3
1047.7	6.321e3
1048.6	1.062e4
1049.4	8.662e3
1050.3	9.554e3
1051.1	3.449e3
1051.9	1.024e4
1052.4	3.840e2
1053.0	8.213e3
1053.9	9.819e3
1054.5	2.329e3
1055.2	7.779e3
1056.1	1.398e4
1057.1	1.169e4
1058.0	8.120e3
1058.9	1.181e4
1059.8	8.975e3
1060.6	8.296e3
1061.6	6.633e3
1062.5	8.606e3
1063.4	9.848e3
1064.3	7.007e3
1065.3	7.840e3
1066.2	9.895e3
1067.0	4.752e3
1067.9	8.483e3
1068.4	2.910e2
1068.9	1.032e4
1069.6	1.360e3
1070.3	7.778e3
1070.9	9.530e2
1071.5	1.121e4
1072.1	2.325e3
1072.7	1.201e4
1073.7	1.303e4
1074.4	3.588e3
1075.2	6.716e3
1076.0	1.030e4
1076.8	4.682e3
1077.5	1.218e4
1078.1	1.130e3
1078.7	1.018e4
1079.2	5.420e2
1079.8	9.703e3
1080.4	1.183e3
1081.0	7.820e3
1081.5	9.200e1
1082.0	1.108e4
1083.0	8.934e3
1083.9	3.728e3
1084.6	6.942e3
1085.5	1.399e4
1086.0	9.700e1
1086.5	1.027e4
1087.2	2.747e3
1087.9	1.322e4
1088.4	1.900e2
1088.9	1.082e4
1089.8	7.724e3
1090.4	3.450e2
1090.9	1.006e4
1091.8	6.089e3
1092.8	9.064e3
1093.7	1.061e4
1094.5	5.350e3
1095.5	8.406e3
1096.4	6.894e3
1097.3	6.325e3
1098.3	7.566e3
1099.0	2.713e3
1099.7	1.162e4
1100.5	3.553e3
1101.3	8.429e3
1102.2	9.530e3
1103.2	1.118e4
1103.8	1.689e3
1104.3	7.263e3
1105.0	1.937e3
1105.6	7.494e3
1106.5	8.737e3
1107.2	1.903e3
1107.8	8.072e3
1108.7	5.636e3
1109.5	8.382e3
1110.3	3.901e3
1111.1	9.103e3
1111.7	1.608e3
1112.4	7.675e3
1113.1	4.030e3
1113.8	1.105e4
1114.3	1.350e2
1114.8	8.785e3
1115.4	7.460e2
1116.0	8.800e3
1116.9	6.712e3
1117.8	1.087e4
1118.6	3.434e3
1119.3	1.041e4
1119.9	1.367e3
1120.6	8.177e3
1121.4	8.588e3
1122.3	9.035e3
1122.9	6.100e2
1123.5	9.197e3
1124.2	3.560e3
1124.9	5.310e3
1125.7	9.526e3
1126.4	2.991e3
1127.1	8.814e3
1127.8	2.448e3
1128.5	5.707e3
1129.5	8.293e3
1130.3	2.128e3
1131.1	6.076e3
1131.6	2.660e2
1132.1	8.283e3
1132.7	5.080e2
1133.2	7.081e3
1134.1	6.632e3
1135.0	8.451e3
1135.9	5.849e3
1136.7	9.074e3
1137.2	1.070e3
1137.8	7.972e3
1138.3	8.270e2
1138.9	1.005e4
1139.8	6.996e3
1140.7	6.157e3
1141.6	6.190e3
1142.4	9.075e3
1143.1	3.389e3
1143.8	9.472e3
1144.7	4.684e3
1145.7	9.504e3
1146.3	2.422e3
1147.1	9.051e3
1147.6	1.110e2
1148.2	9.675e3
1149.1	6.036e3
1150.0	1.178e4
1150.8	5.111e3
1151.6	9.588e3
1152.4	3.393e3
1153.2	4.313e3
1154.0	8.752e3
1154.6	4.060e2
1155.2	9.193e3
1155.8	9.350e2
1156.4	7.450e3
1157.2	6.115e3
1158.0	1.381e4
1158.7	2.621e3
1159.3	1.343e4
1160.2	8.955e3
1161.0	7.005e3
1161.7	3.617e3
1162.4	8.317e3
1163.1	2.440e3
1163.8	7.801e3
1164.7	5.656e3
1165.6	6.946e3
1166.3	3.897e3
1167.1	5.850e3
1168.0	6.879e3
1169.0	6.743e3
1169.7	3.510e3
1170.5	6.527e3
1171.4	1.031e4
1172.3	9.002e3
1173.2	7.132e3
1174.0	4.053e3
1174.9	8.770e3
1175.5	1.336e3
1176.2	8.283e3
1177.0	3.339e3
1177.7	7.078e3
1178.4	1.764e3
1179.1	8.152e3
1180.0	6.790e3
1181.0	5.437e3
1182.0	4.747e3
1182.8	8.966e3
1183.8	4.709e3
1184.5	1.117e4
1185.1	7.930e2
1185.7	8.947e3
1186.5	1.747e3
1187.2	5.800e3
1188.2	5.160e3
1189.2	6.696e3
1190.1	9.361e3
1191.1	1.135e4
1191.7	1.184e3
1192.4	6.122e3
1193.2	4.736e3
1194.1	9.566e3
1194.8	3.204e3
1195.6	7.450e3
1196.3	1.716e3
1197.1	7.844e3
1198.1	7.086e3
1198.8	1.048e4
1199.4	3.610e2
1200.0	7.808e3
1200.6	1.111e3
1201.2	6.494e3
1201.8	3.220e2
1202.3	6.306e3
1203.1	9.955e3
1203.9	4.060e3
1204.7	9.285e3
1205.3	1.131e3
1205.9	7.754e3
1206.5	6.350e2
1207.0	8.912e3
1207.9	6.091e3
1208.5	1.548e3
1209.2	8.290e3
1209.8	3.256e3
1210.5	7.962e3
1211.2	2.572e3
1211.9	5.940e3
1212.8	9.961e3
1213.3	9.100e1
1213.9	9.736e3
1214.9	7.260e3
1215.6	1.318e3
1216.1	5.201e3
1217.2	9.204e3
1217.7	2.780e2
1218.3	8.400e3
1218.8	1.164e3
1219.4	7.852e3
1220.1	2.222e3
1220.8	7.305e3
1221.5	3.130e3
1222.3	7.920e3
1222.9	1.906e3
1223.7	7.153e3
1224.3	8.530e2
1225.0	5.287e3
1225.5	1.200e2
1226.0	7.027e3
1227.0	5.050e3
1227.8	8.174e3
1228.8	9.791e3
1229.5	2.561e3
1230.1	7.588e3
1230.8	2.394e3
1231.5	1.045e4
1232.5	4.467e3
1233.4	1.232e4
1233.9	2.220e2
1234.5	1.057e4
1235.1	2.940e3
1235.8	7.558e3
1236.7	1.016e4
1237.7	4.997e3
1238.6	8.446e3
1239.5	5.211e3
1240.5	6.920e3
1241.0	5.420e2
1241.6	7.008e3
1242.3	2.687e3
1243.0	8.972e3
1243.6	1.458e3
1244.2	6.315e3
1245.2	9.801e3
1246.0	3.376e3
1247.0	9.232e3
1248.0	8.729e3
1249.1	8.614e3
1249.7	1.753e3
1250.3	8.126e3
1251.3	8.484e3
1252.1	2.541e3
1252.9	9.162e3
1253.5	3.010e2
1254.0	9.701e3
1254.6	1.409e3
1255.2	9.130e3
1255.9	2.825e3
1256.6	7.850e3
1257.2	3.170e2
1257.7	7.193e3
1258.7	6.951e3
1259.7	8.905e3
1260.6	6.106e3
1261.2	9.460e2
1261.8	7.585e3
1262.3	1.410e2
1262.8	7.313e3
1263.7	3.931e3
1264.6	7.542e3
1265.3	2.187e3
1266.1	7.686e3
1266.6	1.440e2
1267.1	8.864e3
1268.0	8.499e3
1269.0	6.809e3
1269.6	1.700e2
1270.1	7.206e3
1270.8	1.653e3
1271.4	9.096e3
1272.1	2.499e3
1272.7	8.174e3
1273.8	6.182e3
1274.8	7.075e3
1275.4	4.360e2
1275.9	9.552e3
1276.9	1.175e4
1277.4	1.350e2
1278.0	6.194e3
1279.0	1.107e4
1279.5	2.166e3
1280.2	9.130e3
1281.1	4.637e3
1282.0	9.237e3
1283.0	6.433e3
1283.8	2.946e3
1284.6	9.586e3
1285.3	3.231e3
1286.0	1.059e4
1286.7	3.666e3
1287.4	1.069e4
1288.1	1.729e3
1288.7	8.052e3
1289.3	1.503e3
1289.9	7.848e3
1290.5	7.910e2
1291.1	6.863e3
1291.7	6.310e2
1292.3	6.508e3
1293.0	1.488e3
1293.7	8.020e3
1294.3	1.128e3
1294.8	7.136e3
1295.6	1.970e3
1296.2	8.114e3
1297.1	8.871e3
1297.8	1.190e3
1298.3	6.755e3
1298.9	3.760e2
1299.5	6.327e3
1300.3	2.857e3
1301.2	5.155e3
1302.1	7.491e3
1302.6	4.900e1
1303.1	8.511e3
1304.0	6.213e3
1304.9	5.490e3
1305.9	8.341e3
1306.7	4.069e3
1307.7	8.047e3
1308.2	9.010e2
1308.8	9.223e3
1309.4	7.550e2
1310.1	8.413e3
1310.6	2.370e2
1311.2	8.896e3
1311.9	1.776e3
1312.5	6.647e3
1313.4	7.973e3
1314.2	4.208e3
1315.1	9.943e3
1315.6	8.900e1
1316.1	7.627e3
1317.0	4.215e3
1317.9	8.481e3
1318.8	5.184e3
1319.7	7.657e3
1320.4	2.986e3
1321.1	5.951e3
1322.0	8.017e3
1322.5	5.910e2
1323.1	8.739e3
1324.1	7.645e3
1325.1	7.053e3
1325.7	2.586e3
1326.3	5.766e3
1327.2	4.562e3
1328.1	1.163e4
1328.9	2.740e3
1329.6	7.739e3
1330.5	4.020e3
1331.4	7.739e3
1332.3	7.766e3
1332.9	1.080e2
1333.4	7.729e3
1334.1	2.763e3
1334.9	8.158e3
1335.9	6.700e3
1336.5	1.060e3
1337.1	8.332e3
1338.1	7.243e3
1339.0	7.402e3
1340.0	1.065e4
1340.7	1.995e3
1341.3	7.080e3
1341.9	8.870e2
1342.4	6.650e3
1343.3	9.726e3
1344.3	7.044e3
1344.9	5.830e2
1345.4	7.454e3
1346.3	5.688e3
1347.3	7.309e3
1348.2	4.907e4
1349.3	4.985e4
1349.8	3.670e2
1350.3	2.948e4
1351.2	1.436e4
1352.2	9.443e3
1353.1	7.757e3
1353.6	3.830e2
1354.2	9.023e3
1355.0	3.297e3
1355.7	9.294e3
1356.5	4.103e3
1357.3	8.675e3
1358.2	8.396e3
1358.9	1.748e3
1359.6	8.330e3
1360.4	3.671e3
1361.0	1.316e3
1361.6	1.076e4
1362.5	5.206e3
1363.4	6.801e3
1364.3	9.263e3
1365.0	2.381e3
1365.6	1.030e4
1366.4	3.590e3
1367.1	8.213e3
1367.7	7.660e2
1368.3	8.592e3
1368.9	3.380e2
1369.4	6.540e3
1370.4	7.235e3
1371.4	5.764e3
1372.3	6.030e3
1373.2	5.219e3
1373.7	1.100e1
1374.3	7.588e3
1375.0	1.587e3
1375.6	5.788e3
1376.6	6.992e3
1377.5	9.547e3
1378.3	7.804e3
1379.3	1.074e4
1379.8	1.880e2
1380.3	8.341e3
1381.0	1.323e3
1381.6	7.190e3
1382.6	7.129e3
1383.4	3.326e3
1384.1	6.675e3
1384.7	1.831e3
1385.3	7.796e3
1386.1	3.524e3
1386.8	5.662e3
1387.7	7.072e3
1388.6	3.797e3
1389.4	9.902e3
1389.9	5.170e2
1390.4	5.938e3
1390.9	8.500e1
1391.4	7.423e3
1392.2	4.390e3
1393.1	9.133e3
1394.0	5.301e3
1394.5	2.770e2
1395.0	7.017e3
1395.6	9.740e2
1396.3	7.663e3
1397.0	2.470e3
1397.7	4.064e3
1398.6	4.630e3
1399.4	6.997e3
1400.0	7.610e2
1400.6	7.921e3
1401.4	3.798e3
1402.2	8.547e3
1403.0	4.258e3
1403.6	1.442e3
1404.3	6.637e3
1405.3	8.936e3
1405.9	6.240e2
1406.6	5.202e3
1407.3	2.137e3
1408.1	6.108e3
1408.8	1.441e3
1409.5	9.850e3
1410.5	7.117e3
1411.5	6.706e3
1412.1	1.517e3
1412.8	7.506e3
1413.6	3.216e3
1414.4	7.335e3
1414.9	2.520e2
1415.5	5.016e3
1416.4	7.045e3
1417.1	2.325e3
1418.0	9.225e3
1419.0	8.797e3
1419.8	3.470e3
1420.6	1.270e4
1421.2	7.580e2
1421.8	1.020e4
1422.5	5.816e3
1423.3	7.467e3
1423.9	7.260e2
1424.6	7.358e3
1425.2	7.540e2
1425.8	7.304e3
1426.7	8.107e3
1427.3	7.100e1
1427.8	1.043e4
1428.4	7.830e2
1428.9	7.913e3
1429.9	9.297e3
1430.6	2.571e3
1431.3	1.186e4
1432.0	2.137e3
1432.6	7.220e3
1433.4	4.826e3
1434.2	8.690e3
1434.9	9.530e2
1435.5	7.047e3
1436.5	4.911e3
1437.3	6.222e3
1438.2	7.262e3
1439.1	6.714e3
1439.8	2.523e3
1440.5	7.742e3
1441.1	1.104e3
1441.8	7.188e3
1442.4	1.093e3
1443.0	6.852e3
1443.7	2.187e3
1444.3	1.063e4
1444.9	1.604e3
1445.6	6.877e3
1446.4	6.935e3
1446.9	2.280e2
1447.4	7.502e3
1448.4	6.788e3
1449.1	2.333e3
1449.8	6.881e3
1450.4	2.200e2
1450.9	8.870e3
1451.4	8.000e0
1451.9	6.449e3
1452.5	1.164e3
1453.1	7.600e3
1454.1	4.562e3
1455.0	6.417e3
1455.6	1.016e3
1456.3	7.317e3
1457.0	1.641e3
1457.7	8.416e3
1458.3	1.268e3
1459.0	6.758e3
1459.8	3.098e3
1460.6	8.261e3
1461.2	8.150e2
1461.9	7.558e3
1462.5	8.540e2
1463.1	4.432e3
1464.0	1.079e4
1464.6	7.770e2
1465.3	8.334e3
1466.1	6.802e3
1467.0	5.094e3
1468.0	5.965e3
1468.9	7.193e3
1469.8	5.333e3
1470.7	5.756e3
1471.5	4.549e3
1472.3	7.543e3
1473.3	8.019e3
1473.8	4.130e2
1474.4	5.984e3
1475.3	6.596e3
1475.9	4.620e2
1476.4	7.360e3
1477.2	2.454e3
1477.8	9.021e3
1478.6	2.493e3
1479.4	4.688e3
1480.2	6.323e3
1481.2	4.881e3
1481.8	8.480e2
1482.3	7.965e3
1483.0	2.183e3
1483.8	6.534e3
1484.6	2.833e3
1485.4	8.271e3
1486.0	1.700e3
1486.7	9.429e3
1487.5	4.465e3
1488.3	9.792e3
1488.8	1.270e2
1489.3	6.866e3
1490.0	1.152e3
1490.6	5.373e3
1491.5	5.709e3
1492.3	1.042e4
1492.9	5.040e2
1493.5	1.002e4
1494.2	1.831e3
1495.0	6.073e3
1495.6	1.328e3
1496.3	6.162e3
1496.8	7.410e2
1497.4	6.445e3
1498.3	3.541e3
1499.0	8.742e3
1499.7	2.829e3
1500.4	7.251e3
1501.4	6.393e3
1502.3	3.846e3
1503.2	7.469e3
1504.0	4.435e3
1504.7	1.077e4
1505.6	6.744e3
1506.6	7.070e3
1507.1	2.030e2
1507.7	3.873e3
1508.6	6.700e3
1509.5	7.061e3
1510.1	9.520e2
1510.8	6.378e3
1511.5	1.231e3
1512.2	7.043e3
1513.1	1.142e4
1514.0	6.235e3
1514.9	4.906e3
1515.5	2.180e3
1516.3	7.240e3
1517.1	2.451e3
1517.9	7.302e3
1518.6	1.393e3
1519.3	7.079e3
1520.0	1.452e3
1520.6	6.466e3
1521.6	5.591e3
1522.6	6.210e3
1523.5	5.053e3
1524.5	6.955e3
1525.1	1.517e3
1525.8	8.071e3
1526.5	1.398e3
1527.2	7.861e3
1528.0	7.003e3
1528.9	3.947e3
1529.7	8.086e3
1530.4	1.310e3
1531.0	6.253e3
1532.0	8.287e3
1532.6	1.621e3
1533.3	4.905e3
1534.1	2.548e3
1534.8	6.005e3
1535.8	6.963e3
1536.4	2.450e2
1536.9	6.615e3
1537.6	2.681e3
1538.4	4.642e3
1539.4	7.793e3
1540.0	5.510e2
1540.6	5.691e3
1541.6	5.879e3
1542.1	5.690e2
1542.7	4.607e3
1543.6	7.715e3
1544.2	1.350e2
1544.7	5.758e3
1545.6	3.975e3
1546.4	8.937e3
1547.0	1.147e3
1547.6	6.463e3
1548.1	1.100e1
1548.6	4.944e3
1549.2	1.660e2
1549.7	5.873e3
1550.5	2.944e3
1551.4	5.183e3
1552.4	6.574e3
1553.0	1.443e3
1553.7	7.827e3
1554.2	9.600e2
1554.9	8.308e3
1555.5	4.090e2
1556.0	5.395e3
1556.5	1.960e2
1557.0	7.408e3
1557.6	3.130e2
1558.1	8.377e3
1558.7	4.400e2
1559.3	7.031e3
1560.0	1.931e3
1560.6	5.963e3
1561.5	6.433e3
1562.5	8.527e3
1563.3	4.543e3
1564.1	1.721e3
1564.7	7.533e3
1565.8	7.201e3
1566.4	1.670e3
1567.2	7.243e3
1568.0	4.565e3
1569.0	5.877e3
1569.6	7.520e2
1570.2	6.600e3
1570.8	6.580e2
1571.4	4.975e3
1572.1	5.820e2
1572.6	8.092e3
1573.4	3.727e3
1574.2	7.830e3
1574.9	1.420e3
1575.6	6.574e3
1576.6	7.131e3
1577.2	1.971e3
1578.1	7.272e3
1578.7	7.120e2
1579.3	7.660e3
1580.2	3.372e3
1581.1	6.521e3
1581.9	2.891e3
1582.7	6.990e3
1583.3	6.000e2
1583.9	6.790e3
1584.5	1.115e3
1585.1	6.233e3
1585.9	2.060e3
1586.8	6.443e3
1587.7	4.094e3
1588.6	5.635e3
1589.2	1.900e3
1589.9	5.666e3
1590.8	6.258e3
1591.5	1.474e3
1592.2	6.236e3
1593.2	4.883e3
1594.0	8.635e3
1594.7	2.456e3
1595.4	9.297e3
1596.0	7.140e2
1596.6	7.108e3
1597.4	3.815e3
1598.2	7.631e3
1598.8	1.749e3
1599.5	6.379e3
1600.0	2.450e2
1600.6	7.005e3
1601.3	2.912e3
1602.1	7.615e3
1602.7	6.280e2
1603.4	5.431e3
1604.2	4.064e3
1605.1	7.555e3
1605.6	1.840e2
1606.2	6.670e3
1606.8	5.790e2
1607.4	5.322e3
1608.0	8.850e2
1608.6	6.438e3
1609.2	2.860e2
1609.8	6.857e3
1610.5	3.448e3
1611.3	7.841e3
1611.9	6.460e2
1612.5	6.370e3
1613.0	3.910e2
1613.6	6.028e3
1614.5	2.826e3
1615.6	7.717e3
1616.5	5.285e3
1617.3	4.433e3
1618.3	4.549e3
1619.3	7.060e3
1620.3	3.743e3
1621.2	6.181e3
1622.1	5.757e3
1622.7	1.512e3
1623.4	3.431e3
1624.3	8.949e3
1624.8	5.430e2
1625.4	6.731e3
1626.3	7.451e3
1627.4	4.858e3
1627.9	1.790e2
1628.5	6.394e3
1629.1	4.410e2
1629.7	5.222e3
1630.6	3.068e3
1631.6	6.361e3
1632.5	4.266e3
1633.3	2.350e3
1634.0	5.829e3
1634.6	9.940e2
1635.2	6.988e3
1635.7	2.700e2
1636.3	6.015e3
1637.0	2.180e3
1637.8	8.448e3
1638.7	4.399e3
1639.6	4.324e3
1640.5	5.526e3
1641.6	7.049e3
1642.1	4.000e0
1642.6	7.393e3
1643.5	3.874e3
1644.1	8.640e2
1644.8	5.330e3
1645.3	8.800e1
1645.9	8.841e3
1646.7	1.641e3
1647.4	5.963e3
1648.2	1.631e3
1649.0	6.491e3
1649.8	3.428e3
1650.3	4.260e2
1650.9	4.007e3
1651.8	5.115e3
1652.5	2.411e3
1653.3	5.864e3
1654.0	1.333e3
1654.6	5.467e3
1655.2	1.200e2
1655.8	3.716e3
1656.5	1.312e3
1657.2	4.369e3
1657.9	7.670e2
1658.6	8.814e3
1659.6	4.697e3
1660.5	4.651e3
1661.0	2.590e2
1661.6	4.113e3
1662.7	6.549e3
1663.3	3.420e2
1663.8	6.003e3
1664.4	2.920e2
1665.0	4.205e3
1665.9	5.321e3
1666.8	3.623e3
1667.5	7.260e2
1668.0	7.553e3
1668.6	6.010e2
1669.3	4.338e3
1669.9	5.550e2
1670.5	5.077e3
1671.0	1.180e2
1671.5	5.544e3
1672.1	1.674e3
1672.7	5.864e3
1673.6	4.085e3
1674.4	7.993e3
1675.1	5.420e2
1675.6	5.548e3
1676.5	6.122e3
1677.1	1.209e3
1677.7	3.938e3
1678.5	6.916e3
1679.1	8.330e2
1679.7	2.455e3
1680.5	7.188e3
1681.2	1.188e3
1681.8	2.526e3
1682.7	4.935e3
1683.3	1.360e2
1683.8	5.232e3
1684.7	4.862e3
1685.6	8.702e3
1686.3	2.713e3
1687.1	6.543e3
1687.9	1.633e3
1688.6	7.173e3
1689.4	2.859e3
1690.2	4.847e3
1690.9	7.860e2
1691.6	6.424e3
1692.4	2.723e3
1693.2	6.191e3
1694.0	2.974e3
1694.9	6.575e3
1695.8	3.062e3
1696.6	5.999e3
1697.5	2.535e3
1698.4	8.628e3
1699.5	3.695e3
1700.1	1.285e3
1700.8	6.198e3
1701.3	7.700e1
1701.9	5.095e3
1702.8	3.760e3
1703.7	7.574e3
1704.4	1.313e3
1705.1	4.194e3
1705.9	3.011e3
1706.9	5.911e3
1707.7	4.002e3
1708.7	3.685e3
1709.7	3.331e3
1710.2	3.200e1
1710.7	4.893e3
1711.6	4.852e3
1712.5	6.809e3
1713.1	1.169e3
1713.7	4.575e3
1714.2	6.120e2
1714.8	5.564e3
1715.5	1.844e3
1716.4	6.456e3
1717.3	3.376e3
1718.1	5.653e3
1718.9	3.134e3
1719.9	6.943e3
1720.4	1.690e2
1720.9	5.240e3
1721.4	1.470e2
1721.9	3.917e3
1722.4	1.580e2
1723.0	6.114e3
1723.9	4.258e3
1724.9	5.343e3
1725.9	5.030e3
1726.4	2.090e2
1727.0	3.701e3
1727.7	1.908e3
1728.6	4.580e3
1729.4	1.504e3
1730.2	8.149e3
1731.1	5.478e3
1731.7	1.961e3
1732.4	4.768e3
1733.0	7.050e2
1733.6	3.216e3
1734.5	3.480e3
1735.5	5.218e3
1736.1	1.365e3
1736.7	4.781e3
1737.7	5.874e3
1738.5	2.344e3
1739.2	4.127e3
1740.2	4.917e3
1740.8	7.510e2
1741.4	6.640e3
1742.1	9.160e2
1742.8	6.666e3
1743.3	1.540e2
1743.8	4.896e3
1744.3	6.100e2
1745.0	5.283e3
1746.0	4.496e3
1746.6	2.470e2
1747.1	5.687e3
1747.7	1.149e3
1748.3	5.264e3
1749.0	1.720e3
1749.8	5.464e3
1750.3	5.700e1
1750.8	6.281e3
1751.7	2.991e3
1752.7	4.782e3
1753.5	3.948e3
1754.4	4.037e3
1755.5	3.761e3
1756.4	5.175e3
1757.2	4.927e3
1758.2	4.014e3
1758.8	4.670e2
1759.4	4.827e3
1760.1	1.356e3
1760.8	4.421e3
1761.7	2.351e3
1762.5	5.895e3
1763.2	1.182e3
1764.0	4.164e3
1764.9	4.026e3
1765.7	3.095e3
1766.5	4.939e3
1767.2	9.800e2
1767.9	5.043e3
1768.5	6.480e2
1769.1	4.240e3
1770.0	1.907e3
1770.8	3.893e3
1771.8	6.790e3
1772.6	4.380e3
1773.3	1.292e3
1774.1	3.728e3
1775.0	3.584e3
1775.9	4.655e3
1776.6	6.230e2
1777.2	5.259e3
1778.1	3.644e3
1778.7	7.710e2
1779.3	4.019e3
1780.1	1.189e3
1780.9	3.245e3
1781.7	2.670e3
1782.6	4.431e3
1783.5	2.890e3
1784.6	3.993e3
1785.6	2.339e3
1786.5	3.516e3
1787.4	2.684e3
1788.4	4.654e3
1789.5	4.344e3
1790.0	3.020e2
1790.6	3.659e3
1791.4	2.028e3
1792.2	4.168e3
1793.2	4.246e3
1793.8	6.430e2
1794.5	4.685e3
1795.2	1.528e3
1795.9	3.219e3
1796.4	2.900e1
1796.9	6.070e3
1797.9	3.277e3
1798.4	1.170e2
1799.0	5.503e3
1799.5	2.090e2
1800.2	3.376e3
1801.2	4.592e3
1801.7	3.210e2
1802.3	4.555e3
1803.2	4.744e3
1803.9	2.233e3
1804.8	5.268e3
1805.3	1.320e2
1805.9	3.756e3
1806.8	5.348e3
1807.5	3.480e2
1808.0	3.076e3
1808.7	6.550e2
1809.3	3.097e3
1810.2	2.505e3
1811.1	5.390e3
1811.7	2.750e2
1812.3	4.880e3
1812.8	3.650e2
1813.4	4.743e3
1813.9	2.660e2
1814.5	3.759e3
1815.0	3.320e2
1815.6	5.353e3
1816.6	5.305e3
1817.6	3.219e3
1818.4	1.851e3
1819.2	5.380e3
1820.1	2.311e3
1821.0	3.669e3
1821.5	2.900e1
1822.0	5.357e3
1822.7	6.690e2
1823.5	4.257e3
1824.5	2.308e3
1825.4	2.247e3
1826.4	4.342e3
1827.2	1.811e3
1828.0	2.748e3
1828.7	4.540e3
1829.6	3.642e3
1830.5	2.726e3
1831.4	6.102e3
1832.1	6.640e2
1832.9	3.926e3
1833.8	4.148e3
1834.7	2.542e3
1835.3	9.900e1
1835.8	3.037e3
1836.5	1.944e3
1837.2	3.141e3
1837.7	7.000e0
1838.2	4.601e3
1839.1	1.861e3
1839.6	1.181e3
1840.3	3.420e3
1841.1	1.408e3
1841.9	5.373e3
1842.9	2.126e3
1843.7	2.790e2
1844.2	2.735e3
1845.2	3.347e3
1845.9	1.270e3
1846.6	5.927e3
1847.3	1.336e3
1848.0	4.742e3
1848.7	8.010e2
1849.3	3.243e3
1850.3	3.164e3
1851.1	1.485e3
1851.9	3.190e3
1852.7	2.230e3
1853.6	4.336e3
1854.1	2.050e2
1854.6	3.656e3
1855.7	3.259e3
1856.2	5.220e2
1856.9	3.190e3
1857.7	2.235e3
1858.4	7.890e2
1859.2	4.352e3
1859.9	6.930e2
1860.6	5.448e3
1861.5	4.025e3
1862.2	4.440e2
1862.8	3.728e3
1863.4	3.180e2
1863.9	3.532e3
1864.8	2.310e3
1865.4	1.120e2
1865.9	2.729e3
1866.7	1.107e3
1867.5	4.040e3
1868.1	1.590e2
1868.7	3.170e3
1869.3	1.095e3
1870.0	3.939e3
1870.9	2.410e3
1871.9	2.338e3
1872.6	7.900e2
1873.3	3.198e3
1873.9	1.950e2
1874.4	3.880e3
1875.3	4.019e3
1876.1	9.580e2
1876.9	3.169e3
1877.5	1.135e3
1878.3	3.558e3
1879.2	3.856e3
1880.2	2.863e3
1881.1	4.050e3
1881.9	2.430e2
1882.4	2.130e3
1883.2	4.596e3
1884.0	1.270e3
1884.9	3.791e3
1885.7	3.325e3
1886.3	7.700e1
1886.8	3.059e3
1887.7	2.421e3
1888.5	3.284e3
1889.5	2.631e3
1890.5	6.060e3
1891.4	5.706e3
1892.1	9.670e2
1892.9	3.793e3
1893.8	4.483e3
1894.7	3.500e3
1895.6	4.117e3
1896.6	4.562e3
1897.6	3.339e3
1898.5	2.284e3
1899.4	4.139e3
1900.3	2.278e3
1901.2	4.574e3
1902.0	9.420e2
1902.7	3.105e3
1903.3	9.620e2
1904.0	2.936e3
1904.8	1.802e3
1905.6	2.816e3
1906.6	4.446e3
1907.6	3.919e3
1908.2	2.340e2
1908.7	4.295e3
1909.2	3.620e2
1909.8	3.759e3
1910.3	4.000e0
1910.9	2.255e3
1911.6	5.680e2
1912.2	3.926e3
1913.1	3.154e3
1914.0	1.989e3
1914.6	4.280e2
1915.3	3.288e3
1916.0	1.943e3
1916.8	3.733e3
1917.7	3.342e3
1918.7	3.252e3
1919.3	1.285e3
1920.3	3.088e3
1921.0	2.267e3
1921.7	5.812e3
1922.5	1.291e3
1923.2	3.614e3
1924.1	2.362e3
1925.0	2.301e3
1925.8	2.475e3
1926.8	4.302e3
1927.7	2.835e3
1928.2	7.800e1
1928.7	2.567e3
1929.6	2.419e3
1930.5	3.780e3
1931.3	1.734e3
1932.0	3.235e3
1933.0	2.351e3
1933.6	1.300e2
1934.1	3.664e3
1935.1	2.869e3
1935.7	4.200e1
1936.2	3.170e3
1937.0	1.981e3
1937.8	2.167e3
1938.7	3.497e3
1939.4	1.541e3
1940.2	2.821e3
1941.1	1.637e3
1941.9	2.787e3
1942.8	2.368e3
1943.8	1.976e3
1944.9	3.691e3
1945.5	1.140e2
1946.0	3.761e3
1947.0	2.952e3
1947.6	3.820e2
1948.1	3.535e3
1949.2	1.578e3
1950.3	3.798e3
1950.9	1.080e2
1951.4	4.420e3
1952.1	8.040e2
1952.9	4.308e3
1953.6	1.140e3
1954.5	2.956e3
1955.1	1.315e3
1955.8	3.746e3
1956.7	1.631e3
1957.6	1.427e3
1958.4	1.101e3
1959.1	3.442e3
1960.0	2.697e3
1960.9	2.788e3
1961.5	3.150e2
1962.0	3.177e3
1962.7	1.270e3
1963.6	3.648e3
1964.4	1.193e3
1965.1	3.055e3
1966.1	2.460e3
1967.0	4.109e3
1967.8	1.792e3
1968.6	2.781e3
1969.5	2.468e3
1970.3	2.897e3
1971.1	1.206e3
1971.9	2.341e3
1972.6	5.060e2
1973.2	2.845e3
1973.9	4.290e2
1974.5	4.974e3
1975.3	1.452e3
1976.1	3.146e3
1976.9	1.579e3
1977.7	4.287e3
1978.6	2.226e3
1979.1	3.600e1
1979.6	2.571e3
1980.5	2.952e3
1981.0	8.900e1
1981.5	2.518e3
1982.5	1.816e3
1983.5	4.086e3
1984.2	1.534e3
1985.1	2.272e3
1986.0	1.700e3
1987.0	3.729e3
1987.8	2.284e3
1988.7	2.964e3
1989.3	7.920e2
1990.0	4.597e3
1991.1	2.019e3
1991.8	3.680e3
1992.6	7.220e2
1993.2	4.453e3
1994.3	1.733e3
1994.9	4.580e2
1995.6	1.864e3
1996.5	3.710e3
1997.1	7.980e2
1997.8	3.297e3
1998.6	1.552e3
1999.4	2.446e3
