100.4	1.300e1
101.0	1.955e4
102.0	7.192e3
103.0	7.148e3
104.1	3.342e3
104.9	1.328e3
105.4	1.340e2
106.1	3.600e2
106.9	1.526e3
107.5	3.500e1
108.1	7.280e2
109.1	6.920e2
110.1	1.940e2
111.0	1.111e5
112.1	4.505e3
113.0	3.509e4
114.0	1.745e3
115.0	1.726e4
115.6	4.700e1
116.1	2.866e3
117.0	4.695e4
118.0	8.772e3
119.1	8.568e3
119.9	1.851e3
120.9	6.540e2
122.0	9.560e2
123.2	3.640e2
124.1	2.810e2
125.1	9.280e2
126.1	1.876e3
127.0	1.068e3
128.2	1.588e3
129.1	3.543e4
130.1	6.006e3
131.1	9.103e3
132.2	3.141e3
133.1	3.144e4
134.0	3.537e3
135.0	3.765e3
136.0	7.760e2
137.0	1.802e3
137.7	8.800e1
138.2	9.480e2
139.5	7.950e2
140.4	6.300e1
141.1	1.171e3
142.1	1.370e2
143.1	2.537e3
144.1	1.994e3
145.1	5.910e3
146.0	8.493e3
147.0	1.646e4
147.7	1.610e2
148.2	3.061e3
149.1	5.254e3
149.9	4.120e2
150.8	6.320e2
151.5	4.610e2
152.1	1.720e2
153.3	1.247e3
154.3	1.692e3
155.0	7.956e3
156.1	2.965e3
157.2	1.445e3
158.1	1.163e3
159.0	1.352e4
160.1	2.626e3
161.1	8.223e3
162.0	9.540e2
163.1	2.107e3
164.1	4.667e3
165.1	5.557e3
166.1	1.235e3
166.8	2.300e2
168.2	5.630e2
169.2	1.298e3
170.0	9.520e2
171.1	2.406e3
172.0	2.209e3
173.1	2.244e4
174.0	3.835e3
175.0	2.985e4
176.2	8.570e2
177.0	3.266e3
178.1	3.770e2
179.1	1.846e4
180.1	2.626e3
181.1	6.490e3
181.9	1.055e3
183.1	1.969e3
184.0	7.720e2
185.0	7.455e3
186.1	1.629e3
187.2	4.992e3
188.1	2.977e3
189.1	9.200e2
189.6	5.300e1
190.2	2.425e3
191.1	3.417e5
192.1	2.683e4
193.1	2.696e4
194.0	3.265e3
195.1	3.306e4
196.0	1.006e4
197.0	2.888e3
197.9	6.992e3
199.1	2.856e3
200.0	1.133e4
200.6	7.200e1
201.1	4.553e3
202.0	3.338e3
202.5	2.740e2
203.1	1.167e4
204.2	4.753e3
205.1	2.913e3
206.1	9.340e2
207.1	1.909e3
208.0	8.077e3
209.2	1.912e4
210.1	2.368e3
211.1	7.600e2
212.2	2.060e4
213.1	6.612e3
214.1	2.988e3
214.8	8.300e1
215.3	3.117e3
216.1	4.114e3
217.2	4.972e3
217.7	8.100e1
218.2	3.558e3
219.2	2.897e3
220.2	8.960e2
221.1	6.207e3
222.1	5.834e3
223.2	7.117e3
224.1	9.870e2
224.8	1.380e2
225.3	2.903e3
226.1	9.600e2
227.1	1.485e4
227.6	3.490e2
228.2	2.798e3
229.2	5.702e3
230.0	1.120e3
231.3	6.080e3
232.2	2.742e3
233.1	2.144e3
234.2	2.022e3
235.1	2.065e3
236.1	1.238e4
237.1	3.833e3
238.1	2.363e3
239.0	2.981e3
240.0	1.390e4
241.1	4.474e3
242.0	3.225e3
243.1	8.998e3
243.8	1.360e2
244.3	4.658e3
245.2	5.252e3
246.0	3.213e3
247.1	3.249e3
248.0	8.990e2
248.9	4.193e3
249.5	1.126e3
250.3	2.320e2
251.4	7.460e2
252.2	1.859e3
253.2	5.836e3
254.3	7.550e2
255.3	1.467e3
256.1	1.860e3
257.2	1.678e3
258.3	3.326e3
259.3	4.722e3
260.1	1.810e3
261.1	4.853e3
261.7	1.550e2
262.2	2.175e3
263.1	3.510e3
264.0	1.559e3
264.9	2.133e3
265.4	2.390e2
266.1	1.065e3
267.2	4.721e3
268.1	2.185e3
269.1	2.846e3
269.7	1.720e2
270.3	1.607e3
271.1	2.355e3
272.0	3.095e3
272.5	2.120e2
273.1	1.010e4
274.2	3.022e3
275.0	5.846e3
276.0	3.002e3
276.6	2.430e2
277.2	2.035e3
278.1	2.444e3
279.1	4.724e3
280.1	2.737e3
281.1	5.177e3
281.6	6.300e1
282.1	4.524e3
283.1	2.420e3
284.1	2.966e3
285.1	8.180e2
286.1	2.819e3
287.2	3.818e3
288.2	1.586e3
289.1	2.523e3
290.0	1.078e4
291.1	2.700e3
292.1	4.434e3
292.7	1.100e2
293.4	4.136e3
294.2	2.092e3
295.2	9.878e3
296.1	2.527e3
296.6	1.700e1
297.2	2.120e3
297.8	3.800e1
298.3	2.580e3
299.2	5.060e2
300.1	4.310e3
300.7	1.400e1
301.2	1.158e3
302.2	3.600e3
303.0	1.404e3
303.8	3.585e3
304.4	6.770e2
305.1	6.047e3
306.1	1.923e3
307.0	9.040e2
307.9	4.731e3
308.5	5.330e2
309.1	2.430e3
310.2	3.255e3
311.1	8.743e3
312.2	5.076e3
313.2	6.144e3
314.2	1.419e3
315.2	1.026e3
316.0	5.019e3
316.6	5.900e1
317.1	5.867e3
318.1	4.708e3
318.6	2.690e2
319.2	5.180e3
320.2	1.619e3
321.1	2.723e3
322.1	1.463e3
323.2	3.843e3
324.2	2.604e3
325.1	2.906e3
325.7	1.500e1
326.3	2.694e3
327.0	4.844e3
328.1	3.929e3
329.0	4.373e3
330.1	3.711e3
331.1	4.708e3
332.1	4.659e3
333.2	3.872e3
333.7	7.700e1
334.3	3.973e3
335.1	2.903e3
336.1	1.639e3
337.1	5.134e3
338.1	3.317e3
339.1	1.707e3
339.6	7.500e1
340.1	4.516e3
340.7	7.300e1
341.2	1.794e4
342.1	9.449e3
342.8	3.190e2
343.4	4.836e3
344.2	3.646e3
345.1	2.855e3
346.1	3.517e3
347.1	5.909e3
347.7	9.000e1
348.2	2.542e3
349.1	2.137e3
349.6	6.300e1
350.1	2.160e3
350.7	1.490e2
351.2	9.906e3
352.2	3.623e3
353.1	8.512e3
354.1	1.753e3
355.0	4.134e3
356.1	2.972e3
356.6	7.800e1
357.2	5.231e3
357.8	2.690e2
358.3	2.193e3
359.2	2.033e3
360.2	3.854e3
361.1	2.949e3
362.1	1.198e3
363.1	4.060e3
364.0	2.100e3
364.5	8.200e1
365.2	6.709e3
366.1	4.232e3
367.0	1.606e3
367.8	4.528e3
368.4	1.360e2
369.2	2.238e3
370.0	2.940e3
370.6	5.500e1
371.1	3.945e3
372.1	3.758e3
373.0	2.330e3
373.6	1.160e2
374.2	2.477e3
375.1	2.098e3
376.0	2.737e3
376.5	5.500e1
377.1	4.440e3
378.1	4.805e3
379.2	5.980e3
380.1	2.610e3
381.1	4.541e3
381.7	2.800e1
382.3	2.066e3
383.2	2.742e3
384.1	2.018e3
385.0	3.554e3
385.5	4.260e2
386.1	3.452e3
387.2	7.825e3
387.8	3.570e2
388.4	3.161e3
388.9	6.900e1
389.4	3.336e3
390.1	6.400e2
390.8	3.133e3
391.3	7.770e2
392.1	4.408e3
393.0	4.279e3
394.2	1.762e3
395.1	4.028e3
396.0	3.100e3
397.1	3.253e3
398.0	3.344e3
399.0	4.144e3
400.0	3.403e3
400.7	8.000e1
401.2	3.823e3
402.1	1.952e3
402.6	1.030e2
403.2	3.500e3
404.3	1.168e3
405.2	2.465e4
405.8	4.600e1
406.4	3.337e3
407.3	7.802e3
408.1	1.386e3
409.2	4.082e3
410.2	3.000e3
411.1	3.386e3
412.2	2.191e3
413.1	1.401e3
414.2	2.981e3
415.3	3.055e3
416.0	1.243e3
417.1	3.104e3
418.2	3.359e3
418.7	2.400e2
419.2	2.723e3
420.1	2.875e3
421.2	7.405e3
422.2	2.443e3
422.7	1.950e2
423.3	3.876e3
424.3	9.050e2
425.2	4.758e3
426.0	2.538e3
426.6	1.150e2
427.1	7.115e3
428.0	3.647e3
428.6	1.660e2
429.2	4.118e3
430.2	1.692e3
430.8	2.360e2
431.3	5.094e3
431.9	2.430e2
432.4	1.074e3
433.1	3.572e3
434.1	3.812e3
434.6	2.060e2
435.2	5.620e3
436.1	2.022e4
436.6	1.300e1
437.2	5.132e3
438.1	3.608e3
439.1	4.610e3
439.7	3.710e2
440.2	2.377e3
441.2	5.287e3
442.0	2.045e3
442.6	2.470e2
443.3	5.081e3
444.2	3.028e3
444.7	1.290e2
445.3	2.769e3
446.1	3.353e3
447.0	5.700e3
448.0	9.248e3
449.1	5.724e3
450.0	3.952e3
451.1	5.564e3
451.9	2.390e2
452.6	4.196e3
453.3	1.175e3
454.1	2.866e3
454.7	3.300e1
455.2	2.993e3
456.1	2.086e3
456.6	1.170e2
457.1	5.372e3
458.1	6.933e3
458.6	9.320e2
459.2	5.762e3
460.2	4.096e3
460.8	2.320e2
461.3	3.605e3
462.2	1.761e3
463.2	2.576e3
464.2	2.790e3
465.0	1.032e3
465.8	3.726e3
466.4	1.196e3
467.0	4.151e3
468.1	4.266e3
469.2	2.901e3
470.1	2.531e3
471.0	2.693e3
471.6	5.560e2
472.2	3.360e3
473.1	4.079e3
473.7	1.880e2
474.2	5.052e3
475.1	2.390e3
476.1	3.492e3
477.1	4.522e3
477.7	5.930e2
478.2	2.792e3
479.2	3.227e3
480.1	2.336e3
481.1	2.889e3
482.0	1.229e3
482.8	3.013e3
483.8	4.227e3
484.3	2.340e2
485.0	4.625e3
485.8	4.720e2
486.4	3.440e3
487.3	3.692e3
488.3	2.510e3
489.1	4.894e3
490.1	2.909e3
491.2	5.016e3
492.1	2.889e3
493.0	3.552e3
493.6	2.380e2
494.1	2.181e3
494.7	2.020e2
495.2	3.090e3
495.7	2.150e2
496.3	2.767e3
497.2	3.345e3
498.1	1.839e3
498.8	2.470e2
499.3	4.166e3
500.0	7.060e2
500.6	3.193e3
501.3	7.160e2
502.0	4.344e3
502.7	8.110e2
503.3	2.316e4
504.3	7.831e3
505.3	4.398e3
506.1	2.822e3
507.1	5.157e3
508.2	3.586e3
509.1	2.043e3
510.0	3.345e3
510.6	5.330e2
511.2	4.345e3
512.1	3.228e3
513.1	4.257e3
514.2	3.035e3
514.7	9.100e2
515.3	6.758e3
516.1	9.800e1
516.6	2.073e3
517.6	5.167e3
518.3	1.990e2
519.1	3.152e3
520.2	2.289e3
521.1	2.621e3
522.1	2.558e3
523.0	1.637e3
524.2	2.230e3
525.1	4.219e3
525.8	3.870e2
526.4	5.355e3
527.2	2.241e3
528.1	2.905e3
528.7	8.130e2
529.5	5.267e3
530.2	2.713e3
530.8	6.400e2
531.3	4.755e3
531.9	3.740e2
532.5	1.890e3
533.3	2.979e3
534.0	1.114e3
534.7	4.350e2
535.3	3.519e3
536.0	2.021e3
536.6	3.600e1
537.2	2.767e3
538.1	4.574e3
538.8	6.420e2
539.4	2.526e3
540.0	2.090e2
540.5	2.282e3
541.1	1.091e3
541.7	4.932e3
542.3	1.260e2
542.8	3.116e3
543.5	4.330e2
544.0	3.722e3
544.7	7.080e2
545.3	3.734e3
546.1	1.415e3
546.8	3.802e3
547.3	6.600e1
547.9	2.909e3
548.6	1.545e3
549.3	9.288e3
550.1	1.869e3
550.9	4.512e3
551.9	2.326e3
552.4	3.760e2
553.2	4.614e3
554.2	2.722e3
555.1	3.447e3
556.1	3.425e3
557.1	4.475e3
558.1	3.510e3
558.9	2.750e2
559.6	4.878e3
560.3	6.090e2
561.1	3.606e3
561.9	1.761e3
562.7	5.630e2
563.4	5.553e3
564.0	7.090e2
564.8	3.837e3
565.3	2.220e2
566.0	1.912e3
566.5	1.590e2
567.2	4.182e3
568.0	1.736e3
568.8	3.019e3
569.7	1.030e3
570.5	2.903e3
571.3	4.991e3
572.2	3.147e3
573.2	5.925e3
574.1	3.200e3
575.0	2.873e3
576.0	1.923e3
576.7	9.070e2
577.3	4.867e3
578.1	1.695e3
578.9	1.127e3
579.5	4.548e3
580.5	2.399e3
581.1	4.850e2
581.9	1.766e3
582.7	4.269e3
583.2	2.370e2
583.9	3.365e3
584.4	2.170e2
585.0	3.311e3
585.5	2.230e2
586.0	5.612e3
586.7	6.360e2
587.3	6.072e3
587.9	5.610e2
588.6	3.031e3
589.4	1.454e3
590.2	1.142e3
591.1	2.747e3
591.7	1.900e1
592.2	1.781e3
593.2	4.408e3
594.1	3.523e3
594.6	4.070e2
595.3	1.084e3
596.1	3.207e3
597.1	2.756e3
597.9	7.910e2
598.6	3.457e3
599.2	2.133e3
600.3	3.190e3
601.0	9.180e2
601.8	3.916e3
602.5	5.200e2
603.2	3.624e3
604.1	2.528e3
605.3	4.341e3
606.3	2.508e3
607.1	1.291e3
608.0	4.164e3
608.5	2.970e2
609.2	4.174e3
610.2	3.103e3
610.7	1.900e2
611.3	2.832e3
612.2	3.487e3
612.7	2.900e1
613.3	4.826e3
614.2	2.105e3
614.7	1.800e1
615.2	3.239e3
616.1	1.625e3
616.8	3.405e3
617.4	6.090e2
618.0	3.161e3
618.7	7.600e2
619.3	2.383e3
620.2	2.201e3
620.8	7.030e2
621.5	4.515e3
622.4	2.707e3
623.2	3.552e3
624.2	1.233e3
625.1	3.413e3
626.0	4.777e3
626.8	1.184e3
627.6	2.600e3
628.4	1.116e3
629.1	3.708e3
630.1	2.275e3
631.1	2.839e3
632.2	2.494e3
633.2	1.124e3
634.1	3.401e3
634.6	1.800e1
635.1	4.656e3
635.8	3.190e2
636.4	3.691e3
637.5	5.711e3
638.4	4.236e3
639.2	2.264e3
640.1	2.090e3
640.6	1.700e2
641.3	2.150e3
642.1	1.696e3
643.0	2.700e3
643.6	1.390e2
644.1	2.405e3
645.0	3.480e3
645.8	1.028e3
646.5	3.685e3
647.4	2.366e3
648.4	2.702e3
649.4	2.184e3
650.1	6.460e2
650.7	9.540e2
651.5	2.563e3
652.4	2.790e3
653.3	2.076e3
654.2	1.683e3
655.2	3.297e3
656.0	6.010e2
656.9	2.859e3
657.9	3.382e3
658.8	7.580e2
659.5	2.723e3
660.3	1.848e3
661.1	2.006e3
662.0	1.753e3
662.7	3.230e2
663.3	3.895e3
664.2	1.296e3
665.3	2.832e3
665.8	1.840e2
666.4	3.779e3
667.3	4.078e3
668.1	1.304e3
669.0	4.493e3
669.8	1.308e3
670.9	4.126e3
671.9	4.844e3
672.4	3.220e2
673.0	2.926e3
673.5	2.270e2
674.1	4.671e3
674.7	8.030e2
675.3	3.881e3
676.3	2.970e3
677.3	3.854e3
678.0	2.145e3
678.8	4.532e3
679.6	2.494e3
680.6	4.546e3
681.3	1.606e3
682.2	4.617e3
682.9	9.490e2
683.6	4.133e3
684.5	3.435e3
685.4	1.089e3
686.1	3.758e3
687.3	2.653e3
688.2	2.835e3
689.3	2.478e3
690.1	1.618e3
691.1	3.437e3
692.0	5.252e3
692.6	6.410e2
693.3	3.614e3
693.9	3.450e2
694.5	4.420e3
695.2	1.890e3
695.9	3.682e3
696.5	4.320e2
697.5	7.007e3
698.5	1.979e3
699.5	4.722e3
700.4	2.409e3
701.4	2.699e3
702.4	2.084e3
703.2	1.522e3
703.8	4.227e3
704.5	3.690e2
705.1	2.712e3
705.8	8.600e2
706.4	3.175e3
707.1	9.890e2
707.9	2.389e3
708.7	3.088e3
709.6	3.211e3
710.4	1.690e3
710.9	1.460e2
711.4	2.956e3
712.5	2.985e3
713.0	3.900e1
713.5	4.682e3
714.2	1.900e1
714.7	4.021e3
715.4	1.107e3
716.2	2.426e3
717.0	2.268e3
718.0	5.170e3
718.5	5.730e2
719.1	1.507e3
719.9	4.094e3
720.6	4.150e2
721.3	4.881e3
721.9	3.580e2
722.4	2.832e3
723.1	1.417e3
723.8	2.748e3
724.5	2.810e2
725.0	3.443e3
725.7	5.220e2
726.3	2.344e3
727.2	2.192e3
728.0	4.740e2
728.8	2.997e3
729.7	2.287e3
730.7	3.875e3
731.7	2.006e3
732.5	7.680e2
733.1	1.873e3
734.0	2.939e3
735.0	3.988e3
735.6	6.100e2
736.3	2.461e3
736.9	2.020e2
737.4	4.364e3
738.0	4.580e2
738.7	3.514e3
739.2	2.350e2
739.7	2.292e3
740.5	1.304e3
741.3	4.867e3
741.9	1.656e3
742.7	2.329e3
743.6	2.739e3
744.3	7.990e2
745.1	2.675e3
745.9	3.647e3
746.6	6.720e2
747.4	2.901e3
748.3	3.071e3
748.9	1.820e2
749.4	3.322e3
749.9	1.800e1
750.4	3.049e3
751.6	3.099e3
752.2	2.250e2
752.9	2.391e3
753.8	1.328e3
754.8	4.137e3
755.7	3.841e3
756.3	2.560e2
756.8	2.677e3
757.3	7.850e2
758.0	2.600e3
758.6	9.500e1
759.1	3.302e3
760.1	3.108e3
760.9	2.110e2
761.4	3.566e3
762.3	3.154e3
763.2	1.467e3
764.1	3.332e3
764.6	1.050e2
765.1	3.228e3
765.7	1.950e2
766.6	2.264e3
767.4	3.092e3
768.3	2.590e3
769.1	1.489e3
769.8	2.961e3
770.7	1.753e3
771.6	8.660e2
772.2	2.160e2
772.8	1.718e3
773.6	3.563e3
774.6	2.425e3
775.4	1.583e3
776.1	1.543e3
777.0	1.512e3
778.0	2.188e3
778.7	8.420e2
779.3	2.135e3
780.2	5.690e2
781.0	9.900e2
781.8	1.223e3
782.5	1.142e3
783.2	2.160e3
784.0	2.500e2
784.8	2.300e3
785.3	3.620e2
786.0	4.756e3
786.8	1.233e3
787.8	2.387e3
788.8	1.169e3
789.9	2.187e3
790.5	4.000e2
791.1	1.120e3
791.6	2.420e2
792.2	2.719e3
793.2	2.684e3
794.1	2.149e3
795.2	2.357e3
795.8	2.900e1
796.4	3.454e3
797.0	6.540e2
797.7	3.880e3
798.4	6.600e2
799.3	1.973e3
800.4	3.617e3
801.5	2.430e3
802.0	2.240e2
802.7	2.056e3
803.4	4.150e2
804.1	2.828e3
805.1	1.128e3
805.8	2.954e3
806.4	5.020e2
807.1	2.220e3
808.0	1.480e3
808.7	8.120e2
809.4	2.866e3
810.3	1.480e3
811.0	2.838e3
812.1	2.416e3
812.7	2.660e2
813.2	3.881e3
814.0	1.040e3
814.9	9.840e2
815.8	1.717e3
816.6	6.200e2
817.5	1.613e3
818.2	4.010e2
819.0	2.254e3
819.9	1.286e3
820.8	2.412e3
821.7	4.108e3
822.3	8.100e2
823.1	2.789e3
823.8	1.740e2
824.3	1.234e3
825.3	2.674e3
825.9	7.050e2
826.8	1.494e3
827.5	3.930e2
828.2	1.196e3
829.0	2.790e2
829.6	3.356e3
830.4	1.693e3
831.3	2.022e3
832.2	2.929e3
833.2	1.961e3
833.7	6.800e1
834.2	2.824e3
834.7	1.620e2
835.3	1.400e3
836.4	2.417e3
837.3	2.784e3
838.3	2.469e3
839.2	1.782e3
840.0	1.946e3
841.0	3.107e3
841.7	6.940e2
842.5	7.980e2
843.4	2.156e3
844.0	2.890e2
844.8	1.857e3
845.6	3.850e3
847.0	1.663e3
848.0	1.011e3
848.7	1.932e3
849.7	2.355e3
850.6	2.370e3
851.3	5.360e2
852.0	2.049e3
852.9	1.219e3
853.6	1.390e3
854.3	2.934e3
854.8	8.900e1
855.5	3.112e3
856.5	1.750e2
857.3	1.651e3
858.2	1.591e3
859.4	3.867e3
860.3	8.670e2
861.2	1.856e3
861.9	9.870e2
862.8	1.538e3
863.5	1.046e3
864.2	1.354e3
865.0	1.235e3
865.6	4.440e2
866.3	1.172e3
867.3	1.023e3
868.2	1.742e3
869.2	2.796e3
870.1	1.454e3
871.0	1.370e3
871.9	1.379e3
872.6	7.900e2
873.4	1.542e3
874.4	3.940e2
875.2	2.047e3
875.8	1.850e2
876.5	1.587e3
877.6	2.453e3
878.5	2.191e3
879.4	1.708e3
880.3	1.892e3
880.9	2.247e3
881.6	6.100e1
882.2	2.645e3
882.7	1.010e2
883.2	8.580e2
884.4	2.485e3
885.3	9.020e2
886.3	2.548e3
887.3	5.380e2
888.0	2.537e3
888.9	3.317e3
890.0	1.195e3
890.9	1.489e3
891.9	1.914e3
892.7	1.549e3
893.4	7.370e2
894.0	3.160e2
894.6	2.287e3
895.3	1.630e2
895.9	1.757e3
896.6	7.030e2
897.3	1.295e3
898.2	2.208e3
898.8	2.560e2
899.5	1.330e3
900.5	1.498e3
901.2	2.920e2
901.8	2.533e3
902.6	1.173e3
903.4	2.456e3
904.6	2.497e3
905.4	1.300e2
906.0	1.322e3
906.9	1.074e3
907.4	1.960e2
908.1	2.519e3
908.6	1.700e2
909.4	2.186e3
910.6	8.010e2
911.3	1.684e3
912.2	2.870e2
913.0	3.127e3
913.5	7.770e2
914.2	2.098e3
915.1	2.242e3
916.0	4.110e2
916.6	2.067e3
917.6	5.180e2
918.2	1.349e3
919.5	1.814e3
920.1	2.350e2
920.8	2.565e3
921.5	4.740e2
922.4	6.160e2
923.3	9.400e2
924.1	5.080e2
924.7	2.558e3
925.4	2.440e2
926.0	3.064e3
927.0	2.500e1
927.6	1.858e3
928.3	9.000e2
929.2	7.810e2
930.2	1.250e3
931.3	1.889e3
932.1	8.410e2
932.8	7.780e2
933.5	2.986e3
934.3	6.880e2
935.3	1.541e3
936.0	2.210e2
936.6	1.005e3
937.5	5.960e2
938.2	2.451e3
939.2	9.780e2
940.0	1.906e3
940.9	3.081e3
942.1	8.220e2
942.9	3.330e3
943.9	1.205e3
944.7	1.406e3
945.6	2.992e3
946.4	1.020e2
946.9	1.358e3
947.5	9.000e1
948.0	2.886e3
948.6	2.590e2
949.2	1.987e3
949.8	1.040e2
950.4	1.729e3
951.1	1.520e2
951.7	1.624e3
952.7	1.711e3
953.6	2.244e3
954.6	2.052e3
955.6	1.892e3
956.3	5.890e2
957.0	1.231e3
957.8	2.941e3
958.7	1.006e3
959.7	1.425e3
960.6	1.383e3
961.3	5.310e2
962.1	2.153e3
962.7	7.880e2
963.5	3.283e3
964.4	2.390e2
964.9	1.879e3
965.5	1.030e2
966.1	1.792e3
967.1	2.404e3
968.0	1.584e3
969.0	1.901e3
970.2	1.452e3
971.1	1.194e3
972.1	2.400e3
972.9	1.512e3
973.6	3.300e1
974.1	2.517e3
975.1	1.664e3
976.0	2.094e3
976.8	2.731e3
977.5	4.390e2
978.1	1.439e3
978.8	6.970e2
979.4	1.888e3
980.1	3.740e2
980.7	2.283e3
981.7	2.747e3
982.3	3.480e2
983.1	1.429e3
984.2	2.906e3
984.9	1.710e3
985.5	4.790e2
986.1	3.180e2
986.8	1.715e3
987.5	1.380e2
988.2	1.508e3
988.9	1.900e2
989.9	3.175e3
990.8	7.040e2
991.5	4.560e2
992.2	1.474e3
993.0	7.660e2
993.8	1.955e3
994.6	1.290e2
995.2	1.056e3
996.0	1.787e3
996.6	1.490e2
997.4	1.838e3
998.3	1.210e2
998.9	1.533e3
1000.1	1.053e3
1000.7	3.640e2
1001.3	5.900e2
1002.0	1.379e3
1003.0	2.164e3
1004.0	8.720e2
1005.1	1.496e3
1005.8	7.140e2
1006.3	2.266e3
1007.1	4.420e2
1007.9	2.091e3
1008.9	1.296e3
1009.6	1.260e2
1010.6	6.650e2
1011.2	2.940e2
1011.8	9.960e2
1012.4	5.500e1
1012.9	1.123e3
1013.7	2.643e3
1014.7	4.650e2
1015.5	6.050e2
1016.1	2.093e3
1017.2	2.143e3
1018.2	2.334e3
1019.2	1.020e3
1019.9	1.400e2
1020.7	1.634e3
1021.6	1.624e3
1022.6	6.650e2
1023.5	1.085e3
1024.3	7.040e2
1025.3	1.962e3
1026.0	4.690e2
1026.7	2.132e3
1027.4	9.810e2
1028.1	3.650e2
1028.7	2.391e3
1029.6	1.545e3
1030.4	5.830e2
1031.0	2.558e3
1031.8	1.229e3
1032.7	2.022e3
1033.5	1.745e3
1034.4	7.510e2
1035.3	2.038e3
1035.9	5.880e2
1036.7	1.692e3
1037.3	2.000e1
1037.9	9.250e2
1038.5	1.720e2
1039.1	1.980e3
1039.6	1.630e2
1040.2	1.424e3
1041.1	7.670e2
1041.8	3.790e2
1042.6	2.117e3
1043.4	6.310e2
1044.1	1.833e3
1045.1	1.909e3
1046.4	2.549e3
1047.1	1.910e2
1048.1	1.267e3
1048.8	1.520e2
1049.4	2.214e3
1050.2	1.140e3
1050.7	9.200e1
1051.3	1.083e3
1052.3	1.610e3
1053.1	3.670e2
1053.9	1.601e3
1054.6	9.600e1
1055.2	1.496e3
1055.8	4.100e1
1056.4	1.409e3
1057.2	1.098e3
1058.1	1.256e3
1059.1	3.339e3
1059.8	1.197e3
1060.7	3.440e2
1061.3	1.200e1
1061.8	2.884e3
1062.5	3.274e3
1063.1	5.930e2
1063.8	2.053e3
1064.4	1.079e3
1065.1	1.192e3
1066.2	9.060e2
1067.0	2.061e3
1067.7	2.270e2
1068.2	2.810e3
1069.2	3.510e2
1069.8	1.047e3
1070.9	1.451e3
1071.7	1.350e2
1072.4	1.119e3
1073.1	2.613e3
1074.0	1.143e3
1075.3	1.587e3
1076.3	1.948e3
1077.3	4.170e2
1078.0	7.820e2
1079.1	1.876e3
1079.7	2.390e2
1080.3	2.094e3
1081.3	1.300e3
1082.2	1.138e3
1083.0	1.128e3
1083.7	9.600e1
1084.3	1.021e3
1085.2	1.341e3
1085.9	2.600e2
1086.8	4.560e2
1087.8	1.842e3
1088.9	1.676e3
1089.6	2.430e2
1090.4	1.299e3
1091.3	9.650e2
1092.1	6.940e2
1092.7	6.200e1
1093.4	1.704e3
1094.4	1.289e3
1095.4	8.920e2
1096.2	1.874e3
1097.1	9.090e2
1098.0	1.202e3
1098.9	1.836e3
1099.8	1.360e2
1100.5	8.750e2
1101.2	1.658e3
1102.3	1.043e3
1103.1	2.340e3
1103.9	1.351e3
1104.6	3.502e3
1105.7	1.270e3
1106.2	5.200e1
1107.0	2.330e3
1107.6	4.390e2
1108.1	1.323e3
1108.9	7.510e2
1109.6	2.330e2
1110.2	2.670e2
1111.1	2.668e3
1111.9	7.230e2
1112.7	2.352e3
1113.5	9.090e2
1114.3	1.013e3
1115.5	8.790e2
1116.4	1.466e3
1117.4	8.820e2
1118.3	1.450e2
1119.0	1.646e3
1119.8	1.151e3
1120.8	9.510e2
1121.9	2.250e3
1122.6	1.300e3
1123.5	9.240e2
1124.7	1.167e3
1125.6	9.220e2
1126.4	4.320e2
1127.0	9.420e2
1128.0	1.626e3
1128.7	7.420e2
1129.5	2.305e3
1130.6	7.090e2
1131.6	9.890e2
1132.7	1.799e3
1134.0	9.900e2
1134.7	1.620e2
1135.6	6.930e2
1136.6	1.277e3
1137.2	6.000e1
1138.0	6.610e2
1138.9	2.200e2
1139.6	1.478e3
1140.6	8.270e2
1141.1	1.110e2
1141.6	2.255e3
1142.6	2.313e3
1143.6	1.744e3
1144.2	4.300e1
1145.0	2.123e3
1146.0	1.567e3
1146.9	2.363e3
1147.5	9.800e1
1148.2	2.680e2
1148.7	1.214e3
1149.4	4.340e2
1150.0	5.540e2
1150.6	6.100e1
1151.5	2.189e3
1152.7	4.700e2
1153.3	1.300e2
1154.2	3.662e3
1155.2	1.683e3
1156.5	9.610e2
1157.4	1.043e3
1158.2	3.310e2
1159.0	1.409e3
1159.9	2.228e3
1160.9	5.130e2
1161.7	2.943e3
1162.6	1.681e3
1163.4	1.850e2
1164.0	7.510e2
1165.1	1.425e3
1165.6	8.200e1
1166.1	1.193e3
1167.4	2.753e3
1168.1	8.160e2
1169.1	1.885e3
1169.9	1.833e3
1170.9	1.071e3
1171.9	2.099e3
1173.1	5.990e2
1174.2	1.922e3
1174.7	1.460e2
1175.3	8.130e2
1176.0	2.119e3
1176.9	9.720e2
1177.8	1.117e3
1178.3	1.050e2
1178.8	1.034e3
1179.7	1.776e3
1180.6	2.050e3
1181.1	1.620e2
1182.4	1.286e3
1183.2	1.469e3
1184.0	4.350e2
1184.6	6.500e1
1185.1	1.496e3
1185.7	6.780e2
1186.4	6.090e2
1187.2	1.127e3
1187.7	5.100e1
1188.3	1.257e3
1189.3	6.210e2
1190.1	1.254e3
1190.8	3.190e2
1191.6	1.854e3
1192.2	1.700e1
1192.7	1.478e3
1193.3	6.870e2
1194.0	1.307e3
1194.6	2.010e2
1195.2	9.970e2
1196.2	2.379e3
1196.8	6.700e1
1197.4	5.100e2
1198.5	1.611e3
1199.6	1.610e3
1200.3	4.820e2
1201.2	8.660e2
1202.1	1.007e3
1202.7	4.800e1
1203.3	1.691e3
1204.0	1.450e2
1204.8	5.730e2
1205.5	2.850e2
1206.1	1.015e3
1207.0	1.173e3
1208.0	7.450e2
1209.1	7.080e2
1209.9	3.780e2
1210.5	1.329e3
1211.3	4.150e2
1212.5	6.300e2
1213.3	1.714e3
1214.0	4.440e2
1214.8	3.780e2
1215.4	1.120e2
1215.9	4.340e2
1217.0	1.760e2
1217.6	4.530e2
1218.3	1.932e3
1219.1	1.870e2
1219.7	2.743e3
1220.6	5.190e2
1221.6	9.710e2
1222.3	9.690e2
1222.8	5.800e1
1223.3	1.043e3
1224.1	6.500e2
1224.9	2.469e3
1225.8	3.680e2
1226.4	1.491e3
1227.1	2.780e2
1228.1	1.968e3
1228.6	7.500e1
1229.3	3.870e2
1229.9	2.080e2
1230.5	3.415e3
1231.6	1.290e3
1232.3	1.051e3
1232.9	7.140e2
1233.5	9.500e1
1234.4	1.523e3
1235.1	3.430e2
1235.9	2.853e3
1236.6	6.800e1
1237.4	1.461e3
1238.3	1.198e3
1239.3	1.290e3
1240.2	5.800e2
1240.9	1.723e3
1241.8	2.800e1
1242.4	1.803e3
1243.3	5.240e2
1244.2	2.046e3
1245.1	2.690e2
1245.9	3.100e1
1246.8	8.650e2
1248.0	3.050e2
1248.6	1.766e3
1249.2	3.000e1
1249.8	3.022e3
1250.8	9.090e2
1251.4	1.309e3
1252.5	1.002e3
1253.4	5.060e2
1254.3	2.373e3
1255.1	2.870e2
1255.8	1.787e3
1256.4	6.000e1
1257.1	6.150e2
1258.0	1.277e3
1258.9	7.830e2
1260.1	1.153e3
1261.2	1.978e3
1262.1	1.550e2
1262.8	2.051e3
1263.7	3.250e2
1264.9	1.462e3
1265.7	1.320e3
1266.5	6.450e2
1267.3	2.001e3
1268.2	8.300e2
1268.9	1.170e2
1269.4	2.180e2
1270.2	2.920e2
1271.2	1.165e3
1271.9	2.580e2
1272.5	1.494e3
1273.2	1.029e3
1273.9	8.610e2
1274.6	9.960e2
1275.3	2.230e2
1276.1	1.216e3
1276.9	1.630e2
1277.5	1.544e3
1278.3	7.140e2
1278.9	4.200e1
1279.5	1.450e2
1280.3	1.079e3
1280.8	1.660e2
1281.6	1.163e3
1282.7	7.760e2
1284.0	1.778e3
1285.0	1.413e3
1285.7	4.520e2
1286.8	4.720e2
1287.5	7.430e2
1288.4	8.430e2
1289.2	3.830e2
1290.1	1.456e3
1290.8	8.800e1
1291.4	7.690e2
1292.4	3.700e2
1293.2	1.924e3
1293.8	2.220e2
1294.5	3.010e2
1295.1	1.417e3
1295.9	7.470e2
1296.7	1.072e3
1297.6	1.165e3
1298.6	1.860e2
1299.6	1.095e3
1300.1	1.520e2
1300.9	1.521e3
1302.1	1.534e3
1302.8	8.910e2
1303.6	1.771e3
1304.4	1.327e3
1305.0	3.200e2
1305.7	1.035e3
1307.8	7.030e2
1308.3	5.500e1
1308.9	1.382e3
1309.9	1.282e3
1310.7	1.024e3
1311.6	1.213e3
1312.5	9.930e2
1313.4	7.220e2
1313.9	1.300e1
1314.6	1.700e2
1315.5	6.820e2
1316.5	1.410e2
1317.3	1.549e3
1318.3	1.472e3
1319.4	1.260e3
1320.1	1.750e3
1321.0	1.124e3
1321.8	2.061e3
1322.4	7.600e1
1322.9	9.980e2
1323.6	3.300e2
1324.4	2.170e2
1325.2	4.870e2
1326.0	7.720e2
1326.8	1.263e3
1327.9	6.000e2
1328.9	6.010e2
1329.5	1.574e3
1330.2	6.780e2
1330.9	1.400e1
1331.6	4.150e2
1332.5	6.650e2
1333.3	1.820e2
1334.2	3.030e2
1335.2	7.170e2
1336.1	6.930e2
1337.3	1.763e3
1338.0	1.930e2
1338.8	3.410e2
1339.7	6.980e2
1340.6	7.960e2
1341.9	7.300e2
1343.1	1.600e1
1343.6	8.780e2
1344.4	5.310e2
1345.2	7.310e2
1345.9	7.250e2
1346.8	3.380e2
1347.5	1.013e3
1348.2	1.018e3
1349.2	1.647e3
1349.9	1.200e1
1351.0	9.630e2
1352.3	4.670e2
1353.2	2.080e2
1353.8	6.910e2
1355.2	5.450e2
1356.0	1.812e3
1356.5	1.200e1
1357.1	1.932e3
1358.2	1.031e3
1359.0	2.910e2
1360.0	5.470e2
1361.0	7.830e2
1361.9	6.700e2
1362.5	2.850e2
1363.3	2.670e2
1364.0	1.354e3
1364.8	1.629e3
1366.0	9.150e2
1367.2	8.130e2
1368.3	7.030e2
1369.6	9.450e2
1370.6	8.140e2
1371.4	1.190e2
1372.0	5.960e2
1372.8	1.200e1
1373.3	1.910e2
1374.3	6.530e2
1374.8	2.570e2
1375.5	1.972e3
1376.6	1.415e3
1377.3	1.110e2
1378.0	5.130e2
1379.0	1.322e3
1380.1	1.700e3
1381.1	7.110e2
1382.1	9.520e2
1383.5	9.130e2
1384.2	1.590e2
1384.9	4.510e2
1386.0	7.380e2
1387.2	1.510e2
1387.7	1.095e3
1388.3	3.100e1
1389.4	6.800e2
1390.3	2.181e3
1391.0	6.470e2
1392.0	1.199e3
1392.9	1.930e2
1393.6	1.560e3
1394.3	1.127e3
1395.6	1.194e3
1396.5	4.460e2
1397.5	2.560e2
1398.0	2.174e3
1398.6	3.130e2
1399.2	1.180e2
1400.0	1.700e1
1400.6	9.310e2
1401.6	2.430e2
1402.3	2.620e2
1403.1	3.260e2
1403.8	4.000e1
1404.4	6.790e2
1405.4	1.204e3
1406.3	1.630e2
1407.3	1.799e3
1408.3	7.730e2
1409.1	2.940e2
1409.6	6.610e2
1410.4	5.810e2
1411.1	6.600e1
1411.8	1.080e2
1412.3	1.611e3
1412.9	1.060e2
1413.4	6.880e2
1414.4	1.716e3
1415.1	4.340e2
1416.0	1.438e3
1416.9	6.030e2
1417.6	5.840e2
1418.2	8.900e1
1418.8	6.580e2
1419.7	4.120e2
1420.4	2.030e3
1421.0	5.080e2
1422.2	1.689e3
1422.9	6.320e2
1423.5	1.340e2
1424.3	1.014e3
1425.6	8.820e2
1426.6	1.413e3
1427.4	1.700e1
1428.1	1.037e3
1428.7	1.800e2
1429.3	4.400e1
1430.1	3.930e2
1431.0	7.480e2
1431.7	7.500e1
1432.2	9.120e2
1433.3	1.153e3
1434.2	7.600e2
1435.1	5.860e2
1435.6	9.000e1
1436.2	2.790e2
1436.7	8.700e1
1437.4	7.710e2
1438.1	1.917e3
1439.0	1.500e2
1439.7	5.300e1
1440.4	1.308e3
1441.4	6.400e1
1442.2	6.190e2
1443.0	1.700e2
1443.5	1.103e3
1444.6	5.720e2
1445.4	1.762e3
1446.3	8.960e2
1447.6	4.510e2
1448.4	8.050e2
1449.3	9.980e2
1449.9	6.590e2
1450.7	6.520e2
1451.3	1.210e2
1451.9	1.028e3
1452.7	1.360e3
1453.4	1.680e2
1454.1	7.550e2
1455.1	1.130e2
1456.2	4.150e2
1456.9	4.800e1
1457.4	1.161e3
1458.9	9.990e2
1459.9	4.780e2
1460.5	7.000e2
1461.1	6.900e1
1461.8	1.200e1
1462.7	8.920e2
1463.3	5.670e2
1464.0	2.230e2
1464.5	3.300e1
1465.1	3.320e2
1466.0	1.099e3
1467.1	4.930e2
1468.0	4.800e2
1468.5	1.710e2
1469.6	7.950e2
1470.8	8.190e2
1471.6	1.100e2
1472.1	1.200e1
1472.7	8.460e2
1474.3	7.420e2
1475.2	6.440e2
1475.7	5.940e2
1476.3	3.700e1
1476.9	8.660e2
1478.1	6.230e2
1478.9	3.100e1
1479.6	6.030e2
1480.5	4.220e2
1481.3	1.089e3
1482.1	3.600e1
1483.1	9.730e2
1483.7	2.600e2
1484.5	1.740e2
1485.2	1.810e2
1486.0	1.831e3
1486.7	4.600e2
1487.3	1.740e2
1488.3	1.481e3
1489.0	5.090e2
1489.6	1.260e2
1490.3	5.010e2
1491.2	6.900e2
1491.9	2.700e1
1492.4	9.650e2
1493.1	1.400e1
1493.7	5.170e2
1494.7	1.990e2
1495.7	5.480e2
1496.5	1.490e2
1497.2	8.250e2
1498.0	2.450e2
1498.6	1.043e3
1499.7	1.710e3
1500.7	1.092e3
1501.5	1.900e1
1502.1	4.020e2
1503.2	7.960e2
1504.1	5.570e2
1505.2	5.800e2
1506.0	5.440e2
1506.8	4.690e2
1507.5	1.290e2
1508.1	1.347e3
1508.7	1.900e2
1509.4	3.410e2
1509.9	4.500e1
1510.9	4.380e2
1511.8	3.200e1
1512.6	4.780e2
1513.4	5.730e2
1514.8	1.111e3
1515.4	1.870e2
1516.1	1.431e3
1516.8	1.870e2
1517.4	1.602e3
1518.4	2.080e2
1519.0	2.760e2
1519.7	3.010e2
1520.5	1.710e2
1521.2	2.464e3
1522.3	8.330e2
1523.2	1.359e3
1524.0	4.730e2
1524.7	4.320e2
1525.5	1.186e3
1526.2	7.290e2
1527.0	1.305e3
1527.7	7.300e1
1528.6	1.081e3
1529.1	1.370e2
1530.1	5.030e2
1531.2	7.240e2
1531.9	2.600e1
1532.7	7.010e2
1533.2	4.100e1
1533.8	8.100e2
1534.4	1.074e3
1535.1	7.900e1
1535.8	3.240e2
1536.4	9.250e2
1537.6	1.021e3
1538.5	8.980e2
1539.4	1.434e3
1540.4	8.790e2
1541.2	7.320e2
1542.0	7.930e2
1543.0	1.974e3
1543.9	1.485e3
1544.7	8.100e1
1545.3	6.810e2
1545.9	1.140e2
1546.8	4.620e2
1547.4	1.530e2
1548.3	3.890e2
1548.9	1.300e1
1549.4	3.240e2
1550.2	6.760e2
1551.1	8.510e2
1552.0	1.203e3
1553.1	6.190e2
1553.8	1.290e2
1554.5	2.125e3
1555.2	1.490e2
1556.3	1.620e2
1557.2	6.890e2
1557.9	4.180e2
1559.1	6.670e2
1559.9	2.370e2
1560.8	8.090e2
1562.9	8.400e1
1563.6	1.336e3
1564.7	6.410e2
1565.5	1.240e2
1566.4	9.900e1
1566.9	5.500e2
1568.1	1.233e3
1568.6	2.700e1
1569.1	2.320e2
1570.0	4.950e2
1570.8	1.476e3
1571.4	2.100e1
1571.9	1.101e3
1572.5	7.400e1
1574.0	1.288e3
1574.6	1.730e2
1575.3	1.012e3
1576.5	9.200e1
1577.1	9.100e1
1577.8	2.950e2
1578.6	1.820e2
1579.4	4.500e1
1580.0	9.100e2
1580.9	1.067e3
1581.8	9.810e2
1582.7	4.440e2
1583.6	8.050e2
1584.4	6.570e2
1585.8	1.526e3
1586.5	1.940e2
1587.2	6.940e2
1588.0	4.930e2
1588.7	6.800e2
1589.7	1.200e1
1590.8	7.800e1
1591.8	1.405e3
1593.0	1.690e2
1593.8	2.040e2
1594.6	2.320e2
1595.4	1.607e3
1596.6	1.700e1
1597.6	5.100e2
1598.1	2.790e2
1599.0	1.001e3
1600.0	3.940e2
1600.5	8.900e2
1601.7	1.119e3
1602.3	2.440e2
1603.1	1.690e2
1603.7	1.260e2
1604.4	1.044e3
1605.3	4.400e2
1606.3	3.440e2
1606.8	1.183e3
1607.9	1.640e2
1609.5	4.230e2
1611.0	2.240e2
1611.7	8.850e2
1613.1	3.870e2
1614.2	1.507e3
1615.4	4.780e2
1616.4	6.280e2
1617.5	3.720e2
1618.7	1.207e3
1619.2	2.570e2
1620.1	2.230e2
1621.2	1.140e2
1622.5	2.200e1
1623.5	4.800e2
1624.4	2.680e2
1625.8	1.754e3
1626.5	5.000e2
1627.9	4.750e2
1628.5	4.580e2
1629.0	1.900e1
1629.7	1.246e3
1630.9	3.870e2
1632.0	1.250e2
1632.7	3.090e2
1633.7	6.770e2
1635.0	4.570e2
1635.8	1.051e3
1636.7	6.890e2
1637.5	2.940e2
1638.2	9.810e2
1638.8	6.900e1
1639.6	3.510e2
1640.7	1.400e1
1641.5	6.690e2
1642.2	1.670e2
1643.0	4.570e2
1643.8	4.630e2
1644.6	6.890e2
1645.6	7.290e2
1646.7	6.600e1
1647.3	9.110e2
1648.3	6.380e2
1649.4	8.190e2
1651.2	1.070e3
1652.0	2.550e2
1652.9	1.385e3
1653.9	1.287e3
1654.5	4.460e2
1655.5	1.200e1
1656.3	1.450e2
1657.6	2.400e1
1658.7	1.157e3
1660.0	8.400e1
1660.6	1.960e2
1661.4	6.070e2
1662.2	1.286e3
1663.7	7.750e2
1664.4	3.600e2
1665.5	6.510e2
1666.6	1.114e3
1667.2	2.620e2
1667.7	7.200e1
1668.5	4.650e2
1669.4	4.410e2
1670.0	1.300e1
1671.0	1.790e2
1672.2	3.100e1
1672.7	7.540e2
1673.2	1.730e2
1674.0	5.050e2
1675.0	1.600e1
1675.6	2.350e2
1677.4	5.410e2
1678.8	6.810e2
1679.6	1.440e2
1680.4	5.850e2
1681.3	4.820e2
1682.0	1.860e2
1682.6	1.564e3
1683.6	1.056e3
1684.4	3.920e2
1685.5	1.269e3
1686.5	2.340e2
1687.2	3.030e2
1689.4	3.620e2
1690.8	4.400e2
1691.8	6.600e1
1692.7	4.200e2
1693.4	1.400e1
1693.9	5.270e2
1695.0	1.372e3
1695.8	5.610e2
1697.1	6.190e2
1698.0	1.189e3
1698.7	9.920e2
1699.4	7.190e2
1700.3	2.310e2
1700.9	5.100e2
1702.3	2.540e2
1703.8	8.540e2
1704.4	1.200e1
1705.0	2.820e2
1706.4	1.940e2
1707.1	1.420e2
1707.7	1.050e2
1709.5	5.960e2
1710.2	8.600e2
1711.1	4.580e2
1711.8	3.600e2
1712.4	9.100e1
1713.1	9.260e2
1713.6	2.570e2
1714.2	4.440e2
1715.0	7.700e2
1716.2	5.210e2
1716.9	1.300e1
1717.6	7.010e2
1718.4	1.100e1
1719.1	4.100e1
1719.8	1.880e2
1720.5	6.120e2
1721.5	3.860e2
1722.7	6.900e1
1723.6	4.090e2
1724.4	2.590e2
1725.5	1.092e3
1726.3	5.170e2
1726.9	9.200e1
1727.7	9.900e1
1728.9	2.040e2
1729.6	3.400e1
1730.3	2.600e1
1731.9	3.580e2
1732.7	3.300e1
1733.3	1.094e3
1734.7	3.640e2
1735.5	1.117e3
1736.2	4.700e2
1737.7	1.740e2
1738.6	1.570e2
1739.2	1.400e1
1740.4	2.380e2
1741.3	3.258e3
1742.1	3.100e2
1742.7	2.640e2
1743.3	7.950e2
1744.6	3.690e2
1745.4	2.950e2
1746.2	8.720e2
1747.2	2.680e2
1748.1	1.295e3
1748.8	2.960e2
1749.6	2.800e1
1750.7	8.490e2
1751.5	1.460e2
1752.6	1.400e2
1753.3	7.360e2
1754.0	4.420e2
1755.2	2.190e2
1755.9	1.392e3
1756.5	1.860e2
1757.1	7.560e2
1757.9	1.027e3
1758.4	1.250e2
1759.2	6.550e2
1760.2	1.343e3
1760.8	1.038e3
1761.8	1.283e3
1762.9	7.200e2
1763.9	1.359e3
1764.5	2.000e1
1765.6	1.290e2
1767.4	3.680e2
1768.4	6.030e2
1769.2	1.100e2
1769.8	6.090e2
1770.7	4.590e2
1771.5	4.330e2
1772.4	2.430e2
1773.0	8.290e2
1773.8	2.490e2
1774.5	1.110e3
1775.6	4.510e2
1776.9	4.040e2
1778.8	1.519e3
1779.4	1.620e2
1781.3	8.910e2
1782.1	3.170e2
1782.7	1.027e3
1784.1	2.410e2
1785.0	4.240e2
1786.0	5.900e1
1786.9	2.300e1
1787.9	1.070e2
1789.1	1.300e1
1790.4	7.320e2
1791.1	8.300e2
1792.1	3.890e2
1793.1	5.340e2
1794.7	1.630e2
1795.3	3.250e2
1795.9	6.090e2
1796.5	8.760e2
1797.4	4.400e2
1798.1	6.420e2
1799.1	5.690e2
1800.0	1.880e2
1800.8	8.340e2
1801.3	3.220e2
1802.3	2.150e2
1802.9	2.110e2
1803.5	4.440e2
1804.7	1.230e2
1805.3	2.740e2
1806.2	9.070e2
1806.7	5.500e1
1807.4	7.110e2
1808.3	9.550e2
1809.0	2.100e1
1810.1	4.790e2
1811.6	1.690e2
1812.9	1.252e3
1814.1	6.880e2
1814.9	3.880e2
1815.5	3.360e2
1816.0	6.670e2
1817.5	7.240e2
1818.5	4.130e2
1819.1	1.700e1
1819.6	6.200e1
1820.7	6.210e2
1821.2	1.600e1
1821.9	4.140e2
1822.5	1.170e3
1824.5	7.480e2
1825.0	1.400e1
1826.1	1.190e2
1826.8	2.790e2
1827.7	9.750e2
1828.5	2.430e2
1829.7	6.410e2
1830.6	4.390e2
1831.8	6.300e1
1832.6	1.700e2
1833.3	3.300e1
1834.0	4.940e2
1834.7	1.170e2
1835.6	1.470e2
1836.8	1.470e2
1837.5	2.000e1
1838.1	5.770e2
1838.9	3.710e2
1839.7	3.140e2
1840.8	1.109e3
1841.7	7.200e1
1842.8	2.150e2
1843.6	5.330e2
1844.4	7.390e2
1845.8	4.270e2
1846.7	5.710e2
1847.6	1.268e3
1849.0	3.900e1
1849.7	4.090e2
1850.6	1.200e1
1851.1	3.830e2
1851.9	1.720e3
1852.4	3.780e2
1853.3	1.110e2
1854.3	7.480e2
1855.4	1.204e3
1856.3	1.420e2
1857.2	5.700e1
1858.6	4.970e2
1859.7	7.430e2
1861.1	2.590e2
1861.8	4.100e1
1863.1	5.780e2
1863.8	2.500e1
1864.7	1.253e3
1865.7	3.120e2
1866.7	4.620e2
1867.6	2.860e2
1868.5	3.490e2
1869.8	4.970e2
1870.5	3.200e2
1871.6	2.100e1
1872.1	9.500e2
1872.9	5.660e2
1874.1	3.080e2
1875.5	2.700e2
1876.4	3.010e2
1877.3	4.800e1
1878.2	3.300e1
1879.0	2.190e2
1879.6	3.930e2
1880.6	7.770e2
1881.6	3.810e2
1883.2	6.500e1
1884.0	2.030e2
1885.2	5.260e2
1887.4	1.014e3
1888.2	1.280e2
1889.0	2.030e2
1890.1	2.660e2
1891.1	2.830e2
1891.6	8.220e2
1892.5	2.960e2
1893.4	5.440e2
1894.0	2.040e2
1894.7	3.480e2
1895.5	3.620e2
1896.1	1.300e1
1896.8	5.450e2
1897.8	4.130e2
1898.5	2.650e2
1899.4	6.800e1
1900.9	8.290e2
1901.8	1.060e2
1903.3	5.080e2
1904.1	2.350e2
1904.8	7.430e2
1905.4	3.270e2
1905.9	1.200e1
1906.9	2.440e2
1907.9	1.450e2
1908.6	3.960e2
1909.6	8.480e2
1910.5	5.160e2
1912.2	9.550e2
1912.8	2.140e2
1913.7	3.700e1
1914.9	3.070e2
1917.1	2.400e1
1917.9	5.120e2
1919.1	3.600e2
1920.0	1.020e2
1921.0	6.950e2
1922.0	1.203e3
1923.0	3.340e2
1923.8	1.580e2
1924.4	6.170e2
1925.0	3.520e2
1926.3	4.430e2
1927.6	1.200e1
1928.1	1.160e2
1929.5	1.880e2
1930.3	3.980e2
1931.3	1.980e2
1932.2	4.890e2
1932.7	1.300e2
1933.4	7.160e2
1935.6	3.690e2
1937.3	7.970e2
1938.2	2.110e2
1938.9	1.200e1
1940.2	1.360e2
1941.7	3.640e2
1942.8	3.750e2
1944.4	5.110e2
1945.4	2.900e1
1946.1	4.760e2
1947.8	3.400e1
1949.5	6.590e2
1950.4	7.490e2
1951.3	4.500e1
1952.2	2.920e2
1953.9	5.590e2
1954.9	2.000e2
1956.8	2.160e2
1957.7	1.130e2
1959.3	2.860e2
1960.4	3.760e2
1961.5	1.960e2
1962.3	1.600e1
1962.9	1.090e2
1963.5	1.300e1
1964.4	6.030e2
1965.1	1.380e2
1966.5	5.600e1
1968.2	9.000e1
1969.3	5.820e2
1970.3	9.630e2
1972.5	2.180e2
1973.7	3.900e2
1974.7	1.630e2
1975.8	1.760e2
1976.7	1.065e3
1977.3	1.770e2
1978.3	1.800e1
1978.8	9.300e1
1980.6	3.920e2
1981.5	5.120e2
1982.6	3.980e2
1983.4	3.750e2
1984.3	5.780e2
1985.2	1.520e2
1985.9	4.080e2
1987.4	2.500e1
1988.1	1.800e1
1988.9	2.550e2
1990.1	9.240e2
1990.9	1.750e2
1991.6	8.500e1
1992.7	7.980e2
1993.5	1.190e2
1994.4	3.600e1
1995.3	1.297e3
1996.9	1.268e3
1997.6	4.190e2
1998.1	2.060e2
1999.0	1.055e3
1999.6	1.400e1
