100.3	1.160e5
101.0	8.105e5
101.5	3.844e3
102.1	2.320e6
103.0	1.529e5
103.6	4.188e3
104.1	8.088e5
105.1	7.412e5
105.6	4.950e3
106.1	1.202e5
107.1	1.927e5
107.7	5.309e4
108.3	7.196e5
109.1	3.069e5
110.0	3.231e6
110.6	9.430e2
111.1	6.616e6
112.1	2.359e6
113.1	5.490e5
113.6	2.087e3
114.1	4.992e5
115.1	2.194e5
115.6	7.470e2
116.1	1.771e5
117.1	1.064e5
118.1	3.112e5
119.0	2.293e5
119.6	4.530e2
120.1	7.336e5
121.1	2.329e5
121.6	3.902e3
122.2	1.515e6
123.1	3.420e5
123.6	5.920e2
124.1	1.274e5
125.1	9.236e4
126.0	2.841e5
126.6	3.132e3
127.1	1.428e5
128.1	5.815e4
129.1	1.395e5
129.7	5.806e3
130.2	2.651e5
131.2	8.175e5
132.1	3.973e5
133.1	4.656e5
134.1	1.034e5
134.6	2.630e2
135.1	7.160e4
136.1	4.773e5
137.1	1.224e5
137.6	1.786e3
138.2	1.315e6
139.2	2.100e5
140.1	1.977e5
141.1	1.665e5
142.0	3.597e5
142.6	9.180e2
143.1	8.089e4
144.1	1.548e5
145.1	7.041e5
146.1	1.088e5
147.1	3.926e5
148.1	1.026e5
149.1	2.613e5
149.6	1.984e3
150.2	2.990e5
150.7	1.010e3
151.2	8.198e4
152.2	4.853e4
153.2	4.773e4
154.0	1.017e5
154.6	2.142e3
155.1	2.190e5
155.6	4.320e2
156.2	8.172e4
157.1	2.469e5
158.1	4.187e5
159.1	1.627e6
159.6	4.590e2
160.1	2.232e5
161.1	6.870e4
162.1	7.994e4
162.6	1.369e3
163.1	1.818e5
164.1	1.646e5
164.6	9.580e2
165.2	1.011e5
166.2	7.162e4
166.8	2.869e4
167.4	3.610e5
168.2	1.119e5
169.2	6.209e4
170.1	1.215e5
170.7	1.679e3
171.2	6.667e5
172.1	4.487e5
173.2	1.634e5
173.7	2.600e2
174.2	1.437e5
174.9	3.312e4
175.6	2.444e5
176.2	5.784e4
176.9	5.144e5
177.4	2.096e4
178.0	1.390e5
178.6	7.551e3
179.2	1.580e5
180.2	8.114e4
181.2	1.158e5
182.1	9.036e4
183.1	5.215e5
183.7	4.109e3
184.3	1.528e5
185.1	9.719e5
186.0	2.055e5
187.1	8.102e5
187.6	2.610e2
188.2	4.328e5
189.1	1.529e5
190.1	8.771e4
191.1	9.787e4
192.1	1.358e5
192.6	6.240e2
193.2	1.670e5
193.7	2.760e2
194.2	2.946e5
195.2	2.098e5
195.7	1.413e3
196.3	2.573e6
197.2	7.873e5
197.7	2.900e2
198.3	1.178e6
199.2	2.127e5
200.1	4.881e5
200.6	1.981e3
201.1	1.408e5
201.7	3.070e2
202.2	9.700e4
203.1	2.248e5
203.7	2.800e2
204.2	2.321e5
205.1	1.430e5
205.7	2.108e3
206.2	1.065e5
207.2	1.195e5
208.2	6.947e4
209.1	1.530e5
209.7	2.757e3
210.2	1.163e5
211.2	8.164e4
212.2	9.646e4
213.1	5.172e4
214.2	8.643e6
215.2	1.162e6
216.2	6.136e5
217.2	2.512e5
217.7	5.264e3
218.3	7.621e5
219.2	2.039e5
220.2	1.640e5
221.2	1.041e5
221.7	1.300e3
222.2	6.836e4
223.2	6.423e4
224.1	1.375e5
224.7	2.614e3
225.2	7.904e4
226.1	1.131e5
227.1	3.841e5
227.6	3.500e2
228.1	1.737e5
228.7	2.008e3
229.2	1.488e5
229.7	1.017e3
230.3	5.953e4
231.2	1.222e5
232.2	7.405e4
233.2	8.765e4
234.2	1.037e5
235.2	8.608e4
235.7	7.800e2
236.2	9.661e5
237.2	2.718e5
238.2	1.217e5
239.2	9.091e4
239.7	1.790e3
240.2	4.418e4
241.2	7.739e4
242.2	7.418e4
243.2	1.054e5
244.2	7.095e4
245.2	8.685e4
245.7	7.740e2
246.2	5.291e4
247.2	5.219e4
248.2	5.639e4
249.2	6.502e4
250.2	9.197e4
250.7	6.650e2
251.2	6.355e4
252.2	8.586e4
252.7	8.580e2
253.2	7.316e4
254.1	1.081e5
254.6	2.435e3
255.2	8.422e4
256.2	6.174e4
257.2	7.068e4
257.7	2.467e3
258.3	4.717e4
259.3	2.170e5
260.2	5.816e4
260.7	1.913e3
261.3	9.958e4
262.2	6.999e4
263.2	8.859e4
264.2	5.116e4
264.7	5.200e2
265.2	4.521e4
266.2	8.226e4
266.7	3.678e3
267.3	6.190e4
268.2	4.377e4
268.8	1.416e3
269.3	4.757e4
270.2	3.873e4
271.1	5.857e4
272.1	5.232e4
272.6	4.680e3
273.2	4.900e4
274.2	6.351e4
275.2	5.220e4
276.1	6.104e4
276.7	1.202e3
277.2	1.081e5
278.2	5.895e4
278.8	1.634e3
279.3	1.592e5
280.3	7.987e4
280.8	1.601e3
281.3	1.158e5
282.3	7.503e4
283.2	1.164e5
283.7	7.450e2
284.2	6.576e4
285.2	6.495e4
285.7	1.292e3
286.2	4.194e4
287.2	5.963e4
287.7	2.050e3
288.2	6.026e4
289.2	9.565e4
290.2	6.391e4
291.2	5.045e4
292.1	7.610e4
292.7	1.727e3
293.2	4.403e4
294.2	4.622e4
295.2	8.316e4
296.2	5.200e4
296.8	4.288e3
297.3	6.778e4
298.3	4.792e4
299.3	4.138e4
300.2	3.718e4
301.3	1.020e5
302.3	5.861e4
303.2	5.112e4
304.1	7.961e4
304.6	5.013e3
305.2	7.861e4
305.7	7.450e2
306.2	4.841e4
307.2	6.492e4
307.7	1.118e3
308.2	4.715e4
308.7	5.970e2
309.2	5.927e4
310.2	5.108e4
310.8	1.403e3
311.3	7.907e4
312.3	4.642e4
312.8	9.990e2
313.3	6.399e4
314.3	5.106e4
315.3	5.356e4
315.8	2.750e2
316.3	5.225e4
316.8	3.520e2
317.3	5.747e4
318.2	5.173e4
319.2	6.978e4
320.2	3.500e4
321.2	6.911e4
321.7	1.199e3
322.2	3.851e4
322.7	6.050e2
323.2	4.652e4
323.8	9.650e2
324.3	4.572e4
324.8	8.650e2
325.4	1.032e5
326.3	1.013e5
327.2	6.026e4
327.7	1.368e3
328.3	4.710e4
329.2	5.662e4
329.8	5.790e2
330.3	5.005e4
330.8	8.460e2
331.3	1.636e5
332.2	7.031e4
333.2	8.698e4
334.2	5.176e4
334.7	6.650e2
335.2	8.208e4
335.8	3.311e3
336.4	5.313e4
337.3	8.528e4
337.8	2.110e3
338.3	6.785e4
339.3	1.140e5
340.3	5.854e4
340.8	2.321e3
341.4	6.975e4
342.3	4.797e4
343.3	5.501e4
344.3	4.835e4
345.2	5.479e4
346.2	4.749e4
346.7	2.965e3
347.3	7.554e4
348.2	4.743e4
349.2	1.097e5
349.7	3.246e3
350.2	6.679e4
351.2	5.812e4
352.2	5.228e4
352.8	2.950e3
353.3	9.863e4
354.2	2.446e5
354.8	4.674e3
355.3	1.883e5
356.3	7.240e4
357.3	9.143e4
357.8	8.470e2
358.3	5.309e4
359.3	1.617e5
360.3	7.147e4
361.2	5.395e4
362.2	5.598e4
363.1	1.167e5
363.7	1.793e3
364.2	4.587e4
365.2	2.485e5
366.2	7.496e4
366.7	1.784e3
367.3	9.863e4
367.8	9.890e2
368.3	6.606e4
368.9	3.333e3
369.4	2.041e5
370.4	8.624e4
371.3	6.868e4
372.3	6.305e4
373.2	4.886e4
373.7	8.650e2
374.2	4.126e4
374.8	2.592e3
375.3	6.427e4
376.3	4.546e4
377.3	7.694e4
378.2	4.898e4
379.2	8.224e4
380.2	6.779e4
380.7	3.800e3
381.3	1.021e5
382.2	4.548e4
382.8	3.862e3
383.4	1.352e5
384.4	4.939e4
385.4	7.123e4
386.4	4.154e4
387.3	6.083e4
388.3	4.334e4
389.2	3.599e4
390.1	4.196e4
390.8	1.077e4
391.4	7.426e4
392.3	3.830e4
392.9	1.503e3
393.4	1.047e5
394.0	2.574e3
394.5	8.955e4
395.3	4.513e4
396.2	4.677e4
396.8	6.484e3
397.4	8.489e4
398.4	4.867e4
398.9	8.590e2
399.4	1.107e5
399.9	2.350e2
400.5	5.493e4
401.0	3.411e3
401.6	1.173e5
402.4	5.194e4
403.3	3.774e4
404.1	3.929e4
404.8	4.403e3
405.4	8.788e4
406.3	4.401e4
407.3	5.551e4
407.9	3.176e3
408.4	7.069e4
409.4	1.112e5
410.3	4.816e4
410.8	1.894e3
411.4	5.127e4
411.9	7.790e2
412.4	3.893e4
413.0	2.522e3
413.5	1.818e5
414.5	7.677e4
415.5	6.121e4
416.1	7.183e3
416.6	1.309e5
417.5	5.908e4
418.4	3.140e4
419.4	5.028e4
420.3	3.277e4
421.2	6.522e4
421.8	6.689e3
422.4	4.120e4
423.0	5.707e3
423.5	1.427e5
424.4	5.846e4
424.9	1.021e3
425.4	5.759e4
426.4	3.965e4
426.9	3.310e3
427.5	1.435e5
428.5	7.205e4
429.4	6.203e4
430.1	1.964e4
430.9	1.642e5
431.7	9.076e4
432.5	3.376e4
433.4	3.795e4
434.4	3.769e4
435.3	4.632e4
436.1	7.627e4
436.8	1.486e4
437.4	7.388e4
438.0	5.771e3
438.5	1.994e5
439.4	9.204e4
440.3	4.430e4
440.9	4.986e3
441.5	1.051e5
442.4	5.293e4
443.3	1.383e5
443.9	4.036e3
444.4	5.192e4
445.0	7.312e3
445.6	1.865e5
446.5	6.375e4
447.4	4.050e4
448.4	3.549e4
448.9	5.140e2
449.4	8.319e4
450.3	5.928e4
451.3	7.744e4
451.9	8.958e3
452.5	1.200e5
453.5	1.012e5
454.4	1.543e5
454.9	1.267e3
455.4	8.620e4
456.0	6.203e3
456.5	5.756e4
457.6	1.645e5
458.5	7.969e4
459.5	8.223e4
460.0	1.028e4
460.6	1.793e5
461.4	7.093e4
462.4	3.816e4
463.4	5.390e4
464.0	1.288e4
464.7	1.424e5
465.5	6.636e4
466.4	6.793e4
467.0	9.090e3
467.6	1.821e5
468.4	8.130e4
469.3	4.585e4
470.1	6.365e4
470.8	1.588e4
471.6	1.678e5
472.6	8.617e4
473.5	6.045e4
474.1	3.971e3
474.6	1.406e5
475.5	7.276e4
476.3	9.483e4
476.8	2.294e3
477.4	3.793e4
478.0	3.276e3
478.5	9.941e4
479.4	7.379e4
480.3	1.192e5
480.9	7.922e3
481.5	9.232e4
482.0	5.042e3
482.6	2.057e5
483.5	7.338e4
484.0	9.760e2
484.5	3.685e4
485.0	1.216e3
485.6	1.110e5
486.6	8.400e4
487.4	1.417e5
487.9	1.270e3
488.5	6.383e4
489.1	1.076e4
489.7	1.902e5
490.6	6.304e4
491.4	3.832e4
492.4	3.465e4
493.4	3.952e4
494.2	9.032e4
494.8	1.007e4
495.4	9.461e4
496.0	4.093e3
496.5	3.153e5
497.5	1.614e5
498.3	3.137e4
499.0	1.001e5
499.9	5.705e4
500.6	4.663e4
501.6	1.890e5
502.5	1.061e5
503.5	8.934e4
504.1	7.474e3
504.6	1.771e5
505.4	6.400e4
506.4	4.088e4
506.9	1.412e3
507.5	4.490e4
508.3	3.862e4
509.2	1.338e5
509.8	1.882e4
510.5	9.298e4
511.1	6.559e3
511.7	1.856e5
512.5	7.700e4
513.5	5.770e4
514.4	3.143e4
515.0	6.206e3
515.6	2.013e5
516.6	9.659e4
517.5	4.901e4
518.0	2.604e3
518.5	1.956e5
519.5	1.194e5
520.4	9.046e4
521.4	4.540e4
522.0	4.178e3
522.6	9.578e4
523.5	7.398e4
524.5	1.580e5
525.5	1.102e5
526.2	3.406e4
526.8	1.963e5
527.7	4.784e4
528.6	4.774e4
529.6	1.223e5
530.6	7.934e4
531.5	1.355e5
532.5	7.157e4
533.1	4.767e3
533.6	1.387e5
534.5	5.817e4
535.4	4.058e4
536.0	1.089e3
536.5	3.819e4
537.2	1.626e4
537.8	1.141e5
538.6	5.044e4
539.3	7.260e4
539.9	7.439e3
540.6	1.024e5
541.4	1.396e5
541.9	1.499e3
542.4	7.977e4
543.0	3.474e3
543.5	9.489e4
544.5	7.413e4
545.0	8.450e2
545.5	1.731e5
546.5	1.245e5
547.0	1.518e3
547.6	7.976e4
548.1	1.385e3
548.6	1.178e5
549.5	4.359e4
550.5	3.304e4
551.5	4.548e4
552.2	1.292e4
552.8	1.100e5
553.6	5.845e4
554.5	8.109e4
555.2	8.300e3
555.7	1.475e5
556.6	5.710e4
557.5	4.008e4
558.4	4.406e4
559.0	7.109e3
559.7	1.844e5
560.7	1.045e5
561.6	5.494e4
562.1	2.568e3
562.7	8.990e4
563.6	5.620e4
564.5	3.426e4
565.0	3.830e2
565.5	2.383e4
566.5	2.579e4
567.3	7.516e4
567.9	1.309e4
568.6	6.907e4
569.5	5.660e4
570.1	8.619e3
570.7	9.489e4
571.6	4.357e4
572.6	3.082e4
573.1	8.250e2
573.6	1.018e5
574.6	6.939e4
575.5	1.108e5
576.5	5.343e4
577.5	1.362e5
578.4	5.563e4
579.3	3.241e4
579.9	1.312e3
580.4	3.895e4
581.2	1.658e4
581.9	5.598e4
582.5	1.256e3
583.0	4.728e4
583.8	2.362e4
584.7	7.377e4
585.7	5.719e4
586.5	3.485e4
587.1	7.130e2
587.6	5.028e4
588.5	3.584e4
589.1	4.337e3
589.7	1.225e5
590.7	7.029e4
591.6	4.245e4
592.2	5.066e3
592.7	6.522e4
593.5	4.001e4
594.5	3.099e4
595.0	1.111e3
595.5	3.308e4
596.0	6.480e2
596.5	2.928e4
597.5	4.891e4
598.1	1.658e3
598.7	5.212e4
599.2	8.790e2
599.7	8.685e4
600.5	4.041e4
601.1	2.062e3
601.6	3.516e4
602.6	2.309e4
603.1	1.349e3
603.7	1.216e5
604.7	6.791e4
605.6	3.587e4
606.5	5.060e4
607.5	4.153e4
608.4	2.842e4
609.3	2.128e4
609.9	2.548e3
610.5	2.318e4
611.5	3.957e4
612.5	4.967e4
613.0	1.873e3
613.6	4.134e4
614.6	6.241e4
615.5	4.725e4
616.4	2.187e4
617.1	5.114e3
617.7	7.612e4
618.6	4.727e4
619.6	7.835e4
620.6	5.460e4
621.1	4.968e3
621.7	5.899e4
622.6	3.063e4
623.5	2.129e4
624.1	6.049e3
624.8	2.236e4
625.7	3.542e4
626.7	3.813e4
627.6	2.726e4
628.1	2.656e3
628.7	5.357e4
629.6	3.417e4
630.5	2.280e4
631.1	2.441e3
631.7	4.230e4
632.7	2.547e4
633.6	1.095e5
634.2	1.199e3
634.7	8.106e4
635.7	3.964e4
636.2	3.310e2
636.7	4.475e4
637.6	2.609e4
638.6	2.247e4
639.1	3.440e2
639.6	2.325e4
640.6	2.259e4
641.5	3.462e4
642.1	3.348e3
642.7	5.798e4
643.7	5.601e4
644.6	2.837e4
645.6	3.047e4
646.6	1.967e4
647.1	2.285e3
647.7	1.121e5
648.7	5.845e4
649.7	2.651e4
650.3	4.522e3
650.9	2.966e4
651.4	8.110e2
652.0	2.337e4
653.0	1.477e4
653.7	1.119e4
654.6	2.166e4
655.6	2.703e4
656.6	4.263e4
657.2	1.499e3
657.7	2.923e4
658.7	4.039e4
659.6	2.615e4
660.7	2.486e4
661.7	7.386e4
662.7	3.828e4
663.7	1.587e5
664.2	4.780e2
664.7	7.667e4
665.7	4.232e4
666.4	1.553e4
667.2	2.713e4
667.9	6.147e3
668.6	2.018e4
669.6	3.412e4
670.6	3.487e4
671.5	2.845e4
672.1	3.906e3
672.7	3.738e4
673.3	1.407e3
673.8	3.711e4
674.7	1.716e4
675.2	3.700e2
675.7	4.086e4
676.7	2.600e4
677.7	7.904e4
678.7	3.958e4
679.7	2.438e4
680.2	8.320e2
680.7	2.210e4
681.5	1.343e4
682.4	1.560e4
683.0	2.585e3
683.6	1.845e4
684.2	2.176e3
684.7	1.660e4
685.7	5.191e5
686.7	2.833e5
687.2	2.690e2
687.7	8.999e4
688.6	3.449e4
689.2	1.236e3
689.7	3.198e4
690.7	1.955e4
691.7	9.550e4
692.7	4.912e4
693.7	2.836e4
694.6	1.583e4
695.5	2.154e4
696.1	2.299e3
696.7	2.213e4
697.6	1.493e4
698.5	1.583e4
699.1	1.260e3
699.6	3.261e4
700.1	2.880e2
700.7	3.550e4
701.7	7.077e4
702.3	1.940e3
702.8	5.680e4
703.7	4.156e4
704.6	2.327e4
705.2	1.675e3
705.7	7.170e4
706.3	8.730e2
706.8	4.524e4
707.7	4.723e4
708.7	1.121e5
709.7	6.032e4
710.7	2.987e4
711.7	2.302e4
712.6	1.956e4
713.1	3.280e2
713.7	2.654e4
714.2	2.310e2
714.7	2.283e4
715.6	2.213e4
716.2	3.296e3
716.8	3.623e4
717.3	3.760e2
717.8	2.707e4
718.8	2.080e4
719.8	3.769e4
720.7	2.191e4
721.7	7.815e4
722.7	4.922e4
723.7	2.340e4
724.5	4.184e4
725.0	1.640e2
725.5	4.686e4
726.1	1.981e3
726.7	1.355e5
727.2	2.660e2
727.7	8.106e4
728.2	9.050e2
728.7	4.696e4
729.7	2.773e4
730.2	1.825e3
730.8	3.179e4
731.7	2.679e4
732.7	2.035e4
733.2	1.910e2
733.7	2.184e4
734.8	2.526e4
735.7	8.704e4
736.2	1.390e2
736.7	8.492e4
737.7	4.734e4
738.7	2.989e4
739.5	1.001e4
740.2	2.011e4
740.8	4.180e2
741.3	1.504e4
742.2	2.136e4
742.9	8.599e3
743.6	2.103e4
744.2	4.602e3
744.8	3.264e4
745.7	2.546e4
746.7	2.577e4
747.6	1.963e4
748.5	1.641e4
749.1	1.897e3
749.8	8.572e4
750.7	5.537e4
751.2	4.010e2
751.7	4.460e4
752.7	1.793e4
753.6	3.341e4
754.1	1.734e3
754.7	5.711e4
755.7	3.731e4
756.2	1.203e3
756.7	2.147e4
757.6	2.353e4
758.7	2.573e4
759.6	9.075e4
760.1	2.569e3
760.7	7.147e4
761.7	3.210e4
762.3	2.938e3
762.9	1.574e4
763.8	3.154e4
764.8	2.290e4
765.8	5.688e4
766.3	7.430e2
766.8	3.284e4
767.3	4.950e2
767.8	1.552e4
768.7	9.769e3
769.5	1.744e4
770.4	1.067e4
771.2	2.402e4
771.9	7.069e3
772.7	1.707e4
773.3	3.290e3
774.0	1.836e4
774.5	1.617e3
775.1	3.533e4
776.0	1.836e4
776.9	1.625e4
777.4	1.043e3
777.9	2.167e4
778.9	1.161e4
779.8	6.745e4
780.3	8.730e2
780.8	4.447e4
781.7	2.158e4
782.7	2.604e4
783.3	1.611e3
783.8	1.554e4
784.4	3.530e2
784.9	1.881e4
785.5	4.751e3
786.2	1.885e4
787.0	1.275e4
787.8	1.779e4
788.7	1.916e4
789.7	1.766e4
790.5	7.569e3
791.2	2.497e4
791.9	1.135e4
792.7	2.303e4
793.2	1.359e3
793.8	4.518e4
794.8	3.189e4
795.8	2.475e4
796.7	3.992e4
797.3	1.518e3
797.8	2.872e4
798.8	1.623e4
799.7	1.320e4
800.6	1.326e4
801.2	4.330e2
801.7	1.925e4
802.2	6.970e2
802.8	2.351e4
803.7	1.826e4
804.3	2.399e3
804.9	2.126e4
805.8	1.571e4
806.4	1.200e2
806.9	1.537e4
807.8	2.863e4
808.3	4.910e2
808.9	2.393e4
809.9	4.352e4
810.8	2.816e4
811.8	1.896e4
812.5	6.098e3
813.3	1.220e4
813.9	2.308e3
814.5	1.385e4
815.1	2.563e3
815.7	1.462e4
816.4	2.384e3
817.0	1.284e4
817.9	1.157e4
818.9	2.792e4
819.8	2.022e4
820.3	6.460e2
820.8	1.530e4
821.4	2.175e3
822.0	1.646e4
822.9	1.091e4
823.8	4.421e4
824.8	2.670e4
825.8	1.763e4
826.7	1.341e4
827.2	4.790e2
827.7	1.246e4
828.3	9.550e2
828.9	1.169e4
829.8	7.744e3
830.6	1.092e4
831.1	1.100e2
831.6	1.434e4
832.4	5.246e3
833.2	2.163e4
834.1	1.461e4
834.9	1.168e4
835.8	1.838e4
836.8	9.393e3
837.4	1.516e3
837.9	2.932e4
838.4	4.110e2
839.0	2.587e4
839.9	2.142e4
840.9	2.439e4
841.9	1.640e4
842.8	9.146e3
843.7	6.602e3
844.6	1.245e4
845.2	6.510e2
845.8	1.145e4
846.7	1.281e4
847.7	2.039e4
848.3	2.567e3
848.9	1.798e4
849.9	1.592e4
850.9	1.122e4
851.4	3.710e2
851.9	1.748e4
852.9	1.438e4
853.9	2.759e4
854.4	2.330e2
854.9	1.881e4
855.6	2.194e3
856.2	1.337e4
857.1	7.653e3
857.7	7.820e2
858.3	1.082e4
858.9	4.803e3
859.6	1.440e4
860.6	1.059e4
861.1	6.780e2
861.7	1.265e4
862.3	2.862e3
862.9	1.726e4
863.8	9.110e3
864.7	1.218e4
865.3	2.506e3
866.0	1.311e4
866.9	1.073e4
867.9	2.852e4
868.4	1.590e2
868.9	1.802e4
869.8	1.126e4
870.5	3.452e3
871.2	9.027e3
871.7	5.700e2
872.3	8.765e3
873.1	5.000e3
873.9	8.815e3
874.7	8.025e3
875.6	1.327e4
876.2	3.051e3
876.9	1.304e4
877.4	8.560e2
878.0	1.502e4
878.7	3.559e3
879.3	1.274e4
880.0	3.401e3
880.8	1.238e4
881.3	1.105e3
881.9	2.468e4
882.9	1.377e4
883.9	1.623e4
884.9	1.518e4
885.8	1.109e4
886.8	9.712e3
887.4	7.100e1
887.9	7.560e3
888.5	1.054e3
889.1	7.228e3
889.9	9.110e3
890.5	1.213e3
891.1	1.235e4
892.0	1.071e4
892.5	6.400e1
893.0	1.289e4
893.9	1.211e4
894.8	7.250e3
895.7	1.312e4
896.3	2.180e2
896.8	1.142e4
897.4	2.939e3
898.0	1.717e4
899.0	1.193e4
899.9	8.468e3
900.7	1.037e4
901.3	1.205e3
901.9	1.015e4
902.9	1.234e4
903.4	7.860e2
904.0	1.071e4
904.8	5.272e3
905.8	8.854e3
906.4	6.930e2
907.0	1.610e4
907.9	1.281e4
908.5	1.930e2
909.0	8.959e3
909.9	9.031e3
910.5	1.663e3
911.1	9.170e3
912.1	3.145e4
913.0	2.204e4
913.5	1.180e3
914.0	1.202e4
914.7	2.640e3
915.4	6.739e3
916.1	2.027e3
916.8	7.528e3
917.8	6.790e3
918.7	8.914e3
919.2	1.520e2
919.7	6.916e3
920.6	1.053e4
921.2	5.100e1
921.7	1.473e4
922.6	1.086e4
923.6	9.900e3
924.2	2.733e3
924.8	1.030e4
925.3	3.930e2
925.9	1.547e4
926.5	1.526e3
927.1	1.436e4
927.9	9.449e3
928.7	1.345e4
929.7	7.603e3
930.7	1.011e4
931.4	1.206e3
932.0	8.677e3
932.7	3.875e3
933.4	1.044e4
934.2	6.046e3
934.9	3.691e3
935.6	1.940e4
936.1	3.750e2
936.6	1.623e4
937.2	1.489e3
937.8	1.066e4
938.4	7.490e2
939.0	1.011e4
939.9	1.020e4
940.9	1.012e4
941.9	1.592e4
942.5	1.226e3
943.1	1.089e4
944.0	1.139e4
944.7	4.156e3
945.4	1.006e4
946.0	1.862e3
946.7	9.820e3
947.6	6.452e3
948.2	7.140e2
948.7	9.546e3
949.4	2.247e3
950.0	6.607e3
950.9	9.767e3
951.6	1.612e3
952.2	1.146e4
953.1	5.928e3
954.0	1.109e4
954.9	6.460e3
955.7	1.550e4
956.3	1.178e3
956.9	1.347e4
957.8	6.619e3
958.7	8.875e3
959.2	2.459e3
959.9	1.502e4
960.9	1.308e4
961.4	7.370e2
962.0	1.490e4
963.0	1.017e4
963.8	5.512e3
964.8	1.083e4
965.7	9.023e3
966.7	6.959e3
967.5	9.734e3
968.3	3.222e3
969.0	9.994e3
970.0	1.092e4
970.9	9.291e3
971.9	1.115e4
972.9	1.045e4
973.4	9.200e1
973.9	7.169e3
974.5	7.390e2
975.1	1.104e4
975.7	6.410e2
976.2	9.247e3
977.1	4.444e3
977.9	6.987e3
978.5	2.427e3
979.2	8.507e3
979.8	2.608e3
980.5	9.027e3
981.5	7.360e3
982.1	8.720e2
982.7	1.082e4
983.2	5.410e2
983.8	1.186e4
984.7	6.702e3
985.3	1.054e3
985.9	1.380e4
986.9	1.099e4
987.5	1.796e3
988.2	8.770e3
988.7	6.380e2
989.2	8.800e3
990.2	7.499e3
991.0	3.647e3
991.7	9.500e3
992.3	9.730e2
992.9	6.023e3
993.8	1.038e4
994.5	1.242e3
995.1	9.563e3
995.9	5.702e3
996.7	6.865e3
997.7	9.107e3
998.5	3.038e3
999.2	7.309e3
1000.1	1.367e4
1001.0	8.811e3
1002.0	9.278e3
1002.9	5.121e3
1003.7	8.818e3
1004.7	8.891e3
1005.2	1.480e2
1005.7	6.615e3
1006.6	6.206e3
1007.2	1.468e3
1007.8	7.765e3
1008.7	4.704e3
1009.4	1.126e4
1010.3	5.065e3
1011.2	9.687e3
1012.1	4.820e3
1013.0	7.467e3
1014.0	1.254e4
1015.0	9.580e3
1015.5	1.970e2
1016.0	8.049e3
1017.0	8.455e3
1017.6	8.860e2
1018.1	8.099e3
1018.8	1.056e3
1019.3	9.440e3
1020.1	1.769e3
1020.9	8.411e3
1021.8	7.267e3
1022.8	6.696e3
1023.8	7.515e3
1024.5	2.476e3
1025.3	1.108e4
1026.2	6.049e3
1027.1	9.023e3
1028.0	8.136e3
1028.9	8.845e3
1029.5	1.049e3
1030.0	1.225e4
1030.6	7.600e2
1031.2	1.090e4
1031.9	2.448e3
1032.7	1.170e4
1033.5	5.262e3
1034.4	9.131e3
1035.1	2.444e3
1035.8	6.511e3
1036.5	1.819e3
1037.2	7.533e3
1037.7	4.540e2
1038.3	6.923e3
1039.1	4.389e3
1039.8	1.061e4
1040.7	7.727e3
1041.3	1.414e3
1041.9	8.647e3
1042.5	3.630e2
1043.1	9.855e3
1044.0	1.069e4
1045.0	1.103e4
1045.6	8.120e2
1046.2	7.883e3
1046.9	2.957e3
1047.6	9.449e3
1048.5	3.792e3
1049.3	5.618e3
1050.3	8.413e3
1051.3	3.533e3
1052.1	7.066e3
1052.7	5.520e2
1053.2	1.094e4
1054.1	5.898e3
1055.0	7.280e3
1056.0	1.055e4
1056.5	9.000e1
1057.0	1.046e4
1057.9	1.065e4
1058.5	6.850e2
1059.1	8.890e3
1059.6	1.340e2
1060.2	1.007e4
1060.9	3.393e3
1061.6	9.757e3
1062.6	5.083e3
1063.5	7.191e3
1064.1	3.770e2
1064.6	6.694e3
1065.3	2.918e3
1065.9	9.100e3
1066.5	1.510e2
1067.0	6.884e3
1067.9	9.033e3
1068.6	1.227e3
1069.2	7.545e3
1069.7	2.870e2
1070.3	6.487e3
1071.0	3.920e3
1071.8	9.405e3
1072.8	8.918e3
1073.3	1.060e2
1073.9	9.626e3
1074.5	8.940e2
1075.2	8.768e3
1075.7	1.820e2
1076.2	9.167e3
1077.0	5.880e3
1077.9	8.992e3
1078.5	1.368e3
1079.2	8.045e3
1080.2	4.006e3
1081.1	8.301e3
1081.7	1.401e3
1082.3	9.485e3
1083.2	5.338e3
1084.0	7.619e3
1085.0	6.127e3
1086.0	6.018e3
1086.9	4.387e3
1087.8	1.122e4
1088.5	2.799e3
1089.2	8.090e3
1089.8	3.130e2
1090.3	6.546e3
1091.0	2.245e3
1091.6	8.115e3
1092.4	3.482e3
1093.3	7.874e3
1094.2	5.164e3
1094.9	4.888e3
1095.8	4.723e3
1096.6	2.245e3
1097.3	8.186e3
1098.3	4.947e3
1099.2	8.060e3
1100.1	3.834e3
1101.0	6.990e3
1101.6	5.100e1
1102.1	8.007e3
1102.7	1.407e3
1103.3	5.853e3
1104.2	8.035e3
1105.0	4.169e3
1105.8	7.287e3
1106.6	5.222e3
1107.5	7.164e3
1108.5	5.815e3
1109.2	1.710e3
1109.9	6.447e3
1110.4	1.400e2
1111.0	5.777e3
1111.6	1.100e3
1112.2	6.804e3
1113.2	6.571e3
1113.7	2.200e2
1114.2	6.056e3
1114.9	2.220e3
1115.6	7.341e3
1116.1	1.130e2
1116.7	9.086e3
1117.4	2.509e3
1118.1	9.370e3
1119.0	5.364e3
1119.9	6.791e3
1120.8	6.219e3
1121.8	6.175e3
1122.6	1.679e3
1123.3	6.384e3
1124.1	3.324e3
1124.8	6.050e3
1125.6	3.258e3
1126.5	5.236e3
1127.1	6.730e2
1127.6	6.556e3
1128.6	5.360e3
1129.5	8.306e3
1130.1	5.930e2
1130.7	8.029e3
1131.5	2.246e3
1132.4	6.160e3
1133.2	5.194e3
1134.1	7.098e3
1135.0	5.763e3
1135.6	1.230e2
1136.1	6.706e3
1136.7	1.128e3
1137.3	5.244e3
1138.1	6.627e3
1138.8	8.090e2
1139.4	6.338e3
1140.4	4.280e3
1141.4	5.746e3
1142.0	9.120e2
1142.6	7.980e3
1143.3	2.703e3
1144.0	5.798e3
1145.0	6.556e3
1145.8	3.367e3
1146.7	7.199e3
1147.2	7.470e2
1147.9	5.641e3
1148.9	7.147e3
1149.5	1.462e3
1150.2	7.637e3
1150.8	1.111e3
1151.4	1.048e4
1152.0	1.500e3
1152.7	7.793e3
1153.6	1.136e4
1154.6	7.400e3
1155.3	2.472e3
1155.9	8.648e3
1156.7	5.618e3
1157.4	1.251e3
1158.0	1.326e4
1159.0	1.242e4
1159.9	6.773e3
1160.7	3.710e3
1161.6	5.266e3
1162.3	2.658e3
1163.1	5.951e3
1164.0	4.284e3
1164.6	5.660e2
1165.1	5.774e3
1165.8	2.415e3
1166.6	5.302e3
1167.2	7.510e2
1167.9	4.389e3
1168.9	6.491e3
1169.6	1.572e3
1170.2	7.736e3
1171.1	6.032e3
1171.7	1.349e3
1172.3	6.864e3
1173.2	5.051e3
1174.1	4.738e3
1175.0	7.102e3
1175.9	5.613e3
1176.4	6.510e2
1177.0	6.826e3
1178.0	4.714e3
1178.6	9.690e2
1179.2	6.561e3
1179.9	1.834e3
1180.6	5.412e3
1181.6	4.537e3
1182.4	5.276e3
1183.0	9.540e2
1183.6	6.770e3
1184.6	4.972e3
1185.2	1.256e3
1185.9	6.648e3
1186.9	7.125e3
1187.8	4.468e3
1188.4	9.520e2
1189.0	4.845e3
1189.9	3.085e3
1190.7	4.756e3
1191.5	7.185e3
1192.2	1.239e3
1192.9	6.642e3
1193.5	1.448e3
1194.1	6.284e3
1195.1	3.760e3
1196.1	6.527e3
1196.9	2.501e3
1197.8	6.786e3
1198.6	2.738e3
1199.3	6.909e3
1200.1	3.558e3
1200.8	7.183e3
1201.3	1.100e2
1201.8	6.827e3
1202.5	6.720e2
1203.0	3.662e3
1203.9	7.436e3
1204.7	2.094e3
1205.6	4.941e3
1206.6	6.595e3
1207.6	7.594e3
1208.3	1.531e3
1208.9	5.932e3
1209.8	3.826e3
1210.7	6.416e3
1211.2	1.160e2
1211.7	4.949e3
1212.5	2.054e3
1213.2	6.080e3
1214.2	5.741e3
1215.2	5.321e3
1215.7	2.420e2
1216.2	5.636e3
1216.9	1.165e3
1217.5	5.345e3
1218.5	5.615e3
1219.5	4.802e3
1220.6	5.128e3
1221.2	4.880e2
1221.8	4.513e3
1222.4	5.960e2
1223.0	4.041e3
1223.8	2.777e3
1224.6	6.092e3
1225.3	2.360e3
1226.1	8.598e3
1226.8	2.084e3
1227.6	4.510e3
1228.4	6.033e3
1229.1	1.152e3
1229.7	6.205e3
1230.4	1.192e3
1231.0	6.106e3
1231.9	3.286e3
1232.9	5.720e3
1233.8	3.058e3
1234.7	5.647e3
1235.7	7.290e3
1236.7	4.444e3
1237.6	5.771e3
1238.6	4.688e3
1239.4	5.045e3
1240.3	2.800e3
1241.1	4.826e3
1242.1	4.022e3
1243.0	6.040e3
1243.6	1.880e2
1244.1	5.097e3
1245.0	4.614e3
1245.9	5.252e3
1246.5	2.990e2
1247.1	4.048e3
1247.7	8.770e2
1248.3	6.624e3
1249.0	1.625e3
1249.8	5.498e3
1250.7	5.750e3
1251.5	2.249e3
1252.2	6.148e3
1253.2	4.109e3
1254.2	4.665e3
1254.7	9.100e1
1255.2	5.517e3
1255.8	6.050e2
1256.4	5.100e3
1257.3	3.665e3
1258.2	5.964e3
1259.1	2.565e3
1259.8	5.903e3
1260.4	4.380e2
1260.9	5.531e3
1261.5	5.680e2
1262.1	5.727e3
1263.0	4.333e3
1263.9	6.415e3
1264.7	1.855e3
1265.4	3.805e3
1266.0	1.100e2
1266.5	4.082e3
1267.3	1.248e3
1268.0	5.268e3
1268.6	1.110e3
1269.3	5.550e3
1269.8	4.750e2
1270.4	5.566e3
1270.9	1.060e2
1271.5	5.258e3
1272.5	6.196e3
1273.3	4.066e3
1274.2	5.798e3
1274.9	1.055e3
1275.6	5.825e3
1276.3	2.175e3
1277.0	4.817e3
1277.8	3.906e3
1278.7	6.726e3
1279.4	1.441e3
1280.2	4.308e3
1281.0	2.198e3
1281.8	5.795e3
1282.8	4.429e3
1283.4	5.420e2
1283.9	5.386e3
1284.8	3.033e3
1285.8	7.065e3
1286.8	5.605e3
1287.4	9.270e2
1287.9	6.159e3
1288.7	1.707e3
1289.4	4.753e3
1290.0	4.360e2
1290.6	5.037e3
1291.1	1.310e2
1291.6	3.893e3
1292.5	7.304e3
1293.2	9.480e2
1293.8	5.586e3
1294.8	4.924e3
1295.3	8.500e1
1295.8	5.908e3
1296.8	7.375e3
1297.8	1.763e3
1298.7	4.488e3
1299.2	1.700e1
1299.7	4.780e3
1300.7	5.865e3
1301.6	5.430e3
1302.6	4.776e3
1303.5	4.279e3
1304.5	5.335e3
1305.4	4.226e3
1306.0	9.700e1
1306.5	3.525e3
1307.4	3.970e3
1308.4	5.729e3
1309.0	6.480e2
1309.6	5.761e3
1310.2	2.890e2
1310.8	3.700e3
1311.4	1.720e2
1311.9	6.349e3
1312.9	4.260e3
1313.8	4.499e3
1314.7	5.257e3
1315.6	5.904e3
1316.4	3.771e3
1317.3	5.949e3
1317.8	6.400e1
1318.3	4.657e3
1318.9	7.600e2
1319.4	4.692e3
1320.3	6.603e3
1321.2	2.248e3
1322.2	4.877e3
1322.8	1.262e3
1323.5	4.581e3
1324.4	3.338e3
1325.4	4.921e3
1326.1	2.686e3
1326.9	4.672e3
1327.8	5.945e3
1328.3	1.490e2
1328.8	3.813e3
1329.7	7.297e3
1330.7	4.269e3
1331.6	4.446e3
1332.6	6.422e3
1333.4	3.352e3
1334.3	5.497e3
1335.1	2.293e3
1335.9	4.211e3
1336.4	4.990e2
1337.0	6.019e3
1337.9	4.868e3
1338.7	1.442e3
1339.3	4.929e3
1340.0	7.470e2
1340.7	6.515e3
1341.5	4.062e3
1342.4	5.142e3
1343.2	3.575e3
1344.1	4.578e3
1344.9	3.187e3
1345.4	1.900e1
1345.9	4.602e3
1346.9	3.988e3
1347.6	9.440e2
1348.2	4.317e4
1349.3	4.432e4
1349.8	1.610e2
1350.3	2.556e4
1351.3	8.898e3
1352.2	2.729e3
1353.0	5.783e3
1353.8	1.655e3
1354.5	3.862e3
1355.3	3.018e3
1356.2	3.735e3
1356.9	8.880e2
1357.5	5.802e3
1358.2	1.213e3
1358.8	5.059e3
1359.5	8.910e2
1360.1	5.147e3
1360.8	1.264e3
1361.6	6.053e3
1362.2	1.161e3
1362.8	5.114e3
1363.6	2.750e3
1364.4	7.325e3
1365.4	3.481e3
1366.2	6.249e3
1366.8	3.040e2
1367.3	4.520e3
1368.3	3.226e3
1369.2	6.266e3
1369.8	1.019e3
1370.4	4.682e3
1371.3	2.658e3
1372.2	4.143e3
1372.8	9.720e2
1373.4	4.248e3
1374.1	1.159e3
1374.8	3.989e3
1375.3	4.500e2
1375.9	5.302e3
1376.5	7.670e2
1377.1	3.918e3
1378.1	6.380e3
1379.0	3.279e3
1379.8	6.364e3
1380.8	4.286e3
1381.7	3.702e3
1382.7	5.680e3
1383.4	1.542e3
1384.1	3.876e3
1384.8	1.539e3
1385.5	3.639e3
1386.5	5.827e3
1387.2	1.707e3
1388.2	5.528e3
1389.1	3.841e3
1389.9	2.340e3
1390.8	4.320e3
1391.6	2.437e3
1392.2	7.210e2
1392.9	4.408e3
1393.9	6.222e3
1394.8	2.474e3
1395.5	5.217e3
1396.1	3.420e2
1396.6	4.892e3
1397.3	8.140e2
1398.0	2.534e3
1398.9	5.888e3
1399.7	1.827e3
1400.4	3.113e3
1401.3	5.285e3
1402.1	1.422e3
1402.9	7.182e3
1403.7	1.892e3
1404.4	5.599e3
1405.2	2.022e3
1405.9	4.102e3
1406.4	5.190e2
1407.1	3.824e3
1407.6	4.100e1
1408.1	2.513e3
1409.0	3.889e3
1409.7	4.980e2
1410.3	6.099e3
1411.1	1.949e3
1411.8	4.350e3
1412.7	5.744e3
1413.6	3.883e3
1414.4	3.583e3
1415.3	4.460e3
1416.1	6.008e3
1417.1	4.658e3
1417.9	2.861e3
1418.9	3.749e3
1419.9	5.072e3
1420.6	1.842e3
1421.4	4.989e3
1422.3	4.134e3
1423.0	2.314e3
1423.8	5.526e3
1424.6	2.999e3
1425.3	6.430e3
1426.0	1.839e3
1426.9	2.477e3
1427.8	4.972e3
1428.3	5.130e2
1428.9	4.748e3
1429.9	4.804e3
1431.0	5.544e3
1431.9	3.818e3
1432.5	1.200e1
1433.0	3.063e3
1433.5	1.700e1
1434.0	2.820e3
1434.8	7.660e2
1435.5	3.660e3
1436.2	1.154e3
1436.9	2.947e3
1437.9	2.843e3
1438.9	3.797e3
1439.8	3.289e3
1440.6	4.006e3
1441.6	3.008e3
1442.4	1.658e3
1443.1	3.195e3
1444.0	5.162e3
1444.5	3.150e2
1445.1	5.275e3
1446.0	3.661e3
1446.6	1.035e3
1447.2	4.907e3
1447.8	8.310e2
1448.6	4.153e3
1449.2	8.410e2
1449.8	4.802e3
1450.6	1.573e3
1451.4	5.015e3
1452.2	2.136e3
1453.1	4.328e3
1453.9	2.528e3
1454.4	9.400e1
1455.0	3.917e3
1455.9	4.813e3
1456.4	2.430e2
1457.0	5.011e3
1457.9	6.108e3
1458.7	1.394e3
1459.7	6.225e3
1460.3	5.200e2
1460.9	4.044e3
1461.8	3.562e3
1462.3	5.970e2
1463.0	2.910e3
1463.7	1.461e3
1464.5	3.910e3
1465.5	3.263e3
1466.2	1.080e3
1467.0	3.208e3
1467.8	2.130e3
1468.7	4.356e3
1469.4	1.305e3
1470.1	5.031e3
1471.1	3.175e3
1471.6	7.800e1
1472.1	5.093e3
1472.7	1.320e2
1473.3	4.861e3
1473.9	1.462e3
1474.7	5.934e3
1475.4	8.460e2
1476.0	5.363e3
1476.8	1.044e3
1477.5	6.023e3
1478.1	2.770e2
1478.6	4.017e3
1479.6	3.813e3
1480.1	1.020e2
1480.7	3.852e3
1481.4	1.249e3
1482.1	4.874e3
1482.6	4.800e1
1483.1	4.534e3
1483.8	9.600e2
1484.5	3.193e3
1485.1	1.480e2
1485.6	3.533e3
1486.5	2.649e3
1487.2	1.714e3
1487.9	3.329e3
1488.9	3.085e3
1489.4	1.140e2
1490.0	4.069e3
1490.9	2.494e3
1491.8	2.576e3
1492.7	5.214e3
1493.6	3.367e3
1494.4	1.330e3
1495.3	4.926e3
1496.2	2.970e3
1497.2	3.808e3
1498.2	4.238e3
1499.1	3.555e3
1499.8	1.575e3
1500.6	4.325e3
1501.2	8.630e2
1501.8	3.657e3
1502.4	1.990e2
1502.9	3.224e3
1503.7	1.094e3
1504.4	5.513e3
1505.5	5.905e3
1506.3	1.358e3
1507.0	5.069e3
1507.6	1.093e3
1508.3	5.208e3
1509.2	3.634e3
1509.8	5.700e2
1510.4	3.742e3
1511.4	4.000e3
1512.0	8.920e2
1512.6	4.646e3
1513.6	3.788e3
1514.5	3.075e3
1515.5	2.920e3
1516.3	2.063e3
1517.1	3.529e3
1517.9	2.825e3
1518.9	3.288e3
1519.7	2.344e3
1520.7	4.815e3
1521.5	8.860e2
1522.3	3.485e3
1522.9	1.582e3
1523.7	4.680e3
1524.6	2.697e3
1525.2	1.950e2
1525.7	3.526e3
1526.3	5.690e2
1526.9	4.027e3
1527.6	1.225e3
1528.5	2.644e3
1529.2	3.282e3
1530.2	3.518e3
1530.8	6.400e2
1531.4	5.426e3
1532.3	3.027e3
1533.2	3.075e3
1533.9	2.920e2
1534.5	4.606e3
1535.4	2.293e3
1536.5	5.376e3
1537.5	3.070e3
1538.5	4.753e3
1539.1	1.571e3
1539.9	3.435e3
1540.8	1.594e3
1541.6	3.607e3
1542.3	1.069e3
1543.0	3.575e3
1543.7	8.710e2
1544.5	4.278e3
1545.1	1.141e3
1545.7	3.863e3
1546.3	3.780e2
1546.9	4.185e3
1547.7	1.173e3
1548.4	4.858e3
1549.3	1.863e3
1550.3	3.848e3
1551.1	6.820e2
1551.9	2.717e3
1552.4	1.620e2
1553.0	3.357e3
1554.1	4.299e3
1555.0	2.621e3
1555.7	1.532e3
1556.4	3.127e3
1557.2	2.636e3
1558.0	3.071e3
1559.0	3.135e3
1559.7	1.552e3
1560.6	4.369e3
1561.3	7.720e2
1561.9	3.537e3
1562.9	3.612e3
1564.0	3.280e3
1564.6	4.470e2
1565.3	1.975e3
1566.2	3.854e3
1567.3	3.710e3
1568.3	4.085e3
1569.3	2.060e3
1570.2	4.476e3
1570.8	3.750e2
1571.4	4.000e3
1572.1	1.553e3
1572.9	3.518e3
1573.8	2.764e3
1574.3	2.320e2
1574.9	3.891e3
1575.9	1.991e3
1576.8	4.058e3
1577.8	2.601e3
1578.3	3.990e2
1579.0	3.575e3
1579.6	5.290e2
1580.2	2.036e3
1581.2	3.387e3
1581.7	4.980e2
1582.3	2.040e3
1583.2	4.050e3
1583.7	9.800e1
1584.2	3.752e3
1585.2	1.997e3
1586.2	2.509e3
1586.9	1.706e3
1587.8	3.783e3
1588.4	4.240e2
1589.0	2.903e3
1589.7	8.540e2
1590.4	1.942e3
1591.2	2.677e3
1591.7	1.670e2
1592.3	1.959e3
1593.2	2.724e3
1593.9	5.860e2
1594.5	4.019e3
1595.3	4.670e2
1595.9	4.154e3
1596.5	4.300e2
1597.1	4.320e3
1598.0	2.687e3
1599.0	3.884e3
1599.6	7.850e2
1600.3	3.125e3
1601.1	2.158e3
1602.0	3.258e3
1602.6	9.010e2
1603.2	2.375e3
1603.9	3.930e2
1604.4	2.814e3
1605.0	2.070e2
1605.5	4.032e3
1606.4	2.560e3
1607.1	7.490e2
1607.9	4.563e3
1608.6	1.110e3
1609.3	2.519e3
1610.2	4.983e3
1610.9	7.710e2
1611.7	3.153e3
1612.3	2.150e2
1612.8	2.634e3
1613.7	2.174e3
1614.5	3.232e3
1615.4	1.210e3
1616.1	2.677e3
1617.0	3.556e3
1617.9	3.830e3
1618.9	1.881e3
1619.4	1.000e1
1619.9	3.998e3
1620.7	1.086e3
1621.6	5.025e3
1622.5	2.152e3
1623.4	3.830e3
1624.1	6.090e2
1624.8	3.919e3
1625.6	1.085e3
1626.2	2.685e3
1627.1	4.900e3
1627.8	1.404e3
1628.6	2.819e3
1629.4	2.189e3
1630.3	3.202e3
1631.1	2.036e3
1631.9	3.037e3
1632.9	3.105e3
1633.6	1.383e3
1634.5	2.898e3
1635.0	3.100e1
1635.5	3.113e3
1636.5	3.231e3
1637.4	2.457e3
1638.2	5.490e2
1638.8	4.524e3
1639.3	1.310e2
1639.8	1.852e3
1640.7	2.100e3
1641.4	8.370e2
1642.1	3.369e3
1643.2	3.194e3
1643.8	4.070e2
1644.4	3.161e3
1644.9	3.410e2
1645.6	4.855e3
1646.5	2.235e3
1647.4	3.494e3
1648.3	2.129e3
1649.1	1.856e3
1650.1	3.241e3
1650.7	3.600e1
1651.2	2.557e3
1652.2	2.465e3
1653.2	3.057e3
1653.9	1.051e3
1654.7	4.827e3
1655.4	7.360e2
1656.0	2.950e3
1656.9	1.808e3
1657.8	3.831e3
1658.4	3.920e2
1659.0	1.744e3
1659.8	3.578e3
1660.7	2.445e3
1661.3	5.170e2
1661.9	2.318e3
1662.9	1.757e3
1663.8	2.736e3
1664.5	9.190e2
1665.3	2.407e3
1665.9	5.090e2
1666.5	2.431e3
1667.5	3.403e3
1668.3	1.706e3
1669.2	3.360e3
1669.9	8.290e2
1670.6	2.915e3
1671.6	3.268e3
1672.7	2.856e3
1673.4	9.320e2
1674.2	2.880e3
1674.8	2.100e1
1675.3	3.347e3
1675.9	7.270e2
1676.6	3.178e3
1677.5	2.783e3
1678.2	8.730e2
1679.0	2.370e3
1679.6	6.030e2
1680.3	3.099e3
1681.3	3.729e3
1682.2	3.103e3
1682.8	3.510e2
1683.4	2.814e3
1684.4	2.569e3
1685.1	1.300e3
1685.7	2.251e3
1686.7	3.139e3
1687.3	2.260e2
1687.8	2.778e3
1688.9	3.778e3
1689.6	7.400e2
1690.4	3.242e3
1691.0	4.200e2
1691.7	2.790e3
1692.7	1.242e3
1693.7	3.689e3
1694.3	3.280e2
1695.0	3.344e3
1695.7	9.600e1
1696.2	2.331e3
1697.2	2.228e3
1698.1	2.539e3
1699.0	2.820e3
1699.7	6.800e2
1700.4	2.275e3
1700.9	4.000e0
1701.5	2.156e3
1702.3	2.783e3
1703.0	5.330e2
1703.6	2.720e3
1704.3	7.610e2
1705.0	2.748e3
1705.6	3.370e2
1706.3	2.494e3
1706.8	1.510e2
1707.3	2.663e3
1707.9	6.600e1
1708.4	3.981e3
1709.4	2.953e3
1710.4	2.269e3
1711.2	3.205e3
1712.1	1.890e3
1712.8	8.270e2
1713.6	3.492e3
1714.6	2.906e3
1715.4	1.706e3
1716.1	7.090e2
1716.8	4.082e3
1717.8	3.916e3
1718.5	6.940e2
1719.2	4.184e3
1719.9	9.920e2
1720.6	3.392e3
1721.5	2.091e3
1722.3	2.839e3
1722.9	2.250e2
1723.5	2.553e3
1724.2	9.590e2
1724.9	2.538e3
1725.5	3.420e2
1726.0	2.066e3
1727.0	2.370e3
1728.0	3.320e3
1728.5	2.220e2
1729.1	3.482e3
1729.8	8.660e2
1730.4	3.316e3
1731.0	1.340e2
1731.6	2.373e3
1732.4	4.520e2
1733.0	3.119e3
1734.0	2.142e3
1734.8	3.196e3
1735.4	8.300e1
1735.9	3.544e3
1736.5	7.460e2
1737.2	3.547e3
1737.8	1.900e1
1738.3	2.445e3
1739.4	3.549e3
1740.1	9.140e2
1740.8	3.741e3
1741.3	7.300e1
1741.9	3.009e3
1742.7	1.416e3
1743.6	2.650e3
1744.3	2.313e3
1745.3	2.685e3
1746.2	2.668e3
1746.9	3.530e2
1747.6	2.695e3
1748.3	5.290e2
1748.9	3.046e3
1749.5	3.150e2
1750.1	2.312e3
1751.1	2.873e3
1752.2	2.743e3
1752.8	1.810e2
1753.4	2.370e3
1754.4	1.640e3
1755.1	6.400e2
1755.8	2.531e3
1756.5	1.767e3
1757.4	6.240e2
1758.1	3.698e3
1758.7	2.470e2
1759.2	3.164e3
1760.3	1.746e3
1761.1	2.813e3
1761.8	1.008e3
1762.6	2.041e3
1763.2	1.350e2
1763.8	3.202e3
1764.8	4.502e3
1765.8	2.376e3
1766.4	2.440e2
1767.0	3.122e3
1767.9	2.111e3
1768.5	9.310e2
1769.2	3.092e3
1770.0	6.500e2
1770.7	2.136e3
1771.4	5.740e2
1772.0	1.771e3
1772.9	2.790e3
1773.4	2.310e2
1774.0	3.326e3
1774.7	5.910e2
1775.4	3.403e3
1776.4	4.306e3
1776.9	1.890e2
1777.5	3.364e3
1778.0	3.630e2
1778.7	2.122e3
1779.3	4.320e2
1780.0	2.201e3
1780.5	3.850e2
1781.1	1.735e3
1781.7	4.000e2
1782.3	3.204e3
1783.0	9.100e2
1783.8	3.090e3
1784.5	5.220e2
1785.2	2.317e3
1785.9	5.760e2
1786.6	2.358e3
1787.3	3.530e2
1788.0	2.715e3
1788.9	3.603e3
1789.6	5.480e2
1790.3	2.381e3
1791.2	3.067e3
1792.1	9.560e2
1792.8	4.781e3
1793.7	7.710e2
1794.4	2.993e3
1795.5	3.274e3
1796.0	3.630e2
1796.7	1.557e3
1797.5	3.163e3
1798.1	4.070e2
1798.8	2.326e3
1799.4	1.460e2
1799.9	1.862e3
1800.4	5.000e0
1800.9	2.744e3
1801.6	2.400e2
1802.2	2.258e3
1802.7	1.480e2
1803.3	1.510e3
1803.8	1.150e2
1804.4	3.497e3
1804.9	3.220e2
1805.5	1.803e3
1806.4	1.173e3
1807.2	2.531e3
1807.8	5.680e2
1808.5	2.844e3
1809.1	6.410e2
1809.9	2.594e3
1810.9	2.195e3
1811.4	3.660e2
1812.0	2.272e3
1812.8	1.279e3
1813.7	3.437e3
1814.3	3.330e2
1815.0	2.107e3
1815.7	9.780e2
1816.4	2.321e3
1817.2	2.773e3
1818.1	4.667e3
1819.0	1.432e3
1819.6	8.430e2
1820.3	2.344e3
1820.8	2.310e2
1821.4	1.871e3
1822.4	3.172e3
1823.3	1.146e3
1824.2	2.664e3
1825.2	3.172e3
1825.8	6.900e1
1826.3	1.947e3
1826.9	5.200e1
1827.4	2.924e3
1828.0	2.080e2
1828.6	2.831e3
1829.5	1.917e3
1830.4	1.586e3
1831.3	1.236e3
1832.2	2.799e3
1832.8	4.560e2
1833.4	2.069e3
1834.1	4.780e2
1834.9	2.742e3
1835.5	3.640e2
1836.1	1.967e3
1836.8	8.880e2
1837.6	2.473e3
1838.4	3.008e3
1839.4	1.803e3
1840.1	1.500e2
1840.7	2.382e3
1841.5	1.596e3
1842.5	2.301e3
1843.2	1.755e3
1843.9	3.250e3
1844.9	2.237e3
1845.9	2.702e3
1846.6	4.620e2
1847.3	2.835e3
1848.2	1.384e3
1848.9	5.570e2
1849.7	2.316e3
1850.7	2.998e3
1851.6	1.358e3
1852.4	2.512e3
1853.2	5.360e2
1854.0	1.896e3
1855.0	3.550e3
1855.5	8.700e1
1856.1	3.622e3
1856.6	4.800e1
1857.1	2.545e3
1857.6	4.200e1
1858.2	2.021e3
1858.7	3.410e2
1859.3	2.359e3
1860.3	1.385e3
1861.3	2.726e3
1861.9	1.230e2
1862.5	2.448e3
1863.2	3.740e2
1864.0	1.990e3
1864.9	1.104e3
1865.7	2.166e3
1866.6	1.997e3
1867.1	1.850e2
1867.7	3.005e3
1868.4	6.010e2
1869.1	2.448e3
1870.0	1.870e3
1870.9	7.020e2
1871.8	2.276e3
1872.5	1.520e2
1873.0	1.574e3
1874.0	2.435e3
1874.6	6.290e2
1875.3	2.279e3
1875.9	5.970e2
1876.5	2.780e2
1877.1	1.242e3
1878.1	2.884e3
1879.1	2.060e3
1879.7	5.540e2
1880.5	2.337e3
1881.1	2.920e2
1881.8	1.996e3
1882.5	5.770e2
1883.2	1.718e3
1883.7	1.740e2
1884.3	2.212e3
1885.2	2.239e3
1885.9	6.610e2
1886.6	2.226e3
1887.4	1.271e3
1888.0	3.670e2
1888.6	2.026e3
1889.5	1.955e3
1890.3	9.620e2
1891.0	2.941e3
1891.7	3.100e2
1892.5	1.913e3
1893.2	1.473e3
1893.8	2.850e2
1894.5	1.722e3
1895.2	6.140e2
1895.8	1.670e3
1896.7	2.561e3
1897.7	2.024e3
1898.3	5.880e2
1899.0	1.584e3
1899.7	5.330e2
1900.6	2.089e3
1901.3	1.990e2
1901.8	2.091e3
1902.5	1.210e2
1903.2	2.062e3
1903.8	2.100e2
1904.4	1.353e3
1905.2	1.022e3
1906.1	1.245e3
1906.9	3.537e3
1907.8	2.535e3
1908.7	1.947e3
1909.4	2.670e2
1910.1	2.002e3
1911.0	9.600e2
1911.9	1.429e3
1912.7	2.402e3
1913.3	8.380e2
1914.0	3.720e3
1914.9	1.334e3
1915.7	2.340e3
1916.7	1.500e3
1917.5	3.222e3
1918.1	1.400e1
1918.6	2.267e3
1919.4	7.470e2
1920.1	2.337e3
1920.9	1.229e3
1921.6	2.681e3
1922.2	1.100e1
1922.8	1.834e3
1923.4	2.620e2
1924.0	1.667e3
1924.9	1.579e3
1925.5	6.200e1
1926.0	7.830e2
1927.0	2.984e3
1927.8	7.130e2
1928.5	1.793e3
1929.4	1.436e3
1930.2	2.455e3
1930.8	3.880e2
1931.4	2.950e3
1932.2	1.078e3
1933.1	2.546e3
1934.0	1.798e3
1934.7	4.140e2
1935.3	1.687e3
1936.2	2.215e3
1937.2	2.190e3
1937.7	4.900e1
1938.5	2.987e3
1939.2	1.860e2
1939.8	1.655e3
1940.8	2.097e3
1941.3	8.000e0
1941.8	1.851e3
1942.4	3.750e2
1943.0	1.751e3
1944.0	2.298e3
1944.6	7.600e1
1945.2	1.538e3
1946.1	6.670e2
1947.0	1.840e3
1947.6	3.760e2
1948.3	2.256e3
1949.3	2.125e3
1950.1	4.620e2
1950.9	2.014e3
1951.8	1.770e3
1952.4	3.550e2
1952.9	1.720e3
1953.8	1.544e3
1954.7	7.340e2
1955.5	3.049e3
1956.4	1.068e3
1957.1	6.420e2
1957.8	1.524e3
1958.7	1.947e3
1959.7	2.461e3
1960.2	1.400e2
1960.7	1.753e3
1961.3	4.800e1
1961.9	2.300e3
1962.7	1.705e3
1963.5	1.178e3
1964.4	1.573e3
1965.4	1.254e3
1966.4	2.652e3
1967.0	2.280e2
1967.6	2.187e3
1968.1	1.770e2
1968.7	1.850e3
1969.5	1.133e3
1970.5	2.284e3
1971.3	1.075e3
1971.8	5.800e1
1972.3	1.368e3
1972.9	1.800e2
1973.5	1.292e3
1974.3	2.352e3
1975.3	1.775e3
1975.8	1.690e2
1976.3	1.379e3
1977.2	1.844e3
1978.1	2.728e3
1978.8	3.560e2
1979.5	1.902e3
1980.1	6.570e2
1980.7	2.078e3
1981.2	8.100e1
1981.9	2.464e3
1982.6	1.177e3
1983.2	2.180e2
1983.9	1.982e3
1984.8	1.445e3
1985.7	2.250e3
1986.5	1.051e3
1987.3	2.029e3
1988.4	1.409e3
1988.9	2.110e2
1989.5	1.969e3
1990.4	8.070e2
1991.1	2.706e3
1991.9	9.420e2
1992.7	2.357e3
1993.6	1.781e3
1994.5	1.167e3
1995.1	1.880e2
1995.8	1.050e3
1996.3	6.700e1
1996.9	2.547e3
1997.7	1.044e3
1998.5	6.740e2
1999.3	1.488e3
1999.9	3.050e2
