100.3	5.350e2
101.0	1.082e5
102.0	1.953e4
102.9	1.559e4
103.5	5.000e1
104.0	7.210e2
105.0	3.016e3
105.9	2.860e2
106.9	2.820e2
107.4	6.800e1
108.1	1.116e4
109.0	1.893e3
110.1	1.680e2
111.0	3.576e3
111.7	1.160e2
112.3	1.149e3
113.0	1.642e5
114.0	4.517e3
115.0	7.256e3
115.5	5.100e1
116.1	4.530e3
117.0	1.206e5
117.5	1.260e2
118.0	1.546e4
119.0	6.248e3
120.0	2.095e3
121.0	1.399e3
122.0	9.540e2
122.6	3.000e1
123.1	5.750e2
124.0	1.919e3
125.1	1.561e3
126.0	1.477e3
127.1	1.101e3
128.0	1.163e3
129.0	2.142e3
130.0	9.392e3
131.1	3.622e3
131.6	4.000e0
132.1	7.200e2
133.0	7.246e3
134.1	1.084e3
134.9	7.741e3
135.9	1.997e3
137.0	5.264e3
138.1	3.859e3
139.0	2.096e3
140.0	6.550e2
141.0	6.890e2
141.7	4.000e1
142.3	1.101e3
143.1	1.265e3
144.1	1.711e3
145.0	1.657e4
146.0	2.026e4
147.0	1.915e4
148.1	1.964e3
149.1	2.512e3
150.0	7.030e2
151.0	1.341e3
151.5	6.000e0
152.1	4.507e3
152.6	5.000e1
153.1	2.928e3
154.0	1.179e3
155.1	2.208e3
156.0	3.029e3
157.0	3.059e3
158.1	3.912e3
159.0	2.269e3
160.0	1.403e3
161.0	2.929e3
162.0	2.525e3
163.0	3.682e3
164.1	1.550e3
165.0	4.907e3
166.0	8.340e2
167.0	9.140e2
167.9	3.790e2
168.4	8.000e0
169.1	2.349e3
170.2	6.480e2
171.1	1.373e3
172.0	1.047e3
173.0	2.007e3
173.5	1.500e1
174.0	4.055e3
175.0	3.973e4
175.5	1.600e1
176.1	3.116e3
177.0	1.163e4
177.9	1.085e3
179.0	4.640e3
180.0	2.683e3
181.1	2.631e4
182.0	2.248e3
183.1	2.168e3
184.0	2.193e3
185.0	4.980e3
185.5	4.000e1
186.1	2.384e3
187.1	3.801e3
188.0	2.726e3
188.5	3.300e1
189.0	1.861e3
190.0	2.333e3
191.0	1.013e4
192.0	2.208e3
193.0	4.586e3
194.0	2.058e3
195.0	1.614e4
195.9	1.958e4
196.4	8.200e1
197.0	4.969e3
197.9	1.966e4
198.5	2.600e1
199.0	3.767e3
199.8	1.226e4
200.4	3.800e1
201.1	4.010e3
202.0	3.524e3
203.1	1.464e3
204.0	1.864e3
205.0	1.764e3
206.0	1.884e3
206.6	2.200e1
207.1	2.502e3
208.0	1.592e4
209.0	2.510e3
210.0	3.160e3
211.1	2.131e3
211.6	1.330e2
212.2	3.612e4
213.1	7.414e3
214.1	4.330e3
215.1	2.188e3
216.0	1.427e3
217.0	7.053e3
218.1	3.094e3
219.0	2.630e3
220.1	4.699e3
221.1	3.904e3
222.0	3.154e3
222.6	5.100e1
223.1	1.630e3
224.0	2.149e3
224.6	7.000e1
225.1	2.609e3
226.0	1.550e3
226.6	1.100e2
227.1	3.402e3
228.1	1.313e3
229.1	2.010e3
230.0	2.808e3
230.7	1.430e2
231.2	2.613e3
232.1	3.071e3
233.0	4.145e3
234.0	3.256e3
235.0	1.036e3
236.0	2.544e4
236.5	1.100e2
237.2	3.202e3
238.0	2.669e3
239.1	4.736e3
240.0	2.753e4
241.0	5.420e3
242.0	7.521e3
242.5	5.100e1
243.0	1.133e4
244.0	6.008e3
244.6	2.700e1
245.1	2.038e3
246.1	1.301e3
247.1	2.480e3
248.0	1.903e3
249.1	5.710e4
250.0	3.421e3
250.6	4.000e0
251.1	2.668e3
252.1	1.000e3
253.1	1.851e3
254.0	1.113e3
255.1	3.383e3
256.1	1.406e3
257.0	3.075e3
258.0	2.503e3
259.1	3.327e3
260.1	2.235e3
261.1	2.596e3
262.0	5.203e3
263.0	2.536e3
264.1	2.203e3
265.1	3.650e3
266.0	3.408e3
267.1	2.077e3
268.0	9.980e2
269.0	2.864e3
269.9	8.400e2
270.9	1.089e3
271.8	1.427e3
272.3	5.500e1
273.0	2.230e3
273.6	1.260e2
274.1	1.541e3
275.1	4.698e3
276.0	1.907e3
277.1	2.035e3
278.1	1.755e3
279.1	3.778e3
280.0	2.195e3
281.1	3.268e3
282.1	3.518e3
282.6	9.000e1
283.2	1.434e3
284.0	3.421e3
284.5	3.000e1
285.1	2.376e3
286.1	4.190e3
287.1	2.561e3
288.1	9.273e3
289.0	4.618e3
290.0	5.544e3
290.5	3.400e1
291.1	2.761e3
292.0	4.275e3
292.6	1.840e2
293.2	3.939e3
294.2	1.481e3
295.1	2.392e3
296.1	1.611e3
297.0	2.114e3
297.5	1.700e1
298.0	2.622e3
298.6	2.050e2
299.2	1.588e3
300.1	1.114e3
301.0	3.385e3
302.0	1.611e3
302.6	4.000e0
303.1	1.052e3
304.0	1.420e3
304.5	7.400e1
305.2	4.736e3
306.1	2.136e3
307.1	6.580e3
308.0	5.145e3
309.0	3.224e3
310.0	4.647e3
310.6	4.000e0
311.1	9.851e3
312.0	4.165e3
312.9	4.555e3
313.9	2.018e3
314.6	3.900e1
315.1	5.206e3
315.6	7.200e1
316.1	1.553e3
317.1	7.844e4
318.0	5.388e3
319.1	3.536e3
320.0	1.932e3
320.5	5.100e1
321.1	4.517e3
322.1	2.437e3
322.6	7.000e0
323.1	4.552e3
323.7	2.380e2
324.2	1.220e4
325.1	5.829e3
326.1	3.027e3
327.1	5.448e3
328.1	2.050e3
329.0	8.277e3
330.0	3.943e3
331.0	7.113e3
332.0	2.300e3
332.6	1.820e2
333.2	6.040e3
334.1	4.456e3
335.1	2.988e3
336.0	3.312e3
336.5	2.400e1
337.0	5.561e3
337.6	5.600e1
338.1	1.565e3
338.7	1.490e2
339.2	1.880e3
340.0	4.801e3
340.5	4.400e1
341.0	3.662e3
342.0	2.601e3
343.0	7.838e3
344.1	3.105e3
345.1	2.449e3
346.1	2.791e3
347.0	5.621e3
348.0	2.217e3
348.5	7.000e1
349.1	4.557e3
350.0	2.198e3
351.1	3.405e3
352.1	2.225e3
353.0	9.244e3
353.9	1.470e3
354.5	4.100e1
355.0	3.155e3
355.6	1.100e2
356.1	1.473e4
357.0	5.655e3
357.5	8.100e1
358.1	2.197e3
359.1	3.354e3
360.0	2.846e3
360.6	6.600e1
361.1	2.248e3
362.1	2.912e3
363.0	2.165e3
363.9	2.664e3
364.9	2.570e3
365.5	2.350e2
366.0	5.540e3
366.5	4.200e1
367.0	2.291e3
367.6	3.100e1
368.1	1.907e3
368.6	7.100e1
369.1	1.782e4
370.1	3.669e3
371.1	2.654e3
372.0	2.759e3
372.6	5.500e1
373.1	2.701e3
374.0	1.620e3
374.6	5.000e0
375.2	6.695e3
376.1	3.939e3
376.8	7.000e2
377.4	7.952e3
378.3	2.628e3
379.1	1.007e4
379.6	6.800e1
380.1	4.005e3
381.1	1.962e3
381.9	3.396e3
382.6	5.340e2
383.2	3.108e3
384.1	2.987e3
385.1	4.595e4
386.0	5.069e3
387.0	2.284e3
387.5	3.200e1
388.0	2.124e3
389.1	2.184e3
390.0	1.618e3
390.5	3.200e1
391.1	2.986e3
391.9	3.747e3
392.5	3.190e2
393.1	2.914e3
394.0	1.826e3
395.1	4.811e3
396.0	1.993e3
397.0	9.137e3
398.0	4.650e3
398.5	8.200e1
399.1	4.732e3
400.0	2.116e3
401.1	3.923e3
402.1	4.442e3
403.0	2.648e3
404.0	1.926e3
405.0	2.685e3
405.6	1.750e2
406.1	2.056e3
406.6	8.000e1
407.2	1.842e3
408.0	3.513e3
408.6	1.780e2
409.2	3.205e3
410.1	1.973e3
411.0	6.734e3
412.0	2.410e3
412.6	6.000e0
413.1	4.241e3
414.0	2.614e3
415.0	3.235e3
416.0	1.558e3
416.6	1.480e2
417.1	4.242e3
418.0	2.726e3
418.5	3.900e1
419.0	2.250e3
420.0	1.534e3
421.0	6.085e3
421.6	6.100e1
422.1	2.391e3
422.8	3.930e2
423.4	4.873e3
424.2	1.007e4
425.0	5.432e3
426.0	2.184e3
427.1	5.139e3
428.1	4.156e3
428.7	1.600e2
429.2	3.537e3
430.1	2.051e3
431.0	2.666e3
432.0	2.247e3
432.6	1.680e2
433.1	3.298e3
434.1	3.304e3
435.1	2.320e3
435.9	4.030e3
436.6	6.730e2
437.2	4.145e3
438.1	3.739e3
439.1	1.986e3
440.1	2.809e3
441.0	2.603e3
442.0	2.071e3
443.0	4.875e3
444.0	8.908e3
444.5	1.220e2
445.1	3.763e3
446.1	3.421e3
447.0	7.757e3
448.0	2.596e3
448.6	3.500e1
449.1	3.473e3
450.0	2.615e3
451.0	4.114e3
451.9	2.131e3
452.5	1.770e2
453.1	4.142e4
454.1	4.462e3
455.0	3.100e3
456.0	2.064e3
456.5	1.400e1
457.0	3.118e3
457.9	2.134e3
459.0	2.367e3
459.8	4.130e3
460.4	5.680e2
461.1	3.214e3
462.0	2.728e3
462.6	3.170e2
463.2	4.638e3
464.0	2.940e3
464.8	2.943e3
465.5	1.415e4
466.1	8.780e2
466.7	6.379e3
467.2	2.700e1
467.7	2.944e3
468.5	5.680e2
469.2	4.133e3
470.0	3.305e3
471.0	3.423e3
471.6	1.900e1
472.1	2.549e3
472.6	6.600e1
473.1	3.879e3
474.1	2.413e3
475.1	2.043e3
476.0	3.234e3
476.5	4.320e2
477.1	3.759e3
477.7	1.400e2
478.2	2.183e3
479.1	8.220e3
479.7	1.000e2
480.2	4.751e3
481.1	3.844e3
482.0	3.954e3
482.5	2.700e1
483.1	4.065e3
483.6	2.580e2
484.2	2.916e3
484.7	4.120e2
485.3	4.094e3
486.0	1.653e3
486.9	4.094e3
487.7	1.278e3
488.3	8.260e2
489.0	4.868e3
489.9	1.667e3
490.9	2.371e3
491.7	1.966e4
492.6	1.103e4
493.5	5.429e3
494.3	2.586e3
495.2	5.343e3
496.1	2.673e3
496.9	3.216e3
497.9	2.503e3
498.5	1.340e2
499.0	2.654e3
499.9	2.896e3
500.5	4.800e2
501.2	4.646e3
502.1	3.672e3
503.0	2.342e3
504.0	2.547e3
505.0	3.307e3
505.9	3.422e3
507.0	2.569e3
507.9	2.356e3
508.7	4.832e3
509.6	4.061e3
510.2	1.412e3
511.0	5.411e3
512.0	3.045e3
513.0	3.568e3
513.9	2.268e3
514.5	2.250e2
515.0	6.271e3
516.0	3.185e3
516.5	4.000e0
517.0	2.306e3
517.6	2.300e1
518.1	3.154e3
518.8	1.248e3
519.5	3.950e3
520.4	8.640e2
521.1	3.940e4
521.6	7.880e2
522.2	6.512e3
523.1	3.322e3
523.9	1.202e3
524.6	5.281e3
525.5	2.779e3
526.3	1.551e3
527.2	4.392e3
528.0	3.048e3
529.0	2.848e3
529.9	3.009e3
530.5	2.230e2
531.1	4.479e3
532.0	3.206e3
532.7	7.080e2
533.3	6.260e3
534.1	3.637e3
534.8	1.392e3
535.5	3.708e3
536.3	1.527e3
537.2	3.597e3
538.1	3.736e3
538.6	9.600e1
539.1	3.490e3
540.1	1.802e3
540.9	3.808e3
541.5	6.700e1
542.0	3.096e3
542.8	9.490e2
543.6	3.926e3
544.2	9.770e2
545.0	2.790e3
545.6	1.670e2
546.2	1.857e3
547.0	6.869e3
547.9	2.439e3
548.7	3.110e2
549.3	3.424e3
550.1	2.418e3
551.1	3.484e3
552.0	1.827e3
553.0	3.532e3
553.5	2.230e2
554.0	2.594e3
554.6	1.490e2
555.2	3.252e3
555.8	3.490e2
556.5	3.575e3
557.5	2.855e3
558.2	1.151e3
559.1	3.052e3
560.1	1.029e4
561.0	3.656e3
561.8	1.696e3
562.4	1.500e2
563.1	3.962e3
564.0	3.252e3
564.6	4.050e2
565.3	3.823e3
566.1	2.304e3
567.0	1.715e3
567.9	1.905e3
568.4	7.700e1
569.0	3.587e3
569.9	2.095e3
570.9	3.290e3
571.4	2.310e2
572.0	2.793e3
572.8	1.449e3
573.5	3.308e3
574.3	1.717e3
575.1	2.441e3
576.1	2.926e3
576.7	3.020e2
577.2	3.612e3
578.1	2.669e3
579.0	4.743e3
579.9	2.715e3
581.0	2.735e3
581.9	2.798e3
582.5	8.300e1
583.0	6.958e3
583.9	1.858e3
584.8	1.729e3
585.8	4.008e3
586.4	3.800e1
586.9	3.742e3
587.8	2.557e3
588.5	2.210e2
589.1	3.504e4
590.1	5.757e3
591.1	3.838e3
592.0	2.122e3
592.8	1.821e3
593.6	3.634e3
594.1	4.300e1
594.6	2.008e3
595.3	7.240e2
595.9	3.130e3
596.8	2.857e3
597.8	2.781e3
598.4	2.210e2
599.0	3.775e3
599.9	4.656e3
600.5	2.420e2
601.0	4.373e3
601.9	3.473e3
602.9	3.794e3
603.9	2.301e3
604.4	8.400e1
605.0	4.068e3
605.6	2.630e2
606.1	3.593e3
606.8	7.870e2
607.5	3.421e3
608.2	6.760e2
609.0	3.101e3
609.5	1.240e2
610.1	1.999e3
610.9	2.727e3
611.8	3.102e3
612.3	2.130e2
612.9	2.528e3
613.4	6.000e1
613.9	2.326e3
614.6	2.830e2
615.1	4.182e3
616.1	2.368e3
617.1	3.564e3
618.0	2.611e3
619.0	3.498e3
619.8	7.150e2
620.6	2.539e3
621.4	3.366e3
622.0	3.200e1
622.5	2.493e3
623.1	1.770e2
623.7	1.877e3
624.3	3.420e2
625.0	3.293e3
625.9	1.926e3
626.9	2.948e3
627.5	3.090e2
628.1	9.377e3
629.0	3.479e3
630.0	2.916e3
630.6	1.430e2
631.1	5.221e3
632.1	2.829e3
633.1	2.189e3
634.0	1.546e3
634.9	2.780e3
635.4	8.300e1
636.0	1.989e3
636.5	2.700e1
637.0	3.016e3
638.0	2.657e3
638.5	1.950e2
639.1	2.751e3
640.1	2.013e3
640.9	3.273e3
641.5	1.960e2
642.0	2.533e3
642.5	9.900e1
643.1	2.519e3
644.0	2.282e3
644.9	4.099e3
645.5	6.200e1
646.0	2.423e3
647.0	5.343e3
647.5	1.500e1
648.0	2.720e3
648.8	1.580e3
649.5	3.206e3
650.3	1.258e3
651.2	4.552e3
652.1	1.862e3
653.0	4.150e3
654.0	2.484e3
654.5	8.800e1
655.0	3.781e3
655.6	3.540e2
656.1	1.707e3
657.1	2.625e4
657.6	7.700e1
658.1	5.809e3
659.1	3.113e3
660.0	3.046e3
660.6	1.990e2
661.2	2.758e3
662.0	1.934e3
662.6	3.940e2
663.2	1.869e3
664.1	3.747e3
665.0	2.033e3
666.0	2.590e3
666.5	7.000e1
667.0	4.337e3
667.9	2.834e3
668.5	3.600e1
669.0	4.696e3
669.9	3.500e3
670.5	4.600e1
671.0	4.422e3
672.0	2.229e3
672.6	8.810e2
673.2	3.526e3
674.2	3.484e3
675.1	2.370e3
676.1	2.038e3
677.0	3.415e3
677.8	2.218e3
678.5	4.540e2
679.1	3.956e3
680.0	2.865e3
680.9	1.919e3
681.7	3.100e3
682.5	9.120e2
683.2	5.368e3
684.1	2.151e3
685.0	3.572e3
685.9	3.151e3
686.9	3.880e3
687.8	2.514e3
688.4	2.910e2
689.0	3.362e3
689.9	3.038e3
690.7	1.251e3
691.4	3.314e3
692.2	8.880e2
693.0	4.245e3
693.5	7.900e1
694.0	3.030e3
694.6	1.650e2
695.1	2.694e3
696.1	1.037e4
697.0	3.267e3
697.9	2.519e3
698.8	6.346e3
699.8	4.612e3
700.5	5.910e2
701.1	2.984e3
702.0	2.250e3
703.0	3.098e3
703.5	2.190e2
704.0	3.384e3
705.0	3.237e3
705.9	2.168e3
706.8	2.597e3
707.7	3.609e3
708.6	2.557e3
709.5	4.084e3
710.3	2.106e3
711.2	2.732e3
712.2	3.471e3
713.0	2.189e3
713.9	1.778e3
714.9	6.407e3
715.9	4.639e3
716.4	1.910e2
717.0	3.740e3
718.0	2.941e3
718.5	2.060e2
719.1	4.595e3
720.0	2.691e3
721.0	3.355e3
721.5	2.700e1
722.0	3.837e3
723.0	3.328e3
723.6	1.700e1
724.1	2.477e3
725.1	1.967e4
726.0	5.554e3
726.6	3.310e2
727.2	4.549e3
727.7	1.030e2
728.2	3.343e3
728.8	5.800e1
729.3	3.561e3
730.0	1.728e3
730.9	2.298e3
731.8	3.005e3
732.8	1.829e3
733.7	3.142e3
734.6	1.207e3
735.3	5.328e3
736.2	2.430e3
736.7	3.090e2
737.3	4.848e3
738.0	1.869e3
738.9	3.382e3
739.8	2.411e3
740.8	3.380e3
741.3	2.700e1
741.8	3.968e3
742.8	2.722e3
743.7	3.082e3
744.3	2.180e2
744.8	6.153e3
745.8	3.833e3
746.9	3.609e3
747.4	1.000e1
748.0	3.547e3
749.0	3.216e3
749.9	1.659e3
750.4	3.660e2
751.0	6.630e3
752.0	3.201e3
752.5	3.350e2
753.1	3.388e3
754.1	3.007e3
754.6	1.470e2
755.1	3.471e3
756.0	1.923e3
757.0	3.924e3
757.9	2.545e3
758.4	1.500e2
759.0	2.401e3
759.8	1.921e3
760.7	4.683e3
761.6	2.889e3
762.4	5.690e2
763.1	2.935e3
764.0	7.632e3
764.9	1.976e3
765.7	3.434e3
766.4	3.090e2
766.9	4.005e3
767.5	1.150e2
768.0	3.474e3
769.0	2.781e3
769.7	4.550e2
770.4	2.351e3
771.1	7.620e2
771.8	1.483e3
772.4	1.410e2
772.9	3.224e3
773.9	2.485e3
774.5	4.340e2
775.1	2.883e3
776.0	1.998e3
777.0	3.448e3
778.0	4.313e3
778.6	1.027e3
779.3	3.273e3
780.3	2.481e3
780.9	3.590e2
781.5	2.750e3
782.1	3.620e2
782.7	4.175e3
783.5	3.008e3
784.3	1.759e3
785.1	4.188e3
786.1	3.228e3
786.6	9.300e1
787.1	3.351e3
788.0	2.925e3
788.6	5.780e2
789.3	1.642e3
790.1	3.939e3
791.0	2.200e3
792.0	2.837e3
792.5	2.630e2
793.1	1.644e4
794.1	4.321e3
794.9	2.176e3
795.7	3.321e3
796.2	1.910e2
796.8	3.068e3
797.3	2.260e2
797.8	3.898e3
798.8	1.310e3
799.6	3.806e3
800.2	1.580e2
800.8	3.602e3
801.4	8.890e2
802.1	2.339e3
803.0	4.613e3
803.9	2.196e3
804.9	2.852e3
805.8	4.009e3
806.4	2.360e2
806.9	3.486e3
807.5	3.750e2
808.1	3.028e3
809.1	4.729e3
810.0	3.184e3
810.6	2.600e2
811.1	2.769e3
812.1	2.696e3
813.0	3.354e3
813.9	2.307e3
814.5	4.540e2
815.1	2.673e3
816.1	3.612e3
817.2	2.527e3
818.1	2.701e3
819.1	5.246e3
820.0	3.428e3
820.9	3.695e3
821.4	3.300e1
822.0	2.969e3
823.0	3.446e3
823.6	1.240e2
824.1	2.017e3
825.1	3.257e3
826.0	2.298e3
827.1	2.888e3
828.1	2.301e3
829.1	2.219e3
830.0	2.630e3
831.1	3.163e3
831.6	2.940e2
832.1	5.989e3
833.0	3.002e3
833.8	2.343e3
834.6	8.100e2
835.2	4.788e3
836.0	1.695e3
836.9	3.112e3
837.4	4.100e1
838.0	2.380e3
839.0	1.573e3
839.9	1.778e3
840.8	2.814e3
841.3	1.370e2
841.9	3.085e3
842.5	1.075e3
843.2	2.746e3
844.1	1.029e3
844.8	3.092e3
845.5	3.440e2
846.1	2.540e3
847.0	3.353e3
848.0	2.690e3
848.9	3.609e3
849.5	6.540e2
850.1	2.769e3
851.2	3.719e3
851.7	1.400e1
852.2	2.583e3
853.1	2.674e3
854.1	2.407e3
855.1	3.679e3
855.6	7.100e1
856.1	2.138e3
857.1	2.292e3
858.0	3.123e3
858.6	6.600e2
859.3	2.803e3
860.2	1.437e3
861.1	1.083e4
862.0	3.863e3
862.9	3.178e3
863.5	2.150e2
864.0	3.374e3
864.6	2.130e2
865.1	2.301e3
866.0	2.314e3
866.8	3.139e3
867.5	6.170e2
868.2	2.611e3
868.9	7.970e2
869.5	2.624e3
870.3	1.390e3
871.1	2.765e3
871.7	4.790e2
872.3	2.767e3
873.3	4.039e3
873.8	7.700e1
874.3	3.610e3
875.0	6.010e2
875.7	4.348e3
876.2	3.410e2
876.8	3.458e3
877.5	3.900e2
878.0	3.489e3
879.0	1.946e3
879.6	7.900e1
880.1	3.219e3
880.7	1.660e2
881.2	3.654e3
881.8	9.600e2
882.5	2.440e3
883.3	1.051e3
884.1	2.335e3
885.1	2.026e3
886.0	2.232e3
886.5	1.430e2
887.1	4.647e3
888.0	3.128e3
888.9	3.508e3
889.5	9.200e1
890.1	3.913e3
891.0	1.928e3
891.6	2.420e2
892.2	2.203e3
893.1	2.294e3
894.0	2.442e3
894.9	2.995e3
895.7	2.984e3
896.2	4.600e1
896.7	1.842e3
897.5	3.340e3
898.3	5.970e2
899.0	2.856e3
899.6	7.350e2
900.2	7.315e3
900.8	7.370e2
901.5	3.161e3
902.3	1.281e3
903.0	4.738e3
903.6	3.750e2
904.2	2.426e3
905.2	3.004e3
905.8	3.240e2
906.4	2.091e3
907.3	2.829e3
907.8	1.280e2
908.4	1.811e3
909.3	3.507e3
910.0	1.559e3
910.8	3.635e3
911.7	1.889e3
912.3	7.520e2
912.9	2.603e3
913.8	1.811e3
914.7	3.336e3
915.3	4.300e1
915.8	3.557e3
916.3	3.980e2
916.9	2.248e3
917.5	8.300e1
918.0	3.323e3
919.0	4.434e3
919.5	3.770e2
920.1	2.356e3
921.0	2.882e3
922.0	1.527e3
922.9	4.152e3
923.5	4.160e2
924.0	1.757e3
924.9	3.778e3
925.5	9.310e2
926.2	2.869e3
927.1	2.793e3
927.6	4.500e2
928.3	2.561e3
929.2	1.104e4
929.7	6.440e2
930.3	5.745e3
930.8	1.400e1
931.3	2.294e3
932.3	1.603e3
933.0	3.222e3
933.6	1.120e2
934.2	4.065e3
934.8	1.250e2
935.3	2.919e3
935.9	5.170e2
936.6	3.513e3
937.6	3.275e3
938.3	1.655e3
939.0	3.051e3
940.0	3.259e3
940.5	3.300e2
941.1	3.187e3
942.1	3.029e3
943.0	3.352e3
943.9	2.691e3
944.5	2.210e2
945.1	2.771e3
945.6	4.900e1
946.1	3.413e3
946.8	1.299e3
947.7	2.628e3
948.2	9.400e1
948.8	4.715e3
949.7	2.149e3
950.4	9.790e2
951.1	2.406e3
951.7	2.020e2
952.3	2.348e3
953.2	2.273e3
954.0	2.782e3
955.0	4.690e3
955.9	3.227e3
956.9	3.860e3
957.4	2.400e1
957.9	3.415e3
958.4	1.310e2
959.0	3.379e3
960.0	3.135e3
960.5	1.020e2
961.1	2.809e3
962.1	3.065e3
962.6	1.740e2
963.2	5.266e3
964.0	2.148e3
965.0	4.153e3
965.7	1.502e3
966.5	3.127e3
967.4	2.369e3
968.3	5.841e3
969.1	2.103e3
970.0	3.085e3
970.6	7.260e2
971.2	3.138e3
972.0	1.977e3
972.9	2.350e3
973.8	3.145e3
974.3	2.240e2
974.9	3.146e3
975.8	2.142e3
976.5	3.200e2
977.1	2.972e3
977.9	2.376e3
978.8	3.152e3
979.5	8.900e2
980.1	3.142e3
980.6	1.210e2
981.1	2.816e3
981.9	1.678e3
982.8	4.427e3
983.3	4.000e1
983.8	3.411e3
984.7	1.564e3
985.5	3.132e3
986.4	2.023e3
987.3	3.243e3
988.0	1.352e3
988.7	3.530e3
989.3	5.080e2
990.0	2.658e3
990.6	4.760e2
991.3	3.102e3
992.2	1.572e3
993.0	3.555e3
993.6	4.470e2
994.3	2.594e3
995.0	1.291e3
995.8	3.250e3
996.5	8.070e2
997.2	8.038e3
998.0	3.521e3
999.0	3.453e3
1000.0	3.175e3
1000.5	1.910e2
1001.1	2.933e3
1002.0	2.414e3
1002.9	5.510e3
1003.9	3.369e3
1004.4	1.510e2
1004.9	2.081e3
1005.8	3.349e3
1006.5	8.180e2
1007.2	4.777e3
1008.0	1.678e3
1008.9	3.462e3
1009.7	8.070e2
1010.3	4.753e3
1010.8	7.000e1
1011.4	3.491e3
1012.1	8.810e2
1013.0	2.692e3
1014.0	3.070e3
1014.9	3.902e3
1015.5	3.280e2
1016.2	2.234e3
1016.8	2.470e2
1017.3	3.393e3
1018.3	3.218e3
1019.2	2.992e3
1020.1	2.340e3
1021.0	1.183e3
1021.7	2.597e3
1022.5	7.240e2
1023.1	5.384e3
1024.0	3.544e3
1025.0	3.327e3
1025.5	1.090e2
1026.1	2.953e3
1026.7	5.450e2
1027.3	3.080e3
1028.0	3.750e2
1028.6	2.596e3
1029.2	6.900e1
1029.7	3.124e3
1030.5	1.572e3
1031.3	4.462e3
1032.0	8.220e2
1032.6	3.117e3
1033.6	1.898e3
1034.6	3.774e3
1035.3	1.557e3
1036.2	4.765e3
1036.7	5.700e1
1037.2	2.899e3
1038.1	2.501e3
1039.0	1.770e3
1039.9	3.234e3
1040.9	3.194e3
1041.6	1.441e3
1042.4	3.271e3
1043.1	9.340e2
1043.8	3.388e3
1044.3	1.580e2
1044.8	3.825e3
1045.6	7.710e2
1046.3	3.529e3
1047.1	1.986e3
1047.9	3.940e3
1048.5	6.000e1
1049.0	3.300e3
1049.5	1.900e2
1050.0	1.865e3
1051.0	3.581e3
1051.6	2.690e2
1052.1	3.745e3
1052.6	8.800e1
1053.1	2.396e3
1054.1	2.151e3
1054.9	3.700e3
1055.8	2.803e3
1056.7	1.561e3
1057.5	2.984e3
1058.3	1.323e3
1059.2	3.451e3
1060.1	3.444e3
1060.9	1.946e3
1061.7	3.637e3
1062.7	2.865e3
1063.3	3.790e2
1063.9	2.974e3
1064.5	5.500e2
1065.1	7.340e3
1066.1	4.158e3
1067.0	2.467e3
1068.0	3.184e3
1069.0	3.384e3
1070.0	2.749e3
1070.9	2.256e3
1071.9	3.613e3
1072.9	3.213e3
1073.9	3.715e3
1074.9	2.857e3
1075.6	5.430e2
1076.4	2.910e3
1077.3	2.003e3
1078.3	3.669e3
1079.2	2.109e3
1080.2	3.537e3
1081.1	1.821e3
1081.6	2.100e2
1082.2	3.105e3
1083.1	2.588e3
1083.7	3.880e2
1084.2	1.689e3
1085.1	3.606e3
1086.1	3.441e3
1087.0	1.485e3
1087.8	3.420e3
1088.4	1.810e2
1089.0	2.622e3
1089.5	6.800e1
1090.1	2.864e3
1091.0	3.414e3
1092.0	2.268e3
1092.9	2.974e3
1093.6	9.560e2
1094.3	4.176e3
1095.3	2.760e3
1095.9	6.330e2
1096.6	2.864e3
1097.2	7.530e2
1097.9	3.280e3
1098.5	1.790e2
1099.0	3.226e3
1099.9	3.693e3
1100.7	9.340e2
1101.4	2.978e3
1102.2	1.684e3
1102.8	3.120e2
1103.4	1.773e3
1104.2	5.391e3
1105.0	1.305e3
1105.8	4.765e3
1106.6	9.090e2
1107.3	3.471e3
1108.0	8.740e2
1108.7	3.192e3
1109.7	1.882e3
1110.3	4.400e2
1110.9	3.128e3
1111.8	2.473e3
1112.4	2.200e2
1112.9	3.621e3
1113.7	1.903e3
1114.4	2.794e3
1115.0	7.160e2
1115.6	3.727e3
1116.1	1.600e1
1116.6	3.542e3
1117.3	7.040e2
1117.9	3.105e3
1118.5	1.290e2
1119.0	3.418e3
1119.8	1.322e3
1120.5	3.461e3
1121.0	2.900e2
1121.6	2.787e3
1122.3	1.007e3
1123.0	3.099e3
1123.7	1.214e3
1124.4	3.951e3
1125.0	2.270e2
1125.6	2.796e3
1126.3	1.385e3
1127.1	3.909e3
1128.1	3.704e3
1129.1	2.283e3
1130.0	2.610e3
1130.8	9.150e2
1131.5	3.836e3
1132.4	1.254e3
1133.2	5.999e3
1134.0	2.137e3
1134.9	4.275e3
1135.6	7.050e2
1136.3	2.753e3
1137.3	2.253e3
1138.0	1.033e3
1138.7	2.940e3
1139.3	1.490e2
1139.8	3.193e3
1140.8	2.274e3
1141.7	4.414e3
1142.3	3.040e2
1143.0	4.033e3
1143.6	5.740e2
1144.2	3.378e3
1145.1	2.375e3
1145.7	4.920e2
1146.3	3.281e3
1146.9	4.000e2
1147.5	3.458e3
1148.4	2.097e3
1149.2	3.351e3
1149.8	3.630e2
1150.4	3.873e3
1151.1	5.970e2
1151.8	3.157e3
1152.8	3.877e3
1153.4	2.400e2
1153.9	3.085e3
1154.7	1.605e3
1155.4	2.481e3
1156.2	1.177e3
1157.1	3.205e3
1157.6	9.300e1
1158.1	2.616e3
1158.7	2.740e2
1159.3	2.929e3
1160.2	1.269e3
1161.0	2.878e3
1161.6	1.960e2
1162.2	3.609e3
1162.8	3.030e2
1163.4	2.675e3
1164.4	2.227e3
1165.0	1.032e3
1165.7	2.813e3
1166.2	1.120e2
1166.7	3.347e3
1167.5	1.149e3
1168.3	1.515e3
1169.1	2.764e3
1170.1	1.620e3
1171.0	3.323e3
1171.6	3.830e2
1172.2	3.993e3
1173.1	1.924e3
1174.1	3.883e3
1174.7	1.820e2
1175.3	3.236e3
1176.2	3.561e3
1176.8	1.020e2
1177.3	2.691e3
1178.0	1.525e3
1178.8	2.665e3
1179.4	2.960e2
1180.0	3.021e3
1180.5	4.770e2
1181.2	2.715e3
1182.0	1.071e3
1182.8	3.041e3
1183.7	1.970e3
1184.6	1.513e3
1185.3	2.727e3
1186.0	1.075e3
1186.8	3.319e3
1187.8	2.773e3
1188.8	2.592e3
1189.4	4.580e2
1190.1	2.537e3
1190.7	3.340e2
1191.3	3.020e3
1192.2	2.873e3
1192.7	1.540e2
1193.3	2.973e3
1194.1	1.255e3
1194.9	3.244e3
1195.5	1.660e2
1196.1	2.461e3
1196.8	3.829e3
1197.5	7.190e2
1198.2	2.869e3
1198.8	4.490e2
1199.4	2.901e3
1200.3	2.227e3
1201.2	4.190e3
1202.1	3.148e3
1203.0	2.183e3
1204.0	2.675e3
1204.6	3.330e2
1205.1	2.015e3
1206.1	2.623e3
1207.0	1.802e3
1207.8	2.694e3
1208.4	1.560e2
1208.9	2.436e3
1209.5	3.800e1
1210.0	3.510e3
1211.0	2.648e3
1211.6	1.290e2
1212.2	2.323e3
1212.7	8.700e1
1213.2	3.087e3
1213.9	3.710e2
1214.5	2.596e3
1215.4	2.594e3
1216.3	8.690e2
1217.0	2.442e3
1217.5	4.100e1
1218.1	2.550e3
1219.0	1.741e3
1219.9	2.727e3
1220.4	4.900e1
1220.9	2.883e3
1221.7	1.398e3
1222.5	2.653e3
1223.4	1.881e3
1224.3	2.789e3
1224.8	1.390e2
1225.4	2.742e3
1226.0	4.440e2
1226.7	2.879e3
1227.5	2.224e3
1228.2	1.238e3
1229.1	2.984e3
1229.7	1.550e2
1230.3	2.528e3
1231.0	6.300e2
1231.7	3.035e3
1232.6	2.535e3
1233.3	1.494e3
1234.2	2.378e3
1235.1	2.472e3
1236.0	3.853e3
1236.7	9.550e2
1237.4	3.175e3
1238.4	1.839e3
1238.9	7.900e1
1239.4	2.052e3
1240.2	3.479e3
1241.1	2.415e3
1242.0	2.148e3
1242.8	3.172e3
1243.8	2.907e3
1244.7	2.487e3
1245.4	3.170e2
1246.0	2.153e3
1247.0	3.178e3
1247.6	2.320e2
1248.2	2.800e3
1249.1	3.170e3
1249.9	1.990e3
1250.6	2.842e3
1251.3	6.800e2
1251.9	2.954e3
1252.9	1.540e3
1253.7	2.175e3
1254.5	1.717e3
1255.4	2.039e3
1256.2	6.520e2
1256.9	3.874e3
1257.5	2.090e2
1258.1	3.175e3
1258.6	4.800e2
1259.2	2.367e3
1260.0	3.084e3
1260.5	7.300e1
1261.1	2.399e3
1261.6	2.800e1
1262.2	3.939e3
1262.9	3.850e2
1263.5	2.643e3
1264.3	1.399e3
1265.2	2.648e3
1265.9	1.577e3
1266.7	3.402e3
1267.2	1.700e1
1267.7	2.625e3
1268.5	6.710e2
1269.2	5.062e3
1270.1	3.091e3
1271.0	3.403e3
1271.7	7.070e2
1272.4	2.523e3
1273.1	8.800e2
1273.9	2.561e3
1274.7	1.194e3
1275.6	4.008e3
1276.2	3.430e2
1276.8	3.044e3
1277.8	2.209e3
1278.6	2.910e3
1279.4	1.355e3
1280.0	7.210e2
1280.6	2.309e3
1281.3	6.390e2
1282.0	2.665e3
1283.0	3.335e3
1283.7	9.490e2
1284.5	3.155e3
1285.2	1.736e3
1286.0	3.640e3
1286.8	1.286e3
1287.6	3.067e3
1288.4	8.600e2
1289.1	2.459e3
1289.8	7.980e2
1290.5	3.082e3
1291.2	6.340e2
1291.9	2.461e3
1292.9	3.259e3
1293.4	1.780e2
1294.0	2.255e3
1294.9	3.311e3
1295.7	2.438e3
1296.3	3.900e1
1296.8	2.433e3
1297.6	1.035e3
1298.5	2.412e3
1299.4	3.822e3
1300.0	2.660e2
1300.5	3.306e3
1301.1	5.060e2
1301.9	3.391e3
1302.8	3.633e3
1303.7	1.715e3
1304.6	3.073e3
1305.2	2.400e1
1305.7	2.654e3
1306.5	8.330e2
1307.3	3.413e3
1307.9	3.150e2
1308.5	2.885e3
1309.4	3.008e3
1310.1	5.130e2
1310.7	3.597e3
1311.6	2.525e3
1312.4	1.580e3
1313.0	5.070e2
1313.6	2.305e3
1314.1	1.200e2
1314.7	2.785e3
1315.4	9.730e2
1316.1	2.111e3
1316.9	3.106e3
1317.5	2.970e2
1318.1	2.730e3
1318.8	1.437e3
1319.5	2.487e3
1320.1	1.870e2
1320.6	2.667e3
1321.1	1.290e2
1321.7	2.872e3
1322.3	4.020e2
1322.9	2.808e3
1323.6	6.380e2
1324.3	2.257e3
1325.0	4.720e2
1325.8	2.772e3
1326.5	1.412e3
1327.4	3.290e3
1328.1	6.600e2
1328.7	2.841e3
1329.7	2.273e3
1330.7	3.532e3
1331.5	1.583e3
1332.3	3.103e3
1333.0	5.200e2
1333.7	2.991e3
1334.3	6.230e2
1335.0	3.464e3
1336.0	2.312e3
1336.5	1.420e2
1337.2	3.854e3
1337.7	2.900e2
1338.3	2.996e3
1338.8	2.330e2
1339.4	2.512e3
1340.3	1.516e3
1341.2	2.301e3
1341.8	3.410e2
1342.4	1.583e3
1343.3	2.440e3
1344.0	8.460e2
1344.7	2.657e3
1345.3	2.200e2
1345.8	2.091e3
1346.3	3.900e1
1346.9	1.945e3
1347.8	3.178e3
1348.8	1.067e3
1349.8	3.121e3
1350.7	1.638e3
1351.2	3.250e2
1351.8	3.282e3
1352.4	2.640e2
1353.0	1.809e3
1353.9	3.227e3
1354.7	1.708e3
1355.2	1.500e1
1355.8	2.600e3
1356.5	3.770e2
1357.2	2.428e3
1357.7	1.820e2
1358.3	2.443e3
1359.3	2.597e3
1360.0	1.230e3
1360.7	2.810e3
1361.6	1.898e3
1362.6	1.552e3
1363.4	3.405e3
1364.3	1.741e3
1365.3	2.577e3
1366.3	1.854e3
1367.1	2.231e3
1368.1	2.736e3
1368.6	3.500e1
1369.1	3.477e3
1370.1	2.015e3
1371.1	3.735e3
1372.0	1.827e3
1372.5	4.600e2
1373.2	2.299e3
1374.1	3.018e3
1375.0	1.831e3
1375.7	7.440e2
1376.3	3.019e3
1376.9	3.500e2
1377.5	2.840e3
1378.1	1.960e2
1378.6	2.334e3
1379.2	2.490e2
1379.7	2.719e3
1380.5	8.990e2
1381.2	2.972e3
1381.9	8.050e2
1382.6	2.739e3
1383.2	4.180e2
1383.8	2.469e3
1384.3	4.200e1
1384.9	2.978e3
1385.8	1.515e3
1386.7	3.606e3
1387.3	2.190e2
1387.9	2.205e3
1388.6	5.920e2
1389.3	1.760e3
1390.4	2.719e3
1391.5	2.157e3
1392.4	2.330e3
1393.4	2.961e3
1394.4	2.536e3
1395.2	2.724e3
1395.8	1.620e2
1396.4	2.719e3
1397.2	1.657e3
1398.2	2.043e3
1399.2	1.970e3
1400.1	1.148e3
1400.9	1.761e3
1401.4	5.300e1
1402.0	2.266e3
1402.7	1.531e3
1403.6	2.297e3
1404.5	1.687e3
1405.3	4.773e3
1406.2	1.718e3
1407.1	2.327e3
1407.8	7.860e2
1408.4	2.241e3
1408.9	1.700e1
1409.5	1.674e3
1410.2	7.930e2
1410.8	1.721e3
1411.3	1.270e2
1411.9	3.387e3
1412.7	2.742e3
1413.6	1.207e3
1414.5	2.541e3
1415.4	1.004e3
1416.1	8.110e2
1416.9	1.722e3
1417.8	3.304e3
1418.6	8.120e2
1419.4	2.101e3
1420.1	5.520e2
1420.8	2.635e3
1421.7	2.416e3
1422.6	2.602e3
1423.3	9.030e2
1423.9	2.543e3
1424.8	2.928e3
1425.8	1.817e3
1426.3	4.000e0
1426.8	1.354e3
1427.7	2.469e3
1428.4	3.510e2
1429.1	2.443e3
1430.1	2.920e3
1431.0	2.162e3
1431.6	3.710e2
1432.2	1.749e3
1433.1	2.357e3
1434.1	2.809e3
1434.8	5.310e2
1435.5	2.427e3
1436.4	2.593e3
1437.3	1.238e3
1438.0	3.412e3
1439.0	2.379e3
1439.5	3.700e1
1440.1	3.135e3
1441.0	1.691e3
1441.9	1.841e3
1442.9	2.668e3
1443.9	2.558e3
1444.8	1.376e3
1445.7	3.457e3
1446.4	1.769e3
1447.3	2.426e3
1448.2	1.453e3
1449.1	2.059e3
1449.7	5.680e2
1450.3	1.861e3
1451.2	3.463e3
1452.0	1.150e3
1452.8	2.208e3
1453.7	1.528e3
1454.6	1.738e3
1455.4	7.730e2
1456.2	2.221e3
1457.2	2.731e3
1458.1	1.573e3
1458.9	2.250e3
1459.6	1.270e2
1460.3	2.499e3
1461.1	1.457e3
1462.1	2.191e3
1463.0	2.646e3
1463.8	2.958e3
1464.8	1.417e3
1465.5	3.146e3
1466.0	2.200e1
1466.6	1.937e3
1467.4	3.433e3
1467.9	2.060e2
1468.6	1.894e3
1469.5	3.620e3
1470.4	2.624e3
1471.3	1.444e3
1472.1	2.018e3
1472.7	1.290e2
1473.2	4.036e3
1474.1	2.280e3
1475.0	2.901e3
1475.6	8.200e1
1476.2	2.643e3
1476.7	2.900e2
1477.3	2.627e3
1478.2	1.332e3
1479.0	1.920e3
1480.0	2.403e3
1480.8	6.600e2
1481.6	2.382e3
1482.5	1.786e3
1483.4	2.795e3
1484.1	5.450e2
1484.8	2.511e3
1485.4	2.070e2
1486.0	2.062e3
1487.0	2.589e3
1487.9	1.567e3
1488.8	1.907e3
1489.3	4.600e1
1489.8	2.455e3
1490.8	2.360e3
1491.6	9.510e2
1492.4	2.621e3
1493.4	2.005e3
1494.4	2.059e3
1495.4	2.347e3
1496.3	1.168e3
1497.1	2.235e3
1497.8	7.780e2
1498.6	2.475e3
1499.3	1.077e3
1500.1	2.928e3
1501.0	1.747e3
1501.9	2.651e3
1502.6	7.540e2
1503.6	2.704e3
1504.5	2.176e3
1505.4	1.832e3
1505.9	1.580e2
1506.5	2.983e3
1507.1	2.170e2
1507.7	1.770e3
1508.2	8.800e1
1508.8	2.169e3
1509.3	8.300e1
1509.8	2.060e3
1510.8	2.474e3
1511.7	1.097e3
1512.6	2.089e3
1513.5	1.080e3
1514.1	6.410e2
1514.8	2.549e3
1515.8	2.280e3
1516.4	5.100e1
1517.0	2.521e3
1517.5	8.400e1
1518.1	2.157e3
1518.7	8.880e2
1519.4	3.484e3
1520.1	4.770e2
1520.7	2.386e3
1521.4	5.170e2
1522.2	2.307e3
1523.2	2.352e3
1524.0	7.700e2
1524.7	1.905e3
1525.4	3.660e2
1526.1	1.449e3
1527.0	2.943e3
1527.7	1.120e3
1528.4	2.512e3
1529.0	3.060e2
1529.6	1.369e3
1530.5	1.690e3
1531.1	2.280e2
1531.6	2.474e3
1532.3	6.270e2
1533.1	2.052e3
1534.1	1.885e3
1534.6	9.200e1
1535.2	1.731e3
1536.2	1.581e3
1537.2	2.312e3
1538.2	2.574e3
1539.0	1.040e3
1539.8	2.168e3
1540.5	1.394e3
1541.3	3.631e3
1542.2	2.649e3
1543.1	9.300e2
1543.7	1.530e2
1544.3	2.776e3
1545.1	1.387e3
1545.9	2.332e3
1546.6	7.460e2
1547.5	2.011e3
1548.2	6.600e2
1548.9	2.198e3
1549.8	1.545e3
1550.7	2.506e3
1551.6	1.721e3
1552.6	3.150e3
1553.5	2.076e3
1554.4	2.770e3
1555.4	1.499e3
1556.2	1.168e3
1557.0	2.045e3
1557.8	1.255e3
1558.6	1.985e3
1559.5	1.890e3
1560.4	1.576e3
1561.3	1.940e3
1562.0	8.630e2
1562.7	2.335e3
1563.8	2.700e3
1564.8	2.628e3
1565.4	4.590e2
1566.1	2.513e3
1566.6	6.200e1
1567.3	3.460e3
1567.8	9.300e1
1568.3	2.558e3
1569.3	1.088e3
1570.1	2.176e3
1570.8	6.690e2
1571.5	1.979e3
1572.2	6.040e2
1572.8	1.627e3
1573.6	2.074e3
1574.2	5.200e1
1574.8	1.898e3
1575.4	2.840e2
1576.0	2.378e3
1576.8	1.277e3
1577.6	1.147e3
1578.4	1.372e3
1579.2	1.748e3
1579.7	1.900e1
1580.3	2.646e3
1581.0	8.360e2
1581.8	2.489e3
1582.3	7.400e1
1582.8	2.485e3
1583.4	3.100e1
1583.9	2.368e3
1584.5	3.150e2
1585.1	2.313e3
1586.0	1.282e3
1586.9	1.875e3
1587.4	1.130e2
1587.9	1.961e3
1588.6	5.990e2
1589.4	1.958e3
1590.3	2.103e3
1591.1	6.630e2
1591.9	2.337e3
1592.8	1.334e3
1593.6	1.880e3
1594.6	2.055e3
1595.5	3.052e3
1596.3	1.184e3
1597.2	1.742e3
1597.7	4.000e0
1598.2	1.667e3
1599.1	2.201e3
1599.8	4.170e2
1600.5	1.725e3
1601.3	5.180e2
1601.9	2.190e3
1602.6	2.880e2
1603.1	1.998e3
1603.8	6.300e2
1604.5	1.786e3
1605.3	1.008e3
1606.1	2.617e3
1607.0	1.594e3
1607.7	4.930e2
1608.3	1.578e3
1609.1	8.010e2
1609.9	1.298e3
1610.7	9.280e2
1611.4	2.947e3
1612.1	3.640e2
1612.7	2.172e3
1613.7	2.042e3
1614.5	1.701e3
1615.4	8.500e2
1616.1	1.449e3
1617.0	1.781e3
1617.8	2.588e3
1618.8	2.052e3
1619.8	1.081e3
1620.7	2.064e3
1621.2	6.300e1
1621.8	1.529e3
1622.8	1.991e3
1623.7	1.146e3
1624.5	2.707e3
1625.3	8.850e2
1626.1	2.190e3
1626.7	2.200e1
1627.2	1.983e3
1628.2	1.553e3
1628.9	4.990e2
1629.6	1.801e3
1630.1	2.200e1
1630.6	2.280e3
1631.3	2.430e2
1631.8	1.586e3
1632.5	7.420e2
1633.2	2.004e3
1633.7	2.320e2
1634.3	1.867e3
1634.9	4.380e2
1635.8	2.555e3
1636.7	1.502e3
1637.5	1.096e3
1638.4	2.374e3
1639.3	1.086e3
1639.9	1.000e1
1640.4	7.780e2
1641.4	2.184e3
1642.0	1.300e2
1642.5	1.423e3
1643.4	2.037e3
1644.2	3.450e2
1645.1	1.856e3
1645.7	7.630e2
1646.5	3.159e3
1647.4	1.157e3
1648.3	2.247e3
1649.3	1.237e3
1650.0	2.103e3
1651.0	9.110e2
1652.0	1.504e3
1652.7	2.670e2
1653.4	1.430e3
1654.2	2.226e3
1654.8	5.950e2
1655.5	2.346e3
1656.1	2.570e2
1656.8	1.743e3
1657.7	2.502e3
1658.5	4.990e2
1659.2	2.210e3
1660.1	1.601e3
1660.7	8.300e1
1661.2	1.937e3
1661.9	1.970e2
1662.5	1.828e3
1663.0	2.900e1
1663.5	2.180e3
1664.0	4.000e0
1664.5	2.077e3
1665.1	2.200e2
1665.8	1.514e3
1666.4	4.200e2
1667.1	1.868e3
1667.8	2.350e2
1668.4	2.344e3
1668.9	1.040e2
1669.5	1.733e3
1670.3	6.860e2
1671.0	1.833e3
1671.7	7.010e2
1672.5	1.430e3
1673.5	1.036e3
1674.4	1.619e3
1675.0	1.150e2
1675.5	2.143e3
1676.1	1.690e2
1676.7	2.213e3
1677.3	2.210e2
1677.8	2.493e3
1678.3	9.600e1
1679.0	1.822e3
1680.0	1.371e3
1680.8	3.450e2
1681.4	1.897e3
1682.0	2.990e2
1682.5	1.850e3
1683.5	2.363e3
1684.1	1.070e2
1684.7	1.815e3
1685.7	1.709e3
1686.3	6.320e2
1687.0	2.311e3
1687.9	1.489e3
1688.9	1.071e3
1689.9	2.040e3
1690.5	1.500e1
1691.0	1.865e3
1691.9	1.049e3
1692.8	1.588e3
1693.4	2.830e2
1693.9	2.151e3
1694.7	5.960e2
1695.5	1.619e3
1696.1	2.010e2
1696.7	2.428e3
1697.4	1.620e2
1698.0	2.824e3
1698.5	1.100e1
1699.0	1.899e3
1700.0	1.983e3
1700.9	1.078e3
1701.7	1.919e3
1702.3	1.300e2
1702.9	1.793e3
1703.5	1.580e2
1704.1	1.700e3
1705.0	2.468e3
1705.8	1.297e3
1706.7	1.841e3
1707.5	6.640e2
1708.2	9.790e2
1709.2	1.925e3
1710.0	4.200e2
1710.7	1.463e3
1711.4	3.020e2
1712.0	1.655e3
1713.1	1.661e3
1713.8	3.910e2
1714.4	1.680e3
1715.1	4.680e2
1715.7	1.881e3
1716.3	6.320e2
1716.9	1.816e3
1717.8	1.390e3
1718.8	1.672e3
1719.4	2.430e2
1720.1	1.687e3
1720.8	4.140e2
1721.5	1.616e3
1722.3	7.620e2
1722.9	1.790e2
1723.5	2.512e3
1724.4	1.122e3
1724.9	4.600e1
1725.5	1.521e3
1726.3	7.440e2
1727.1	1.807e3
1727.8	5.560e2
1728.5	2.382e3
1729.4	1.486e3
1730.2	6.300e2
1730.8	1.347e3
1731.8	2.251e3
1732.5	7.720e2
1733.3	1.629e3
1734.5	2.256e3
1735.0	1.220e2
1735.6	2.646e3
1736.4	1.099e3
1737.3	2.197e3
1738.1	7.060e2
1738.8	1.392e3
1739.8	1.386e3
1740.7	6.680e2
1741.5	1.604e3
1742.1	6.100e1
1742.7	1.570e3
1743.3	1.070e2
1743.8	1.399e3
1744.7	2.078e3
1745.5	5.650e2
1746.2	1.727e3
1746.8	4.190e2
1747.5	1.515e3
1748.0	2.200e1
1748.5	1.885e3
1749.3	1.186e3
1750.2	1.830e3
1751.0	1.570e2
1751.7	1.701e3
1752.7	1.540e3
1753.6	1.273e3
1754.6	1.887e3
1755.4	1.246e3
1756.3	2.135e3
1757.2	1.638e3
1758.2	1.339e3
1758.9	3.240e2
1759.8	1.427e3
1760.5	4.040e2
1761.2	1.582e3
1761.8	1.560e2
1762.5	1.597e3
1763.5	1.550e3
1764.5	1.233e3
1765.1	6.000e1
1765.6	1.380e3
1766.2	5.500e2
1766.9	1.311e3
1767.8	1.695e3
1768.5	4.350e2
1769.2	1.917e3
1770.2	2.097e3
1771.2	1.240e3
1771.9	1.180e2
1772.5	1.877e3
1773.5	1.992e3
1774.5	1.595e3
1775.3	5.360e2
1776.2	2.025e3
1776.7	4.490e2
1777.3	1.513e3
1778.1	6.970e2
1778.9	1.225e3
1779.4	4.000e0
1780.0	1.440e3
1780.7	9.440e2
1781.8	2.354e3
1782.3	1.400e2
1782.8	1.944e3
1783.4	2.520e2
1784.1	1.524e3
1784.8	4.560e2
1785.4	9.250e2
1786.0	2.230e2
1786.6	1.171e3
1787.6	1.661e3
1788.1	3.430e2
1788.7	2.032e3
1789.6	7.480e2
1790.5	1.145e3
1791.1	1.130e2
1791.6	1.546e3
1792.4	2.040e2
1793.0	1.575e3
1793.9	8.970e2
1794.6	4.820e2
1795.3	1.088e3
1796.2	1.681e3
1797.0	7.570e2
1797.6	9.000e0
1798.1	1.756e3
1798.8	5.670e2
1799.4	1.298e3
1800.3	1.262e3
1801.2	2.408e3
1802.2	1.514e3
1802.9	3.600e2
1803.7	1.546e3
1804.6	7.620e2
1805.3	2.880e2
1805.9	1.334e3
1806.9	2.223e3
1807.7	1.240e3
1808.6	7.770e2
1809.5	1.785e3
1810.5	7.320e2
1811.4	1.573e3
1812.0	3.780e2
1812.8	1.362e3
1813.4	3.800e1
1813.9	1.935e3
1814.6	3.150e2
1815.3	1.751e3
1816.1	7.720e2
1817.0	1.744e3
1817.6	3.750e2
1818.3	1.781e3
1819.2	1.446e3
1819.8	3.170e2
1820.5	1.557e3
1821.5	1.459e3
1822.0	5.400e1
1822.5	1.983e3
1823.2	2.870e2
1824.0	1.174e3
1824.6	8.220e2
1825.4	1.527e3
1826.2	4.300e2
1827.0	1.310e3
1827.9	1.708e3
1828.6	2.220e2
1829.2	1.863e3
1829.7	2.000e1
1830.2	2.016e3
1831.1	9.150e2
1832.0	1.411e3
1833.0	1.280e3
1833.8	7.210e2
1834.5	1.206e3
1835.4	1.986e3
1836.3	1.945e3
1837.3	2.561e3
1838.3	1.554e3
1839.2	1.252e3
1840.0	1.292e3
1841.0	2.268e3
1841.9	8.840e2
1842.5	1.317e3
1843.2	1.650e2
1843.8	1.157e3
1844.6	6.040e2
1845.5	1.894e3
1846.3	7.930e2
1847.0	2.039e3
1847.6	8.200e1
1848.1	1.576e3
1849.1	1.605e3
1849.7	3.800e1
1850.2	1.158e3
1851.1	1.601e3
1851.9	4.390e2
1852.6	1.426e3
1853.5	5.790e2
1854.4	1.037e3
1855.4	7.160e2
1856.0	1.250e2
1856.7	1.911e3
1857.3	1.990e2
1857.9	1.012e3
1858.4	1.440e2
1859.0	1.060e3
1859.6	1.300e2
1860.2	1.761e3
1860.7	3.000e0
1861.2	1.153e3
1861.8	1.600e1
1862.3	1.102e3
1863.1	3.190e2
1863.9	1.754e3
1864.8	9.180e2
1865.7	1.470e3
1866.6	4.450e2
1867.3	1.473e3
1867.9	1.850e2
1868.5	1.496e3
1869.1	3.560e2
1870.0	1.075e3
1870.5	3.200e1
1871.0	4.220e2
1871.7	1.762e3
1872.6	1.121e3
1873.4	5.830e2
1874.3	1.328e3
1875.2	1.898e3
1875.8	3.340e2
1876.5	1.232e3
1877.1	1.800e1
1877.6	6.920e2
1878.5	8.850e2
1879.4	6.410e2
1880.1	2.105e3
1881.1	1.135e3
1881.8	6.700e1
1882.4	1.562e3
1883.4	7.780e2
1884.2	1.224e3
1885.0	6.900e1
1885.6	2.475e3
1886.4	7.140e2
1887.1	1.599e3
1887.8	4.260e2
1888.4	1.344e3
1889.2	4.910e2
1890.0	2.188e3
1890.9	1.110e3
1891.8	1.101e3
1892.3	6.500e1
1892.9	4.950e2
1893.6	1.489e3
1894.5	1.337e3
1895.2	3.930e2
1895.9	1.047e3
1897.0	1.392e3
1898.0	1.234e3
1898.9	7.850e2
1899.5	1.900e2
1900.3	9.230e2
1901.0	4.190e2
1902.0	1.132e3
1902.9	7.660e2
1903.7	7.710e2
1904.2	2.400e1
1904.7	1.577e3
1905.7	1.018e3
1906.6	1.571e3
1907.8	1.610e3
1908.7	1.012e3
1909.3	9.600e1
1910.1	2.025e3
1910.8	4.480e2
1911.5	9.490e2
1912.1	2.640e2
1912.8	1.036e3
1913.7	1.042e3
1914.5	6.330e2
1915.1	1.363e3
1915.8	1.860e2
1916.4	1.871e3
1917.1	5.020e2
1917.8	7.980e2
1918.7	1.291e3
1919.2	1.000e2
1919.9	1.575e3
1920.8	1.273e3
1921.5	2.200e2
1922.3	1.129e3
1923.1	1.834e3
1923.9	4.560e2
1924.7	1.997e3
1925.6	8.980e2
1926.6	2.072e3
1927.3	6.010e2
1927.9	1.568e3
1928.6	2.020e2
1929.2	1.711e3
1930.1	9.360e2
1931.0	6.440e2
1931.9	1.435e3
1932.7	4.760e2
1933.3	1.010e2
1933.9	1.892e3
1934.9	1.055e3
1935.5	2.200e2
1936.1	1.297e3
1937.1	2.012e3
1937.8	8.300e1
1938.3	1.113e3
1939.2	1.431e3
1939.9	1.130e2
1940.4	9.250e2
1941.1	7.500e1
1941.7	1.458e3
1942.4	4.050e2
1943.2	1.336e3
1944.2	1.473e3
1944.7	7.700e1
1945.4	1.359e3
1946.3	1.230e3
1947.3	9.500e2
1948.3	1.259e3
1949.0	2.060e2
1949.8	1.472e3
1950.5	2.520e2
1951.2	1.426e3
1952.0	6.330e2
1952.9	4.860e2
1953.6	2.430e2
1954.2	9.730e2
1955.1	1.901e3
1956.1	1.286e3
1957.2	1.590e3
1958.1	4.970e2
1959.0	1.224e3
1959.8	6.230e2
1960.5	1.705e3
1961.3	6.960e2
1962.3	5.590e2
1963.1	2.210e2
1963.7	1.581e3
1964.5	7.190e2
1965.4	8.750e2
1966.2	5.750e2
1967.1	5.690e2
1967.8	9.660e2
1968.4	4.400e1
1968.9	1.421e3
1969.7	9.600e2
1970.6	1.293e3
1971.3	5.000e1
1971.9	1.111e3
1972.8	1.739e3
1973.4	1.810e2
1974.1	1.759e3
1975.0	9.280e2
1976.0	1.333e3
1976.9	8.140e2
1977.6	3.420e2
1978.2	1.077e3
1978.8	7.000e0
1979.4	1.319e3
1980.4	6.440e2
1981.1	8.610e2
1981.8	1.350e2
1982.7	4.690e2
1983.6	1.206e3
1984.6	2.152e3
1985.8	1.133e3
1986.7	1.057e3
1987.7	8.820e2
1988.5	6.670e2
1989.6	2.015e3
1990.4	1.015e3
1991.0	2.860e2
1991.7	9.990e2
1992.3	3.380e2
1993.1	9.740e2
1994.0	7.900e2
1994.8	1.496e3
1995.8	1.256e3
1996.6	3.840e2
1997.3	1.383e3
1998.1	9.690e2
1999.1	1.630e3
1999.8	4.150e2
