100.3	1.971e5
101.0	9.112e5
101.5	3.492e3
102.1	6.305e5
103.0	3.689e5
103.5	1.728e3
104.1	2.764e5
105.0	1.282e5
105.5	1.634e3
106.0	2.587e5
107.0	2.713e5
108.0	1.205e6
109.0	5.975e5
109.5	1.385e3
110.0	9.090e5
111.1	1.266e6
112.0	6.486e5
112.9	3.943e5
114.0	2.910e6
115.0	1.592e6
116.0	9.549e5
117.0	2.725e5
118.0	1.488e6
119.0	7.244e5
119.5	4.684e3
120.1	1.039e6
121.1	2.479e5
121.6	1.142e3
122.1	1.434e6
123.1	2.979e5
124.1	1.320e5
125.0	2.162e5
126.0	7.407e5
127.0	4.905e5
128.0	2.064e5
129.0	6.228e5
129.5	1.226e3
130.1	3.042e5
131.0	1.577e6
132.0	7.398e5
133.1	1.691e5
134.0	3.257e5
135.0	1.214e5
136.0	1.377e6
137.0	3.287e5
138.1	1.365e6
139.1	2.864e5
140.1	4.868e5
141.1	2.180e6
142.0	1.596e6
143.1	3.685e5
144.0	8.942e5
144.5	1.987e3
145.1	2.160e5
146.0	5.428e5
146.5	2.467e3
147.1	2.948e5
148.0	1.492e5
148.5	1.945e3
149.0	7.097e5
150.1	2.890e5
150.6	1.329e3
151.2	1.299e5
152.1	1.019e5
153.1	9.748e4
154.0	3.024e5
155.1	5.095e5
156.1	3.732e5
157.0	4.036e5
158.1	4.544e6
159.1	2.192e6
160.1	8.781e5
161.1	1.738e5
162.0	5.082e5
162.6	3.848e3
163.1	3.269e5
164.0	7.039e5
164.6	1.379e3
165.1	2.628e5
166.1	1.285e5
167.1	1.323e5
168.0	2.106e5
168.5	3.511e3
169.0	1.032e5
169.6	7.260e2
170.1	1.772e5
171.2	6.002e5
172.1	3.021e5
173.1	3.384e5
173.6	5.624e3
174.2	2.771e5
175.1	1.946e5
176.1	2.043e5
177.0	6.114e5
177.6	4.165e3
178.1	1.691e5
178.6	1.549e3
179.2	2.981e5
180.1	1.627e5
181.1	2.299e5
182.0	2.811e5
183.1	4.713e5
183.6	4.104e3
184.2	1.846e5
185.1	5.973e5
186.0	2.403e5
187.1	8.836e5
187.6	1.932e3
188.1	2.689e5
189.1	1.367e5
189.6	4.329e3
190.1	1.685e5
191.1	2.180e5
192.1	2.844e5
193.1	2.110e5
193.6	2.216e3
194.2	5.139e5
195.1	1.869e5
196.2	4.421e6
197.2	7.312e5
198.2	1.448e6
199.2	3.258e5
200.1	2.637e5
201.1	2.930e5
202.1	1.540e5
203.1	4.479e5
204.1	1.958e5
205.1	2.376e5
205.6	2.728e3
206.1	1.972e5
207.1	1.507e5
208.0	1.525e5
208.6	2.171e3
209.1	4.288e5
209.6	3.119e3
210.2	1.932e5
211.1	1.232e5
212.1	2.428e5
213.0	7.561e4
214.2	8.328e6
215.2	1.111e6
216.2	7.278e5
217.2	3.470e5
217.7	1.776e3
218.2	9.558e5
219.2	2.902e5
220.2	3.337e5
221.2	1.582e5
222.1	1.197e5
223.2	9.054e4
224.1	1.207e5
225.1	1.232e5
226.0	1.609e5
226.5	2.001e3
227.1	2.610e5
228.1	1.463e5
228.6	5.010e2
229.1	1.694e5
230.1	9.587e4
231.1	1.216e5
232.1	3.120e5
232.6	1.744e3
233.1	1.823e5
234.1	1.703e5
235.0	1.281e5
236.2	2.281e6
237.1	5.567e5
238.2	2.739e5
239.1	1.404e5
240.0	9.084e4
241.1	8.023e4
242.0	2.780e5
243.1	2.082e5
243.6	5.190e2
244.1	1.413e5
244.6	9.600e1
245.1	1.137e5
246.1	8.879e4
246.6	3.712e3
247.1	1.590e5
248.1	1.071e5
248.6	2.329e3
249.1	1.097e5
250.1	1.671e5
251.1	1.226e5
252.1	9.853e4
252.6	3.740e2
253.1	2.310e5
253.6	1.733e3
254.1	2.013e5
255.1	2.635e5
256.0	1.012e5
256.6	6.645e3
257.1	1.372e5
258.1	8.247e4
259.1	2.339e5
260.1	1.707e5
260.6	2.828e3
261.2	1.722e5
262.1	1.201e5
263.0	9.483e4
264.0	1.196e5
264.5	1.055e3
265.1	8.527e4
266.1	8.408e4
267.1	1.381e5
267.6	1.297e3
268.1	8.528e4
269.1	6.496e4
270.1	9.695e4
270.6	2.093e3
271.1	1.738e5
272.1	7.491e4
272.6	5.130e2
273.1	1.478e5
274.1	9.203e4
274.6	9.880e2
275.1	1.346e5
276.1	1.080e5
277.1	1.805e5
277.6	7.330e2
278.1	1.106e5
278.7	2.792e3
279.2	1.956e5
280.1	6.117e4
281.0	1.618e5
281.5	7.210e2
282.1	9.493e4
283.1	9.305e4
284.1	7.822e4
284.6	9.740e2
285.1	1.263e5
286.1	8.303e4
286.6	5.120e2
287.1	9.278e4
288.1	1.067e5
289.1	9.226e4
290.1	7.975e4
291.1	6.335e4
292.1	8.293e4
292.6	5.020e2
293.1	5.952e4
294.1	1.154e5
294.6	1.419e3
295.1	6.733e4
296.1	1.014e5
296.6	1.345e3
297.1	6.579e4
298.1	9.141e4
298.7	2.837e3
299.2	6.795e4
300.1	4.947e4
300.6	4.248e3
301.2	9.177e4
302.1	6.927e4
303.1	1.343e5
304.1	1.255e5
304.6	1.504e3
305.2	1.376e5
306.1	6.986e4
307.1	7.091e4
308.1	6.914e4
309.1	1.041e5
309.6	1.300e3
310.1	7.782e4
310.6	7.720e2
311.1	8.418e4
311.6	9.740e2
312.1	6.286e4
313.1	1.029e5
313.6	2.330e2
314.1	1.314e5
314.6	2.137e3
315.2	6.208e4
316.1	1.225e5
316.7	2.810e3
317.2	7.012e4
318.1	4.818e4
319.1	8.609e4
320.1	5.508e4
320.6	1.411e3
321.2	1.221e5
321.7	2.104e3
322.2	6.700e4
323.1	5.185e4
324.1	6.831e4
325.1	5.977e4
325.6	4.320e2
326.1	1.152e5
326.6	1.370e3
327.1	8.852e4
328.1	7.702e4
328.7	4.180e2
329.2	1.012e5
330.1	5.959e4
331.1	3.284e5
331.6	1.179e3
332.1	1.939e5
332.6	9.170e2
333.2	1.300e5
334.1	9.925e4
334.7	1.417e3
335.2	7.684e4
336.1	6.002e4
336.6	6.810e2
337.1	5.877e4
338.1	6.279e4
339.0	7.199e4
339.5	4.090e2
340.0	8.766e4
340.5	1.027e3
341.1	6.697e4
342.0	6.391e4
342.6	2.786e3
343.2	5.309e4
344.1	7.174e4
344.6	3.680e2
345.1	7.322e4
346.1	5.571e4
347.1	9.647e4
348.1	1.154e5
348.6	1.706e3
349.1	2.984e5
349.6	2.455e3
350.1	9.640e4
351.1	8.500e4
352.1	6.243e4
353.0	6.722e4
353.6	2.926e3
354.1	2.167e5
355.1	1.236e5
355.6	5.210e2
356.1	5.918e4
357.1	8.697e4
357.6	3.360e2
358.1	5.153e4
359.1	2.034e5
359.6	9.480e2
360.2	8.387e4
361.2	8.582e4
362.1	5.846e4
362.6	1.746e3
363.2	1.072e5
364.1	4.944e4
364.7	1.406e3
365.2	1.203e5
366.1	6.361e4
367.1	5.227e4
368.1	5.985e4
369.1	6.045e4
370.1	4.566e4
370.6	4.630e2
371.1	5.733e4
372.1	8.046e4
373.1	5.382e4
374.1	4.802e4
375.0	4.960e4
376.0	4.778e4
376.6	2.624e3
377.2	8.615e4
378.2	4.501e4
379.1	7.381e4
379.6	1.859e3
380.1	3.692e4
381.1	8.959e4
382.1	4.409e4
382.8	8.353e3
383.4	6.150e4
384.3	1.513e4
384.9	3.118e4
385.8	3.776e4
386.8	4.314e4
387.5	1.164e4
388.3	5.856e4
389.3	3.414e4
390.1	3.446e4
391.1	5.505e4
392.0	4.082e4
392.6	4.954e3
393.2	8.547e4
394.1	4.109e4
395.1	5.095e4
396.1	3.258e4
397.0	4.086e4
397.5	3.730e2
398.1	3.914e4
399.0	5.552e4
399.6	3.990e2
400.1	3.982e4
401.1	3.458e4
402.0	3.281e4
403.1	2.701e4
404.0	4.503e4
404.5	4.401e3
405.1	4.022e4
405.7	2.206e3
406.3	2.782e4
407.2	4.860e4
408.1	2.696e4
408.6	9.580e2
409.1	6.536e4
410.1	4.669e4
411.0	4.264e4
412.0	4.468e4
412.6	4.752e3
413.1	4.865e4
414.1	4.961e4
414.7	1.806e3
415.2	5.167e4
416.0	1.977e4
416.7	3.597e4
417.3	1.098e4
418.0	3.201e4
419.0	2.043e4
420.0	2.607e4
420.9	2.771e4
421.6	8.231e3
422.2	2.739e4
423.2	3.632e4
424.1	2.314e4
424.6	1.035e3
425.2	3.092e4
426.1	2.809e4
426.6	4.530e2
427.1	5.343e4
428.1	2.477e4
429.1	3.341e4
430.0	3.174e4
430.6	2.353e3
431.2	7.412e4
431.7	3.613e3
432.3	4.169e4
432.8	2.511e3
433.3	3.961e4
434.2	1.934e4
435.1	2.528e4
436.1	2.260e4
436.7	2.982e3
437.2	5.707e4
438.1	2.729e4
439.0	2.269e4
440.1	2.362e4
441.0	2.286e4
441.5	2.397e3
442.1	1.689e4
443.0	2.989e4
444.0	2.987e4
445.0	2.054e4
446.0	6.057e4
447.0	3.495e4
448.0	3.216e4
448.6	4.180e3
449.2	4.772e4
450.2	3.469e4
451.2	2.584e4
452.1	3.167e4
453.2	3.051e4
454.1	2.428e4
455.1	2.674e4
456.1	2.551e4
456.7	2.726e3
457.3	2.992e4
458.1	1.787e4
458.6	1.661e3
459.1	2.531e4
460.0	2.372e4
461.0	2.610e4
462.0	2.426e4
462.9	3.609e4
463.5	3.960e2
464.1	2.094e4
465.0	2.451e4
466.0	2.023e4
467.0	1.520e4
467.8	2.728e4
468.3	7.460e2
468.8	3.330e4
469.4	4.177e3
470.1	1.577e4
471.0	1.875e4
472.0	2.636e4
473.0	2.172e4
474.1	2.379e4
475.1	1.590e4
476.0	3.041e4
477.0	2.307e4
477.5	9.600e1
478.0	2.714e4
478.5	9.500e2
479.1	2.883e4
479.9	9.867e3
480.5	3.165e4
481.1	1.349e3
481.6	3.313e4
482.3	1.583e4
483.1	3.088e4
484.1	2.225e4
485.0	2.418e4
485.6	2.580e2
486.1	1.719e4
487.1	1.803e4
488.0	2.454e4
488.6	2.370e2
489.1	2.091e4
490.1	2.775e4
491.1	1.756e4
492.1	2.529e4
493.0	2.259e4
494.0	1.670e4
494.6	1.850e3
495.1	2.734e4
495.6	3.200e2
496.1	2.212e4
496.7	6.890e2
497.2	2.513e4
498.2	2.422e4
499.2	3.319e4
500.2	2.508e4
501.1	1.632e4
502.0	2.300e4
503.0	2.009e4
503.5	1.410e2
504.0	2.576e4
505.0	1.635e4
505.6	4.040e3
506.3	1.799e4
507.3	2.267e4
508.1	1.446e4
509.0	2.638e4
509.5	7.290e2
510.1	2.173e4
510.6	4.880e2
511.2	2.904e4
511.8	3.970e3
512.4	2.304e4
513.1	1.033e4
513.9	1.766e4
514.5	2.173e3
515.1	2.435e4
516.1	2.189e4
516.7	5.291e3
517.4	2.292e4
518.2	1.005e4
519.0	1.515e4
520.0	2.438e4
520.6	1.434e3
521.1	2.446e4
521.7	1.140e3
522.2	1.617e4
523.1	2.199e4
524.1	2.324e4
524.7	1.410e2
525.2	2.107e4
526.1	3.969e4
526.7	1.322e3
527.3	4.566e4
528.1	2.406e4
529.0	2.430e4
529.5	9.730e2
530.0	2.019e4
531.0	2.819e4
531.5	4.240e2
532.0	1.849e4
533.0	2.308e4
534.1	2.028e4
535.1	1.772e4
535.8	7.082e3
536.5	2.521e4
537.4	2.016e4
538.2	8.920e3
539.1	1.727e4
539.6	7.400e1
540.1	1.695e4
540.7	1.803e3
541.2	2.115e4
542.2	2.473e4
543.2	2.483e4
544.1	1.395e4
545.0	1.618e4
546.0	1.669e4
546.8	6.709e3
547.6	2.120e4
548.3	5.349e3
549.1	2.018e4
550.0	1.820e4
550.9	1.648e4
552.0	1.098e4
552.8	1.452e4
553.8	1.769e4
554.4	7.960e2
554.9	1.661e4
555.4	2.610e2
556.0	1.834e4
556.5	1.119e3
557.1	1.246e4
557.7	3.316e3
558.2	1.822e4
559.0	7.934e3
559.8	1.571e4
560.4	3.920e2
560.9	1.656e4
561.6	2.421e3
562.3	1.309e4
563.1	6.705e3
563.9	1.675e4
564.5	2.147e3
565.1	1.647e4
566.0	1.011e4
566.9	1.475e4
567.5	9.590e2
568.0	1.541e4
569.0	9.993e3
569.8	1.091e4
570.6	1.297e4
571.2	3.067e3
571.9	1.022e4
572.4	1.730e2
573.0	1.383e4
573.9	1.325e4
574.7	7.107e3
575.4	6.722e3
576.1	1.274e4
576.9	1.575e4
577.9	8.348e3
578.4	2.390e2
578.9	1.779e4
579.9	1.156e4
580.4	1.560e2
580.9	1.335e4
581.9	1.687e4
582.5	2.864e3
583.1	1.889e4
584.1	1.063e4
585.0	7.477e3
585.9	1.459e4
586.5	1.193e3
587.1	1.156e4
588.2	1.083e4
589.2	1.081e4
590.2	1.114e4
591.0	7.804e3
591.5	1.015e3
592.0	1.356e4
593.1	1.139e4
593.9	9.136e3
594.8	1.773e4
595.8	8.592e3
596.4	1.489e3
597.0	1.969e4
598.0	1.563e4
598.9	1.563e4
599.5	8.980e2
600.2	1.199e4
601.1	1.352e4
601.6	2.410e2
602.2	1.093e4
603.1	1.300e4
603.8	2.290e3
604.4	1.311e4
605.0	4.922e3
605.7	1.569e4
606.7	1.176e4
607.3	1.470e2
607.9	7.816e3
608.9	1.595e4
609.8	4.710e3
610.6	1.781e4
611.5	9.521e3
612.4	2.939e3
613.1	1.223e4
614.0	9.730e3
614.5	1.510e2
615.0	9.204e3
615.9	1.225e4
616.7	6.777e3
617.6	6.578e3
618.5	1.001e4
619.1	1.471e3
619.6	9.620e3
620.5	1.266e4
621.2	2.522e3
621.8	1.607e4
622.5	1.625e3
623.1	7.372e3
624.0	9.688e3
625.0	9.872e3
625.7	5.706e3
626.6	1.476e4
627.2	2.777e3
627.8	1.180e4
628.9	1.011e4
629.5	7.700e2
630.1	8.393e3
630.6	2.098e3
631.4	1.085e4
632.2	7.660e3
633.1	7.955e3
634.0	6.008e3
634.9	1.110e4
635.4	5.130e2
635.9	1.200e4
636.6	6.060e2
637.3	8.755e3
638.1	8.761e3
639.1	9.054e3
640.1	1.078e4
641.1	1.199e4
642.0	5.427e3
642.7	1.164e4
643.3	6.400e1
643.8	8.668e3
644.5	1.437e3
645.1	7.919e3
645.9	1.853e3
646.7	5.754e3
647.7	7.984e3
648.3	3.010e2
648.8	7.992e3
649.6	5.178e3
650.3	6.580e2
650.9	1.746e4
651.8	8.247e3
652.7	2.440e3
653.3	9.626e3
654.1	3.740e3
654.8	9.688e3
655.4	8.820e2
655.9	1.053e4
656.8	1.151e4
657.4	5.230e2
658.0	1.222e4
658.8	3.063e3
659.5	8.247e3
660.3	2.519e3
661.0	9.383e3
662.0	6.226e3
662.5	7.430e2
663.0	7.665e3
664.0	6.078e3
664.8	1.065e4
665.4	1.300e1
665.9	7.749e3
666.6	8.130e2
667.1	9.603e3
668.0	8.669e3
668.9	8.201e3
669.5	1.935e3
670.2	1.072e4
671.1	1.179e4
672.0	4.790e3
673.0	9.793e3
673.6	1.175e3
674.2	1.217e4
675.0	4.087e3
675.8	1.102e4
676.6	8.029e3
677.2	7.740e2
677.9	6.091e3
678.9	1.058e4
679.7	3.166e3
680.4	8.100e3
681.3	1.352e4
682.1	3.403e3
683.0	1.233e4
683.9	4.406e3
684.7	1.071e4
685.4	2.010e2
686.0	6.923e3
686.9	6.633e3
687.8	6.757e3
688.7	8.333e3
689.6	1.160e4
690.1	5.640e2
690.8	9.379e3
691.4	1.246e3
692.1	1.450e4
692.9	5.375e3
693.7	7.618e3
694.2	7.500e2
694.9	1.096e4
695.9	6.593e3
696.4	4.470e2
696.9	1.168e4
697.9	3.783e3
698.7	8.572e3
699.6	6.171e3
700.5	3.670e3
701.5	1.064e4
702.3	2.798e3
703.1	1.214e4
704.1	5.878e3
705.0	4.654e3
706.0	7.859e3
707.0	6.350e3
707.9	4.179e3
708.8	1.004e4
709.5	1.014e3
710.1	1.032e4
711.0	5.856e3
711.7	2.597e3
712.4	8.075e3
713.3	4.828e3
714.1	9.590e3
714.7	1.036e3
715.3	1.274e4
716.2	7.435e3
717.2	7.706e3
718.2	8.707e3
719.0	1.387e4
719.9	4.693e3
720.8	8.328e3
721.4	1.214e3
721.9	5.183e3
723.0	3.894e3
723.8	6.962e3
724.7	3.410e3
725.5	8.850e3
726.4	5.112e3
727.0	1.461e3
727.7	6.197e3
728.6	8.689e3
729.4	1.546e3
730.0	4.904e3
730.9	1.241e4
731.8	5.707e3
732.4	3.430e2
732.9	1.055e4
733.5	5.890e2
734.0	7.721e3
735.1	1.021e4
735.8	6.622e3
736.5	2.864e3
737.1	8.201e3
737.9	3.905e3
738.8	1.154e4
739.8	9.820e3
740.7	3.625e3
741.6	7.883e3
742.5	5.285e3
743.2	1.419e3
743.8	6.475e3
744.8	1.084e4
745.8	5.800e3
746.5	1.265e3
747.1	9.074e3
747.6	3.600e2
748.2	1.015e4
749.1	1.038e4
749.9	4.296e3
750.7	1.454e4
751.4	9.900e1
751.9	1.278e4
752.9	6.934e3
753.9	1.284e4
754.9	7.252e3
755.5	2.190e2
756.1	6.058e3
756.9	4.249e3
757.8	7.074e3
758.4	1.873e3
759.0	6.712e3
759.8	4.135e3
760.6	7.208e3
761.1	1.570e2
761.6	7.860e3
762.7	1.128e4
763.6	5.196e3
764.5	1.010e4
765.3	1.635e3
766.1	4.311e3
767.0	9.524e3
768.1	8.101e3
768.8	2.125e3
769.5	7.572e3
770.5	1.056e4
771.1	2.165e3
771.8	8.414e3
772.6	5.042e3
773.7	5.021e3
774.6	3.792e3
775.7	6.995e3
776.4	3.331e3
777.3	6.094e3
778.2	2.973e3
779.2	3.913e3
779.7	1.100e2
780.2	5.887e3
781.2	1.012e4
781.8	3.780e2
782.4	5.995e3
783.2	2.866e3
783.8	5.869e3
784.7	6.368e3
785.7	5.088e3
786.3	1.004e3
786.9	1.042e4
787.8	8.064e3
788.8	5.195e3
789.7	3.675e3
790.6	5.088e3
791.5	3.641e3
792.4	6.098e3
793.3	5.344e3
793.9	4.530e2
794.4	4.396e3
795.0	7.380e2
795.8	5.550e3
796.7	8.527e3
797.6	3.300e3
798.6	4.942e3
799.5	1.799e3
800.1	7.784e3
801.0	3.870e3
801.6	6.070e2
802.1	4.692e3
803.0	7.284e3
803.7	2.433e3
804.5	8.412e3
805.5	1.022e4
806.2	2.844e3
806.8	4.843e3
807.8	4.202e3
808.9	6.077e3
810.0	5.673e3
811.2	4.990e3
811.7	2.450e2
812.3	6.115e3
813.0	3.131e3
813.6	6.300e3
814.1	2.700e2
814.7	3.068e3
815.3	1.986e3
816.1	5.337e3
817.0	5.743e3
817.9	4.096e3
818.4	5.280e2
819.0	8.107e3
819.8	2.983e3
820.6	6.233e3
821.5	4.652e3
822.6	6.178e3
823.3	2.383e3
824.1	4.653e3
825.1	6.731e3
825.9	4.117e3
826.9	3.168e3
827.6	5.690e2
828.2	1.691e3
828.9	7.434e3
829.6	1.138e3
830.3	6.618e3
831.3	6.968e3
832.2	5.690e2
832.8	8.108e3
833.5	4.800e1
834.0	3.845e3
835.0	1.295e4
835.7	4.573e3
836.4	2.773e3
837.2	3.791e3
838.1	1.138e3
838.8	6.425e3
839.8	5.706e3
840.8	4.045e3
841.6	6.712e3
842.4	2.533e3
843.1	1.144e3
843.6	4.951e3
844.2	4.170e2
844.8	8.170e3
845.3	2.750e2
845.9	9.881e3
846.9	4.911e3
847.7	2.230e3
848.8	4.205e3
849.9	5.294e3
850.9	6.257e3
851.5	5.810e2
852.1	7.287e3
852.8	8.090e2
853.7	4.037e3
854.4	1.640e3
855.2	6.458e3
856.1	3.983e3
857.0	2.079e3
858.1	5.716e3
858.6	7.070e2
859.2	3.606e3
860.1	9.221e3
861.1	1.544e3
862.0	5.134e3
863.0	4.650e3
864.2	7.045e3
865.1	2.081e3
865.9	5.520e3
866.6	2.604e3
867.3	2.459e3
868.0	4.227e3
868.9	6.421e3
869.7	4.860e3
870.5	3.600e2
871.0	8.698e3
872.0	5.205e3
872.9	5.042e3
873.8	4.948e3
874.5	1.725e3
875.3	5.727e3
876.2	4.969e3
877.1	1.121e3
877.8	7.248e3
878.8	4.735e3
879.7	4.651e3
880.6	5.800e3
881.1	1.810e2
881.6	5.370e3
882.3	1.041e3
882.8	6.198e3
883.3	7.500e1
883.9	4.502e3
884.5	5.850e2
885.1	3.718e3
885.9	3.362e3
886.8	8.349e3
887.9	4.571e3
888.4	5.060e2
888.9	7.816e3
889.9	7.310e3
890.8	3.800e2
891.5	3.948e3
892.6	3.780e3
893.4	7.920e2
894.2	1.585e3
894.8	1.670e2
895.3	6.631e3
896.1	1.609e3
897.0	5.205e3
897.8	3.031e3
898.8	4.372e3
899.5	9.010e2
900.3	4.663e3
901.2	2.978e3
902.1	4.013e3
902.7	1.426e3
903.3	4.339e3
904.0	4.380e3
904.9	3.677e3
905.6	1.940e3
906.4	5.122e3
907.4	5.619e3
908.1	2.229e3
909.0	5.263e3
909.6	6.950e2
910.2	8.704e3
911.1	5.148e3
911.7	2.520e2
912.3	2.204e3
913.1	8.130e3
913.9	3.655e3
914.5	9.080e2
915.1	3.476e3
915.8	1.134e3
916.5	5.267e3
917.5	6.667e3
918.1	3.360e2
918.6	4.094e3
919.6	4.412e3
920.6	3.602e3
921.3	5.847e3
922.0	2.375e3
922.8	3.881e3
923.6	6.475e3
924.3	8.650e2
924.9	4.082e3
925.6	9.250e2
926.3	3.539e3
927.1	1.216e3
927.8	4.477e3
928.6	4.423e3
929.2	9.500e1
929.7	4.000e3
930.4	7.150e2
930.9	7.421e3
931.9	3.934e3
933.0	4.893e3
933.9	3.278e3
934.8	2.965e3
935.8	3.621e3
936.8	5.257e3
937.9	3.005e3
938.9	5.810e3
939.5	4.770e2
940.0	5.015e3
940.9	6.187e3
941.6	6.000e2
942.5	3.866e3
943.1	7.100e2
943.7	2.566e3
944.5	5.585e3
945.1	2.510e2
945.7	2.192e3
946.4	4.190e2
947.2	6.544e3
948.0	1.574e3
948.9	5.928e3
949.8	5.179e3
950.7	8.360e2
951.5	2.793e3
952.4	4.932e3
953.4	2.230e3
954.2	4.147e3
955.1	4.299e3
956.2	5.578e3
956.8	1.480e3
957.3	4.551e3
958.4	5.272e3
959.3	4.152e3
960.1	3.553e3
961.0	3.103e3
961.8	7.071e3
963.0	2.175e3
963.8	6.649e3
964.8	2.269e3
965.5	4.500e2
966.0	3.190e3
967.1	4.743e3
968.0	5.900e3
968.6	1.030e3
969.3	5.197e3
969.8	7.100e1
970.4	4.560e3
971.1	2.113e3
971.9	4.670e3
972.8	2.468e3
973.6	1.411e3
974.6	4.071e3
975.3	1.584e3
976.1	1.342e3
976.8	7.017e3
977.3	3.100e2
978.1	5.153e3
979.0	2.721e3
979.6	7.740e2
980.2	3.506e3
980.7	1.220e2
981.3	2.833e3
982.1	4.816e3
983.1	3.648e3
983.8	8.560e2
984.4	5.630e3
985.3	5.244e3
986.7	1.140e3
987.4	3.668e3
988.5	3.645e3
989.2	2.199e3
990.0	3.995e3
990.9	3.074e3
991.8	6.377e3
992.7	1.485e3
993.4	6.488e3
993.9	7.530e2
994.5	4.172e3
995.1	1.253e3
995.7	4.286e3
996.6	1.504e3
997.1	3.391e3
998.0	2.838e3
998.8	3.721e3
999.4	2.060e2
999.9	1.463e3
1000.7	4.543e3
1001.8	2.829e3
1002.9	4.538e3
1003.4	1.310e2
1004.0	3.774e3
1005.0	3.621e3
1005.6	3.580e2
1006.2	3.979e3
1007.2	3.608e3
1008.0	5.127e3
1009.0	2.081e3
1009.9	3.062e3
1010.8	5.578e3
1011.5	1.192e3
1012.2	3.123e3
1012.8	2.990e2
1013.5	3.000e3
1014.3	2.103e3
1015.1	1.866e3
1015.8	2.324e3
1016.7	1.966e3
1017.2	3.130e2
1017.8	4.869e3
1018.5	1.685e3
1019.3	3.704e3
1019.8	4.510e2
1020.4	4.150e3
1020.9	6.410e2
1021.5	3.782e3
1022.2	1.214e3
1022.8	6.818e3
1024.0	2.797e3
1024.5	1.400e1
1025.1	2.963e3
1025.9	6.079e3
1026.6	9.510e2
1027.3	4.877e3
1028.2	3.196e3
1028.9	2.410e2
1029.4	2.729e3
1030.4	6.899e3
1031.1	1.527e3
1031.8	4.349e3
1032.7	1.821e3
1033.4	5.789e3
1034.4	2.271e3
1034.9	7.280e2
1035.6	3.931e3
1036.3	9.840e2
1037.1	5.449e3
1038.2	3.811e3
1038.9	6.234e3
1039.6	2.207e3
1040.6	1.978e3
1041.1	2.320e2
1041.8	7.787e3
1043.0	3.144e3
1043.7	8.160e2
1044.4	5.587e3
1045.0	2.160e2
1045.5	1.645e3
1046.3	5.332e3
1047.0	8.390e2
1047.6	2.378e3
1048.4	2.545e3
1049.3	4.166e3
1050.2	8.230e2
1051.0	1.418e3
1051.7	2.813e3
1052.6	4.226e3
1053.2	4.490e2
1053.8	2.647e3
1054.6	6.630e2
1055.3	2.897e3
1056.4	2.098e3
1057.3	4.262e3
1057.8	2.500e1
1058.4	4.058e3
1059.0	3.360e2
1059.6	5.555e3
1060.1	1.205e3
1061.0	3.083e3
1062.1	1.506e3
1063.0	3.051e3
1063.7	1.137e3
1064.8	2.431e3
1065.6	2.153e3
1066.4	5.148e3
1067.2	2.677e3
1067.9	3.770e2
1068.7	2.749e3
1069.6	6.209e3
1070.7	6.900e2
1072.0	3.304e3
1073.0	4.420e3
1073.9	4.646e3
1074.9	1.211e3
1075.6	4.320e3
1076.2	2.260e2
1076.8	4.224e3
1077.3	2.640e2
1077.9	3.050e3
1078.9	1.305e3
1079.4	7.800e1
1079.9	5.829e3
1080.6	1.200e2
1081.1	2.376e3
1081.9	1.502e3
1082.9	2.615e3
1083.5	1.786e3
1084.3	3.897e3
1085.3	2.994e3
1085.9	4.520e2
1086.5	1.207e3
1087.3	4.249e3
1088.0	1.365e3
1088.7	5.447e3
1089.3	2.326e3
1090.3	2.996e3
1091.2	3.983e3
1092.0	1.828e3
1092.8	1.262e3
1093.7	4.730e2
1094.3	3.540e3
1095.0	1.781e3
1095.9	1.709e3
1096.7	5.691e3
1097.2	2.730e2
1097.7	2.485e3
1099.0	4.196e3
1099.8	1.624e3
1100.9	1.593e3
1101.5	3.379e3
1102.3	1.481e3
1102.9	4.958e3
1103.6	1.480e2
1104.1	4.806e3
1104.8	8.330e2
1105.5	2.645e3
1106.4	5.854e3
1107.0	1.901e3
1107.8	4.700e1
1108.3	3.992e3
1109.5	1.686e3
1110.1	7.300e1
1110.7	3.017e3
1111.7	6.010e3
1112.9	4.532e3
1113.7	3.210e2
1114.5	4.016e3
1115.1	8.340e2
1115.8	4.299e3
1116.9	4.128e3
1117.7	2.090e3
1118.7	2.269e3
1119.8	4.190e2
1120.4	3.690e3
1121.1	9.400e1
1121.7	2.096e3
1122.3	9.100e1
1122.9	1.875e3
1124.0	4.550e3
1124.9	1.667e3
1125.4	9.300e2
1126.0	3.651e3
1127.0	4.888e3
1128.1	1.528e3
1129.0	3.361e3
1129.9	3.196e3
1130.5	4.760e2
1131.2	2.531e3
1132.1	4.316e3
1133.1	4.749e3
1133.8	1.515e3
1134.3	1.110e2
1135.0	3.522e3
1135.8	1.350e3
1136.7	2.060e3
1137.5	9.420e2
1138.1	1.130e2
1138.6	5.315e3
1139.4	1.373e3
1140.1	3.247e3
1141.0	1.445e3
1141.7	1.791e3
1142.4	6.730e2
1143.1	3.478e3
1144.1	1.993e3
1145.0	7.170e2
1145.7	3.401e3
1146.7	1.859e3
1147.3	1.430e2
1147.8	5.017e3
1148.6	3.788e3
1149.3	7.570e2
1150.0	8.770e2
1150.7	4.439e3
1151.2	6.330e2
1151.9	4.063e3
1152.6	2.704e3
1153.4	5.320e2
1154.1	2.611e3
1154.7	1.600e1
1155.3	4.001e3
1155.9	4.790e2
1156.9	3.744e3
1157.9	4.068e3
1158.9	3.297e3
1160.0	3.630e3
1160.7	2.950e2
1161.2	1.070e3
1161.9	3.782e3
1162.8	5.630e2
1163.7	1.365e3
1164.6	6.170e2
1165.5	3.351e3
1166.8	2.316e3
1167.7	1.121e3
1168.5	4.107e3
1169.1	4.740e2
1169.8	3.129e3
1170.6	1.465e3
1171.7	4.019e3
1172.4	7.810e2
1173.2	4.688e3
1173.9	1.735e3
1174.7	2.074e3
1175.5	2.727e3
1176.5	2.862e3
1177.5	3.412e3
1178.5	3.100e3
1179.1	9.400e1
1179.7	3.400e3
1180.5	6.560e2
1181.2	1.694e3
1182.0	3.929e3
1182.9	2.817e3
1183.8	3.504e3
1184.8	1.375e3
1185.4	5.150e2
1186.3	2.215e3
1187.4	2.320e3
1188.1	1.035e3
1188.9	3.113e3
1189.8	1.293e3
1190.8	5.786e3
1191.4	3.360e2
1192.0	2.302e3
1192.8	3.111e3
1193.9	3.689e3
1194.9	4.400e3
1195.9	1.652e3
1197.0	3.653e3
1197.7	5.455e3
1198.6	2.655e3
1199.5	2.835e3
1200.4	4.647e3
1201.4	6.970e2
1202.0	2.334e3
1203.2	3.246e3
1203.8	1.012e3
1204.8	1.297e3
1206.1	2.855e3
1206.8	1.581e3
1207.8	3.635e3
1208.6	1.200e1
1209.1	2.097e3
1209.8	4.420e2
1210.5	4.220e2
1211.1	1.892e3
1212.2	2.775e3
1212.9	3.050e2
1213.5	4.705e3
1214.1	1.513e3
1214.7	3.301e3
1215.5	3.083e3
1216.2	3.790e2
1217.1	3.561e3
1218.1	1.291e3
1218.6	1.830e2
1219.3	2.161e3
1220.3	1.568e3
1221.2	9.740e2
1221.8	1.110e2
1222.4	1.763e3
1223.2	2.699e3
1224.4	2.203e3
1225.2	1.368e3
1226.0	2.740e2
1226.5	3.775e3
1227.3	1.880e3
1228.0	1.939e3
1228.8	1.179e3
1229.4	7.460e2
1230.2	2.015e3
1230.9	9.910e2
1231.7	2.295e3
1232.2	9.300e1
1233.0	7.830e2
1233.8	6.122e3
1234.4	9.210e2
1235.1	2.367e3
1236.0	2.357e3
1236.8	1.285e3
1237.5	9.610e2
1238.3	2.473e3
1239.0	1.440e2
1239.5	1.580e3
1240.2	3.525e3
1241.1	1.119e3
1242.2	1.722e3
1243.3	4.196e3
1243.8	1.030e2
1244.4	1.731e3
1245.0	2.910e2
1245.7	1.839e3
1246.5	1.282e3
1247.1	1.810e3
1248.0	1.467e3
1249.2	1.412e3
1250.0	2.268e3
1251.0	3.839e3
1251.9	1.797e3
1252.9	1.279e3
1253.8	2.204e3
1255.3	3.052e3
1256.2	1.679e3
1257.1	5.745e3
1258.0	2.675e3
1258.8	1.640e3
1259.9	1.100e3
1260.5	3.233e3
1261.2	5.490e2
1262.2	2.738e3
1263.1	2.121e3
1264.0	3.530e2
1264.6	1.243e3
1265.6	5.595e3
1266.6	3.224e3
1267.3	1.193e3
1268.0	3.010e3
1268.6	7.150e2
1269.4	8.590e2
1270.0	3.990e2
1270.8	4.960e2
1271.4	3.978e3
1272.0	5.300e2
1272.6	1.762e3
1273.4	2.753e3
1274.1	6.610e2
1274.8	1.164e3
1275.7	3.098e3
1276.6	1.743e3
1277.1	2.210e2
1277.6	2.635e3
1278.5	7.493e3
1279.4	7.570e2
1280.1	1.848e3
1280.8	2.470e2
1281.3	2.361e3
1281.9	7.150e2
1282.6	6.940e2
1283.4	1.351e3
1284.1	1.290e2
1284.8	1.990e3
1285.7	1.989e3
1286.5	2.100e2
1287.1	3.211e3
1287.8	7.480e2
1288.5	1.264e3
1289.1	4.430e2
1289.7	1.350e3
1290.6	2.363e3
1292.0	1.768e3
1292.7	3.811e3
1294.0	1.224e3
1294.9	1.451e3
1295.4	7.850e2
1296.2	2.364e3
1297.3	1.471e3
1298.5	3.534e3
1299.3	8.250e2
1300.4	2.247e3
1301.1	3.420e2
1301.9	2.578e3
1302.9	2.456e3
1303.6	1.720e3
1304.3	1.022e3
1305.0	1.687e3
1306.0	2.037e3
1306.8	7.460e2
1307.7	3.405e3
1309.1	2.348e3
1309.7	1.200e2
1310.2	2.592e3
1311.2	2.014e3
1312.2	2.285e3
1313.2	4.324e3
1314.2	1.964e3
1314.8	2.150e2
1315.5	8.070e2
1316.3	1.678e3
1317.3	2.345e3
1317.8	3.430e2
1318.6	4.551e3
1319.3	9.140e2
1320.1	1.421e3
1320.8	4.889e3
1321.8	1.612e3
1322.7	2.956e3
1323.8	1.393e3
1324.5	2.696e3
1325.4	1.068e3
1325.9	3.440e2
1326.7	2.770e3
1327.8	1.866e3
1328.5	7.180e2
1329.3	5.580e2
1330.0	1.579e3
1330.9	5.980e2
1331.4	8.900e1
1332.2	2.275e3
1332.9	8.930e2
1333.7	2.456e3
1334.3	6.730e2
1335.4	1.719e3
1336.3	2.505e3
1337.1	3.450e3
1337.9	1.800e3
1338.7	2.158e3
1340.1	2.167e3
1340.7	1.770e2
1341.4	2.002e3
1342.6	1.609e3
1343.5	1.380e2
1344.0	3.233e3
1344.7	1.313e3
1345.9	1.150e3
1346.5	5.170e2
1347.2	1.508e3
1348.2	1.757e3
1349.2	1.222e3
1349.8	1.200e1
1350.4	4.430e2
1351.0	1.660e3
1352.0	2.580e3
1352.9	2.400e3
1353.8	4.016e3
1354.7	1.948e3
1355.4	3.200e1
1356.0	1.426e3
1356.6	4.300e2
1357.4	2.410e2
1358.1	6.220e2
1359.1	1.440e3
1359.7	7.200e1
1360.3	4.107e3
1361.0	1.096e3
1361.5	2.460e2
1362.1	2.174e3
1363.1	1.039e3
1364.0	1.463e3
1364.9	1.949e3
1365.9	2.046e3
1366.7	1.401e3
1367.6	1.747e3
1368.7	2.370e3
1369.5	1.102e3
1370.3	4.840e2
1371.0	3.461e3
1371.9	3.693e3
1372.9	1.585e3
1374.0	1.371e3
1374.8	1.280e2
1375.5	1.880e2
1376.2	2.728e3
1377.2	4.010e2
1378.0	1.181e3
1379.0	1.202e3
1379.9	1.171e3
1380.7	9.790e2
1381.5	2.305e3
1382.6	8.480e2
1383.4	1.824e3
1384.1	1.590e3
1384.9	1.296e3
1385.6	3.570e2
1386.1	3.890e2
1386.7	8.990e2
1387.3	4.940e2
1387.9	2.836e3
1388.6	8.210e2
1389.7	3.012e3
1390.4	3.478e3
1391.1	6.700e1
1391.6	1.231e3
1393.0	2.037e3
1393.8	5.230e2
1394.4	1.282e3
1395.8	3.195e3
1396.8	1.040e3
1398.0	1.052e3
1398.8	1.031e3
1399.5	1.183e3
1400.5	9.590e2
1402.4	3.002e3
1403.2	1.338e3
1404.0	3.369e3
1404.9	1.049e3
1405.6	3.880e2
1406.3	2.110e3
1407.4	3.706e3
1407.9	4.400e1
1408.4	5.930e2
1409.1	1.060e3
1410.1	7.440e2
1410.8	1.596e3
1411.7	1.287e3
1412.5	4.880e2
1413.5	4.882e3
1414.3	1.196e3
1415.0	2.064e3
1415.7	4.110e2
1416.3	1.843e3
1417.1	6.480e2
1418.1	4.710e2
1418.9	2.708e3
1419.8	3.108e3
1420.9	2.772e3
1421.9	1.407e3
1422.6	1.433e3
1423.6	1.960e3
1424.2	2.400e2
1424.8	3.860e2
1425.6	2.064e3
1426.1	1.120e2
1426.8	1.315e3
1427.8	2.149e3
1428.4	4.600e2
1429.0	2.551e3
1429.6	5.700e2
1430.4	1.237e3
1431.1	1.991e3
1431.6	5.150e2
1432.1	4.124e3
1433.3	7.040e2
1434.1	1.662e3
1435.5	1.362e3
1436.5	6.100e1
1437.2	1.568e3
1438.3	1.390e3
1438.8	1.800e1
1439.6	2.227e3
1440.2	2.090e2
1440.8	3.351e3
1441.8	1.693e3
1442.6	1.253e3
1443.5	2.359e3
1444.2	5.420e2
1445.1	3.274e3
1446.0	8.400e2
1446.6	1.510e2
1447.1	4.680e2
1447.9	1.421e3
1448.8	3.400e2
1449.5	1.600e3
1450.1	1.610e2
1450.8	8.950e2
1451.8	2.098e3
1452.6	5.780e2
1453.7	3.649e3
1454.8	1.091e3
1455.3	6.151e3
1456.7	8.770e2
1457.4	5.550e2
1458.1	2.402e3
1459.0	9.540e2
1459.7	4.260e2
1460.5	2.841e3
1462.2	1.510e3
1463.2	3.981e3
1464.0	1.300e1
1464.7	1.486e3
1465.4	2.461e3
1466.5	5.820e2
1467.3	2.880e3
1467.9	5.330e2
1468.5	2.580e2
1470.1	1.290e3
1471.3	8.400e2
1472.0	1.119e3
1472.8	3.360e2
1473.7	1.333e3
1474.8	8.900e2
1475.6	3.202e3
1476.8	1.716e3
1478.1	1.804e3
1478.7	1.520e2
1479.2	1.288e3
1480.1	2.389e3
1481.0	1.583e3
1481.7	3.510e2
1482.5	1.010e2
1483.2	8.830e2
1484.0	1.268e3
1485.0	2.040e3
1485.6	9.000e1
1486.4	6.470e2
1487.1	1.595e3
1487.8	1.494e3
1488.9	1.377e3
1489.7	7.380e2
1490.4	2.320e2
1491.4	2.116e3
1492.4	1.540e3
1493.3	3.900e1
1493.8	4.440e2
1494.4	2.540e2
1495.1	1.763e3
1495.8	3.150e2
1496.5	1.952e3
1497.7	2.860e2
1499.2	2.084e3
1500.0	3.230e2
1500.9	2.520e3
1501.5	3.720e2
1502.6	1.287e3
1503.6	1.138e3
1505.1	1.587e3
1506.7	5.870e2
1507.4	1.305e3
1508.0	4.589e3
1508.6	5.610e2
1509.3	1.912e3
1510.2	1.340e3
1511.0	6.650e2
1512.1	6.730e2
1512.7	4.810e2
1513.5	1.982e3
1514.7	1.784e3
1515.7	1.725e3
1517.0	1.896e3
1518.1	2.228e3
1519.0	3.393e3
1519.5	4.500e1
1520.3	5.650e2
1520.8	2.130e2
1521.6	7.330e2
1522.2	1.270e2
1522.8	8.380e2
1523.5	1.600e1
1524.3	8.550e2
1525.0	4.840e2
1525.9	1.357e3
1526.7	4.340e2
1527.4	1.018e3
1528.4	3.172e3
1529.1	7.590e2
1529.9	1.021e3
1530.6	3.011e3
1531.5	1.029e3
1532.4	1.443e3
1533.0	2.800e1
1533.7	5.321e3
1534.7	1.034e3
1535.6	2.572e3
1537.1	7.640e2
1538.0	2.980e3
1538.6	4.340e2
1539.1	9.300e1
1539.7	1.350e3
1540.5	4.330e2
1541.3	1.606e3
1542.4	1.108e3
1543.7	1.084e3
1544.6	7.970e2
1545.5	1.717e3
1547.0	1.478e3
1547.7	6.160e2
1548.4	1.419e3
1549.2	2.670e2
1550.1	2.117e3
1551.0	1.980e3
1552.1	4.580e2
1552.7	1.273e3
1553.8	2.584e3
1554.8	2.250e2
1555.7	3.180e3
1556.5	2.580e2
1557.0	1.449e3
1557.9	4.719e3
1559.8	1.592e3
1560.5	1.950e2
1561.4	1.641e3
1562.6	4.160e2
1563.2	3.300e1
1563.8	2.777e3
1564.8	1.357e3
1565.7	1.724e3
1566.5	3.550e2
1567.1	3.480e3
1568.6	9.340e2
1569.3	1.933e3
1570.0	1.538e3
1570.8	2.702e3
1571.4	1.620e2
1573.0	1.409e3
1574.4	3.600e2
1574.9	6.600e1
1575.8	2.099e3
1577.1	9.740e2
1578.4	1.722e3
1579.6	4.310e2
1580.6	9.010e2
1581.1	2.690e2
1581.8	2.193e3
1582.7	2.270e3
1583.4	1.470e2
1584.6	4.650e2
1585.2	2.125e3
1585.7	1.940e2
1586.3	1.066e3
1587.0	1.600e1
1587.7	2.134e3
1588.4	3.110e2
1589.2	6.840e2
1590.0	8.730e2
1591.0	2.175e3
1591.8	4.030e2
1592.7	9.360e2
1593.7	6.080e2
1594.4	2.547e3
1595.3	1.404e3
1596.7	6.990e2
1597.4	1.129e3
1598.3	4.490e2
1599.1	3.050e2
1599.8	9.530e2
1600.4	2.900e2
1601.1	1.396e3
1602.0	2.652e3
1602.7	1.786e3
1603.5	4.820e2
1604.5	1.086e3
1605.3	1.871e3
1606.7	4.900e2
1607.4	1.620e2
1608.0	5.830e2
1609.0	2.830e2
1609.5	2.049e3
1610.7	4.830e2
1611.7	4.660e2
1612.4	7.740e2
1613.4	6.930e2
1614.4	3.920e2
1615.0	1.694e3
1615.8	1.908e3
1616.9	5.930e2
1617.6	9.810e2
1618.5	1.199e3
1619.6	6.070e2
1620.4	1.600e1
1621.7	8.670e2
1622.8	7.480e2
1623.7	8.830e2
1624.5	8.590e2
1625.8	1.902e3
1627.0	5.250e2
1627.8	1.140e3
1628.6	2.400e1
1630.0	2.608e3
1630.7	2.190e2
1631.5	2.833e3
1632.5	2.583e3
1633.7	2.513e3
1634.7	5.520e2
1635.2	9.160e2
1636.1	2.169e3
1636.9	4.200e1
1637.5	4.060e2
1638.2	7.950e2
1639.3	1.433e3
1640.2	1.316e3
1641.1	1.494e3
1642.2	9.180e2
1643.1	2.886e3
1644.2	5.860e2
1644.9	3.113e3
1645.5	1.590e2
1646.1	6.960e2
1647.5	2.780e2
1648.1	1.847e3
1649.2	2.275e3
1649.9	2.280e2
1650.4	5.560e2
1651.2	6.690e2
1652.1	4.700e2
1652.7	1.870e2
1653.5	9.150e2
1654.4	8.690e2
1655.3	2.195e3
1656.4	1.821e3
1657.3	2.680e2
1657.8	3.277e3
1659.2	8.390e2
1660.7	6.340e2
1661.6	4.490e2
1662.5	6.600e2
1663.4	1.678e3
1664.0	6.830e2
1665.1	6.170e2
1665.6	2.300e1
1666.4	5.030e2
1667.7	1.657e3
1668.2	1.730e2
1668.8	9.230e2
1669.7	1.063e3
1670.8	3.240e2
1671.4	3.350e2
1672.1	1.107e3
1672.9	1.400e1
1674.4	1.011e3
1675.1	6.120e2
1676.4	7.180e2
1677.2	2.382e3
1678.1	4.210e2
1679.3	2.041e3
1680.1	9.270e2
1680.9	2.500e2
1681.5	1.063e3
1682.5	2.110e2
1683.6	2.688e3
1684.5	6.240e2
1685.0	2.508e3
1686.3	5.300e1
1686.9	1.158e3
1687.8	2.721e3
1688.5	1.210e3
1689.0	7.100e1
1689.5	8.290e2
1690.4	2.970e2
1691.3	8.490e2
1692.4	7.240e2
1693.0	2.100e1
1693.8	7.500e1
1694.4	5.920e2
1695.3	1.694e3
1696.1	1.719e3
1696.7	2.050e2
1697.4	2.166e3
1698.4	1.304e3
1699.8	1.071e3
1700.8	1.106e3
1701.7	6.310e2
1702.4	1.238e3
1703.5	1.335e3
1704.6	8.940e2
1705.2	9.610e2
1706.3	2.778e3
1706.9	4.500e1
1708.2	3.250e2
1709.2	6.840e2
1710.2	7.740e2
1711.2	1.226e3
1712.1	1.272e3
1713.0	4.490e2
1713.9	4.760e2
1714.8	7.510e2
1715.5	7.860e2
1716.1	9.630e2
1716.8	1.420e3
1717.9	1.262e3
1719.2	1.973e3
1720.7	9.280e2
1722.5	2.074e3
1723.8	1.850e2
1724.4	1.655e3
1725.9	2.180e2
1726.7	8.970e2
1727.6	4.480e2
1729.2	3.520e2
1730.5	1.580e2
1731.5	1.059e3
1732.5	7.970e2
1733.0	6.600e1
1733.6	1.773e3
1734.1	3.170e2
1735.1	1.231e3
1735.9	1.301e3
1736.5	1.790e2
1737.0	1.146e3
1737.7	5.400e1
1738.4	7.170e2
1739.6	3.700e2
1740.4	3.234e3
1742.1	7.000e2
1743.8	1.209e3
1745.5	3.209e3
1746.1	2.350e2
1747.0	9.670e2
1748.0	3.600e2
1748.9	9.300e1
1749.7	5.390e2
1750.5	1.031e3
1751.4	2.640e2
1752.6	5.850e2
1753.4	2.312e3
1753.9	8.700e1
1754.8	6.490e2
1755.4	2.250e2
1756.7	1.200e1
1757.8	9.530e2
1758.7	6.110e2
1760.2	2.940e2
1760.8	1.037e3
1761.8	1.001e3
1762.7	7.900e2
1763.5	6.160e2
1764.4	1.060e3
1765.3	4.470e2
1766.3	1.523e3
1767.5	2.279e3
1768.4	1.041e3
1769.6	7.730e2
1770.1	1.200e1
1770.8	3.680e2
1771.5	3.230e2
1772.3	1.765e3
1772.8	3.570e2
1773.8	1.951e3
1774.7	3.300e1
1775.9	4.220e2
1776.9	9.190e2
1777.6	5.200e2
1778.2	1.400e1
1779.7	4.030e2
1780.9	2.188e3
1781.8	4.660e2
1782.3	6.550e2
1783.1	9.700e1
1783.7	6.270e2
1784.4	1.300e1
1785.2	1.153e3
1785.9	3.720e2
1786.6	6.950e2
1788.3	2.140e2
1789.2	8.540e2
1789.8	2.300e1
1790.5	1.301e3
1791.7	6.900e2
1792.5	7.700e1
1793.3	7.710e2
1794.3	8.240e2
1795.2	1.300e1
1795.8	2.420e2
1797.5	8.270e2
1798.2	1.122e3
1799.6	1.542e3
1800.6	5.270e2
1801.5	2.435e3
1803.3	1.238e3
1804.2	1.888e3
1805.0	3.990e2
1806.0	2.110e2
1808.3	1.440e2
1808.8	5.770e2
1810.3	1.120e2
1811.4	7.780e2
1812.5	1.274e3
1813.4	8.470e2
1814.4	2.810e2
1815.1	1.060e2
1816.8	5.860e2
1817.8	4.120e2
1818.5	2.570e2
1819.2	6.970e2
1820.1	6.460e2
1820.9	1.064e3
1822.1	7.070e2
1822.8	8.350e2
1823.6	1.130e2
1824.3	2.551e3
1824.9	2.110e2
1825.5	4.400e1
1826.6	6.300e2
1827.4	6.370e2
1828.2	1.131e3
1829.3	9.500e2
1829.8	1.860e2
1831.0	2.360e2
1831.7	7.930e2
1832.6	2.408e3
1833.4	9.440e2
1835.1	3.070e2
1836.0	1.320e2
1836.5	3.520e2
1837.4	3.670e2
1837.9	1.200e1
1838.4	4.320e2
1839.8	1.473e3
1841.0	1.765e3
1841.7	4.150e2
1842.8	4.350e2
1843.8	1.850e2
1845.2	5.700e2
1846.0	6.600e1
1846.6	5.290e2
1847.4	4.150e2
1848.4	1.283e3
1849.2	9.400e1
1850.6	9.630e2
1852.1	1.720e2
1853.1	2.310e2
1853.7	1.101e3
1854.5	9.050e2
1855.0	2.660e2
1855.7	1.063e3
1856.3	5.970e2
1857.2	1.962e3
1857.9	5.080e2
1859.5	1.206e3
1860.3	5.500e1
1861.1	3.260e2
1861.8	6.480e2
1862.5	5.800e2
1863.1	1.217e3
1863.8	2.700e2
1864.5	1.370e2
1866.6	2.070e2
1867.8	1.527e3
1868.5	4.080e2
1869.3	8.560e2
1869.8	3.340e2
1870.4	5.160e2
1871.7	8.310e2
1872.5	4.820e2
1873.9	4.190e2
1875.4	1.010e3
1876.9	8.590e2
1877.8	1.300e2
1878.3	7.400e1
1879.7	3.040e2
1880.3	1.112e3
1881.3	9.600e2
1882.2	2.580e2
1882.9	3.850e2
1884.0	1.011e3
1884.7	3.780e2
1885.6	1.538e3
1886.4	2.930e2
1887.0	3.840e2
1887.9	2.130e2
1888.7	1.179e3
1889.3	3.760e2
1889.9	9.200e1
1890.6	1.089e3
1891.3	4.830e2
1892.4	2.334e3
1893.7	5.130e2
1895.2	3.920e2
1896.1	1.436e3
1897.3	3.980e2
1898.2	6.620e2
1899.1	2.680e2
1899.6	8.790e2
1900.3	1.241e3
1901.4	8.880e2
1902.0	7.800e1
1902.7	6.790e2
1903.7	2.080e2
1904.6	2.640e2
1905.2	4.490e2
1906.5	5.080e2
1907.1	5.700e1
1908.6	1.725e3
1910.0	9.280e2
1910.7	2.200e2
1911.6	1.490e2
1912.2	2.000e2
1913.0	3.510e2
1913.6	2.684e3
1914.9	7.930e2
1916.1	1.321e3
1917.1	2.610e2
1917.7	3.330e2
1918.9	5.300e2
1919.7	6.550e2
1920.3	8.590e2
1921.4	2.170e2
1922.2	8.170e2
1923.4	6.640e2
1924.3	5.940e2
1925.2	4.590e2
1926.6	9.030e2
1927.9	4.970e2
1928.7	6.470e2
1929.3	1.800e2
1929.8	1.148e3
1931.7	6.970e2
1933.1	5.700e2
1934.0	1.650e3
1936.4	2.600e1
1937.0	2.160e2
1937.8	6.500e2
1938.7	4.320e2
1939.5	1.296e3
1940.4	1.149e3
1941.7	6.820e2
1943.2	3.840e2
1944.8	8.910e2
1946.2	8.900e1
1947.4	9.320e2
1949.4	4.620e2
1950.6	1.464e3
1952.0	6.430e2
1953.6	4.500e2
1954.3	4.150e2
1955.1	6.580e2
1956.3	1.259e3
1957.0	4.670e2
1958.1	4.740e2
1958.8	8.750e2
1959.5	1.300e1
1960.5	2.430e2
1961.2	4.560e2
1962.0	1.080e2
1962.6	2.070e2
1963.3	3.950e2
1963.9	1.100e2
1964.6	3.710e2
1965.8	1.028e3
1966.4	2.590e2
1967.3	6.530e2
1968.5	4.890e2
1969.2	1.480e2
1970.0	2.510e2
1970.8	7.280e2
1971.6	1.211e3
1972.4	2.640e2
1973.2	3.710e2
1973.7	2.600e2
1976.2	1.065e3
1977.3	1.647e3
1979.1	9.760e2
1979.9	1.230e2
1980.7	1.200e1
1982.5	1.235e3
1983.0	2.120e2
1983.6	3.300e2
1984.1	1.029e3
1985.1	8.060e2
1986.2	3.040e2
1987.1	2.810e2
1988.2	1.673e3
1988.8	7.500e1
1989.9	2.360e2
1990.6	3.790e2
1991.4	2.120e2
1992.0	1.400e2
1992.6	2.600e1
1993.1	3.500e1
1994.3	2.280e2
1995.0	2.130e2
1995.9	2.770e2
1996.7	1.200e1
1997.7	2.570e2
1999.1	1.300e1
1999.6	4.190e2
