100.2	3.728e3
101.0	6.749e4
101.5	7.700e1
102.0	1.367e4
103.0	1.645e4
104.0	9.250e2
105.0	3.827e3
106.0	4.820e2
106.9	5.520e2
107.5	8.600e1
108.0	1.625e4
109.0	1.648e3
110.0	4.160e2
111.0	2.104e3
111.6	6.900e1
112.3	7.600e2
113.0	1.180e5
113.5	3.450e2
114.1	3.078e3
115.0	5.602e3
116.0	3.851e3
117.0	7.738e4
117.5	1.550e2
118.0	1.004e4
119.0	9.539e3
120.0	1.123e3
121.1	1.369e3
122.1	6.870e2
123.1	8.480e2
124.1	1.806e3
125.1	2.795e3
126.0	2.055e3
127.0	2.141e3
128.0	1.942e3
129.0	1.116e3
130.0	1.190e4
130.6	5.800e1
131.1	2.477e3
132.1	6.480e2
133.0	3.681e3
134.1	9.770e2
135.1	6.330e3
136.1	1.377e3
137.0	4.000e3
137.6	6.400e1
138.2	8.680e2
139.1	2.105e3
140.1	1.232e3
141.1	2.633e3
142.1	1.499e3
143.1	2.195e3
144.1	1.530e3
145.0	6.457e3
146.0	3.945e3
147.0	2.190e4
148.1	3.098e3
149.1	3.368e3
150.0	2.525e3
151.1	2.899e3
152.1	1.217e4
153.0	4.805e3
153.6	4.000e0
154.1	1.795e3
155.1	2.583e3
156.1	2.095e3
157.1	3.914e3
158.1	1.834e3
159.1	3.216e3
160.1	1.169e3
160.9	1.000e4
161.4	1.100e2
162.0	1.719e3
163.0	8.864e3
163.5	5.300e1
164.1	8.190e2
165.0	4.460e3
166.1	9.060e2
167.0	2.166e3
168.0	2.679e3
169.1	5.323e3
170.0	1.687e3
171.0	2.734e3
171.6	5.000e0
172.1	7.970e2
173.0	2.228e3
174.0	4.686e3
175.0	2.404e4
175.6	2.900e1
176.1	4.690e3
177.0	2.080e3
178.0	1.048e3
179.0	3.156e3
179.5	9.800e1
180.0	1.528e3
181.0	3.121e4
182.0	1.630e3
183.0	2.154e3
183.6	5.000e0
184.1	1.970e3
185.0	2.053e3
186.1	2.707e3
187.1	4.176e3
188.1	1.698e3
189.1	2.268e3
190.0	1.769e3
190.6	1.100e1
191.1	1.139e4
192.1	1.842e3
193.0	4.853e3
194.0	1.604e3
195.0	5.987e3
195.9	7.691e3
196.5	7.300e1
197.0	2.562e3
198.0	1.012e4
198.5	2.900e1
199.1	1.972e3
200.0	4.100e3
200.5	3.800e1
201.0	3.170e3
202.0	2.933e3
202.6	4.900e1
203.1	1.822e3
203.9	8.270e2
204.7	1.564e3
205.3	3.850e2
205.9	9.060e2
206.4	4.300e1
207.0	9.391e3
208.0	2.598e3
208.5	2.500e1
209.1	1.860e3
210.0	1.797e3
210.6	5.100e1
211.2	2.468e3
212.2	1.781e4
213.1	5.264e3
214.1	2.133e3
215.0	1.893e3
215.9	1.458e3
217.1	3.301e3
218.0	3.501e3
219.1	4.359e3
219.6	4.000e0
220.1	5.649e3
221.1	5.378e3
222.0	3.311e3
223.0	2.927e3
223.6	1.180e2
224.1	2.207e3
225.0	3.549e3
225.6	2.500e1
226.1	1.170e3
227.0	3.195e3
228.0	1.440e3
229.0	1.321e3
229.5	2.700e1
230.0	1.810e3
230.6	3.800e1
231.1	1.528e3
232.1	1.169e3
233.1	3.072e3
234.0	1.159e3
235.0	2.005e3
235.6	2.900e1
236.1	4.148e3
237.1	1.245e3
238.1	2.272e3
239.1	5.066e3
240.0	3.286e3
241.1	3.497e3
242.0	3.667e3
243.0	8.892e3
244.0	9.730e3
245.1	2.141e3
246.0	3.304e3
246.6	3.400e1
247.1	2.314e3
248.1	3.015e3
249.1	8.363e4
250.1	5.210e3
251.1	3.665e3
252.0	2.092e3
253.0	1.554e3
254.0	1.016e3
254.6	7.800e1
255.1	2.947e3
255.9	1.203e3
256.5	4.800e1
257.0	1.427e3
258.0	1.159e3
259.1	2.766e3
260.0	1.595e3
260.5	5.000e1
261.1	4.241e3
262.1	2.630e3
263.0	3.596e3
264.0	2.616e3
264.5	2.600e1
265.1	4.462e3
266.0	4.761e3
267.0	1.949e3
268.0	2.062e3
269.0	3.625e3
270.0	1.912e3
270.5	1.000e1
271.0	1.690e3
272.0	1.752e3
272.9	2.076e3
273.5	5.500e1
274.0	1.440e3
274.5	1.000e2
275.1	8.685e3
276.0	1.612e3
276.5	1.400e1
277.1	3.220e3
278.1	1.603e3
279.1	3.756e3
280.0	1.419e3
280.6	1.220e2
281.2	3.846e3
282.1	2.861e3
283.0	1.323e3
283.7	3.761e3
284.3	7.190e2
285.0	2.337e3
285.6	2.500e1
286.1	8.290e2
287.0	2.148e3
287.6	5.200e1
288.2	1.599e4
289.1	9.960e3
289.9	3.471e3
290.5	1.510e2
291.1	5.617e3
292.0	2.441e3
293.2	2.853e3
294.0	1.402e3
294.6	9.200e1
295.1	3.233e3
296.0	1.554e3
296.6	2.300e1
297.2	3.229e3
298.1	2.778e3
299.0	1.700e3
299.5	2.500e1
300.1	1.620e3
301.0	3.407e3
301.9	2.098e3
302.5	8.900e1
303.1	2.247e3
304.0	1.566e3
304.6	6.000e1
305.1	5.827e3
306.0	2.332e3
306.5	6.600e1
307.0	7.544e3
308.0	2.953e3
308.9	5.278e3
309.8	5.426e3
310.4	7.570e2
311.1	1.054e4
311.6	1.000e2
312.2	6.360e3
313.1	4.288e3
314.0	2.588e3
314.6	6.300e1
315.1	3.080e3
316.0	2.138e3
316.5	8.800e1
317.1	9.365e4
318.0	6.407e3
319.1	4.845e3
320.1	1.748e3
320.6	2.900e1
321.1	4.455e3
322.0	2.577e3
323.1	4.684e3
324.1	3.928e3
324.6	1.070e2
325.2	4.991e3
326.0	2.040e3
327.1	6.281e3
328.0	5.391e3
328.5	1.700e2
329.1	7.051e3
330.1	2.957e3
331.0	4.859e3
332.0	2.669e3
332.6	4.600e1
333.1	6.140e3
334.0	4.982e3
334.6	1.500e1
335.1	4.177e3
336.1	2.083e3
337.1	2.955e3
338.0	1.862e3
338.6	1.190e2
339.2	4.519e3
340.0	3.126e3
341.1	2.564e3
342.0	2.214e3
343.0	9.259e3
344.0	3.387e3
344.5	6.000e0
345.1	1.823e3
346.0	3.446e3
347.0	3.150e3
348.0	1.529e3
348.6	9.000e1
349.1	5.339e3
350.0	3.236e3
350.5	5.900e1
351.1	2.991e3
352.0	1.937e3
353.0	6.674e3
353.6	2.490e2
354.1	2.101e3
355.2	4.771e3
356.1	1.842e4
357.1	5.525e3
357.9	2.167e3
358.5	3.630e2
359.1	4.397e3
359.6	6.000e1
360.1	2.166e3
360.6	1.600e1
361.1	2.340e3
362.2	1.528e3
363.1	2.795e3
364.0	1.504e3
365.0	1.974e3
365.9	3.106e3
366.5	4.600e1
367.0	2.179e3
368.0	2.531e3
368.6	9.100e1
369.1	7.359e3
370.0	1.790e3
370.5	6.700e1
371.0	2.082e3
371.9	2.222e3
372.5	1.180e2
373.1	3.692e3
374.1	1.298e3
375.1	4.782e3
376.1	2.047e3
377.1	3.115e3
378.0	1.716e3
378.6	3.020e2
379.1	7.095e3
380.1	2.849e3
381.1	1.761e3
382.0	2.331e3
382.6	1.500e2
383.2	3.907e3
384.1	1.405e3
385.1	4.907e4
386.0	5.033e3
386.6	2.600e1
387.1	3.748e3
388.0	1.802e3
389.0	1.906e3
389.5	1.200e2
390.1	1.543e3
390.7	1.710e2
391.2	2.432e3
392.0	2.033e3
393.0	3.263e3
394.0	2.432e3
394.5	9.800e1
395.1	5.712e3
396.1	2.163e3
397.1	7.208e3
398.0	3.780e3
398.6	6.400e1
399.2	4.423e3
400.1	2.195e3
401.1	3.268e3
402.0	3.400e3
402.6	1.080e2
403.1	2.536e3
404.0	2.150e3
404.9	1.530e3
405.7	1.920e3
406.4	5.980e2
407.1	1.594e3
408.0	3.181e3
408.9	1.957e3
409.6	5.036e3
410.4	6.260e2
411.0	6.605e3
411.6	3.000e1
412.1	2.536e3
412.7	3.110e2
413.2	3.611e3
414.2	1.677e3
415.0	2.547e3
415.6	1.080e2
416.1	1.985e3
417.1	4.198e3
418.0	2.035e3
419.0	2.468e3
419.5	1.200e1
420.0	1.381e3
421.0	3.465e3
421.9	1.811e3
422.6	3.200e2
423.2	3.065e3
424.1	1.235e4
425.1	3.681e3
425.9	1.864e3
426.5	7.700e1
427.1	5.317e3
428.0	1.974e3
428.7	2.670e2
429.3	2.768e3
430.2	1.123e3
431.0	2.611e3
431.7	6.700e1
432.3	1.477e3
432.9	1.240e2
433.5	9.232e3
434.4	4.480e3
435.4	4.562e3
436.2	2.046e3
436.8	3.430e2
437.3	8.222e3
438.2	3.042e3
439.0	1.442e3
439.8	2.286e3
440.5	1.151e3
441.2	3.632e3
442.1	1.394e3
443.0	4.508e3
444.0	3.009e3
445.1	2.615e3
445.9	2.707e3
446.6	1.210e2
447.1	4.613e3
448.0	2.858e3
448.5	4.400e1
449.1	1.807e3
449.7	3.680e2
450.3	1.677e3
451.2	4.952e3
452.0	1.537e3
452.5	3.900e1
453.0	3.900e4
454.0	5.717e3
454.9	3.354e3
455.8	1.354e3
456.6	1.452e3
457.4	4.120e3
458.2	1.905e3
459.1	3.707e3
460.0	3.000e3
461.0	2.743e3
461.6	3.830e2
462.1	2.073e3
463.1	4.876e3
463.7	5.300e2
464.3	3.419e3
465.4	1.656e4
466.4	6.733e3
467.3	3.691e3
468.1	1.612e3
469.0	5.596e3
469.6	1.310e2
470.1	4.040e3
470.6	1.150e2
471.1	3.032e3
471.8	5.740e2
472.4	2.036e3
473.3	5.733e3
474.1	1.976e3
475.0	2.796e3
476.0	2.375e3
476.5	7.300e1
477.1	1.956e3
478.0	2.357e3
478.5	1.070e2
479.1	9.284e3
479.9	2.376e3
480.7	4.748e3
481.3	9.190e2
481.9	3.329e3
482.5	2.090e2
483.1	4.905e3
483.7	3.270e2
484.2	1.977e3
484.8	6.000e0
485.3	5.561e3
486.0	9.320e2
486.8	3.275e3
487.8	2.814e3
488.4	2.550e2
489.0	3.560e3
489.9	1.573e3
490.6	9.430e2
491.3	5.741e3
492.1	1.232e4
492.8	1.351e3
493.4	4.613e3
494.2	1.812e3
495.0	4.924e3
495.5	4.500e1
496.1	3.499e3
497.0	3.432e3
498.0	1.947e3
498.7	7.510e2
499.3	2.528e3
500.2	1.416e3
501.2	3.401e3
501.9	1.037e3
502.7	2.971e3
503.3	4.820e2
503.9	2.163e3
504.9	2.739e3
505.9	2.454e3
506.5	4.700e1
507.0	2.964e3
507.6	1.150e2
508.1	2.361e3
508.6	6.100e1
509.1	4.511e3
510.0	2.075e3
511.0	5.783e3
511.9	2.518e3
512.6	3.220e2
513.2	3.875e3
514.1	1.623e3
514.6	7.800e1
515.1	4.940e3
516.0	3.150e3
516.7	6.090e2
517.3	2.830e3
518.1	8.600e2
518.8	4.364e3
519.7	2.873e3
520.4	3.910e2
521.1	3.341e4
522.1	5.307e3
523.0	4.053e3
523.8	8.760e2
524.5	1.113e4
525.5	5.326e3
526.3	1.145e3
527.1	4.809e3
528.0	2.323e3
528.9	1.678e3
529.7	2.581e3
530.4	4.250e2
531.1	4.270e3
532.0	2.973e3
532.5	4.400e1
533.0	3.918e3
534.0	3.281e3
534.9	3.996e3
535.6	4.520e2
536.2	2.325e3
537.1	5.398e3
538.1	3.757e3
539.1	1.566e3
540.1	4.446e3
540.8	1.715e3
541.5	3.453e3
542.4	9.390e2
543.2	2.976e3
544.2	2.298e3
545.1	2.811e3
546.1	2.227e3
546.9	8.176e3
547.4	1.480e2
548.0	2.198e3
548.9	2.603e3
549.4	1.970e2
550.0	3.159e3
550.8	2.920e3
551.8	2.253e3
552.3	2.830e2
552.9	4.397e3
553.8	2.583e3
554.4	4.010e2
555.0	2.281e3
556.0	2.248e3
557.0	3.231e3
558.0	1.977e3
559.0	3.058e3
559.6	2.950e2
560.1	9.014e3
561.1	2.937e3
562.0	1.393e3
562.5	1.600e1
563.0	4.254e3
564.0	2.771e3
565.0	2.316e3
565.8	6.710e2
566.6	2.643e3
567.6	2.426e3
568.1	4.700e1
568.6	2.483e3
569.2	2.110e2
569.9	2.523e3
570.7	1.044e3
571.4	3.279e3
572.2	1.469e3
573.0	3.787e3
573.9	2.627e3
574.8	1.717e3
575.6	2.735e3
576.3	9.660e2
577.1	3.692e3
578.1	1.545e3
579.1	5.192e3
579.7	3.230e2
580.4	2.633e3
581.4	4.346e3
582.2	1.364e3
583.0	4.641e3
584.0	1.878e3
585.0	3.027e3
586.0	3.101e3
586.9	3.049e3
587.5	5.180e2
588.2	2.016e3
589.1	2.733e4
590.1	3.068e3
590.6	1.720e2
591.2	3.332e3
592.0	1.881e3
592.5	3.600e1
593.1	3.916e3
593.6	5.500e1
594.1	2.879e3
595.1	4.089e3
595.9	1.707e3
596.7	1.785e3
597.4	4.010e2
597.9	2.570e3
598.7	5.560e2
599.3	5.354e3
600.0	7.050e2
600.7	3.307e3
601.3	6.090e2
601.9	3.515e3
602.4	1.600e2
603.0	2.500e3
603.9	2.123e3
604.5	3.310e2
605.0	4.554e3
606.1	3.213e3
606.7	7.500e1
607.2	2.670e3
608.1	2.165e3
609.0	3.045e3
610.0	2.274e3
610.7	9.350e2
611.4	3.256e3
611.9	7.300e1
612.5	2.745e3
613.4	2.034e3
614.3	1.089e3
615.0	7.778e3
615.9	2.729e3
616.9	4.165e3
617.7	7.910e2
618.3	3.062e3
619.1	8.170e2
619.8	2.689e3
620.3	9.200e1
620.8	2.784e3
621.5	1.680e2
622.0	1.890e3
622.6	2.840e2
623.3	2.329e3
624.2	1.424e3
625.0	3.529e3
625.8	9.520e2
626.4	9.200e1
627.1	3.378e3
628.1	7.797e3
629.1	3.445e3
629.9	1.609e3
630.5	1.600e2
631.1	4.208e3
632.0	1.621e3
633.0	1.651e3
633.9	1.782e3
634.7	9.410e2
635.5	2.474e3
636.4	1.091e3
637.1	2.848e3
637.8	5.110e2
638.5	2.132e3
639.3	2.441e3
640.1	1.442e3
641.0	3.462e3
641.9	1.606e3
642.8	2.081e3
643.8	1.354e3
644.4	1.430e2
645.0	2.007e3
645.9	2.471e3
646.6	2.130e2
647.1	4.627e3
648.0	2.120e3
648.6	2.670e2
649.2	3.110e3
650.0	1.572e3
650.6	6.800e1
651.1	3.433e3
652.0	1.761e3
652.9	1.573e3
653.7	2.608e3
654.3	6.620e2
654.9	3.292e3
655.8	2.426e3
656.5	4.380e2
657.1	2.030e4
658.1	4.822e3
659.1	3.137e3
660.0	1.775e3
660.7	5.140e2
661.4	2.791e3
662.1	6.270e2
662.9	2.810e3
663.9	3.113e3
664.4	9.200e1
664.9	1.688e3
665.8	2.521e3
666.4	4.730e2
667.1	3.539e3
668.0	1.888e3
668.5	2.970e2
669.1	3.277e3
670.1	3.270e3
671.1	2.538e3
671.6	1.810e2
672.1	1.801e3
673.0	4.227e3
674.1	3.379e3
675.0	2.049e3
675.6	2.000e1
676.1	2.266e3
677.0	2.362e3
677.9	2.103e3
678.5	1.600e2
679.1	3.870e3
680.0	2.034e3
680.9	2.075e3
681.6	1.930e2
682.2	2.006e3
683.0	8.703e3
684.0	4.138e3
684.6	9.240e2
685.3	3.939e3
686.1	2.310e3
687.0	2.643e3
687.9	2.495e3
688.5	6.720e2
689.1	3.881e3
689.9	9.240e2
690.6	2.431e3
691.2	3.880e2
691.9	2.213e3
692.4	1.340e2
692.9	2.628e3
693.9	2.212e3
694.9	2.969e3
695.5	4.220e2
696.1	6.900e3
697.0	2.853e3
698.0	1.705e3
698.8	8.083e3
699.7	3.734e3
700.2	7.700e1
700.8	3.489e3
701.6	1.365e3
702.6	1.331e3
703.3	5.600e2
704.0	1.734e3
704.8	1.187e3
705.5	2.291e3
706.4	1.270e3
707.3	2.196e3
708.3	2.414e3
709.2	3.534e3
710.1	1.935e3
710.9	2.808e3
711.4	4.000e0
712.0	2.090e3
712.9	4.139e3
713.9	2.213e3
714.9	6.055e3
715.8	2.336e3
716.3	9.300e1
716.8	5.182e3
717.7	3.267e3
718.3	6.500e1
718.8	3.582e3
719.3	1.200e1
719.8	3.170e3
720.4	2.100e2
721.0	2.204e3
722.0	2.990e3
723.0	2.979e3
723.9	2.134e3
724.5	3.570e2
725.1	1.609e4
726.0	3.811e3
726.6	2.700e1
727.1	2.798e3
727.9	1.334e3
728.7	2.816e3
729.3	1.590e2
729.8	1.649e3
730.4	1.280e2
731.0	2.666e3
731.5	1.100e1
732.0	1.775e3
732.9	2.650e3
733.8	1.611e3
734.7	1.142e3
735.4	3.010e3
736.0	2.330e2
736.6	1.509e3
737.4	3.226e3
738.4	2.623e3
739.0	5.280e2
739.6	2.235e3
740.3	7.750e2
740.9	3.475e3
741.9	2.790e3
742.8	2.504e3
743.7	2.473e3
744.3	1.100e2
744.8	3.704e3
745.8	2.788e3
746.5	7.450e2
747.2	2.214e3
748.1	3.163e3
749.0	1.826e3
749.6	1.900e2
750.1	2.719e3
751.0	6.590e3
751.9	2.779e3
752.5	1.600e1
753.0	3.005e3
753.5	2.430e2
754.1	2.707e3
754.7	4.120e2
755.3	3.057e3
756.3	1.986e3
757.1	3.335e3
758.0	2.373e3
758.7	6.670e2
759.5	2.801e3
760.1	8.920e2
760.9	2.127e3
761.9	2.343e3
762.4	2.690e2
763.0	3.846e3
763.5	7.700e1
764.0	6.113e3
765.0	2.689e3
766.0	2.526e3
766.6	3.000e1
767.1	4.509e3
768.0	2.051e3
768.9	2.189e3
769.5	1.000e1
770.0	2.236e3
770.8	1.601e3
771.4	1.400e1
771.9	1.922e3
772.5	7.100e1
773.0	3.383e3
773.5	4.200e1
774.0	2.004e3
774.9	1.191e3
775.5	2.079e3
776.2	5.040e2
776.8	2.662e3
777.4	5.300e1
777.9	1.604e3
778.8	2.551e3
779.4	6.200e1
779.9	1.541e3
780.9	2.826e3
781.9	1.883e3
782.5	3.380e2
783.1	3.320e3
783.8	8.870e2
784.4	2.414e3
785.0	5.300e1
785.5	3.221e3
786.3	9.480e2
787.2	2.550e3
788.1	1.888e3
789.1	1.806e3
790.1	3.639e3
791.0	1.906e3
791.9	1.510e3
792.5	1.280e2
793.1	1.082e4
794.1	3.923e3
794.6	1.910e2
795.2	2.595e3
795.8	2.240e2
796.4	2.044e3
797.0	5.600e2
797.7	1.562e3
798.4	6.480e2
799.2	2.735e3
799.8	9.460e2
800.6	2.311e3
801.6	2.597e3
802.2	3.160e2
802.8	2.019e3
803.7	2.559e3
804.3	5.890e2
804.9	3.341e3
805.9	1.847e3
806.7	2.003e3
807.5	2.478e3
808.2	7.070e2
809.0	2.674e3
810.0	2.760e3
810.5	2.300e1
811.0	2.147e3
811.9	2.271e3
812.4	1.430e2
813.0	2.480e3
814.0	1.893e3
815.0	1.762e3
815.9	2.843e3
816.9	2.702e3
817.9	2.100e3
818.4	3.480e2
819.0	6.405e3
820.0	3.362e3
820.9	2.156e3
821.9	2.116e3
822.7	1.577e3
823.3	3.800e1
823.8	1.883e3
824.3	4.100e1
824.8	2.905e3
825.5	4.940e2
826.1	3.765e3
826.6	1.340e2
827.2	3.135e3
828.0	1.547e3
829.1	2.423e3
829.9	1.381e3
830.9	3.617e3
831.4	3.450e2
832.0	4.748e3
832.8	1.280e3
833.4	2.860e3
834.3	1.298e3
835.1	2.820e3
835.9	2.328e3
836.8	1.463e3
837.8	2.061e3
838.7	9.700e2
839.5	2.299e3
840.2	9.260e2
841.0	1.527e3
842.0	2.016e3
843.0	1.698e3
843.8	1.651e3
844.8	1.846e3
845.6	3.238e3
846.4	6.050e2
847.1	1.515e3
847.9	1.678e3
848.5	2.850e2
849.2	1.956e3
850.1	2.214e3
851.1	2.756e3
851.9	1.760e3
852.5	1.010e2
853.0	2.675e3
853.9	2.112e3
854.5	4.270e2
855.2	2.269e3
856.1	1.213e3
857.0	1.311e3
857.8	1.552e3
858.6	2.874e3
859.2	8.200e1
859.7	2.134e3
860.4	4.820e2
861.1	9.838e3
861.6	5.500e1
862.2	3.305e3
863.0	2.096e3
863.9	2.264e3
864.7	7.810e2
865.5	2.565e3
866.4	6.130e2
867.2	2.346e3
868.0	1.146e3
869.0	1.813e3
870.0	1.673e3
870.6	7.400e1
871.1	2.935e3
872.0	1.952e3
872.6	1.500e1
873.1	3.716e3
873.7	1.470e2
874.2	2.232e3
875.1	2.336e3
876.1	1.424e3
877.0	2.313e3
877.5	5.500e1
878.1	2.793e3
878.9	1.626e3
879.4	3.200e1
879.9	1.634e3
880.8	1.912e3
881.8	2.222e3
882.3	1.480e2
882.9	2.092e3
883.7	1.391e3
884.5	6.040e2
885.3	2.231e3
886.3	1.024e3
887.0	6.444e3
888.0	2.641e3
889.0	2.546e3
889.8	9.290e2
890.5	3.156e3
891.0	4.500e1
891.5	2.654e3
892.2	3.000e2
892.8	2.340e3
893.6	1.389e3
894.3	2.514e3
895.1	1.006e3
895.9	2.664e3
896.5	2.710e2
897.1	2.080e3
898.1	1.365e3
899.1	1.854e3
900.1	4.176e3
901.0	2.780e3
902.0	1.791e3
903.0	3.253e3
903.8	1.173e3
904.5	2.855e3
905.1	3.510e2
905.8	1.891e3
906.4	1.760e2
906.9	2.210e3
907.9	2.040e3
908.5	3.290e2
909.1	2.341e3
910.0	2.595e3
910.9	9.450e2
911.7	1.509e3
912.7	2.331e3
913.7	2.180e3
914.2	9.800e1
914.7	2.143e3
915.4	5.930e2
916.1	2.362e3
917.0	1.686e3
918.0	1.166e3
918.9	3.163e3
919.9	2.350e3
920.4	5.800e1
921.0	2.770e3
921.7	4.820e2
922.3	2.020e3
923.0	8.340e2
923.8	1.579e3
924.3	8.400e1
924.9	2.256e3
925.8	3.306e3
926.3	1.200e1
926.9	2.801e3
927.5	2.310e2
928.1	2.510e3
928.6	9.100e1
929.1	7.484e3
930.1	3.778e3
931.1	2.760e3
932.1	1.504e3
932.6	7.300e1
933.1	2.485e3
934.0	1.692e3
934.6	3.060e2
935.2	2.647e3
936.0	1.621e3
936.7	3.370e2
937.2	2.342e3
938.1	1.145e3
938.9	2.014e3
939.9	2.789e3
940.8	2.680e3
941.5	7.180e2
942.2	1.927e3
943.2	3.472e3
944.0	1.979e3
945.0	2.668e3
945.6	2.100e2
946.2	2.712e3
947.2	2.261e3
948.1	1.417e3
949.1	2.872e3
950.0	1.349e3
950.9	1.774e3
951.6	3.120e2
952.1	2.107e3
953.0	2.360e3
954.0	1.447e3
955.0	5.688e3
956.0	2.888e3
956.9	2.350e3
957.5	5.790e2
958.2	2.633e3
959.1	1.891e3
959.9	1.708e3
960.8	3.032e3
961.5	8.670e2
962.3	3.312e3
963.0	1.919e3
963.9	1.952e3
964.6	3.060e2
965.1	3.001e3
966.0	1.702e3
967.0	2.098e3
967.5	2.600e1
968.0	4.445e3
969.0	2.093e3
970.0	2.140e3
970.5	7.300e1
971.1	2.047e3
971.6	3.900e1
972.2	2.282e3
973.0	5.650e2
973.8	2.230e3
974.3	6.400e1
974.9	1.822e3
975.5	5.000e1
976.0	2.425e3
976.7	1.052e3
977.4	2.312e3
978.4	1.773e3
979.0	2.780e2
979.5	3.074e3
980.2	7.570e2
981.1	2.878e3
981.7	2.240e2
982.2	2.095e3
983.1	1.090e3
983.8	2.349e3
984.4	3.800e2
985.0	2.444e3
986.0	2.101e3
986.6	1.720e2
987.3	2.669e3
988.2	2.531e3
988.9	5.620e2
989.6	2.236e3
990.1	1.350e2
990.7	3.643e3
991.4	5.720e2
992.0	3.264e3
992.9	1.680e3
993.8	3.512e3
994.6	1.516e3
995.5	2.528e3
996.3	1.094e3
997.1	8.734e3
998.1	3.109e3
999.1	2.290e3
1000.0	2.610e3
1001.0	1.974e3
1001.6	2.440e2
1002.2	2.566e3
1002.8	1.317e3
1003.6	2.342e3
1004.5	1.695e3
1005.3	3.890e2
1005.9	1.328e3
1006.8	3.313e3
1007.8	2.280e3
1008.8	3.226e3
1009.7	2.448e3
1010.5	1.254e3
1011.3	2.377e3
1012.1	1.473e3
1013.0	2.494e3
1013.5	1.700e1
1014.0	2.939e3
1014.9	1.335e3
1015.8	2.333e3
1016.5	1.690e2
1017.1	2.996e3
1018.1	2.846e3
1019.0	2.351e3
1019.8	7.930e2
1020.6	2.612e3
1021.3	6.310e2
1022.1	2.218e3
1023.1	4.974e3
1024.0	2.250e3
1024.5	1.110e2
1025.1	1.807e3
1025.6	1.540e2
1026.2	1.978e3
1027.1	1.566e3
1028.1	1.084e3
1028.7	1.440e2
1029.2	2.847e3
1030.1	1.484e3
1030.8	4.700e2
1031.4	2.871e3
1032.0	2.730e2
1032.6	2.335e3
1033.5	1.709e3
1034.3	1.022e3
1035.2	2.454e3
1035.7	1.890e2
1036.2	4.123e3
1036.8	4.810e2
1037.4	3.690e3
1038.3	2.463e3
1039.0	1.002e3
1039.7	3.103e3
1040.3	1.140e2
1040.8	2.629e3
1041.3	2.170e2
1041.9	3.046e3
1042.4	3.980e2
1043.1	1.679e3
1044.1	2.933e3
1045.0	2.657e3
1045.6	2.040e2
1046.1	2.279e3
1046.7	1.550e2
1047.3	2.210e3
1048.1	1.210e3
1048.9	3.115e3
1049.5	2.010e2
1050.1	2.601e3
1051.0	2.368e3
1052.0	1.936e3
1053.0	2.736e3
1054.0	2.627e3
1054.9	2.386e3
1055.5	3.650e2
1056.1	2.692e3
1057.0	2.026e3
1057.9	2.472e3
1058.5	4.010e2
1059.1	3.206e3
1059.9	2.456e3
1060.9	1.819e3
1061.4	1.510e2
1062.0	2.743e3
1063.0	1.362e3
1063.9	3.131e3
1064.5	1.580e2
1065.1	7.132e3
1066.1	3.263e3
1067.0	2.713e3
1067.5	1.330e2
1068.0	2.334e3
1069.0	1.844e3
1070.1	2.854e3
1071.0	2.188e3
1071.6	3.860e2
1072.2	2.192e3
1073.2	2.216e3
1074.1	1.986e3
1075.0	2.023e3
1076.0	2.580e3
1076.9	1.905e3
1077.8	2.097e3
1078.3	7.400e1
1078.8	3.159e3
1079.3	4.000e1
1079.9	2.747e3
1080.5	3.450e2
1081.1	3.343e3
1082.1	3.701e3
1082.9	1.885e3
1083.6	8.970e2
1084.3	2.939e3
1085.3	2.153e3
1086.2	1.796e3
1087.1	3.270e3
1088.0	2.292e3
1088.7	1.235e3
1089.6	2.346e3
1090.4	8.090e2
1091.2	2.837e3
1092.1	2.481e3
1093.1	2.261e3
1093.6	3.300e1
1094.1	2.422e3
1095.0	2.671e3
1095.9	2.445e3
1096.5	4.100e2
1097.1	2.927e3
1098.0	1.431e3
1098.6	1.760e2
1099.2	3.293e3
1099.8	1.420e2
1100.4	1.965e3
1101.4	2.373e3
1102.2	1.192e3
1103.1	2.000e3
1104.1	4.562e3
1105.1	2.930e3
1106.0	2.329e3
1107.0	3.203e3
1107.9	2.865e3
1108.6	9.870e2
1109.3	2.849e3
1110.0	1.029e3
1110.9	2.863e3
1111.8	2.596e3
1112.5	6.000e2
1113.2	2.784e3
1114.0	1.439e3
1114.7	2.784e3
1115.2	1.700e1
1115.7	2.255e3
1116.3	3.490e2
1117.0	3.178e3
1117.7	1.099e3
1118.5	3.418e3
1119.2	5.310e2
1119.8	2.906e3
1120.7	2.290e3
1121.7	2.165e3
1122.3	5.370e2
1122.9	2.699e3
1123.7	2.547e3
1124.7	2.303e3
1125.4	6.960e2
1126.1	2.591e3
1126.6	1.020e2
1127.2	2.649e3
1127.9	9.990e2
1128.7	2.832e3
1129.3	7.880e2
1130.0	3.311e3
1130.9	2.472e3
1131.6	5.200e2
1132.2	2.556e3
1133.2	6.064e3
1134.1	3.404e3
1134.7	1.580e2
1135.2	2.010e3
1136.2	2.445e3
1136.9	1.541e3
1137.5	5.500e1
1138.0	2.702e3
1138.8	8.400e2
1139.6	2.358e3
1140.2	3.750e2
1140.8	1.890e3
1141.7	1.334e3
1142.5	2.764e3
1143.3	1.441e3
1144.1	2.146e3
1145.0	3.518e3
1145.6	1.850e2
1146.2	2.602e3
1146.9	3.610e2
1147.6	2.896e3
1148.1	2.600e1
1148.7	2.775e3
1149.3	6.570e2
1150.0	2.520e3
1150.9	2.967e3
1151.6	6.920e2
1152.2	1.415e3
1153.1	3.478e3
1154.0	2.489e3
1154.6	6.270e2
1155.2	3.483e3
1156.0	1.269e3
1156.9	1.685e3
1157.8	2.569e3
1158.8	2.691e3
1159.8	2.513e3
1160.4	4.500e1
1160.9	2.332e3
1161.8	1.961e3
1162.5	6.420e2
1163.2	2.494e3
1164.1	1.806e3
1165.0	1.729e3
1165.6	2.060e2
1166.1	4.203e3
1166.8	1.080e3
1167.6	3.195e3
1168.2	3.600e2
1168.9	3.208e3
1169.6	7.880e2
1170.4	2.908e3
1171.2	1.332e3
1172.1	3.661e3
1172.9	1.806e3
1173.7	3.932e3
1174.3	7.100e2
1175.1	1.897e3
1176.0	2.469e3
1177.0	2.459e3
1177.7	8.640e2
1178.5	2.540e3
1179.4	2.631e3
1179.9	3.800e1
1180.4	2.220e3
1181.1	6.940e2
1181.8	2.698e3
1182.4	2.520e2
1183.0	2.379e3
1184.0	3.216e3
1184.9	1.551e3
1185.7	3.789e3
1186.7	4.196e3
1187.3	2.800e2
1187.9	4.653e3
1188.7	1.515e3
1189.5	3.598e3
1190.1	6.930e2
1190.8	2.222e3
1191.7	1.802e3
1192.8	2.255e3
1193.4	3.100e2
1194.0	1.656e3
1194.9	2.215e3
1195.8	2.264e3
1196.7	2.219e3
1197.7	3.032e3
1198.7	2.471e3
1199.2	2.030e2
1199.8	3.258e3
1200.5	9.610e2
1201.2	5.098e3
1202.1	2.929e3
1203.1	2.577e3
1203.9	1.916e3
1204.8	2.573e3
1205.5	1.169e3
1206.2	3.168e3
1207.2	2.974e3
1208.1	2.127e3
1209.1	1.501e3
1210.0	3.951e3
1210.6	6.380e2
1211.2	2.964e3
1212.2	2.139e3
1212.8	1.740e2
1213.3	2.349e3
1214.1	1.669e3
1214.9	3.229e3
1215.5	1.290e2
1216.0	2.611e3
1216.7	3.770e2
1217.2	3.225e3
1217.9	4.280e2
1218.6	3.336e3
1219.2	6.820e2
1219.8	2.104e3
1220.7	3.182e3
1221.7	3.433e3
1222.4	8.430e2
1223.0	2.278e3
1224.0	2.703e3
1224.6	2.910e2
1225.1	3.349e3
1226.0	1.694e3
1227.1	4.117e3
1228.0	1.940e3
1228.9	2.586e3
1229.5	2.320e2
1230.0	2.291e3
1230.7	5.490e2
1231.3	2.535e3
1232.2	1.970e3
1233.2	3.752e3
1234.2	4.011e3
1235.0	8.190e2
1235.7	2.307e3
1236.4	8.380e2
1237.0	2.594e3
1237.9	1.245e3
1238.7	2.372e3
1239.3	2.420e2
1239.9	4.268e3
1240.8	1.946e3
1241.7	1.962e3
1242.5	6.820e2
1243.2	3.069e3
1244.1	1.916e3
1244.8	2.349e3
1245.4	2.600e1
1246.0	2.131e3
1246.6	8.500e1
1247.1	2.177e3
1248.1	1.794e3
1249.1	2.697e3
1250.1	2.489e3
1251.1	2.660e3
1251.8	8.250e2
1252.8	2.741e3
1253.4	6.770e2
1254.1	1.675e3
1255.0	2.913e3
1255.5	5.500e1
1256.1	2.145e3
1256.6	8.200e1
1257.1	3.160e3
1258.1	1.851e3
1258.9	1.900e3
1259.7	3.069e3
1260.6	1.992e3
1261.4	6.680e2
1262.0	2.488e3
1262.6	1.060e2
1263.1	3.130e3
1263.7	3.990e2
1264.3	2.090e3
1265.2	1.905e3
1266.2	3.294e3
1266.9	6.370e2
1267.6	3.020e3
1268.5	9.550e2
1269.2	5.216e3
1270.1	2.921e3
1270.7	1.610e2
1271.2	2.454e3
1272.0	1.752e3
1273.0	2.922e3
1273.9	1.446e3
1274.7	3.660e3
1275.6	2.238e3
1276.2	1.060e2
1276.7	1.298e3
1277.7	2.653e3
1278.2	3.000e2
1278.8	1.957e3
1279.3	6.000e0
1279.8	3.515e3
1280.5	1.860e2
1281.0	3.112e3
1281.6	3.800e1
1282.1	3.259e3
1283.1	3.471e3
1284.0	1.888e3
1284.8	3.674e3
1285.7	2.347e3
1286.3	7.930e2
1286.9	3.117e3
1287.5	8.300e1
1288.1	2.622e3
1288.9	2.446e3
1289.9	3.307e3
1290.9	2.152e3
1291.8	2.412e3
1292.8	3.415e3
1293.8	2.338e3
1294.5	7.950e2
1295.3	3.179e3
1296.1	2.230e3
1296.9	3.149e3
1297.8	1.168e3
1298.6	2.701e3
1299.7	1.827e3
1300.6	2.558e3
1301.3	6.300e2
1302.0	2.453e3
1302.6	1.600e2
1303.2	2.736e3
1304.2	3.394e3
1304.8	5.550e2
1305.5	3.073e3
1306.4	1.466e3
1307.3	2.076e3
1308.2	4.119e3
1309.3	1.645e3
1310.2	2.504e3
1310.7	1.260e2
1311.2	3.220e3
1312.1	1.432e3
1312.9	3.082e3
1313.5	4.240e2
1314.2	3.935e3
1315.1	1.464e3
1315.8	1.486e3
1316.7	2.305e3
1317.6	2.255e3
1318.5	2.447e3
1319.3	1.065e3
1320.0	1.434e3
1320.8	2.305e3
1321.4	4.530e2
1322.0	1.778e3
1322.8	3.571e3
1323.5	1.660e2
1324.0	2.121e3
1325.0	2.369e3
1326.0	2.117e3
1327.0	3.120e3
1327.9	2.680e3
1328.8	1.214e3
1329.7	2.114e3
1330.3	2.150e2
1330.9	3.267e3
1331.8	1.880e3
1332.4	3.240e2
1332.9	1.984e3
1333.8	2.783e3
1334.7	2.449e3
1335.4	7.860e2
1336.2	1.673e3
1337.1	3.749e3
1337.9	2.091e3
1338.5	5.760e2
1339.1	2.932e3
1340.1	1.905e3
1340.7	2.500e2
1341.2	2.073e3
1342.1	2.716e3
1342.7	3.500e2
1343.3	2.536e3
1344.0	1.175e3
1344.7	1.903e3
1345.7	1.862e3
1346.6	1.670e3
1347.5	2.453e3
1348.2	3.400e2
1348.8	3.263e3
1349.6	1.011e3
1350.5	2.191e3
1351.4	2.144e3
1352.2	4.310e2
1352.9	2.801e3
1353.7	1.281e3
1354.5	2.595e3
1355.6	2.244e3
1356.5	1.739e3
1357.3	2.249e3
1358.2	2.442e3
1359.2	2.485e3
1360.2	1.880e3
1361.1	1.905e3
1362.0	1.572e3
1362.9	2.854e3
1363.9	1.875e3
1365.0	2.014e3
1365.8	6.870e2
1366.5	1.799e3
1367.4	3.211e3
1368.3	1.593e3
1368.9	5.290e2
1369.6	3.023e3
1370.6	2.062e3
1371.2	4.430e2
1371.8	1.916e3
1372.5	5.450e2
1373.0	2.191e3
1374.0	2.546e3
1374.9	1.297e3
1375.7	2.372e3
1376.2	1.610e2
1376.8	3.128e3
1377.4	1.980e2
1378.0	3.097e3
1378.6	8.900e2
1379.4	3.337e3
1380.0	3.560e2
1380.7	2.217e3
1381.7	2.099e3
1382.6	1.534e3
1383.5	1.720e3
1384.3	2.839e3
1385.3	3.163e3
1386.3	2.318e3
1387.3	2.334e3
1388.1	1.662e3
1389.1	2.364e3
1389.8	1.940e2
1390.4	2.224e3
1391.3	1.620e3
1392.2	3.518e3
1393.1	7.800e2
1393.9	2.038e3
1394.9	2.240e3
1395.9	2.750e3
1396.9	2.254e3
1397.8	1.942e3
1398.4	2.190e2
1399.0	1.171e3
1399.8	2.059e3
1400.7	3.389e3
1401.4	9.000e0
1401.9	2.134e3
1402.5	1.570e2
1403.0	2.441e3
1403.5	1.600e1
1404.0	2.415e3
1405.0	2.830e3
1405.9	2.522e3
1406.8	2.769e3
1407.4	2.770e2
1407.9	2.836e3
1408.7	1.303e3
1409.6	2.575e3
1410.4	1.468e3
1411.0	4.670e2
1411.7	2.029e3
1412.7	1.426e3
1413.5	2.381e3
1414.4	1.474e3
1415.1	3.318e3
1416.1	1.536e3
1417.0	2.598e3
1417.5	9.800e1
1418.1	1.937e3
1418.6	6.200e1
1419.2	3.546e3
1420.1	1.160e3
1421.0	1.962e3
1421.6	2.220e2
1422.2	2.973e3
1422.7	2.050e2
1423.3	2.037e3
1424.0	2.000e2
1424.6	3.463e3
1425.2	1.200e2
1425.8	2.653e3
1426.7	1.558e3
1427.6	3.838e3
1428.1	1.240e2
1428.7	7.940e2
1429.4	2.071e3
1430.0	6.900e1
1430.5	2.250e3
1431.2	1.253e3
1432.0	2.888e3
1432.9	2.032e3
1433.8	1.262e3
1434.7	2.363e3
1435.5	1.878e3
1436.2	2.890e2
1436.9	2.500e3
1437.8	1.965e3
1438.3	4.410e2
1439.0	2.422e3
1440.1	2.827e3
1441.0	2.533e3
1441.9	8.590e2
1442.8	1.841e3
1443.4	2.090e2
1444.0	2.601e3
1444.5	7.000e1
1445.0	2.975e3
1445.8	1.832e3
1446.4	1.930e2
1447.0	3.072e3
1447.9	1.350e3
1448.7	2.658e3
1449.3	2.140e2
1449.9	2.678e3
1450.7	1.243e3
1451.6	2.891e3
1452.5	2.039e3
1453.4	1.646e3
1454.0	4.600e2
1454.7	2.442e3
1455.3	4.980e2
1456.0	2.673e3
1456.9	2.620e3
1457.9	1.564e3
1458.7	2.219e3
1459.6	2.782e3
1460.3	8.180e2
1461.1	2.029e3
1461.6	9.200e1
1462.1	2.051e3
1463.1	4.631e3
1464.1	1.278e3
1465.0	1.516e3
1466.0	2.288e3
1466.7	3.100e2
1467.3	1.868e3
1467.9	4.120e2
1468.5	2.626e3
1469.1	1.049e3
1469.9	1.710e3
1470.5	3.000e1
1471.0	2.300e3
1471.6	3.120e2
1472.2	2.241e3
1473.2	3.414e3
1474.0	2.129e3
1474.6	2.060e2
1475.2	2.693e3
1476.2	2.514e3
1477.1	1.528e3
1477.7	2.740e2
1478.3	2.315e3
1478.9	1.600e2
1479.4	2.739e3
1480.3	8.880e2
1481.1	2.527e3
1482.0	1.032e3
1482.8	2.339e3
1483.9	3.386e3
1484.9	1.422e3
1485.7	2.193e3
1486.5	7.550e2
1487.1	1.954e3
1488.0	1.078e3
1488.9	2.251e3
1489.8	2.404e3
1490.8	1.977e3
1491.4	1.120e2
1492.0	2.938e3
1492.5	4.900e1
1493.1	2.433e3
1494.1	2.653e3
1495.0	2.067e3
1495.9	1.356e3
1496.5	1.930e2
1497.0	1.258e3
1498.0	2.263e3
1498.6	9.600e1
1499.1	2.134e3
1500.2	2.291e3
1500.9	1.500e2
1501.5	3.061e3
1502.0	6.240e2
1502.6	2.911e3
1503.5	1.844e3
1504.5	1.882e3
1505.5	1.240e3
1506.4	1.874e3
1507.0	1.380e2
1507.5	2.293e3
1508.5	1.678e3
1509.1	4.030e2
1509.7	2.325e3
1510.7	2.087e3
1511.5	1.084e3
1512.3	1.888e3
1513.3	2.912e3
1514.3	1.271e3
1515.2	3.317e3
1516.0	1.060e3
1516.8	2.613e3
1517.4	7.000e0
1517.9	1.661e3
1518.5	7.200e1
1519.0	2.294e3
1519.6	3.100e2
1520.2	1.622e3
1521.2	2.852e3
1522.1	2.784e3
1522.6	8.800e1
1523.2	2.231e3
1524.2	2.389e3
1525.1	1.311e3
1525.9	2.760e3
1526.5	2.100e2
1527.1	2.324e3
1528.0	2.417e3
1529.0	1.480e3
1529.9	2.763e3
1530.5	2.130e2
1531.1	2.035e3
1531.8	7.310e2
1532.7	1.877e3
1533.4	5.440e2
1534.2	2.377e3
1534.8	1.120e2
1535.3	2.746e3
1536.3	2.421e3
1537.3	1.755e3
1537.8	5.600e1
1538.3	1.923e3
1539.2	1.021e3
1539.8	3.000e1
1540.4	2.523e3
1541.2	2.376e3
1542.2	2.512e3
1543.2	1.459e3
1544.0	7.520e2
1544.8	2.213e3
1545.6	1.192e3
1546.3	2.376e3
1547.3	2.048e3
1548.4	1.951e3
1549.4	2.141e3
1550.0	2.590e2
1550.6	2.760e3
1551.4	1.980e3
1552.0	1.590e2
1552.5	3.056e3
1553.3	7.260e2
1554.0	2.624e3
1554.9	1.354e3
1555.8	1.800e3
1556.7	2.742e3
1557.3	9.900e1
1557.8	2.326e3
1558.7	1.602e3
1559.4	3.120e2
1560.1	1.871e3
1561.0	1.510e3
1561.9	2.654e3
1562.9	2.485e3
1563.9	2.547e3
1564.6	4.030e2
1565.2	2.163e3
1566.1	7.010e2
1566.9	1.825e3
1567.9	3.477e3
1568.6	1.403e3
1569.4	3.405e3
1570.2	8.800e2
1571.0	2.622e3
1571.6	1.540e2
1572.1	1.951e3
1573.2	1.859e3
1574.2	1.742e3
1575.1	3.335e3
1576.1	1.083e3
1577.0	2.255e3
1577.7	3.330e2
1578.3	2.238e3
1579.3	1.844e3
1580.3	2.493e3
1581.2	1.573e3
1582.0	3.381e3
1583.0	1.220e3
1583.9	2.546e3
1584.8	1.544e3
1585.6	1.178e3
1586.4	1.965e3
1586.9	9.000e0
1587.4	2.834e3
1588.0	2.440e2
1588.6	2.216e3
1589.3	8.120e2
1590.2	1.758e3
1590.8	3.280e2
1591.5	2.275e3
1592.2	1.290e2
1592.8	2.081e3
1593.7	1.977e3
1594.7	2.268e3
1595.4	7.940e2
1596.4	2.251e3
1597.1	1.287e3
1597.9	2.545e3
1598.9	1.510e3
1599.6	4.130e2
1600.3	1.777e3
1600.9	8.300e1
1601.5	1.778e3
1602.3	1.285e3
1602.8	3.730e2
1603.4	2.111e3
1604.0	6.200e1
1604.5	1.102e3
1605.1	2.730e2
1605.7	2.019e3
1606.5	8.170e2
1607.4	2.609e3
1607.9	4.800e1
1608.4	1.466e3
1609.3	2.862e3
1609.9	6.880e2
1610.6	2.206e3
1611.1	3.900e1
1611.7	1.967e3
1612.7	1.523e3
1613.6	2.448e3
1614.5	8.240e2
1615.4	2.191e3
1616.4	1.947e3
1617.1	2.760e2
1617.7	2.931e3
1618.3	8.570e2
1619.1	1.709e3
1620.0	1.020e3
1620.9	1.848e3
1621.8	1.481e3
1622.3	1.610e2
1622.9	1.917e3
1623.6	5.420e2
1624.3	2.130e3
1625.0	7.270e2
1625.8	2.106e3
1626.4	3.400e2
1627.1	3.159e3
1627.7	7.780e2
1628.6	2.258e3
1629.2	5.270e2
1630.1	1.762e3
1630.6	1.930e2
1631.1	2.322e3
1632.0	2.201e3
1633.0	1.701e3
1633.9	1.509e3
1634.7	1.053e3
1635.4	2.269e3
1636.0	8.400e1
1636.5	2.355e3
1637.4	1.156e3
1638.0	3.030e2
1638.6	2.797e3
1639.5	9.350e2
1640.4	2.550e3
1641.3	1.771e3
1642.1	6.190e2
1642.8	1.782e3
1643.4	3.600e1
1643.9	1.403e3
1644.7	1.323e3
1645.4	4.960e2
1646.1	1.990e3
1647.1	2.383e3
1647.9	5.020e2
1648.5	3.262e3
1649.0	2.200e1
1649.5	1.212e3
1650.2	2.220e3
1651.1	1.020e3
1651.8	1.892e3
1652.7	1.793e3
1653.4	6.810e2
1654.1	2.849e3
1654.6	1.450e2
1655.2	1.610e3
1655.7	1.640e2
1656.2	1.574e3
1657.2	1.521e3
1658.1	1.691e3
1659.0	1.813e3
1659.6	2.980e2
1660.2	1.555e3
1661.2	1.867e3
1662.2	2.435e3
1663.2	1.638e3
1664.1	2.419e3
1665.0	1.505e3
1665.6	2.420e2
1666.2	2.430e3
1666.8	2.540e2
1667.4	2.113e3
1668.3	1.392e3
1669.3	2.074e3
1669.9	2.360e2
1670.5	2.878e3
1671.2	8.750e2
1671.9	1.815e3
1672.9	1.641e3
1673.7	1.279e3
1674.4	2.669e3
1675.3	1.257e3
1676.3	1.974e3
1676.9	2.480e2
1677.5	2.443e3
1678.4	1.517e3
1679.0	3.200e1
1679.5	1.623e3
1680.0	5.900e1
1680.6	2.170e3
1681.6	2.099e3
1682.1	3.700e1
1682.7	1.706e3
1683.3	1.930e2
1683.8	1.741e3
1684.4	3.870e2
1685.0	1.792e3
1685.7	4.910e2
1686.4	1.722e3
1687.4	1.983e3
1688.2	1.011e3
1689.0	2.011e3
1689.9	2.616e3
1690.7	1.217e3
1691.7	2.053e3
1692.8	1.472e3
1693.4	6.910e2
1694.2	1.329e3
1694.7	7.700e1
1695.2	1.279e3
1696.0	1.112e3
1696.9	2.064e3
1697.9	1.921e3
1698.4	2.710e2
1699.0	2.013e3
1699.6	1.190e2
1700.3	2.783e3
1701.2	1.876e3
1701.8	2.420e2
1702.4	2.341e3
1703.0	2.440e2
1703.6	1.954e3
1704.3	3.340e2
1704.9	2.484e3
1705.5	2.180e2
1706.2	2.417e3
1707.2	1.700e3
1708.0	1.260e3
1708.8	1.952e3
1709.6	8.820e2
1710.4	2.292e3
1711.0	4.700e1
1711.5	2.251e3
1712.0	2.780e2
1712.6	2.058e3
1713.6	2.172e3
1714.2	3.910e2
1714.9	2.033e3
1715.6	4.180e2
1716.2	2.219e3
1717.1	2.734e3
1718.1	2.216e3
1719.2	1.512e3
1720.2	2.327e3
1721.1	1.120e3
1722.0	1.247e3
1722.9	1.482e3
1723.5	8.400e1
1724.1	2.221e3
1724.7	5.930e2
1725.4	2.352e3
1726.4	1.686e3
1727.4	2.564e3
1728.2	9.540e2
1729.1	1.688e3
1729.7	2.180e2
1730.2	1.591e3
1731.2	1.915e3
1731.8	3.480e2
1732.5	2.080e3
1733.2	9.660e2
1734.0	2.057e3
1734.6	6.310e2
1735.3	1.960e3
1736.1	4.200e2
1736.8	1.746e3
1737.5	5.240e2
1738.1	2.441e3
1739.0	1.422e3
1739.5	1.200e1
1740.1	2.060e3
1740.6	2.500e1
1741.2	1.340e3
1742.1	1.555e3
1743.0	1.126e3
1744.0	2.593e3
1744.7	5.420e2
1745.4	2.557e3
1746.4	1.923e3
1747.0	1.050e2
1747.6	2.746e3
1748.1	2.470e2
1748.7	1.295e3
1749.4	1.170e2
1750.0	1.671e3
1750.9	1.678e3
1751.9	1.751e3
1752.5	5.570e2
1753.2	1.358e3
1754.0	2.418e3
1754.8	2.880e2
1755.5	2.137e3
1756.1	8.390e2
1756.8	1.793e3
1757.8	1.966e3
1758.3	2.000e1
1758.9	1.973e3
1759.5	2.750e2
1760.1	1.327e3
1761.1	2.092e3
1761.6	1.900e2
1762.1	1.831e3
1762.8	9.250e2
1763.5	2.037e3
1764.4	2.512e3
1765.1	2.630e2
1765.7	2.779e3
1766.5	1.301e3
1767.1	5.500e2
1767.8	1.545e3
1768.5	6.500e1
1769.1	2.667e3
1769.8	8.920e2
1770.6	1.263e3
1771.4	2.858e3
1772.1	1.153e3
1772.9	2.320e3
1773.5	2.420e2
1774.1	1.842e3
1775.1	7.720e2
1775.9	1.265e3
1776.7	1.871e3
1777.3	1.490e2
1778.0	1.510e3
1778.9	2.167e3
1779.8	1.827e3
1780.7	1.686e3
1781.6	1.702e3
1782.5	2.169e3
1783.1	1.680e2
1783.6	2.709e3
1784.1	9.400e1
1784.7	2.192e3
1785.3	4.960e2
1786.0	2.567e3
1786.5	8.300e1
1787.1	2.090e3
1788.1	1.344e3
1788.9	2.096e3
1789.8	8.070e2
1790.5	2.290e3
1791.5	1.628e3
1792.4	1.624e3
1793.3	1.679e3
1794.2	1.398e3
1794.7	5.900e1
1795.3	1.045e3
1796.3	1.784e3
1797.4	2.106e3
1798.0	4.020e2
1798.8	2.187e3
1799.5	1.201e3
1800.2	3.650e2
1800.8	1.426e3
1801.5	4.160e2
1802.3	2.120e3
1802.9	7.600e1
1803.5	1.446e3
1804.5	1.431e3
1805.4	1.001e3
1806.3	8.400e2
1807.1	1.826e3
1807.8	6.740e2
1808.6	1.995e3
1809.2	3.400e2
1809.8	2.143e3
1810.7	1.105e3
1811.3	5.700e1
1811.8	1.394e3
1812.6	1.824e3
1813.6	2.634e3
1814.3	9.320e2
1815.1	1.489e3
1815.9	1.551e3
1816.8	1.300e3
1817.6	1.065e3
1818.4	1.620e3
1819.5	2.265e3
1820.4	8.130e2
1821.2	1.947e3
1822.0	1.093e3
1822.8	1.774e3
1823.7	2.319e3
1824.5	1.249e3
1825.4	2.232e3
1826.2	7.000e2
1826.9	2.054e3
1827.7	7.040e2
1828.5	1.101e3
1829.0	5.700e1
1829.6	1.346e3
1830.4	1.625e3
1831.0	5.700e1
1831.7	2.324e3
1832.7	2.009e3
1833.6	9.150e2
1834.4	2.051e3
1835.0	7.260e2
1835.7	1.656e3
1836.8	1.830e3
1837.4	3.600e2
1838.0	2.082e3
1838.7	3.450e2
1839.3	1.488e3
1840.1	1.293e3
1840.9	2.702e3
1841.5	3.520e2
1842.2	9.890e2
1842.8	4.000e2
1843.5	1.512e3
1844.4	2.008e3
1845.2	3.110e2
1845.9	2.580e3
1846.8	1.848e3
1847.6	2.363e3
1848.2	2.010e2
1848.8	2.411e3
1849.6	7.810e2
1850.6	2.104e3
1851.1	3.000e1
1851.7	1.612e3
1852.6	1.479e3
1853.4	9.900e1
1854.0	2.007e3
1855.1	2.067e3
1856.1	1.139e3
1857.1	1.599e3
1857.9	8.400e2
1858.6	1.487e3
1859.5	1.608e3
1860.4	2.118e3
1861.4	2.081e3
1862.0	3.230e2
1862.6	1.861e3
1863.3	7.270e2
1863.9	2.141e3
1865.0	1.568e3
1865.6	3.570e2
1866.3	2.187e3
1867.0	1.003e3
1867.7	2.747e3
1868.7	1.165e3
1869.5	2.058e3
1870.5	1.886e3
1871.0	7.000e0
1871.6	1.624e3
1872.2	2.950e2
1872.9	1.538e3
1873.6	5.260e2
1874.4	1.323e3
1875.2	5.520e2
1876.0	1.295e3
1876.6	2.990e2
1877.3	2.411e3
1877.9	4.420e2
1878.8	9.550e2
1879.7	2.402e3
1880.6	8.330e2
1881.4	1.672e3
1882.4	1.746e3
1883.4	1.489e3
1884.0	4.650e2
1884.7	2.219e3
1885.4	6.840e2
1886.3	2.266e3
1887.4	1.645e3
1887.9	1.440e2
1888.4	1.478e3
1889.4	1.471e3
1890.3	1.153e3
1891.2	2.467e3
1891.8	1.830e2
1892.4	1.143e3
1893.3	2.967e3
1894.0	5.510e2
1895.0	2.089e3
1895.8	1.259e3
1896.7	2.161e3
1897.5	8.450e2
1898.2	2.292e3
1899.2	1.445e3
1899.8	6.270e2
1900.5	1.548e3
1901.0	1.900e1
1901.6	1.821e3
1902.6	2.145e3
1903.2	3.960e2
1903.8	2.117e3
1904.8	1.451e3
1905.8	1.080e3
1906.8	2.136e3
1907.7	1.437e3
1908.6	2.168e3
1909.2	3.430e2
1909.9	1.924e3
1910.9	1.369e3
1911.5	5.060e2
1912.1	2.029e3
1913.1	1.014e3
1914.1	1.098e3
1915.0	1.539e3
1915.6	4.800e1
1916.2	1.817e3
1916.7	2.800e2
1917.3	1.982e3
1918.2	9.690e2
1919.0	1.869e3
1920.1	1.741e3
1920.6	2.800e1
1921.2	1.419e3
1922.1	2.015e3
1922.9	7.190e2
1923.8	2.167e3
1924.7	1.361e3
1925.5	5.070e2
1926.2	1.453e3
1926.9	1.730e2
1927.5	2.223e3
1928.4	7.910e2
1929.1	2.587e3
1930.0	1.447e3
1930.5	6.000e0
1931.1	1.613e3
1931.8	2.690e2
1932.5	1.304e3
1933.4	8.840e2
1934.3	1.250e3
1935.0	6.070e2
1935.8	1.486e3
1936.8	1.068e3
1937.7	1.504e3
1938.6	1.721e3
1939.7	2.307e3
1940.5	5.660e2
1941.2	1.237e3
1942.1	1.122e3
1943.1	1.936e3
1943.6	9.200e1
1944.1	1.608e3
1944.8	2.320e2
1945.4	1.306e3
1946.1	2.890e2
1946.7	1.831e3
1947.6	2.907e3
1948.2	1.520e2
1948.7	1.708e3
1949.7	1.377e3
1950.4	1.330e2
1951.0	9.060e2
1951.9	1.584e3
1952.4	9.800e1
1952.9	9.640e2
1953.6	3.400e2
1954.1	2.603e3
1955.0	8.880e2
1955.8	1.852e3
1956.5	1.680e2
1957.2	9.420e2
1957.9	1.970e3
1958.4	6.700e1
1959.0	1.049e3
1959.6	1.650e2
1960.2	1.114e3
1960.8	6.700e1
1961.4	1.071e3
1962.0	4.400e1
1962.5	1.529e3
1963.4	1.674e3
1964.2	2.940e2
1964.8	1.335e3
1965.5	4.080e2
1966.2	8.210e2
1967.2	1.229e3
1967.9	2.059e3
1968.6	3.320e2
1969.3	1.873e3
1970.2	7.180e2
1970.8	5.200e1
1971.4	1.508e3
1972.1	3.290e2
1972.7	1.709e3
1973.6	9.590e2
1974.5	1.871e3
1975.2	4.400e1
1975.8	8.120e2
1976.4	2.410e2
1977.1	1.461e3
1978.1	1.124e3
1979.0	1.499e3
1979.8	1.885e3
1980.7	9.720e2
1981.7	1.832e3
1982.3	2.300e1
1982.8	1.911e3
1983.8	1.210e3
1984.7	1.033e3
1985.4	6.600e1
1986.0	2.189e3
1987.0	1.019e3
1987.7	1.740e2
1988.3	2.050e3
1988.8	8.400e1
1989.4	1.762e3
1990.0	5.900e1
1990.5	1.254e3
1991.3	6.960e2
1992.2	1.911e3
1992.8	1.350e2
1993.3	1.323e3
1993.9	8.700e1
1994.4	1.833e3
1995.3	6.230e2
1996.1	1.201e3
1997.0	1.546e3
1997.9	1.575e3
1998.8	9.190e2
1999.6	5.550e2
