100.4	1.007e5
101.0	7.965e5
101.6	1.590e3
102.1	2.422e6
103.0	1.475e5
103.6	1.049e3
104.1	1.455e5
105.1	6.458e5
105.6	1.182e3
106.1	1.119e5
106.6	2.981e3
107.2	1.781e5
107.8	5.875e4
108.4	5.691e5
109.1	2.126e5
110.1	2.681e6
110.6	1.003e3
111.1	4.822e6
112.1	1.573e6
113.1	3.807e5
113.6	3.705e3
114.1	3.212e5
115.1	1.817e5
115.6	1.182e3
116.1	1.252e5
117.1	9.369e4
118.1	2.190e5
119.0	2.217e5
119.6	4.720e3
120.1	5.158e5
121.1	1.698e5
121.6	1.836e3
122.2	1.414e6
123.1	3.509e5
123.7	9.340e2
124.2	1.185e5
125.1	7.236e4
126.1	2.667e5
126.6	1.244e3
127.1	8.434e4
128.1	4.946e4
129.1	9.047e4
129.7	7.114e3
130.2	2.308e5
131.2	5.592e5
132.1	1.989e5
133.1	4.641e5
133.6	9.810e2
134.1	7.276e4
135.1	6.585e4
136.1	3.517e5
137.1	9.567e4
137.6	1.274e3
138.2	1.181e6
138.7	4.960e2
139.2	1.656e5
140.1	2.036e5
141.1	1.417e5
142.1	3.796e5
142.6	2.530e3
143.1	8.504e4
144.1	1.411e5
145.1	6.092e5
146.1	7.464e4
147.1	3.375e5
148.1	7.178e4
149.1	1.781e5
149.6	1.327e3
150.2	2.533e5
150.7	1.510e2
151.2	7.395e4
152.2	4.393e4
153.1	4.840e4
154.1	6.538e4
154.6	2.920e2
155.1	2.207e5
155.7	4.530e2
156.2	9.720e4
157.1	1.703e5
157.6	5.280e2
158.1	4.077e5
159.1	1.061e6
160.1	1.746e5
160.6	1.000e2
161.2	6.145e4
162.1	5.860e4
163.1	1.617e5
164.1	1.104e5
164.6	8.150e2
165.2	9.277e4
166.1	3.316e4
166.8	6.156e4
167.5	4.364e5
168.3	9.250e4
169.2	5.145e4
170.2	9.005e4
170.7	9.540e2
171.2	6.563e5
172.2	2.541e5
173.1	1.563e5
173.7	1.551e3
174.2	1.026e5
174.9	2.682e4
175.6	2.436e5
176.2	4.070e4
176.8	4.302e5
177.4	3.760e4
178.1	1.064e5
178.7	5.584e3
179.2	1.469e5
180.2	7.817e4
181.2	1.109e5
182.1	6.176e4
183.1	5.027e5
183.7	3.428e3
184.3	1.241e5
185.1	7.497e5
186.0	1.951e5
186.5	3.705e3
187.1	5.163e5
187.6	5.720e2
188.2	4.304e5
189.1	1.192e5
189.6	1.392e3
190.2	6.208e4
191.1	7.522e4
191.6	1.548e3
192.2	8.674e4
193.2	7.014e4
193.7	1.935e3
194.2	2.955e5
195.2	1.542e5
196.3	2.434e6
197.2	6.765e5
197.8	9.950e2
198.3	1.000e6
199.3	1.844e5
200.1	2.806e5
200.6	2.670e2
201.1	9.919e4
202.1	6.727e4
203.1	1.281e5
204.1	5.027e4
204.6	7.210e2
205.1	8.148e4
205.7	1.800e3
206.2	7.705e4
207.2	6.562e4
208.2	6.037e4
209.2	1.095e5
209.7	1.197e3
210.2	8.575e4
211.2	6.383e4
212.1	8.365e4
213.1	3.781e4
213.7	2.570e2
214.2	8.264e6
215.2	1.049e6
216.2	5.854e5
217.2	2.257e5
217.7	4.200e2
218.3	7.480e5
219.3	1.578e5
220.3	1.375e5
221.2	1.023e5
222.2	4.439e4
223.1	4.239e4
224.1	1.119e5
225.1	5.304e4
225.6	5.490e2
226.1	8.091e4
227.1	3.839e5
227.6	1.944e3
228.2	1.118e5
228.7	1.142e3
229.2	9.052e4
230.2	4.893e4
231.1	1.009e5
232.2	5.687e4
232.7	8.400e2
233.2	6.723e4
234.2	8.372e4
235.2	5.740e4
236.2	1.012e6
237.2	2.342e5
237.7	4.000e0
238.2	1.098e5
239.2	8.318e4
239.7	6.440e2
240.2	3.248e4
241.2	4.801e4
242.1	5.262e4
242.6	5.630e2
243.2	8.085e4
244.2	4.988e4
245.2	5.407e4
245.7	2.830e2
246.2	3.162e4
247.2	3.446e4
248.2	2.902e4
248.7	3.750e2
249.2	3.208e4
249.7	2.840e2
250.2	6.553e4
251.2	4.387e4
252.2	8.589e4
253.2	5.881e4
254.1	9.884e4
254.7	5.034e3
255.3	5.875e4
256.2	3.400e4
257.2	5.259e4
258.2	3.068e4
258.8	1.722e3
259.3	1.736e5
259.8	7.940e2
260.3	4.777e4
260.8	5.360e2
261.3	8.685e4
261.9	3.927e3
262.4	6.263e4
263.3	4.333e4
264.2	2.785e4
264.7	5.720e2
265.2	2.578e4
266.1	8.643e4
266.7	9.930e2
267.2	4.432e4
268.2	2.411e4
268.7	9.990e2
269.2	2.700e4
270.2	2.231e4
271.2	4.713e4
272.1	2.823e4
272.7	2.082e3
273.2	3.738e4
273.8	1.890e2
274.3	5.856e4
275.2	3.773e4
276.1	2.996e4
276.7	7.560e2
277.2	7.038e4
278.2	3.386e4
278.7	1.092e3
279.3	7.336e4
280.2	3.300e4
281.2	3.802e4
282.2	5.233e4
283.2	6.921e4
283.8	5.486e3
284.4	6.131e4
285.3	4.176e4
286.2	2.761e4
287.1	2.940e4
288.1	1.996e4
288.7	8.580e2
289.2	5.222e4
290.2	2.644e4
290.7	2.830e2
291.2	2.613e4
292.2	2.761e4
293.2	2.050e4
294.2	2.225e4
295.1	6.838e4
295.6	8.750e2
296.2	3.288e4
296.7	8.500e1
297.3	2.955e4
298.2	2.652e4
298.7	2.780e2
299.3	2.707e4
300.2	1.864e4
301.3	8.424e4
302.2	3.574e4
303.2	4.067e4
304.1	5.293e4
304.7	6.220e2
305.2	6.252e4
305.7	4.950e2
306.3	2.543e4
307.2	3.868e4
308.2	2.368e4
309.2	2.830e4
309.7	2.167e3
310.3	2.573e4
310.8	3.790e2
311.3	4.319e4
311.8	3.020e2
312.3	3.376e4
312.8	7.120e2
313.4	6.309e4
314.3	3.643e4
315.2	2.754e4
316.2	2.735e4
316.7	1.143e3
317.3	3.255e4
318.3	2.428e4
319.2	2.879e4
320.2	2.370e4
321.2	4.213e4
322.2	2.461e4
323.2	2.586e4
324.2	2.502e4
324.8	2.537e3
325.4	5.184e4
326.3	7.473e4
327.2	3.849e4
328.2	3.007e4
329.1	4.110e4
329.7	6.798e3
330.3	2.662e4
330.8	7.450e2
331.4	1.649e5
332.3	6.861e4
333.3	4.806e4
334.2	4.074e4
334.7	4.310e2
335.2	2.826e4
336.2	2.118e4
336.8	1.115e3
337.3	3.894e4
337.9	1.314e3
338.4	4.431e4
339.4	7.999e4
340.3	3.699e4
340.8	2.337e3
341.4	6.748e4
342.4	3.633e4
343.3	3.091e4
344.2	3.406e4
345.2	3.039e4
345.8	2.825e3
346.4	2.421e4
347.4	5.132e4
348.2	3.280e4
349.2	7.384e4
350.2	3.524e4
351.2	3.002e4
352.2	3.664e4
352.8	2.355e3
353.3	6.528e4
354.2	1.545e5
354.8	2.895e3
355.3	1.137e5
356.2	4.076e4
357.1	5.122e4
357.8	5.287e3
358.4	3.837e4
359.4	1.692e5
360.4	6.761e4
361.4	4.221e4
362.2	2.527e4
363.1	1.162e5
363.7	4.141e3
364.3	3.065e4
364.8	2.025e3
365.4	3.751e4
366.3	2.474e4
367.2	3.276e4
367.8	1.271e3
368.3	3.029e4
368.9	2.541e3
369.5	1.430e5
370.4	5.139e4
371.2	1.552e4
372.0	4.312e4
372.5	7.705e3
373.2	3.617e4
374.2	2.227e4
374.7	7.820e2
375.2	3.555e4
375.8	2.406e3
376.3	3.419e4
377.3	5.356e4
378.3	2.695e4
379.2	6.104e4
380.1	4.098e4
380.7	4.698e3
381.3	4.859e4
382.3	2.044e4
382.8	3.900e3
383.4	9.280e4
384.4	3.986e4
385.4	4.501e4
385.9	1.869e3
386.4	3.071e4
387.4	4.329e4
388.3	2.135e4
389.2	3.241e4
389.8	4.266e3
390.5	2.833e4
391.0	7.760e2
391.5	5.922e4
392.5	2.679e4
393.4	6.027e4
394.0	4.061e3
394.6	8.123e4
395.5	3.578e4
396.4	2.075e4
397.0	1.394e3
397.5	7.837e4
398.5	4.675e4
399.4	7.197e4
400.4	3.275e4
401.1	1.803e4
401.8	1.065e5
402.7	3.076e4
403.4	1.546e4
404.3	2.107e4
404.9	3.225e3
405.5	4.882e4
406.3	2.082e4
407.1	3.601e4
407.8	7.365e3
408.4	6.556e4
409.4	1.062e5
410.3	3.481e4
410.8	2.477e3
411.3	3.343e4
411.9	2.607e3
412.5	3.234e4
413.5	1.519e5
414.5	5.099e4
415.4	4.108e4
416.0	1.597e3
416.5	1.275e5
417.4	4.776e4
418.3	1.777e4
418.9	2.639e3
419.5	3.044e4
420.3	2.058e4
421.1	6.553e4
421.8	1.245e4
422.6	3.923e4
423.5	1.570e5
424.4	5.436e4
425.4	4.559e4
425.9	4.700e2
426.4	2.399e4
427.0	1.205e3
427.5	1.349e5
428.5	5.778e4
429.4	4.342e4
430.2	3.485e4
430.9	2.092e5
431.8	7.516e4
432.6	3.314e4
433.5	2.904e4
434.5	4.495e4
435.2	1.145e4
435.8	6.155e4
436.6	3.750e4
437.6	7.785e4
438.6	1.528e5
439.5	4.895e4
440.3	2.222e4
440.9	3.304e3
441.5	8.900e4
442.0	1.203e3
442.5	5.708e4
443.4	1.134e5
444.4	4.724e4
445.1	9.930e3
445.7	2.102e5
446.6	6.342e4
447.4	3.473e4
448.3	2.319e4
449.0	1.062e4
449.6	9.833e4
450.4	3.810e4
451.2	7.931e4
451.9	1.293e4
452.6	1.471e5
453.5	1.060e5
454.4	4.583e4
454.9	1.293e3
455.4	3.899e4
456.0	5.132e3
456.6	5.019e4
457.6	1.636e5
458.5	7.340e4
459.5	8.468e4
460.1	1.119e3
460.6	1.662e5
461.4	6.535e4
462.3	2.268e4
462.9	4.101e3
463.5	4.631e4
464.3	3.204e4
465.2	1.156e5
465.7	2.879e3
466.3	6.427e4
467.0	8.981e3
467.7	2.071e5
468.5	7.248e4
469.2	1.496e4
469.9	6.989e4
470.7	2.263e4
471.6	1.661e5
472.4	8.050e4
473.2	8.190e4
473.9	1.112e4
474.7	1.898e5
475.6	1.114e5
476.5	4.343e4
477.4	2.797e4
478.4	3.063e4
479.2	7.798e4
480.1	9.955e4
480.8	2.545e4
481.5	1.013e5
482.1	6.884e3
482.7	1.908e5
483.5	5.698e4
484.1	1.941e3
484.6	3.163e4
485.6	1.008e5
486.5	4.773e4
487.3	1.754e5
487.9	1.480e4
488.6	6.490e4
489.6	2.266e5
490.5	7.996e4
491.4	3.453e4
492.3	1.899e4
493.1	3.063e4
494.0	1.004e5
494.6	1.882e4
495.3	9.842e4
496.0	1.160e4
496.6	1.932e5
497.5	1.105e5
498.4	4.514e4
499.3	9.302e4
499.9	1.841e4
500.7	6.123e4
501.6	2.045e5
502.5	9.148e4
503.0	2.053e3
503.6	9.129e4
504.1	3.408e3
504.6	1.946e5
505.5	6.495e4
506.5	3.059e4
507.0	2.075e3
507.6	4.638e4
508.4	2.643e4
509.2	1.431e5
509.8	1.259e4
510.4	6.898e4
511.0	1.069e4
511.6	2.486e5
512.4	8.943e4
513.4	5.295e4
513.9	2.720e2
514.5	3.314e4
515.1	6.320e3
515.6	1.890e5
516.5	1.127e5
517.5	6.666e4
518.1	3.963e3
518.7	1.788e5
519.6	1.039e5
520.5	4.329e4
521.4	3.045e4
522.2	9.578e3
522.9	6.517e4
523.9	1.042e5
524.6	5.952e4
525.5	1.030e5
526.1	5.938e3
526.6	2.444e5
527.4	8.887e4
528.4	4.195e4
529.0	3.099e3
529.6	1.090e5
530.6	5.931e4
531.4	1.705e5
531.9	4.565e3
532.5	5.631e4
533.1	7.257e3
533.7	2.156e5
534.5	6.452e4
535.4	2.630e4
536.0	2.341e3
536.5	2.960e4
537.4	4.176e4
538.2	1.092e5
539.1	7.131e4
539.9	1.810e4
540.7	1.656e5
541.6	1.103e5
542.5	4.362e4
543.0	2.014e3
543.6	6.161e4
544.1	6.110e2
544.6	5.120e4
545.6	1.775e5
546.6	8.655e4
547.1	2.719e3
547.7	8.537e4
548.7	1.713e5
549.5	5.731e4
550.0	1.352e3
550.6	2.777e4
551.6	3.907e4
552.4	4.153e4
553.3	1.006e5
553.9	9.121e3
554.5	7.127e4
555.1	1.026e4
555.7	1.847e5
556.6	6.564e4
557.6	4.318e4
558.5	2.238e4
559.1	3.069e3
559.6	1.573e5
560.6	9.870e4
561.5	4.814e4
562.1	6.869e3
562.7	1.242e5
563.7	8.422e4
564.5	2.891e4
565.5	1.840e4
566.3	2.341e4
567.1	9.927e4
567.8	1.357e4
568.4	8.026e4
569.0	1.584e4
569.7	6.339e4
570.7	1.408e5
571.5	4.858e4
572.4	2.127e4
573.0	2.674e3
573.6	9.578e4
574.1	7.250e2
574.7	6.913e4
575.5	9.805e4
576.5	4.847e4
577.0	2.707e3
577.6	1.676e5
578.4	7.699e4
579.4	3.090e4
579.9	2.161e3
580.4	2.492e4
581.4	3.131e4
582.3	7.604e4
583.3	5.023e4
584.0	1.033e4
584.7	1.052e5
585.7	7.062e4
586.6	2.986e4
587.1	5.100e2
587.6	4.428e4
588.6	3.668e4
589.1	2.260e2
589.6	1.285e5
590.6	7.073e4
591.1	4.021e3
591.7	5.411e4
592.2	5.420e2
592.8	1.076e5
593.6	3.493e4
594.6	2.183e4
595.1	7.600e2
595.6	3.239e4
596.1	2.570e2
596.7	4.099e4
597.6	6.128e4
598.2	3.075e3
598.7	4.703e4
599.7	1.151e5
600.6	4.394e4
601.1	1.501e3
601.6	2.991e4
602.6	2.246e4
603.1	1.141e3
603.7	1.301e5
604.7	8.189e4
605.6	4.144e4
606.6	6.841e4
607.5	4.397e4
608.4	2.508e4
609.2	2.139e4
610.1	1.246e4
610.9	2.982e4
611.9	4.984e4
612.8	3.887e4
613.7	4.212e4
614.3	2.458e3
614.8	7.837e4
615.6	3.333e4
616.5	1.970e4
617.1	2.533e3
617.7	7.791e4
618.2	7.000e2
618.7	4.677e4
619.6	7.755e4
620.6	3.151e4
621.1	2.246e3
621.7	7.742e4
622.6	3.679e4
623.6	1.781e4
624.5	1.438e4
625.1	3.046e3
625.7	3.030e4
626.7	4.314e4
627.5	2.429e4
628.2	5.837e3
628.8	6.430e4
629.7	4.329e4
630.6	1.813e4
631.1	1.180e3
631.7	4.073e4
632.7	2.792e4
633.7	9.962e4
634.2	3.637e3
634.8	7.329e4
635.7	3.805e4
636.7	5.270e4
637.6	2.363e4
638.2	8.130e2
638.7	1.456e4
639.8	1.970e4
640.7	1.398e4
641.5	3.538e4
642.1	4.549e3
642.7	3.638e4
643.7	6.151e4
644.6	3.136e4
645.6	2.786e4
646.1	1.094e3
646.7	1.425e4
647.2	1.910e2
647.7	1.067e5
648.7	6.571e4
649.7	3.013e4
650.3	1.704e3
650.9	3.749e4
651.8	2.418e4
652.7	1.474e4
653.2	1.088e3
653.8	1.162e4
654.8	1.406e4
655.7	2.272e4
656.6	4.145e4
657.2	1.989e3
657.8	3.096e4
658.3	1.304e3
658.8	3.916e4
659.7	2.382e4
660.2	8.300e1
660.8	1.734e4
661.7	7.122e4
662.2	2.740e2
662.7	3.929e4
663.7	1.777e5
664.7	8.649e4
665.2	1.448e3
665.8	5.821e4
666.7	1.343e4
667.5	2.231e4
668.4	1.443e4
669.1	4.464e3
669.7	2.589e4
670.2	1.360e3
670.8	3.559e4
671.7	1.840e4
672.2	1.457e3
672.8	4.401e4
673.3	2.690e3
673.8	3.437e4
674.7	1.538e4
675.2	6.700e1
675.7	4.056e4
676.2	4.230e2
676.8	2.627e4
677.7	8.603e4
678.7	3.878e4
679.2	3.590e2
679.7	2.257e4
680.3	2.661e3
680.9	2.982e4
681.8	1.417e4
682.4	1.642e3
683.0	1.170e4
683.5	1.674e3
684.1	1.777e4
684.9	8.662e3
685.7	6.244e5
686.2	3.000e2
686.7	3.491e5
687.2	1.100e2
687.7	1.057e5
688.7	3.055e4
689.7	2.399e4
690.2	1.272e3
690.8	1.693e4
691.8	9.930e4
692.7	6.242e4
693.7	2.636e4
694.3	2.879e3
694.8	2.256e4
695.8	1.710e4
696.8	1.077e4
697.7	1.547e4
698.3	1.241e3
698.9	1.184e4
699.8	2.655e4
700.7	3.051e4
701.7	5.706e4
702.3	5.628e3
702.9	6.439e4
703.8	3.429e4
704.7	1.617e4
705.2	3.630e2
705.7	7.098e4
706.7	4.102e4
707.7	5.562e4
708.2	1.800e2
708.7	1.125e5
709.3	3.830e2
709.8	6.573e4
710.7	2.493e4
711.7	1.698e4
712.3	1.810e3
712.9	1.185e4
713.8	2.106e4
714.3	1.008e3
714.9	3.049e4
715.8	1.445e4
716.8	3.001e4
717.8	2.215e4
718.8	1.809e4
719.3	5.290e2
719.8	4.121e4
720.8	2.285e4
721.8	8.875e4
722.8	5.604e4
723.6	2.016e4
724.5	3.518e4
725.0	7.570e2
725.5	4.258e4
726.1	6.490e2
726.7	1.280e5
727.2	4.600e2
727.7	7.422e4
728.2	6.810e2
728.7	3.888e4
729.7	2.646e4
730.2	8.280e2
730.8	3.286e4
731.3	2.490e2
731.8	2.700e4
732.8	1.632e4
733.3	3.360e2
733.8	2.139e4
734.7	1.583e4
735.3	5.000e0
735.8	9.404e4
736.8	6.012e4
737.7	3.227e4
738.3	4.560e2
738.8	2.504e4
739.8	1.641e4
740.3	4.570e2
740.8	1.502e4
741.4	1.117e3
741.9	2.420e4
742.7	9.620e3
743.6	1.621e4
744.2	1.729e3
744.7	2.668e4
745.7	2.566e4
746.7	2.307e4
747.3	1.820e3
747.8	1.710e4
748.7	1.584e4
749.2	5.300e2
749.8	7.975e4
750.7	4.806e4
751.2	1.330e2
751.7	4.159e4
752.7	2.174e4
753.7	3.239e4
754.7	2.740e4
755.7	1.689e4
756.2	1.642e3
756.8	1.501e4
757.3	9.100e1
757.8	2.150e4
758.8	2.113e4
759.7	2.383e4
760.2	1.160e3
760.8	3.795e4
761.7	2.351e4
762.3	1.639e3
762.8	1.472e4
763.8	3.543e4
764.8	1.852e4
765.8	5.813e4
766.8	3.101e4
767.8	1.794e4
768.7	1.258e4
769.6	1.232e4
770.4	4.670e3
771.1	2.450e4
771.9	9.129e3
772.7	1.344e4
773.6	1.648e4
774.2	9.490e2
774.8	2.759e4
775.8	1.647e4
776.7	1.318e4
777.3	1.353e3
777.9	1.803e4
778.8	1.064e4
779.8	6.810e4
780.8	4.124e4
781.8	1.935e4
782.3	2.640e2
782.8	1.807e4
783.3	5.810e2
783.9	1.344e4
784.8	9.727e3
785.8	1.024e4
786.8	1.448e4
787.7	1.680e4
788.3	1.450e3
788.9	2.099e4
789.8	1.506e4
790.7	1.384e4
791.5	2.325e4
792.2	4.706e3
792.8	1.728e4
793.8	5.331e4
794.3	2.440e2
794.8	2.441e4
795.7	2.762e4
796.2	9.370e2
796.8	1.657e4
797.7	1.482e4
798.7	9.611e3
799.2	2.070e2
799.7	1.446e4
800.3	1.047e3
800.9	1.041e4
801.9	1.683e4
802.4	5.970e2
803.0	1.964e4
803.8	1.415e4
804.8	2.107e4
805.8	1.608e4
806.3	7.070e2
806.9	1.079e4
807.8	2.848e4
808.8	1.871e4
809.3	9.310e2
809.9	4.679e4
810.8	2.554e4
811.8	1.416e4
812.4	4.740e2
812.9	8.210e3
813.8	1.063e4
814.4	1.330e3
815.1	1.257e4
815.9	6.593e3
816.7	1.542e4
817.4	2.283e3
818.0	8.918e3
818.9	2.217e4
819.8	1.687e4
820.7	1.025e4
821.3	1.790e3
821.9	1.680e4
822.8	8.760e3
823.3	5.530e2
823.8	5.108e4
824.4	2.100e2
824.9	2.696e4
825.8	1.534e4
826.5	2.479e3
827.1	1.644e4
828.0	4.054e3
828.9	6.924e3
829.8	1.108e4
830.4	1.474e3
831.0	1.211e4
831.9	8.560e3
832.9	1.696e4
833.4	1.310e2
833.9	1.665e4
834.9	1.310e4
835.8	1.710e4
836.8	1.025e4
837.3	1.810e2
837.9	3.189e4
838.4	3.370e2
839.0	2.477e4
839.9	1.960e4
840.9	2.083e4
841.7	6.392e3
842.4	1.769e4
843.2	3.398e3
844.0	8.489e3
844.9	5.307e3
845.7	1.065e4
846.8	1.170e4
847.7	1.401e4
848.4	3.425e3
849.0	1.821e4
850.0	1.178e4
850.9	9.955e3
851.9	1.988e4
852.7	1.306e4
853.3	1.960e2
853.8	3.332e4
854.3	4.980e2
854.8	1.715e4
855.5	2.966e3
856.1	1.493e4
856.8	3.438e3
857.5	1.008e4
858.3	3.833e3
859.0	1.045e4
859.9	1.094e4
860.5	4.030e2
861.0	1.204e4
862.0	1.032e4
862.9	1.654e4
863.9	1.395e4
864.6	5.467e3
865.4	1.352e4
865.9	1.940e2
866.5	1.221e4
867.1	3.121e3
867.9	3.321e4
868.4	2.430e2
868.9	2.291e4
869.5	2.710e2
870.0	1.230e4
870.6	5.370e2
871.1	1.278e4
872.1	7.528e3
873.0	8.511e3
873.9	1.035e4
874.9	9.211e3
875.7	1.372e4
876.3	9.500e2
876.9	1.551e4
877.5	1.207e3
878.0	1.613e4
879.0	1.089e4
879.9	1.027e4
880.9	9.438e3
881.9	2.680e4
882.4	1.300e2
882.9	1.755e4
883.8	1.581e4
884.3	5.400e2
884.9	1.254e4
885.7	1.324e4
886.3	6.160e2
886.8	1.004e4
887.4	1.123e3
888.0	8.593e3
888.9	3.898e3
889.7	1.411e4
890.4	1.436e3
891.0	8.272e3
891.8	5.948e3
892.7	1.345e4
893.6	1.411e4
894.1	3.810e2
894.7	9.528e3
895.3	2.077e3
896.0	1.336e4
897.0	9.109e3
897.9	2.314e4
898.4	3.660e2
898.9	1.330e4
899.9	1.190e4
900.8	6.627e3
901.7	1.237e4
902.4	2.302e3
903.1	7.062e3
903.7	9.610e2
904.3	9.394e3
905.1	5.154e3
905.8	1.155e4
906.5	1.288e3
907.1	2.024e4
908.0	1.005e4
908.9	6.620e3
909.4	8.970e2
910.0	1.018e4
910.9	6.210e3
911.9	3.050e4
912.4	4.390e2
912.9	1.627e4
913.4	9.600e1
914.0	1.054e4
914.5	1.220e2
915.0	7.657e3
915.5	6.900e1
916.0	9.777e3
916.7	2.089e3
917.3	9.837e3
917.9	2.060e3
918.6	6.652e3
919.5	1.470e4
920.2	2.830e3
921.0	1.095e4
921.6	3.147e3
922.2	9.670e3
923.1	1.167e4
924.1	6.603e3
925.1	9.216e3
926.0	2.137e4
927.0	1.575e4
927.9	1.074e4
928.5	1.691e3
929.0	1.184e4
929.7	2.096e3
930.3	7.915e3
931.0	3.920e3
931.8	7.225e3
932.4	2.003e3
933.1	8.536e3
934.1	7.526e3
935.0	1.108e4
936.0	8.113e3
936.9	9.992e3
937.4	1.500e2
938.0	1.582e4
939.0	9.165e3
939.9	2.577e4
940.9	1.394e4
941.9	2.112e4
942.5	4.490e2
943.0	1.284e4
943.8	8.944e3
944.7	1.045e4
945.3	6.120e2
945.9	1.270e4
946.8	5.410e3
947.7	6.821e3
948.2	1.150e3
948.8	6.842e3
949.6	1.139e4
950.3	1.550e3
950.9	9.496e3
951.7	9.324e3
952.7	8.138e3
953.3	1.570e3
953.9	6.799e3
954.9	6.009e3
955.4	3.140e2
956.0	2.099e4
956.5	2.550e2
957.0	1.385e4
958.0	1.336e4
958.5	6.260e2
959.0	1.042e4
960.0	7.933e3
960.5	7.800e1
961.0	8.001e3
961.8	4.394e3
962.6	9.297e3
963.2	7.200e2
963.8	1.037e4
964.4	2.237e3
965.0	1.125e4
965.6	4.640e2
966.1	1.181e4
966.7	6.700e2
967.2	9.431e3
968.2	8.100e3
969.1	6.600e3
970.0	1.602e4
971.0	1.322e4
971.5	5.700e1
972.0	1.155e4
972.5	8.700e1
973.0	8.551e3
973.5	1.330e2
974.0	7.344e3
974.6	1.390e2
975.1	1.302e4
976.1	8.087e3
977.0	4.971e3
977.9	7.426e3
978.9	8.851e3
979.8	1.124e4
980.8	9.430e3
981.7	9.946e3
982.4	1.810e3
983.2	9.576e3
984.1	1.330e4
985.0	9.565e3
985.9	1.493e4
986.4	9.820e2
987.0	1.101e4
987.9	4.976e3
988.7	8.555e3
989.6	6.815e3
990.5	8.980e3
991.2	2.263e3
991.9	1.094e4
992.8	8.991e3
993.7	5.860e3
994.3	9.100e2
994.9	7.928e3
995.5	2.437e3
996.2	8.897e3
997.1	7.052e3
997.6	2.000e1
998.1	9.917e3
999.1	9.755e3
1000.0	1.640e4
1000.9	1.137e4
1001.5	1.120e2
1002.0	9.369e3
1002.5	4.420e2
1003.0	6.572e3
1003.9	9.028e3
1004.8	8.110e3
1005.7	6.197e3
1006.6	9.224e3
1007.4	2.815e3
1008.1	5.261e3
1009.0	9.100e3
1009.5	8.760e2
1010.1	9.542e3
1011.1	6.869e3
1012.1	7.808e3
1012.6	1.680e2
1013.1	8.255e3
1014.1	1.522e4
1015.0	1.006e4
1016.0	9.626e3
1016.6	6.790e2
1017.1	9.180e3
1017.7	1.050e3
1018.3	8.396e3
1018.9	9.350e2
1019.5	7.301e3
1020.1	6.040e2
1020.7	7.958e3
1021.3	3.127e3
1022.0	7.071e3
1023.0	6.923e3
1023.9	7.316e3
1024.9	1.054e4
1025.6	1.680e3
1026.2	5.414e3
1027.1	7.214e3
1028.0	8.663e3
1028.9	5.717e3
1029.4	4.710e2
1030.0	1.083e4
1031.0	8.258e3
1031.8	5.705e3
1032.7	6.783e3
1033.3	2.460e2
1033.8	6.535e3
1034.4	3.410e2
1035.0	8.837e3
1035.9	5.706e3
1036.7	5.524e3
1037.6	1.004e4
1038.3	2.192e3
1039.0	8.481e3
1039.9	8.220e3
1040.5	1.402e3
1041.1	8.833e3
1042.1	9.358e3
1043.0	1.373e4
1044.0	1.539e4
1045.0	1.045e4
1045.7	2.990e3
1046.5	7.145e3
1047.4	1.026e4
1048.2	4.427e3
1049.0	8.150e3
1049.6	2.520e2
1050.1	3.981e3
1051.0	7.720e3
1051.9	4.079e3
1052.5	3.430e2
1053.0	7.457e3
1053.7	1.574e3
1054.3	5.429e3
1055.1	3.231e3
1056.0	1.369e4
1056.5	1.700e2
1057.1	1.031e4
1058.1	1.111e4
1058.6	2.240e2
1059.1	8.330e3
1060.1	1.052e4
1060.7	1.860e2
1061.2	6.029e3
1062.2	8.504e3
1063.2	6.798e3
1063.8	1.748e3
1064.5	8.884e3
1065.1	5.920e2
1065.7	6.058e3
1066.2	1.210e2
1066.7	5.493e3
1067.2	4.990e2
1067.8	6.874e3
1068.7	8.041e3
1069.3	1.165e3
1069.9	8.106e3
1070.9	5.611e3
1071.7	5.908e3
1072.5	7.802e3
1073.3	2.550e3
1074.0	8.728e3
1074.6	8.630e2
1075.1	1.157e4
1075.7	8.000e0
1076.2	1.170e4
1077.0	8.708e3
1077.7	1.360e3
1078.3	8.769e3
1079.2	6.452e3
1080.1	5.702e3
1081.1	8.651e3
1081.6	1.060e2
1082.1	8.331e3
1083.0	7.975e3
1083.8	5.158e3
1084.7	8.767e3
1085.3	1.211e3
1086.0	7.527e3
1086.9	6.075e3
1087.5	1.188e3
1088.1	8.845e3
1089.0	7.317e3
1090.0	9.523e3
1090.8	2.211e3
1091.6	7.934e3
1092.2	1.240e2
1092.7	4.456e3
1093.4	1.798e3
1094.1	7.446e3
1094.9	2.949e3
1095.6	8.371e3
1096.2	1.387e3
1096.8	6.076e3
1097.3	2.910e2
1097.8	9.889e3
1098.4	3.930e2
1098.9	1.002e4
1099.5	9.240e2
1100.2	6.172e3
1101.0	5.338e3
1102.0	9.791e3
1102.5	6.160e2
1103.1	7.981e3
1104.1	7.875e3
1105.2	6.787e3
1105.9	2.790e3
1106.6	8.513e3
1107.2	1.373e3
1107.9	7.369e3
1108.8	3.713e3
1109.7	7.498e3
1110.4	1.298e3
1111.1	8.483e3
1111.6	6.600e1
1112.1	7.600e3
1112.8	2.188e3
1113.5	6.783e3
1114.4	5.487e3
1115.0	7.120e2
1115.7	6.340e3
1116.3	4.810e2
1116.8	7.210e3
1117.4	1.870e2
1117.9	8.834e3
1118.5	4.530e2
1119.0	6.964e3
1120.0	6.890e3
1120.6	1.850e2
1121.2	8.183e3
1122.1	8.776e3
1122.9	3.303e3
1123.7	5.220e3
1124.5	3.077e3
1125.3	5.549e3
1126.2	3.696e3
1127.2	6.777e3
1128.2	8.254e3
1128.7	4.990e2
1129.3	8.228e3
1130.3	6.130e3
1131.0	3.577e3
1132.0	7.957e3
1132.7	3.828e3
1133.5	6.126e3
1134.0	2.370e2
1134.6	7.168e3
1135.1	2.900e2
1135.7	6.224e3
1136.7	4.635e3
1137.5	5.324e3
1138.1	2.930e2
1138.6	7.990e3
1139.2	1.840e2
1139.9	6.993e3
1140.7	1.669e3
1141.3	8.572e3
1142.3	7.512e3
1143.0	3.464e3
1143.8	9.684e3
1144.4	5.680e2
1145.0	5.262e3
1145.6	2.810e2
1146.1	8.760e3
1147.1	7.229e3
1148.0	4.919e3
1148.6	7.590e2
1149.2	4.847e3
1150.2	9.475e3
1151.1	3.502e3
1152.0	5.724e3
1152.5	7.470e2
1153.1	5.684e3
1154.0	5.727e3
1154.9	3.289e3
1155.7	6.685e3
1156.5	2.635e3
1157.2	8.190e3
1158.2	1.302e4
1159.1	8.939e3
1160.1	8.977e3
1160.6	7.800e1
1161.1	5.784e3
1162.0	6.353e3
1163.0	7.776e3
1163.7	1.391e3
1164.3	8.263e3
1165.2	6.340e3
1165.8	1.319e3
1166.5	7.393e3
1167.5	6.058e3
1168.0	7.470e2
1168.6	6.086e3
1169.5	6.861e3
1170.4	3.629e3
1171.2	5.126e3
1171.9	3.369e3
1172.7	8.110e3
1173.6	4.236e3
1174.4	6.804e3
1175.4	6.860e3
1176.3	9.757e3
1177.2	7.495e3
1178.1	4.930e3
1178.7	2.850e2
1179.2	5.681e3
1180.2	6.572e3
1180.9	8.300e2
1181.5	3.777e3
1182.4	5.585e3
1183.4	6.208e3
1183.9	5.170e2
1184.5	6.336e3
1185.1	8.390e2
1185.7	8.244e3
1186.2	5.790e2
1186.8	7.328e3
1187.8	5.900e3
1188.4	8.240e2
1188.9	5.890e3
1189.7	1.996e3
1190.3	7.540e3
1191.0	3.019e3
1191.8	6.647e3
1192.8	4.293e3
1193.7	5.225e3
1194.5	9.567e3
1195.1	1.180e3
1195.8	7.162e3
1196.7	3.901e3
1197.6	4.809e3
1198.5	7.499e3
1199.3	5.580e3
1200.0	1.833e3
1200.7	5.899e3
1201.7	7.241e3
1202.7	6.117e3
1203.4	1.100e3
1204.1	5.838e3
1205.1	8.590e3
1205.9	3.444e3
1206.7	7.442e3
1207.7	6.316e3
1208.6	6.444e3
1209.1	2.310e2
1209.6	5.686e3
1210.4	1.680e3
1211.0	5.724e3
1211.8	3.075e3
1212.7	8.234e3
1213.6	2.965e3
1214.4	4.487e3
1215.4	5.645e3
1216.1	2.307e3
1216.9	5.802e3
1217.8	2.420e3
1218.5	8.913e3
1219.2	2.388e3
1219.9	5.278e3
1220.9	7.117e3
1221.9	6.498e3
1222.9	9.858e3
1223.4	5.900e1
1223.9	5.519e3
1224.9	3.660e3
1225.7	9.640e3
1226.6	3.683e3
1227.5	6.609e3
1228.5	8.522e3
1229.2	3.218e3
1229.9	5.980e3
1230.5	4.220e2
1231.0	5.192e3
1231.7	1.112e3
1232.4	1.019e4
1233.0	1.161e3
1233.7	6.416e3
1234.3	8.260e2
1234.9	6.424e3
1235.7	2.174e3
1236.3	4.261e3
1237.3	4.493e3
1238.0	7.384e3
1238.6	7.010e2
1239.2	7.551e3
1239.8	1.363e3
1240.5	5.735e3
1241.4	5.496e3
1242.4	7.636e3
1243.1	3.119e3
1243.8	6.557e3
1244.7	9.658e3
1245.7	5.752e3
1246.2	3.870e2
1246.9	6.111e3
1247.9	6.199e3
1248.5	1.030e2
1249.0	6.995e3
1249.9	5.764e3
1250.8	8.733e3
1251.5	4.039e3
1252.5	6.164e3
1253.4	5.248e3
1253.9	6.000e1
1254.4	7.373e3
1255.1	2.737e3
1255.9	7.541e3
1256.7	2.315e3
1257.4	6.963e3
1258.1	2.514e3
1258.7	9.054e3
1259.7	5.443e3
1260.4	1.592e3
1261.1	5.958e3
1261.7	9.910e2
1262.3	7.332e3
1262.8	2.660e2
1263.4	5.585e3
1264.2	3.268e3
1265.2	9.182e3
1265.9	2.055e3
1266.5	8.165e3
1267.4	3.388e3
1268.2	7.224e3
1268.7	5.420e2
1269.3	6.091e3
1270.1	3.193e3
1271.0	5.227e3
1272.0	8.377e3
1272.9	6.181e3
1273.7	2.718e3
1274.4	6.146e3
1275.0	9.870e2
1275.6	6.786e3
1276.3	1.695e3
1277.1	6.055e3
1277.8	1.381e3
1278.5	7.966e3
1279.1	1.848e3
1279.7	7.847e3
1280.4	2.753e3
1281.2	7.784e3
1281.7	3.060e2
1282.2	9.419e3
1282.9	1.714e3
1283.5	5.059e3
1284.4	7.567e3
1285.0	3.890e2
1285.6	9.549e3
1286.2	8.280e2
1286.7	7.862e3
1287.6	4.456e3
1288.4	1.066e4
1289.3	3.666e3
1289.9	2.722e3
1290.7	9.076e3
1291.2	2.100e2
1291.8	7.805e3
1292.6	2.710e3
1293.3	7.922e3
1294.3	7.030e3
1295.0	2.440e3
1295.7	8.454e3
1296.2	9.870e2
1297.0	9.254e3
1297.8	3.195e3
1298.6	5.671e3
1299.5	7.485e3
1300.0	1.750e2
1300.5	7.339e3
1301.1	1.678e3
1301.7	6.532e3
1302.6	8.051e3
1303.2	2.128e3
1303.8	9.209e3
1304.6	5.303e3
1305.7	6.515e3
1306.5	5.934e3
1307.5	7.007e3
1308.2	2.187e3
1308.9	6.234e3
1309.5	1.400e3
1310.2	8.474e3
1310.8	6.770e2
1311.4	6.241e3
1311.9	2.200e2
1312.5	6.919e3
1313.1	2.215e3
1313.7	9.976e3
1314.4	3.205e3
1315.2	1.045e4
1316.1	3.879e3
1316.9	7.099e3
1317.5	9.440e2
1318.1	7.721e3
1319.0	7.886e3
1319.6	1.486e3
1320.3	7.433e3
1321.2	5.451e3
1322.1	9.205e3
1322.6	1.510e2
1323.1	5.423e3
1324.0	2.491e3
1324.7	9.089e3
1325.3	3.440e2
1325.8	8.487e3
1326.7	5.579e3
1327.6	9.752e3
1328.3	2.496e3
1329.0	7.593e3
1329.9	8.315e3
1330.7	2.824e3
1331.4	5.755e3
1332.4	7.978e3
1333.0	4.900e2
1333.6	6.281e3
1334.4	7.589e3
1335.3	5.902e3
1336.2	6.905e3
1337.2	5.658e3
1337.8	1.067e3
1338.4	7.354e3
1339.2	5.067e3
1340.1	5.592e3
1340.8	2.459e3
1341.5	8.036e3
1342.3	3.038e3
1343.1	8.075e3
1343.6	8.900e1
1344.1	8.205e3
1345.0	5.163e3
1346.0	5.020e3
1346.9	9.442e3
1347.6	2.441e3
1348.2	6.992e4
1349.2	6.893e4
1349.7	9.400e1
1350.2	4.057e4
1351.2	1.660e4
1351.8	6.600e2
1352.3	1.236e4
1353.3	8.310e3
1353.9	8.560e2
1354.5	7.478e3
1355.4	5.762e3
1356.1	1.260e3
1356.7	9.392e3
1357.7	6.574e3
1358.2	1.335e3
1358.8	8.270e3
1359.3	2.870e2
1359.9	1.167e4
1360.4	3.580e2
1360.9	5.464e3
1361.5	4.120e2
1362.1	8.418e3
1362.8	8.970e2
1363.3	5.147e3
1364.3	7.291e3
1365.2	7.487e3
1366.1	8.546e3
1367.0	6.888e3
1368.1	7.731e3
1369.1	1.037e4
1369.6	2.700e2
1370.2	6.140e3
1371.1	6.961e3
1371.7	1.603e3
1372.3	9.419e3
1372.8	4.810e2
1373.4	1.010e4
1374.3	5.117e3
1375.2	8.085e3
1375.7	2.890e2
1376.3	7.006e3
1377.0	2.962e3
1377.8	6.181e3
1378.4	2.810e2
1378.9	9.953e3
1379.6	1.442e3
1380.3	1.017e4
1381.1	3.468e3
1381.9	6.330e3
1382.6	2.197e3
1383.2	8.436e3
1384.1	5.507e3
1385.1	6.582e3
1385.7	1.900e2
1386.2	8.996e3
1386.8	1.642e3
1387.4	1.121e4
1388.2	2.104e3
1388.9	5.980e3
1389.7	2.636e3
1390.5	8.509e3
1391.2	1.628e3
1391.9	6.414e3
1392.8	7.227e3
1393.5	1.921e3
1394.2	6.059e3
1395.0	5.823e3
1396.0	7.249e3
1396.9	9.551e3
1397.9	4.245e3
1398.5	2.675e3
1399.2	7.610e3
1400.0	4.642e3
1400.8	1.078e4
1401.7	1.051e4
1402.4	1.889e3
1403.2	1.137e4
1403.7	4.180e2
1404.4	8.648e3
1405.0	1.418e3
1405.8	5.661e3
1406.7	9.634e3
1407.5	5.974e3
1408.1	2.300e2
1408.6	8.774e3
1409.4	5.458e3
1410.3	7.390e3
1411.0	1.939e3
1411.6	8.181e3
1412.5	3.890e3
1413.2	5.076e3
1413.9	6.400e2
1414.5	5.496e3
1415.4	8.487e3
1416.3	7.237e3
1416.8	1.190e2
1417.3	8.067e3
1418.2	8.753e3
1419.3	6.215e3
1419.8	3.510e2
1420.3	8.427e3
1421.3	6.515e3
1422.3	8.011e3
1423.3	4.157e3
1423.8	5.280e2
1424.4	5.010e3
1425.3	5.532e3
1426.0	1.640e3
1426.7	6.868e3
1427.7	8.797e3
1428.6	4.513e3
1429.6	6.038e3
1430.5	5.915e3
1431.4	1.070e4
1431.9	1.350e2
1432.5	7.618e3
1433.5	6.541e3
1434.0	2.420e2
1434.5	8.866e3
1435.1	5.380e2
1435.6	9.267e3
1436.1	1.910e2
1436.7	6.904e3
1437.5	9.013e3
1438.2	2.402e3
1438.9	5.680e3
1439.5	9.090e2
1440.0	8.935e3
1440.9	6.282e3
1441.6	2.270e3
1442.3	7.593e3
1442.9	1.196e3
1443.4	9.224e3
1443.9	1.041e3
1444.5	7.572e3
1445.3	2.061e3
1446.1	5.037e3
1446.9	2.039e3
1447.6	4.766e3
1448.6	8.019e3
1449.1	8.800e1
1449.7	5.152e3
1450.3	1.823e3
1451.0	1.061e4
1451.9	5.557e3
1452.6	1.491e3
1453.2	8.353e3
1453.8	3.810e2
1454.3	8.653e3
1455.2	9.401e3
1456.2	5.530e3
1456.9	2.031e3
1457.7	7.002e3
1458.5	1.017e4
1459.1	1.723e3
1459.7	6.986e3
1460.6	1.263e4
1461.2	4.730e2
1461.8	8.544e3
1462.4	5.470e2
1463.0	5.816e3
1463.5	2.400e1
1464.0	5.689e3
1464.6	6.040e2
1465.2	9.021e3
1466.2	6.864e3
1466.9	2.170e3
1467.6	8.810e3
1468.4	2.583e3
1469.1	9.108e3
1469.9	2.953e3
1470.8	8.649e3
1471.3	1.580e2
1471.9	7.047e3
1472.8	6.502e3
1473.8	9.432e3
1474.7	6.087e3
1475.7	5.863e3
1476.5	3.181e3
1477.3	3.616e3
1478.2	8.305e3
1478.9	7.890e2
1479.6	4.966e3
1480.1	2.460e2
1480.7	5.657e3
1481.3	3.060e2
1481.8	9.304e3
1482.5	1.608e3
1483.1	6.235e3
1484.1	9.800e3
1484.8	3.482e3
1485.4	5.880e2
1485.9	7.331e3
1486.5	2.120e2
1487.0	9.328e3
1487.6	1.038e3
1488.2	6.108e3
1489.0	5.125e3
1489.7	7.938e3
1490.4	1.801e3
1491.1	5.771e3
1491.8	1.952e3
1492.5	9.889e3
1493.0	6.200e1
1493.5	7.684e3
1494.2	3.548e3
1495.0	9.072e3
1495.6	1.902e3
1496.2	6.128e3
1497.0	2.444e3
1497.8	8.737e3
1498.7	6.700e3
1499.6	4.600e3
1500.6	9.934e3
1501.4	6.478e3
1502.1	7.140e2
1502.7	8.698e3
1503.6	8.608e3
1504.6	6.075e3
1505.3	6.880e2
1505.9	7.555e3
1506.8	9.356e3
1507.5	2.945e3
1508.2	6.777e3
1508.8	1.479e3
1509.4	9.014e3
1510.0	3.470e2
1510.5	6.212e3
1511.6	9.736e3
1512.5	6.736e3
1513.1	6.690e2
1513.8	6.712e3
1514.3	1.160e2
1514.9	6.854e3
1515.7	2.890e3
1516.5	9.363e3
1517.4	4.996e3
1518.2	2.471e3
1518.9	7.069e3
1519.7	1.486e3
1520.4	1.006e4
1521.3	6.978e3
1522.0	1.541e3
1522.7	8.146e3
1523.4	2.598e3
1524.2	7.355e3
1524.7	1.120e2
1525.2	7.826e3
1525.8	4.300e2
1526.4	7.188e3
1526.9	3.900e1
1527.4	9.817e3
1528.2	3.765e3
1529.1	8.362e3
1530.0	7.074e3
1530.9	6.777e3
1531.4	2.890e2
1532.0	8.395e3
1532.7	2.979e3
1533.5	4.205e3
1534.4	2.198e3
1535.1	7.414e3
1535.8	2.138e3
1536.4	6.346e3
1537.4	8.911e3
1537.9	3.500e1
1538.5	6.513e3
1539.5	5.622e3
1540.4	6.086e3
1541.3	1.028e4
1541.8	1.510e2
1542.4	8.073e3
1542.9	1.270e2
1543.4	8.099e3
1544.0	5.200e1
1544.5	5.128e3
1545.4	1.047e4
1546.3	3.605e3
1547.1	4.578e3
1548.1	8.655e3
1548.9	4.913e3
1549.6	1.863e3
1550.4	7.300e3
1551.1	1.700e3
1551.7	6.783e3
1552.8	4.069e3
1553.7	6.200e3
1554.3	2.383e3
1555.3	6.904e3
1555.8	5.700e1
1556.3	4.847e3
1557.2	2.811e3
1557.9	1.297e3
1558.6	5.096e3
1559.1	4.320e2
1559.7	6.452e3
1560.7	7.277e3
1561.3	1.265e3
1562.0	6.763e3
1562.9	6.727e3
1563.8	5.586e3
1564.3	1.140e2
1564.9	7.084e3
1565.5	3.220e2
1566.1	7.219e3
1566.7	7.640e2
1567.3	4.202e3
1568.2	6.647e3
1568.9	2.885e3
1569.7	6.453e3
1570.4	8.680e2
1571.0	5.525e3
1571.6	4.700e1
1572.1	7.708e3
1573.0	4.735e3
1573.9	7.800e3
1574.6	1.906e3
1575.3	8.867e3
1576.1	3.946e3
1577.0	7.876e3
1578.0	8.831e3
1578.8	5.053e3
1579.3	3.320e2
1579.9	7.004e3
1580.5	6.910e2
1581.0	8.553e3
1582.0	4.385e3
1582.9	3.967e3
1583.9	4.411e3
1584.7	8.777e3
1585.3	2.940e2
1585.9	6.307e3
1586.5	1.286e3
1587.2	7.815e3
1587.9	2.983e3
1588.7	7.888e3
1589.3	3.240e2
1589.8	4.221e3
1590.4	2.670e2
1590.9	6.572e3
1591.7	5.203e3
1592.3	9.400e2
1592.9	7.281e3
1593.6	2.049e3
1594.3	6.694e3
1595.1	1.996e3
1596.0	7.751e3
1596.9	2.874e3
1597.8	6.370e3
1598.5	2.481e3
1599.2	7.828e3
1600.3	5.940e3
1600.9	1.263e3
1601.6	1.158e4
1602.4	3.884e3
1603.2	9.045e3
1604.2	6.206e3
1605.2	3.681e3
1605.9	5.317e3
1606.7	2.454e3
1607.5	8.898e3
1608.0	1.150e2
1608.6	4.461e3
1609.6	6.258e3
1610.2	3.570e2
1610.7	6.038e3
1611.3	2.730e2
1611.8	9.805e3
1612.7	6.326e3
1613.3	3.690e2
1613.9	5.127e3
1614.5	1.051e3
1615.2	1.016e4
1616.0	4.189e3
1616.8	9.035e3
1617.8	3.282e3
1618.3	4.180e2
1618.9	8.470e3
1619.7	2.308e3
1620.6	5.761e3
1621.5	6.841e3
1622.3	3.864e3
1623.2	6.571e3
1623.8	4.310e2
1624.3	8.093e3
1625.1	2.354e3
1626.1	6.889e3
1626.8	2.948e3
1627.5	6.864e3
1628.5	5.487e3
1629.3	1.811e3
1630.1	6.192e3
1630.8	8.150e2
1631.4	3.671e3
1632.0	7.710e2
1632.5	6.685e3
1633.6	4.356e3
1634.6	5.894e3
1635.4	6.941e3
1636.1	1.554e3
1636.8	4.800e3
1637.5	4.230e2
1638.1	3.354e3
1639.0	6.462e3
1640.0	4.810e3
1640.8	1.890e3
1641.5	6.255e3
1642.2	1.534e3
1642.9	6.702e3
1643.7	2.561e3
1644.5	4.789e3
1645.4	9.490e3
1646.3	3.460e3
1647.2	5.816e3
1648.2	4.136e3
1649.1	6.947e3
1650.1	7.490e3
1651.1	1.032e4
1652.0	5.863e3
1652.8	1.855e3
1653.5	5.918e3
1654.5	5.979e3
1655.1	1.781e3
1655.8	3.659e3
1656.7	6.451e3
1657.4	3.234e3
1658.2	5.725e3
1658.7	1.660e2
1659.3	7.402e3
1660.3	4.027e3
1661.1	2.386e3
1661.9	6.766e3
1662.7	5.444e3
1663.7	5.334e3
1664.6	5.926e3
1665.7	1.362e4
1666.6	5.884e3
1667.6	5.192e3
1668.2	3.620e2
1668.7	4.102e3
1669.6	5.693e3
1670.2	3.700e2
1670.7	4.214e3
1671.7	4.595e3
1672.7	2.710e3
1673.5	4.357e3
1674.2	8.140e2
1674.9	5.959e3
1675.8	3.556e3
1676.7	6.875e3
1677.6	4.072e3
1678.1	4.250e2
1678.7	7.619e3
1679.6	6.662e3
1680.5	7.676e3
1681.2	1.183e3
1681.8	3.637e3
1682.4	3.370e2
1683.0	6.164e3
1683.5	8.180e2
1684.1	3.660e3
1684.9	8.307e3
1685.6	9.000e2
1686.3	7.211e3
1687.0	2.938e3
1687.8	5.965e3
1688.7	5.782e3
1689.7	5.373e3
1690.7	5.439e3
1691.6	4.629e3
1692.2	1.400e1
1692.7	6.999e3
1693.6	4.148e3
1694.4	2.071e3
1695.2	3.953e3
1696.2	7.130e3
1697.1	3.575e3
1697.8	1.795e3
1698.6	4.452e3
1699.6	3.946e3
1700.1	4.000e0
1700.7	4.876e3
1701.4	1.877e3
1702.1	5.573e3
1702.9	8.017e3
1703.8	2.596e3
1704.7	5.686e3
1705.4	1.604e3
1706.1	7.247e3
1706.9	1.048e3
1707.6	4.380e3
1708.6	6.226e3
1709.1	9.360e2
1709.7	6.336e3
1710.4	7.210e2
1711.1	4.462e3
1712.1	5.771e3
1713.0	5.556e3
1714.0	7.185e3
1714.5	2.210e2
1715.0	4.483e3
1715.7	8.260e2
1716.3	7.349e3
1717.0	1.613e3
1717.6	5.662e3
1718.4	1.753e3
1719.1	5.366e3
1720.1	5.449e3
1721.0	3.099e3
1721.8	6.380e3
1722.8	5.101e3
1723.7	3.417e3
1724.6	7.847e3
1725.4	3.280e3
1726.3	6.022e3
1727.3	6.821e3
1727.9	6.070e2
1728.5	4.987e3
1729.5	3.163e3
1730.4	5.192e3
1731.2	2.971e3
1732.0	5.809e3
1733.0	3.311e3
1733.9	4.918e3
1734.9	3.598e3
1735.6	5.650e2
1736.3	4.653e3
1737.1	2.139e3
1737.9	5.646e3
1738.5	8.000e2
1739.1	5.170e3
1739.7	5.200e1
1740.2	5.160e3
1740.8	4.140e2
1741.3	4.157e3
1742.3	7.090e3
1743.1	2.785e3
1743.8	2.311e3
1744.7	4.377e3
1745.7	6.312e3
1746.5	2.506e3
1747.4	2.988e3
1748.3	5.712e3
1749.0	2.283e3
1749.8	5.701e3
1750.7	6.094e3
1751.4	7.490e2
1752.1	5.170e3
1752.8	1.032e3
1753.5	3.999e3
1754.5	3.557e3
1755.1	5.040e2
1755.6	4.356e3
1756.4	1.544e3
1757.2	4.119e3
1757.8	8.810e2
1758.5	4.316e3
1759.5	5.081e3
1760.1	3.060e2
1760.7	4.610e3
1761.2	2.800e1
1761.7	3.448e3
1762.4	1.277e3
1763.1	4.631e3
1763.6	2.150e2
1764.2	3.507e3
1765.0	1.981e3
1765.7	5.775e3
1766.6	3.423e3
1767.5	3.674e3
1768.4	4.084e3
1769.3	1.997e3
1770.1	3.456e3
1770.6	6.100e1
1771.3	4.998e3
1772.1	3.382e3
1772.6	8.100e1
1773.1	3.954e3
1773.9	1.911e3
1774.7	4.175e3
1775.3	4.080e2
1775.8	5.717e3
1776.8	4.285e3
1777.5	1.795e3
1778.3	5.365e3
1779.0	2.800e3
1779.8	3.786e3
1780.4	6.330e2
1781.0	6.837e3
1781.7	1.389e3
1782.5	4.560e3
1783.5	2.872e3
1784.3	4.935e3
1785.3	3.088e3
1786.2	3.488e3
1786.9	4.960e2
1787.6	3.850e3
1788.5	6.048e3
1789.5	6.220e3
1790.3	2.703e3
1791.2	4.133e3
1792.2	1.369e3
1792.9	2.798e3
1793.8	3.285e3
1794.4	7.830e2
1795.2	4.471e3
1796.0	2.471e3
1796.8	2.594e3
1797.7	3.526e3
1798.6	6.922e3
1799.7	3.736e3
1800.5	1.901e3
1801.0	2.930e2
1801.7	4.920e3
1802.3	9.360e2
1803.0	4.597e3
1803.7	9.250e2
1804.3	4.809e3
1805.0	5.010e2
1805.6	5.591e3
1806.3	1.939e3
1807.0	6.210e2
1807.6	3.427e3
1808.3	8.540e2
1809.0	3.701e3
1809.6	5.500e2
1810.2	4.063e3
1810.8	2.580e2
1811.3	2.158e3
1812.3	3.356e3
1812.8	4.580e2
1813.4	2.336e3
1814.0	8.100e1
1814.5	3.284e3
1815.2	6.250e2
1815.9	5.091e3
1816.8	2.876e3
1817.4	5.570e2
1818.0	4.967e3
1818.7	1.925e3
1819.7	3.977e3
1820.7	2.158e3
1821.7	3.550e3
1822.2	3.500e1
1822.7	2.500e3
1823.6	3.181e3
1824.3	1.001e3
1824.9	4.387e3
1825.7	3.993e3
1826.3	3.400e1
1826.8	5.463e3
1827.6	1.176e3
1828.5	4.952e3
1829.4	3.679e3
1830.1	1.216e3
1830.7	4.022e3
1831.3	2.130e2
1831.8	5.727e3
1832.3	6.300e1
1832.9	5.365e3
1833.7	1.487e3
1834.6	5.323e3
1835.2	1.154e3
1835.9	5.872e3
1836.8	2.094e3
1837.3	9.000e1
1837.9	2.779e3
1838.9	1.999e3
1839.7	4.025e3
1840.3	2.400e1
1840.8	4.356e3
1841.7	2.498e3
1842.4	3.690e3
1843.3	3.801e3
1844.1	2.716e3
1844.9	9.530e2
1845.6	2.625e3
1846.3	8.610e2
1846.9	4.605e3
1847.5	9.400e1
1848.0	4.006e3
1848.5	2.010e2
1849.1	2.451e3
1850.0	6.433e3
1850.7	1.215e3
1851.7	1.939e3
1852.5	4.819e3
1853.2	9.200e2
1853.8	3.261e3
1854.6	5.221e3
1855.2	5.990e2
1855.8	3.238e3
1856.8	4.737e3
1857.4	1.840e2
1857.9	4.430e3
1858.7	9.730e2
1859.3	3.329e3
1860.3	4.411e3
1861.3	3.217e3
1861.9	1.290e2
1862.4	3.400e3
1863.3	3.932e3
1864.3	3.042e3
1864.8	1.910e2
1865.5	2.354e3
1866.5	4.037e3
1867.3	1.822e3
1868.0	4.203e3
1869.0	5.099e3
1869.5	1.320e2
1870.1	3.067e3
1870.6	5.600e1
1871.1	5.320e3
1871.7	4.700e2
1872.3	3.372e3
1872.9	9.630e2
1873.6	4.048e3
1874.5	3.007e3
1875.4	5.302e3
1876.3	1.753e3
1877.1	3.926e3
1878.1	4.984e3
1879.0	4.666e3
1879.8	2.255e3
1880.7	4.153e3
1881.3	3.640e2
1881.9	3.570e3
1882.6	1.256e3
1883.3	1.686e3
1884.2	4.376e3
1885.0	3.198e3
1885.8	5.514e3
1886.7	9.540e2
1887.4	3.135e3
1888.1	7.790e2
1888.7	3.536e3
1889.3	8.600e1
1890.0	3.703e3
1890.8	1.832e3
1891.7	4.500e2
1892.4	5.825e3
1893.1	1.589e3
1894.0	3.551e3
1894.7	4.940e2
1895.4	2.606e3
1896.0	1.810e2
1896.6	2.969e3
1897.6	1.740e3
1898.4	3.020e3
1899.2	9.460e2
1900.0	3.845e3
1900.6	1.737e3
1901.4	3.256e3
1902.0	1.180e2
1902.5	4.360e3
1903.0	2.290e2
1903.6	5.274e3
1904.1	8.900e1
1904.6	3.347e3
1905.2	1.990e2
1905.7	3.417e3
1906.4	1.470e3
1907.0	4.525e3
1907.8	1.452e3
1908.7	4.195e3
1909.6	1.967e3
1910.5	2.170e3
1911.0	2.960e2
1911.5	2.690e3
1912.3	2.620e3
1912.9	2.360e2
1913.5	3.061e3
1914.2	7.620e2
1914.8	1.206e3
1915.4	2.830e3
1916.4	2.266e3
1917.2	5.064e3
1917.9	4.160e2
1918.5	2.253e3
1919.1	1.780e2
1919.7	2.972e3
1920.5	2.160e3
1921.3	2.246e3
1922.2	3.435e3
1922.9	1.347e3
1923.8	2.700e3
1924.3	1.740e2
1924.9	2.918e3
1925.9	3.366e3
1926.6	7.020e2
1927.2	3.037e3
1928.2	2.703e3
1929.0	2.779e3
1929.6	2.020e2
1930.3	2.453e3
1931.1	4.310e2
1931.8	2.144e3
1932.7	2.734e3
1933.4	7.040e2
1934.1	1.842e3
1934.9	3.314e3
1935.5	5.370e2
1936.1	1.895e3
1936.9	6.875e3
1937.6	9.000e2
1938.3	4.893e3
1939.2	2.116e3
1939.9	1.774e3
1940.7	4.376e3
1941.6	1.958e3
1942.2	1.960e2
1942.8	3.448e3
1943.4	1.170e2
1944.0	2.422e3
1944.9	1.954e3
1945.4	1.100e1
1946.1	3.065e3
1946.8	1.292e3
1947.5	1.970e3
1948.6	2.304e3
1949.6	2.489e3
1950.1	3.300e1
1950.6	2.832e3
1951.1	2.500e2
1951.7	3.865e3
1952.5	6.290e2
1953.2	3.257e3
1954.2	2.534e3
1955.2	3.048e3
1955.7	2.800e1
1956.2	2.976e3
1956.8	4.750e2
1957.3	4.000e3
1958.1	5.350e2
1958.7	2.279e3
1959.6	3.390e3
1960.6	4.687e3
1961.7	2.631e3
1962.5	3.043e3
1963.2	1.670e2
1963.8	1.925e3
1964.7	3.541e3
1965.4	1.171e3
1966.2	3.185e3
1966.9	5.430e2
1967.5	2.936e3
1968.5	3.054e3
1969.3	8.370e2
1969.9	3.549e3
1970.5	4.650e2
1971.2	1.462e3
1972.0	2.592e3
1972.7	4.090e2
1973.3	2.256e3
1974.3	1.565e3
1975.3	2.517e3
1976.3	3.485e3
1977.1	1.005e3
1977.8	2.340e3
1978.6	1.267e3
1979.4	3.385e3
1980.0	5.900e1
1980.5	2.748e3
1981.4	2.942e3
1982.3	3.224e3
1982.9	3.670e2
1983.5	2.153e3
1984.2	3.620e2
1984.8	3.566e3
1985.8	2.333e3
1986.6	9.320e2
1987.3	2.840e3
1988.3	5.833e3
1989.0	6.350e2
1989.5	2.196e3
1990.4	1.710e3
1991.4	3.034e3
1992.1	1.955e3
1993.0	2.297e3
1994.0	3.389e3
1994.9	1.296e3
1995.8	2.826e3
1996.7	2.630e3
1997.5	1.564e3
1998.3	3.296e3
1999.2	2.144e3
1999.8	3.910e2
