100.3	9.619e4
101.0	7.790e5
101.6	7.770e2
102.1	2.117e6
103.0	1.551e5
103.6	9.160e2
104.1	1.279e5
105.1	6.611e5
105.6	9.000e1
106.1	9.617e4
106.8	1.181e4
107.3	1.412e5
108.3	5.388e5
109.1	2.192e5
110.0	1.875e6
111.1	4.892e6
112.1	1.691e6
113.1	3.510e5
114.1	2.843e5
115.1	1.347e5
115.6	6.070e2
116.1	9.230e4
117.1	8.536e4
118.1	2.095e5
119.0	1.916e5
119.6	1.281e3
120.1	4.894e5
121.0	1.604e5
121.6	3.462e3
122.2	1.307e6
123.1	2.949e5
123.6	5.530e2
124.2	1.135e5
125.1	7.081e4
126.1	2.558e5
126.6	1.146e3
127.1	8.361e4
127.6	1.640e2
128.1	4.049e4
129.1	8.709e4
129.6	2.804e3
130.2	2.218e5
130.7	1.720e4
131.3	6.330e5
132.2	1.748e5
133.1	4.629e5
134.1	7.819e4
134.6	5.810e2
135.1	6.748e4
136.1	3.940e5
137.1	8.748e4
137.6	8.160e2
138.2	1.131e6
139.2	1.427e5
140.1	1.813e5
141.1	1.277e5
142.1	2.770e5
142.6	4.770e2
143.1	8.129e4
144.1	1.278e5
145.1	5.574e5
146.1	7.367e4
146.6	9.670e2
147.1	3.103e5
147.6	5.880e2
148.1	5.962e4
149.1	1.957e5
149.6	6.450e2
150.2	2.491e5
150.7	5.180e2
151.2	6.877e4
152.2	3.951e4
153.1	4.039e4
154.1	8.400e4
154.6	1.555e3
155.1	2.068e5
156.2	8.410e4
157.1	1.890e5
158.1	3.544e5
159.1	1.180e6
160.1	1.653e5
161.1	5.590e4
162.1	6.537e4
163.1	1.518e5
164.1	1.276e5
164.6	6.150e2
165.2	8.593e4
166.1	2.836e4
166.8	4.532e4
167.5	3.690e5
168.3	8.030e4
169.2	4.586e4
170.2	7.959e4
170.7	7.480e2
171.2	6.966e5
172.2	2.969e5
173.1	1.587e5
173.7	7.200e2
174.2	1.054e5
175.1	4.565e4
175.8	1.794e5
176.3	6.941e3
176.9	4.054e5
177.4	4.398e3
177.9	1.184e5
178.5	2.244e4
179.2	1.314e5
180.2	6.685e4
181.2	1.003e5
182.1	5.939e4
183.1	3.489e5
183.7	1.548e3
184.3	1.074e5
185.1	7.401e5
186.0	1.804e5
186.6	2.130e3
187.1	5.607e5
187.6	1.438e3
188.2	3.886e5
189.1	1.010e5
189.6	2.337e3
190.1	5.773e4
191.1	5.905e4
191.6	1.094e3
192.2	7.303e4
192.7	1.637e3
193.2	5.656e4
194.2	2.617e5
195.2	2.188e5
196.3	2.116e6
197.2	5.640e5
198.3	9.274e5
199.3	1.612e5
200.1	2.938e5
200.6	2.700e2
201.1	9.838e4
202.1	6.188e4
203.1	1.464e5
203.6	7.850e2
204.1	5.275e4
205.1	7.758e4
205.7	9.550e2
206.2	8.044e4
207.2	5.537e4
207.7	1.210e2
208.2	5.082e4
209.2	1.005e5
209.7	2.190e2
210.2	8.356e4
211.1	5.185e4
212.1	7.041e4
213.1	3.575e4
214.2	7.069e6
215.2	9.233e5
216.2	5.158e5
217.2	2.373e5
217.7	4.880e2
218.3	6.401e5
219.3	1.421e5
220.2	1.189e5
221.2	7.883e4
222.2	4.984e4
223.2	3.780e4
224.1	1.070e5
224.6	5.340e2
225.2	5.756e4
226.1	7.814e4
227.1	4.218e5
227.6	1.571e3
228.1	1.104e5
228.7	1.162e3
229.2	7.977e4
230.2	4.393e4
231.2	8.179e4
232.1	5.760e4
232.7	6.670e2
233.2	5.090e4
234.2	7.429e4
235.2	5.976e4
236.2	9.836e5
237.2	2.277e5
237.7	2.340e2
238.2	9.899e4
239.2	8.044e4
240.1	3.082e4
240.6	3.250e2
241.2	3.712e4
242.1	5.042e4
242.6	3.320e3
243.2	7.657e4
244.2	4.745e4
244.7	8.980e2
245.2	5.828e4
246.2	3.496e4
247.2	2.757e4
248.1	3.549e4
248.7	1.149e3
249.3	3.140e4
250.2	6.141e4
251.2	3.398e4
252.2	5.346e4
253.2	5.248e4
254.1	8.212e4
254.6	1.741e3
255.2	5.680e4
256.1	4.382e4
256.7	2.072e3
257.2	4.678e4
257.7	4.010e2
258.3	2.641e4
259.3	1.735e5
260.2	4.320e4
260.8	3.700e2
261.3	8.742e4
261.9	4.946e3
262.5	5.583e4
263.3	3.327e4
264.2	2.662e4
265.2	2.666e4
266.1	8.793e4
266.7	1.340e3
267.3	4.168e4
268.2	2.313e4
269.2	2.237e4
269.7	2.602e3
270.3	2.407e4
271.2	4.183e4
272.1	2.407e4
272.7	2.071e3
273.2	4.141e4
273.8	9.720e2
274.3	4.691e4
275.2	3.061e4
276.1	3.420e4
276.7	1.080e3
277.2	7.071e4
278.2	3.209e4
278.7	7.430e2
279.3	6.078e4
280.2	2.880e4
281.2	4.139e4
281.7	1.750e3
282.2	4.173e4
283.2	5.301e4
283.8	5.328e3
284.4	5.529e4
285.3	3.115e4
286.2	2.029e4
287.1	3.167e4
287.7	2.110e2
288.2	2.043e4
289.2	5.190e4
289.7	1.355e3
290.3	3.094e4
291.3	2.491e4
291.8	1.190e2
292.3	2.642e4
293.3	2.021e4
294.2	2.078e4
295.1	7.328e4
295.7	1.059e3
296.2	2.527e4
297.3	2.937e4
298.2	2.308e4
299.1	3.073e4
299.7	6.970e2
300.2	2.164e4
300.7	4.490e2
301.3	7.797e4
302.2	3.369e4
302.7	4.450e2
303.2	3.793e4
304.1	5.264e4
304.6	6.060e2
305.2	6.872e4
306.2	2.664e4
307.1	3.818e4
307.6	2.250e3
308.3	2.425e4
309.2	2.728e4
309.8	2.025e3
310.3	2.899e4
310.8	4.310e2
311.3	5.727e4
312.3	3.380e4
313.4	5.857e4
314.3	3.253e4
315.3	2.733e4
316.3	2.698e4
316.8	3.220e2
317.3	3.399e4
318.2	2.481e4
318.7	3.040e2
319.2	2.797e4
320.3	2.360e4
321.2	4.021e4
322.1	2.415e4
322.7	8.860e2
323.2	2.336e4
323.7	1.220e2
324.3	2.443e4
324.9	2.466e3
325.4	7.137e4
326.3	6.502e4
327.2	3.888e4
328.2	2.853e4
329.1	4.198e4
329.7	4.308e3
330.3	2.611e4
331.3	1.691e5
332.3	6.608e4
333.3	4.817e4
334.2	3.920e4
334.7	1.783e3
335.3	2.991e4
336.2	2.731e4
336.8	9.170e2
337.3	3.569e4
338.3	4.929e4
338.9	2.334e3
339.4	1.003e5
340.3	4.257e4
340.9	1.086e3
341.4	6.354e4
342.3	3.106e4
342.9	3.609e3
343.5	4.149e4
344.3	2.607e4
345.3	2.452e4
346.3	2.297e4
346.8	8.000e2
347.3	5.263e4
348.2	3.143e4
349.2	7.729e4
349.7	1.242e3
350.3	3.970e4
351.2	3.014e4
352.2	3.253e4
352.8	2.423e3
353.3	6.640e4
354.2	1.749e5
354.8	3.168e3
355.3	1.386e5
356.3	5.273e4
357.2	4.958e4
357.8	7.080e2
358.3	3.703e4
358.8	5.840e2
359.3	1.592e5
360.3	5.851e4
361.3	5.227e4
362.2	2.525e4
363.1	1.255e5
363.7	3.242e3
364.2	3.112e4
364.8	4.630e2
365.3	5.874e4
366.3	2.757e4
367.3	3.210e4
368.3	2.450e4
368.8	2.324e3
369.4	1.566e5
370.4	5.837e4
371.3	3.895e4
372.2	3.461e4
373.2	3.180e4
373.7	1.303e3
374.2	1.617e4
375.2	4.186e4
375.7	9.360e2
376.3	2.636e4
377.2	5.024e4
378.2	2.509e4
379.1	5.685e4
379.6	1.191e3
380.1	4.482e4
380.7	4.102e3
381.4	6.021e4
382.3	2.434e4
382.9	1.215e3
383.4	1.258e5
384.4	4.266e4
385.4	3.975e4
385.9	1.620e2
386.4	2.915e4
387.4	4.091e4
388.2	1.722e4
389.1	3.516e4
389.7	6.224e3
390.4	2.459e4
391.4	5.144e4
392.4	2.999e4
392.9	2.216e3
393.4	6.910e4
393.9	2.750e2
394.4	6.655e4
395.3	3.690e4
396.2	2.332e4
396.9	4.304e3
397.5	8.853e4
398.4	4.101e4
399.0	8.790e2
399.5	9.589e4
400.0	6.090e2
400.5	3.479e4
401.1	7.491e3
401.7	8.912e4
402.5	3.464e4
403.3	2.062e4
404.2	1.984e4
404.8	2.039e3
405.4	4.638e4
405.9	1.301e3
406.4	3.436e4
407.4	3.452e4
407.9	7.320e2
408.5	5.115e4
409.4	9.746e4
410.3	2.443e4
410.8	6.100e2
411.3	3.442e4
411.9	8.270e2
412.4	2.722e4
412.9	2.598e3
413.5	1.764e5
414.5	6.715e4
415.4	4.617e4
416.0	4.512e3
416.6	1.253e5
417.5	3.530e4
418.4	1.950e4
419.4	2.850e4
420.4	2.459e4
421.2	4.792e4
421.8	2.809e3
422.3	3.355e4
423.0	5.009e3
423.6	1.331e5
424.4	4.309e4
425.4	4.077e4
425.9	3.569e3
426.5	1.912e4
427.5	1.464e5
428.0	2.720e2
428.5	5.409e4
429.4	4.890e4
430.4	7.729e4
431.2	1.772e5
432.1	4.766e4
432.7	6.267e3
433.4	2.709e4
433.9	2.330e2
434.4	2.988e4
435.0	7.694e3
435.7	4.951e4
436.5	3.019e4
437.5	6.975e4
438.0	3.890e3
438.6	1.549e5
439.5	3.057e4
440.5	2.015e4
441.5	8.785e4
442.0	2.522e3
442.5	4.602e4
443.4	1.099e5
444.4	4.903e4
445.0	4.062e3
445.6	1.617e5
446.5	6.420e4
447.4	3.291e4
448.3	2.430e4
449.0	4.480e3
449.5	7.504e4
450.4	3.108e4
451.3	5.345e4
451.9	5.712e3
452.6	1.306e5
453.5	9.168e4
454.5	3.231e4
455.0	9.360e2
455.5	3.964e4
456.5	4.301e4
457.5	1.694e5
458.5	6.654e4
459.0	2.380e3
459.6	8.048e4
460.1	3.254e3
460.6	1.541e5
461.5	4.984e4
462.4	1.506e4
462.9	2.836e3
463.5	3.566e4
464.5	3.349e4
465.4	6.612e4
465.9	8.630e2
466.4	3.996e4
467.0	7.076e3
467.7	1.846e5
468.4	5.226e4
469.2	2.372e4
470.0	6.412e4
470.8	1.488e4
471.6	1.788e5
472.5	7.861e4
473.5	4.811e4
474.1	2.693e3
474.6	1.183e5
475.5	8.670e4
476.3	4.359e4
476.8	7.180e2
477.4	2.142e4
478.1	5.877e3
478.7	3.489e4
479.7	7.891e4
480.5	3.862e4
481.5	6.598e4
482.0	5.378e3
482.6	1.483e5
483.4	5.829e4
484.4	2.303e4
485.0	3.193e3
485.6	1.146e5
486.6	6.272e4
487.4	1.229e5
488.0	3.171e3
488.6	4.698e4
489.6	1.698e5
490.4	6.798e4
491.3	3.087e4
492.3	1.915e4
493.2	2.702e4
494.0	5.997e4
494.7	1.632e4
495.4	7.652e4
496.0	3.363e3
496.6	1.514e5
497.5	1.003e5
498.4	3.673e4
499.2	9.915e4
499.8	9.224e3
500.5	4.621e4
501.0	3.199e3
501.6	2.104e5
502.6	8.183e4
503.5	7.099e4
504.1	3.021e3
504.6	1.395e5
505.5	5.619e4
506.4	1.956e4
507.0	2.703e3
507.5	3.381e4
508.5	3.522e4
509.3	8.459e4
509.9	6.340e3
510.5	4.949e4
511.1	3.628e3
511.6	1.741e5
512.5	6.295e4
513.5	3.734e4
514.0	8.090e2
514.5	2.393e4
515.0	7.110e2
515.6	1.927e5
516.6	9.419e4
517.5	5.312e4
518.1	1.754e3
518.6	1.191e5
519.6	8.317e4
520.4	3.280e4
521.3	2.189e4
522.3	2.344e4
523.2	5.625e4
523.7	4.982e3
524.3	7.065e4
524.9	1.368e4
525.6	7.858e4
526.1	2.137e3
526.6	1.581e5
527.5	6.151e4
528.4	2.227e4
529.0	2.402e3
529.6	1.126e5
530.1	8.110e2
530.6	7.416e4
531.5	1.298e5
532.6	5.117e4
533.1	1.810e3
533.7	1.455e5
534.5	5.386e4
535.3	2.444e4
535.8	9.050e2
536.4	1.707e4
537.3	2.935e4
538.0	7.534e4
538.6	5.383e3
539.1	4.979e4
539.9	1.257e4
540.7	1.178e5
541.5	8.016e4
542.4	2.873e4
543.0	1.929e3
543.6	5.470e4
544.5	3.505e4
545.1	1.869e3
545.6	1.693e5
546.5	7.736e4
547.1	3.438e3
547.6	6.288e4
548.6	1.065e5
549.5	4.244e4
550.4	1.493e4
550.9	7.320e2
551.5	3.124e4
552.3	3.964e4
553.3	6.316e4
553.9	7.168e3
554.5	5.451e4
555.1	5.830e3
555.7	1.333e5
556.5	4.753e4
557.5	3.428e4
558.1	1.473e3
558.7	1.790e4
559.6	1.714e5
560.1	2.640e2
560.6	8.522e4
561.6	4.509e4
562.2	3.534e3
562.7	8.579e4
563.7	5.100e4
564.5	2.230e4
565.4	1.315e4
566.3	1.879e4
567.2	8.957e4
567.8	9.412e3
568.3	5.541e4
569.0	7.525e3
569.7	5.000e4
570.6	9.048e4
571.5	3.778e4
572.5	1.822e4
573.1	1.675e3
573.6	9.869e4
574.1	3.370e2
574.7	5.349e4
575.6	8.865e4
576.6	4.583e4
577.5	1.259e5
578.3	4.976e4
579.3	2.539e4
579.9	6.244e3
580.5	1.823e4
581.1	1.023e3
581.6	3.214e4
582.6	3.884e4
583.5	3.769e4
584.1	6.750e2
584.6	6.928e4
585.6	5.194e4
586.6	2.609e4
587.6	4.517e4
588.1	3.940e2
588.6	2.583e4
589.6	1.339e5
590.6	6.024e4
591.6	3.649e4
592.1	3.700e2
592.7	6.561e4
593.6	3.445e4
594.4	1.524e4
594.9	9.060e2
595.5	2.092e4
596.5	3.022e4
597.0	8.640e2
597.5	4.045e4
598.1	5.176e3
598.6	3.379e4
599.6	8.304e4
600.4	4.002e4
601.0	4.502e3
601.6	2.365e4
602.1	5.700e2
602.7	1.526e4
603.7	1.303e5
604.2	3.450e2
604.7	6.193e4
605.3	4.462e3
605.9	4.809e4
606.8	4.407e4
607.6	3.112e4
608.4	9.336e3
609.2	1.788e4
609.9	5.461e3
610.6	1.665e4
611.1	7.280e2
611.7	3.394e4
612.7	3.029e4
613.6	2.824e4
614.2	2.335e3
614.7	5.370e4
615.6	2.641e4
616.4	1.133e4
617.1	2.656e3
617.7	7.793e4
618.2	3.260e2
618.7	3.621e4
619.6	7.162e4
620.6	2.660e4
621.2	2.276e3
621.7	4.445e4
622.3	4.316e3
622.9	1.988e4
623.8	1.206e4
624.7	1.242e4
625.2	4.100e2
625.7	2.890e4
626.3	2.481e3
626.8	2.885e4
627.7	1.594e4
628.7	4.137e4
629.6	3.696e4
630.5	1.346e4
631.1	2.503e3
631.7	3.617e4
632.7	2.172e4
633.2	1.066e3
633.7	1.037e5
634.3	4.348e3
634.9	7.729e4
635.7	3.283e4
636.2	5.090e2
636.7	3.237e4
637.6	1.902e4
638.6	1.160e4
639.1	4.840e2
639.7	1.393e4
640.7	1.740e4
641.6	2.807e4
642.1	1.468e3
642.7	2.985e4
643.7	5.393e4
644.7	2.543e4
645.6	2.160e4
646.5	1.029e4
647.1	2.292e3
647.7	1.084e5
648.7	5.687e4
649.7	2.876e4
650.2	2.080e2
650.7	2.617e4
651.6	1.909e4
652.5	1.258e4
653.1	2.306e3
653.8	1.052e4
654.3	1.094e3
654.9	1.094e4
655.8	2.615e4
656.3	1.740e2
656.8	2.513e4
657.7	2.084e4
658.3	3.000e2
658.8	3.219e4
659.7	1.735e4
660.2	1.271e3
660.8	1.422e4
661.7	7.275e4
662.7	3.677e4
663.7	1.258e5
664.2	6.050e2
664.7	6.391e4
665.7	2.919e4
666.7	2.288e4
667.6	1.626e4
668.5	8.315e3
669.1	6.160e2
669.6	2.250e4
670.2	1.444e3
670.8	2.534e4
671.7	1.386e4
672.3	1.934e3
672.8	2.969e4
673.9	3.485e4
674.7	1.273e4
675.7	3.447e4
676.2	2.720e2
676.7	2.043e4
677.7	8.596e4
678.2	7.060e2
678.7	4.582e4
679.8	2.437e4
680.3	5.820e2
680.8	2.188e4
681.7	9.353e3
682.6	8.115e3
683.1	3.810e2
683.7	1.281e4
684.5	1.630e4
685.1	1.237e3
685.7	6.187e5
686.7	3.129e5
687.7	1.078e5
688.7	3.217e4
689.2	6.650e2
689.7	2.413e4
690.2	7.740e2
690.8	1.218e4
691.7	9.261e4
692.7	4.939e4
693.7	2.251e4
694.3	4.885e3
695.0	1.742e4
695.9	1.238e4
696.6	3.489e3
697.2	1.540e4
698.1	9.311e3
698.9	8.316e3
699.7	2.280e4
700.7	2.305e4
701.2	2.490e2
701.7	5.268e4
702.4	4.295e3
702.9	6.116e4
703.8	2.946e4
704.8	1.719e4
705.8	6.728e4
706.7	3.654e4
707.7	4.726e4
708.2	3.430e2
708.7	1.158e5
709.8	6.230e4
710.7	2.722e4
711.7	1.244e4
712.6	1.047e4
713.6	1.863e4
714.3	4.928e3
715.0	2.090e4
715.9	1.360e4
716.9	2.288e4
717.8	1.796e4
718.3	1.264e3
718.9	1.522e4
719.8	3.212e4
720.7	2.212e4
721.2	2.260e2
721.7	7.696e4
722.8	4.489e4
723.7	1.802e4
724.5	2.722e4
725.5	2.668e4
726.1	2.227e3
726.7	1.233e5
727.7	6.541e4
728.2	1.987e3
728.8	3.682e4
729.7	2.120e4
730.2	6.300e1
730.8	1.888e4
731.3	3.390e2
731.8	2.155e4
732.8	1.411e4
733.8	1.872e4
734.3	7.260e2
734.8	1.493e4
735.7	8.238e4
736.3	2.840e2
736.8	4.901e4
737.8	2.455e4
738.7	2.049e4
739.7	1.383e4
740.3	1.410e3
740.9	1.401e4
741.5	4.100e2
742.0	2.038e4
742.9	1.765e4
743.9	1.375e4
744.9	2.029e4
745.8	2.066e4
746.7	1.611e4
747.7	1.320e4
748.2	2.120e2
748.7	1.506e4
749.2	7.850e2
749.7	6.294e4
750.7	4.024e4
751.7	4.002e4
752.7	1.872e4
753.2	1.850e2
753.7	3.349e4
754.6	2.312e4
755.6	1.478e4
756.6	1.406e4
757.2	2.483e3
757.8	1.382e4
758.8	1.662e4
759.8	1.703e4
760.3	3.290e2
760.8	3.012e4
761.8	1.934e4
762.3	7.640e2
762.9	1.077e4
763.8	2.499e4
764.3	2.900e1
764.8	1.508e4
765.8	5.131e4
766.8	3.311e4
767.8	1.635e4
768.3	1.210e2
768.8	9.975e3
769.7	1.301e4
770.4	2.297e3
771.1	3.338e4
771.9	1.505e4
772.8	1.040e4
773.8	1.328e4
774.7	1.613e4
775.3	1.670e2
775.8	1.488e4
776.8	9.994e3
777.7	1.757e4
778.2	6.500e1
778.7	1.058e4
779.2	6.170e2
779.8	5.958e4
780.3	6.600e2
780.8	3.683e4
781.7	1.862e4
782.3	9.270e2
782.9	1.978e4
783.9	1.395e4
784.8	8.497e3
785.7	1.210e4
786.3	7.200e1
786.8	1.607e4
787.7	1.745e4
788.3	1.672e3
788.9	1.271e4
789.8	1.409e4
790.7	9.991e3
791.5	2.016e4
792.5	1.700e4
793.2	2.358e3
793.8	4.314e4
794.8	2.188e4
795.7	2.391e4
796.7	1.739e4
797.6	9.693e3
798.5	1.064e4
799.2	2.427e3
799.8	1.153e4
800.4	3.000e2
800.9	1.204e4
801.7	1.023e4
802.5	1.450e4
803.1	6.180e2
803.6	1.526e4
804.2	2.035e3
804.8	1.774e4
805.7	1.234e4
806.3	1.069e3
806.9	1.193e4
807.8	2.076e4
808.8	1.933e4
809.3	6.030e2
809.9	4.546e4
810.8	2.703e4
811.8	1.426e4
812.8	8.758e3
813.7	1.312e4
814.3	9.900e2
814.9	7.296e3
815.9	8.307e3
816.4	7.230e2
817.0	1.321e4
817.5	1.410e2
818.1	1.035e4
818.6	2.260e2
819.1	1.732e4
819.7	9.170e2
820.2	1.455e4
821.0	5.867e3
821.8	1.093e4
822.7	1.127e4
823.3	1.742e3
823.8	4.215e4
824.8	2.657e4
825.8	1.780e4
826.7	6.838e3
827.7	6.776e3
828.2	7.690e2
828.8	9.310e3
829.4	2.149e3
830.1	9.753e3
830.9	6.401e3
831.7	1.084e4
832.2	1.660e2
832.7	1.162e4
833.3	4.200e2
833.9	1.281e4
834.8	6.907e3
835.6	1.474e4
836.3	1.760e3
836.9	7.958e3
837.8	2.712e4
838.4	2.084e3
839.0	2.928e4
839.8	1.990e4
840.8	1.276e4
841.3	3.750e2
841.9	1.383e4
842.9	9.287e3
843.4	2.000e2
844.0	7.455e3
844.5	6.560e2
845.1	1.135e4
846.0	1.378e4
846.8	4.207e3
847.6	1.486e4
848.3	2.599e3
849.0	1.215e4
849.9	1.003e4
850.9	8.160e3
851.5	4.040e2
852.0	1.934e4
852.9	8.044e3
853.8	2.429e4
854.8	1.811e4
855.8	1.054e4
856.8	6.747e3
857.7	1.023e4
858.6	1.081e4
859.2	2.109e3
859.9	1.112e4
860.9	1.122e4
861.9	9.435e3
862.9	1.122e4
863.8	1.153e4
864.8	7.086e3
865.8	1.123e4
866.3	1.280e3
866.9	1.062e4
867.9	2.625e4
868.8	1.328e4
869.4	6.030e2
869.9	1.271e4
870.8	4.881e3
871.6	6.844e3
872.4	2.501e3
873.1	1.192e4
874.0	7.456e3
874.8	3.115e3
875.5	1.176e4
876.1	1.662e3
876.8	1.135e4
877.4	2.552e3
878.0	1.599e4
878.9	7.298e3
879.8	1.031e4
880.3	8.140e2
880.9	9.320e3
881.9	2.494e4
882.8	1.249e4
883.7	1.647e4
884.3	4.710e2
884.9	1.338e4
885.5	1.115e3
886.0	1.022e4
886.7	1.107e3
887.3	6.823e3
888.2	8.668e3
889.2	5.874e3
890.1	8.511e3
891.0	6.832e3
891.9	9.875e3
892.8	7.562e3
893.4	1.159e3
894.0	1.028e4
895.0	6.507e3
895.9	1.073e4
896.5	3.530e2
897.0	1.107e4
898.0	1.905e4
899.0	1.497e4
899.5	4.330e2
900.1	9.959e3
900.9	3.282e3
901.6	8.693e3
902.1	6.200e2
902.7	6.715e3
903.4	1.459e3
904.1	1.179e4
905.0	4.526e3
906.0	1.210e4
906.5	1.970e2
907.1	2.190e4
908.1	1.148e4
908.6	3.100e2
909.1	7.382e3
910.1	1.137e4
910.9	6.152e3
911.9	1.998e4
912.4	2.800e2
913.0	1.498e4
914.0	7.860e3
914.9	6.109e3
915.8	9.052e3
916.6	2.309e3
917.3	8.937e3
918.1	4.108e3
919.0	6.549e3
919.5	2.360e2
920.0	7.232e3
920.6	8.000e1
921.1	7.122e3
921.8	3.120e3
922.6	6.032e3
923.4	1.060e4
924.3	6.965e3
925.1	4.190e3
925.9	1.541e4
926.8	7.827e3
927.6	1.326e4
928.3	2.675e3
928.9	7.206e3
929.9	7.955e3
930.8	3.842e3
931.6	8.126e3
932.5	3.135e3
933.4	9.624e3
934.1	4.802e3
935.0	7.635e3
936.0	9.899e3
936.9	7.086e3
937.9	9.758e3
938.9	1.306e4
939.9	1.383e4
940.4	3.130e2
940.9	1.069e4
941.9	1.433e4
942.4	5.460e2
943.0	1.165e4
943.5	3.670e2
944.1	8.358e3
945.1	5.648e3
946.0	9.530e3
947.0	5.128e3
947.9	7.343e3
948.9	6.014e3
949.5	1.300e2
950.0	5.619e3
950.5	1.700e1
951.0	7.955e3
952.0	5.731e3
952.9	3.454e3
953.7	7.569e3
954.7	6.252e3
955.3	1.555e3
956.0	1.211e4
956.9	1.226e4
957.7	4.888e3
958.5	8.615e3
959.1	1.063e3
959.6	5.761e3
960.7	7.280e3
961.2	7.540e2
961.8	6.656e3
962.8	6.427e3
963.3	3.730e2
963.8	9.628e3
964.7	4.166e3
965.5	9.560e3
966.4	5.469e3
967.2	8.383e3
968.1	5.566e3
969.1	6.977e3
970.0	1.189e4
970.9	7.904e3
971.8	7.235e3
972.7	8.061e3
973.2	6.900e1
973.7	6.106e3
974.3	1.335e3
975.0	1.332e4
975.5	1.410e2
976.0	7.919e3
976.5	4.000e1
977.0	6.527e3
977.6	5.490e2
978.2	1.090e4
979.0	4.574e3
979.8	8.103e3
980.7	2.758e3
981.4	9.263e3
982.2	2.925e3
983.0	7.824e3
983.9	1.002e4
984.4	4.940e2
984.9	8.077e3
985.5	3.300e1
986.0	9.155e3
986.9	8.568e3
987.8	9.082e3
988.4	2.930e2
989.0	6.126e3
989.5	7.790e2
990.1	1.010e4
990.9	2.968e3
991.7	9.014e3
992.3	7.970e2
992.8	7.599e3
993.5	4.630e2
994.0	4.406e3
994.9	9.302e3
995.7	4.366e3
996.7	7.879e3
997.6	5.802e3
998.3	1.517e3
999.0	8.167e3
999.9	1.017e4
1000.5	9.250e2
1001.1	9.474e3
1002.2	6.904e3
1003.2	6.995e3
1004.1	1.052e4
1004.9	2.814e3
1005.6	4.547e3
1006.5	6.583e3
1007.1	1.483e3
1007.7	8.475e3
1008.4	3.510e2
1009.0	8.493e3
1010.0	7.630e3
1011.0	9.087e3
1011.8	4.369e3
1012.6	7.563e3
1013.4	3.561e3
1014.1	1.364e4
1014.9	4.916e3
1015.6	1.050e4
1016.2	1.823e3
1017.0	6.577e3
1018.0	6.826e3
1018.7	2.011e3
1019.3	8.334e3
1020.3	7.834e3
1020.9	1.003e3
1021.5	5.706e3
1022.0	1.530e2
1022.5	7.718e3
1023.1	2.070e2
1023.6	7.403e3
1024.3	1.496e3
1025.0	4.953e3
1025.5	1.410e2
1026.0	8.327e3
1027.0	7.063e3
1027.9	6.999e3
1028.8	8.070e3
1029.5	2.025e3
1030.2	1.049e4
1031.1	6.495e3
1031.9	4.662e3
1032.8	9.366e3
1033.3	4.700e1
1033.9	6.802e3
1034.9	7.636e3
1035.4	5.400e2
1035.9	9.585e3
1036.9	5.690e3
1037.4	1.780e2
1037.9	6.861e3
1038.6	1.537e3
1039.2	8.632e3
1040.0	3.325e3
1040.8	7.555e3
1041.5	3.170e3
1042.2	5.890e3
1043.1	1.270e4
1044.0	9.431e3
1045.0	8.421e3
1045.7	2.996e3
1046.5	8.699e3
1047.0	5.220e2
1047.6	6.946e3
1048.4	3.273e3
1049.2	7.218e3
1050.1	4.574e3
1051.0	7.359e3
1052.0	6.548e3
1053.0	6.962e3
1053.5	3.940e2
1054.1	6.647e3
1055.0	4.497e3
1055.9	9.549e3
1056.5	1.824e3
1057.1	8.945e3
1058.1	8.528e3
1059.1	8.941e3
1059.6	2.400e1
1060.1	6.354e3
1060.9	2.286e3
1061.7	4.763e3
1062.6	7.395e3
1063.3	1.369e3
1064.1	7.022e3
1064.8	1.655e3
1065.4	6.302e3
1066.2	2.024e3
1067.0	5.827e3
1067.9	5.114e3
1068.8	8.310e3
1069.6	3.351e3
1070.5	6.091e3
1071.1	1.270e2
1071.7	9.221e3
1072.2	4.800e1
1072.7	7.328e3
1073.3	9.100e2
1073.9	1.172e4
1074.4	1.080e2
1075.0	8.404e3
1076.0	9.314e3
1076.5	7.500e1
1077.0	1.095e4
1077.9	6.441e3
1078.8	8.438e3
1079.8	5.756e3
1080.7	6.282e3
1081.3	1.811e3
1082.0	1.049e4
1082.9	5.378e3
1083.5	2.770e2
1084.0	5.926e3
1085.0	6.567e3
1085.6	1.165e3
1086.1	6.053e3
1087.2	6.559e3
1088.2	7.004e3
1089.2	1.036e4
1090.1	6.325e3
1091.0	5.033e3
1091.9	5.410e3
1092.8	3.740e3
1093.7	6.594e3
1094.4	3.510e3
1095.1	6.247e3
1095.7	1.300e2
1096.2	6.821e3
1097.0	4.711e3
1098.0	7.595e3
1098.5	6.970e2
1099.1	6.759e3
1099.6	2.180e2
1100.1	8.513e3
1100.7	7.740e2
1101.3	6.572e3
1102.2	5.267e3
1103.0	7.676e3
1103.9	3.114e3
1104.7	9.328e3
1105.6	4.856e3
1106.3	2.071e3
1107.1	5.765e3
1108.0	9.634e3
1108.7	1.554e3
1109.4	6.067e3
1110.2	5.062e3
1111.1	8.281e3
1111.6	2.600e1
1112.1	6.777e3
1113.1	9.148e3
1114.0	6.160e3
1114.8	5.815e3
1115.5	1.331e3
1116.2	8.127e3
1117.1	4.562e3
1117.7	8.780e2
1118.3	8.653e3
1119.0	2.457e3
1119.8	5.959e3
1120.3	6.880e2
1120.9	6.915e3
1121.7	3.584e3
1122.6	8.361e3
1123.1	9.000e1
1123.6	6.413e3
1124.6	6.802e3
1125.5	6.721e3
1126.5	3.784e3
1127.0	1.810e2
1127.5	6.789e3
1128.2	3.389e3
1129.0	4.742e3
1129.9	8.853e3
1130.7	5.217e3
1131.3	1.054e3
1131.9	6.989e3
1132.7	2.657e3
1133.5	4.707e3
1134.0	8.800e1
1134.5	4.614e3
1135.2	7.680e2
1135.8	4.681e3
1136.4	8.700e2
1137.1	6.787e3
1137.7	1.293e3
1138.4	5.959e3
1139.2	3.277e3
1140.0	7.124e3
1140.8	2.461e3
1141.5	6.831e3
1142.3	3.265e3
1143.1	5.963e3
1144.1	6.721e3
1145.0	5.443e3
1145.5	1.330e3
1146.2	5.895e3
1146.9	2.508e3
1147.7	6.328e3
1148.4	1.443e3
1149.1	4.259e3
1150.1	8.522e3
1151.0	4.683e3
1151.9	5.829e3
1152.9	5.519e3
1153.8	5.471e3
1154.8	7.853e3
1155.3	8.860e2
1155.9	6.468e3
1156.5	2.740e2
1157.0	5.887e3
1158.0	1.263e4
1158.6	6.770e2
1159.1	9.379e3
1160.1	8.012e3
1160.6	6.580e2
1161.2	5.754e3
1161.7	7.460e2
1162.4	7.835e3
1163.0	1.423e3
1163.6	6.637e3
1164.6	7.295e3
1165.5	5.175e3
1166.1	6.760e2
1166.7	6.443e3
1167.2	7.800e1
1167.7	4.869e3
1168.3	2.550e2
1168.9	5.518e3
1169.5	9.410e2
1170.1	7.038e3
1170.7	4.410e2
1171.3	7.252e3
1172.0	3.524e3
1172.9	5.961e3
1173.6	9.490e2
1174.2	5.698e3
1174.9	2.027e3
1175.6	1.120e4
1176.5	5.404e3
1177.3	2.881e3
1178.1	4.743e3
1179.0	8.878e3
1179.6	1.374e3
1180.3	4.840e3
1181.2	3.899e3
1182.0	7.358e3
1182.5	8.000e0
1183.1	4.499e3
1184.0	6.684e3
1184.6	1.075e3
1185.2	1.033e4
1186.1	7.803e3
1186.7	2.760e2
1187.3	6.729e3
1188.2	2.985e3
1189.0	8.495e3
1190.0	5.109e3
1190.8	2.014e3
1191.6	5.571e3
1192.1	4.960e2
1192.8	6.866e3
1193.4	4.680e2
1193.9	5.300e3
1194.5	6.930e2
1195.2	6.225e3
1196.1	4.704e3
1196.6	9.700e1
1197.1	4.307e3
1197.7	6.240e2
1198.3	5.641e3
1199.3	5.740e3
1200.3	8.107e3
1201.2	6.316e3
1201.9	2.226e3
1202.6	7.933e3
1203.4	2.810e3
1204.2	7.249e3
1204.8	2.400e1
1205.3	5.440e3
1206.2	6.970e3
1206.9	1.945e3
1207.5	6.379e3
1208.0	1.040e2
1208.5	4.698e3
1209.4	5.996e3
1210.4	5.186e3
1211.3	5.216e3
1211.9	1.220e3
1212.5	7.293e3
1213.2	2.460e3
1213.9	6.436e3
1214.9	5.439e3
1215.7	1.947e3
1216.4	5.261e3
1217.2	1.520e3
1217.9	7.330e3
1218.5	1.384e3
1219.1	5.828e3
1219.6	9.700e1
1220.1	5.326e3
1221.0	6.920e3
1221.6	2.590e2
1222.1	7.123e3
1223.1	4.861e3
1223.6	2.230e2
1224.2	4.745e3
1224.8	9.720e2
1225.5	7.149e3
1226.0	2.800e1
1226.6	7.203e3
1227.2	2.361e3
1227.9	8.613e3
1228.9	9.806e3
1229.7	3.817e3
1230.6	7.043e3
1231.3	1.465e3
1232.0	5.766e3
1232.9	3.657e3
1233.8	8.205e3
1234.8	5.065e3
1235.5	2.536e3
1236.2	6.774e3
1236.8	5.180e2
1237.3	5.633e3
1238.1	6.900e3
1239.0	2.952e3
1240.0	6.728e3
1240.7	2.170e3
1241.4	6.310e3
1242.3	3.774e3
1243.3	6.204e3
1244.1	3.432e3
1244.9	6.324e3
1245.4	3.430e2
1246.0	6.282e3
1246.6	1.530e3
1247.3	6.170e3
1248.0	2.784e3
1248.8	4.727e3
1249.4	8.750e2
1250.1	7.011e3
1250.7	4.470e2
1251.3	5.499e3
1251.8	5.620e2
1252.4	6.652e3
1253.0	5.040e2
1253.5	3.949e3
1254.4	3.941e3
1255.2	4.358e3
1256.1	5.473e3
1256.6	5.370e2
1257.3	8.154e3
1257.9	1.256e3
1258.5	5.049e3
1259.1	8.620e2
1259.8	4.305e3
1260.7	4.865e3
1261.7	4.999e3
1262.5	3.261e3
1263.3	4.823e3
1264.3	3.102e3
1264.8	3.240e2
1265.4	4.405e3
1266.3	3.517e3
1267.2	5.748e3
1267.8	6.000e2
1268.3	6.392e3
1269.0	2.584e3
1269.7	5.621e3
1270.3	5.260e2
1270.9	5.835e3
1271.4	8.400e1
1272.0	7.581e3
1272.9	5.159e3
1273.7	3.530e3
1274.6	5.546e3
1275.1	1.093e3
1275.8	5.939e3
1276.8	4.631e3
1277.3	3.640e2
1277.9	5.059e3
1278.9	5.749e3
1279.7	3.686e3
1280.4	7.515e3
1280.9	1.120e2
1281.5	5.411e3
1282.1	1.127e3
1282.7	6.369e3
1283.7	6.319e3
1284.5	2.507e3
1285.3	5.163e3
1286.1	7.746e3
1287.1	5.559e3
1287.6	2.090e2
1288.1	4.883e3
1289.1	6.381e3
1289.8	8.660e2
1290.4	7.066e3
1291.3	5.421e3
1292.2	3.288e3
1293.1	7.832e3
1293.8	3.246e3
1294.5	7.129e3
1295.2	1.202e3
1296.0	4.626e3
1296.8	6.330e3
1297.7	3.808e3
1298.7	5.717e3
1299.3	3.700e2
1299.9	8.245e3
1300.4	7.910e2
1301.0	7.418e3
1301.6	4.230e2
1302.2	5.408e3
1303.0	1.820e3
1303.7	6.399e3
1304.7	5.913e3
1305.2	7.400e2
1305.8	6.792e3
1306.7	5.631e3
1307.3	6.150e2
1307.9	5.201e3
1308.9	6.869e3
1309.8	5.452e3
1310.4	9.590e2
1311.0	5.394e3
1312.0	5.128e3
1312.6	1.344e3
1313.3	6.114e3
1313.9	1.575e3
1314.5	1.021e4
1315.5	8.879e3
1316.2	1.936e3
1316.9	5.406e3
1317.4	1.580e2
1318.0	4.057e3
1318.9	4.813e3
1319.8	6.921e3
1320.8	6.368e3
1321.3	1.870e2
1321.9	5.479e3
1322.8	3.591e3
1323.7	4.336e3
1324.7	3.717e3
1325.5	8.851e3
1326.1	9.010e2
1326.7	6.310e3
1327.3	9.950e2
1328.0	6.226e3
1328.6	1.347e3
1329.3	6.235e3
1330.2	3.297e3
1331.0	6.022e3
1331.6	6.820e2
1332.2	5.838e3
1333.1	4.483e3
1334.0	4.650e3
1334.9	6.137e3
1335.9	6.048e3
1336.6	1.874e3
1337.3	6.869e3
1338.1	4.794e3
1339.0	1.676e3
1339.6	6.420e3
1340.5	5.336e3
1341.3	2.720e3
1342.0	4.107e3
1342.9	8.036e3
1343.5	1.267e3
1344.3	8.793e3
1345.2	5.675e3
1346.1	5.529e3
1346.7	1.209e3
1347.3	7.472e3
1348.2	6.964e4
1349.2	6.363e4
1349.7	1.014e3
1350.3	4.016e4
1350.8	8.200e1
1351.3	1.660e4
1351.9	9.180e2
1352.5	9.016e3
1353.3	2.932e3
1354.0	6.162e3
1355.0	3.514e3
1355.9	5.985e3
1356.5	2.960e2
1357.1	6.868e3
1358.1	7.552e3
1358.9	4.098e3
1359.7	5.621e3
1360.2	1.760e2
1360.8	9.391e3
1361.6	3.987e3
1362.5	6.886e3
1363.2	2.672e3
1364.0	7.500e3
1364.5	8.010e2
1365.1	7.647e3
1365.7	7.380e2
1366.4	1.027e4
1367.1	2.977e3
1368.0	6.889e3
1368.8	5.431e3
1369.4	1.070e2
1369.9	4.969e3
1370.7	3.954e3
1371.6	6.756e3
1372.1	3.040e2
1372.6	6.525e3
1373.6	8.994e3
1374.3	1.482e3
1374.9	7.150e3
1375.4	2.870e2
1376.0	6.459e3
1376.6	5.760e2
1377.3	7.174e3
1378.2	4.860e3
1379.2	7.375e3
1380.1	6.489e3
1380.9	2.195e3
1381.6	7.046e3
1382.6	4.621e3
1383.5	6.518e3
1384.1	1.404e3
1384.7	6.716e3
1385.3	2.260e2
1385.8	5.786e3
1386.3	5.300e1
1386.8	4.989e3
1387.8	6.563e3
1388.8	5.158e3
1389.4	2.136e3
1390.1	6.180e3
1390.6	6.100e1
1391.1	5.834e3
1391.9	2.725e3
1392.6	7.481e3
1393.5	4.991e3
1394.1	1.466e3
1394.8	5.037e3
1395.7	7.593e3
1396.7	4.296e3
1397.2	2.550e2
1397.8	6.953e3
1398.4	9.670e2
1399.0	5.737e3
1399.9	6.005e3
1400.9	9.345e3
1401.8	5.474e3
1402.4	1.227e3
1403.0	6.061e3
1403.9	4.229e3
1404.8	4.598e3
1405.4	1.344e3
1406.1	5.841e3
1406.9	2.422e3
1407.6	6.956e3
1408.3	2.439e3
1409.0	7.376e3
1409.6	1.485e3
1410.4	5.439e3
1411.0	3.230e2
1411.5	7.717e3
1412.2	1.759e3
1412.9	7.165e3
1413.9	5.724e3
1414.7	2.802e3
1415.5	5.738e3
1416.1	8.860e2
1416.8	5.666e3
1417.3	6.980e2
1417.9	5.833e3
1418.7	3.675e3
1419.7	5.018e3
1420.6	4.777e3
1421.3	1.419e3
1421.9	6.675e3
1422.6	9.440e2
1423.2	6.195e3
1424.1	3.173e3
1425.1	5.166e3
1426.1	5.857e3
1427.0	7.154e3
1427.6	3.600e1
1428.1	2.935e3
1428.7	6.620e2
1429.2	7.898e3
1430.0	1.659e3
1430.7	4.824e3
1431.7	5.579e3
1432.4	1.975e3
1433.1	8.412e3
1433.9	5.110e3
1434.8	4.637e3
1435.7	6.678e3
1436.7	3.356e3
1437.6	5.627e3
1438.3	1.217e3
1438.9	5.703e3
1439.9	6.160e3
1440.7	2.620e3
1441.5	6.042e3
1442.0	3.600e1
1442.6	6.352e3
1443.3	1.665e3
1443.9	7.103e3
1444.5	1.253e3
1445.1	6.183e3
1446.0	3.715e3
1446.8	4.749e3
1447.3	8.000e1
1447.8	6.548e3
1448.4	2.350e2
1448.9	5.233e3
1449.4	6.000e1
1450.0	5.205e3
1450.7	1.766e3
1451.3	6.631e3
1452.1	3.755e3
1452.8	7.510e2
1453.4	5.537e3
1454.0	2.360e2
1454.5	5.993e3
1455.5	6.812e3
1456.1	1.114e3
1456.7	5.795e3
1457.6	2.186e3
1458.4	6.534e3
1459.3	4.784e3
1459.8	1.190e2
1460.3	6.479e3
1461.2	3.715e3
1462.1	4.663e3
1462.6	1.030e2
1463.1	5.111e3
1463.8	1.806e3
1464.4	6.293e3
1465.0	7.860e2
1465.7	4.657e3
1466.3	3.930e2
1466.8	5.113e3
1467.9	4.359e3
1468.5	8.570e2
1469.2	7.309e3
1469.9	2.647e3
1470.7	6.131e3
1471.4	1.195e3
1472.2	5.703e3
1472.7	2.110e2
1473.3	6.776e3
1474.2	5.736e3
1475.2	5.384e3
1476.1	4.782e3
1476.7	1.660e2
1477.2	6.435e3
1477.8	4.400e2
1478.3	8.447e3
1479.3	3.770e3
1479.9	2.688e3
1480.6	7.223e3
1481.4	4.433e3
1482.3	5.842e3
1483.3	5.243e3
1484.1	2.284e3
1484.8	5.779e3
1485.6	3.402e3
1486.5	5.111e3
1487.2	3.566e3
1487.9	6.603e3
1488.5	2.340e2
1489.0	5.378e3
1489.6	7.900e1
1490.1	5.402e3
1490.8	3.843e3
1491.6	5.895e3
1492.3	1.497e3
1493.0	6.907e3
1493.9	5.931e3
1494.9	6.386e3
1495.9	5.291e3
1496.6	2.445e3
1497.5	5.520e3
1498.4	5.908e3
1499.5	4.086e3
1500.2	2.259e3
1500.9	9.480e2
1501.6	5.221e3
1502.1	4.940e2
1502.7	4.379e3
1503.5	6.970e3
1504.5	4.957e3
1505.1	4.680e2
1505.7	7.789e3
1506.4	1.609e3
1507.1	5.243e3
1507.6	1.800e2
1508.2	5.797e3
1509.0	6.024e3
1509.9	3.342e3
1510.8	5.064e3
1511.4	1.078e3
1512.2	4.650e3
1512.7	7.140e2
1513.3	4.554e3
1514.3	4.930e3
1514.9	3.550e2
1515.5	5.879e3
1516.4	5.689e3
1517.1	1.757e3
1517.9	6.160e3
1518.5	1.138e3
1519.2	6.826e3
1520.1	4.303e3
1520.8	1.046e3
1521.5	5.849e3
1522.3	3.157e3
1523.1	4.627e3
1524.0	6.765e3
1524.8	1.662e3
1525.7	5.960e3
1526.5	2.710e3
1527.3	5.272e3
1527.9	6.190e2
1528.5	4.964e3
1529.2	2.294e3
1529.9	7.911e3
1530.5	1.005e3
1531.1	5.233e3
1531.6	1.620e2
1532.1	5.877e3
1533.1	5.195e3
1533.7	1.038e3
1534.4	3.957e3
1535.0	9.800e1
1535.5	4.116e3
1536.4	6.471e3
1537.1	1.758e3
1537.8	5.972e3
1538.5	6.360e2
1539.1	6.173e3
1539.8	1.248e3
1540.5	6.274e3
1541.1	5.750e2
1541.7	3.169e3
1542.7	5.496e3
1543.4	1.144e3
1544.1	3.765e3
1544.6	2.990e2
1545.2	4.560e3
1546.1	3.407e3
1547.0	2.939e3
1547.9	4.188e3
1548.4	9.500e1
1549.0	4.464e3
1549.6	8.130e2
1550.2	2.546e3
1551.2	6.369e3
1551.9	1.942e3
1552.7	4.155e3
1553.3	1.006e3
1553.8	4.301e3
1554.8	7.469e3
1555.4	1.744e3
1556.1	6.046e3
1556.7	8.430e2
1557.4	3.490e3
1558.2	3.426e3
1559.1	7.419e3
1559.6	2.670e2
1560.2	6.753e3
1560.9	1.693e3
1561.6	5.459e3
1562.2	1.138e3
1562.9	3.626e3
1563.9	4.702e3
1564.6	2.654e3
1565.5	3.687e3
1566.4	6.015e3
1566.9	7.600e1
1567.5	5.075e3
1568.2	1.944e3
1569.0	4.735e3
1570.0	3.366e3
1571.0	4.600e3
1571.6	5.210e2
1572.2	4.672e3
1573.2	7.194e3
1574.1	5.041e3
1574.6	2.020e2
1575.2	4.229e3
1575.9	1.133e3
1576.5	5.829e3
1577.0	2.660e2
1577.5	4.919e3
1578.5	2.551e3
1579.4	5.645e3
1580.3	4.207e3
1581.2	5.755e3
1581.8	4.750e2
1582.4	6.273e3
1583.1	1.662e3
1583.8	5.566e3
1584.5	9.420e2
1585.1	3.644e3
1585.9	2.905e3
1586.8	3.077e3
1587.7	4.227e3
1588.6	3.898e3
1589.6	5.086e3
1590.2	8.470e2
1590.8	5.570e3
1591.6	1.590e3
1592.3	4.903e3
1593.3	6.942e3
1593.9	3.550e2
1594.4	4.709e3
1595.1	1.328e3
1595.8	5.147e3
1596.7	2.169e3
1597.5	4.556e3
1598.5	3.964e3
1599.4	3.469e3
1600.2	9.570e2
1601.1	4.905e3
1602.0	4.530e3
1602.9	3.669e3
1603.8	1.953e3
1604.4	3.644e3
1605.4	7.126e3
1606.2	3.116e3
1607.0	5.744e3
1607.5	2.600e1
1608.0	3.984e3
1608.9	2.604e3
1609.9	4.219e3
1610.6	8.060e2
1611.2	4.395e3
1611.9	7.990e2
1612.5	3.411e3
1613.4	5.416e3
1614.2	2.430e3
1614.9	3.917e3
1615.6	1.064e3
1616.2	6.857e3
1617.1	4.069e3
1617.7	4.460e2
1618.3	4.266e3
1619.0	8.120e2
1619.7	6.168e3
1620.6	3.854e3
1621.5	4.396e3
1622.5	3.735e3
1623.5	3.624e3
1624.5	3.627e3
1625.4	4.766e3
1626.0	4.110e2
1626.6	5.682e3
1627.1	2.730e2
1627.7	4.378e3
1628.2	4.300e1
1628.7	2.470e3
1629.6	3.594e3
1630.5	5.090e3
1631.1	1.350e2
1631.6	4.449e3
1632.3	1.221e3
1632.9	4.876e3
1633.5	3.730e2
1634.1	3.670e3
1635.0	5.175e3
1636.0	3.520e3
1636.9	3.932e3
1637.8	5.255e3
1638.7	4.506e3
1639.4	1.383e3
1640.2	2.775e3
1641.0	5.162e3
1641.9	1.973e3
1642.4	3.250e2
1642.9	4.745e3
1643.8	3.639e3
1644.7	6.592e3
1645.5	2.687e3
1646.3	5.002e3
1647.2	5.562e3
1648.0	2.281e3
1648.8	6.224e3
1649.5	5.240e2
1650.1	5.290e3
1650.8	1.342e3
1651.5	4.773e3
1652.0	1.230e2
1652.6	2.835e3
1653.5	4.980e3
1654.4	1.265e3
1655.3	4.231e3
1656.3	4.206e3
1656.8	1.330e2
1657.5	3.801e3
1658.2	1.601e3
1658.9	6.777e3
1659.9	4.331e3
1660.8	2.767e3
1661.7	5.048e3
1662.7	4.243e3
1663.2	6.900e1
1663.7	3.037e3
1664.3	1.900e2
1664.9	4.628e3
1665.8	4.005e3
1666.8	3.919e3
1667.7	3.758e3
1668.6	4.349e3
1669.6	2.658e3
1670.4	5.096e3
1671.0	8.390e2
1671.6	5.260e3
1672.5	2.128e3
1673.1	8.500e1
1673.6	4.182e3
1674.6	3.726e3
1675.5	4.723e3
1676.5	6.360e3
1677.4	4.186e3
1678.1	8.750e2
1678.7	4.818e3
1679.6	3.232e3
1680.2	2.800e2
1680.8	3.161e3
1681.5	7.970e2
1682.2	4.964e3
1682.8	2.850e2
1683.4	2.650e3
1684.2	1.808e3
1685.0	5.273e3
1686.1	3.865e3
1687.1	3.976e3
1688.1	6.037e3
1688.8	1.783e3
1689.6	3.686e3
1690.7	4.554e3
1691.6	2.513e3
1692.5	3.034e3
1693.4	6.309e3
1694.3	2.876e3
1695.1	2.781e3
1695.8	1.462e3
1696.7	3.039e3
1697.3	2.000e1
1697.8	4.390e3
1698.5	1.325e3
1699.2	5.484e3
1700.0	1.644e3
1700.8	6.124e3
1701.4	1.660e2
1701.9	6.053e3
1702.9	3.871e3
1703.5	1.003e3
1704.1	6.104e3
1704.9	1.962e3
1705.6	3.372e3
1706.6	3.685e3
1707.3	1.187e3
1708.0	6.046e3
1709.0	3.162e3
1709.8	4.341e3
1710.6	1.429e3
1711.3	5.832e3
1711.9	5.360e2
1712.4	3.875e3
1712.9	1.220e2
1713.5	3.672e3
1714.2	2.450e3
1714.9	3.684e3
1715.4	2.520e2
1716.0	4.155e3
1716.8	2.621e3
1717.6	1.436e3
1718.3	4.952e3
1719.3	5.617e3
1720.1	1.879e3
1720.8	5.721e3
1721.8	2.231e3
1722.7	3.399e3
1723.4	1.357e3
1724.1	4.687e3
1724.7	1.440e2
1725.2	5.558e3
1725.9	1.296e3
1726.7	4.369e3
1727.6	3.389e3
1728.2	5.360e2
1729.0	5.583e3
1729.7	7.500e2
1730.3	4.510e3
1731.2	2.131e3
1732.1	4.179e3
1732.8	6.480e2
1733.4	3.777e3
1734.1	4.760e2
1734.7	3.680e3
1735.6	2.837e3
1736.7	2.853e3
1737.5	1.883e3
1738.3	5.732e3
1739.1	1.522e3
1739.9	4.123e3
1740.6	1.138e3
1741.3	3.441e3
1741.9	3.920e2
1742.5	4.584e3
1743.2	1.202e3
1744.0	3.198e3
1744.9	4.295e3
1745.8	4.350e3
1746.5	1.214e3
1747.2	3.121e3
1748.1	2.552e3
1748.6	2.960e2
1749.2	3.254e3
1749.8	5.000e1
1750.3	4.275e3
1751.1	2.061e3
1752.0	4.320e3
1752.7	1.036e3
1753.3	3.681e3
1754.2	3.169e3
1755.0	2.137e3
1755.9	4.463e3
1756.5	6.500e2
1757.1	2.688e3
1758.2	2.968e3
1759.0	4.316e3
1759.8	8.910e2
1760.7	3.187e3
1761.3	1.092e3
1762.0	3.142e3
1762.6	2.250e2
1763.2	5.223e3
1764.1	3.980e3
1765.0	2.469e3
1765.9	4.598e3
1766.5	9.900e1
1767.0	3.206e3
1767.6	5.700e1
1768.2	4.099e3
1769.2	2.483e3
1770.1	3.875e3
1770.8	1.632e3
1771.5	4.789e3
1772.4	4.613e3
1772.9	6.500e1
1773.4	3.160e3
1774.2	8.460e2
1774.8	4.122e3
1775.5	7.920e2
1776.2	3.151e3
1776.7	3.300e2
1777.3	3.761e3
1778.1	2.477e3
1779.0	2.973e3
1779.8	3.708e3
1780.5	2.160e2
1781.1	4.001e3
1782.1	2.038e3
1782.7	3.870e2
1783.3	3.459e3
1784.0	3.510e2
1784.5	4.624e3
1785.3	7.000e2
1786.0	2.408e3
1786.8	1.533e3
1787.7	4.828e3
1788.2	2.800e1
1788.7	4.079e3
1789.3	7.010e2
1789.9	3.198e3
1790.8	3.677e3
1791.3	1.240e2
1791.8	2.741e3
1792.5	6.440e2
1793.1	4.112e3
1793.8	4.440e2
1794.3	3.321e3
1795.3	3.092e3
1796.0	1.950e2
1796.7	4.562e3
1797.2	9.600e1
1797.7	2.405e3
1798.7	2.999e3
1799.4	1.075e3
1800.1	2.576e3
1800.8	2.690e2
1801.4	3.079e3
1802.1	9.760e2
1802.8	2.884e3
1803.3	2.480e2
1803.9	4.250e3
1804.6	4.480e2
1805.2	4.062e3
1805.7	5.200e1
1806.3	3.529e3
1806.8	6.300e1
1807.3	3.542e3
1808.0	1.268e3
1808.7	2.969e3
1809.7	2.029e3
1810.6	2.598e3
1811.4	3.839e3
1812.0	2.460e2
1812.6	3.262e3
1813.2	9.100e1
1813.7	3.079e3
1814.3	5.970e2
1815.0	3.199e3
1815.5	1.750e2
1816.1	1.938e3
1816.9	7.990e2
1817.6	3.624e3
1818.3	2.263e3
1819.1	3.464e3
1819.9	2.033e3
1820.6	1.147e3
1821.4	3.328e3
1822.0	2.250e2
1822.5	1.607e3
1823.2	3.345e3
1823.9	1.117e3
1824.7	3.142e3
1825.7	2.142e3
1826.4	4.360e2
1827.0	3.106e3
1827.5	7.900e1
1828.1	3.515e3
1828.8	1.479e3
1829.6	2.790e3
1830.5	3.605e3
1831.3	1.353e3
1832.0	3.722e3
1832.8	6.590e2
1833.4	3.514e3
1834.1	3.690e2
1834.7	4.948e3
1835.4	1.419e3
1836.2	3.494e3
1837.2	2.512e3
1837.8	7.250e2
1838.4	2.240e3
1839.3	2.788e3
1840.2	2.848e3
1840.9	4.990e2
1841.5	2.083e3
1842.4	1.455e3
1843.1	4.523e3
1844.1	2.507e3
1844.6	4.500e1
1845.1	3.330e3
1845.6	1.810e2
1846.2	3.916e3
1846.9	9.110e2
1847.5	3.394e3
1848.1	2.070e2
1848.6	2.954e3
1849.7	2.578e3
1850.5	3.005e3
1851.2	6.200e2
1851.9	2.768e3
1852.5	3.190e2
1853.0	2.999e3
1853.5	1.950e2
1854.2	2.101e3
1855.0	2.786e3
1855.9	4.310e3
1856.6	9.500e2
1857.2	2.447e3
1858.0	5.580e2
1858.7	3.544e3
1859.7	3.636e3
1860.3	6.100e2
1861.0	2.519e3
1861.5	7.600e1
1862.1	3.015e3
1863.1	3.632e3
1863.8	3.800e2
1864.4	2.685e3
1865.1	9.700e1
1865.6	2.769e3
1866.3	9.140e2
1866.9	1.871e3
1867.7	2.315e3
1868.5	1.026e3
1869.1	2.109e3
1869.9	1.451e3
1870.6	2.994e3
1871.2	6.440e2
1871.8	2.897e3
1872.7	2.271e3
1873.4	4.170e2
1873.9	3.273e3
1874.5	1.130e2
1875.1	4.013e3
1875.9	1.063e3
1876.6	2.586e3
1877.2	3.270e2
1877.8	3.304e3
1878.7	1.278e3
1879.7	1.978e3
1880.8	3.929e3
1881.5	7.120e2
1882.1	3.433e3
1882.8	3.730e2
1883.4	2.176e3
1884.4	1.844e3
1885.1	1.069e3
1885.8	4.251e3
1886.7	2.769e3
1887.3	6.080e2
1887.9	2.748e3
1888.9	3.170e3
1889.4	6.130e2
1890.0	3.118e3
1890.9	2.914e3
1891.7	1.687e3
1892.4	1.100e1
1893.0	3.386e3
1893.6	1.630e2
1894.1	3.193e3
1894.9	1.062e3
1895.7	1.418e3
1896.5	2.860e3
1897.2	1.005e3
1897.8	3.152e3
1898.7	2.670e3
1899.4	6.190e2
1900.2	2.907e3
1901.2	3.190e3
1902.2	1.584e3
1903.1	2.799e3
1904.1	2.597e3
1904.7	1.070e2
1905.2	2.136e3
1906.0	3.000e2
1906.7	2.093e3
1907.6	3.738e3
1908.4	1.254e3
1909.1	3.226e3
1909.9	9.540e2
1910.8	1.835e3
1911.3	3.140e2
1911.8	3.509e3
1912.7	9.680e2
1913.5	2.961e3
1914.5	3.373e3
1915.0	2.380e2
1915.6	1.782e3
1916.5	3.061e3
1917.5	3.036e3
1918.4	3.227e3
1919.3	2.025e3
1919.9	6.100e1
1920.4	1.630e3
1921.2	2.065e3
1922.1	1.151e3
1922.9	2.915e3
1923.9	2.664e3
1924.6	2.149e3
1925.3	2.500e1
1925.8	2.999e3
1926.7	1.327e3
1927.5	2.655e3
1928.1	5.500e1
1928.6	2.810e3
1929.4	6.110e2
1930.2	2.745e3
1930.8	2.400e2
1931.3	2.732e3
1932.2	2.258e3
1932.8	2.620e2
1933.4	2.618e3
1934.0	9.800e1
1934.6	3.502e3
1935.6	1.926e3
1936.5	2.844e3
1937.3	8.820e2
1938.0	1.506e3
1938.6	8.300e1
1939.1	1.689e3
1940.1	2.068e3
1941.0	3.352e3
1941.6	1.720e2
1942.1	2.429e3
1943.1	2.684e3
1944.1	3.028e3
1944.7	4.780e2
1945.3	1.938e3
1946.1	7.000e2
1946.8	2.168e3
1947.7	1.759e3
1948.7	2.055e3
1949.2	1.190e2
1949.8	2.608e3
1950.7	2.749e3
1951.6	1.717e3
1952.1	8.400e1
1952.6	1.990e3
1953.5	1.921e3
1954.5	1.689e3
1955.5	1.665e3
1956.4	2.738e3
1957.2	1.820e3
1957.9	6.300e2
1958.6	2.356e3
1959.6	2.772e3
1960.2	3.300e2
1960.8	2.877e3
1961.8	2.849e3
1962.5	2.360e2
1963.1	2.780e3
1963.6	3.880e2
1964.3	2.589e3
1965.0	6.950e2
1965.6	2.824e3
1966.6	2.499e3
1967.2	2.220e2
1967.8	2.481e3
1968.5	6.710e2
1969.2	2.252e3
1969.7	2.100e1
1970.2	2.396e3
1971.0	3.800e1
1971.5	2.727e3
1972.5	1.603e3
1973.3	3.123e3
1973.9	1.880e2
1974.5	2.573e3
1975.2	4.430e2
1975.9	2.590e3
1976.6	3.490e2
1977.2	2.188e3
1978.2	2.341e3
1979.0	1.259e3
1979.9	3.295e3
1980.8	7.540e2
1981.5	2.104e3
1982.1	1.500e2
1982.8	1.620e3
1983.6	2.924e3
1984.2	4.580e2
1984.8	1.728e3
1985.7	2.095e3
1986.6	2.446e3
1987.5	2.531e3
1988.3	2.163e3
1989.3	2.405e3
1989.8	1.390e2
1990.4	3.618e3
1990.9	9.100e1
1991.5	1.907e3
1992.4	1.401e3
1993.1	3.034e3
1994.0	1.789e3
1994.9	2.236e3
1995.5	3.690e2
1996.2	1.879e3
1996.8	1.990e2
1997.4	2.186e3
1998.0	4.000e0
1998.6	2.112e3
1999.6	1.940e3
