100.1	2.730e2
101.0	2.359e4
102.0	6.537e3
102.5	5.390e2
103.0	8.905e3
104.1	1.750e3
105.1	8.396e3
106.1	6.300e1
107.1	1.270e3
108.1	7.300e2
109.0	3.288e3
110.3	7.300e2
111.0	7.792e4
112.1	5.432e3
113.0	4.917e4
114.0	2.931e3
115.0	1.410e4
116.0	3.367e3
117.0	5.066e4
118.0	9.034e3
119.1	1.276e4
120.0	2.064e3
121.0	2.203e3
122.1	6.870e2
123.0	5.340e2
123.9	1.418e3
124.5	1.900e1
125.0	4.346e3
125.5	1.300e1
126.1	2.476e3
127.1	1.480e3
128.1	1.169e4
129.1	3.968e4
130.2	7.415e3
131.1	3.815e4
131.6	3.200e1
132.1	5.431e3
133.1	2.534e4
134.2	2.405e3
135.0	2.061e4
135.6	5.500e1
136.2	1.640e3
137.1	5.545e4
138.1	6.052e3
139.1	3.463e3
140.0	1.023e3
141.0	1.363e3
142.1	9.130e2
143.1	2.775e3
144.1	8.618e3
145.1	9.537e3
146.1	1.592e4
146.6	3.400e1
147.1	2.482e4
148.1	4.683e3
149.1	7.715e3
150.0	2.867e3
151.0	2.752e3
152.1	1.910e3
153.1	5.718e3
154.1	7.000e3
155.2	8.270e3
156.1	2.881e3
157.1	4.319e3
158.1	1.287e4
159.1	1.121e4
160.1	1.882e3
161.0	1.481e4
162.0	2.623e3
163.0	1.102e4
164.0	3.488e3
164.6	6.270e2
165.1	1.743e4
166.2	2.075e3
167.1	7.035e3
168.0	1.278e3
169.1	2.156e4
169.7	2.310e2
170.2	1.794e3
171.1	5.144e3
172.2	7.688e3
173.1	2.880e4
174.1	5.128e3
175.1	4.844e4
176.1	5.420e3
177.1	3.821e3
178.1	3.438e3
178.6	1.700e1
179.2	1.325e4
180.2	4.965e3
181.1	2.017e4
182.2	1.778e3
183.1	6.242e4
184.0	6.240e3
185.1	9.565e3
186.1	4.979e3
187.1	9.587e3
187.6	5.900e1
188.1	1.771e4
189.1	7.184e3
189.6	5.000e1
190.1	3.500e3
191.1	2.795e5
192.1	2.712e4
193.1	2.850e4
194.1	6.596e3
195.1	3.196e4
195.9	5.610e4
196.4	6.080e2
197.0	9.385e3
197.9	5.600e4
198.6	2.060e2
199.1	5.042e3
199.9	3.660e4
200.4	6.200e2
201.0	5.029e3
202.0	1.291e4
203.1	1.694e4
204.1	5.726e3
205.1	6.840e3
206.0	4.302e3
207.2	1.461e4
208.1	8.821e3
209.1	1.575e4
210.1	4.207e3
211.1	3.222e3
212.1	2.499e4
213.2	8.178e3
214.2	4.143e3
215.1	1.852e4
216.1	5.946e3
217.1	1.108e4
218.2	7.144e3
219.1	3.521e3
220.1	2.870e3
221.1	5.149e3
222.0	4.932e3
222.5	1.500e2
223.1	4.752e3
224.2	3.166e3
225.1	1.615e4
225.7	1.400e1
226.2	5.075e3
227.2	1.175e4
228.0	3.693e3
229.1	5.998e3
229.7	3.170e2
230.2	7.567e3
231.1	5.000e3
232.1	3.021e3
233.2	3.051e3
234.2	5.097e3
235.2	2.054e3
236.1	1.334e4
237.1	3.868e3
238.1	6.534e3
239.1	3.861e3
240.0	1.254e4
241.1	6.575e3
242.0	4.522e3
243.1	9.041e3
244.1	3.056e3
245.2	8.023e3
246.1	4.714e3
247.1	5.341e3
248.0	2.590e3
248.5	1.800e1
249.1	8.976e3
250.2	9.030e2
251.2	2.922e3
252.2	2.451e3
253.2	2.075e3
254.2	2.144e3
255.1	3.897e3
256.1	4.018e3
257.1	5.412e3
258.1	5.435e3
259.1	4.613e3
260.1	4.925e3
260.7	3.250e2
261.2	5.036e3
262.2	3.070e3
263.2	1.225e4
264.1	4.383e3
264.7	7.000e1
265.2	1.288e4
266.2	2.610e3
267.1	5.957e3
267.6	1.500e1
268.1	4.320e3
269.1	6.182e3
270.1	3.091e3
271.1	3.928e3
272.2	2.347e3
273.1	3.802e3
274.2	3.920e3
275.1	4.023e3
275.8	2.840e2
276.3	1.052e4
277.3	5.309e3
278.2	2.576e3
279.2	1.315e4
280.0	1.566e4
280.5	2.170e2
281.1	8.667e3
282.1	6.599e3
282.7	1.770e2
283.3	6.086e3
284.2	2.596e3
285.2	3.330e3
286.1	2.113e3
287.1	6.422e3
288.2	4.697e3
289.1	4.808e3
290.1	7.323e3
291.1	2.377e3
292.0	5.612e3
292.5	2.230e2
293.1	4.396e3
294.1	3.795e3
295.0	3.697e3
295.6	3.450e2
296.2	3.585e3
297.1	8.992e3
297.6	3.550e2
298.2	3.504e3
299.1	5.607e3
300.1	3.677e3
301.2	5.562e3
302.1	4.628e3
303.1	7.166e3
304.2	5.911e3
305.1	5.839e3
306.0	3.437e3
307.1	5.012e3
308.1	5.187e3
309.2	5.297e3
310.1	4.268e3
311.1	6.625e3
312.0	3.099e3
313.2	2.078e4
314.2	5.879e3
315.2	5.267e3
316.1	7.481e3
317.1	6.349e3
317.6	2.050e2
318.1	5.559e3
319.1	7.398e3
320.1	3.292e3
321.1	4.327e3
321.7	8.700e1
322.2	3.316e3
323.1	4.470e3
324.1	4.506e3
324.7	1.010e2
325.2	3.582e3
326.3	3.383e3
327.1	8.422e3
328.2	7.114e3
329.2	6.384e3
330.1	3.765e3
331.0	4.073e3
331.5	1.380e2
332.1	4.163e3
333.2	8.281e3
334.1	4.541e3
335.1	1.222e4
335.6	1.680e2
336.1	6.299e3
337.1	7.620e3
338.1	2.466e3
339.1	4.612e3
340.1	4.898e3
341.2	4.909e4
341.7	1.600e2
342.3	1.046e4
343.2	6.337e3
344.2	7.154e3
345.2	4.190e3
346.3	3.624e3
347.3	4.861e3
348.1	2.150e3
349.0	7.178e3
349.5	9.300e1
350.1	4.574e3
351.2	8.671e3
352.0	4.091e3
352.6	9.200e1
353.1	8.518e3
354.1	4.407e3
354.6	1.220e2
355.2	6.469e3
356.2	4.809e3
357.2	8.476e3
358.2	4.474e3
359.1	4.108e3
360.0	3.819e3
361.1	4.828e3
362.2	3.890e3
363.2	4.289e3
364.1	4.054e3
365.1	8.360e3
366.1	3.465e3
366.7	1.430e2
367.3	5.542e3
368.2	2.851e3
369.1	4.611e3
370.2	5.377e3
371.0	2.466e3
371.7	2.040e2
372.2	3.339e3
373.2	5.309e3
374.0	1.976e3
374.6	1.040e2
375.3	1.544e3
376.2	4.404e3
377.2	3.590e4
378.2	9.757e3
379.2	1.935e4
380.2	3.827e3
381.2	7.617e3
382.1	4.282e3
383.2	4.905e3
383.7	2.010e2
384.3	2.969e3
385.2	4.862e3
386.2	3.197e3
386.7	1.400e1
387.2	9.023e3
388.0	8.400e2
388.6	6.338e3
389.5	4.368e3
390.2	1.212e3
391.0	3.283e3
391.5	4.400e2
392.1	4.312e3
393.1	3.603e3
394.1	3.072e3
395.1	3.702e3
395.7	3.200e2
396.2	4.005e3
397.1	6.516e3
397.7	5.200e1
398.2	3.163e3
399.2	4.636e3
400.0	1.098e3
400.7	2.394e3
401.4	1.773e3
402.2	3.492e3
403.2	4.304e3
404.3	2.819e3
405.1	6.835e3
406.3	3.670e3
407.2	4.039e3
408.1	4.783e3
408.6	1.200e1
409.3	4.026e3
410.1	1.690e3
411.2	4.938e3
412.1	4.823e3
412.6	1.300e2
413.1	3.770e3
414.1	1.685e3
415.1	3.770e3
416.0	3.456e3
416.6	1.370e2
417.2	4.950e3
418.3	3.489e3
419.2	3.578e3
420.2	2.131e3
421.2	1.108e4
422.1	3.583e3
423.2	3.747e3
424.2	2.988e3
425.1	5.377e3
426.2	2.837e3
427.1	5.268e3
428.1	3.816e3
429.0	2.966e3
430.2	3.246e3
431.3	5.666e3
432.3	4.551e3
433.2	4.014e3
434.1	3.213e3
435.1	6.131e3
436.1	6.940e3
437.1	3.552e3
438.1	3.904e3
438.6	2.300e1
439.2	5.543e3
440.2	3.796e3
441.1	4.967e3
442.0	2.192e3
442.6	1.670e2
443.2	7.238e3
444.0	3.062e3
444.6	2.320e2
445.3	3.825e3
446.3	7.410e3
447.4	6.054e3
448.2	2.912e3
449.1	5.396e3
449.7	2.890e2
450.3	2.652e3
451.1	4.023e3
452.1	2.715e3
453.2	6.970e3
454.2	3.722e3
455.2	3.380e3
456.1	3.368e3
456.7	2.920e2
457.3	5.609e3
458.2	6.023e3
459.1	8.909e3
460.2	5.770e3
461.2	7.069e3
462.2	2.821e3
463.2	3.308e3
464.2	2.963e3
465.1	6.328e3
465.7	7.600e1
466.3	4.028e3
467.2	2.136e3
468.1	3.126e3
468.7	5.980e2
469.2	2.349e3
470.2	4.743e3
471.2	6.009e3
472.3	7.166e3
473.3	4.180e3
474.3	8.918e3
475.2	6.242e3
476.2	5.754e3
477.3	7.864e3
478.1	3.402e3
478.7	4.700e1
479.3	5.249e3
480.2	3.911e3
481.0	6.579e3
481.6	6.000e1
482.1	2.301e3
482.7	6.600e1
483.2	3.127e3
484.1	4.045e3
484.7	2.440e2
485.3	2.817e3
486.3	5.439e3
487.3	5.491e3
487.9	1.040e2
488.4	7.246e3
489.2	4.679e3
490.0	6.010e3
491.1	3.662e3
491.6	1.310e2
492.2	3.899e3
493.1	3.231e3
493.6	6.300e1
494.2	3.102e3
495.1	5.289e3
496.1	5.626e3
496.7	1.910e2
497.2	4.980e3
498.1	3.299e3
498.6	1.090e2
499.1	5.005e3
500.0	2.597e3
501.0	4.354e3
501.6	8.620e2
502.3	3.627e3
503.3	1.885e4
504.3	7.100e3
505.3	4.927e3
506.2	5.296e3
507.2	4.463e3
508.2	2.836e3
508.9	4.250e2
509.5	5.515e3
510.4	1.094e3
511.0	6.222e3
511.6	4.460e2
512.2	6.052e3
513.1	2.714e3
513.6	7.200e1
514.2	2.868e3
515.3	5.678e3
516.2	3.919e3
517.1	8.379e3
518.2	5.509e3
518.8	1.490e2
519.3	4.696e3
520.1	3.147e3
521.2	4.269e3
521.7	3.010e2
522.3	3.826e3
523.3	5.211e3
524.2	1.741e3
525.2	3.094e3
526.1	3.971e3
527.2	3.257e3
528.1	3.441e3
528.8	5.900e2
529.5	4.221e3
530.4	3.571e3
531.2	4.028e3
532.3	4.060e3
533.2	8.726e3
534.2	5.941e3
535.2	6.020e3
536.0	2.335e3
536.6	1.240e2
537.1	3.745e3
538.2	3.017e3
538.8	8.600e1
539.3	1.922e4
540.1	2.817e3
541.1	1.082e4
541.7	4.380e2
542.4	5.484e3
542.9	2.600e2
543.4	3.670e3
544.3	2.262e3
545.3	5.052e3
546.1	3.191e3
547.2	4.351e3
548.1	2.788e3
548.7	1.500e2
549.3	1.584e4
550.1	2.020e3
551.0	6.000e3
551.7	9.000e1
552.2	3.518e3
553.1	2.671e3
553.6	1.920e2
554.2	2.478e3
554.8	8.300e1
555.3	2.600e3
556.2	3.356e3
557.3	5.420e3
557.9	7.340e2
558.6	3.947e3
559.2	9.580e2
559.9	2.337e3
560.7	5.430e3
561.4	1.531e3
562.0	2.915e3
562.6	1.880e2
563.2	4.042e3
564.1	2.239e3
565.0	4.861e3
565.6	7.410e2
566.2	4.229e3
566.8	8.800e1
567.3	2.529e3
568.2	3.765e3
568.7	2.910e2
569.2	3.095e3
570.3	2.279e3
571.2	5.227e3
572.0	2.436e3
572.5	2.560e2
573.2	3.215e3
574.2	2.729e3
574.7	1.680e2
575.2	4.304e3
576.2	1.741e3
577.2	3.645e3
578.1	3.033e3
579.0	5.013e3
579.6	1.274e3
580.4	4.483e3
581.2	3.823e3
582.1	2.322e3
582.7	6.360e2
583.3	4.903e3
584.2	1.756e3
585.0	5.387e3
585.6	1.160e2
586.2	5.363e3
587.2	3.954e3
587.7	4.970e2
588.3	3.351e3
589.3	4.553e3
590.2	2.453e3
591.2	1.631e3
591.7	8.400e1
592.2	4.093e3
593.2	4.139e3
594.2	1.614e3
595.0	4.677e3
596.0	2.975e3
596.6	1.300e2
597.2	3.548e3
597.7	2.300e2
598.2	2.614e3
599.2	3.849e3
600.2	2.160e3
601.3	5.090e3
602.2	2.623e3
603.1	4.973e3
603.7	2.130e2
604.2	2.155e3
605.2	3.380e3
606.2	2.989e3
607.3	3.908e3
608.2	4.583e3
608.8	5.920e2
609.4	2.284e3
610.1	4.903e3
610.7	8.500e1
611.2	2.173e3
612.1	4.958e3
613.2	4.320e3
614.2	4.375e3
614.8	4.200e1
615.3	3.829e3
616.0	8.000e2
616.8	3.736e3
617.5	1.641e3
618.1	5.740e2
619.0	2.398e3
619.7	3.521e3
620.7	3.301e3
621.6	1.820e3
622.5	3.206e3
623.3	2.396e3
624.2	3.908e3
625.1	4.172e3
626.1	2.596e3
626.6	5.500e1
627.2	3.938e3
628.2	2.961e3
629.2	4.100e3
629.8	8.330e2
630.6	4.010e3
631.4	1.947e3
632.3	4.447e3
633.2	6.963e3
633.7	5.700e1
634.2	2.686e3
634.8	7.400e1
635.3	5.692e3
636.2	2.475e3
637.3	3.976e3
638.3	1.888e3
639.3	4.048e3
640.3	3.909e3
641.0	1.994e3
642.0	3.613e3
642.9	1.569e3
643.6	4.114e3
644.3	9.820e2
645.0	3.514e3
645.6	2.260e2
646.2	3.572e3
646.7	2.520e2
647.3	3.272e3
648.2	4.390e3
649.2	2.570e3
650.2	4.487e3
651.1	2.140e3
651.8	3.909e3
652.6	1.590e3
653.6	1.580e3
654.3	1.037e3
655.4	2.261e3
656.2	2.751e3
657.3	6.121e3
658.3	4.621e3
659.1	1.259e3
659.8	4.082e3
660.5	8.170e2
661.5	5.120e3
662.4	1.725e3
663.3	2.972e3
664.3	4.414e3
665.0	1.185e3
665.6	2.508e3
666.5	2.560e3
667.6	5.437e3
668.3	1.003e3
669.1	3.587e3
669.7	7.500e1
670.3	4.986e3
671.2	3.715e3
672.1	2.850e3
672.7	1.130e2
673.2	4.918e3
673.8	3.330e2
674.4	5.340e3
675.0	7.230e2
675.7	5.025e3
676.5	2.232e3
677.4	2.669e3
678.0	1.410e2
678.5	1.805e3
679.3	4.431e3
680.3	1.772e3
681.2	1.960e3
682.0	3.198e3
682.7	4.080e2
683.4	3.871e3
684.4	4.138e3
685.2	4.857e3
686.2	1.730e3
687.2	4.549e3
688.2	2.119e3
689.0	4.314e3
690.0	2.896e3
690.6	2.360e2
691.3	3.602e3
692.0	1.411e3
692.7	4.392e3
693.6	3.541e3
694.4	2.253e3
695.3	6.371e3
695.8	2.000e2
696.4	4.103e3
697.4	5.718e3
698.3	2.675e3
699.2	2.159e3
699.7	1.250e2
700.2	3.387e3
701.3	6.163e3
702.2	1.893e3
703.2	3.398e3
704.0	3.198e3
704.5	3.260e2
705.2	3.273e3
706.2	2.068e3
706.8	1.600e2
707.3	2.112e3
708.2	1.845e3
709.1	3.891e3
710.2	1.957e3
711.2	5.425e3
712.2	2.941e3
713.0	2.640e2
713.9	3.646e3
714.5	1.244e3
715.1	4.071e3
715.9	1.807e3
716.9	3.965e3
717.9	4.742e3
718.8	2.074e3
719.6	3.669e3
720.3	2.003e3
721.1	4.331e3
721.7	1.070e2
722.2	2.571e3
723.2	3.973e3
724.0	5.620e2
724.7	3.405e3
725.4	1.300e3
726.0	3.309e3
726.8	3.378e3
727.8	2.005e3
728.6	2.776e3
729.6	3.252e3
730.2	1.030e3
731.1	4.638e3
732.3	3.499e3
732.8	2.700e1
733.3	4.363e3
734.0	1.103e3
734.9	5.044e3
735.6	1.001e3
736.2	3.067e3
737.3	2.960e3
738.2	2.547e3
738.9	6.210e2
739.6	1.708e3
740.5	3.425e3
741.0	3.100e2
741.6	2.167e3
742.3	3.488e3
743.3	2.110e3
744.3	2.304e3
745.2	2.938e3
745.7	1.510e2
746.3	2.975e3
747.4	3.132e3
747.9	4.500e1
748.4	2.369e3
749.1	5.590e2
749.8	2.288e3
750.4	1.018e3
751.1	2.273e3
751.9	3.584e3
752.5	9.900e1
753.2	3.395e3
754.1	3.373e3
755.4	2.878e3
756.2	2.018e3
757.2	1.898e3
758.0	3.630e3
759.0	2.493e3
759.6	3.920e2
760.4	2.904e3
761.3	1.912e3
761.9	1.360e2
762.4	2.139e3
763.1	1.088e3
763.9	2.996e3
764.5	2.440e2
765.0	3.040e3
766.0	2.865e3
767.0	1.824e3
767.6	3.800e1
768.1	3.276e3
768.6	2.180e2
769.2	4.494e3
769.8	6.050e2
770.6	2.700e3
771.1	4.600e1
771.7	3.240e3
772.4	2.023e3
773.1	4.306e3
773.8	5.870e2
774.4	3.095e3
775.3	3.768e3
776.0	1.932e3
776.8	7.980e2
777.5	3.821e3
778.3	5.320e2
779.0	2.401e3
779.6	1.010e2
780.3	2.354e3
780.9	1.469e3
781.6	3.216e3
782.5	4.059e3
783.1	3.960e2
783.8	1.575e3
784.7	5.640e3
785.3	3.310e2
786.0	2.943e3
786.6	1.050e2
787.1	4.783e3
788.0	2.798e3
789.0	1.809e3
790.0	4.031e3
790.7	2.270e2
791.2	2.109e3
792.1	3.223e3
792.8	6.580e2
793.4	2.169e3
794.2	5.900e2
794.9	3.128e3
795.5	6.150e2
796.2	2.896e3
796.7	1.700e1
797.3	3.058e3
797.8	1.920e2
798.4	1.945e3
799.2	3.099e3
800.2	1.147e3
801.1	3.797e3
801.6	2.650e2
802.3	3.927e3
803.1	2.172e3
803.8	3.910e2
804.4	1.766e3
805.1	5.280e3
805.7	3.630e2
806.4	1.221e3
807.3	2.627e3
808.2	3.658e3
808.7	1.000e2
809.3	4.410e3
810.0	6.170e2
810.6	3.300e1
811.1	1.783e3
811.7	5.700e1
812.2	2.719e3
813.3	2.877e3
814.2	2.141e3
815.2	3.078e3
816.2	1.782e3
817.0	1.888e3
817.7	6.800e1
818.4	1.701e3
819.3	2.936e3
820.1	1.123e3
821.1	3.595e3
821.6	7.200e2
822.2	2.710e3
822.9	1.160e2
823.4	3.420e3
824.5	2.291e3
825.0	2.480e2
825.6	1.813e3
826.5	5.550e2
827.2	3.629e3
828.1	2.332e3
828.7	8.500e1
829.2	2.030e3
829.8	5.090e2
830.4	2.173e3
831.3	4.099e3
831.9	7.200e1
832.4	3.384e3
833.1	1.850e3
834.0	4.792e3
834.9	6.360e2
835.6	1.638e3
836.3	1.178e3
837.3	3.813e3
838.3	2.065e3
839.2	1.480e2
839.7	2.825e3
840.5	1.053e3
841.1	2.294e3
842.2	3.300e3
842.8	1.600e1
843.4	1.055e3
844.2	1.898e3
845.2	2.480e3
845.8	6.000e1
846.3	3.574e3
847.1	4.820e2
847.7	9.350e2
848.3	2.149e3
848.9	2.300e1
849.4	2.449e3
850.1	9.820e2
851.0	1.380e3
851.8	3.832e3
852.9	4.474e3
853.5	7.330e2
854.2	1.865e3
855.1	1.507e3
855.8	3.960e2
856.4	1.013e3
857.4	8.740e2
858.3	1.936e3
858.8	1.600e1
859.3	3.156e3
860.0	2.330e2
860.6	1.757e3
861.2	1.470e2
861.7	2.912e3
862.6	6.700e2
863.3	3.736e3
864.1	1.438e3
864.8	2.676e3
865.6	5.030e2
866.6	2.683e3
867.5	9.400e2
868.2	8.270e2
868.9	3.217e3
869.7	3.600e2
870.2	2.006e3
871.2	4.007e3
872.3	1.313e3
872.8	1.140e2
873.3	1.669e3
874.2	1.139e3
875.3	2.146e3
876.2	3.790e3
876.9	6.020e2
877.5	3.523e3
878.3	4.360e2
878.9	2.649e3
879.5	3.150e2
880.0	1.917e3
880.6	7.900e1
881.1	1.479e3
882.2	3.407e3
882.9	5.300e2
883.6	6.720e2
884.1	4.900e1
884.8	2.727e3
885.5	1.396e3
886.3	1.549e3
887.2	2.171e3
888.0	1.797e3
888.7	2.515e3
889.7	2.643e3
890.5	7.060e2
891.3	3.157e3
892.0	2.260e2
892.5	2.667e3
893.5	2.294e3
894.4	1.270e3
895.4	1.925e3
896.4	6.690e2
897.1	4.990e2
897.7	2.215e3
898.7	3.189e3
899.5	2.412e3
900.5	2.123e3
901.3	2.921e3
902.1	9.570e2
902.8	4.500e2
903.6	2.505e3
904.3	9.170e2
905.1	2.229e3
905.8	5.180e2
906.5	3.772e3
907.4	1.799e3
908.3	1.497e3
908.9	1.400e1
909.4	1.373e3
910.2	1.110e3
911.1	3.163e3
912.0	7.320e2
912.9	2.328e3
913.6	4.650e2
914.2	1.997e3
915.1	2.904e3
916.0	1.724e3
917.1	1.877e3
917.9	1.748e3
919.0	2.748e3
919.8	1.365e3
920.7	2.097e3
921.7	3.019e3
922.5	1.505e3
923.3	1.968e3
923.8	8.400e1
924.6	2.669e3
925.5	2.041e3
926.4	1.937e3
927.2	1.882e3
928.2	7.500e2
929.3	1.218e3
930.1	2.374e3
930.9	1.460e2
931.6	1.872e3
932.4	9.870e2
933.0	3.480e2
933.7	5.180e3
934.5	1.433e3
935.4	3.494e3
936.1	3.980e2
936.6	4.210e3
937.2	2.000e2
937.9	2.155e3
938.8	3.724e3
939.7	2.265e3
940.5	8.490e2
941.3	2.262e3
942.1	8.760e2
942.6	8.800e1
943.1	1.590e3
944.1	2.819e3
944.6	2.300e1
945.2	2.130e3
945.9	6.860e2
946.6	2.300e3
947.7	1.504e3
948.6	1.322e3
949.5	2.581e3
950.4	1.673e3
951.4	2.267e3
952.1	3.400e2
952.7	3.224e3
953.4	5.090e2
954.1	3.570e2
954.8	3.576e3
955.5	9.000e2
956.3	2.861e3
957.2	1.614e3
958.0	2.516e3
959.1	2.795e3
960.1	1.727e3
961.1	3.260e3
961.6	1.140e2
962.1	3.071e3
963.0	1.092e3
963.7	1.954e3
964.4	4.050e2
965.3	1.717e3
966.2	2.253e3
967.0	3.292e3
967.9	1.142e3
968.7	3.102e3
969.3	2.450e2
970.1	2.848e3
970.9	8.850e2
971.5	2.268e3
972.3	7.400e1
972.8	3.008e3
973.7	3.479e3
974.3	5.200e1
975.1	2.762e3
976.0	1.457e3
976.6	1.180e2
977.2	1.989e3
978.2	2.105e3
979.0	2.405e3
980.1	1.559e3
980.8	4.450e2
981.7	3.329e3
982.3	9.200e1
982.9	2.762e3
983.9	1.265e3
984.8	1.097e3
985.6	3.286e3
986.4	1.872e3
987.6	5.332e3
988.5	3.002e3
989.6	2.141e3
990.5	7.400e2
991.3	1.854e3
992.3	1.208e3
993.5	1.009e3
994.2	7.920e2
995.0	2.143e3
995.9	3.049e3
996.5	6.990e2
997.4	5.515e3
998.1	1.031e3
998.7	1.921e3
999.3	2.370e2
999.9	3.585e3
1000.7	2.020e2
1001.2	2.792e3
1001.7	4.500e1
1002.3	1.260e3
1003.2	1.469e3
1004.2	1.234e3
1005.3	2.260e3
1006.2	1.972e3
1007.3	2.290e3
1008.2	2.410e3
1008.9	1.820e2
1009.8	3.831e3
1010.7	2.890e2
1011.4	2.946e3
1012.4	1.326e3
1013.0	5.320e2
1013.7	3.234e3
1014.4	5.290e2
1015.1	2.807e3
1016.1	1.717e3
1016.7	1.580e2
1017.3	1.161e3
1018.1	3.760e2
1018.9	8.590e2
1019.8	1.615e3
1020.7	3.424e3
1021.3	1.440e2
1021.8	2.266e3
1022.7	3.741e3
1023.6	1.896e3
1024.5	1.010e3
1025.2	3.062e3
1026.0	2.518e3
1027.0	1.724e3
1027.8	2.514e3
1028.3	1.540e2
1028.8	2.341e3
1029.4	6.100e1
1029.9	3.810e2
1030.6	2.339e3
1031.4	1.472e3
1032.1	3.478e3
1033.2	1.693e3
1034.4	1.464e3
1035.2	2.427e3
1036.1	5.220e2
1036.9	2.579e3
1037.8	2.282e3
1038.6	8.540e2
1039.5	1.933e3
1040.6	2.614e3
1041.2	4.400e1
1041.8	1.930e3
1042.8	4.794e3
1043.5	4.130e2
1044.3	1.567e3
1045.0	6.480e2
1045.7	3.489e3
1046.2	1.300e1
1046.7	2.733e3
1047.5	1.811e3
1048.5	1.713e3
1049.6	2.202e3
1050.2	4.000e1
1050.7	2.013e3
1051.5	2.688e3
1052.3	2.770e2
1053.3	2.050e3
1054.1	1.543e3
1054.7	1.200e2
1055.2	2.439e3
1056.1	1.320e3
1056.8	1.091e3
1057.5	1.255e3
1058.2	7.100e2
1058.8	1.010e2
1059.4	1.969e3
1060.6	1.770e3
1061.5	1.748e3
1062.1	2.350e2
1062.6	2.758e3
1063.3	5.700e2
1063.9	2.144e3
1065.0	1.599e3
1066.0	1.780e2
1066.7	1.147e3
1067.5	1.299e3
1068.8	3.915e3
1069.8	1.759e3
1070.9	2.374e3
1071.5	5.100e2
1072.5	1.357e3
1073.4	1.956e3
1074.2	9.840e2
1074.7	3.510e2
1075.4	2.063e3
1076.2	2.782e3
1077.0	1.589e3
1077.6	2.870e2
1078.2	1.975e3
1078.8	2.800e1
1079.3	8.360e2
1080.2	1.634e3
1080.8	5.100e1
1081.3	1.416e3
1082.0	4.500e1
1082.8	3.321e3
1083.5	1.173e3
1084.2	5.440e2
1085.2	6.570e2
1086.1	3.696e3
1087.0	4.690e2
1088.0	9.570e2
1089.0	1.786e3
1090.0	1.760e3
1090.5	3.100e1
1091.2	2.360e3
1092.0	5.910e2
1092.5	1.480e2
1093.2	3.538e3
1094.2	1.539e3
1095.1	3.266e3
1096.1	1.720e3
1096.9	5.400e2
1097.6	2.128e3
1098.5	1.429e3
1099.1	6.110e2
1100.1	7.720e2
1100.8	1.976e3
1102.0	1.798e3
1102.9	2.636e3
1103.6	2.680e2
1104.1	2.218e3
1105.1	1.552e3
1105.9	1.017e3
1106.5	1.690e2
1107.1	7.350e2
1108.0	3.409e3
1108.8	4.500e2
1109.4	2.180e3
1110.0	3.960e2
1110.6	2.448e3
1111.6	1.597e3
1112.5	1.608e3
1113.0	3.180e2
1113.7	1.304e3
1114.9	1.772e3
1115.9	5.820e2
1116.6	2.223e3
1118.2	7.300e2
1118.9	6.990e2
1119.8	2.760e3
1120.6	7.240e2
1121.3	2.222e3
1122.0	1.082e3
1123.0	4.034e3
1124.1	6.140e2
1125.0	2.366e3
1126.2	1.372e3
1127.2	1.077e3
1128.0	4.027e3
1128.6	4.300e2
1129.2	5.850e2
1129.9	1.011e3
1130.7	2.087e3
1131.3	1.970e2
1131.8	4.471e3
1132.5	5.900e2
1133.1	1.970e3
1134.1	1.399e3
1135.0	1.121e3
1135.9	8.230e2
1136.7	2.419e3
1137.5	1.138e3
1138.1	1.810e3
1139.0	2.650e2
1139.8	1.519e3
1140.7	2.410e3
1141.5	1.010e3
1142.4	2.142e3
1143.1	1.438e3
1143.8	5.700e2
1144.4	1.423e3
1145.1	1.120e2
1145.6	1.550e3
1146.2	3.990e2
1147.0	3.154e3
1147.6	7.910e2
1148.3	3.192e3
1149.1	2.380e2
1149.7	2.152e3
1150.4	1.437e3
1151.2	1.955e3
1151.8	3.810e2
1152.4	1.040e3
1153.2	1.749e3
1154.1	2.162e3
1154.7	4.000e1
1155.4	7.840e2
1156.0	1.340e2
1156.7	2.668e3
1157.4	1.050e2
1158.0	2.996e3
1158.6	8.120e2
1159.5	1.817e3
1160.4	1.960e3
1161.3	1.859e3
1161.8	1.390e2
1162.6	1.202e3
1163.3	3.000e2
1163.9	1.803e3
1164.4	8.100e1
1165.1	1.353e3
1166.1	9.200e2
1166.9	3.853e3
1167.8	9.400e2
1168.4	2.255e3
1169.2	5.620e2
1169.7	1.540e2
1170.3	1.208e3
1171.2	9.360e2
1172.0	2.183e3
1173.3	1.852e3
1174.0	1.087e3
1174.6	4.237e3
1175.3	5.650e2
1176.0	1.806e3
1177.1	7.430e2
1177.8	1.263e3
1178.6	7.140e2
1179.4	4.990e2
1180.1	1.733e3
1180.9	1.920e3
1181.7	4.680e2
1182.5	2.019e3
1183.2	7.460e2
1183.8	2.714e3
1184.8	9.970e2
1185.5	3.930e2
1186.2	1.324e3
1187.1	1.837e3
1188.0	1.985e3
1189.0	3.602e3
1190.0	3.910e3
1190.7	6.910e2
1191.5	9.010e2
1192.3	2.739e3
1193.1	7.070e2
1194.1	8.000e1
1194.8	3.232e3
1196.3	2.184e3
1196.9	7.700e1
1197.4	1.696e3
1197.9	8.300e1
1198.5	1.498e3
1199.5	1.352e3
1200.4	9.390e2
1201.1	6.030e2
1201.8	1.490e3
1202.7	1.361e3
1203.8	7.390e2
1204.9	6.150e2
1205.6	3.771e3
1206.7	1.149e3
1207.3	6.500e1
1207.8	1.900e3
1208.8	1.720e2
1209.3	3.379e3
1210.0	4.830e2
1210.8	1.324e3
1212.0	3.675e3
1212.9	9.610e2
1213.7	2.156e3
1214.8	1.686e3
1215.7	1.097e3
1216.5	1.141e3
1217.1	6.900e1
1217.9	1.686e3
1218.7	2.070e2
1219.2	1.113e3
1220.4	3.710e2
1221.1	2.349e3
1222.4	1.070e3
1223.1	2.491e3
1223.9	1.586e3
1224.6	9.800e1
1225.2	2.350e3
1225.9	5.790e2
1226.7	6.760e2
1227.3	8.760e2
1228.0	1.683e3
1229.1	2.354e3
1229.8	3.600e1
1230.4	1.097e3
1231.4	3.730e2
1232.2	1.382e3
1232.9	2.422e3
1234.1	7.130e2
1234.8	7.970e2
1235.7	1.346e3
1236.4	3.210e2
1237.4	5.400e2
1238.4	2.346e3
1239.3	2.195e3
1240.1	4.810e2
1241.0	9.330e2
1241.7	1.361e3
1243.0	3.344e3
1243.8	7.870e2
1244.5	3.157e3
1245.4	8.600e2
1246.0	1.860e2
1246.6	3.157e3
1247.6	2.469e3
1248.5	2.430e2
1249.2	6.820e2
1250.1	8.120e2
1250.9	9.850e2
1251.8	1.729e3
1252.7	1.740e2
1253.4	8.840e2
1254.4	8.440e2
1255.1	1.622e3
1255.9	2.066e3
1256.8	8.360e2
1257.4	1.900e1
1257.9	1.635e3
1258.6	8.560e2
1259.4	3.001e3
1259.9	3.000e1
1260.5	2.079e3
1261.5	1.476e3
1262.3	2.800e1
1263.0	1.641e3
1264.0	5.123e3
1264.6	9.100e1
1265.2	7.690e2
1266.0	5.020e2
1266.8	1.211e3
1267.5	8.060e2
1268.4	2.332e3
1269.1	1.373e3
1270.0	1.260e2
1270.6	5.590e2
1271.5	8.690e2
1272.4	1.616e3
1273.1	1.620e2
1273.8	9.020e2
1275.0	1.639e3
1275.8	1.832e3
1276.4	2.080e2
1277.2	7.740e2
1278.1	1.387e3
1278.6	1.400e2
1279.1	2.611e3
1280.6	2.102e3
1281.4	1.453e3
1282.2	2.078e3
1283.8	1.993e3
1284.5	9.120e2
1285.4	1.984e3
1286.3	6.060e2
1287.3	1.128e3
1288.1	1.623e3
1288.7	6.240e2
1289.4	5.540e2
1290.3	4.950e2
1291.0	1.717e3
1291.9	1.413e3
1292.5	1.480e2
1293.4	3.028e3
1294.1	9.310e2
1294.9	2.902e3
1296.4	1.987e3
1297.3	6.650e2
1298.1	2.130e3
1299.0	1.440e3
1300.0	1.098e3
1301.0	2.232e3
1301.7	2.230e2
1302.4	2.603e3
1303.1	2.710e2
1303.6	2.407e3
1304.3	2.700e1
1304.9	2.237e3
1305.4	4.900e1
1306.2	2.670e3
1307.0	1.790e2
1307.6	7.420e2
1308.5	1.736e3
1309.4	1.270e2
1310.0	1.232e3
1310.9	1.574e3
1311.8	1.218e3
1312.5	2.590e2
1313.2	2.142e3
1314.2	1.049e3
1315.2	1.851e3
1316.2	8.750e2
1317.2	1.559e3
1318.0	4.720e2
1318.8	1.923e3
1319.4	4.810e2
1320.0	7.600e1
1320.5	1.801e3
1321.3	2.070e2
1321.9	2.007e3
1322.7	3.500e2
1323.3	1.098e3
1324.3	9.670e2
1325.1	1.071e3
1326.2	1.630e3
1327.1	1.533e3
1327.7	1.912e3
1328.3	1.510e2
1328.8	1.567e3
1329.6	1.289e3
1330.2	1.280e2
1330.8	1.400e1
1331.7	1.617e3
1332.2	9.460e2
1332.9	2.041e3
1333.7	6.160e2
1334.5	9.910e2
1335.5	4.600e1
1336.0	5.490e2
1336.8	1.739e3
1337.6	7.520e2
1338.6	2.822e3
1339.1	1.310e2
1339.6	1.110e3
1340.5	1.167e3
1341.4	6.430e2
1342.2	9.100e1
1342.8	1.974e3
1343.8	2.093e3
1344.7	2.800e2
1345.4	1.003e3
1346.3	1.836e3
1347.5	1.849e3
1348.1	4.140e2
1348.7	1.857e3
1349.2	2.200e1
1349.7	3.220e2
1350.3	1.285e3
1351.3	5.390e2
1352.0	7.370e2
1352.8	1.152e3
1353.7	1.060e3
1354.5	6.310e2
1355.2	5.180e2
1355.8	1.584e3
1356.8	5.200e2
1357.8	1.980e2
1358.7	1.930e3
1359.5	8.730e2
1360.4	6.350e2
1361.3	1.490e2
1362.3	1.300e2
1363.2	1.873e3
1364.0	6.190e2
1364.5	9.300e1
1365.1	9.140e2
1365.8	1.860e2
1366.3	2.132e3
1367.3	2.446e3
1368.3	1.014e3
1369.1	6.210e2
1369.8	8.130e2
1370.6	1.031e3
1371.2	1.680e2
1371.7	9.530e2
1372.4	1.710e3
1373.1	4.290e2
1374.0	2.069e3
1374.6	4.260e2
1375.4	9.350e2
1376.2	8.180e2
1377.1	2.527e3
1378.2	1.756e3
1378.7	1.130e2
1379.3	4.980e2
1380.3	3.700e2
1381.1	1.319e3
1381.9	2.089e3
1382.6	3.310e2
1383.9	6.970e2
1384.5	1.060e2
1385.1	7.610e2
1385.8	7.030e2
1386.4	2.160e2
1387.2	2.235e3
1388.1	9.950e2
1389.0	2.160e3
1389.7	1.370e2
1390.5	3.590e2
1391.3	2.153e3
1392.2	1.357e3
1392.9	6.330e2
1393.7	6.740e2
1394.5	2.080e2
1395.2	1.209e3
1395.8	3.690e2
1396.6	1.190e3
1397.3	6.840e2
1398.2	1.287e3
1399.1	1.900e1
1400.0	3.950e2
1400.8	5.800e2
1401.4	3.300e2
1402.2	2.505e3
1403.0	9.900e1
1403.6	7.980e2
1404.4	1.216e3
1405.2	1.260e3
1405.9	4.400e2
1406.8	2.132e3
1407.6	7.380e2
1408.5	1.580e2
1409.2	9.470e2
1410.0	3.526e3
1410.9	5.630e2
1412.0	8.280e2
1412.5	1.370e2
1413.1	5.170e2
1414.0	4.180e2
1414.8	5.750e2
1415.8	2.350e2
1416.5	9.090e2
1417.3	1.882e3
1418.5	1.547e3
1419.3	2.084e3
1420.0	8.560e2
1420.9	2.252e3
1421.6	2.150e2
1422.2	4.310e2
1422.8	2.665e3
1423.8	7.700e2
1424.5	1.568e3
1425.4	9.520e2
1426.0	6.500e1
1426.8	2.081e3
1427.7	6.470e2
1428.6	5.330e2
1429.5	1.684e3
1430.4	1.940e2
1431.2	5.700e2
1431.8	2.870e2
1432.4	1.137e3
1433.2	8.080e2
1434.0	4.410e2
1434.8	5.950e2
1435.6	2.690e2
1436.3	5.580e2
1437.1	1.550e3
1438.1	1.067e3
1438.8	1.700e2
1439.4	9.150e2
1440.2	2.759e3
1441.1	5.330e2
1442.0	1.172e3
1442.6	2.720e2
1443.3	8.540e2
1444.3	2.577e3
1445.2	7.110e2
1446.1	1.496e3
1447.1	1.400e1
1447.6	1.036e3
1448.5	7.800e1
1449.0	1.023e3
1449.8	8.440e2
1451.1	7.120e2
1451.9	1.748e3
1452.8	2.320e2
1453.6	2.030e2
1454.2	9.050e2
1455.1	5.670e2
1455.9	2.320e2
1456.6	8.060e2
1457.4	1.188e3
1458.1	2.020e2
1458.8	1.236e3
1459.8	1.078e3
1460.6	8.360e2
1461.5	5.440e2
1462.3	1.171e3
1463.5	9.130e2
1464.4	7.700e2
1465.2	9.240e2
1465.9	1.543e3
1466.6	7.330e2
1467.5	5.470e2
1468.6	8.870e2
1469.4	1.451e3
1470.3	1.792e3
1471.0	3.240e2
1471.6	1.390e3
1472.5	1.261e3
1473.5	1.776e3
1474.2	7.600e1
1474.7	1.599e3
1475.8	6.350e2
1476.8	4.450e2
1477.4	2.040e2
1478.1	1.003e3
1479.0	1.020e2
1479.7	1.437e3
1480.6	1.360e3
1481.5	6.600e1
1482.2	8.790e2
1483.1	4.820e2
1483.8	3.600e2
1484.4	1.660e2
1485.0	1.195e3
1485.7	8.500e1
1486.4	1.491e3
1487.4	2.028e3
1488.4	1.003e3
1489.2	1.234e3
1489.7	1.600e1
1490.2	4.030e2
1491.0	1.280e2
1491.8	7.690e2
1492.5	1.431e3
1493.3	3.430e2
1494.0	3.400e1
1494.8	2.079e3
1495.8	7.790e2
1496.7	6.510e2
1497.3	1.550e2
1498.5	6.140e2
1499.4	1.924e3
1500.4	4.930e2
1501.3	1.752e3
1502.1	6.320e2
1502.7	1.800e1
1503.6	1.024e3
1504.5	6.080e2
1505.4	1.072e3
1505.9	1.110e2
1506.5	4.840e2
1507.1	1.550e2
1507.7	1.336e3
1508.6	8.360e2
1509.5	1.000e3
1510.6	5.840e2
1511.1	5.300e1
1511.8	5.920e2
1513.0	6.920e2
1513.9	1.307e3
1514.5	1.400e1
1515.5	6.770e2
1516.1	4.470e2
1516.8	1.682e3
1517.7	1.029e3
1518.3	5.900e2
1518.9	1.430e2
1519.6	3.890e2
1520.2	2.761e3
1521.3	8.550e2
1521.9	5.070e2
1522.5	5.990e2
1523.4	6.320e2
1525.0	1.648e3
1526.0	1.333e3
1526.8	5.000e2
1527.5	2.250e2
1528.0	9.500e1
1528.6	5.970e2
1529.3	2.515e3
1530.0	7.660e2
1531.1	2.277e3
1532.0	5.200e1
1532.6	5.830e2
1533.4	1.224e3
1534.1	5.390e2
1534.8	7.060e2
1535.6	6.230e2
1536.2	1.270e2
1536.9	9.630e2
1537.9	1.304e3
1538.6	5.670e2
1539.4	2.650e2
1540.3	1.170e3
1541.0	2.790e2
1541.7	1.070e2
1542.6	2.740e2
1543.6	2.108e3
1544.4	7.290e2
1545.2	4.940e2
1545.9	1.866e3
1546.7	9.260e2
1547.6	1.120e3
1548.8	3.890e2
1549.9	1.165e3
1550.4	1.500e2
1551.4	1.456e3
1552.8	1.235e3
1553.5	1.180e2
1554.0	2.480e2
1555.0	1.526e3
1555.5	1.260e2
1556.7	9.930e2
1557.5	4.300e1
1558.2	1.201e3
1558.8	1.200e1
1559.6	1.018e3
1560.3	3.222e3
1561.0	7.200e1
1561.6	9.140e2
1563.0	5.640e2
1563.8	5.440e2
1564.8	7.990e2
1565.8	2.220e2
1566.4	1.810e2
1567.2	2.099e3
1568.3	3.380e2
1569.1	7.900e1
1569.8	7.910e2
1570.4	1.228e3
1571.5	4.200e2
1572.5	1.239e3
1573.4	3.700e2
1574.2	4.590e2
1574.8	8.230e2
1575.4	2.400e1
1576.1	2.279e3
1576.9	1.781e3
1577.9	5.460e2
1578.5	4.300e1
1579.0	7.540e2
1580.1	8.410e2
1580.8	3.670e2
1581.3	6.200e2
1582.3	9.340e2
1583.6	4.950e2
1584.5	1.930e3
1585.2	1.920e2
1585.8	1.620e3
1586.4	1.800e1
1587.0	1.051e3
1587.9	1.470e2
1588.8	8.100e2
1589.5	4.000e2
1590.1	9.530e2
1591.2	8.810e2
1592.2	2.332e3
1592.9	4.170e2
1594.0	9.800e2
1594.7	2.300e1
1595.3	3.420e2
1596.8	1.070e2
1597.4	2.140e2
1598.0	1.356e3
1598.9	8.430e2
1599.7	6.340e2
1600.7	6.140e2
1601.5	5.660e2
1602.2	4.700e1
1602.8	4.320e2
1603.5	1.680e2
1604.2	8.680e2
1604.8	1.900e1
1605.5	7.360e2
1606.1	1.200e1
1606.7	1.260e2
1607.8	7.300e2
1608.4	1.709e3
1609.6	1.110e2
1610.7	7.190e2
1611.4	8.370e2
1612.2	1.087e3
1612.8	3.600e1
1613.4	1.257e3
1614.3	3.740e2
1615.1	1.191e3
1616.2	6.670e2
1616.7	1.560e2
1617.5	3.250e2
1618.1	1.636e3
1618.9	4.490e2
1619.7	9.240e2
1620.6	1.401e3
1621.6	4.280e2
1622.2	1.300e1
1622.8	1.642e3
1624.0	1.312e3
1625.5	8.850e2
1626.2	1.690e2
1626.7	6.910e2
1627.7	8.350e2
1628.3	3.800e1
1628.9	2.820e2
1629.5	1.210e3
1630.8	4.450e2
1632.1	5.880e2
1633.1	3.730e2
1633.6	9.630e2
1634.5	6.120e2
1635.5	2.586e3
1636.3	1.200e1
1636.8	9.680e2
1637.4	1.080e2
1638.5	1.108e3
1639.5	3.100e2
1640.1	9.850e2
1641.5	1.588e3
1642.3	1.640e2
1643.0	1.817e3
1643.9	7.670e2
1645.0	1.537e3
1645.5	1.770e2
1646.3	1.860e3
1646.9	3.420e2
1648.0	5.190e2
1649.0	1.186e3
1649.8	1.230e2
1650.6	1.520e2
1651.4	9.260e2
1652.5	8.080e2
1653.7	5.060e2
1654.4	9.300e1
1655.1	8.330e2
1655.9	2.660e2
1656.9	6.880e2
1657.6	3.570e2
1658.8	7.170e2
1659.7	7.950e2
1660.4	6.200e2
1661.0	1.290e2
1661.7	9.100e2
1662.5	1.306e3
1663.1	9.700e1
1663.9	8.900e2
1664.6	1.890e2
1665.1	1.600e1
1665.7	1.498e3
1666.4	5.730e2
1667.8	6.800e2
1668.7	1.127e3
1669.2	2.400e2
1669.8	1.640e2
1670.6	1.668e3
1671.3	1.560e2
1672.1	6.720e2
1673.1	1.410e2
1674.0	2.610e2
1675.3	9.760e2
1676.0	5.140e2
1676.9	6.880e2
1677.8	2.920e2
1678.4	1.089e3
1679.6	1.360e3
1680.3	7.090e2
1681.0	6.860e2
1681.8	1.732e3
1682.5	2.620e2
1683.4	4.200e2
1684.6	2.040e2
1685.3	1.700e1
1686.5	3.900e1
1687.2	2.320e2
1687.8	1.437e3
1688.6	1.190e2
1690.0	2.850e2
1690.8	8.660e2
1692.4	8.490e2
1693.5	4.500e2
1694.4	1.384e3
1695.1	2.110e2
1695.8	1.734e3
1696.3	1.220e2
1697.7	1.449e3
1698.5	8.980e2
1699.3	1.139e3
1700.1	1.150e2
1700.7	3.510e3
1702.2	1.241e3
1703.2	3.220e2
1704.2	1.800e1
1704.9	2.150e2
1705.5	1.645e3
1706.6	2.138e3
1707.3	3.670e2
1708.0	1.229e3
1708.9	7.910e2
1709.6	8.500e1
1710.4	3.430e2
1711.1	1.557e3
1712.9	1.146e3
1713.8	2.910e2
1714.8	7.500e1
1715.7	8.330e2
1716.7	1.480e2
1717.8	6.370e2
1718.5	7.800e2
1719.1	9.300e2
1719.9	2.990e2
1721.4	2.017e3
1722.4	8.770e2
1723.3	5.380e2
1723.9	2.410e2
1725.1	6.440e2
1725.9	3.590e2
1726.4	1.200e1
1727.1	1.026e3
1727.8	1.130e2
1728.4	6.420e2
1729.8	1.820e2
1730.7	1.028e3
1731.3	3.200e2
1731.9	7.830e2
1732.7	6.750e2
1733.4	1.163e3
1734.0	2.450e2
1734.6	2.500e1
1735.2	1.471e3
1735.9	2.040e2
1737.0	1.162e3
1737.7	5.960e2
1738.6	9.720e2
1739.4	7.350e2
1739.9	1.500e2
1740.6	2.154e3
1741.4	5.160e2
1742.1	2.650e2
1743.5	4.210e2
1744.3	8.060e2
1745.2	3.770e2
1745.9	8.990e2
1746.9	4.050e2
1747.7	2.490e2
1748.6	1.402e3
1749.4	1.370e2
1750.1	5.270e2
1751.0	1.441e3
1751.7	2.230e2
1752.7	2.340e2
1754.1	7.650e2
1755.1	1.144e3
1756.4	6.840e2
1757.2	2.670e2
1757.8	4.070e2
1758.4	2.580e2
1759.6	1.200e1
1760.8	3.190e2
1761.6	3.330e2
1762.9	1.800e1
1765.6	1.420e2
1766.8	1.301e3
1767.3	3.650e2
1768.1	5.870e2
1768.8	6.200e1
1769.5	4.130e2
1770.1	3.087e3
1770.8	7.630e2
1771.6	1.682e3
1772.7	1.400e1
1773.2	6.940e2
1774.3	5.540e2
1775.0	1.200e1
1776.3	7.180e2
1777.3	9.130e2
1777.9	2.260e2
1778.8	1.206e3
1780.0	6.300e2
1780.9	5.800e1
1781.8	3.119e3
1782.5	7.130e2
1783.9	9.030e2
1784.8	9.000e1
1785.7	1.030e3
1786.3	9.300e1
1787.0	1.475e3
1787.6	1.060e2
1788.2	1.980e2
1788.8	1.041e3
1790.7	4.060e2
1791.8	1.764e3
1793.1	2.900e1
1794.0	1.170e3
1794.7	5.260e2
1795.7	9.850e2
1796.6	4.600e2
1797.2	2.020e2
1798.6	1.214e3
1799.7	3.410e2
1800.4	1.430e2
1801.3	3.150e2
1802.1	1.173e3
1803.3	4.830e2
1804.3	8.260e2
1804.9	3.830e2
1805.8	5.900e2
1806.7	7.060e2
1807.3	5.200e2
1808.1	1.458e3
1809.1	5.200e1
1809.7	2.380e2
1810.6	3.580e2
1811.2	1.500e1
1811.7	2.520e2
1812.8	1.124e3
1813.7	5.350e2
1815.2	2.060e2
1815.7	9.730e2
1816.6	1.180e3
1817.3	3.130e2
1818.0	2.400e2
1818.5	1.210e2
1819.1	9.330e2
1820.0	1.477e3
1820.6	4.530e2
1821.5	8.400e1
1822.3	1.470e2
1823.1	1.660e2
1823.9	2.910e2
1824.9	2.260e2
1825.6	3.750e2
1826.1	4.700e1
1826.9	4.720e2
1827.9	1.103e3
1828.7	2.170e2
1829.3	3.620e2
1829.9	3.610e2
1830.6	2.800e1
1831.4	1.447e3
1832.1	1.294e3
1833.0	2.250e2
1833.6	1.230e3
1834.2	6.200e2
1835.3	2.000e1
1835.8	9.760e2
1836.7	2.400e2
1837.9	6.530e2
1838.5	3.920e2
1839.3	7.070e2
1840.3	5.310e2
1842.5	3.360e2
1843.1	7.000e1
1843.7	9.540e2
1845.2	4.300e2
1846.1	6.170e2
1847.1	1.208e3
1847.8	2.100e2
1848.8	1.121e3
1849.4	4.670e2
1850.4	1.590e2
1852.8	5.760e2
1853.7	4.500e1
1854.3	1.014e3
1855.0	2.600e1
1855.5	5.370e2
1856.9	1.007e3
1857.9	4.500e1
1858.6	9.710e2
1860.0	1.500e2
1860.9	1.573e3
1861.4	2.310e2
1861.9	6.190e2
1862.5	4.770e2
1863.6	2.970e2
1864.1	1.300e1
1864.6	1.600e2
1865.4	7.460e2
1866.3	1.330e2
1867.5	2.450e2
1868.3	1.500e2
1869.5	1.700e1
1870.2	1.161e3
1871.0	4.260e2
1871.9	1.228e3
1872.8	4.150e2
1873.5	3.580e2
1874.6	6.280e2
1875.2	1.600e1
1875.8	1.540e2
1876.7	1.259e3
1877.5	1.140e2
1878.0	5.680e2
1878.8	1.736e3
1879.4	2.430e2
1880.4	6.300e1
1881.3	2.210e2
1882.1	3.470e2
1882.7	1.060e2
1883.3	9.030e2
1884.6	1.033e3
1885.1	1.140e2
1885.8	4.560e2
1886.7	4.080e2
1887.7	8.100e2
1889.3	3.620e2
1890.3	1.020e2
1890.9	2.500e1
1891.6	1.300e1
1892.1	9.880e2
1893.6	8.300e1
1894.4	4.130e2
1894.9	1.200e1
1895.6	1.650e2
1896.9	1.700e1
1897.5	1.231e3
1898.3	3.820e2
1899.4	6.400e2
1900.5	5.920e2
1901.6	3.120e2
1902.6	8.650e2
1903.2	5.190e2
1905.0	3.970e2
1905.8	3.830e2
1906.6	4.740e2
1907.4	6.420e2
1908.2	1.610e2
1908.9	1.200e1
1910.0	1.312e3
1911.5	2.760e2
1912.4	8.600e2
1913.1	3.170e2
1914.1	3.280e2
1914.7	5.900e1
1915.6	4.440e2
1916.1	1.400e1
1916.9	1.044e3
1918.4	1.324e3
1919.2	2.200e1
1919.8	3.410e2
1920.4	3.100e2
1920.9	3.540e2
1921.9	1.970e2
1922.5	4.200e2
1924.0	1.360e2
1925.2	7.610e2
1925.8	2.170e2
1926.9	2.500e1
1927.7	1.214e3
1928.7	1.102e3
1930.8	6.500e1
1931.6	1.303e3
1932.3	9.400e1
1933.2	9.700e1
1933.7	4.470e2
1934.7	5.070e2
1935.7	3.890e2
1936.9	7.880e2
1937.8	3.020e2
1938.4	3.240e2
1939.2	1.012e3
1940.7	7.810e2
1942.5	1.910e2
1943.1	1.052e3
1943.6	8.900e1
1944.1	2.940e2
1945.1	5.900e1
1945.8	8.800e1
1946.5	3.440e2
1947.2	1.391e3
1947.7	1.200e1
1948.4	6.900e2
1949.6	3.400e1
1950.3	1.410e2
1951.6	4.450e2
1952.6	1.677e3
1953.3	3.620e2
1953.9	5.800e1
1954.8	6.130e2
1955.3	1.210e2
1956.5	6.830e2
1957.0	7.600e1
1957.9	1.211e3
1959.3	1.089e3
1960.4	2.140e2
1961.8	8.300e2
1962.5	3.700e2
1963.7	1.459e3
1964.2	1.160e2
1964.9	1.160e2
1966.0	7.410e2
1967.1	2.630e2
1969.1	2.480e2
1970.1	4.500e1
1970.7	9.200e2
1971.4	1.600e1
1972.3	6.200e2
1973.0	7.500e1
1974.3	2.060e3
1975.9	4.160e2
1976.6	4.220e2
1977.4	9.300e1
1978.5	2.840e2
1979.7	4.840e2
1980.6	4.790e2
1981.5	3.550e2
1982.4	1.720e2
1983.5	9.400e1
1984.4	3.390e2
1985.0	1.220e2
1986.0	2.890e2
1987.2	4.970e2
1988.0	2.890e2
1988.7	5.640e2
1989.6	5.280e2
1990.2	1.200e1
1991.4	4.090e2
1992.1	4.490e2
1993.3	5.340e2
1994.5	4.430e2
1995.2	1.790e2
1996.2	4.190e2
1997.2	3.090e2
1998.1	5.000e2
1999.4	5.700e1
