100.3	1.170e2
101.0	7.071e4
102.0	1.250e4
103.0	1.177e4
103.9	4.560e2
104.4	1.900e1
105.0	2.937e3
105.6	4.000e0
106.1	1.100e2
107.2	1.770e2
108.0	1.175e4
109.1	1.733e3
110.0	4.010e2
111.1	2.915e3
111.7	5.800e1
112.3	8.270e2
113.0	1.577e5
113.5	1.900e2
114.1	3.445e3
115.0	4.718e3
116.0	2.605e3
117.0	7.757e4
117.5	9.000e0
118.0	1.160e4
118.9	4.432e3
119.9	1.313e3
121.0	7.420e2
121.9	9.490e2
122.9	2.600e2
123.5	3.100e1
124.1	7.160e2
125.0	1.242e3
126.1	4.260e2
127.0	8.810e2
127.9	7.620e2
128.5	4.000e0
129.0	1.919e3
130.0	7.619e3
130.5	1.000e2
131.1	2.277e3
132.0	6.720e2
133.0	9.705e3
134.0	1.437e3
135.0	4.035e3
136.1	1.674e3
137.0	2.362e3
137.5	8.900e1
138.1	2.492e3
139.0	1.983e3
140.0	7.060e2
141.1	7.760e2
142.1	4.430e2
143.1	2.208e3
144.0	1.153e3
145.0	1.284e4
146.0	1.351e4
146.6	7.400e1
147.1	1.957e4
148.1	1.588e3
149.0	2.201e3
150.1	6.240e2
151.1	1.050e3
152.1	5.376e3
153.0	2.611e3
154.0	5.110e2
155.1	1.815e3
156.0	2.692e3
156.5	4.000e0
157.1	1.435e3
158.1	3.828e3
159.0	1.190e3
160.0	1.159e3
161.0	1.030e3
162.0	1.278e3
162.5	2.000e1
163.1	2.345e3
164.1	7.660e2
165.0	3.141e3
166.0	4.780e2
167.1	6.060e2
168.0	4.680e2
169.1	1.736e3
170.1	1.114e3
171.1	1.968e3
171.6	7.000e0
172.2	8.450e2
173.1	2.140e3
174.0	2.395e3
174.5	1.300e1
175.0	4.262e4
176.1	3.208e3
177.0	2.574e3
178.1	5.580e2
179.1	3.826e3
180.1	2.436e3
181.1	2.566e4
182.1	1.566e3
183.0	1.935e3
184.1	1.108e3
185.0	3.909e3
186.0	1.810e3
187.0	2.358e3
188.0	2.109e3
188.5	6.300e1
189.1	1.477e3
190.0	1.746e3
190.5	7.200e1
191.1	1.047e4
192.0	2.059e3
193.0	3.371e3
193.5	6.500e1
194.0	1.558e3
194.5	3.100e1
195.1	4.710e3
195.9	7.817e3
197.0	2.317e3
197.9	8.234e3
198.4	1.000e1
199.1	1.953e3
199.8	3.547e3
200.4	8.200e1
201.1	2.339e3
202.0	1.045e3
203.1	1.410e3
204.0	1.184e3
204.6	8.000e0
205.1	1.558e3
206.0	1.073e3
207.1	2.207e3
208.0	9.692e3
209.0	2.086e3
210.0	1.802e3
211.1	2.466e3
211.6	4.900e1
212.2	3.488e4
213.1	5.154e3
214.1	2.412e3
215.1	1.290e3
216.1	3.140e2
217.0	2.405e3
218.0	1.843e3
219.1	2.343e3
219.6	4.100e1
220.1	3.485e3
220.6	4.000e0
221.1	3.641e3
222.0	9.340e2
223.0	2.035e3
223.9	7.150e2
224.8	2.859e3
225.4	2.520e2
226.1	9.760e2
227.0	1.701e3
227.7	7.500e1
228.3	1.149e3
229.1	8.830e2
230.0	1.783e3
231.1	2.692e3
232.1	2.131e3
233.1	3.593e3
234.0	1.972e3
234.6	2.200e1
235.1	7.220e2
236.0	1.912e4
236.6	4.700e1
237.1	2.510e3
238.1	2.174e3
239.1	3.593e3
240.0	1.648e4
240.6	1.790e2
241.1	4.690e3
242.1	3.378e3
242.6	5.900e1
243.1	1.290e4
244.1	4.642e3
244.6	1.800e1
245.1	1.079e3
246.1	1.189e3
247.0	1.915e3
248.0	1.255e3
248.6	9.200e1
249.1	6.247e4
249.6	7.700e1
250.2	3.363e3
251.1	1.668e3
252.0	6.990e2
253.1	1.546e3
254.2	5.990e2
255.1	2.241e3
256.1	8.640e2
257.1	1.970e3
258.1	2.452e3
259.1	1.820e3
260.1	1.707e3
261.1	2.711e3
261.9	2.576e3
262.5	9.900e1
263.1	2.986e3
264.1	1.694e3
264.9	7.680e2
265.6	2.410e3
266.3	1.066e3
267.2	6.740e2
268.1	8.910e2
269.0	3.093e3
270.0	7.560e2
270.5	4.000e0
271.1	7.660e2
272.1	8.320e2
273.0	1.247e3
274.1	5.450e2
275.0	3.692e3
276.0	1.230e3
276.5	2.100e1
277.2	1.649e3
278.1	1.812e3
279.1	3.580e3
280.0	1.812e3
280.6	5.400e1
281.1	1.751e3
282.1	2.150e3
282.6	1.100e1
283.2	1.804e3
284.0	1.260e3
284.5	3.000e1
285.1	2.091e3
286.1	2.102e3
287.0	1.180e3
287.6	6.000e0
288.1	7.701e3
289.1	2.882e3
290.0	4.863e3
291.1	3.117e3
292.0	2.762e3
292.8	1.000e2
293.3	3.552e3
294.2	9.590e2
295.1	2.196e3
296.0	1.755e3
297.2	2.033e3
298.2	2.076e3
299.2	1.359e3
300.1	1.202e3
301.1	2.571e3
302.0	9.590e2
303.0	1.071e3
304.1	1.032e3
305.1	5.862e3
306.0	1.253e3
306.6	2.600e1
307.1	5.687e3
308.0	3.739e3
309.0	2.820e3
310.0	2.221e3
310.6	2.170e2
311.1	1.176e4
312.0	5.835e3
313.0	3.457e3
313.9	1.550e3
314.5	1.190e2
315.1	2.125e3
316.1	1.274e3
317.1	7.702e4
318.0	5.537e3
318.5	3.600e1
319.1	3.764e3
320.0	2.007e3
320.7	5.500e1
321.2	5.381e3
322.1	1.735e3
323.1	4.045e3
324.1	2.037e3
324.6	1.970e2
325.2	3.003e3
326.1	1.944e3
327.1	4.680e3
328.1	1.605e3
329.0	5.940e3
329.5	2.500e1
330.0	2.783e3
330.6	3.400e1
331.1	4.086e3
332.0	1.466e3
332.5	4.500e1
333.1	2.548e3
334.0	3.971e3
334.5	5.800e1
335.0	1.328e3
335.6	4.000e1
336.1	2.253e3
337.1	3.408e3
338.1	1.306e3
338.7	2.500e1
339.3	3.783e3
340.1	3.339e3
340.6	3.950e2
341.2	6.754e3
342.1	2.233e3
343.0	7.287e3
343.9	2.291e3
344.5	7.300e1
345.0	2.887e3
345.5	9.100e1
346.1	1.938e3
347.1	3.809e3
348.0	1.932e3
349.1	2.532e3
350.0	1.454e3
351.0	2.456e3
352.0	1.368e3
353.0	4.402e3
353.5	8.500e1
354.1	1.364e3
355.0	3.148e3
355.6	4.800e1
356.1	1.321e4
357.1	5.347e3
358.0	1.675e3
358.6	7.000e1
359.2	2.757e3
360.1	2.644e3
360.6	2.600e1
361.1	2.727e3
361.6	4.700e1
362.1	1.665e3
363.1	2.187e3
364.0	1.411e3
365.0	1.523e3
365.5	8.000e0
366.0	3.599e3
366.5	4.800e1
367.0	1.355e3
368.0	2.531e3
368.6	4.400e1
369.1	1.244e4
370.1	2.714e3
371.1	1.558e3
372.0	1.995e3
373.1	2.999e3
374.0	1.398e3
374.7	1.960e2
375.2	8.140e3
376.0	4.141e3
376.7	4.400e2
377.3	6.038e3
378.2	1.546e3
379.1	1.262e4
380.1	4.077e3
380.7	1.560e2
381.2	1.952e3
382.1	1.602e3
382.7	9.500e1
383.3	1.759e3
384.2	8.810e2
385.1	5.080e4
386.1	5.097e3
387.1	3.482e3
387.6	5.500e1
388.1	1.420e3
389.1	2.320e3
389.7	1.350e2
390.2	1.591e3
391.3	4.154e3
392.0	1.931e3
392.9	1.911e3
393.8	2.858e3
394.5	1.880e2
395.1	5.630e3
396.0	1.650e3
397.1	7.696e3
398.0	3.889e3
399.0	5.016e3
399.6	1.500e1
400.1	1.743e3
400.7	3.510e2
401.3	7.522e3
402.1	3.443e3
402.8	6.280e2
403.6	3.777e3
404.2	9.760e2
405.0	2.953e3
406.0	1.561e3
407.0	2.081e3
407.6	7.600e1
408.1	1.985e3
408.7	5.000e1
409.2	3.138e3
410.0	1.764e3
411.0	5.043e3
412.0	2.033e3
412.5	5.300e1
413.1	2.590e3
414.0	1.159e3
415.0	1.779e3
416.0	1.962e3
416.8	6.120e2
417.4	4.320e3
418.3	1.641e3
418.9	9.500e1
419.4	4.751e3
420.2	1.216e3
421.1	5.153e3
421.9	2.059e3
422.5	2.220e2
423.2	2.685e3
424.1	9.874e3
425.1	4.510e3
426.0	1.295e3
426.6	4.500e1
427.1	4.143e3
428.0	2.579e3
428.6	1.530e2
429.2	2.496e3
430.1	1.117e3
430.6	4.000e0
431.2	2.773e3
432.0	1.161e3
433.1	1.694e3
434.1	2.962e3
434.6	2.700e1
435.1	1.650e3
436.0	2.587e3
436.7	1.700e2
437.2	2.535e3
438.1	2.558e3
439.1	1.641e3
440.0	2.724e3
440.5	1.740e2
441.1	3.162e3
441.6	4.000e1
442.1	1.714e3
443.1	3.608e3
444.0	4.227e3
444.6	2.700e1
445.1	3.026e3
446.0	1.731e3
446.6	8.000e1
447.1	7.861e3
448.0	2.809e3
448.6	2.260e2
449.3	2.341e3
450.0	7.590e2
450.7	1.360e3
451.6	2.852e3
452.4	5.860e2
453.1	4.866e4
454.0	5.101e3
454.5	7.000e0
455.1	2.421e3
456.0	1.570e3
456.6	1.630e2
457.2	2.905e3
458.1	1.815e3
458.7	5.190e2
459.4	5.584e3
460.2	2.083e3
461.1	3.165e3
462.0	1.788e3
462.6	2.700e1
463.2	4.501e3
463.9	1.716e3
464.7	2.296e3
465.5	1.883e4
466.3	3.311e3
467.0	7.175e3
467.9	2.304e3
468.5	6.500e1
469.1	2.863e3
470.0	3.330e3
470.9	1.980e3
471.9	2.013e3
472.5	8.500e1
473.0	2.864e3
474.0	1.978e3
474.5	6.500e1
475.1	1.266e3
476.0	3.155e3
477.0	1.600e3
477.9	2.572e3
478.5	2.310e2
479.1	6.848e3
480.0	2.474e3
480.6	2.430e2
481.2	2.188e3
482.0	2.321e3
483.0	2.379e3
484.0	2.054e3
484.6	1.840e2
485.1	3.611e3
486.1	2.437e3
487.0	2.349e3
487.6	1.630e2
488.1	1.714e3
489.0	3.878e3
490.0	2.000e3
490.9	2.424e3
491.8	1.509e4
492.6	7.905e3
493.5	4.074e3
494.2	1.087e3
495.1	4.084e3
496.1	2.921e3
497.0	1.760e3
497.8	2.489e3
498.4	2.140e2
499.1	2.207e3
499.9	1.662e3
500.6	5.090e2
501.2	1.629e3
502.1	4.010e3
502.7	9.000e0
503.2	2.821e3
504.0	1.455e3
505.0	3.215e3
506.0	3.785e3
507.0	2.235e3
508.0	3.049e3
509.0	4.013e3
510.0	1.868e3
511.1	6.908e3
512.0	2.770e3
513.0	2.912e3
514.0	1.662e3
515.1	7.853e3
516.0	2.965e3
517.0	1.744e3
517.5	9.000e1
518.1	2.254e3
518.6	2.070e2
519.2	2.506e3
520.1	1.185e3
521.1	4.569e4
522.0	6.575e3
522.6	6.610e2
523.2	3.639e3
524.1	1.657e3
524.9	3.384e3
525.9	2.808e3
526.5	1.380e2
527.1	2.734e3
528.0	3.751e3
528.5	1.190e2
529.1	3.259e3
530.0	1.936e3
530.6	1.100e1
531.1	3.816e3
532.1	1.841e3
532.7	2.270e2
533.3	5.773e3
534.0	1.838e3
534.9	3.202e3
535.8	2.661e3
536.4	1.660e2
537.1	3.531e3
538.0	3.299e3
539.0	1.821e3
539.9	2.647e3
540.4	1.740e2
541.0	2.679e3
541.6	2.060e2
542.2	1.852e3
543.0	1.426e3
543.9	3.186e3
544.9	2.341e3
545.9	1.632e3
546.5	1.420e2
547.0	3.961e3
547.9	2.888e3
548.9	2.276e3
549.5	1.260e2
550.0	2.196e3
551.1	3.089e3
551.9	3.780e2
552.5	1.110e3
553.3	2.435e3
554.1	1.503e3
554.9	1.563e3
555.9	1.347e3
556.5	5.800e1
557.1	2.764e3
558.0	2.001e3
559.0	2.736e3
559.5	3.500e1
560.1	9.414e3
561.0	3.401e3
562.0	1.818e3
562.5	1.110e2
563.0	3.817e3
563.6	4.300e1
564.1	2.707e3
564.6	2.570e2
565.2	2.559e3
565.7	2.900e1
566.2	1.845e3
566.8	1.270e2
567.3	1.712e3
568.1	9.260e2
569.0	1.760e3
569.5	5.100e1
570.1	1.943e3
571.1	2.363e3
571.7	3.680e2
572.3	1.757e3
573.3	3.229e3
574.2	2.265e3
575.0	1.761e3
575.9	1.577e3
576.8	1.682e3
577.6	2.346e3
578.4	6.200e2
579.1	5.282e3
580.0	2.134e3
580.6	3.170e2
581.2	3.244e3
582.2	1.116e3
583.0	6.468e3
584.0	2.484e3
584.6	2.670e2
585.2	2.012e3
586.2	2.438e3
587.2	2.688e3
588.1	1.187e3
588.6	2.300e1
589.1	3.943e4
590.1	4.891e3
590.6	1.700e1
591.1	3.827e3
592.0	1.736e3
593.0	3.007e3
593.9	2.424e3
594.5	5.100e1
595.1	2.720e3
596.1	2.988e3
596.9	2.070e3
597.4	1.410e2
598.0	1.893e3
598.5	1.410e2
599.1	3.905e3
600.1	2.038e3
601.0	2.956e3
601.8	4.567e3
602.5	3.120e2
603.0	3.368e3
603.5	2.200e1
604.1	1.176e3
605.0	3.183e3
606.0	3.973e3
606.6	2.010e2
607.1	2.468e3
608.0	8.210e2
608.8	2.232e3
609.7	1.595e3
610.3	2.520e2
611.1	2.347e3
612.0	3.138e3
612.9	2.699e3
613.8	1.646e3
614.4	4.500e1
615.0	4.527e3
616.0	2.474e3
617.0	2.088e3
618.0	2.579e3
619.0	2.193e3
620.0	1.822e3
620.5	3.000e0
621.1	2.718e3
621.9	1.126e3
622.6	2.202e3
623.7	1.827e3
624.4	2.230e2
625.1	2.522e3
625.9	1.132e3
626.5	2.100e2
627.1	3.028e3
628.1	9.784e3
629.0	3.297e3
630.0	1.834e3
631.1	3.470e3
632.0	2.834e3
632.5	5.800e1
633.1	1.962e3
634.0	1.776e3
634.5	1.500e1
635.1	1.334e3
635.9	2.124e3
636.5	1.310e2
637.1	2.032e3
638.0	2.504e3
638.5	1.540e2
639.2	2.471e3
640.2	2.098e3
641.1	3.036e3
642.2	2.103e3
643.1	1.598e3
644.0	1.840e3
645.0	2.601e3
645.8	2.229e3
646.4	1.370e2
647.0	4.188e3
647.9	1.869e3
648.9	2.707e3
649.4	1.010e2
650.0	2.176e3
651.0	4.597e3
651.9	2.761e3
652.7	1.061e3
653.4	2.277e3
654.3	1.007e3
655.1	2.133e3
655.6	4.400e1
656.2	2.512e3
657.1	2.677e4
658.0	3.537e3
658.8	3.950e3
659.8	1.984e3
660.3	2.890e2
661.0	2.876e3
661.5	2.800e1
662.0	2.226e3
662.6	1.510e2
663.2	1.910e3
664.1	2.522e3
665.0	1.177e3
665.8	2.582e3
666.5	3.220e2
667.1	4.915e3
667.9	1.401e3
668.7	1.662e3
669.4	5.190e3
670.2	1.575e3
671.1	3.756e3
672.0	2.164e3
673.1	3.224e3
674.0	3.775e3
674.5	2.080e2
675.1	1.958e3
676.0	1.949e3
676.9	1.571e3
677.7	2.605e3
678.4	4.580e2
679.1	3.221e3
680.1	2.488e3
681.0	2.432e3
681.6	1.410e2
682.2	1.781e3
683.1	6.160e3
684.1	3.064e3
685.1	3.152e3
686.0	1.688e3
686.9	2.790e3
687.9	2.612e3
688.5	1.300e2
689.0	3.678e3
690.0	2.765e3
690.6	3.020e2
691.2	2.421e3
692.0	1.211e3
692.5	1.670e2
693.1	2.535e3
694.1	1.704e3
694.6	1.970e2
695.1	3.327e3
696.1	9.042e3
696.7	5.000e2
697.3	4.093e3
698.1	6.210e2
698.8	5.875e3
699.7	3.411e3
700.2	2.900e1
700.8	3.008e3
701.4	2.960e2
702.0	2.099e3
702.6	1.220e2
703.1	2.604e3
704.0	1.344e3
705.0	1.726e3
705.5	4.200e1
706.0	2.778e3
707.0	1.939e3
707.9	2.169e3
708.9	3.006e3
709.5	8.750e2
710.2	2.713e3
711.1	8.550e2
711.9	2.872e3
712.5	3.760e2
713.2	3.029e3
714.0	1.180e3
714.9	4.082e3
715.8	3.367e3
716.8	2.468e3
717.3	3.620e2
717.9	2.265e3
718.5	5.600e1
719.0	6.541e3
719.5	2.630e2
720.1	2.512e3
721.0	2.759e3
721.6	2.470e2
722.1	2.360e3
722.7	1.100e2
723.3	2.474e3
724.2	2.098e3
725.1	2.338e4
726.1	5.454e3
726.7	1.550e2
727.3	4.275e3
728.0	7.710e2
728.6	2.940e3
729.2	2.760e2
729.8	3.175e3
730.4	4.200e2
731.1	2.492e3
732.1	2.321e3
733.0	2.978e3
734.1	2.521e3
735.1	3.152e3
736.0	2.771e3
736.5	5.800e1
737.1	4.169e3
738.1	3.948e3
738.6	2.600e1
739.1	3.361e3
739.9	1.371e3
740.7	4.181e3
741.4	1.800e3
742.2	3.883e3
743.2	2.275e3
744.1	2.536e3
745.0	5.211e3
745.8	2.688e3
746.4	1.030e2
747.0	3.433e3
747.5	2.530e2
748.1	2.283e3
749.0	1.343e3
749.9	2.634e3
750.5	1.330e2
751.0	4.780e3
752.0	3.515e3
753.0	2.488e3
753.9	2.082e3
754.9	3.079e3
755.5	1.540e2
756.1	1.541e3
757.1	3.054e3
758.0	1.972e3
758.9	3.283e3
759.6	4.750e2
760.2	1.645e3
761.1	4.205e3
762.0	2.365e3
762.6	1.930e2
763.1	3.018e3
763.6	2.500e1
764.1	6.966e3
765.1	4.113e3
765.9	2.294e3
766.5	3.350e2
767.1	4.997e3
768.1	1.927e3
769.0	2.668e3
769.9	1.953e3
770.9	2.397e3
771.9	1.817e3
772.5	1.920e2
773.2	1.703e3
774.1	1.346e3
775.0	2.658e3
776.0	1.882e3
776.5	2.420e2
777.1	3.210e3
777.8	1.155e3
778.6	2.933e3
779.4	1.555e3
780.3	2.948e3
780.8	9.000e1
781.3	2.849e3
782.3	1.523e3
783.2	3.402e3
784.2	1.804e3
785.1	3.909e3
786.1	2.365e3
786.7	4.800e2
787.3	3.786e3
788.2	2.395e3
788.8	1.400e1
789.3	2.930e3
790.0	1.418e3
790.9	3.014e3
791.5	2.430e2
792.0	1.946e3
792.6	1.370e2
793.1	1.833e4
794.1	4.445e3
794.6	1.730e2
795.2	3.535e3
796.0	1.513e3
796.8	3.340e3
797.3	3.640e2
797.9	2.335e3
798.4	1.000e2
799.0	2.402e3
800.0	2.602e3
800.9	2.914e3
801.4	1.450e2
802.0	2.524e3
802.5	1.310e2
803.1	3.180e3
803.6	7.600e1
804.2	2.486e3
804.9	2.307e3
805.9	2.942e3
806.5	3.210e2
807.1	2.716e3
808.1	2.441e3
809.0	4.789e3
809.6	1.740e2
810.1	3.383e3
811.1	2.794e3
812.0	1.480e3
812.6	1.650e2
813.1	2.851e3
813.9	2.055e3
814.5	1.280e2
815.0	2.325e3
815.6	1.580e2
816.1	2.829e3
816.8	6.390e2
817.4	3.099e3
818.2	1.257e3
819.0	4.130e3
820.0	2.310e3
820.6	2.960e2
821.2	2.231e3
821.8	1.370e2
822.3	3.105e3
823.2	2.827e3
824.1	1.524e3
825.1	2.637e3
825.6	1.300e1
826.1	2.201e3
827.0	2.810e3
827.8	8.780e2
828.5	2.016e3
829.4	2.417e3
830.1	6.530e2
830.9	3.417e3
831.6	8.840e2
832.1	6.665e3
832.7	7.500e1
833.2	2.714e3
834.1	2.404e3
834.7	8.300e1
835.2	3.547e3
836.0	1.385e3
836.9	1.813e3
837.9	1.813e3
838.5	3.060e2
839.0	1.968e3
840.0	2.910e3
840.9	1.183e3
841.6	3.447e3
842.3	5.990e2
842.9	2.263e3
843.4	8.800e1
844.0	2.073e3
844.7	2.940e2
845.2	2.813e3
845.9	6.600e2
846.5	2.542e3
847.3	1.677e3
848.1	2.800e3
849.1	3.152e3
850.0	9.290e2
850.5	1.400e2
851.1	2.573e3
852.0	1.875e3
852.8	2.613e3
853.4	9.600e1
853.9	2.633e3
854.5	1.880e2
855.1	4.025e3
856.1	2.349e3
857.1	1.940e3
858.0	2.586e3
858.7	2.590e2
859.3	2.417e3
859.8	2.600e1
860.3	2.418e3
861.2	1.319e4
862.0	4.043e3
863.0	3.268e3
863.9	1.717e3
864.4	2.550e2
865.0	2.351e3
865.5	1.070e2
866.0	2.849e3
867.0	2.218e3
867.9	2.979e3
868.5	6.400e1
869.1	2.889e3
870.0	2.014e3
871.0	2.886e3
872.0	1.754e3
872.5	8.600e1
873.0	3.277e3
874.0	4.041e3
874.6	1.370e2
875.1	2.553e3
875.6	5.900e1
876.1	2.188e3
876.7	3.400e1
877.2	3.778e3
878.2	3.266e3
878.8	6.040e2
879.4	2.388e3
879.9	1.050e2
880.6	3.245e3
881.1	4.700e1
881.6	3.608e3
882.2	7.630e2
882.9	2.290e3
883.7	6.660e2
884.4	3.019e3
885.2	1.447e3
886.0	2.617e3
886.5	1.510e2
887.0	5.238e3
887.6	5.690e2
888.3	2.901e3
889.1	1.791e3
889.7	2.520e2
890.2	2.489e3
891.1	1.870e3
891.9	2.242e3
892.6	3.060e2
893.2	2.219e3
894.2	2.931e3
894.8	3.170e2
895.3	3.782e3
896.2	1.281e3
897.1	2.714e3
897.9	1.299e3
898.9	2.723e3
899.5	1.222e3
900.2	5.855e3
901.2	2.877e3
902.2	2.280e3
903.1	4.951e3
904.0	2.732e3
905.0	2.328e3
905.8	8.600e2
906.5	3.082e3
907.4	2.655e3
908.2	2.790e2
908.8	3.450e3
909.4	2.990e2
910.0	2.505e3
911.0	2.829e3
911.5	1.110e2
912.1	2.045e3
913.1	2.290e3
913.7	1.780e2
914.2	2.175e3
915.2	3.036e3
916.0	1.741e3
916.9	3.072e3
917.4	1.180e2
917.9	2.940e3
918.5	3.180e2
919.1	3.854e3
920.1	1.556e3
921.0	3.825e3
921.7	5.550e2
922.4	2.311e3
923.1	4.570e2
923.7	3.205e3
924.4	7.130e2
925.1	2.659e3
925.7	8.700e1
926.2	3.714e3
927.2	3.105e3
927.8	6.780e2
928.4	1.821e3
929.2	1.317e4
930.1	3.996e3
931.0	1.805e3
931.8	2.239e3
932.4	2.800e1
932.9	2.475e3
933.4	1.950e2
933.9	3.579e3
934.9	2.298e3
935.8	2.943e3
936.8	1.727e3
937.4	1.890e2
938.0	2.802e3
938.5	4.000e1
939.0	2.627e3
939.7	7.730e2
940.4	3.258e3
941.2	1.499e3
941.9	3.253e3
942.8	2.409e3
943.4	8.400e1
943.9	2.903e3
944.6	3.410e2
945.2	3.435e3
945.8	2.470e2
946.3	2.289e3
947.1	2.070e3
948.1	2.176e3
949.0	4.432e3
949.5	1.200e1
950.0	2.847e3
950.6	3.180e2
951.3	3.438e3
951.8	4.000e0
952.3	3.264e3
953.3	2.714e3
954.1	1.744e3
955.0	5.403e3
956.0	2.634e3
956.8	1.939e3
957.6	3.127e3
958.6	2.969e3
959.1	1.150e2
959.6	3.701e3
960.2	8.800e1
960.7	2.127e3
961.3	6.540e2
961.9	3.383e3
962.7	9.250e2
963.3	5.191e3
964.1	1.582e3
965.0	3.122e3
965.9	2.029e3
966.8	3.037e3
967.5	7.770e2
968.2	4.998e3
969.1	2.672e3
970.1	3.011e3
970.7	2.920e2
971.3	3.736e3
972.2	2.202e3
973.1	2.258e3
974.0	2.882e3
974.5	7.800e1
975.0	3.115e3
975.5	2.000e1
976.0	2.971e3
976.7	1.590e2
977.2	3.115e3
978.1	1.878e3
979.1	3.130e3
980.0	2.342e3
980.8	1.488e3
981.8	3.248e3
982.7	2.283e3
983.7	3.460e3
984.3	7.650e2
985.1	2.200e3
986.0	1.600e3
986.6	4.790e2
987.3	2.541e3
988.0	9.690e2
988.7	3.142e3
989.7	1.510e3
990.2	9.300e1
990.7	2.960e3
991.4	6.570e2
992.0	2.372e3
992.9	2.109e3
993.5	6.700e1
994.0	3.413e3
994.9	1.878e3
995.8	2.833e3
996.4	4.110e2
997.1	9.960e3
998.0	4.078e3
998.9	3.635e3
999.6	4.820e2
1000.2	2.674e3
1001.1	2.704e3
1002.0	2.037e3
1003.0	1.953e3
1003.9	3.494e3
1004.6	3.540e2
1005.2	2.970e3
1006.2	3.449e3
1006.7	2.350e2
1007.3	2.627e3
1007.8	1.700e1
1008.3	2.496e3
1009.2	2.822e3
1009.9	7.680e2
1010.6	2.716e3
1011.5	4.075e3
1012.3	1.628e3
1013.1	3.004e3
1014.0	2.442e3
1015.0	2.566e3
1015.8	3.650e3
1016.7	4.526e3
1017.3	5.720e2
1017.9	2.651e3
1018.8	2.434e3
1019.5	5.920e2
1020.0	3.322e3
1020.9	2.289e3
1021.6	6.990e2
1022.3	2.194e3
1023.2	3.903e3
1024.1	1.532e3
1024.9	4.086e3
1025.5	6.560e2
1026.1	3.642e3
1027.1	3.541e3
1028.1	2.522e3
1029.0	1.643e3
1030.0	2.968e3
1030.6	2.520e2
1031.1	4.514e3
1032.0	3.578e3
1032.9	1.717e3
1033.5	6.900e1
1034.0	2.229e3
1034.9	3.023e3
1035.5	2.310e2
1036.1	3.981e3
1036.7	8.750e2
1037.3	2.844e3
1038.0	5.790e2
1038.6	3.537e3
1039.6	1.937e3
1040.2	3.470e2
1040.8	2.726e3
1041.7	2.831e3
1042.4	6.290e2
1043.1	2.212e3
1044.1	2.677e3
1044.6	2.120e2
1045.2	3.881e3
1046.0	2.679e3
1046.6	1.930e2
1047.2	2.387e3
1048.0	1.547e3
1048.9	2.365e3
1049.8	1.249e3
1050.6	3.289e3
1051.3	6.340e2
1051.9	2.906e3
1052.9	2.442e3
1053.6	6.540e2
1054.2	3.096e3
1054.8	1.160e2
1055.4	3.205e3
1056.2	1.677e3
1057.1	3.385e3
1057.7	5.280e2
1058.3	2.694e3
1059.3	3.544e3
1060.0	1.668e3
1060.9	2.711e3
1061.4	2.320e2
1062.0	2.738e3
1062.9	3.110e3
1063.8	2.892e3
1064.5	3.880e2
1065.1	7.405e3
1066.0	3.521e3
1067.0	2.959e3
1067.5	3.200e1
1068.1	2.045e3
1068.6	4.180e2
1069.3	2.851e3
1069.8	2.280e2
1070.4	2.390e3
1071.0	5.790e2
1071.6	3.118e3
1072.5	1.117e3
1073.3	3.093e3
1073.8	5.200e1
1074.4	3.244e3
1075.3	2.439e3
1076.3	3.073e3
1077.2	1.482e3
1078.0	2.652e3
1078.9	3.119e3
1079.8	2.472e3
1080.4	1.640e2
1080.9	2.363e3
1081.8	3.395e3
1082.7	2.132e3
1083.2	2.100e2
1083.8	2.076e3
1084.8	2.417e3
1085.7	2.962e3
1086.6	2.224e3
1087.5	4.686e3
1088.1	8.700e1
1088.6	2.783e3
1089.2	8.820e2
1090.1	3.364e3
1090.6	5.000e0
1091.2	2.543e3
1092.2	2.694e3
1093.2	2.326e3
1094.2	3.289e3
1095.2	2.680e3
1096.1	2.758e3
1096.6	4.000e1
1097.2	3.768e3
1098.1	3.004e3
1099.1	3.906e3
1100.1	2.749e3
1101.0	2.827e3
1101.6	2.700e2
1102.2	3.275e3
1103.2	2.649e3
1104.2	4.424e3
1104.7	1.810e2
1105.3	2.794e3
1106.2	1.613e3
1107.0	3.159e3
1107.5	2.940e2
1108.2	3.042e3
1109.0	1.985e3
1109.5	8.300e1
1110.1	2.164e3
1110.7	7.720e2
1111.4	3.244e3
1111.9	1.270e2
1112.5	2.772e3
1113.4	2.287e3
1113.9	5.000e0
1114.5	3.092e3
1115.0	4.050e2
1115.6	2.170e3
1116.6	4.037e3
1117.6	2.625e3
1118.5	3.574e3
1119.5	3.098e3
1120.4	2.303e3
1121.2	2.196e3
1122.0	9.790e2
1122.7	1.901e3
1123.5	2.928e3
1124.3	6.930e2
1125.0	3.159e3
1125.6	4.600e2
1126.2	2.380e3
1126.8	2.110e2
1127.4	3.136e3
1128.0	7.800e1
1128.5	3.182e3
1129.4	1.709e3
1130.3	2.994e3
1131.3	3.576e3
1131.8	3.100e1
1132.3	2.193e3
1133.2	6.406e3
1134.0	2.882e3
1134.6	8.430e2
1135.3	2.951e3
1135.9	5.930e2
1136.7	2.501e3
1137.4	7.300e2
1138.1	2.311e3
1138.7	2.010e2
1139.2	2.902e3
1139.7	1.230e2
1140.3	3.029e3
1141.0	1.303e3
1141.8	3.220e3
1142.8	3.590e3
1143.8	2.832e3
1144.4	2.330e2
1145.0	1.605e3
1145.8	2.681e3
1146.6	1.645e3
1147.4	3.359e3
1148.2	7.810e2
1148.9	2.991e3
1149.5	1.350e2
1150.1	3.004e3
1151.1	2.112e3
1151.6	2.140e2
1152.1	2.474e3
1153.1	2.048e3
1153.9	3.674e3
1154.5	4.440e2
1155.1	2.541e3
1155.9	1.748e3
1156.8	2.388e3
1157.5	9.750e2
1158.3	1.096e3
1159.1	2.812e3
1159.9	2.920e3
1160.6	7.630e2
1161.2	3.156e3
1162.1	3.711e3
1162.7	1.260e2
1163.2	2.607e3
1164.1	1.070e3
1164.8	3.322e3
1165.8	3.278e3
1166.5	2.660e2
1167.1	2.831e3
1168.0	3.768e3
1169.0	2.915e3
1170.0	1.923e3
1171.0	2.486e3
1171.5	1.690e2
1172.0	3.461e3
1172.8	1.300e3
1173.6	3.471e3
1174.4	7.000e2
1175.1	3.184e3
1175.7	1.390e2
1176.2	2.507e3
1176.8	1.670e2
1177.3	2.487e3
1178.3	1.976e3
1179.3	2.641e3
1180.1	1.301e3
1180.9	3.082e3
1181.9	1.899e3
1182.8	3.349e3
1183.7	1.964e3
1184.4	1.510e3
1185.2	2.726e3
1185.9	1.286e3
1186.7	3.473e3
1187.4	1.135e3
1188.2	2.800e3
1189.2	3.442e3
1189.8	9.250e2
1190.6	1.704e3
1191.5	2.927e3
1192.1	5.310e2
1192.8	2.713e3
1193.4	3.420e2
1193.9	2.551e3
1194.7	1.135e3
1195.4	2.492e3
1196.1	1.036e3
1196.9	2.337e3
1197.4	1.090e2
1198.0	1.751e3
1198.9	3.052e3
1199.5	6.820e2
1200.1	2.045e3
1201.1	4.842e3
1201.9	3.754e3
1202.5	2.600e1
1203.0	2.359e3
1204.0	1.104e3
1204.7	3.639e3
1205.6	1.917e3
1206.6	2.466e3
1207.1	2.040e2
1207.7	2.709e3
1208.5	1.602e3
1209.3	9.520e2
1210.1	2.471e3
1211.0	2.715e3
1212.0	2.547e3
1212.7	1.055e3
1213.5	4.039e3
1214.0	3.800e1
1214.5	2.524e3
1215.5	3.353e3
1216.4	2.614e3
1217.4	3.121e3
1218.3	2.552e3
1218.9	5.100e1
1219.5	2.851e3
1220.2	7.460e2
1220.8	4.286e3
1221.6	1.312e3
1222.4	3.241e3
1223.0	3.500e2
1223.7	2.025e3
1224.4	1.016e3
1225.1	1.824e3
1226.0	3.445e3
1226.6	3.140e2
1227.2	2.906e3
1227.8	6.740e2
1228.4	2.450e3
1229.3	1.866e3
1230.2	3.072e3
1231.0	1.913e3
1232.0	2.840e3
1233.1	3.162e3
1234.0	2.716e3
1234.6	5.460e2
1235.2	4.149e3
1236.0	1.627e3
1236.6	2.160e2
1237.2	2.105e3
1238.1	1.066e3
1239.0	2.136e3
1239.6	3.420e2
1240.2	3.180e3
1241.1	1.186e3
1241.9	3.445e3
1242.5	3.600e2
1243.3	2.731e3
1244.0	1.109e3
1244.7	2.246e3
1245.4	4.660e2
1246.1	2.218e3
1247.0	2.520e3
1247.6	7.000e1
1248.1	2.259e3
1248.8	9.820e2
1249.7	2.241e3
1250.2	5.400e1
1250.7	2.648e3
1251.5	1.043e3
1252.2	3.121e3
1253.0	9.960e2
1253.8	2.803e3
1254.3	2.470e2
1254.9	2.784e3
1255.9	2.513e3
1256.9	1.809e3
1257.8	2.208e3
1258.7	2.923e3
1259.8	2.608e3
1260.3	6.200e1
1260.8	1.940e3
1261.5	6.690e2
1262.2	2.059e3
1262.8	4.910e2
1263.3	2.165e3
1264.3	2.859e3
1265.0	9.640e2
1265.8	2.569e3
1266.6	3.750e2
1267.4	2.828e3
1268.0	3.150e2
1268.5	2.084e3
1269.4	5.328e3
1270.1	2.083e3
1271.0	2.819e3
1272.0	2.409e3
1272.9	2.237e3
1273.4	5.200e1
1273.9	2.456e3
1274.9	2.658e3
1275.7	1.387e3
1276.6	3.126e3
1277.5	2.144e3
1278.3	2.084e3
1279.2	2.946e3
1280.1	1.931e3
1281.1	2.603e3
1281.7	1.430e2
1282.2	4.019e3
1283.2	2.514e3
1283.8	6.780e2
1284.4	2.903e3
1285.2	1.537e3
1286.0	2.875e3
1286.9	1.895e3
1287.7	2.316e3
1288.2	3.500e1
1288.8	3.627e3
1289.3	4.000e1
1289.9	2.807e3
1290.5	1.850e2
1291.1	2.250e3
1291.8	7.340e2
1292.6	2.552e3
1293.1	3.540e2
1293.7	1.886e3
1294.6	3.032e3
1295.4	1.013e3
1296.1	2.190e3
1296.9	8.520e2
1297.6	2.622e3
1298.4	1.581e3
1299.3	1.784e3
1300.2	1.551e3
1301.0	2.712e3
1302.0	1.961e3
1302.9	3.221e3
1303.5	5.760e2
1304.1	2.976e3
1305.1	1.960e3
1305.6	3.900e1
1306.1	2.674e3
1306.7	1.250e2
1307.3	1.981e3
1308.2	4.241e3
1309.2	2.052e3
1310.1	2.783e3
1311.0	2.602e3
1311.7	1.005e3
1312.4	2.789e3
1313.1	8.190e2
1313.8	2.949e3
1314.5	3.750e2
1315.1	1.981e3
1316.0	1.101e3
1316.7	2.250e3
1317.6	2.463e3
1318.3	3.160e2
1318.9	2.920e3
1319.4	3.000e1
1320.0	2.566e3
1320.5	1.440e2
1321.1	2.713e3
1321.9	2.712e3
1322.6	9.510e2
1323.2	1.694e3
1324.0	3.193e3
1324.9	2.196e3
1325.8	1.880e3
1326.7	3.301e3
1327.2	1.760e2
1327.8	2.665e3
1328.7	8.160e2
1329.4	2.110e3
1330.0	2.030e2
1330.6	2.150e3
1331.3	7.440e2
1331.9	2.278e3
1332.5	2.430e2
1333.1	2.553e3
1334.0	2.273e3
1334.9	2.025e3
1335.7	2.816e3
1336.5	7.450e2
1337.2	3.223e3
1338.1	2.406e3
1339.1	2.611e3
1339.8	6.010e2
1340.4	3.944e3
1341.4	1.970e3
1342.3	2.028e3
1342.8	1.670e2
1343.5	3.250e3
1344.3	1.581e3
1345.2	3.398e3
1346.0	7.740e2
1346.7	2.841e3
1347.7	2.731e3
1348.2	1.980e2
1348.8	2.417e3
1349.5	8.000e2
1350.2	2.788e3
1350.8	3.740e2
1351.4	2.640e3
1351.9	8.900e1
1352.5	1.588e3
1353.4	2.211e3
1354.0	4.780e2
1354.7	2.671e3
1355.7	2.936e3
1356.6	2.306e3
1357.4	3.626e3
1358.1	1.100e2
1358.6	3.453e3
1359.4	4.330e2
1360.0	2.458e3
1360.7	4.970e2
1361.5	2.363e3
1362.4	1.890e3
1363.0	1.800e1
1363.5	3.224e3
1364.2	1.297e3
1364.9	1.580e3
1365.8	2.542e3
1366.6	1.353e3
1367.5	3.561e3
1368.5	1.698e3
1369.4	2.936e3
1369.9	6.000e0
1370.5	1.599e3
1371.4	2.342e3
1372.2	1.464e3
1373.2	3.658e3
1373.8	8.200e1
1374.4	2.194e3
1375.2	1.126e3
1376.2	2.231e3
1377.2	3.175e3
1378.2	1.936e3
1379.0	2.474e3
1379.6	3.700e1
1380.1	2.450e3
1381.0	1.813e3
1381.9	3.639e3
1382.6	7.200e2
1383.3	2.446e3
1384.3	2.521e3
1385.1	1.336e3
1385.9	3.183e3
1386.9	3.255e3
1387.4	1.640e2
1387.9	3.046e3
1388.5	1.060e2
1389.0	2.234e3
1390.0	2.090e3
1390.8	1.633e3
1391.7	2.320e3
1392.7	2.098e3
1393.6	2.146e3
1394.2	6.100e1
1394.7	2.437e3
1395.4	8.330e2
1396.1	1.701e3
1397.0	1.581e3
1397.8	2.526e3
1398.6	6.200e2
1399.3	2.377e3
1399.9	2.370e2
1400.6	2.686e3
1401.1	5.610e2
1401.8	2.826e3
1402.8	1.995e3
1403.7	2.683e3
1404.5	1.028e3
1405.4	3.425e3
1406.0	1.940e2
1406.5	2.259e3
1407.3	1.355e3
1407.8	1.900e1
1408.4	2.917e3
1409.2	1.194e3
1409.9	2.745e3
1410.8	3.062e3
1411.7	2.408e3
1412.3	1.460e2
1412.9	2.016e3
1413.9	2.514e3
1414.7	1.313e3
1415.5	1.538e3
1416.0	1.210e2
1416.5	2.827e3
1417.5	1.405e3
1418.4	2.654e3
1419.2	1.176e3
1420.0	2.984e3
1421.0	1.553e3
1421.8	2.591e3
1422.5	5.880e2
1423.2	2.996e3
1424.0	8.870e2
1424.7	3.099e3
1425.7	2.681e3
1426.7	2.156e3
1427.7	2.186e3
1428.3	1.520e2
1428.8	3.499e3
1429.7	1.504e3
1430.5	2.837e3
1431.2	6.930e2
1431.8	3.075e3
1432.7	1.370e3
1433.6	2.272e3
1434.1	7.900e1
1434.7	2.504e3
1435.6	2.316e3
1436.1	8.800e1
1436.6	2.366e3
1437.5	1.530e3
1438.4	2.270e3
1439.1	7.900e2
1439.8	3.366e3
1440.7	2.625e3
1441.7	2.328e3
1442.4	3.730e2
1443.0	2.210e3
1443.7	8.730e2
1444.3	2.316e3
1445.0	1.538e3
1445.7	2.485e3
1446.3	3.200e1
1446.8	2.229e3
1447.8	1.836e3
1448.6	1.627e3
1449.5	2.966e3
1450.1	3.460e2
1450.7	2.059e3
1451.3	5.130e2
1452.0	1.967e3
1452.6	2.500e1
1453.1	2.640e3
1453.8	8.460e2
1454.6	2.102e3
1455.1	1.550e2
1455.7	1.514e3
1456.6	3.015e3
1457.6	1.676e3
1458.5	2.402e3
1459.3	7.890e2
1460.0	2.497e3
1460.6	6.680e2
1461.4	2.282e3
1462.3	1.666e3
1463.2	1.422e3
1463.7	2.900e2
1464.3	2.132e3
1465.3	2.436e3
1466.2	2.506e3
1467.1	2.184e3
1468.0	3.149e3
1468.6	3.000e1
1469.1	2.535e3
1469.6	4.000e0
1470.1	2.078e3
1470.8	4.690e2
1471.4	2.231e3
1472.1	6.700e2
1472.8	3.472e3
1473.3	6.500e1
1473.8	3.821e3
1474.7	2.136e3
1475.2	1.870e2
1475.8	2.964e3
1476.7	1.895e3
1477.7	2.043e3
1478.6	1.657e3
1479.5	1.722e3
1480.2	5.840e2
1481.0	3.165e3
1481.9	2.439e3
1482.6	9.900e2
1483.3	2.079e3
1484.1	1.144e3
1485.0	1.736e3
1485.7	5.340e2
1486.4	2.811e3
1486.9	4.600e1
1487.4	2.020e3
1487.9	2.500e2
1488.4	1.964e3
1489.5	1.893e3
1490.3	1.221e3
1491.1	1.686e3
1492.1	2.630e3
1492.9	1.235e3
1493.7	3.025e3
1494.6	2.088e3
1495.4	1.550e3
1496.3	2.096e3
1496.8	1.450e2
1497.4	1.626e3
1498.4	2.663e3
1499.0	3.700e1
1499.5	2.898e3
1500.2	6.250e2
1501.0	2.347e3
1501.6	1.800e2
1502.2	2.443e3
1503.0	1.375e3
1503.9	2.750e3
1504.4	6.100e1
1505.0	2.407e3
1505.6	3.250e2
1506.2	3.704e3
1507.1	2.109e3
1507.7	7.000e0
1508.2	1.427e3
1508.8	1.140e2
1509.4	2.795e3
1510.1	7.980e2
1510.9	2.920e3
1511.5	3.620e2
1512.1	2.096e3
1513.1	1.758e3
1513.9	2.676e3
1514.5	6.600e1
1515.0	2.913e3
1515.7	4.230e2
1516.4	2.147e3
1516.9	6.700e1
1517.5	1.749e3
1518.2	8.360e2
1519.0	2.073e3
1520.0	1.970e3
1521.0	2.858e3
1521.6	3.460e2
1522.1	2.284e3
1523.1	3.215e3
1523.6	5.000e0
1524.2	2.016e3
1525.0	1.158e3
1525.9	2.432e3
1526.4	2.900e1
1526.9	1.389e3
1527.7	2.189e3
1528.2	7.400e1
1528.7	1.648e3
1529.8	1.876e3
1530.6	5.470e2
1531.2	1.793e3
1531.8	3.660e2
1532.4	1.894e3
1533.3	3.085e3
1534.2	1.305e3
1535.1	2.512e3
1535.9	3.160e2
1536.5	2.190e3
1537.1	2.500e2
1537.7	2.249e3
1538.7	9.020e2
1539.6	1.601e3
1540.5	1.704e3
1541.4	1.906e3
1542.1	7.500e2
1542.8	2.343e3
1543.6	1.071e3
1544.5	2.625e3
1545.1	2.160e2
1545.7	1.845e3
1546.5	1.484e3
1547.5	2.462e3
1548.4	1.664e3
1548.9	1.600e1
1549.5	2.227e3
1550.2	8.110e2
1550.8	1.639e3
1551.7	2.845e3
1552.2	3.410e2
1552.9	2.290e3
1553.9	1.857e3
1554.7	9.180e2
1555.5	1.748e3
1556.0	1.020e2
1556.6	1.845e3
1557.6	1.678e3
1558.6	1.990e3
1559.2	1.880e2
1559.8	1.607e3
1560.6	7.960e2
1561.4	2.845e3
1561.9	2.040e2
1562.5	1.659e3
1563.1	2.830e2
1563.7	1.532e3
1564.6	1.907e3
1565.5	1.243e3
1566.4	1.345e3
1567.3	6.660e2
1568.1	2.688e3
1569.0	1.429e3
1569.7	2.672e3
1570.7	2.948e3
1571.3	8.160e2
1572.1	2.115e3
1573.1	2.270e3
1574.0	1.836e3
1574.8	6.180e2
1575.5	1.722e3
1576.5	2.732e3
1577.3	1.550e3
1577.9	1.050e2
1578.4	2.378e3
1579.2	8.360e2
1580.2	2.701e3
1581.1	2.558e3
1582.1	2.375e3
1582.9	1.181e3
1583.7	2.603e3
1584.5	7.560e2
1585.3	1.498e3
1586.2	3.085e3
1586.8	1.960e2
1587.4	1.497e3
1588.1	6.270e2
1588.8	2.357e3
1589.8	1.892e3
1590.8	1.297e3
1591.8	1.495e3
1592.6	2.015e3
1593.4	1.153e3
1594.2	2.158e3
1595.1	1.653e3
1595.8	3.850e2
1596.4	1.795e3
1597.1	2.230e2
1597.7	2.007e3
1598.6	1.498e3
1599.1	2.800e1
1599.6	2.694e3
1600.3	1.010e2
1601.0	2.069e3
1602.0	2.031e3
1602.6	9.080e2
1603.3	1.865e3
1604.2	1.035e3
1605.1	1.841e3
1606.1	2.581e3
1606.9	1.145e3
1607.6	1.980e2
1608.2	1.608e3
1608.9	1.373e3
1609.9	1.099e3
1610.7	1.926e3
1611.5	2.140e3
1612.2	4.670e2
1612.8	1.693e3
1613.4	3.520e2
1614.0	2.452e3
1614.8	8.180e2
1615.6	1.895e3
1616.3	2.430e2
1616.8	2.828e3
1617.5	3.370e2
1618.1	1.999e3
1618.8	4.340e2
1619.4	2.067e3
1620.3	8.580e2
1621.2	1.810e3
1621.9	3.150e2
1622.5	2.784e3
1623.0	4.800e1
1623.5	2.082e3
1624.2	4.940e2
1624.9	1.808e3
1625.6	3.080e2
1626.3	2.431e3
1626.9	5.200e1
1627.4	2.359e3
1628.3	1.714e3
1629.3	1.373e3
1630.3	1.899e3
1631.3	2.105e3
1632.1	1.887e3
1632.8	3.080e2
1633.4	2.824e3
1633.9	7.000e1
1634.5	1.722e3
1635.4	2.336e3
1636.2	7.270e2
1636.9	1.641e3
1637.5	1.490e2
1638.1	2.124e3
1639.0	1.172e3
1639.9	1.335e3
1640.6	7.300e1
1641.2	1.806e3
1641.8	6.320e2
1642.6	1.493e3
1643.5	1.254e3
1644.4	1.368e3
1645.3	1.910e3
1645.8	1.150e2
1646.4	1.891e3
1647.0	3.430e2
1647.6	1.837e3
1648.6	2.087e3
1649.1	6.800e1
1649.7	1.401e3
1650.4	3.730e2
1651.1	2.015e3
1651.9	8.500e2
1652.8	2.072e3
1653.5	4.890e2
1654.3	1.013e3
1655.1	1.513e3
1655.9	9.550e2
1656.6	2.040e3
1657.4	6.320e2
1658.2	1.650e3
1659.3	2.055e3
1660.1	1.319e3
1660.9	1.583e3
1661.5	4.700e1
1662.0	1.985e3
1662.8	7.350e2
1663.6	1.926e3
1664.3	6.730e2
1665.0	2.224e3
1665.6	1.970e2
1666.1	2.104e3
1667.0	1.436e3
1667.9	2.751e3
1668.5	1.700e2
1669.1	1.930e3
1670.2	1.638e3
1671.2	1.962e3
1671.8	2.790e2
1672.3	2.105e3
1673.0	4.850e2
1673.6	2.156e3
1674.1	1.970e2
1674.7	1.768e3
1675.7	2.044e3
1676.6	1.125e3
1677.5	2.258e3
1678.0	8.300e1
1678.6	2.380e3
1679.4	1.050e3
1680.3	1.364e3
1681.0	5.600e2
1681.8	1.702e3
1682.7	2.114e3
1683.2	6.000e0
1683.7	1.327e3
1684.3	2.040e2
1684.9	2.081e3
1685.9	9.080e2
1686.4	4.200e1
1687.0	1.706e3
1687.7	2.990e2
1688.3	1.399e3
1689.2	2.610e3
1690.2	2.022e3
1691.1	1.312e3
1691.9	2.226e3
1692.5	1.130e2
1693.0	1.626e3
1694.0	2.524e3
1694.7	1.330e2
1695.3	1.518e3
1695.9	2.360e2
1696.6	2.195e3
1697.2	2.990e2
1697.8	1.320e3
1698.8	1.203e3
1699.4	1.390e2
1700.0	2.165e3
1701.0	1.378e3
1701.7	2.615e3
1702.3	4.800e1
1702.8	1.998e3
1703.5	2.720e2
1704.2	2.366e3
1705.1	2.152e3
1706.1	1.440e3
1707.0	2.210e2
1707.6	1.378e3
1708.5	1.235e3
1709.1	2.640e2
1709.9	1.775e3
1710.7	8.410e2
1711.5	1.964e3
1712.5	1.300e3
1713.2	6.860e2
1714.1	1.623e3
1714.9	4.740e2
1715.4	3.500e1
1715.9	1.156e3
1716.9	1.130e3
1717.9	1.522e3
1718.5	2.520e2
1719.1	1.421e3
1720.0	1.353e3
1721.0	6.110e2
1722.0	1.073e3
1722.9	2.464e3
1723.7	5.950e2
1724.4	2.068e3
1724.9	2.630e2
1725.6	2.297e3
1726.5	8.940e2
1727.6	1.253e3
1728.1	9.500e1
1728.7	1.866e3
1729.3	8.600e1
1729.8	1.720e3
1730.4	5.100e1
1730.9	9.920e2
1731.9	2.144e3
1732.8	1.643e3
1733.3	3.300e1
1734.0	1.511e3
1735.0	1.217e3
1736.0	2.168e3
1736.6	1.140e2
1737.2	1.445e3
1737.9	4.640e2
1738.7	1.772e3
1739.3	2.040e2
1739.9	1.821e3
1740.9	1.510e3
1741.7	7.010e2
1742.5	1.356e3
1743.1	2.700e2
1743.7	1.616e3
1744.6	1.239e3
1745.4	1.973e3
1746.0	1.220e2
1746.6	1.383e3
1747.1	3.500e1
1747.7	1.579e3
1748.3	3.010e2
1749.0	1.678e3
1749.6	1.940e2
1750.2	1.582e3
1751.1	1.262e3
1752.0	1.474e3
1752.9	7.310e2
1753.8	1.117e3
1754.7	9.320e2
1755.4	9.130e2
1756.2	1.312e3
1756.7	3.400e1
1757.2	1.588e3
1758.1	1.020e3
1758.8	5.950e2
1759.5	1.930e3
1760.5	2.526e3
1761.1	3.000e2
1761.8	1.689e3
1762.7	3.190e2
1763.4	2.194e3
1764.0	6.810e2
1764.7	1.433e3
1765.3	1.320e2
1765.8	1.896e3
1766.4	1.640e2
1767.1	1.200e3
1768.1	2.303e3
1769.2	1.435e3
1770.0	3.080e2
1770.7	2.000e3
1771.6	1.791e3
1772.5	1.083e3
1773.2	1.929e3
1774.3	1.181e3
1774.9	3.640e2
1775.6	1.784e3
1776.6	6.430e2
1777.5	8.300e2
1778.4	1.891e3
1779.3	2.051e3
1779.9	8.400e1
1780.4	8.380e2
1781.0	1.080e2
1781.7	1.739e3
1782.3	2.380e2
1782.9	1.010e3
1783.4	8.500e1
1783.9	1.871e3
1784.5	1.110e2
1785.1	1.440e3
1785.6	1.450e2
1786.1	1.415e3
1787.1	5.020e2
1787.9	1.734e3
1788.8	9.720e2
1789.8	2.037e3
1790.6	1.052e3
1791.5	1.195e3
1792.1	5.680e2
1792.8	1.415e3
1793.4	6.500e1
1793.9	1.279e3
1794.9	1.817e3
1795.5	3.800e1
1796.1	1.984e3
1797.0	1.116e3
1797.9	1.794e3
1798.9	1.272e3
1799.5	5.200e2
1800.1	1.270e3
1800.6	1.000e1
1801.1	1.572e3
1801.6	1.200e1
1802.2	1.468e3
1803.1	8.760e2
1803.9	1.373e3
1804.6	6.830e2
1805.3	1.563e3
1805.9	1.090e2
1806.4	1.783e3
1807.0	1.990e2
1807.8	1.708e3
1808.6	1.969e3
1809.1	2.610e2
1809.8	1.599e3
1810.8	1.375e3
1811.5	2.230e2
1812.1	1.475e3
1812.7	2.690e2
1813.3	8.080e2
1814.3	1.844e3
1815.2	1.059e3
1816.2	1.213e3
1816.7	3.200e1
1817.3	8.120e2
1817.8	1.850e2
1818.3	1.384e3
1819.3	1.583e3
1820.0	6.410e2
1821.0	2.147e3
1822.2	7.430e2
1823.0	1.416e3
1823.6	6.300e1
1824.2	1.416e3
1825.0	4.970e2
1825.5	1.480e2
1826.0	1.671e3
1826.6	2.180e2
1827.3	1.344e3
1828.2	8.460e2
1829.1	1.248e3
1830.0	1.107e3
1830.7	2.140e2
1831.3	1.370e3
1831.8	3.800e1
1832.4	1.212e3
1833.0	3.820e2
1833.6	1.707e3
1834.6	8.630e2
1835.5	1.387e3
1836.1	1.750e2
1836.7	2.089e3
1837.5	1.159e3
1838.4	9.100e2
1839.1	1.997e3
1839.9	5.020e2
1840.7	1.238e3
1841.7	1.565e3
1842.6	9.040e2
1843.2	4.950e2
1843.8	1.364e3
1844.8	9.710e2
1845.9	1.036e3
1846.8	1.610e3
1847.4	1.250e2
1847.9	1.334e3
1848.8	5.340e2
1849.6	1.594e3
1850.5	9.500e2
1851.2	3.270e2
1851.9	1.301e3
1852.5	2.620e2
1853.1	1.213e3
1853.8	1.400e3
1854.7	4.030e2
1855.5	1.943e3
1856.4	1.630e3
1857.4	6.150e2
1858.2	1.381e3
1859.1	8.790e2
1859.9	1.241e3
1860.8	8.010e2
1861.4	2.390e2
1862.0	1.441e3
1862.9	1.785e3
1863.9	1.422e3
1864.8	1.272e3
1865.8	1.175e3
1866.6	1.099e3
1867.6	8.690e2
1868.5	1.600e3
1869.1	6.030e2
1869.8	1.087e3
1870.7	1.325e3
1871.3	1.170e2
1871.9	1.250e3
1872.6	4.620e2
1873.3	1.336e3
1874.0	3.800e2
1874.8	9.350e2
1875.8	1.635e3
1876.8	9.620e2
1877.8	1.884e3
1878.7	9.230e2
1879.7	1.436e3
1880.6	8.840e2
1881.4	2.418e3
1882.3	9.330e2
1883.1	1.305e3
1883.7	3.280e2
1884.3	2.016e3
1885.1	8.310e2
1886.1	1.793e3
1887.1	5.950e2
1887.8	9.360e2
1888.6	1.261e3
1889.5	1.762e3
1890.1	8.900e1
1890.8	1.173e3
1891.4	8.000e0
1891.9	1.702e3
1892.6	1.002e3
1893.6	1.638e3
1894.2	1.440e2
1894.8	1.827e3
1895.4	2.350e2
1896.1	1.164e3
1897.0	9.080e2
1897.5	4.600e1
1898.0	2.025e3
1898.8	1.050e3
1899.3	1.800e1
1899.8	9.880e2
1900.8	4.920e2
1901.7	1.304e3
1902.8	1.565e3
1903.5	2.120e2
1904.0	7.710e2
1905.0	1.694e3
1906.0	6.480e2
1906.9	1.691e3
1907.7	5.800e2
1908.4	1.761e3
1909.3	3.790e2
1909.9	1.508e3
1910.5	2.400e1
1911.0	1.695e3
1911.7	3.670e2
1912.3	1.272e3
1913.0	2.500e2
1913.8	1.083e3
1914.7	1.334e3
1915.4	1.770e2
1915.9	1.383e3
1916.9	8.600e2
1917.8	4.890e2
1918.6	1.460e3
1919.5	7.580e2
1920.3	1.318e3
1921.2	1.464e3
1921.8	2.050e2
1922.5	1.599e3
1923.4	9.660e2
1924.3	1.213e3
1925.3	1.438e3
1926.2	1.109e3
1927.0	2.620e2
1927.7	1.265e3
1928.3	5.580e2
1929.1	1.721e3
1929.8	5.150e2
1930.6	2.108e3
1931.1	1.900e1
1931.6	7.930e2
1932.5	1.100e3
1933.0	4.800e1
1933.6	9.070e2
1934.2	6.200e1
1934.7	1.251e3
1935.6	5.220e2
1936.6	1.725e3
1937.2	1.720e2
1938.0	1.242e3
1939.0	1.803e3
1939.9	1.730e3
1940.7	4.970e2
1941.5	1.416e3
1942.1	1.220e2
1942.7	1.520e3
1943.3	5.100e1
1943.9	1.168e3
1944.5	1.790e2
1945.2	1.028e3
1946.0	5.660e2
1946.6	7.100e1
1947.2	1.274e3
1947.8	5.700e1
1948.3	2.060e3
1948.9	1.040e2
1949.5	1.686e3
1950.5	1.739e3
1951.1	9.900e1
1951.7	1.030e3
1952.3	1.920e2
1952.9	1.449e3
1953.8	9.140e2
1954.8	8.180e2
1955.7	1.569e3
1956.5	8.220e2
1957.5	1.116e3
1958.5	1.841e3
1959.2	8.260e2
1959.9	2.360e2
1960.5	1.348e3
1961.5	1.445e3
1962.3	1.222e3
1963.3	6.450e2
1964.0	9.500e1
1964.7	1.526e3
1965.8	8.640e2
1966.7	1.460e3
1967.3	7.700e1
1967.9	1.231e3
1968.9	1.584e3
1969.5	4.000e0
1970.1	1.590e3
1971.0	1.274e3
1971.5	2.640e2
1972.2	1.333e3
1973.2	8.730e2
1974.1	1.421e3
1974.9	4.870e2
1975.5	9.590e2
1976.5	8.270e2
1977.0	3.000e0
1977.6	1.158e3
1978.6	9.980e2
1979.5	1.252e3
1980.2	5.500e1
1980.7	1.147e3
1981.7	8.780e2
1982.3	1.680e2
1982.9	1.175e3
1983.7	3.130e2
1984.5	1.436e3
1985.0	5.800e1
1985.5	1.385e3
1986.4	9.580e2
1987.2	4.470e2
1988.1	1.206e3
1988.8	1.138e3
1989.4	1.900e1
1989.9	1.184e3
1990.8	7.880e2
1991.4	1.720e2
1992.1	1.036e3
1993.0	1.034e3
1993.9	1.448e3
1994.7	1.036e3
1995.6	8.030e2
1996.6	1.266e3
1997.4	4.600e2
1998.2	1.744e3
1998.7	1.480e2
1999.3	1.283e3
