100.3	1.032e5
100.9	1.023e6
101.5	6.148e3
102.1	2.838e6
103.0	1.920e5
103.6	7.504e3
104.1	2.021e5
105.0	8.871e5
106.0	1.438e5
106.5	2.496e3
107.1	3.446e5
107.8	1.774e5
108.5	9.966e5
109.2	2.142e5
110.0	4.302e6
110.5	1.047e3
111.0	1.069e7
112.0	4.114e6
112.5	6.494e3
113.1	7.834e5
114.0	4.944e5
115.0	4.115e5
115.6	2.818e3
116.1	3.692e5
117.1	1.984e5
118.0	2.908e5
119.0	3.024e5
119.5	9.740e2
120.1	1.112e6
121.0	3.624e5
121.6	3.613e3
122.2	1.788e6
123.1	4.305e5
123.6	2.005e3
124.1	1.520e5
125.1	1.291e5
126.0	3.555e5
126.5	1.392e3
127.1	1.292e5
128.1	8.092e4
129.0	1.384e5
129.7	1.516e4
130.3	3.785e5
131.2	1.186e6
132.1	2.859e5
133.0	6.544e5
134.0	1.211e5
134.5	2.660e2
135.0	8.579e4
136.0	5.703e5
137.0	1.703e5
137.6	1.832e3
138.1	1.385e6
138.6	2.631e3
139.2	1.868e5
140.1	2.129e5
141.1	1.898e5
142.0	3.844e5
142.5	6.440e2
143.0	1.038e5
143.5	5.720e2
144.1	1.879e5
145.0	6.725e5
146.0	1.172e5
146.5	8.770e2
147.0	3.876e5
147.6	1.111e3
148.1	1.016e5
149.0	3.418e5
149.6	1.616e3
150.1	3.553e5
150.7	1.975e3
151.2	9.750e4
152.1	6.782e4
153.1	5.368e4
154.0	1.554e5
154.6	2.006e3
155.1	2.652e5
156.1	1.156e5
157.0	3.015e5
158.1	4.331e5
159.0	2.006e6
160.1	2.688e5
161.1	1.096e5
162.1	1.017e5
163.1	1.997e5
164.0	2.177e5
164.6	1.149e3
165.1	1.262e5
165.6	7.750e2
166.2	8.684e4
166.8	2.839e4
167.4	3.821e5
168.1	1.456e5
168.6	2.256e3
169.1	8.157e4
170.1	1.556e5
170.6	1.422e3
171.2	7.512e5
172.1	5.942e5
173.1	2.361e5
173.6	3.667e3
174.2	1.574e5
174.8	3.113e4
175.5	2.758e5
176.2	8.416e4
176.9	6.454e5
177.9	1.616e5
178.5	2.416e4
179.2	1.876e5
180.1	9.358e4
181.1	1.384e5
182.0	1.440e5
182.5	1.184e3
183.1	5.996e5
183.6	1.128e3
184.2	1.409e5
185.1	1.311e6
186.0	2.435e5
186.5	3.929e3
187.0	1.127e6
187.6	1.646e3
188.2	5.346e5
189.0	1.987e5
189.6	1.531e3
190.1	1.293e5
191.0	1.437e5
191.5	1.430e2
192.1	2.655e5
192.6	2.140e3
193.1	1.497e5
193.7	2.522e3
194.2	3.567e5
195.1	2.067e5
195.6	2.790e2
196.2	3.044e6
197.2	1.122e6
198.2	1.378e6
199.2	2.374e5
200.1	7.652e5
200.6	5.600e2
201.1	1.825e5
202.1	1.525e5
203.1	2.190e5
204.1	8.229e4
205.1	1.634e5
205.6	1.562e3
206.2	1.259e5
207.2	1.069e5
208.1	7.784e4
209.1	1.490e5
209.6	2.959e3
210.1	1.419e5
211.1	8.362e4
212.1	1.096e5
213.1	5.388e4
213.6	3.080e2
214.2	9.110e6
215.2	1.174e6
216.2	6.692e5
217.2	2.654e5
217.7	4.720e2
218.2	8.699e5
219.2	2.108e5
220.2	1.633e5
221.2	1.151e5
221.7	1.979e3
222.2	8.185e4
223.2	6.532e4
224.1	1.832e5
224.6	1.231e3
225.1	7.761e4
226.1	1.573e5
227.0	3.421e5
227.6	2.621e3
228.1	2.602e5
228.6	3.755e3
229.1	1.359e5
229.7	1.090e3
230.2	7.196e4
231.1	1.328e5
232.1	7.755e4
233.1	1.259e5
233.6	2.111e3
234.2	1.216e5
235.1	8.871e4
235.6	1.581e3
236.1	1.140e6
237.1	3.134e5
237.6	1.656e3
238.2	1.555e5
239.1	1.182e5
240.1	5.016e4
240.6	8.780e2
241.2	6.618e4
242.1	9.236e4
242.6	2.568e3
243.1	1.277e5
244.1	7.516e4
244.6	1.000e3
245.2	9.190e4
245.7	3.900e2
246.2	5.422e4
247.2	5.179e4
247.7	4.790e2
248.2	6.096e4
249.2	5.194e4
250.1	1.069e5
250.6	8.390e2
251.1	6.159e4
252.1	1.205e5
253.1	7.838e4
254.1	1.182e5
254.6	6.341e3
255.2	1.074e5
256.1	5.977e4
257.0	9.541e4
257.6	1.011e3
258.1	5.122e4
258.7	3.699e3
259.2	3.152e5
260.2	8.341e4
260.7	8.850e2
261.2	1.064e5
262.0	3.367e4
262.7	8.061e4
263.4	1.533e4
264.1	5.110e4
264.6	1.391e3
265.1	3.306e4
266.1	8.091e4
266.6	1.190e3
267.2	6.806e4
267.7	2.870e2
268.2	3.589e4
268.7	1.434e3
269.3	4.827e4
270.3	4.185e4
271.2	5.923e4
272.1	3.583e4
273.1	5.179e4
273.7	3.530e2
274.2	6.956e4
275.1	6.924e4
276.1	5.214e4
276.6	1.479e3
277.1	1.114e5
278.1	7.519e4
278.7	9.420e2
279.2	1.296e5
280.1	5.206e4
281.1	8.624e4
282.2	8.376e4
283.1	1.388e5
284.0	6.023e4
284.8	1.282e5
285.4	1.770e4
286.1	5.064e4
287.1	6.580e4
287.6	1.958e3
288.2	4.864e4
289.1	7.212e4
289.7	6.880e2
290.2	4.921e4
291.1	4.374e4
291.6	5.450e2
292.1	4.398e4
293.1	3.289e4
293.7	3.220e2
294.2	4.520e4
295.1	7.949e4
296.1	3.868e4
296.7	3.348e3
297.3	4.400e4
298.2	4.096e4
299.1	3.759e4
300.1	3.264e4
300.7	2.087e3
301.2	1.029e5
302.2	5.087e4
302.7	1.232e3
303.2	5.008e4
304.0	8.950e4
304.6	1.585e3
305.1	7.924e4
305.6	1.865e3
306.2	3.656e4
307.1	5.901e4
307.6	5.220e2
308.1	4.460e4
309.1	5.694e4
309.6	1.733e3
310.2	4.466e4
310.7	8.030e2
311.2	7.890e4
311.7	5.190e2
312.2	5.845e4
313.3	6.667e4
314.2	4.309e4
314.7	6.950e2
315.2	4.216e4
316.2	3.596e4
316.7	3.710e2
317.2	5.002e4
318.2	3.225e4
319.2	4.028e4
320.2	3.701e4
321.1	6.209e4
321.6	1.364e3
322.1	4.150e4
323.1	3.729e4
323.6	1.299e3
324.1	3.559e4
324.7	2.027e3
325.3	7.114e4
326.2	9.577e4
327.2	6.873e4
328.1	5.176e4
329.1	5.075e4
329.7	2.317e3
330.3	3.873e4
331.3	1.747e5
332.2	8.998e4
333.2	7.920e4
334.2	5.851e4
335.2	5.220e4
336.1	3.839e4
336.7	6.114e3
337.3	5.682e4
338.3	5.019e4
339.3	9.004e4
340.3	4.597e4
340.8	1.991e3
341.3	7.769e4
342.2	5.165e4
343.2	4.871e4
344.1	4.436e4
344.7	2.154e3
345.2	4.146e4
346.2	3.499e4
346.7	2.721e3
347.3	6.478e4
348.2	4.378e4
349.2	1.065e5
350.2	5.206e4
351.1	4.315e4
352.1	5.445e4
352.7	3.063e3
353.3	7.316e4
354.1	2.692e5
354.7	5.409e3
355.2	1.479e5
356.2	6.565e4
357.1	7.950e4
357.6	3.797e3
358.2	4.907e4
359.2	1.793e5
360.2	6.648e4
360.7	1.912e3
361.3	6.020e4
362.2	4.111e4
363.1	1.154e5
363.6	3.042e3
364.2	3.240e4
365.1	3.976e4
366.1	4.296e4
366.6	1.865e3
367.2	4.347e4
368.1	4.194e4
368.8	8.836e3
369.4	1.366e5
370.4	6.338e4
371.3	5.492e4
372.2	6.185e4
373.1	4.509e4
373.6	4.240e2
374.1	3.185e4
374.6	1.775e3
375.2	5.840e4
375.7	1.367e3
376.3	4.866e4
377.2	7.565e4
378.1	3.999e4
379.0	8.610e4
379.5	1.490e3
380.0	6.632e4
380.6	6.361e3
381.2	5.552e4
382.1	3.968e4
382.8	7.872e3
383.4	1.145e5
384.4	5.115e4
385.3	5.545e4
386.4	4.681e4
386.9	2.223e3
387.4	6.062e4
388.3	2.283e4
389.1	4.208e4
389.7	1.324e3
390.2	3.605e4
390.8	4.575e3
391.4	7.597e4
392.3	4.492e4
392.8	3.083e3
393.4	1.389e5
393.9	1.898e3
394.4	1.029e5
395.3	5.516e4
396.2	3.563e4
396.8	5.852e3
397.4	7.271e4
398.4	4.651e4
399.4	9.411e4
400.3	5.019e4
401.0	8.934e3
401.6	1.029e5
402.5	5.026e4
403.3	2.819e4
404.1	3.516e4
404.8	6.017e3
405.4	6.474e4
406.2	3.204e4
407.0	5.065e4
407.7	1.010e4
408.4	7.246e4
409.3	1.075e5
410.2	4.954e4
410.8	2.423e3
411.3	5.792e4
412.3	4.644e4
412.9	4.122e3
413.4	1.854e5
414.4	8.048e4
415.4	5.785e4
416.0	2.913e3
416.5	1.290e5
417.4	5.202e4
418.3	3.311e4
419.3	3.544e4
420.2	3.094e4
421.1	7.392e4
421.7	7.016e3
422.3	4.453e4
422.9	6.208e3
423.6	1.677e5
424.4	4.885e4
425.3	4.481e4
425.9	4.667e3
426.5	3.479e4
427.5	1.499e5
428.4	6.848e4
429.4	9.002e4
430.2	2.500e4
430.8	1.862e5
431.7	1.001e5
432.5	3.808e4
433.4	2.928e4
434.0	2.160e3
434.5	5.256e4
435.1	9.569e3
435.7	7.961e4
436.5	4.235e4
437.4	8.089e4
438.0	7.388e3
438.6	1.785e5
439.4	5.239e4
440.3	2.987e4
440.9	3.940e3
441.5	9.514e4
442.0	3.043e3
442.5	5.264e4
443.3	1.391e5
443.9	1.081e4
444.5	5.617e4
445.0	1.157e3
445.6	2.176e5
446.4	7.628e4
447.3	4.779e4
448.2	2.421e4
448.9	9.590e3
449.5	1.011e5
450.3	5.713e4
451.2	8.571e4
451.9	1.143e4
452.5	1.640e5
453.5	1.168e5
454.4	4.990e4
455.0	2.534e3
455.5	5.142e4
456.5	5.911e4
457.5	2.015e5
458.5	9.479e4
459.0	5.776e3
459.6	9.838e4
460.1	3.624e3
460.6	1.984e5
461.5	7.014e4
462.3	2.864e4
463.3	5.408e4
463.9	1.647e3
464.4	4.925e4
465.2	1.089e5
465.8	8.495e3
466.4	6.402e4
467.0	6.267e3
467.6	2.306e5
468.4	7.785e4
469.0	1.059e4
469.6	7.367e4
470.6	4.389e4
471.5	1.848e5
472.6	1.121e5
473.5	6.922e4
474.0	5.363e3
474.6	1.721e5
475.5	1.225e5
476.4	6.168e4
477.2	2.426e4
478.0	3.283e4
478.9	7.101e4
479.8	1.053e5
480.6	6.179e4
481.5	1.117e5
482.0	5.673e3
482.6	1.850e5
483.4	7.320e4
484.4	3.737e4
485.0	1.066e3
485.5	1.187e5
486.4	5.508e4
487.3	1.845e5
487.9	1.230e4
488.5	6.291e4
489.1	1.002e4
489.6	2.430e5
490.5	8.648e4
491.4	4.019e4
492.4	2.745e4
493.3	4.824e4
494.1	9.688e4
494.7	1.428e4
495.3	1.242e5
496.0	7.266e3
496.6	2.052e5
497.5	1.334e5
498.4	5.614e4
499.2	9.609e4
499.9	1.578e4
500.5	6.880e4
501.6	2.162e5
502.5	9.928e4
503.0	2.097e3
503.6	9.836e4
504.5	1.987e5
505.4	7.512e4
506.3	4.197e4
506.8	2.551e3
507.4	4.258e4
508.2	4.302e4
509.1	1.352e5
509.7	2.245e4
510.4	7.285e4
511.1	1.011e4
511.7	2.511e5
512.5	7.443e4
513.5	5.554e4
514.5	3.658e4
515.0	1.753e3
515.6	2.138e5
516.6	1.226e5
517.5	6.036e4
518.1	4.179e3
518.7	1.874e5
519.5	1.178e5
520.4	5.456e4
521.3	3.452e4
522.2	3.037e4
523.1	6.949e4
523.6	6.105e3
524.1	1.185e5
524.8	2.392e4
525.5	1.083e5
526.1	6.963e3
526.6	2.114e5
527.5	8.261e4
528.4	3.936e4
529.0	2.493e3
529.5	1.110e5
530.5	5.801e4
531.3	1.614e5
531.9	8.642e3
532.5	6.985e4
533.1	8.296e3
533.7	2.151e5
534.5	7.564e4
535.4	3.836e4
536.4	3.827e4
537.3	4.364e4
538.1	1.175e5
539.0	6.408e4
539.7	2.923e4
540.7	1.859e5
541.6	9.749e4
542.5	4.728e4
543.5	6.815e4
544.0	3.518e3
544.6	5.904e4
545.6	1.815e5
546.5	8.712e4
547.0	1.818e3
547.6	7.458e4
548.5	1.426e5
549.2	6.093e4
550.0	3.732e4
550.7	1.105e4
551.4	4.327e4
552.3	4.994e4
553.2	1.153e5
553.8	1.540e4
554.4	8.028e4
555.0	8.538e3
555.6	2.041e5
556.5	7.410e4
557.5	4.664e4
558.0	1.714e3
558.5	2.674e4
559.0	5.490e2
559.6	1.691e5
560.1	2.141e3
560.6	1.045e5
561.5	4.607e4
562.1	6.725e3
562.7	1.296e5
563.6	7.916e4
564.5	3.862e4
565.2	1.446e4
565.9	2.539e4
566.9	6.323e4
567.8	7.876e4
568.6	5.401e4
569.5	6.589e4
570.1	6.414e3
570.7	1.314e5
571.6	4.707e4
572.5	3.051e4
573.1	1.576e3
573.6	1.067e5
574.6	5.683e4
575.4	1.200e5
576.0	7.154e3
576.6	5.441e4
577.5	1.611e5
578.4	7.172e4
579.3	3.720e4
580.2	2.109e4
581.1	2.638e4
581.9	6.970e4
582.8	5.769e4
583.7	3.104e4
584.7	1.144e5
585.5	8.165e4
586.5	3.303e4
587.1	1.554e3
587.6	5.298e4
588.6	4.319e4
589.6	1.352e5
590.6	8.004e4
591.2	6.514e3
591.8	7.791e4
592.8	1.090e5
593.7	3.540e4
594.6	2.680e4
595.2	4.868e3
595.8	3.773e4
596.4	6.867e3
597.0	6.258e4
597.8	2.792e4
598.6	5.924e4
599.6	1.189e5
600.4	5.944e4
600.9	2.224e3
601.5	3.811e4
602.0	1.671e3
602.6	2.693e4
603.7	1.361e5
604.6	8.437e4
605.1	8.570e2
605.6	4.647e4
606.2	2.440e3
606.7	7.564e4
607.6	4.954e4
608.6	2.721e4
609.5	2.231e4
610.4	4.395e4
611.0	2.706e3
611.5	5.077e4
612.5	6.444e4
613.1	7.002e3
613.7	5.401e4
614.2	3.539e3
614.7	9.642e4
615.6	4.136e4
616.6	2.596e4
617.6	9.440e4
618.2	3.218e3
618.7	5.571e4
619.5	8.643e4
620.1	4.083e3
620.6	3.912e4
621.6	6.551e4
622.5	4.011e4
623.4	2.054e4
624.0	2.297e3
624.6	1.828e4
625.1	8.840e2
625.7	4.007e4
626.7	5.032e4
627.6	2.958e4
628.2	4.315e3
628.8	6.831e4
629.7	4.071e4
630.7	2.133e4
631.6	4.684e4
632.1	6.730e2
632.7	2.903e4
633.7	1.110e5
634.2	3.713e3
634.8	7.085e4
635.3	1.613e3
635.8	4.628e4
636.7	3.978e4
637.6	2.870e4
638.1	2.085e3
638.7	1.468e4
639.6	1.794e4
640.5	2.096e4
641.4	4.256e4
642.1	3.383e3
642.7	4.520e4
643.2	9.690e2
643.7	6.051e4
644.6	3.291e4
645.6	3.047e4
646.5	1.838e4
647.1	2.101e3
647.7	1.177e5
648.7	7.128e4
649.6	3.015e4
650.2	2.267e3
650.8	3.784e4
651.7	3.134e4
652.6	1.390e4
653.2	1.622e3
653.7	1.504e4
654.2	3.040e2
654.7	2.033e4
655.7	3.570e4
656.6	3.642e4
657.6	3.568e4
658.2	1.178e3
658.7	4.467e4
659.6	2.359e4
660.2	1.105e3
660.7	1.831e4
661.7	7.901e4
662.2	9.770e2
662.7	4.378e4
663.6	2.155e5
664.6	1.094e5
665.2	1.260e3
665.7	5.621e4
666.5	2.416e4
667.1	6.331e3
667.8	2.621e4
668.6	1.002e4
669.6	5.615e4
670.6	5.811e4
671.5	3.624e4
672.1	5.253e3
672.8	5.025e4
673.7	3.570e4
674.6	2.170e4
675.1	1.291e3
675.7	4.091e4
676.2	3.690e2
676.7	3.028e4
677.7	8.327e4
678.2	1.788e3
678.7	5.014e4
679.7	2.488e4
680.2	2.380e2
680.8	2.855e4
681.7	1.640e4
682.2	1.025e3
682.8	1.619e4
683.8	1.554e4
684.7	1.935e4
685.6	4.694e5
686.6	2.584e5
687.1	5.210e2
687.7	8.528e4
688.6	3.274e4
689.2	5.070e2
689.7	2.729e4
690.7	1.668e4
691.7	1.025e5
692.7	5.551e4
693.7	2.845e4
694.2	5.640e2
694.8	2.305e4
695.8	1.651e4
696.4	5.260e3
697.1	1.739e4
697.8	6.442e3
698.6	1.465e4
699.1	8.900e2
699.6	2.606e4
700.1	7.960e2
700.7	3.250e4
701.6	4.085e4
702.2	3.324e3
702.8	5.416e4
703.7	2.900e4
704.7	1.501e4
705.2	9.620e2
705.7	6.747e4
706.7	4.442e4
707.7	5.551e4
708.7	9.268e4
709.7	6.580e4
710.7	2.763e4
711.6	2.322e4
712.6	1.900e4
713.5	2.652e4
714.2	2.247e3
714.8	3.024e4
715.7	1.966e4
716.3	2.132e3
716.8	3.672e4
717.8	2.532e4
718.7	1.709e4
719.7	4.102e4
720.7	2.718e4
721.7	8.134e4
722.7	4.823e4
723.4	6.253e3
724.1	4.264e4
724.7	9.950e3
725.4	4.734e4
726.0	2.844e3
726.6	1.560e5
727.6	9.135e4
728.1	2.960e2
728.6	4.396e4
729.6	2.719e4
730.2	7.340e2
730.7	3.108e4
731.7	3.045e4
732.7	1.698e4
733.2	5.060e2
733.8	2.751e4
734.8	1.727e4
735.7	8.685e4
736.7	6.246e4
737.7	3.510e4
738.2	1.168e3
738.8	2.511e4
739.8	1.570e4
740.4	2.174e3
740.9	1.513e4
741.6	4.617e3
742.3	1.732e4
743.0	6.558e3
743.8	1.870e4
744.3	1.760e2
744.8	3.918e4
745.7	2.506e4
746.7	2.566e4
747.2	1.007e3
747.8	2.067e4
748.7	1.280e4
749.7	1.383e5
750.2	5.480e2
750.7	9.775e4
751.7	5.612e4
752.7	2.452e4
753.6	3.436e4
754.6	7.560e4
755.1	3.350e2
755.6	5.063e4
756.1	6.110e2
756.7	2.849e4
757.2	5.800e1
757.7	2.054e4
758.7	2.324e4
759.5	1.158e5
760.1	4.030e2
760.6	9.019e4
761.6	3.865e4
762.6	1.385e4
763.1	4.910e2
763.7	3.467e4
764.3	3.580e2
764.8	2.124e4
765.7	6.454e4
766.7	3.136e4
767.7	1.767e4
768.5	6.322e3
769.2	1.671e4
770.2	9.978e3
771.0	1.690e4
771.9	1.421e4
772.8	1.178e4
773.7	1.426e4
774.2	3.160e2
774.7	2.786e4
775.2	4.170e2
775.8	3.253e4
776.7	1.681e4
777.2	1.998e3
777.8	2.101e4
778.7	1.239e4
779.3	9.770e2
779.8	6.821e4
780.8	4.180e4
781.4	1.580e3
781.9	2.280e4
782.8	1.610e4
783.7	1.407e4
784.7	1.715e4
785.3	1.760e3
785.9	1.378e4
786.5	6.020e2
787.0	1.690e4
787.9	1.307e4
788.9	2.167e4
789.7	1.289e4
790.6	1.295e4
791.3	2.692e4
791.9	4.790e2
792.5	1.625e4
793.1	3.929e3
793.8	4.941e4
794.8	3.091e4
795.7	2.844e4
796.2	3.230e2
796.8	2.597e4
797.7	2.604e4
798.7	1.593e4
799.3	4.130e2
799.8	2.642e4
800.7	2.087e4
801.7	3.316e4
802.2	5.090e2
802.7	2.910e4
803.7	2.256e4
804.7	2.121e4
805.6	1.389e4
806.2	9.850e2
806.7	1.330e4
807.2	4.450e2
807.7	3.679e4
808.8	2.066e4
809.3	5.530e2
809.8	5.064e4
810.8	2.618e4
811.7	1.184e4
812.3	3.170e2
812.8	1.200e4
813.8	1.717e4
814.7	8.887e3
815.7	1.343e4
816.2	8.180e2
816.8	8.754e3
817.7	1.579e4
818.7	1.823e4
819.6	2.252e4
820.1	2.440e2
820.6	1.335e4
821.2	1.966e3
821.8	1.369e4
822.8	1.370e4
823.8	4.591e4
824.3	1.063e3
824.8	3.087e4
825.8	2.594e4
826.8	1.856e4
827.7	1.130e4
828.4	1.512e3
828.9	8.819e3
829.9	1.270e4
830.5	1.210e3
831.1	1.387e4
831.9	9.017e3
832.8	1.495e4
833.8	1.546e4
834.8	1.214e4
835.6	1.592e4
836.3	4.419e3
836.9	8.754e3
837.8	3.937e4
838.3	1.202e3
838.9	2.829e4
839.9	2.493e4
840.4	4.400e2
841.0	2.859e4
841.8	1.645e4
842.7	1.383e4
843.7	1.059e4
844.4	3.668e3
845.1	1.424e4
845.9	8.919e3
846.6	2.663e3
847.2	1.427e4
847.9	6.042e3
848.7	1.674e4
849.2	2.220e2
849.7	1.788e4
850.3	1.162e3
850.9	8.874e3
851.8	2.307e4
852.3	3.010e2
852.8	1.387e4
853.8	2.922e4
854.3	3.180e2
854.8	1.954e4
855.7	1.108e4
856.4	1.613e3
856.9	9.020e3
857.5	1.520e2
858.1	1.158e4
858.9	8.858e3
859.8	1.063e4
860.8	1.068e4
861.4	9.780e2
862.0	1.487e4
862.9	1.581e4
863.9	1.043e4
864.9	9.576e3
865.8	9.973e3
866.7	1.512e4
867.3	4.120e2
867.8	3.317e4
868.8	2.280e4
869.4	1.380e2
869.9	1.076e4
870.8	7.338e3
871.6	9.546e3
872.2	2.766e3
872.9	9.755e3
873.8	8.299e3
874.6	3.702e3
875.4	1.088e4
876.2	3.661e3
876.9	1.208e4
877.9	1.327e4
878.9	1.016e4
879.4	2.240e2
879.9	1.128e4
880.9	9.958e3
881.8	2.294e4
882.9	1.535e4
883.9	1.568e4
884.5	2.602e3
885.1	2.087e4
885.9	1.402e4
886.9	8.386e3
887.8	6.993e3
888.8	9.630e3
889.4	1.180e2
889.9	7.829e3
890.9	8.501e3
891.8	1.066e4
892.8	1.445e4
893.3	6.100e1
893.8	1.155e4
894.4	7.070e2
894.9	9.149e3
895.8	1.335e4
896.9	1.215e4
897.8	2.146e4
898.4	5.870e2
898.9	1.390e4
899.9	9.094e3
900.4	1.060e2
900.9	8.620e3
901.5	1.680e2
902.0	8.789e3
903.0	9.827e3
903.8	3.454e3
904.5	1.144e4
905.1	2.726e3
905.8	9.841e3
906.8	1.191e4
907.6	1.382e4
908.2	5.930e2
908.7	1.068e4
909.3	2.040e3
909.9	1.056e4
910.9	6.687e3
911.9	2.375e4
912.4	1.588e3
913.0	2.312e4
914.0	1.168e4
914.5	9.900e2
915.1	1.050e4
915.9	6.798e3
916.6	2.012e3
917.4	8.448e3
918.1	3.229e3
918.9	7.502e3
919.8	9.548e3
920.4	5.190e2
921.0	1.481e4
921.9	1.091e4
922.4	3.200e2
922.9	8.903e3
923.5	1.294e3
924.1	1.293e4
925.0	7.078e3
925.9	2.255e4
926.8	1.559e4
927.8	1.755e4
928.7	6.252e3
929.5	3.973e4
930.5	3.652e4
931.5	3.492e4
932.5	2.314e4
933.5	2.050e4
934.1	5.120e2
934.6	1.051e4
935.2	2.410e2
935.7	9.638e3
936.7	8.389e3
937.2	1.740e2
937.8	2.026e4
938.8	1.652e4
939.4	1.177e3
939.9	2.611e4
940.9	2.095e4
941.8	1.911e4
942.4	6.240e2
942.9	1.284e4
943.8	7.009e3
944.4	1.662e3
945.0	7.784e3
946.0	1.519e4
946.6	1.319e3
947.2	1.192e4
948.0	5.341e3
948.9	1.168e4
949.9	1.333e4
950.5	1.593e3
951.1	1.217e4
951.8	2.006e3
952.4	6.810e3
953.0	6.320e2
953.6	1.126e4
954.2	2.005e3
954.9	8.801e3
955.8	1.794e4
956.4	6.160e2
956.9	1.410e4
957.9	1.071e4
958.8	1.095e4
959.7	1.170e4
960.6	7.783e3
961.5	8.631e3
962.3	3.132e3
963.0	6.489e3
963.8	1.455e4
964.3	2.450e2
964.9	1.348e4
965.9	1.155e4
966.8	6.262e3
967.6	1.054e4
968.2	1.222e3
968.9	9.156e3
969.9	1.543e4
970.4	1.240e2
971.0	1.033e4
971.9	9.091e3
972.8	9.291e3
973.4	6.950e2
974.0	9.563e3
974.9	7.165e3
975.7	8.574e3
976.4	1.298e3
977.0	7.350e3
978.0	8.551e3
978.7	5.886e3
979.5	8.955e3
980.3	3.645e3
981.0	1.001e4
982.0	6.673e3
982.8	4.830e3
983.6	1.222e4
984.2	1.217e3
984.8	8.232e3
985.9	1.318e4
986.5	1.087e3
987.0	1.452e4
988.0	1.289e4
988.6	1.845e3
989.3	1.193e4
990.3	1.011e4
990.9	1.240e3
991.5	9.467e3
992.2	2.861e3
992.9	1.074e4
994.0	5.589e3
994.7	1.065e4
995.3	1.117e3
995.8	7.801e3
996.6	3.394e3
997.3	1.057e4
998.3	9.593e3
999.1	3.358e3
999.9	1.795e4
1000.9	1.400e4
1001.5	6.540e2
1002.0	8.830e3
1002.9	3.288e3
1003.6	1.046e4
1004.1	1.440e2
1004.6	1.203e4
1005.6	8.794e3
1006.3	2.630e3
1006.9	7.980e3
1007.5	6.000e1
1008.0	1.011e4
1008.8	3.807e3
1009.5	8.878e3
1010.3	3.964e3
1011.2	7.958e3
1012.0	4.370e3
1012.8	1.088e4
1013.4	1.341e3
1013.9	1.431e4
1014.9	9.770e3
1015.8	1.057e4
1016.7	1.081e4
1017.4	2.157e3
1018.1	6.168e3
1019.1	4.336e3
1019.9	1.113e4
1020.7	3.943e3
1021.6	8.695e3
1022.2	1.441e3
1022.8	6.669e3
1023.8	8.490e3
1024.4	6.670e2
1025.0	7.905e3
1025.8	1.154e4
1026.4	7.450e2
1027.0	4.986e3
1027.9	7.881e3
1028.8	1.292e4
1029.8	1.082e4
1030.8	9.586e3
1031.4	1.029e3
1032.0	7.843e3
1032.8	5.758e3
1033.7	9.321e3
1034.3	1.075e3
1034.9	8.410e3
1035.9	5.487e3
1036.8	5.242e3
1037.6	7.652e3
1038.2	1.960e2
1038.7	4.898e3
1039.6	7.518e3
1040.4	7.961e3
1041.4	9.255e3
1041.9	1.850e2
1042.5	9.644e3
1043.2	4.010e3
1043.9	1.464e4
1044.4	5.500e1
1044.9	8.628e3
1045.6	1.462e3
1046.3	1.478e4
1047.1	5.473e3
1047.9	7.760e3
1048.8	3.296e3
1049.7	9.583e3
1050.3	2.660e2
1050.8	8.734e3
1051.4	5.830e2
1052.1	5.276e3
1052.6	4.400e1
1053.1	8.750e3
1053.9	3.325e3
1054.7	4.649e3
1055.7	1.235e4
1056.6	5.337e3
1057.5	1.322e4
1058.5	9.425e3
1059.1	9.950e2
1059.7	9.041e3
1060.5	3.258e3
1061.4	7.697e3
1062.3	1.004e4
1063.3	6.037e3
1064.1	4.907e3
1065.0	7.327e3
1065.8	9.397e3
1066.5	1.874e3
1067.2	7.829e3
1067.7	5.470e2
1068.3	7.881e3
1069.3	8.684e3
1069.9	2.410e3
1070.6	7.646e3
1071.3	7.070e2
1071.9	8.282e3
1072.5	1.476e3
1073.0	7.832e3
1074.0	7.306e3
1074.9	8.292e3
1075.9	6.012e3
1076.9	9.188e3
1077.7	4.976e3
1078.4	8.533e3
1078.9	9.400e1
1079.4	8.925e3
1080.4	6.620e3
1081.2	4.401e3
1082.1	9.202e3
1083.0	6.621e3
1084.0	9.251e3
1085.0	6.764e3
1085.6	7.600e2
1086.1	5.955e3
1086.9	3.390e3
1087.7	7.500e3
1088.3	1.000e3
1088.8	9.305e3
1089.8	6.904e3
1090.5	1.984e3
1091.2	5.798e3
1091.7	1.250e2
1092.3	6.782e3
1093.2	4.272e3
1094.1	4.268e3
1095.0	6.404e3
1095.9	8.007e3
1096.6	1.996e3
1097.2	9.180e3
1098.1	6.262e3
1099.0	8.771e3
1100.1	5.301e3
1100.6	3.090e2
1101.1	9.178e3
1102.0	7.708e3
1102.9	7.277e3
1103.5	1.610e2
1104.0	6.155e3
1104.6	1.093e3
1105.2	6.807e3
1106.0	2.459e3
1106.8	4.630e3
1107.5	1.324e3
1108.1	4.895e3
1108.9	3.097e3
1109.8	6.683e3
1110.5	1.537e3
1111.2	1.079e4
1112.0	7.175e3
1112.7	6.930e2
1113.2	6.196e3
1114.2	5.984e3
1115.1	5.304e3
1115.6	3.620e2
1116.2	7.431e3
1116.7	1.290e2
1117.3	7.957e3
1118.2	6.143e3
1118.7	7.150e2
1119.3	6.479e3
1120.1	1.832e3
1120.8	7.809e3
1121.4	5.130e2
1121.9	8.318e3
1122.7	2.796e3
1123.4	8.953e3
1124.3	4.119e3
1124.9	4.610e2
1125.5	6.420e3
1126.1	1.195e3
1126.9	8.056e3
1127.7	3.558e3
1128.6	8.339e3
1129.1	1.570e2
1129.8	6.344e3
1130.3	4.710e2
1130.9	8.420e3
1131.9	7.426e3
1132.6	2.012e3
1133.2	6.915e3
1133.8	9.920e2
1134.4	6.061e3
1135.2	7.131e3
1136.2	6.187e3
1137.2	5.458e3
1138.1	6.623e3
1139.1	6.440e3
1139.8	1.181e3
1140.4	5.265e3
1141.3	1.065e4
1142.1	4.275e3
1142.9	5.969e3
1143.5	9.200e2
1144.2	9.121e3
1144.8	1.111e3
1145.5	8.825e3
1146.0	3.532e3
1146.7	5.502e3
1147.4	3.208e3
1148.2	4.575e3
1148.8	1.172e3
1149.4	5.809e3
1149.9	3.910e2
1150.4	8.025e3
1151.2	1.096e3
1151.9	4.641e3
1152.8	7.518e3
1153.7	1.064e4
1154.7	5.313e3
1155.4	1.665e3
1156.0	6.908e3
1156.9	7.788e3
1157.8	9.887e3
1158.4	6.730e2
1159.0	7.146e3
1159.9	4.588e3
1160.6	2.201e3
1161.2	9.606e3
1162.1	4.971e3
1163.0	7.563e3
1163.8	2.789e3
1164.5	7.675e3
1165.3	2.073e3
1166.1	4.789e3
1167.0	5.011e3
1167.8	2.468e3
1168.6	6.461e3
1169.4	3.094e3
1170.2	6.826e3
1170.8	3.980e2
1171.3	4.922e3
1172.2	7.108e3
1173.1	3.530e3
1174.0	7.253e3
1174.5	7.080e2
1175.1	8.362e3
1176.1	6.122e3
1177.0	4.018e3
1178.0	6.263e3
1179.0	7.088e3
1179.6	2.250e2
1180.1	8.871e3
1180.7	4.580e2
1181.2	5.835e3
1182.2	4.867e3
1182.8	6.830e2
1183.4	5.524e3
1184.0	1.170e2
1184.5	3.927e3
1185.3	2.092e3
1186.0	6.473e3
1186.6	1.165e3
1187.3	7.150e3
1188.2	5.298e3
1189.0	3.330e3
1189.9	6.142e3
1190.8	8.315e3
1191.6	1.680e3
1192.3	7.486e3
1193.2	4.255e3
1194.2	5.907e3
1194.9	1.410e3
1195.6	7.943e3
1196.2	4.640e2
1196.8	5.590e3
1197.8	5.582e3
1198.7	3.120e3
1199.5	8.928e3
1200.1	1.234e3
1200.7	5.255e3
1201.4	1.630e3
1202.0	6.360e3
1202.9	8.153e3
1204.0	4.101e3
1204.5	3.270e2
1205.0	6.289e3
1205.9	5.477e3
1206.7	1.042e4
1207.3	1.101e3
1207.9	7.196e3
1208.6	1.860e3
1209.3	5.271e3
1210.2	4.495e3
1210.7	3.430e2
1211.3	4.002e3
1212.1	5.448e3
1212.7	4.270e2
1213.2	3.821e3
1214.2	5.079e3
1214.9	1.737e3
1215.7	4.967e3
1216.3	1.537e3
1217.0	5.331e3
1217.8	3.592e3
1218.7	6.582e3
1219.6	3.621e3
1220.4	5.085e3
1221.3	6.770e3
1222.2	5.467e3
1223.2	5.830e3
1223.7	4.930e2
1224.3	3.871e3
1225.0	9.270e2
1225.6	7.217e3
1226.6	3.576e3
1227.5	7.196e3
1228.5	5.510e3
1229.0	9.130e2
1229.6	8.166e3
1230.4	4.651e3
1231.2	5.903e3
1231.9	2.579e3
1232.7	4.752e3
1233.3	8.620e2
1234.0	4.372e3
1235.0	4.474e3
1235.6	1.447e3
1236.2	7.013e3
1236.8	8.800e2
1237.5	1.125e4
1238.4	4.174e3
1239.2	2.834e3
1239.9	5.607e3
1240.8	4.711e3
1241.8	6.855e3
1242.3	1.100e2
1242.9	7.557e3
1243.6	2.195e3
1244.3	7.746e3
1245.1	1.517e3
1245.7	7.051e3
1246.3	3.290e2
1246.8	4.517e3
1247.7	7.216e3
1248.7	6.045e3
1249.3	1.168e3
1249.8	9.054e3
1250.6	3.896e3
1251.3	7.291e3
1251.9	5.160e2
1252.5	5.181e3
1253.2	2.245e3
1254.0	6.846e3
1254.7	1.663e3
1255.4	8.192e3
1256.3	3.525e3
1257.3	4.017e3
1257.9	6.438e3
1258.9	5.887e3
1259.4	1.180e2
1260.0	7.756e3
1260.8	3.327e3
1261.5	5.858e3
1262.0	3.590e2
1262.6	7.872e3
1263.2	1.885e3
1263.8	7.783e3
1264.3	8.800e1
1264.8	6.565e3
1265.6	1.914e3
1266.3	6.288e3
1267.0	1.700e3
1267.8	7.729e3
1268.8	5.530e3
1269.4	1.500e2
1269.9	7.712e3
1270.8	5.010e3
1271.7	4.728e3
1272.6	6.203e3
1273.3	2.145e3
1274.0	8.064e3
1274.9	4.852e3
1275.5	3.020e2
1276.1	4.939e3
1276.8	2.112e3
1277.6	6.328e3
1278.4	5.561e3
1279.3	4.295e3
1280.0	7.030e2
1280.6	7.461e3
1281.3	1.742e3
1282.0	5.124e3
1282.9	8.103e3
1283.5	6.610e2
1284.2	5.344e3
1285.2	6.173e3
1286.1	6.858e3
1286.7	7.610e2
1287.3	5.235e3
1288.2	4.933e3
1289.0	9.084e3
1290.0	5.297e3
1291.0	3.424e3
1291.7	1.181e3
1292.4	3.524e3
1293.2	6.725e3
1293.9	2.883e3
1294.6	5.525e3
1295.3	1.240e3
1296.0	6.030e3
1297.0	6.789e3
1298.0	7.262e3
1298.6	8.670e2
1299.2	4.442e3
1299.8	1.014e3
1300.4	8.001e3
1301.2	2.658e3
1301.9	6.213e3
1302.9	5.705e3
1303.9	7.954e3
1304.5	1.334e3
1305.2	6.280e3
1305.9	1.055e3
1306.5	3.173e3
1307.4	8.514e3
1307.9	1.570e2
1308.4	8.397e3
1309.2	5.099e3
1310.2	5.543e3
1311.2	4.236e3
1312.2	6.886e3
1313.1	5.498e3
1314.0	5.217e3
1314.9	1.252e4
1315.8	5.634e3
1316.7	6.670e3
1317.3	1.568e3
1317.9	8.090e3
1318.7	1.501e3
1319.2	5.776e3
1320.0	3.032e3
1320.8	1.028e4
1321.6	1.653e3
1322.4	6.954e3
1323.3	6.754e3
1324.3	5.950e3
1324.9	7.530e2
1325.4	4.521e3
1326.3	8.605e3
1326.9	6.160e2
1327.4	6.235e3
1328.4	8.359e3
1329.2	1.029e3
1329.8	5.182e3
1330.5	6.790e2
1331.0	9.727e3
1331.9	4.212e3
1332.8	3.102e3
1333.6	6.764e3
1334.2	1.660e2
1334.7	6.912e3
1335.6	6.134e3
1336.5	4.475e3
1337.4	5.632e3
1338.1	2.242e3
1338.8	5.256e3
1339.5	1.449e3
1340.2	8.371e3
1340.7	6.900e1
1341.2	5.926e3
1342.2	4.079e3
1342.8	1.039e3
1343.5	7.031e3
1344.2	2.390e3
1345.0	5.677e3
1345.9	7.590e3
1346.5	1.628e3
1347.2	6.973e3
1348.2	6.000e4
1348.7	4.200e1
1349.2	5.985e4
1349.7	3.920e2
1350.2	3.696e4
1351.2	1.296e4
1351.8	3.840e2
1352.3	1.073e4
1352.9	3.430e2
1353.4	9.166e3
1354.1	2.286e3
1354.8	7.756e3
1355.5	1.249e3
1356.2	5.872e3
1357.1	8.934e3
1358.0	3.639e3
1358.9	6.496e3
1359.8	3.936e3
1360.6	6.588e3
1361.2	8.820e2
1361.8	7.750e3
1362.4	5.200e2
1363.0	6.560e3
1364.0	6.824e3
1364.6	3.290e2
1365.2	5.189e3
1366.1	7.942e3
1366.9	2.971e3
1367.8	5.834e3
1368.6	4.008e3
1369.5	8.309e3
1370.1	2.189e3
1370.9	8.418e3
1371.5	3.480e2
1372.0	6.549e3
1373.0	7.086e3
1373.8	5.018e3
1374.6	7.407e3
1375.1	2.220e2
1375.6	8.835e3
1376.6	3.181e3
1377.5	8.711e3
1378.5	6.091e3
1379.4	4.203e3
1380.3	7.612e3
1381.0	1.212e3
1381.7	6.536e3
1382.4	8.030e2
1383.0	8.984e3
1383.5	1.220e2
1384.0	5.350e3
1384.8	2.666e3
1385.5	6.729e3
1386.1	2.580e2
1386.7	9.793e3
1387.5	5.314e3
1388.2	6.450e2
1388.8	7.802e3
1389.7	5.994e3
1390.2	9.800e1
1390.8	9.361e3
1391.7	6.505e3
1392.5	3.081e3
1393.3	5.112e3
1394.2	7.573e3
1395.1	8.110e3
1396.1	4.667e3
1396.9	4.945e3
1397.8	7.414e3
1398.8	5.605e3
1399.4	9.760e2
1400.0	5.004e3
1400.9	1.005e4
1401.7	4.404e3
1402.4	8.845e3
1403.4	8.321e3
1403.9	2.940e2
1404.5	6.871e3
1405.1	1.573e3
1405.8	6.421e3
1406.6	2.354e3
1407.3	5.147e3
1408.2	8.956e3
1409.1	7.210e3
1410.0	5.424e3
1410.6	6.200e1
1411.1	7.875e3
1411.8	1.581e3
1412.5	6.222e3
1413.1	2.710e2
1413.6	6.004e3
1414.6	7.336e3
1415.2	5.830e2
1415.7	5.525e3
1416.6	1.022e4
1417.4	2.883e3
1418.2	9.350e3
1419.3	5.060e3
1420.2	6.071e3
1421.1	6.876e3
1421.9	3.261e3
1422.6	4.475e3
1423.4	1.050e4
1424.3	2.866e3
1425.1	6.183e3
1426.1	1.488e4
1427.1	7.848e3
1427.9	8.560e2
1428.6	7.763e3
1429.3	6.830e2
1429.9	7.592e3
1430.7	3.540e3
1431.5	3.805e3
1432.0	1.900e2
1432.5	6.018e3
1433.1	1.063e3
1433.8	6.875e3
1434.4	1.466e3
1435.1	4.155e3
1436.0	9.654e3
1437.0	5.202e3
1437.7	1.974e3
1438.4	6.654e3
1439.3	5.457e3
1440.2	4.540e3
1441.1	9.348e3
1441.8	1.154e3
1442.6	7.305e3
1443.2	2.600e2
1443.8	8.509e3
1444.3	9.650e2
1445.0	8.184e3
1445.8	4.183e3
1446.7	8.026e3
1447.5	3.099e3
1448.3	8.424e3
1448.9	2.510e2
1449.4	5.880e3
1450.2	1.950e3
1451.0	4.554e3
1451.6	1.950e2
1452.2	4.132e3
1453.2	8.187e3
1453.9	1.577e3
1454.8	6.473e3
1455.8	5.464e3
1456.3	6.030e2
1456.9	7.297e3
1457.5	1.593e3
1458.2	9.580e3
1458.8	3.143e3
1459.5	1.027e4
1460.4	5.676e3
1461.0	4.300e1
1461.6	6.820e3
1462.1	8.200e1
1462.6	5.581e3
1463.1	7.280e2
1463.7	8.221e3
1464.7	4.750e3
1465.4	1.428e3
1466.0	6.014e3
1466.9	4.347e3
1467.8	4.998e3
1468.7	9.754e3
1469.7	2.723e3
1470.5	7.343e3
1471.0	7.220e2
1471.6	8.548e3
1472.3	2.016e3
1473.0	1.017e4
1474.1	7.484e3
1475.0	1.010e4
1475.8	4.687e3
1476.8	6.502e3
1477.6	4.901e3
1478.2	5.300e1
1478.7	6.332e3
1479.4	2.735e3
1480.4	7.923e3
1481.0	3.130e2
1481.6	3.769e3
1482.6	7.508e3
1483.2	1.497e3
1483.8	7.273e3
1484.5	2.750e3
1485.2	4.501e3
1485.9	1.157e3
1486.6	7.065e3
1487.4	4.955e3
1487.9	2.590e2
1488.4	5.239e3
1489.3	6.039e3
1490.3	1.028e4
1490.9	1.963e3
1491.6	6.835e3
1492.1	7.790e2
1492.7	4.518e3
1493.8	4.978e3
1494.7	4.943e3
1495.3	1.941e3
1496.0	7.033e3
1496.6	1.410e2
1497.2	5.446e3
1497.7	4.900e1
1498.3	1.379e3
1499.1	5.585e3
1499.9	4.367e3
1500.8	9.060e3
1501.7	3.526e3
1502.6	9.034e3
1503.5	3.719e3
1504.0	1.900e1
1504.6	7.216e3
1505.4	3.262e3
1506.2	4.202e3
1507.0	8.513e3
1507.8	2.442e3
1508.5	7.771e3
1509.1	7.480e2
1509.7	4.749e3
1510.7	7.427e3
1511.5	3.725e3
1512.1	2.217e3
1512.8	8.048e3
1513.8	8.113e3
1514.8	5.603e3
1515.7	3.470e3
1516.4	1.234e3
1517.0	2.942e3
1517.8	7.341e3
1518.6	4.908e3
1519.4	5.205e3
1520.0	1.081e3
1520.6	4.629e3
1521.5	7.409e3
1522.4	4.845e3
1523.4	5.047e3
1524.0	8.050e2
1524.7	5.344e3
1525.2	3.450e2
1525.8	4.109e3
1526.7	8.060e3
1527.3	9.690e2
1528.0	6.970e3
1528.9	4.623e3
1529.8	6.444e3
1530.4	1.028e3
1531.1	8.178e3
1532.1	1.802e3
1532.8	6.296e3
1533.4	2.560e2
1533.9	5.551e3
1534.8	6.025e3
1535.4	1.018e3
1536.0	5.079e3
1536.6	1.149e3
1537.2	5.315e3
1538.0	1.595e3
1538.6	8.440e3
1539.5	2.750e3
1540.4	4.649e3
1540.9	3.370e2
1541.5	5.503e3
1542.4	3.522e3
1543.2	5.799e3
1543.8	2.260e2
1544.4	4.301e3
1545.3	5.728e3
1546.3	8.199e3
1547.3	7.359e3
1548.2	4.910e3
1549.2	9.205e3
1549.9	1.741e3
1550.7	6.348e3
1551.5	3.317e3
1552.1	6.520e2
1552.6	3.935e3
1553.6	4.485e3
1554.7	6.006e3
1555.5	2.199e3
1556.2	6.030e3
1557.0	2.443e3
1557.6	8.714e3
1558.3	2.080e2
1558.8	4.864e3
1559.8	7.139e3
1560.8	5.195e3
1561.7	8.467e3
1562.2	1.110e2
1562.8	5.200e3
1563.7	4.269e3
1564.7	4.354e3
1565.6	6.437e3
1566.1	1.140e2
1566.7	6.084e3
1567.3	1.538e3
1567.9	3.568e3
1568.7	7.084e3
1569.4	1.547e3
1570.1	4.843e3
1571.0	6.763e3
1571.7	2.831e3
1572.6	5.079e3
1573.4	5.981e3
1574.4	4.741e3
1575.3	4.939e3
1576.2	1.733e3
1576.8	6.643e3
1577.8	6.750e3
1578.5	2.263e3
1579.2	7.856e3
1580.0	3.624e3
1580.8	7.064e3
1581.4	2.740e2
1581.9	5.192e3
1582.7	2.688e3
1583.7	5.750e3
1584.2	7.000e1
1584.7	5.172e3
1585.6	5.356e3
1586.1	2.610e2
1586.7	7.528e3
1587.4	5.740e2
1588.1	4.145e3
1588.6	1.270e2
1589.2	4.828e3
1590.2	7.480e3
1590.7	2.000e2
1591.3	6.801e3
1591.9	1.190e2
1592.4	5.191e3
1593.4	3.813e3
1594.3	7.560e3
1595.3	2.996e3
1596.1	2.422e3
1597.0	5.862e3
1598.0	2.291e3
1598.8	6.770e3
1599.4	3.660e2
1600.0	6.758e3
1600.8	2.357e3
1601.7	7.986e3
1602.5	1.469e3
1603.4	5.555e3
1604.3	5.773e3
1605.3	4.306e3
1606.2	8.667e3
1607.1	3.037e3
1607.7	7.600e2
1608.3	7.759e3
1609.1	1.947e3
1610.0	7.095e3
1610.7	1.841e3
1611.4	6.195e3
1612.0	6.590e2
1612.6	3.633e3
1613.6	4.416e3
1614.5	2.631e3
1615.5	6.443e3
1616.4	4.807e3
1617.0	2.600e1
1617.5	6.664e3
1618.5	3.411e3
1619.3	2.264e3
1620.1	4.091e3
1620.8	1.486e3
1621.6	5.131e3
1622.2	6.470e2
1622.8	6.642e3
1623.7	3.795e3
1624.7	4.711e3
1625.5	2.845e3
1626.3	4.793e3
1627.1	2.224e3
1627.9	5.596e3
1628.8	3.658e3
1629.7	4.449e3
1630.6	3.226e3
1631.1	3.210e2
1631.6	2.705e3
1632.6	3.621e3
1633.4	5.669e3
1634.4	5.283e3
1635.3	3.627e3
1636.0	1.084e3
1636.7	3.324e3
1637.7	5.561e3
1638.2	1.032e3
1638.7	4.550e3
1639.4	5.600e1
1639.9	5.725e3
1640.7	3.098e3
1641.6	3.667e3
1642.5	7.084e3
1643.1	5.350e2
1643.7	5.301e3
1644.3	1.336e3
1644.9	2.888e3
1645.5	2.200e1
1646.0	4.665e3
1646.9	1.651e3
1647.6	4.476e3
1648.6	4.179e3
1649.5	7.998e3
1650.1	2.580e2
1650.7	3.486e3
1651.4	9.100e3
1652.1	2.868e3
1652.8	6.152e3
1653.8	6.698e3
1654.5	9.080e2
1655.2	4.790e3
1656.1	2.679e3
1656.8	8.500e2
1657.4	4.604e3
1658.4	5.972e3
1659.1	1.648e3
1659.6	5.827e3
1660.2	2.020e2
1660.7	5.021e3
1661.5	3.831e3
1662.5	6.342e3
1663.3	4.266e3
1663.8	2.260e2
1664.3	6.151e3
1665.3	3.800e3
1666.3	6.139e3
1666.9	8.020e2
1667.8	7.218e3
1668.5	1.692e3
1669.4	4.884e3
1670.4	4.881e3
1671.1	2.414e3
1671.7	4.874e3
1672.4	4.290e2
1673.1	5.465e3
1674.1	5.030e3
1675.1	4.885e3
1675.9	1.274e3
1676.7	4.110e3
1677.3	1.081e3
1678.0	5.145e3
1678.9	2.823e3
1679.6	4.092e3
1680.6	6.903e3
1681.4	1.975e3
1682.4	2.979e3
1682.9	1.870e2
1683.4	4.834e3
1684.0	3.630e2
1684.6	3.768e3
1685.5	5.006e3
1686.5	3.938e3
1687.4	2.910e3
1687.9	2.290e2
1688.5	4.963e3
1689.4	2.954e3
1690.0	2.010e2
1690.5	3.534e3
1691.4	8.082e3
1692.4	4.040e3
1693.3	4.659e3
1693.9	1.450e2
1694.4	6.767e3
1695.3	1.971e3
1696.1	4.584e3
1696.6	4.600e1
1697.2	3.673e3
1697.7	1.950e2
1698.3	7.740e3
1698.9	1.835e3
1699.7	5.996e3
1700.3	1.090e2
1700.9	4.394e3
1701.8	4.940e3
1702.6	7.013e3
1703.5	2.782e3
1704.3	3.977e3
1705.1	3.233e3
1706.0	1.985e3
1706.9	7.369e3
1707.9	5.976e3
1708.9	5.911e3
1709.8	2.241e3
1710.6	6.069e3
1711.4	3.545e3
1712.2	2.281e3
1712.9	2.520e3
1713.8	4.652e3
1714.7	3.810e3
1715.7	3.125e3
1716.4	5.340e2
1717.0	9.239e3
1717.9	2.543e3
1718.7	5.985e3
1719.3	2.330e2
1719.9	4.373e3
1720.6	9.270e2
1721.5	5.701e3
1722.3	1.315e3
1722.9	4.740e3
1723.4	4.170e2
1724.1	8.229e3
1725.0	3.484e3
1726.0	7.765e3
1726.5	5.350e2
1727.1	3.455e3
1728.1	4.409e3
1728.7	8.650e2
1729.4	4.175e3
1730.2	3.977e3
1731.1	5.152e3
1732.0	1.576e3
1732.8	5.423e3
1733.4	6.470e2
1734.1	5.313e3
1735.1	7.032e3
1735.6	1.720e2
1736.1	5.366e3
1737.1	4.304e3
1738.0	1.334e3
1738.8	4.085e3
1739.5	9.170e2
1740.3	6.009e3
1741.2	2.895e3
1742.1	7.163e3
1743.0	4.438e3
1743.7	1.180e3
1744.4	3.589e3
1745.3	4.430e3
1746.3	3.896e3
1747.1	4.625e3
1748.1	5.799e3
1749.0	3.054e3
1749.5	2.940e2
1750.1	4.977e3
1750.7	2.010e3
1751.5	3.606e3
1752.4	3.285e3
1753.5	2.783e3
1754.3	2.999e3
1755.3	5.824e3
1756.1	2.028e3
1756.9	3.997e3
1757.6	3.920e2
1758.1	3.908e3
1758.7	7.400e1
1759.3	3.878e3
1759.9	4.540e2
1760.6	4.775e3
1761.1	9.000e1
1761.7	5.043e3
1762.5	1.626e3
1763.4	3.634e3
1764.0	7.880e2
1764.8	4.586e3
1765.7	4.595e3
1766.4	1.380e2
1766.9	2.943e3
1767.7	1.698e3
1768.3	3.119e3
1769.2	1.487e3
1769.8	4.821e3
1770.4	1.112e3
1771.1	2.579e3
1771.8	5.113e3
1772.4	3.280e2
1772.9	5.193e3
1774.0	4.756e3
1774.7	3.350e2
1775.2	3.030e3
1776.1	3.109e3
1776.7	1.920e2
1777.2	4.424e3
1778.1	2.373e3
1779.1	6.083e3
1780.0	2.626e3
1780.9	6.215e3
1781.8	4.001e3
1782.7	2.314e3
1783.6	4.157e3
1784.4	6.243e3
1785.0	2.560e2
1785.5	4.755e3
1786.1	3.510e2
1786.8	2.609e3
1787.6	1.708e3
1788.2	3.841e3
1789.1	1.085e3
1790.0	2.714e3
1790.5	7.400e1
1791.0	4.160e3
1791.9	1.418e3
1792.8	1.501e3
1793.7	4.454e3
1794.3	1.400e1
1795.0	2.967e3
1795.9	3.856e3
1796.9	6.238e3
1797.8	2.984e3
1798.8	4.525e3
1799.8	3.671e3
1800.4	1.650e2
1801.0	4.179e3
1801.6	6.650e2
1802.3	4.588e3
1803.1	2.289e3
1804.0	4.984e3
1804.6	2.180e2
1805.1	2.561e3
1806.1	2.733e3
1806.7	4.600e1
1807.2	3.858e3
1808.1	5.486e3
1808.7	4.060e2
1809.3	4.176e3
1809.8	1.460e2
1810.3	5.514e3
1811.4	2.929e3
1812.1	1.224e3
1812.8	4.420e2
1813.4	3.991e3
1814.4	2.883e3
1815.0	1.322e3
1815.7	3.731e3
1816.6	3.058e3
1817.6	5.897e3
1818.1	1.490e2
1818.8	4.254e3
1819.6	1.149e3
1820.4	2.753e3
1821.4	2.648e3
1822.0	1.320e2
1822.6	3.613e3
1823.6	2.999e3
1824.2	3.470e2
1824.8	1.965e3
1825.8	2.738e3
1826.4	8.210e2
1827.0	6.166e3
1828.0	4.495e3
1828.7	7.910e2
1829.3	6.234e3
1830.1	2.146e3
1831.0	3.474e3
1831.5	8.000e1
1832.0	4.153e3
1832.7	2.720e2
1833.3	2.784e3
1834.2	3.372e3
1834.8	7.480e2
1835.4	1.677e3
1836.3	4.193e3
1836.9	3.120e2
1837.5	2.379e3
1838.2	2.545e3
1839.3	1.675e3
1840.2	3.090e3
1841.1	9.800e2
1841.8	3.386e3
1842.7	2.664e3
1843.4	9.100e1
1843.9	6.668e3
1844.7	1.133e3
1845.4	4.118e3
1846.4	2.078e3
1847.3	4.087e3
1848.1	4.106e3
1848.7	2.330e2
1849.4	2.300e3
1850.2	3.353e3
1850.8	2.510e2
1851.3	5.171e3
1852.3	2.506e3
1853.2	5.570e2
1854.0	2.985e3
1854.6	2.860e2
1855.2	1.898e3
1856.1	3.475e3
1857.1	1.693e3
1857.7	3.890e2
1858.3	4.918e3
1858.9	4.110e2
1859.5	5.756e3
1860.0	4.830e2
1860.7	2.268e3
1861.4	6.540e2
1862.0	5.991e3
1863.0	3.304e3
1863.5	1.850e2
1864.2	1.742e3
1865.1	3.747e3
1865.7	3.500e2
1866.3	2.276e3
1866.9	6.100e1
1867.4	2.300e3
1868.0	2.670e2
1868.6	3.701e3
1869.4	3.097e3
1870.3	3.162e3
1871.3	2.095e3
1872.3	3.952e3
1873.1	1.020e3
1873.8	3.518e3
1874.4	2.100e1
1874.9	3.517e3
1875.5	4.230e2
1876.3	2.103e3
1877.4	2.971e3
1878.3	2.970e3
1878.9	1.291e3
1879.6	2.075e3
1880.5	4.191e3
1881.3	2.642e3
1882.1	6.830e2
1882.9	3.035e3
1883.6	9.230e2
1884.3	2.113e3
1885.0	8.090e2
1885.7	3.792e3
1886.7	1.807e3
1887.4	7.270e2
1888.0	1.605e3
1888.9	3.151e3
1889.5	4.930e2
1890.2	2.608e3
1891.1	1.692e3
1891.9	4.033e3
1892.9	2.167e3
1893.4	5.800e1
1894.0	2.362e3
1894.5	5.000e1
1895.1	3.826e3
1895.7	8.510e2
1896.4	3.129e3
1897.4	1.614e3
1897.9	2.780e2
1898.5	2.895e3
1899.5	1.549e3
1900.2	4.450e2
1900.7	4.133e3
1901.3	9.700e1
1902.0	3.243e3
1902.8	4.480e2
1903.4	3.676e3
1904.3	1.518e3
1905.2	2.894e3
1905.9	7.980e2
1906.6	2.156e3
1907.6	2.281e3
1908.5	1.641e3
1909.4	4.088e3
1910.1	8.110e2
1911.0	5.168e3
1911.6	2.330e2
1912.2	2.927e3
1912.7	1.300e2
1913.2	2.963e3
1914.0	2.365e3
1914.6	1.950e2
1915.1	1.577e3
1916.1	1.630e3
1916.9	4.570e3
1917.5	6.020e2
1918.1	1.611e3
1918.9	1.894e3
1919.8	2.479e3
1920.6	9.140e2
1921.3	2.280e3
1922.3	2.821e3
1922.9	7.610e2
1923.5	1.843e3
1924.1	2.790e2
1924.7	2.167e3
1925.6	2.113e3
1926.6	1.228e3
1927.6	3.272e3
1928.6	2.021e3
1929.4	3.230e3
1930.2	8.100e2
1930.9	2.748e3
1931.8	4.146e3
1932.4	4.730e2
1933.1	3.311e3
1933.7	1.307e3
1934.5	2.676e3
1935.4	3.136e3
1936.1	2.340e2
1936.8	5.179e3
1937.5	3.070e2
1938.2	2.270e3
1938.8	7.190e2
1939.4	3.423e3
1940.3	2.133e3
1940.8	2.330e2
1941.4	3.024e3
1942.2	1.417e3
1943.0	2.233e3
1943.9	1.712e3
1944.8	3.081e3
1945.3	1.180e2
1945.9	3.062e3
1946.6	5.450e2
1947.3	2.917e3
1947.9	5.480e2
1948.6	1.597e3
1949.6	1.674e3
1950.1	4.800e1
1950.6	2.550e3
1951.3	1.060e2
1952.0	9.530e2
1952.8	2.750e3
1953.6	1.710e3
1954.7	3.621e3
1955.2	1.520e2
1955.8	3.077e3
1956.4	1.300e2
1957.0	1.108e3
1957.8	2.500e3
1958.4	3.490e2
1959.1	3.003e3
1960.1	2.645e3
1960.8	1.014e3
1961.6	1.569e3
1962.4	1.407e3
1963.4	2.426e3
1964.4	2.887e3
1965.1	1.449e3
1966.0	1.682e3
1966.9	2.250e3
1967.6	2.320e2
1968.2	1.873e3
1968.9	7.080e2
1969.6	2.198e3
1970.2	1.800e2
1970.8	3.532e3
1971.7	4.006e3
1972.2	7.100e1
1972.9	1.459e3
1973.8	2.294e3
1974.4	1.260e2
1975.0	2.300e3
1975.7	1.223e3
1976.5	3.238e3
1977.2	4.440e2
1977.8	3.827e3
1978.5	2.490e2
1979.1	1.141e3
1980.1	2.387e3
1980.7	1.860e2
1981.4	4.977e3
1982.4	2.368e3
1983.2	4.420e2
1984.0	3.007e3
1984.6	4.540e2
1985.2	2.723e3
1986.2	3.961e3
1986.9	7.500e2
1987.7	1.998e3
1988.6	1.833e3
1989.5	3.170e3
1990.1	1.700e1
1990.6	2.227e3
1991.3	5.800e2
1992.0	2.413e3
1992.9	2.378e3
1993.6	5.070e2
1994.4	4.147e3
1995.1	1.180e3
1995.8	2.980e2
1996.4	2.371e3
1997.4	2.598e3
1998.0	2.670e2
1998.6	3.230e3
1999.5	3.166e3
