100.2	5.085e3
101.0	8.498e4
102.0	1.734e4
103.0	1.872e4
104.0	2.071e3
105.0	2.844e3
105.6	1.120e2
106.1	6.750e2
106.9	7.940e2
107.5	2.000e1
108.0	1.180e4
109.0	1.716e3
110.0	3.300e2
111.0	2.692e3
111.6	5.000e0
112.1	1.057e3
113.0	1.117e5
114.0	2.885e3
115.0	9.033e3
116.0	4.309e3
117.0	1.211e5
117.5	5.600e1
118.0	1.670e4
118.5	8.100e1
119.0	1.300e4
120.0	1.588e3
121.0	1.743e3
121.6	1.100e1
122.1	6.420e2
123.1	9.340e2
124.1	1.968e3
125.1	2.699e3
126.0	1.301e3
127.1	2.523e3
128.0	1.889e3
128.6	6.500e1
129.1	2.424e3
130.0	8.348e3
130.6	4.400e1
131.1	3.512e3
132.0	1.031e3
133.0	5.866e3
134.1	1.502e3
135.0	5.652e3
135.5	3.600e1
136.0	1.938e3
137.0	4.830e3
138.1	1.417e3
139.0	2.759e3
140.0	1.409e3
140.5	1.140e2
141.1	3.074e3
142.1	1.629e3
143.1	3.485e3
144.1	1.149e3
145.0	6.561e3
146.1	5.794e3
147.0	1.797e4
147.5	9.500e1
148.1	2.610e3
149.1	4.639e3
150.0	3.560e3
150.5	8.000e0
151.1	3.134e3
152.0	1.232e4
153.0	6.320e3
153.6	6.400e1
154.1	1.872e3
155.1	3.213e3
156.0	2.813e3
157.0	3.548e3
157.6	1.270e2
158.1	2.768e3
159.1	3.350e3
160.1	2.682e3
161.0	8.145e3
162.1	1.833e3
163.0	9.281e3
164.0	2.078e3
164.6	1.200e1
165.1	6.270e3
166.1	1.273e3
167.1	2.474e3
168.1	1.507e3
169.1	8.452e3
170.1	1.392e3
171.1	2.530e3
172.0	2.127e3
173.0	3.369e3
174.0	4.673e3
174.5	5.500e1
175.0	2.248e4
176.1	3.847e3
177.0	2.868e3
178.0	1.769e3
179.1	7.826e3
180.1	1.721e3
181.1	3.023e4
182.0	2.761e3
183.1	2.557e3
184.0	1.753e3
185.1	3.533e3
186.0	2.525e3
187.1	4.037e3
188.1	1.863e3
189.1	2.772e3
190.1	2.025e3
191.1	4.524e4
192.1	4.892e3
193.1	1.199e4
194.1	2.803e3
195.1	8.774e3
196.0	7.516e3
196.5	2.720e2
197.1	4.360e3
198.0	7.988e3
198.5	5.100e1
199.0	2.993e3
199.9	5.296e3
200.4	1.000e1
201.0	3.793e3
202.0	4.813e3
203.1	2.888e3
204.0	2.602e3
204.5	6.200e1
205.2	4.433e3
206.1	1.597e3
207.0	9.317e3
208.0	2.475e3
208.6	8.600e1
209.2	6.041e3
210.1	2.783e3
211.2	4.386e3
212.2	2.136e4
213.1	6.857e3
214.1	2.923e3
215.1	2.292e3
216.0	1.505e3
217.0	3.947e3
218.0	4.107e3
218.6	9.200e1
219.1	7.911e3
219.6	4.300e1
220.1	6.775e3
221.1	9.118e3
222.1	2.849e3
223.1	5.276e3
223.6	5.200e1
224.1	2.173e3
225.1	6.951e3
226.1	1.964e3
227.0	3.278e3
227.5	5.400e1
228.1	2.324e3
229.1	2.559e3
230.0	2.127e3
231.1	1.708e3
232.0	1.408e3
233.1	4.076e3
234.0	2.427e3
235.1	4.163e3
236.1	6.918e3
236.7	5.000e0
237.2	4.618e3
238.1	1.245e3
239.1	5.443e3
240.0	4.326e3
240.5	9.100e1
241.1	5.130e3
242.1	4.440e3
243.1	8.108e3
244.1	7.261e3
245.1	4.469e3
246.1	2.844e3
247.1	3.960e3
248.0	3.005e3
249.1	6.734e4
250.1	4.684e3
251.1	5.180e3
252.1	2.039e3
252.7	8.200e1
253.3	3.215e3
254.1	1.403e3
254.7	1.280e2
255.3	8.848e3
256.2	2.712e3
257.1	1.519e3
258.1	2.404e3
259.1	4.504e3
260.1	2.531e3
260.7	4.100e1
261.2	3.442e3
262.1	3.441e3
263.1	5.844e3
264.0	2.515e3
264.7	8.500e1
265.2	6.121e3
266.1	5.836e3
267.2	8.650e3
268.1	2.859e3
269.1	5.953e3
270.1	1.397e3
270.6	4.900e1
271.1	3.884e3
271.7	1.470e2
272.2	2.680e3
273.1	2.130e3
274.1	1.547e3
275.0	1.156e4
275.6	8.800e1
276.1	2.709e3
276.7	2.040e2
277.3	9.881e3
278.2	3.679e3
278.8	6.800e1
279.3	1.422e4
279.8	7.300e1
280.3	5.252e3
280.8	1.340e2
281.4	1.158e4
282.2	4.074e3
282.7	3.390e2
283.3	5.627e3
284.2	3.188e3
285.2	3.976e3
286.0	1.893e3
287.1	3.554e3
288.1	1.194e4
288.6	5.000e1
289.1	6.955e3
290.1	2.453e3
291.1	6.590e3
292.1	3.133e3
292.7	1.840e2
293.3	1.121e4
294.3	2.764e3
295.2	1.989e4
295.7	1.260e2
296.3	5.501e3
297.2	4.435e3
298.1	3.192e3
298.7	1.510e2
299.2	4.028e3
300.2	2.299e3
301.1	4.661e3
302.1	2.572e3
302.7	2.000e2
303.3	6.017e3
304.1	2.707e3
305.2	7.768e3
306.1	3.623e3
306.6	1.200e2
307.1	7.749e3
308.1	4.757e3
308.6	6.100e1
309.2	5.746e3
310.1	3.987e3
310.7	6.640e2
311.3	1.486e4
312.2	5.868e3
313.1	5.916e3
314.1	2.441e3
314.6	9.500e1
315.1	4.888e3
316.2	2.729e3
317.1	7.141e4
318.1	7.111e3
319.1	5.342e3
319.6	3.200e1
320.2	2.233e3
321.2	6.234e3
322.1	2.866e3
322.7	2.240e2
323.2	7.108e3
324.1	3.823e3
324.7	4.600e1
325.2	6.952e3
326.1	3.995e3
327.2	9.836e3
327.7	1.420e2
328.2	7.099e3
329.2	1.430e4
330.1	5.635e3
330.9	6.661e3
331.9	2.325e3
332.7	4.200e2
333.3	8.510e3
334.1	5.569e3
335.1	6.689e3
336.1	2.987e3
336.7	1.220e2
337.2	5.998e3
338.1	3.163e3
339.1	5.848e3
340.1	3.556e3
340.6	2.310e2
341.2	7.215e3
342.2	3.030e3
343.1	1.372e4
344.0	4.168e3
344.6	4.910e2
345.2	6.599e3
345.8	3.360e2
346.3	4.156e3
347.3	9.473e3
348.2	3.834e3
348.8	1.170e2
349.3	8.218e3
350.2	2.638e3
351.2	1.521e4
352.1	3.487e3
353.1	1.210e4
353.6	9.200e1
354.1	3.156e3
354.7	6.100e1
355.3	1.101e4
356.1	1.299e4
356.7	1.540e2
357.2	1.220e4
358.1	2.502e3
359.1	4.914e3
360.0	2.660e3
360.6	1.420e2
361.2	4.911e3
361.7	1.160e2
362.2	2.714e3
363.2	6.858e3
364.1	3.269e3
364.7	2.000e2
365.2	3.403e3
365.7	1.730e2
366.3	3.724e3
366.8	2.700e1
367.3	5.452e3
368.2	1.845e3
369.1	1.121e4
370.1	2.843e3
370.7	2.900e2
371.2	5.107e3
371.8	2.520e2
372.4	2.653e3
373.3	4.040e3
374.2	2.042e3
375.1	5.717e3
376.1	2.352e3
376.7	2.930e2
377.2	6.938e3
378.2	3.898e3
379.2	1.558e4
380.2	4.894e3
380.8	3.400e2
381.3	9.225e3
382.2	4.372e3
382.8	9.600e1
383.3	7.190e3
384.2	2.854e3
385.1	3.987e4
386.1	5.207e3
386.6	3.590e2
387.2	4.072e3
388.1	2.106e3
388.7	7.000e0
389.2	4.262e3
390.0	1.891e3
390.7	5.510e2
391.3	4.034e3
392.2	3.225e3
393.2	4.457e3
394.2	4.598e3
395.2	6.960e3
396.1	3.705e3
396.6	1.740e2
397.2	1.506e4
398.1	5.298e3
399.1	5.451e3
399.7	4.930e2
400.3	2.338e3
400.9	2.450e2
401.4	5.901e3
402.3	2.066e3
403.1	4.080e3
404.1	2.583e3
404.7	7.500e1
405.2	1.025e4
406.2	4.335e3
407.2	4.748e3
408.1	3.840e3
408.8	4.250e2
409.4	6.087e3
410.2	2.879e3
411.0	7.303e3
411.7	9.290e2
412.2	2.980e3
413.2	4.805e3
414.1	3.837e3
414.7	4.000e2
415.4	5.866e3
415.9	2.120e2
416.4	4.194e3
417.4	5.121e3
418.3	2.430e3
419.3	4.616e3
420.1	2.598e3
420.6	6.500e1
421.2	6.758e3
421.7	3.800e1
422.2	3.593e3
423.2	6.271e3
424.1	9.207e3
425.1	5.903e3
426.1	3.973e3
426.6	1.530e2
427.2	1.038e4
428.2	3.869e3
428.8	2.820e2
429.4	5.422e3
430.3	2.928e3
430.8	3.030e2
431.3	7.131e3
432.2	2.232e3
432.9	3.740e2
433.4	1.554e4
434.0	4.000e1
434.5	7.383e3
435.4	8.031e3
435.9	4.100e1
436.5	1.531e4
437.4	8.258e3
438.3	4.842e3
438.9	1.280e2
439.4	5.371e3
440.3	3.208e3
441.2	5.915e3
442.2	3.412e3
443.1	5.468e3
444.1	2.685e3
444.7	3.190e2
445.3	1.378e4
446.3	5.926e3
446.8	3.180e2
447.3	1.439e4
448.3	6.460e3
448.8	5.050e2
449.4	5.583e3
450.3	4.148e3
451.3	6.637e3
452.0	2.032e3
452.7	5.382e4
453.4	2.019e4
454.3	5.447e3
455.2	6.304e3
456.2	2.986e3
456.7	3.760e2
457.3	7.595e3
458.3	4.206e3
459.2	6.793e3
459.8	6.900e1
460.3	5.643e3
460.8	8.300e1
461.3	5.689e3
461.9	3.780e2
462.4	3.239e4
463.4	1.460e4
463.9	4.800e1
464.4	1.585e4
464.9	2.020e2
465.4	2.707e4
465.9	8.000e1
466.5	1.280e4
467.4	7.436e3
468.3	4.609e3
468.8	4.900e1
469.3	8.637e3
470.2	5.338e3
470.9	7.310e2
471.5	7.097e3
472.4	2.397e3
473.4	8.884e3
473.9	3.410e2
474.4	7.491e3
475.4	6.758e3
476.4	2.142e4
477.4	9.938e3
477.9	1.680e2
478.5	2.055e4
479.4	1.208e4
479.9	4.510e2
480.5	4.052e4
481.0	1.080e2
481.5	1.706e4
482.4	4.779e3
483.2	8.488e3
484.2	3.954e3
484.7	5.090e2
485.3	9.325e3
486.3	5.374e3
486.9	1.650e2
487.4	6.927e3
488.2	3.326e3
489.2	5.059e3
489.7	1.290e2
490.3	4.589e3
490.9	1.896e3
491.7	1.450e4
492.5	9.675e3
493.3	6.789e3
494.3	4.212e3
495.1	8.295e3
495.7	1.444e3
496.4	6.331e3
497.4	6.081e3
497.9	4.820e2
498.5	1.165e4
499.4	8.078e3
500.4	4.227e3
501.3	8.634e3
502.3	6.699e3
503.3	2.744e4
503.9	1.410e2
504.4	2.497e4
505.4	1.225e4
506.0	6.970e2
506.5	1.967e4
507.5	1.094e4
508.5	1.551e4
509.4	8.039e3
510.3	3.358e3
511.1	7.420e3
511.7	8.730e2
512.3	4.188e3
513.3	8.379e3
514.2	4.065e3
515.2	6.504e3
516.2	4.028e3
516.8	4.100e2
517.4	2.601e4
517.9	4.700e1
518.4	8.575e3
519.3	1.052e4
519.8	1.460e2
520.4	1.054e4
521.1	3.202e4
522.1	8.094e3
522.8	7.930e2
523.4	6.672e3
523.9	2.950e2
524.4	8.001e3
525.3	6.713e3
526.3	4.111e3
526.8	1.750e2
527.3	6.200e3
528.3	6.202e3
528.9	1.320e2
529.4	7.223e3
529.9	7.600e1
530.5	1.068e4
531.4	7.730e3
532.4	5.678e3
533.3	1.097e4
533.9	8.160e2
534.5	9.793e3
535.4	7.809e3
536.4	6.678e3
537.2	7.645e3
538.2	6.983e3
538.8	6.530e2
539.4	7.263e3
540.5	1.416e4
541.0	7.800e1
541.5	7.395e3
542.4	3.724e3
543.3	5.306e3
543.8	8.330e2
544.4	8.190e3
545.3	6.487e3
546.1	1.493e3
546.7	1.121e4
547.5	6.051e3
548.6	6.324e3
549.4	6.796e3
550.4	6.424e3
551.3	9.145e3
551.8	2.690e2
552.3	7.219e3
553.3	7.547e3
554.2	6.173e3
554.8	8.970e2
555.5	5.394e3
556.3	3.837e3
557.2	5.583e3
558.1	3.883e3
558.6	3.230e2
559.2	4.126e3
560.1	8.896e3
560.8	8.000e2
561.5	4.732e3
562.3	2.421e3
563.2	8.664e3
563.8	1.085e3
564.4	1.174e4
565.4	8.358e3
566.0	2.840e2
566.5	1.042e4
567.4	6.206e3
568.3	5.593e3
569.1	6.258e3
569.8	1.237e3
570.4	4.760e3
571.3	5.454e3
572.2	3.773e3
573.2	5.092e3
574.3	4.730e3
574.8	6.800e1
575.3	5.498e3
575.9	5.160e2
576.4	4.043e3
577.3	9.220e3
577.9	6.280e2
578.4	7.637e3
579.4	8.323e3
580.4	6.630e3
581.4	6.690e3
582.0	1.181e3
582.7	4.862e3
583.2	2.830e2
583.7	4.093e3
584.5	1.717e3
585.3	4.139e3
585.8	1.060e2
586.3	3.285e3
586.8	5.500e1
587.3	4.827e3
588.3	3.630e3
589.1	2.080e4
590.1	5.523e3
590.7	1.566e3
591.4	9.280e3
592.1	1.294e3
592.7	5.809e3
593.6	6.172e3
594.5	4.862e3
595.5	8.662e3
596.1	5.810e2
596.6	6.922e3
597.5	4.092e3
598.5	3.900e3
599.4	7.078e3
599.9	1.240e2
600.4	5.447e3
601.4	6.842e3
602.3	4.666e3
603.2	5.554e3
603.7	2.330e2
604.3	3.949e3
605.2	6.648e3
606.2	5.704e3
606.8	5.710e2
607.3	5.402e3
607.9	4.110e2
608.5	4.019e3
609.5	6.557e3
610.4	4.981e3
611.0	1.220e2
611.5	1.163e4
612.0	4.490e2
612.6	6.483e3
613.4	2.695e3
614.3	4.416e3
615.2	7.995e3
615.8	1.723e3
616.5	6.913e3
617.4	5.135e3
618.2	5.131e3
618.8	4.780e2
619.4	6.832e3
620.3	4.599e3
621.3	6.877e3
621.9	4.960e2
622.4	3.837e3
623.4	5.104e3
624.1	1.180e3
624.7	5.469e3
625.6	4.126e3
626.6	3.119e3
627.3	1.806e3
628.1	7.506e3
628.7	9.910e2
629.3	5.375e3
630.3	4.015e3
631.2	6.888e3
632.0	1.833e3
632.6	7.324e3
633.5	7.206e3
634.0	6.900e1
634.5	6.163e3
635.4	3.830e3
636.0	2.370e2
636.5	5.667e3
637.5	4.925e3
638.3	2.768e3
639.2	5.684e3
639.8	4.290e2
640.3	5.124e3
641.3	4.948e3
641.8	1.950e2
642.4	4.744e3
643.4	3.216e3
644.3	4.083e3
644.9	3.600e1
645.4	5.286e3
645.9	3.710e2
646.5	4.070e3
647.4	8.995e3
648.4	4.937e3
649.3	7.442e3
650.0	7.650e2
650.6	6.642e3
651.5	4.457e3
652.4	2.632e3
653.3	3.913e3
654.3	4.751e3
655.3	5.958e3
655.8	5.600e1
656.3	4.174e3
657.2	2.009e4
658.1	7.911e3
658.7	2.623e3
659.5	6.778e3
660.5	4.675e3
661.0	5.180e2
661.6	7.935e3
662.5	4.017e3
663.4	7.413e3
664.3	4.797e3
665.0	8.270e2
665.6	5.461e3
666.6	6.220e3
667.5	5.424e3
668.5	3.527e3
669.4	4.867e3
669.9	1.360e2
670.4	3.302e3
671.4	5.916e3
672.2	2.918e3
673.1	6.082e3
673.7	1.165e3
674.3	4.892e3
674.9	1.158e3
675.6	1.170e4
676.1	1.660e2
676.6	7.736e3
677.6	1.503e4
678.1	8.100e1
678.7	8.416e3
679.6	7.978e3
680.5	6.000e3
681.0	1.129e3
681.7	4.181e3
682.5	2.688e3
683.2	9.549e3
683.8	7.460e2
684.4	5.493e3
685.2	7.347e3
685.7	1.020e2
686.2	6.232e3
687.3	6.519e3
687.9	7.740e2
688.6	5.845e3
689.4	3.779e3
690.3	5.464e3
690.9	4.440e2
691.5	4.699e3
692.4	2.563e3
693.3	4.137e3
693.9	1.410e2
694.4	3.868e3
695.3	5.661e3
696.3	6.706e3
697.2	4.438e3
698.0	1.491e3
698.6	9.816e3
699.6	7.102e3
700.5	6.064e3
701.4	4.931e3
702.4	3.946e3
703.4	3.495e3
704.4	3.291e3
704.9	4.030e2
705.5	3.458e3
706.5	3.704e3
707.5	3.721e3
708.1	7.100e1
708.6	4.846e3
709.5	3.836e3
710.3	1.965e3
711.1	6.627e3
711.9	3.259e3
712.8	1.509e4
713.7	8.624e3
714.3	7.660e2
714.9	1.013e4
715.7	4.819e3
716.4	1.958e3
717.1	5.892e3
717.9	2.036e3
718.7	6.063e3
719.5	2.143e3
720.2	3.926e3
720.9	1.106e3
721.6	5.354e3
722.5	3.687e3
723.3	1.906e3
724.0	3.754e3
724.6	3.890e2
725.1	1.158e4
726.0	4.595e3
726.7	2.467e3
727.5	4.602e3
728.0	2.380e2
728.6	4.928e3
729.6	4.204e3
730.6	3.399e3
731.5	5.871e3
732.4	4.504e3
733.0	8.500e1
733.5	4.514e3
734.4	3.582e3
735.3	5.505e3
735.9	1.235e3
736.5	5.781e3
737.0	8.700e1
737.5	6.568e3
738.1	4.860e2
738.6	5.185e3
739.5	3.094e3
740.2	1.396e3
740.9	4.730e3
741.6	2.263e3
742.3	5.574e3
743.0	1.684e3
743.7	4.301e3
744.5	2.387e3
745.4	3.945e3
746.3	3.847e3
746.8	3.300e1
747.4	4.546e3
748.0	1.125e3
748.7	5.166e3
749.5	2.405e3
750.2	3.794e3
751.1	9.190e3
751.8	2.258e3
752.6	3.474e3
753.5	4.705e3
754.4	3.320e3
754.9	2.930e2
755.4	3.873e3
756.3	3.641e3
756.9	1.710e2
757.4	5.349e3
758.3	2.010e3
759.0	3.656e3
759.9	4.272e3
760.5	2.490e2
761.1	3.785e3
761.8	2.004e3
762.6	4.465e3
763.4	2.538e3
764.1	6.882e3
765.0	3.992e3
766.0	3.442e3
767.1	4.560e3
768.1	4.189e3
768.8	1.383e3
769.4	3.024e3
770.0	1.180e2
770.5	3.128e3
771.4	3.559e3
772.1	8.970e2
772.7	3.577e3
773.3	4.210e2
773.9	3.546e3
774.5	6.300e1
775.0	3.304e3
775.7	1.739e3
776.5	3.456e3
777.4	3.977e3
778.2	2.524e3
779.1	3.025e3
780.1	3.375e3
780.8	1.703e3
781.6	4.711e3
782.3	5.220e2
782.9	5.030e3
783.8	2.528e3
784.4	1.761e3
785.2	4.375e3
785.9	1.970e3
786.7	4.404e3
787.5	1.599e3
788.3	4.727e3
789.0	1.514e3
789.7	4.684e3
790.7	4.915e3
791.6	4.154e3
792.5	1.856e3
793.2	1.017e4
793.9	2.083e3
794.7	1.196e4
795.7	7.039e3
796.2	3.520e2
796.8	5.607e3
797.7	3.244e3
798.7	5.383e3
799.6	3.710e3
800.3	1.721e3
800.9	4.405e3
801.5	1.770e2
802.0	4.441e3
802.7	1.530e3
803.5	3.621e3
804.5	3.869e3
805.2	1.084e3
806.0	4.603e3
806.5	2.220e2
807.1	4.649e3
807.9	2.332e3
808.8	7.260e3
809.8	4.836e3
810.6	2.968e3
811.5	4.353e3
812.2	9.280e2
812.8	4.570e3
813.3	2.100e1
813.8	3.952e3
814.8	4.167e3
815.6	1.938e3
816.5	3.584e3
817.4	2.375e3
818.2	3.446e3
819.2	6.247e3
820.2	5.140e3
821.1	2.731e3
821.9	3.905e3
822.5	6.760e2
823.1	3.791e3
824.1	3.366e3
824.8	1.486e3
825.6	4.998e3
826.2	4.930e2
826.8	5.497e3
827.6	2.015e3
828.4	3.418e3
829.3	4.315e3
830.3	2.875e3
831.2	5.003e3
832.0	3.057e3
832.7	5.488e3
833.7	3.454e3
834.7	4.121e3
835.6	3.447e3
836.6	2.742e3
837.1	1.350e2
837.7	3.740e3
838.4	1.117e3
839.1	3.441e3
840.0	3.616e3
840.6	5.290e2
841.2	3.916e3
841.7	6.300e1
842.3	3.324e3
843.3	3.685e3
843.9	7.200e1
844.4	2.553e3
845.3	3.175e3
846.1	1.477e3
847.0	2.834e3
848.0	3.620e3
848.6	7.840e2
849.2	3.404e3
850.3	3.671e3
850.9	7.620e2
851.5	3.915e3
852.4	2.034e3
853.3	3.124e3
854.3	3.064e3
855.1	1.969e3
856.0	3.772e3
856.6	6.590e2
857.3	2.815e3
858.1	4.868e3
859.1	3.311e3
859.6	3.300e1
860.2	2.812e3
861.2	8.645e3
861.9	1.848e3
862.7	4.920e3
863.6	4.067e3
864.2	6.350e2
864.8	4.763e3
865.7	4.337e3
866.6	2.179e3
867.5	4.538e3
868.3	1.552e3
868.8	1.780e2
869.4	3.517e3
870.0	1.013e3
870.7	4.807e3
871.2	6.100e1
871.7	2.846e3
872.7	2.868e3
873.2	4.090e2
873.9	3.984e3
874.7	1.888e3
875.5	3.255e3
876.2	1.045e3
876.9	3.323e3
877.7	1.820e3
878.6	3.026e3
879.5	4.750e3
880.6	3.226e3
881.5	2.210e3
882.5	2.952e3
883.0	6.800e1
883.5	2.995e3
884.4	3.077e3
885.4	4.102e3
886.2	2.269e3
887.2	5.674e3
888.2	3.724e3
888.7	1.140e2
889.3	3.718e3
890.2	3.806e3
891.2	3.103e3
892.0	3.392e3
892.8	1.214e3
893.5	4.427e3
894.1	7.800e1
894.6	3.197e3
895.1	7.900e1
895.6	3.641e3
896.5	3.246e3
897.2	6.320e2
897.9	3.494e3
898.8	4.396e3
899.4	1.005e3
900.1	4.792e3
900.8	1.419e3
901.5	3.829e3
902.1	3.580e2
902.7	4.063e3
903.6	2.645e3
904.5	3.293e3
905.5	2.286e3
906.4	3.794e3
906.9	9.000e1
907.5	3.911e3
908.1	8.720e2
908.9	3.598e3
909.8	2.166e3
910.7	3.223e3
911.6	2.587e3
912.3	6.120e2
912.9	3.211e3
913.8	4.542e3
914.7	2.237e3
915.5	4.252e3
916.5	4.252e3
917.3	2.058e3
918.3	3.516e3
918.9	5.110e2
919.5	3.544e3
920.2	1.315e3
920.9	4.161e3
921.9	2.858e3
922.8	5.159e3
923.8	2.197e3
924.5	5.640e2
925.1	2.475e3
925.6	6.600e1
926.1	4.042e3
926.8	6.650e2
927.4	3.852e3
928.3	2.434e3
929.1	6.753e3
929.6	2.840e2
930.2	4.235e3
930.8	9.550e2
931.5	3.222e3
932.4	2.943e3
933.4	4.640e3
934.4	4.449e3
935.4	3.687e3
936.2	9.530e2
936.9	3.596e3
937.7	2.248e3
938.3	7.680e2
938.9	3.546e3
939.5	1.420e2
940.0	2.833e3
940.5	2.600e1
941.1	2.851e3
942.0	3.070e3
942.7	1.144e3
943.5	3.618e3
944.4	2.513e3
945.4	3.211e3
946.4	2.982e3
946.9	1.150e2
947.4	3.315e3
948.3	2.934e3
949.2	1.829e3
950.0	3.526e3
951.0	1.441e3
951.8	3.734e3
952.4	7.980e2
953.0	3.503e3
953.9	2.170e3
954.9	4.579e3
955.4	2.300e1
955.9	5.220e3
956.5	8.510e2
957.2	3.807e3
958.1	2.629e3
959.1	1.950e3
959.8	4.372e3
960.8	2.806e3
961.6	3.064e3
962.5	3.842e3
963.5	2.563e3
964.1	1.680e2
964.6	4.835e3
965.2	7.970e2
965.9	3.178e3
966.5	6.070e2
967.0	2.984e3
968.0	5.533e3
968.7	1.531e3
969.5	4.068e3
970.3	1.577e3
971.0	4.255e3
972.0	4.091e3
972.6	3.130e2
973.1	2.717e3
973.9	3.840e3
974.5	6.700e1
975.0	3.360e3
976.0	2.957e3
976.9	2.260e3
977.7	4.025e3
978.3	2.630e2
978.9	2.193e3
979.5	2.950e2
980.1	3.845e3
981.0	1.729e3
981.8	3.244e3
982.7	1.978e3
983.5	2.358e3
984.4	4.727e3
985.1	8.830e2
985.7	4.353e3
986.6	1.880e3
987.3	4.594e3
988.2	2.847e3
989.1	3.342e3
989.7	1.680e2
990.2	3.375e3
991.0	1.959e3
991.9	2.953e3
992.8	4.355e3
993.6	1.486e3
994.3	3.946e3
995.1	1.739e3
995.9	3.425e3
996.4	3.900e1
997.0	5.835e3
997.5	2.680e2
998.1	4.265e3
999.0	3.236e3
999.9	3.241e3
1000.6	7.300e2
1001.2	4.381e3
1001.9	6.640e2
1002.7	4.254e3
1003.6	2.815e3
1004.6	3.272e3
1005.3	8.050e2
1006.0	2.634e3
1006.7	1.023e3
1007.4	3.129e3
1008.3	2.065e3
1009.1	3.753e3
1009.7	5.200e1
1010.2	2.780e3
1010.7	4.500e1
1011.2	4.090e3
1011.7	6.800e1
1012.2	2.269e3
1013.1	3.539e3
1013.9	3.132e3
1014.8	2.784e3
1015.4	6.830e2
1016.0	2.579e3
1016.6	3.840e2
1017.2	3.312e3
1017.8	4.740e2
1018.4	2.496e3
1019.4	3.092e3
1020.0	3.350e2
1020.6	2.202e3
1021.2	3.090e2
1021.8	3.107e3
1022.8	5.351e3
1023.5	1.255e3
1024.3	3.498e3
1024.8	3.200e1
1025.3	3.776e3
1026.3	2.605e3
1026.9	3.290e2
1027.5	2.587e3
1028.3	4.109e3
1028.8	3.570e2
1029.4	4.506e3
1030.1	1.195e3
1030.7	3.270e3
1031.6	1.777e3
1032.4	3.533e3
1033.0	5.430e2
1033.6	2.560e3
1034.1	2.900e2
1034.7	3.563e3
1035.4	1.349e3
1036.2	4.320e3
1037.2	3.157e3
1037.9	8.410e2
1038.6	2.618e3
1039.1	5.900e1
1039.6	3.218e3
1040.6	2.320e3
1041.5	3.708e3
1042.2	4.770e2
1042.8	4.159e3
1043.7	3.341e3
1044.5	6.590e2
1045.1	3.356e3
1046.0	2.657e3
1047.0	3.495e3
1047.7	1.889e3
1048.6	3.042e3
1049.2	6.110e2
1049.8	2.459e3
1050.7	4.071e3
1051.7	1.886e3
1052.3	8.720e2
1053.0	2.372e3
1054.0	3.337e3
1054.9	2.846e3
1055.9	3.350e3
1056.8	2.549e3
1057.6	1.848e3
1058.5	2.649e3
1059.2	5.210e2
1059.9	2.459e3
1060.8	3.371e3
1061.8	2.486e3
1062.8	3.470e3
1063.5	9.150e2
1064.1	3.689e3
1064.7	4.590e2
1065.2	5.235e3
1066.1	2.505e3
1066.8	1.126e3
1067.6	4.179e3
1068.5	2.807e3
1069.5	2.266e3
1070.4	2.040e3
1070.9	2.230e2
1071.5	2.982e3
1072.5	3.268e3
1073.4	2.411e3
1074.6	2.293e3
1075.6	3.693e3
1076.4	1.793e3
1077.2	3.660e3
1078.2	3.559e3
1079.2	3.596e3
1080.1	1.949e3
1081.2	2.976e3
1082.2	2.392e3
1082.7	4.410e2
1083.3	3.599e3
1084.2	2.573e3
1085.2	3.382e3
1086.2	2.851e3
1087.1	3.253e3
1088.0	1.620e3
1088.6	4.103e3
1089.2	8.720e2
1089.9	3.415e3
1090.4	1.020e2
1091.0	3.585e3
1091.7	1.474e3
1092.4	3.394e3
1093.0	6.200e2
1093.6	3.438e3
1094.6	3.128e3
1095.2	6.880e2
1095.9	3.030e3
1096.8	3.217e3
1097.5	1.267e3
1098.2	2.936e3
1098.8	5.920e2
1099.4	2.957e3
1100.2	1.635e3
1100.9	3.034e3
1101.5	3.130e2
1102.1	2.758e3
1102.7	1.200e2
1103.2	4.176e3
1104.1	2.781e3
1105.1	3.484e3
1106.0	1.291e3
1106.8	3.327e3
1107.7	2.183e3
1108.5	4.531e3
1109.5	3.026e3
1110.0	2.440e2
1110.6	3.591e3
1111.5	3.370e3
1112.3	1.496e3
1113.0	3.043e3
1114.0	2.887e3
1114.7	1.109e3
1115.5	3.076e3
1116.0	1.320e2
1116.5	3.620e3
1117.1	1.720e2
1117.6	3.428e3
1118.2	1.050e2
1118.7	3.534e3
1119.6	2.325e3
1120.6	3.136e3
1121.2	4.580e2
1121.8	3.673e3
1122.5	1.091e3
1123.2	2.132e3
1123.8	9.900e1
1124.3	3.148e3
1125.2	3.020e3
1126.2	1.679e3
1127.1	3.893e3
1128.0	3.730e3
1128.6	3.560e2
1129.1	2.353e3
1130.0	4.277e3
1130.7	1.351e3
1131.6	3.567e3
1132.4	1.662e3
1133.2	5.301e3
1134.2	2.862e3
1135.0	3.998e3
1136.0	2.862e3
1136.5	2.150e2
1137.1	2.486e3
1137.6	1.500e1
1138.1	2.756e3
1138.7	8.480e2
1139.4	3.581e3
1139.9	1.300e2
1140.4	3.600e3
1141.2	1.910e3
1141.9	1.420e3
1142.6	2.928e3
1143.1	1.550e2
1143.7	3.354e3
1144.5	1.893e3
1145.3	3.207e3
1145.8	8.400e1
1146.3	3.265e3
1147.4	4.190e3
1148.3	3.216e3
1148.9	4.210e2
1149.6	2.335e3
1150.2	3.500e2
1150.8	3.207e3
1151.7	3.363e3
1152.3	1.050e3
1152.9	3.989e3
1153.7	1.449e3
1154.6	2.823e3
1155.6	2.649e3
1156.1	5.700e1
1156.6	4.205e3
1157.5	2.652e3
1158.4	1.264e3
1159.1	4.183e3
1159.9	2.000e3
1160.8	3.435e3
1161.3	3.050e2
1161.9	4.305e3
1162.9	3.178e3
1163.9	2.454e3
1164.8	2.401e3
1165.8	3.634e3
1166.4	2.980e2
1166.9	1.771e3
1167.8	2.688e3
1168.7	4.402e3
1169.2	3.320e2
1169.8	3.265e3
1170.5	1.367e3
1171.3	3.721e3
1172.2	3.571e3
1172.9	1.424e3
1173.8	2.989e3
1174.5	8.760e2
1175.1	3.298e3
1175.7	4.410e2
1176.3	2.934e3
1176.9	4.370e2
1177.4	3.105e3
1178.4	3.091e3
1179.4	3.191e3
1180.1	4.010e2
1180.7	2.778e3
1181.5	1.789e3
1182.3	2.956e3
1183.3	2.801e3
1184.1	7.340e2
1184.8	3.068e3
1185.5	1.060e2
1186.0	3.027e3
1186.6	3.970e2
1187.1	4.483e3
1188.0	1.520e3
1188.9	3.138e3
1189.4	3.340e2
1190.0	3.912e3
1190.5	4.700e1
1191.1	2.879e3
1192.1	3.643e3
1192.6	1.970e2
1193.2	2.393e3
1194.2	3.317e3
1195.2	3.170e3
1195.9	5.490e2
1196.5	3.025e3
1197.5	7.920e2
1198.3	2.816e3
1198.8	9.000e1
1199.4	3.675e3
1200.2	2.404e3
1201.0	4.647e3
1201.6	2.670e2
1202.1	5.203e3
1202.6	1.470e2
1203.2	3.591e3
1203.8	9.380e2
1204.4	4.182e3
1205.2	1.088e3
1205.9	3.047e3
1206.7	9.760e2
1207.5	2.874e3
1208.1	1.350e2
1208.6	3.307e3
1209.5	2.129e3
1210.3	1.935e3
1211.1	3.508e3
1211.7	6.520e2
1212.3	2.914e3
1213.2	3.848e3
1214.2	3.319e3
1215.2	3.781e3
1215.7	6.500e1
1216.2	3.378e3
1217.1	2.380e3
1218.1	2.775e3
1219.0	3.129e3
1219.7	7.610e2
1220.4	2.889e3
1221.3	2.624e3
1222.0	9.380e2
1222.6	3.102e3
1223.7	2.778e3
1224.6	3.598e3
1225.5	2.750e3
1226.2	8.110e2
1227.0	4.555e3
1227.5	1.610e2
1228.0	2.767e3
1228.6	3.800e2
1229.3	3.015e3
1230.2	2.467e3
1231.1	3.576e3
1231.7	1.550e2
1232.2	3.050e3
1233.1	4.246e3
1233.8	9.390e2
1234.5	3.472e3
1235.5	3.122e3
1236.4	2.822e3
1237.4	4.301e3
1238.4	3.407e3
1239.1	1.210e3
1240.0	3.076e3
1240.5	2.080e2
1241.0	3.108e3
1242.0	2.444e3
1242.6	4.900e2
1243.2	3.394e3
1243.8	1.100e2
1244.3	3.180e3
1245.3	2.662e3
1246.3	3.088e3
1247.1	2.434e3
1248.0	3.979e3
1249.0	2.476e3
1249.7	7.810e2
1250.4	3.232e3
1251.3	3.761e3
1251.8	2.820e2
1252.4	2.767e3
1253.3	3.883e3
1254.2	2.555e3
1255.1	3.041e3
1255.7	4.120e2
1256.3	3.033e3
1257.0	7.350e2
1257.6	2.592e3
1258.1	7.600e1
1258.7	3.889e3
1259.3	7.290e2
1260.0	3.252e3
1260.8	1.459e3
1261.7	3.534e3
1262.2	6.900e1
1262.7	3.218e3
1263.7	2.263e3
1264.2	6.300e1
1264.8	3.613e3
1265.4	8.950e2
1266.1	3.600e3
1267.0	1.837e3
1267.8	3.446e3
1268.7	1.857e3
1269.5	3.780e3
1270.3	1.457e3
1271.0	2.863e3
1271.6	1.920e2
1272.2	3.008e3
1272.7	1.180e2
1273.3	2.787e3
1274.3	2.506e3
1274.9	3.630e2
1275.5	2.771e3
1276.2	5.060e2
1276.8	2.881e3
1277.4	5.500e2
1278.1	3.337e3
1278.7	8.810e2
1279.3	3.510e3
1280.4	3.046e3
1281.4	2.527e3
1281.9	3.110e2
1282.5	3.281e3
1283.4	2.524e3
1284.1	8.790e2
1284.9	3.438e3
1285.8	2.812e3
1286.7	3.747e3
1287.5	1.213e3
1288.3	3.464e3
1288.8	5.500e1
1289.3	2.672e3
1290.2	2.668e3
1291.2	4.399e3
1292.1	2.354e3
1293.1	3.848e3
1293.6	8.900e1
1294.1	2.549e3
1295.1	3.042e3
1295.6	2.190e2
1296.2	2.548e3
1296.7	1.050e2
1297.3	3.532e3
1298.2	2.180e3
1299.0	1.476e3
1299.8	3.481e3
1300.6	9.570e2
1301.3	2.639e3
1302.2	3.641e3
1303.1	1.800e3
1303.9	4.071e3
1304.6	6.630e2
1305.2	2.979e3
1305.9	8.980e2
1306.6	1.622e3
1307.2	1.220e2
1307.7	2.395e3
1308.6	4.124e3
1309.1	3.800e1
1309.7	3.053e3
1310.7	3.297e3
1311.2	4.100e2
1311.8	2.524e3
1312.8	3.764e3
1313.6	1.749e3
1314.7	3.384e3
1315.7	3.740e3
1316.2	8.800e1
1316.8	2.665e3
1317.8	2.728e3
1318.5	8.840e2
1319.2	2.887e3
1320.1	3.642e3
1321.1	3.115e3
1321.7	3.010e2
1322.4	3.296e3
1323.0	4.830e2
1323.5	2.044e3
1324.4	4.413e3
1325.0	1.700e2
1325.6	2.699e3
1326.1	9.100e1
1326.7	2.931e3
1327.7	2.660e3
1328.6	2.726e3
1329.5	2.832e3
1330.3	1.078e3
1331.0	3.083e3
1331.7	6.300e2
1332.3	2.883e3
1333.0	1.600e3
1333.8	3.058e3
1334.6	1.649e3
1335.5	3.080e3
1336.4	1.114e3
1337.1	4.011e3
1337.8	9.350e2
1338.5	4.142e3
1339.4	1.695e3
1340.3	3.415e3
1341.1	1.435e3
1342.0	3.396e3
1342.6	9.960e2
1343.3	3.140e3
1344.3	2.667e3
1344.8	8.200e1
1345.3	4.470e3
1346.0	1.378e3
1346.8	2.775e3
1347.8	2.986e3
1348.4	9.950e2
1349.1	3.358e3
1349.9	9.060e2
1350.5	3.576e3
1351.3	2.039e3
1351.9	2.980e2
1352.6	4.012e3
1353.4	1.620e3
1354.2	2.380e3
1354.7	5.900e1
1355.3	3.044e3
1356.1	1.768e3
1357.1	3.055e3
1358.0	1.435e3
1358.9	2.623e3
1359.5	6.280e2
1360.2	2.663e3
1361.0	1.419e3
1361.7	2.429e3
1362.6	3.498e3
1363.4	3.001e3
1364.1	8.350e2
1364.8	3.090e3
1365.4	4.840e2
1366.1	2.907e3
1367.1	2.923e3
1368.0	1.686e3
1368.9	3.260e3
1369.4	1.990e2
1370.0	2.529e3
1370.6	4.850e2
1371.1	2.860e3
1371.7	3.020e2
1372.4	3.052e3
1373.4	2.296e3
1374.1	1.057e3
1374.8	3.555e3
1375.4	1.720e2
1376.0	2.970e3
1376.9	3.382e3
1377.9	2.790e3
1378.6	6.610e2
1379.2	2.100e3
1380.1	3.209e3
1381.1	2.953e3
1381.6	1.060e2
1382.1	3.129e3
1382.6	1.300e1
1383.2	3.051e3
1384.0	9.060e2
1384.8	2.779e3
1385.5	1.076e3
1386.2	3.290e3
1386.8	1.220e2
1387.3	3.060e3
1388.3	2.209e3
1389.2	3.052e3
1390.1	2.143e3
1390.7	1.850e2
1391.3	2.673e3
1391.9	1.340e2
1392.4	3.520e3
1393.1	4.750e2
1393.7	2.657e3
1394.3	2.560e2
1394.9	3.185e3
1395.9	3.247e3
1396.4	8.000e1
1396.9	2.195e3
1397.5	1.810e2
1398.0	2.726e3
1399.0	1.988e3
1399.5	1.760e2
1400.1	2.965e3
1400.8	9.570e2
1401.6	2.362e3
1402.4	1.437e3
1403.2	3.032e3
1403.8	4.110e2
1404.5	3.317e3
1405.0	9.900e1
1405.5	3.061e3
1406.1	3.770e2
1406.7	3.057e3
1407.3	8.400e1
1407.8	3.092e3
1408.5	6.450e2
1409.2	2.974e3
1409.9	1.107e3
1410.7	2.456e3
1411.7	3.170e3
1412.4	1.232e3
1413.1	3.191e3
1414.0	1.295e3
1414.8	1.970e3
1415.7	3.331e3
1416.7	4.305e3
1417.6	2.139e3
1418.3	9.070e2
1418.9	3.043e3
1419.5	1.690e2
1420.1	2.592e3
1420.8	1.294e3
1421.5	3.026e3
1422.4	2.432e3
1422.9	1.650e2
1423.5	3.141e3
1424.3	2.530e3
1424.8	8.100e1
1425.4	2.704e3
1426.2	1.230e3
1427.0	3.170e3
1428.0	2.549e3
1428.9	2.765e3
1429.8	1.177e3
1430.8	3.020e3
1431.6	1.378e3
1432.3	2.759e3
1433.2	2.001e3
1434.1	3.298e3
1434.6	1.580e2
1435.1	2.173e3
1436.0	1.496e3
1436.7	4.790e2
1437.3	2.379e3
1438.1	1.251e3
1438.8	2.196e3
1439.7	3.332e3
1440.3	5.010e2
1441.0	2.741e3
1441.5	1.110e2
1442.1	3.582e3
1443.0	2.727e3
1443.6	1.300e2
1444.1	3.555e3
1444.9	9.760e2
1445.6	2.483e3
1446.4	9.860e2
1447.1	2.958e3
1448.0	1.846e3
1448.9	2.963e3
1449.4	2.660e2
1450.0	2.660e3
1450.8	1.603e3
1451.8	2.849e3
1452.4	5.530e2
1453.0	2.639e3
1453.8	1.403e3
1454.8	2.581e3
1455.3	3.580e2
1455.9	2.432e3
1456.4	1.740e2
1457.0	3.430e3
1457.7	8.960e2
1458.5	3.247e3
1459.0	3.440e2
1459.6	1.562e3
1460.5	3.416e3
1461.1	2.060e2
1461.6	2.822e3
1462.3	2.791e3
1463.3	2.727e3
1464.3	3.242e3
1465.3	2.868e3
1466.1	2.199e3
1467.0	2.792e3
1467.9	1.631e3
1468.8	2.655e3
1469.5	1.431e3
1470.3	3.610e3
1470.9	6.600e2
1471.5	1.936e3
1472.0	1.040e2
1472.6	1.843e3
1473.2	2.850e2
1473.7	3.556e3
1474.4	1.744e3
1475.1	2.492e3
1475.9	3.617e3
1476.5	8.600e1
1477.0	1.847e3
1478.0	2.777e3
1479.0	3.079e3
1479.8	1.630e3
1480.7	3.119e3
1481.3	9.500e1
1481.8	2.520e3
1482.6	1.138e3
1483.4	2.847e3
1483.9	2.770e2
1484.5	3.376e3
1485.3	2.321e3
1486.1	1.944e3
1487.0	3.162e3
1487.6	6.790e2
1488.2	2.716e3
1488.8	3.390e2
1489.4	2.955e3
1490.1	1.054e3
1490.9	2.231e3
1491.5	3.950e2
1492.1	3.243e3
1493.0	1.310e3
1493.8	2.983e3
1494.6	1.120e3
1495.4	1.896e3
1496.4	2.597e3
1497.0	4.530e2
1497.6	2.735e3
1498.4	1.943e3
1499.3	2.346e3
1500.1	7.980e2
1500.8	2.224e3
1501.6	2.425e3
1502.4	1.067e3
1503.1	2.762e3
1504.0	1.279e3
1504.7	2.836e3
1505.2	2.500e1
1505.7	2.126e3
1506.7	1.080e3
1507.4	3.235e3
1508.1	1.281e3
1508.9	7.050e2
1509.5	2.601e3
1510.4	2.176e3
1511.2	2.595e3
1512.2	3.504e3
1512.7	3.130e2
1513.3	2.107e3
1514.3	1.947e3
1515.3	2.248e3
1516.2	2.922e3
1516.9	7.130e2
1517.8	3.163e3
1518.6	1.302e3
1519.3	2.534e3
1520.0	8.760e2
1520.6	2.612e3
1521.3	7.890e2
1521.9	2.772e3
1522.4	9.100e1
1523.0	2.473e3
1523.8	1.500e3
1524.6	2.695e3
1525.5	2.355e3
1526.1	1.110e3
1526.9	3.159e3
1527.4	2.060e2
1528.0	3.368e3
1528.6	5.130e2
1529.2	3.424e3
1530.2	2.705e3
1530.9	7.590e2
1531.5	2.956e3
1532.4	1.576e3
1533.1	1.854e3
1534.1	2.462e3
1534.6	2.640e2
1535.2	3.186e3
1535.9	4.960e2
1536.5	3.690e3
1537.3	5.960e2
1537.9	1.856e3
1538.9	2.048e3
1539.5	4.690e2
1540.1	2.399e3
1540.8	9.220e2
1541.6	3.642e3
1542.3	8.340e2
1542.9	2.036e3
1543.9	2.935e3
1544.6	9.520e2
1545.3	1.800e3
1546.3	1.853e3
1547.3	3.277e3
1548.0	8.730e2
1548.8	2.704e3
1549.5	4.680e2
1550.1	2.835e3
1551.0	1.948e3
1551.6	7.300e1
1552.1	3.230e3
1552.6	2.610e2
1553.2	2.211e3
1553.9	4.310e2
1554.5	2.366e3
1555.4	1.835e3
1556.3	3.038e3
1556.9	1.410e2
1557.4	2.968e3
1558.0	1.740e2
1558.5	2.334e3
1559.6	1.592e3
1560.2	3.520e2
1560.8	2.561e3
1561.4	6.070e2
1562.0	2.190e3
1562.7	3.160e2
1563.3	2.200e3
1563.9	4.000e2
1564.5	4.319e3
1565.5	2.554e3
1566.1	1.260e2
1566.6	2.180e3
1567.2	7.000e0
1567.7	2.407e3
1568.3	5.770e2
1568.9	2.407e3
1569.4	1.290e2
1570.0	2.115e3
1571.1	3.958e3
1571.8	4.710e2
1572.4	2.613e3
1573.0	1.500e2
1573.6	2.292e3
1574.4	1.114e3
1575.2	2.408e3
1576.1	3.830e3
1576.8	3.390e2
1577.4	2.023e3
1578.4	2.069e3
1579.4	3.424e3
1580.3	1.541e3
1581.3	2.691e3
1582.3	2.300e3
1583.1	2.677e3
1583.9	1.147e3
1584.7	1.792e3
1585.6	2.174e3
1586.6	2.483e3
1587.5	2.722e3
1588.5	2.261e3
1589.5	2.103e3
1590.1	7.260e2
1590.7	3.254e3
1591.4	7.290e2
1592.1	2.127e3
1592.6	2.630e2
1593.2	3.116e3
1594.0	1.863e3
1595.0	1.987e3
1595.8	1.140e3
1596.6	2.926e3
1597.5	2.862e3
1598.2	3.020e2
1598.9	2.984e3
1599.5	3.150e2
1600.1	4.216e3
1600.9	4.870e2
1601.6	2.949e3
1602.1	2.150e2
1602.7	2.460e3
1603.2	4.100e2
1603.8	2.390e3
1604.8	3.503e3
1605.8	2.503e3
1606.4	2.350e2
1606.9	2.348e3
1607.5	6.400e1
1608.0	2.565e3
1609.0	2.629e3
1609.6	7.070e2
1610.2	2.809e3
1610.8	2.610e2
1611.3	2.555e3
1612.3	1.259e3
1613.2	2.845e3
1614.2	1.847e3
1615.1	1.999e3
1615.7	1.750e2
1616.3	2.354e3
1617.2	1.451e3
1618.0	1.404e3
1618.9	2.928e3
1619.8	1.475e3
1620.6	2.242e3
1621.5	1.261e3
1622.1	8.900e1
1622.7	1.415e3
1623.3	2.540e2
1624.0	2.446e3
1624.8	1.068e3
1625.6	2.008e3
1626.2	1.530e2
1626.8	2.277e3
1627.7	1.175e3
1628.6	1.788e3
1629.2	5.930e2
1629.9	2.747e3
1630.4	4.700e1
1631.0	2.255e3
1631.6	3.550e2
1632.3	2.901e3
1633.1	6.890e2
1633.7	2.486e3
1634.3	3.140e2
1634.9	2.490e3
1635.7	1.664e3
1636.2	2.800e2
1636.9	1.891e3
1637.9	2.462e3
1638.6	6.870e2
1639.3	2.267e3
1640.2	1.654e3
1641.1	2.399e3
1642.1	2.047e3
1642.6	1.750e2
1643.2	2.343e3
1644.1	1.468e3
1645.3	2.423e3
1646.2	8.780e2
1647.0	2.919e3
1647.7	3.110e2
1648.3	2.100e3
1649.3	2.192e3
1650.2	2.591e3
1650.9	7.600e2
1651.6	2.190e3
1652.5	1.417e3
1653.1	1.380e2
1653.6	2.527e3
1654.2	4.500e1
1654.7	2.348e3
1655.4	9.170e2
1656.1	2.479e3
1656.8	9.330e2
1657.4	2.079e3
1658.1	4.290e2
1658.8	1.383e3
1659.4	2.760e2
1660.0	1.535e3
1660.9	2.399e3
1661.6	8.380e2
1662.3	2.658e3
1663.0	7.360e2
1663.7	2.293e3
1664.5	1.191e3
1665.4	1.099e3
1666.4	2.664e3
1667.1	7.430e2
1667.9	1.653e3
1668.5	3.190e2
1669.2	2.343e3
1670.1	9.640e2
1670.9	2.024e3
1671.9	1.661e3
1673.0	2.800e3
1673.8	1.777e3
1674.8	2.677e3
1675.9	2.090e3
1676.4	4.700e1
1676.9	2.686e3
1677.5	3.580e2
1678.1	2.726e3
1678.7	4.400e1
1679.3	2.678e3
1680.2	2.727e3
1681.2	1.615e3
1682.2	1.814e3
1683.1	3.132e3
1683.6	7.100e1
1684.1	1.863e3
1684.7	2.090e2
1685.3	2.576e3
1685.9	3.440e2
1686.6	2.032e3
1687.6	2.878e3
1688.4	2.011e3
1688.9	2.420e2
1689.5	2.961e3
1690.3	9.030e2
1691.0	1.963e3
1691.9	2.433e3
1692.9	1.409e3
1693.8	1.694e3
1694.4	3.400e2
1695.1	2.562e3
1695.7	1.300e1
1696.2	3.417e3
1696.8	1.920e2
1697.5	1.870e3
1698.5	2.074e3
1699.0	3.500e1
1699.5	3.464e3
1700.1	1.310e2
1700.6	2.063e3
1701.4	1.008e3
1702.1	3.442e3
1702.7	4.320e2
1703.4	3.605e3
1704.5	1.555e3
1705.4	2.070e3
1706.0	3.180e2
1706.8	2.031e3
1707.8	2.267e3
1708.7	1.857e3
1709.7	2.881e3
1710.4	5.230e2
1711.0	1.708e3
1711.6	7.200e1
1712.1	1.549e3
1713.0	2.243e3
1713.8	4.980e2
1714.4	1.377e3
1715.3	3.712e3
1716.0	6.340e2
1716.6	2.394e3
1717.5	1.335e3
1718.3	1.747e3
1718.9	1.070e2
1719.4	2.079e3
1720.0	7.780e2
1720.7	2.045e3
1721.7	2.325e3
1722.5	9.400e2
1723.1	2.480e2
1723.6	1.897e3
1724.6	2.107e3
1725.4	1.171e3
1726.1	2.143e3
1726.8	4.400e1
1727.3	1.729e3
1728.0	3.350e2
1728.6	2.349e3
1729.4	8.110e2
1730.1	1.623e3
1731.1	3.417e3
1732.0	9.070e2
1732.7	2.570e3
1733.6	1.479e3
1734.5	1.625e3
1735.1	2.900e1
1735.7	2.720e3
1736.3	3.560e2
1737.1	1.982e3
1737.7	5.050e2
1738.3	3.283e3
1738.9	4.020e2
1739.5	1.689e3
1740.5	2.032e3
1741.4	1.688e3
1742.0	4.580e2
1742.7	2.592e3
1743.3	2.860e2
1743.9	2.050e3
1744.7	1.162e3
1745.4	2.923e3
1746.3	1.508e3
1747.1	1.125e3
1747.9	1.684e3
1748.5	5.510e2
1749.2	2.075e3
1749.8	1.470e2
1750.4	1.519e3
1751.1	7.940e2
1751.8	2.577e3
1752.4	4.990e2
1753.0	2.884e3
1754.0	1.214e3
1754.9	2.764e3
1755.6	3.070e2
1756.4	2.398e3
1757.3	1.495e3
1758.0	5.900e2
1758.7	2.244e3
1759.5	6.270e2
1760.2	1.751e3
1761.2	2.309e3
1762.1	1.744e3
1762.8	4.530e2
1763.5	2.129e3
1764.1	2.430e2
1764.7	2.208e3
1765.2	7.400e1
1765.8	1.897e3
1766.8	2.134e3
1767.8	1.619e3
1768.7	1.523e3
1769.3	2.340e2
1769.8	2.191e3
1770.5	6.010e2
1771.2	2.051e3
1772.0	1.762e3
1773.0	2.114e3
1773.5	1.630e2
1774.1	2.108e3
1775.1	1.824e3
1775.6	2.840e2
1776.2	2.496e3
1776.8	4.070e2
1777.5	1.298e3
1778.3	2.328e3
1779.2	1.729e3
1780.1	1.605e3
1780.8	5.590e2
1781.5	2.605e3
1782.4	1.639e3
1783.3	1.108e3
1784.2	1.794e3
1784.9	5.210e2
1785.7	1.779e3
1786.5	1.675e3
1787.1	2.440e2
1787.7	1.829e3
1788.7	1.325e3
1789.6	2.484e3
1790.5	1.977e3
1791.3	1.730e3
1792.0	1.256e3
1792.8	1.807e3
1793.7	1.747e3
1794.4	8.310e2
1795.1	1.869e3
1796.1	1.622e3
1797.0	2.423e3
1797.6	4.420e2
1798.2	1.653e3
1799.0	1.425e3
1799.9	2.089e3
1800.4	2.900e1
1800.9	1.953e3
1801.9	2.154e3
1802.9	3.398e3
1803.8	1.310e3
1804.7	2.038e3
1805.6	1.081e3
1806.4	2.633e3
1807.4	2.204e3
1808.2	5.130e2
1809.0	1.776e3
1809.6	1.660e2
1810.2	1.618e3
1810.8	7.100e1
1811.3	2.585e3
1812.3	1.634e3
1812.8	2.690e2
1813.4	2.164e3
1814.0	2.470e2
1814.8	1.692e3
1815.8	2.323e3
1816.4	3.880e2
1817.0	1.777e3
1817.6	1.370e2
1818.2	2.426e3
1818.9	2.710e2
1819.6	2.657e3
1820.3	8.250e2
1821.1	1.752e3
1822.0	1.109e3
1822.8	2.400e3
1823.4	1.810e2
1823.9	1.966e3
1824.6	9.200e2
1825.3	3.006e3
1826.1	9.650e2
1826.9	2.966e3
1827.8	1.537e3
1828.6	1.465e3
1829.5	3.281e3
1830.1	2.580e2
1830.6	2.258e3
1831.5	2.443e3
1832.4	1.157e3
1833.3	2.563e3
1834.2	1.673e3
1834.7	2.480e2
1835.2	1.666e3
1836.2	1.830e3
1837.2	2.091e3
1838.0	1.727e3
1838.6	2.240e2
1839.3	2.954e3
1840.0	8.850e2
1840.7	2.156e3
1841.6	1.843e3
1842.1	1.730e2
1842.7	2.994e3
1843.5	1.312e3
1844.3	2.482e3
1845.0	7.120e2
1845.6	2.191e3
1846.5	2.418e3
1847.5	1.406e3
1848.4	2.103e3
1848.9	5.900e1
1849.4	2.900e3
1850.1	3.570e2
1850.7	2.247e3
1851.6	1.197e3
1852.5	1.921e3
1853.5	3.104e3
1854.4	2.488e3
1855.3	6.270e2
1856.1	2.502e3
1856.6	3.800e1
1857.2	1.524e3
1858.1	2.487e3
1859.0	2.160e3
1859.6	1.720e2
1860.2	1.297e3
1861.1	2.448e3
1861.7	4.490e2
1862.4	2.132e3
1863.5	1.079e3
1864.2	1.827e3
1865.0	6.750e2
1865.9	1.828e3
1866.5	9.300e1
1867.0	2.272e3
1868.0	1.703e3
1868.8	1.794e3
1869.7	1.760e3
1870.4	1.414e3
1871.3	1.778e3
1872.2	2.933e3
1873.2	1.752e3
1874.0	1.120e3
1874.9	2.064e3
1875.9	9.950e2
1876.4	1.240e2
1877.1	2.477e3
1877.8	4.430e2
1878.5	1.599e3
1879.4	1.230e3
1880.5	1.603e3
1881.1	2.190e2
1881.7	1.773e3
1882.3	9.800e1
1882.8	2.030e3
1883.4	1.590e2
1883.9	1.899e3
1884.9	1.743e3
1885.8	1.457e3
1886.4	7.300e1
1886.9	1.932e3
1887.8	1.121e3
1888.6	1.495e3
1889.2	1.470e2
1889.7	1.265e3
1890.5	2.348e3
1891.1	1.750e2
1891.7	1.809e3
1892.4	3.610e2
1893.1	1.338e3
1894.0	1.368e3
1894.8	2.430e3
1895.4	3.900e1
1895.9	1.480e3
1896.9	2.194e3
1897.9	1.763e3
1898.5	2.610e2
1899.2	2.454e3
1900.0	1.407e3
1900.8	7.170e2
1901.6	1.815e3
1902.5	3.146e3
1903.3	1.379e3
1904.3	1.179e3
1905.2	1.730e3
1906.0	1.480e3
1906.6	5.500e1
1907.1	1.844e3
1907.6	1.980e2
1908.2	2.369e3
1909.1	2.238e3
1909.9	5.970e2
1910.5	1.753e3
1911.1	5.400e1
1911.7	2.440e3
1912.3	2.510e2
1913.0	1.742e3
1913.8	1.110e3
1914.6	2.623e3
1915.3	2.100e2
1915.9	1.577e3
1916.5	2.080e2
1917.1	2.336e3
1917.8	6.210e2
1918.5	2.051e3
1919.5	1.480e3
1920.2	6.350e2
1920.8	1.198e3
1921.6	1.741e3
1922.3	5.570e2
1923.1	2.520e3
1923.7	5.580e2
1924.3	2.964e3
1925.2	9.030e2
1926.0	1.527e3
1926.6	2.370e2
1927.1	1.178e3
1927.7	8.200e1
1928.4	1.188e3
1929.3	1.214e3
1930.1	1.705e3
1930.7	1.660e2
1931.3	1.332e3
1932.1	3.100e2
1932.7	1.967e3
1933.6	1.054e3
1934.3	7.100e2
1935.1	2.365e3
1935.6	9.000e0
1936.2	1.485e3
1937.2	1.977e3
1938.1	1.602e3
1938.7	7.300e1
1939.4	1.498e3
1940.0	1.880e2
1940.7	1.618e3
1941.7	1.706e3
1942.4	3.000e2
1943.0	1.435e3
1944.0	9.840e2
1944.8	2.050e3
1945.7	8.420e2
1946.4	1.647e3
1947.2	7.970e2
1948.1	1.224e3
1949.1	1.405e3
1950.0	1.663e3
1950.9	9.920e2
1951.8	1.138e3
1952.7	1.497e3
1953.5	2.620e3
1954.5	1.070e3
1955.3	2.004e3
1956.2	2.094e3
1957.2	1.710e3
1958.5	2.158e3
1959.1	2.330e2
1959.7	8.370e2
1960.6	1.391e3
1961.2	2.890e2
1962.0	1.814e3
1962.8	8.340e2
1963.5	2.472e3
1964.4	3.890e2
1965.1	1.084e3
1966.1	1.153e3
1966.9	1.246e3
1967.9	1.537e3
1968.7	8.320e2
1969.4	1.340e3
1970.2	5.060e2
1970.9	1.969e3
1971.5	5.000e0
1972.0	1.738e3
1973.0	1.596e3
1973.9	9.930e2
1974.8	1.468e3
1975.7	8.950e2
1976.6	1.189e3
1977.3	1.697e3
1978.4	2.038e3
1979.1	8.890e2
1979.8	2.029e3
1980.4	4.330e2
1981.2	1.230e3
1982.0	2.403e3
1983.0	1.188e3
1984.0	5.970e2
1984.8	3.890e2
1985.4	1.787e3
1986.0	5.380e2
1986.8	1.983e3
1987.5	3.990e2
1988.2	1.389e3
1988.9	5.200e2
1989.7	1.884e3
1990.6	1.771e3
1991.3	4.100e2
1991.9	1.707e3
1992.5	1.840e2
1993.1	2.130e3
1993.8	5.210e2
1994.5	2.097e3
1995.0	7.900e1
1995.6	2.133e3
1996.6	1.217e3
1997.3	5.870e2
1998.0	1.525e3
1999.0	2.145e3
1999.7	3.520e2
