100.2	2.878e3
100.9	2.937e4
101.9	1.144e4
102.9	1.623e4
103.9	1.676e3
104.4	1.420e2
105.0	3.022e3
106.1	1.190e2
106.8	4.550e2
108.0	6.420e2
109.0	1.330e3
110.1	1.787e3
111.1	2.394e3
112.0	1.089e3
113.0	3.730e4
114.1	4.828e3
115.1	6.855e3
115.9	9.081e3
117.0	8.213e4
118.0	1.266e4
119.0	1.147e4
120.0	3.710e2
120.8	2.676e3
121.4	2.140e2
122.2	2.042e3
123.1	1.329e3
123.9	1.728e3
125.1	1.561e3
125.9	7.493e3
126.9	3.081e3
127.9	7.304e3
129.0	5.549e3
130.0	4.184e3
131.0	6.498e3
131.9	2.302e3
133.0	3.902e3
134.1	2.224e3
135.0	1.415e4
135.7	1.890e2
136.2	1.866e3
137.0	7.954e3
138.0	1.202e3
138.9	2.768e3
140.0	7.910e2
141.2	3.108e3
142.1	2.392e3
143.1	3.022e3
143.9	2.306e3
144.9	1.189e4
146.0	7.763e3
147.0	2.397e4
148.0	3.546e3
148.8	3.489e3
149.3	6.700e1
150.1	6.276e3
151.0	3.406e3
152.0	1.267e4
153.2	3.833e3
154.0	2.555e3
155.1	2.995e3
156.0	5.432e3
157.1	6.939e3
158.1	1.650e3
159.0	1.229e4
160.1	2.724e3
160.9	5.384e4
161.4	4.270e2
162.0	2.470e3
162.9	6.211e4
163.5	2.480e2
164.0	4.247e3
164.9	2.608e4
166.0	2.194e3
166.9	2.909e3
168.0	3.989e3
169.1	2.419e3
170.3	6.359e3
171.0	2.396e3
172.0	5.122e3
173.0	8.432e3
174.0	9.927e3
175.0	1.795e4
176.0	1.698e3
177.0	1.007e4
177.9	2.365e3
179.0	1.078e4
179.9	4.646e3
181.1	1.383e4
182.1	1.223e4
182.6	2.700e1
183.1	2.310e3
184.1	2.976e3
185.0	3.625e3
186.1	6.876e3
187.0	1.186e4
188.0	4.001e3
189.0	6.354e3
190.1	4.412e3
191.1	2.713e4
192.0	4.276e3
193.0	4.444e3
193.9	2.174e3
195.1	2.318e4
195.9	2.969e4
197.0	9.843e3
197.9	4.259e4
198.4	1.270e2
199.0	1.482e4
199.9	1.839e4
200.5	4.500e1
201.0	7.481e3
201.9	8.721e3
203.1	2.543e3
203.9	5.399e3
205.0	4.066e3
205.9	2.539e3
207.0	2.788e3
208.1	3.133e3
209.1	3.665e3
210.0	4.998e3
211.1	3.806e3
212.1	1.401e4
213.2	6.546e3
214.0	2.384e3
215.0	3.420e3
216.0	3.152e3
217.0	1.595e4
218.0	6.460e3
219.1	7.396e3
219.9	4.050e3
221.0	2.287e3
222.0	1.132e4
222.9	4.861e3
223.5	1.170e2
224.0	9.271e3
224.9	5.686e3
226.0	9.719e3
227.0	4.765e3
228.1	3.049e3
229.1	3.611e3
230.0	5.592e3
231.1	2.850e3
232.1	6.923e3
233.0	6.821e3
234.0	5.940e3
235.0	5.573e3
236.0	1.344e4
237.1	3.458e3
238.0	1.607e3
239.0	1.597e3
240.0	5.677e3
241.0	4.335e3
242.1	3.809e3
243.1	8.093e3
244.0	8.107e3
244.5	1.140e2
245.0	5.356e3
245.9	7.148e3
246.9	4.131e3
247.4	4.200e1
248.0	1.197e4
249.1	2.007e4
250.0	3.932e3
251.0	5.393e3
252.0	3.520e3
252.8	3.694e3
253.9	1.980e3
255.0	4.174e3
255.9	9.840e2
256.5	1.550e2
257.0	3.225e3
258.1	3.112e3
259.0	3.975e3
259.6	3.300e1
260.1	3.710e3
261.0	2.101e3
261.9	5.680e3
263.0	6.900e3
264.1	8.267e3
265.0	1.168e4
266.0	1.933e4
266.5	3.440e2
267.0	6.809e3
268.0	1.014e4
269.0	4.730e3
269.9	5.053e3
270.9	3.714e3
271.7	1.155e3
272.4	5.910e2
273.1	4.908e3
274.0	3.339e3
275.0	4.508e3
276.0	1.678e3
277.0	3.064e3
277.8	2.130e2
278.6	3.460e3
279.2	1.915e3
280.0	3.055e3
281.0	8.650e3
282.1	4.455e3
283.1	2.457e3
284.0	5.819e3
285.1	5.045e3
286.0	2.483e3
287.0	2.096e3
287.8	4.213e3
288.4	3.880e2
289.0	4.072e3
290.0	4.293e3
291.0	6.103e3
292.1	3.365e3
293.1	7.064e3
294.0	3.072e3
295.0	7.124e3
295.9	2.251e3
296.9	4.083e3
297.9	5.777e3
298.9	4.098e3
299.9	2.951e3
301.0	5.926e3
302.1	5.283e3
303.0	5.616e3
303.9	4.341e3
304.9	5.579e3
306.0	5.894e3
307.0	5.443e3
307.9	1.067e4
308.8	3.471e3
309.4	9.400e1
310.0	6.376e3
310.9	8.011e3
312.0	4.084e3
313.0	9.695e3
314.0	7.316e3
314.9	5.248e3
315.9	4.771e3
317.0	1.413e4
318.0	5.121e3
319.0	5.677e3
319.9	3.809e3
320.5	1.117e3
321.1	3.622e3
322.1	3.527e3
323.0	3.257e3
323.6	1.390e2
324.2	1.699e4
325.1	9.431e3
326.0	4.764e3
326.9	6.215e3
327.9	3.776e4
328.9	9.542e3
330.0	6.143e3
331.0	7.290e3
332.1	4.456e3
333.0	1.515e4
334.0	4.370e3
334.9	5.426e3
336.0	4.387e3
337.0	8.641e3
337.6	3.120e2
338.2	1.849e3
339.0	7.177e3
340.0	3.807e3
341.0	6.519e3
341.9	2.353e3
343.0	5.327e3
343.9	7.083e3
345.0	3.911e3
346.0	2.741e4
346.6	3.490e3
347.3	8.152e3
348.1	3.625e3
349.0	1.423e4
349.9	7.423e3
350.5	4.350e2
351.0	7.325e3
352.0	3.989e3
353.0	1.450e4
353.9	4.163e3
355.0	3.168e3
356.0	1.959e3
357.0	8.829e3
358.0	4.726e3
359.1	4.759e3
360.1	1.076e3
361.0	3.864e3
361.8	3.381e3
362.5	3.190e2
363.1	2.298e3
364.0	4.653e3
364.7	1.269e3
365.4	7.580e3
366.1	2.280e3
367.0	5.431e3
367.9	7.096e3
368.5	3.040e2
369.0	5.747e3
369.9	2.824e3
370.5	2.170e2
371.1	3.833e3
371.9	3.508e3
372.9	7.519e3
373.9	4.776e3
374.6	6.830e2
375.2	2.154e3
376.0	2.014e3
376.7	6.920e2
377.2	7.966e3
378.1	3.626e3
378.9	1.174e4
379.6	8.530e2
380.1	7.142e3
381.0	3.877e3
381.9	2.581e3
382.7	2.028e3
383.4	5.286e3
384.1	1.559e3
384.9	6.379e3
385.8	3.431e3
386.8	3.527e3
387.7	3.140e3
388.4	3.570e2
388.9	3.108e3
389.9	6.150e3
390.8	5.196e3
391.3	6.200e1
392.0	5.872e3
393.0	4.060e3
393.9	4.621e3
395.0	7.473e3
395.9	7.471e3
397.0	3.907e3
398.1	2.173e3
399.0	4.275e3
400.0	2.349e3
401.0	7.999e3
401.5	2.380e2
402.1	3.791e3
402.9	3.028e3
404.0	4.034e3
404.8	1.605e3
405.6	5.332e3
406.2	1.740e2
406.8	3.670e3
407.8	6.141e3
408.3	8.400e1
408.9	3.684e3
409.9	6.628e3
410.4	5.640e2
411.0	6.146e3
411.8	1.366e3
412.4	6.055e3
413.2	1.998e3
414.0	3.163e3
414.7	4.752e3
415.5	2.350e2
416.1	1.923e3
417.0	1.094e4
417.9	2.947e3
418.8	1.446e3
419.6	3.667e3
420.2	2.128e3
421.0	6.657e3
421.6	4.340e2
422.2	6.256e3
423.0	5.710e2
423.7	2.519e3
424.2	1.720e2
424.9	4.775e3
426.0	4.977e3
426.8	1.997e3
427.4	3.300e2
428.0	5.489e3
429.0	3.732e3
429.9	5.432e3
430.8	3.615e3
432.0	3.145e3
432.9	3.509e3
433.9	2.558e3
434.9	3.403e3
435.9	6.095e3
437.0	5.803e3
437.9	3.278e3
438.9	5.172e3
440.0	2.966e3
441.0	2.585e3
441.8	4.839e3
442.4	1.066e3
443.0	2.931e3
443.9	2.109e4
445.0	7.420e3
445.9	5.637e3
446.9	4.385e3
447.4	1.400e2
448.0	5.665e3
448.9	7.478e3
449.9	6.445e3
451.0	4.934e3
451.8	6.055e3
452.4	5.100e1
452.9	7.695e3
453.4	1.040e2
454.0	4.876e3
454.9	3.271e3
455.9	5.005e3
456.9	3.602e3
457.9	3.241e3
459.1	5.855e3
459.9	4.382e3
460.8	5.297e3
461.4	7.580e2
461.9	3.938e3
462.9	4.886e3
463.4	2.100e2
463.9	4.737e3
464.9	4.175e3
465.9	1.471e4
466.7	5.983e3
467.4	1.485e3
468.1	2.947e3
468.9	7.721e3
469.8	5.230e3
470.9	3.648e3
471.7	3.979e3
473.0	6.513e3
473.7	2.072e3
474.7	5.470e3
475.3	3.890e2
475.9	1.633e3
476.8	4.351e3
477.7	3.585e3
478.3	6.680e2
478.8	2.673e3
479.8	4.708e3
480.7	3.665e3
481.4	1.125e3
481.9	1.101e4
482.9	6.529e3
483.9	4.763e3
485.0	7.960e3
485.9	2.588e3
486.6	6.440e2
487.2	8.512e3
488.0	5.032e3
489.0	5.013e3
489.9	3.587e3
490.9	3.328e3
491.9	2.946e3
493.0	4.465e3
494.1	2.092e3
494.9	4.651e3
495.4	7.700e1
496.0	6.809e3
496.9	5.464e3
498.0	6.806e3
498.9	2.091e3
499.9	6.748e3
500.9	7.041e3
501.9	4.835e3
502.4	8.230e2
503.0	7.395e3
503.6	1.960e2
504.2	5.901e3
504.9	2.885e3
505.7	4.933e3
506.2	4.010e2
506.9	3.864e3
507.8	3.943e3
508.8	6.361e3
509.9	4.977e3
510.5	9.680e2
511.1	6.116e3
511.6	5.100e1
512.2	3.262e3
513.1	3.367e3
513.9	3.559e3
514.9	5.027e3
515.9	1.860e3
516.6	4.560e2
517.1	5.290e3
518.1	2.060e3
519.2	8.409e3
519.9	1.852e3
520.7	3.402e3
521.3	2.400e2
521.9	4.127e3
522.8	1.564e3
523.8	5.243e3
524.5	5.980e2
525.0	6.337e3
525.9	2.970e3
526.6	3.160e2
527.1	5.223e3
528.0	2.993e3
528.6	6.800e1
529.1	4.438e3
530.1	2.749e3
530.9	4.574e3
531.8	3.395e3
532.8	3.242e3
533.7	4.801e3
534.8	2.811e3
535.8	3.393e3
536.5	4.780e2
537.1	8.503e3
537.7	4.950e2
538.3	7.390e3
539.2	4.416e3
539.9	3.893e3
541.0	5.876e3
541.9	4.399e3
543.0	3.836e3
543.6	2.520e2
544.2	2.789e3
544.9	1.051e3
545.9	7.052e3
546.9	3.536e3
547.9	5.480e3
548.6	1.305e3
549.4	3.392e3
550.4	5.339e3
551.1	3.883e3
552.1	3.228e3
553.0	4.141e3
553.7	7.100e2
554.4	5.918e3
555.1	2.000e3
556.1	4.570e3
556.7	1.130e3
557.3	6.153e3
558.1	2.879e3
558.9	6.012e3
559.8	2.774e3
560.7	3.375e3
562.0	4.156e3
563.0	2.943e3
563.8	7.345e3
565.0	5.987e3
565.9	4.958e3
566.6	6.870e2
567.4	3.638e3
568.1	1.724e3
568.9	2.785e3
569.9	3.522e3
570.4	5.000e1
571.0	7.996e3
571.5	1.850e2
572.0	5.657e3
572.9	3.329e3
573.8	3.451e3
574.9	4.275e3
575.7	3.218e3
576.4	1.083e3
577.0	2.072e3
577.9	5.593e3
578.9	3.929e3
579.9	7.539e3
580.9	3.765e3
581.9	7.110e3
582.8	3.970e3
583.8	5.152e3
584.8	5.065e3
585.3	3.500e2
585.9	7.857e3
587.0	4.964e3
587.9	1.451e3
588.8	5.731e3
590.0	2.271e3
591.0	5.353e3
591.9	3.160e3
592.5	1.030e2
593.0	3.005e3
594.0	4.551e3
594.9	1.200e4
595.9	6.099e3
596.9	2.090e3
597.9	3.740e3
598.9	4.425e3
599.5	1.270e2
600.0	6.126e3
601.0	2.202e3
601.7	6.539e3
602.3	7.780e2
603.0	6.790e3
604.2	5.392e3
605.0	5.376e3
605.8	7.495e3
606.9	2.008e3
607.4	1.880e2
608.0	4.649e3
608.9	3.663e3
610.1	3.525e3
610.8	1.373e3
611.5	3.441e3
612.4	3.968e3
612.9	1.060e2
613.4	5.426e3
614.2	1.914e3
615.0	3.747e3
615.8	4.199e3
616.3	5.000e2
616.9	7.554e3
617.9	3.274e3
618.8	2.786e3
619.5	1.567e3
620.2	5.201e3
621.1	3.178e3
622.0	4.509e3
622.9	2.606e3
623.8	5.342e3
624.9	5.771e3
625.9	2.879e3
626.6	1.103e3
627.3	4.324e3
628.0	1.019e3
628.6	3.877e3
629.7	4.397e3
630.4	1.195e3
631.1	4.945e3
632.2	6.310e3
632.9	9.590e2
633.9	3.263e3
634.7	1.424e3
635.5	3.747e3
636.3	2.940e2
636.9	7.139e3
637.9	4.599e3
639.0	1.903e3
639.8	4.086e3
640.7	2.698e3
641.7	4.706e3
642.8	3.191e3
643.8	4.391e3
644.9	2.763e3
645.7	4.681e3
646.3	2.010e2
646.9	5.219e3
647.9	3.678e3
648.8	2.349e3
649.8	4.360e3
650.8	3.148e3
651.8	2.200e3
652.5	1.180e2
653.1	4.463e3
653.9	4.384e3
654.6	5.817e3
655.4	1.127e3
656.2	5.272e3
657.0	2.519e3
657.8	1.244e3
658.7	4.710e3
659.6	1.998e3
660.1	1.910e2
660.6	4.940e3
661.5	7.384e3
662.4	3.428e3
663.0	9.820e2
663.6	5.006e3
664.3	9.820e2
664.8	3.390e2
665.4	1.714e3
666.2	4.659e3
666.8	1.058e3
667.3	3.101e3
668.2	7.401e3
669.1	4.904e3
670.1	6.050e3
670.9	4.202e3
671.8	2.758e3
672.4	9.220e2
673.0	5.264e3
673.9	2.006e3
674.9	4.212e3
675.8	2.229e3
676.7	4.973e3
677.4	1.132e3
678.1	4.068e3
679.0	2.600e3
679.9	3.859e3
680.9	1.115e3
681.6	3.930e3
682.2	7.650e2
682.9	2.201e3
683.4	4.400e1
684.0	5.689e3
684.9	3.398e3
685.8	5.172e3
686.8	4.140e3
687.8	2.940e3
688.3	4.870e2
688.9	5.161e3
689.7	2.385e3
690.8	2.968e3
691.7	5.783e3
692.7	7.500e3
693.3	5.930e2
694.0	2.838e3
694.9	4.694e3
695.6	6.160e2
696.2	4.755e3
696.8	5.220e2
697.6	2.590e3
698.5	2.745e3
699.5	5.340e3
700.2	1.752e3
700.8	9.860e2
701.3	7.206e3
702.1	2.158e3
702.8	4.874e3
703.7	5.307e3
704.4	2.310e2
704.9	5.598e3
705.7	2.413e3
706.8	4.695e3
707.5	2.610e2
708.1	2.527e3
708.9	1.430e3
709.7	4.041e3
710.2	2.400e2
710.8	5.781e3
711.8	3.721e3
712.8	8.070e2
713.6	4.079e3
714.3	3.320e2
714.9	9.558e3
715.8	4.636e3
716.7	3.736e3
717.5	3.883e3
718.1	3.910e2
719.0	4.003e3
719.6	2.370e2
720.2	2.699e3
721.1	8.778e3
721.8	3.343e3
722.3	3.070e2
722.9	2.639e3
723.4	3.410e2
724.0	3.574e3
724.6	7.550e2
725.3	2.778e3
726.0	1.186e3
726.9	1.803e3
727.7	2.905e3
728.3	3.370e2
728.9	4.396e3
729.4	6.580e2
730.0	6.312e3
730.9	4.330e3
731.8	3.056e3
732.7	1.182e3
733.5	3.948e3
734.3	2.757e3
735.1	2.428e3
735.8	1.181e3
736.3	5.200e1
736.8	6.143e3
737.7	5.570e3
738.3	3.720e2
738.9	3.410e3
739.7	2.792e3
740.3	6.000e2
741.0	4.790e3
741.8	2.669e3
742.4	7.470e2
743.1	4.570e3
744.2	2.867e3
744.9	3.846e3
745.8	3.600e3
746.8	3.237e3
747.3	3.020e2
747.8	4.791e3
749.0	3.196e3
749.6	5.580e2
750.2	4.591e3
751.0	2.940e2
751.5	2.698e3
752.2	5.360e2
752.7	5.934e3
753.6	3.779e3
754.3	5.440e2
754.8	3.466e3
755.6	2.166e3
756.3	1.688e3
757.0	2.060e3
757.8	5.253e3
758.8	3.267e3
759.3	7.400e1
759.9	4.347e3
760.9	3.549e3
761.4	1.680e2
761.9	4.511e3
762.6	1.198e3
763.4	3.342e3
764.1	1.666e3
765.1	5.455e3
766.0	2.718e3
767.1	1.113e3
767.7	4.992e3
768.5	8.910e2
769.3	4.151e3
769.9	1.436e3
770.8	1.077e3
771.3	1.810e2
772.0	2.542e3
772.5	1.820e2
773.1	3.769e3
774.1	2.027e3
775.0	1.527e3
775.7	4.019e3
776.6	2.424e3
777.4	3.562e3
778.4	2.534e3
779.0	7.700e1
779.6	1.406e3
780.5	1.285e3
781.7	2.691e3
782.5	2.620e2
783.1	2.360e3
783.9	1.233e3
784.8	2.532e3
785.8	2.697e3
786.7	4.005e3
787.3	2.160e2
787.8	4.230e3
789.0	4.036e3
789.7	8.550e2
790.9	1.993e3
791.7	2.297e3
792.2	1.340e2
792.7	2.798e3
793.7	2.940e3
794.6	4.397e3
795.5	4.365e3
796.3	5.630e2
797.2	2.363e3
797.9	8.450e2
798.6	3.766e3
799.4	3.020e2
799.9	2.182e3
800.9	2.074e3
801.8	2.864e3
802.6	6.180e2
803.2	1.822e3
804.1	1.433e3
804.8	4.087e3
805.6	1.143e3
806.3	3.990e3
807.0	1.046e3
807.8	1.768e3
808.3	1.900e1
809.0	3.172e3
809.7	1.046e3
810.7	1.831e3
811.5	3.260e2
812.1	2.364e3
813.2	5.388e3
814.0	1.273e3
814.9	2.694e3
816.0	2.045e3
816.8	7.830e2
817.8	2.260e3
818.7	3.607e3
819.7	2.763e3
820.3	5.160e2
821.0	3.005e3
821.8	6.650e2
822.5	1.899e3
823.4	2.638e3
824.1	3.590e2
824.7	2.018e3
825.5	3.299e3
826.4	3.710e2
827.1	1.775e3
827.9	3.050e3
828.8	9.900e2
829.6	2.434e3
830.7	2.026e3
831.2	1.370e2
831.8	3.465e3
832.4	3.070e2
833.1	4.155e3
833.8	4.520e2
834.6	1.738e3
835.2	5.130e2
835.9	4.052e3
836.9	1.713e3
837.7	8.680e2
838.3	1.009e3
838.9	1.780e3
839.7	3.115e3
840.3	1.200e2
840.9	4.057e3
841.8	4.238e3
842.7	1.615e3
843.6	1.623e3
844.6	3.840e3
845.4	3.990e2
846.1	1.533e3
847.1	4.107e3
848.0	1.490e3
848.9	2.120e3
849.6	2.829e3
850.4	2.037e3
851.3	2.897e3
852.0	7.720e2
852.6	3.210e3
853.6	3.013e3
854.4	7.270e2
855.2	4.437e3
855.9	1.620e2
856.4	6.960e2
857.2	4.301e3
857.8	4.260e2
858.5	3.371e3
859.8	2.502e3
860.5	1.495e3
861.4	2.069e3
862.0	1.240e2
862.7	2.474e3
863.2	1.300e2
863.9	2.587e3
864.7	8.050e2
865.4	4.034e3
866.0	6.500e1
866.9	1.438e3
867.7	1.777e3
868.6	7.190e2
869.3	4.239e3
870.3	1.434e3
870.9	4.850e2
871.7	1.350e3
872.2	3.360e2
873.0	3.672e3
873.9	4.873e3
874.4	2.530e2
875.0	1.864e3
875.7	2.660e2
876.3	2.853e3
877.2	1.803e3
878.2	2.299e3
879.2	4.487e3
879.8	5.350e2
881.0	2.718e3
881.8	2.863e3
882.8	2.349e3
883.8	1.085e3
884.5	1.240e2
885.0	6.328e3
885.6	7.110e2
886.5	2.335e3
887.4	4.800e2
888.0	2.877e3
889.0	1.576e3
889.8	9.370e2
890.6	2.713e3
891.5	1.096e3
892.5	2.471e3
893.0	9.200e1
893.6	3.320e3
894.5	5.010e3
895.1	2.660e2
895.8	5.197e3
896.3	1.890e2
897.0	1.315e3
897.7	3.243e3
898.7	2.441e3
899.6	1.812e3
900.2	2.420e2
900.8	1.232e3
901.8	2.125e3
903.0	1.936e3
903.6	8.540e2
904.5	4.790e2
905.1	3.531e3
905.8	1.696e3
906.4	8.470e2
907.0	1.569e3
907.8	2.583e3
908.5	4.230e2
909.1	2.198e3
909.9	8.610e2
910.8	2.392e3
911.6	1.239e3
912.6	3.321e3
913.5	4.600e3
914.2	8.130e2
915.0	4.380e2
915.7	1.134e3
916.3	3.520e2
916.9	2.629e3
917.4	2.050e2
918.2	1.699e3
918.9	2.677e3
919.9	1.858e3
920.8	2.953e3
921.7	3.457e3
922.5	8.030e2
923.4	2.554e3
924.6	2.756e3
925.8	2.291e3
926.4	4.470e2
927.3	3.318e3
928.3	3.590e2
929.0	1.464e3
930.1	2.645e3
931.1	7.320e2
932.1	3.780e2
933.0	1.104e3
933.8	1.296e3
934.8	1.711e3
936.0	4.070e3
936.5	1.900e2
937.1	2.152e3
938.2	6.280e2
938.9	1.424e3
939.8	1.404e3
940.8	3.189e3
941.4	1.292e3
942.3	2.563e3
942.8	1.540e2
943.4	3.189e3
944.1	7.260e2
944.7	3.219e3
945.6	3.500e2
946.2	1.847e3
946.8	6.510e2
947.6	3.016e3
948.3	1.689e3
948.9	6.010e2
949.4	3.950e2
950.1	3.350e2
951.0	3.969e3
951.6	5.300e2
952.2	1.731e3
952.8	3.060e2
953.4	2.951e3
954.2	2.590e2
954.8	2.375e3
955.7	1.349e3
956.9	3.777e3
957.4	4.510e2
958.1	1.698e3
958.8	1.251e3
959.6	7.590e2
960.3	5.100e2
960.8	2.637e3
961.6	1.700e2
962.2	2.484e3
963.5	1.815e3
964.2	4.050e2
965.2	3.543e3
965.9	4.500e2
966.7	1.536e3
967.6	1.514e3
968.7	2.814e3
969.9	1.852e3
970.7	6.050e2
971.4	1.495e3
972.1	9.040e2
972.8	2.586e3
973.4	1.160e2
973.9	1.777e3
974.8	1.619e3
975.4	8.160e2
976.3	2.714e3
976.9	1.610e2
977.5	6.350e2
978.1	2.322e3
978.7	1.750e2
979.2	8.800e2
980.2	2.595e3
981.1	2.691e3
981.7	3.050e2
982.5	4.694e3
983.4	1.593e3
984.4	9.100e2
985.1	5.570e2
985.9	2.605e3
986.5	2.500e1
987.1	2.908e3
987.7	1.161e3
988.2	4.400e1
989.1	1.075e3
990.0	5.770e2
990.8	1.665e3
991.3	2.590e2
992.0	6.180e2
992.9	5.170e2
993.5	1.010e3
994.3	2.698e3
995.2	2.606e3
996.1	6.760e2
996.7	9.800e1
997.2	2.990e2
998.0	2.522e3
998.9	3.110e2
999.8	1.721e3
1000.5	8.450e2
1001.6	2.707e3
1002.4	1.506e3
1003.3	1.900e1
1004.0	2.323e3
1004.7	4.120e2
1005.6	1.977e3
1006.5	2.146e3
1007.4	3.590e2
1008.0	1.619e3
1008.9	1.345e3
1009.9	5.170e2
1010.6	3.441e3
1011.1	4.200e1
1011.9	1.433e3
1012.5	4.770e2
1013.2	1.807e3
1014.5	4.019e3
1015.2	3.810e2
1015.8	1.176e3
1016.5	1.073e3
1017.3	3.712e3
1018.1	4.010e2
1018.8	2.318e3
1019.8	1.060e3
1020.5	7.850e2
1021.2	1.576e3
1022.7	6.690e2
1023.3	1.518e3
1023.9	2.400e2
1024.9	3.071e3
1025.5	9.180e2
1026.2	8.130e2
1026.9	3.070e2
1027.8	1.502e3
1028.3	5.080e2
1029.1	9.520e2
1030.3	1.069e3
1031.3	1.350e3
1032.1	1.522e3
1032.9	2.922e3
1033.9	6.160e2
1034.5	6.850e2
1035.1	4.322e3
1035.9	4.060e2
1036.7	7.740e2
1037.8	7.710e2
1038.6	7.390e2
1039.4	1.184e3
1040.4	2.005e3
1041.2	6.810e2
1042.1	1.256e3
1042.7	3.890e2
1043.6	1.759e3
1044.5	2.480e2
1045.1	9.220e2
1046.0	2.704e3
1046.9	8.020e2
1047.9	2.439e3
1048.9	2.171e3
1049.7	6.290e2
1050.5	2.080e2
1051.3	2.242e3
1052.0	1.592e3
1052.8	1.649e3
1054.0	1.792e3
1054.7	4.430e2
1055.8	8.900e2
1056.7	2.219e3
1057.6	2.058e3
1058.9	2.503e3
1059.6	1.240e3
1060.7	4.486e3
1061.5	1.918e3
1062.1	4.200e1
1062.7	2.155e3
1063.6	1.571e3
1065.0	2.192e3
1065.9	5.870e2
1066.5	1.243e3
1067.4	2.590e3
1068.6	2.881e3
1069.6	1.415e3
1070.3	9.100e1
1071.1	3.524e3
1071.8	2.610e2
1072.7	3.707e3
1073.4	7.300e1
1074.0	1.417e3
1074.8	1.287e3
1075.6	7.310e2
1076.2	2.432e3
1077.1	3.065e3
1077.7	2.020e2
1078.2	9.380e2
1079.2	1.507e3
1079.8	2.320e2
1080.5	1.910e2
1081.1	2.126e3
1081.6	7.200e1
1082.3	1.710e3
1083.1	3.111e3
1083.8	7.610e2
1084.4	3.100e2
1085.0	1.026e3
1086.2	2.141e3
1087.0	1.766e3
1087.7	1.758e3
1088.6	6.990e2
1089.4	6.400e2
1090.0	5.600e1
1090.6	1.240e3
1091.1	1.690e2
1091.7	1.920e3
1092.9	1.083e3
1093.8	1.532e3
1094.8	8.900e2
1095.5	1.361e3
1096.4	2.024e3
1097.2	3.238e3
1098.4	1.369e3
1099.1	2.860e2
1099.8	2.347e3
1100.7	1.920e2
1101.3	1.186e3
1102.2	7.860e2
1103.3	8.680e2
1104.4	1.064e3
1105.6	1.330e3
1106.8	1.695e3
1107.5	1.489e3
1108.4	3.299e3
1109.1	2.590e2
1109.7	1.203e3
1110.8	1.717e3
1111.5	4.470e2
1112.2	1.748e3
1112.8	2.080e2
1114.0	3.709e3
1114.7	1.268e3
1115.6	2.450e3
1116.5	1.184e3
1117.1	3.040e2
1117.7	5.300e1
1118.5	4.270e2
1119.3	1.972e3
1120.6	7.810e2
1121.5	2.503e3
1122.1	1.650e2
1122.7	2.537e3
1123.3	2.830e2
1124.1	1.223e3
1124.7	6.700e1
1125.2	1.864e3
1125.9	1.227e3
1126.7	1.670e2
1127.3	3.319e3
1127.9	5.440e2
1128.9	6.620e2
1129.6	3.208e3
1130.6	4.670e2
1131.4	3.107e3
1132.4	1.585e3
1133.1	2.210e2
1133.7	1.679e3
1134.4	9.600e1
1134.9	1.796e3
1136.0	1.334e3
1136.8	3.191e3
1137.9	6.930e2
1138.7	2.431e3
1139.5	3.490e2
1140.2	9.100e1
1140.9	1.530e3
1141.8	2.561e3
1142.7	5.620e2
1143.4	3.694e3
1144.0	2.590e2
1144.6	2.427e3
1145.4	2.004e3
1146.4	7.110e2
1147.4	6.860e2
1148.3	4.230e2
1149.0	9.430e2
1149.7	2.701e3
1150.4	4.990e2
1150.9	1.966e3
1152.0	1.706e3
1153.0	1.197e3
1153.7	1.583e3
1154.4	5.800e1
1155.0	2.043e3
1156.0	1.191e3
1156.6	5.400e2
1157.2	3.433e3
1158.3	8.310e2
1159.3	7.730e2
1160.0	3.198e3
1161.3	2.086e3
1162.1	4.700e1
1163.1	2.296e3
1164.0	3.397e3
1164.6	2.480e2
1165.4	1.247e3
1166.1	5.320e2
1167.3	3.296e3
1168.4	1.548e3
1169.4	2.773e3
1169.9	5.540e2
1170.9	3.070e2
1171.8	2.310e3
1173.1	2.197e3
1173.7	6.000e1
1174.4	3.450e2
1175.1	1.961e3
1176.0	2.495e3
1177.1	1.190e3
1177.9	8.570e2
1178.4	3.500e1
1179.4	3.718e3
1180.1	1.149e3
1180.9	5.230e2
1181.7	2.085e3
1182.6	1.032e3
1183.4	1.193e3
1184.2	2.668e3
1185.0	1.294e3
1185.8	1.530e2
1186.6	8.620e2
1187.9	8.680e2
1188.8	1.436e3
1189.4	5.550e2
1190.2	4.580e2
1191.0	1.734e3
1191.7	1.252e3
1192.4	2.110e2
1193.0	2.873e3
1193.5	1.850e2
1194.3	2.225e3
1195.2	2.925e3
1196.2	2.849e3
1197.3	2.299e3
1198.2	1.344e3
1198.9	4.460e2
1199.5	1.076e3
1200.4	1.792e3
1201.2	3.260e2
1201.9	1.715e3
1202.8	1.405e3
1203.8	1.608e3
1204.6	5.440e2
1205.3	1.248e3
1206.0	9.090e2
1206.7	1.441e3
1207.4	1.132e3
1208.6	1.130e3
1209.3	2.710e2
1210.1	5.560e2
1210.9	3.686e3
1211.7	8.280e2
1212.4	5.090e2
1213.3	2.987e3
1214.4	3.320e2
1215.1	2.005e3
1215.8	1.394e3
1216.3	4.600e1
1216.9	2.584e3
1217.8	6.660e2
1218.6	9.490e2
1219.9	1.872e3
1220.9	8.620e2
1221.8	4.270e2
1222.5	2.477e3
1223.0	1.850e2
1223.6	1.384e3
1225.0	1.197e3
1225.9	2.663e3
1226.7	1.830e3
1227.5	9.050e2
1228.5	3.265e3
1229.2	1.472e3
1230.1	1.690e3
1231.1	1.354e3
1232.0	8.080e2
1232.9	1.703e3
1233.7	1.583e3
1234.2	6.300e1
1234.8	1.942e3
1235.4	4.800e1
1236.5	2.135e3
1237.5	6.220e2
1238.1	3.230e2
1238.8	8.550e2
1239.5	5.020e2
1240.2	1.140e2
1241.0	1.799e3
1241.8	1.865e3
1243.2	1.035e3
1243.9	1.808e3
1244.7	5.100e1
1245.2	3.284e3
1246.0	8.300e1
1246.9	2.559e3
1247.5	4.120e2
1248.2	1.043e3
1249.2	8.340e2
1250.0	1.036e3
1250.8	8.950e2
1251.8	2.820e2
1252.5	1.138e3
1253.5	2.022e3
1254.3	6.100e1
1254.9	2.476e3
1256.0	1.889e3
1256.8	8.160e2
1257.6	7.090e2
1258.4	7.800e2
1259.1	4.740e2
1260.3	1.311e3
1261.3	8.040e2
1262.2	5.880e2
1262.9	5.090e2
1264.1	3.970e2
1264.7	1.321e3
1265.5	2.447e3
1266.2	1.130e2
1266.7	9.860e2
1267.5	1.286e3
1268.1	2.000e2
1268.8	6.430e2
1269.5	1.039e3
1270.3	1.988e3
1271.2	1.878e3
1272.1	1.423e3
1272.9	6.060e2
1273.8	1.872e3
1274.9	3.250e2
1275.9	4.010e2
1276.9	2.210e3
1277.9	1.133e3
1278.5	4.070e2
1279.2	1.316e3
1280.1	3.481e3
1281.1	1.006e3
1282.3	1.122e3
1283.0	9.900e1
1283.6	1.781e3
1285.1	8.000e2
1286.0	5.099e3
1286.7	7.030e2
1287.5	2.030e2
1288.0	8.100e2
1289.6	7.630e2
1290.6	2.297e3
1291.2	6.320e2
1292.2	8.970e2
1293.6	1.184e3
1294.6	6.440e2
1295.3	3.380e2
1296.1	9.830e2
1296.8	3.600e2
1297.7	7.940e2
1298.4	1.961e3
1298.9	1.790e2
1299.4	2.549e3
1300.1	8.900e1
1300.7	2.334e3
1301.6	2.306e3
1302.5	4.208e3
1303.3	1.229e3
1303.9	1.538e3
1305.0	1.325e3
1305.7	1.334e3
1306.3	3.500e1
1307.1	7.710e2
1307.8	1.952e3
1308.5	3.020e2
1309.9	1.945e3
1311.0	3.441e3
1311.7	7.950e2
1312.4	3.840e2
1313.2	2.662e3
1314.2	9.900e1
1315.3	6.550e2
1316.3	2.506e3
1317.0	5.290e2
1317.5	1.643e3
1318.5	3.419e3
1319.0	1.780e2
1319.6	1.210e3
1320.6	9.860e2
1321.3	1.269e3
1321.9	5.560e2
1322.8	1.398e3
1323.5	3.250e2
1324.1	2.189e3
1324.7	3.730e2
1325.2	1.390e3
1325.9	1.260e3
1326.9	1.208e3
1327.5	6.880e2
1328.7	1.483e3
1329.2	1.400e2
1329.7	1.288e3
1330.6	9.740e2
1331.3	1.992e3
1332.0	6.750e2
1332.7	1.710e2
1333.2	1.465e3
1334.1	2.384e3
1334.9	1.047e3
1335.6	1.435e3
1336.7	1.376e3
1337.7	4.070e2
1338.4	1.903e3
1339.0	5.870e2
1339.8	7.510e2
1340.7	1.202e3
1341.7	2.618e3
1342.4	2.060e2
1343.2	5.990e2
1344.8	3.217e3
1345.5	1.880e2
1346.3	1.970e2
1346.9	3.107e3
1347.7	4.670e2
1348.3	9.110e2
1348.9	2.800e1
1349.7	1.256e3
1350.6	5.820e2
1351.2	2.280e2
1352.0	2.749e3
1352.6	1.310e2
1353.4	3.952e3
1354.2	2.880e3
1354.9	1.780e2
1355.7	1.731e3
1356.5	2.221e3
1357.6	1.096e3
1358.8	1.207e3
1359.5	4.200e2
1360.5	2.421e3
1361.4	1.799e3
1362.2	1.245e3
1362.8	1.302e3
1364.0	7.220e2
1365.0	1.211e3
1365.7	9.200e1
1366.3	2.217e3
1366.9	3.730e2
1367.8	8.330e2
1368.8	9.490e2
1369.3	3.480e2
1370.3	5.460e2
1371.0	1.900e2
1372.0	2.167e3
1372.6	1.730e2
1373.1	1.377e3
1374.4	3.117e3
1375.3	2.262e3
1375.9	1.760e2
1376.7	1.397e3
1377.4	1.960e2
1378.1	4.380e2
1378.9	2.419e3
1379.8	1.109e3
1380.5	1.259e3
1381.1	2.478e3
1381.9	9.320e2
1382.8	1.348e3
1383.4	7.680e2
1384.6	4.280e2
1385.5	1.689e3
1386.3	8.840e2
1387.3	4.400e1
1388.4	1.193e3
1389.6	1.361e3
1390.8	9.400e2
1391.4	3.780e2
1392.8	7.480e2
1393.7	3.320e2
1394.6	2.570e3
1395.5	1.437e3
1396.0	2.110e2
1396.9	9.620e2
1397.8	1.095e3
1398.7	2.496e3
1399.4	6.740e2
1399.9	1.149e3
1400.8	1.889e3
1401.6	5.480e2
1402.1	1.294e3
1402.9	1.855e3
1404.1	5.400e1
1404.7	1.224e3
1405.4	1.789e3
1406.1	5.120e2
1406.9	3.137e3
1408.1	1.363e3
1409.0	1.277e3
1410.0	3.120e2
1410.6	1.373e3
1411.5	1.167e3
1412.5	2.223e3
1413.6	1.500e2
1414.4	3.870e2
1415.4	7.030e2
1416.1	1.868e3
1417.0	2.173e3
1417.9	4.050e2
1418.4	1.020e2
1419.4	8.160e2
1421.2	5.600e2
1422.1	1.235e3
1423.3	1.006e3
1423.9	2.810e2
1424.5	3.680e2
1425.1	1.541e3
1425.8	3.310e2
1426.4	7.500e1
1427.0	6.526e3
1427.6	1.830e2
1428.5	2.227e3
1429.3	1.760e2
1430.2	3.586e3
1431.0	6.570e2
1432.0	1.985e3
1433.1	3.770e2
1433.9	2.230e3
1435.2	6.650e2
1436.4	5.710e2
1437.0	1.400e2
1437.7	1.264e3
1438.7	7.220e2
1439.8	5.900e1
1440.4	3.058e3
1441.1	3.180e2
1442.0	1.820e3
1442.6	2.720e2
1443.4	1.406e3
1444.0	2.300e1
1444.7	8.300e1
1445.3	6.390e2
1446.1	2.119e3
1447.0	9.570e2
1448.0	1.953e3
1448.9	6.000e2
1449.5	1.763e3
1450.3	1.162e3
1451.0	9.030e2
1452.0	1.270e2
1452.8	8.790e2
1453.6	3.199e3
1455.1	2.626e3
1456.1	1.336e3
1457.0	8.030e2
1457.7	1.624e3
1458.3	1.210e2
1458.9	1.275e3
1459.9	4.670e2
1460.8	1.147e3
1462.1	1.312e3
1463.2	1.654e3
1464.3	8.340e2
1465.0	2.874e3
1465.8	8.780e2
1466.7	9.200e2
1467.3	2.970e2
1467.9	8.930e2
1468.5	1.690e2
1469.1	8.970e2
1470.0	1.436e3
1471.0	8.420e2
1471.6	6.690e2
1472.5	5.270e2
1473.4	2.560e2
1474.0	2.612e3
1474.9	5.180e2
1475.7	7.590e2
1476.5	4.700e3
1477.0	7.900e1
1477.6	2.870e2
1478.2	1.057e3
1478.9	1.471e3
1479.7	1.136e3
1480.4	6.520e2
1481.2	5.610e2
1482.1	1.361e3
1482.9	7.700e2
1484.3	4.750e2
1485.3	3.860e2
1486.0	9.180e2
1486.8	8.560e2
1487.5	7.800e1
1488.2	3.145e3
1490.0	9.440e2
1490.6	2.300e1
1491.5	1.970e2
1492.6	7.390e2
1493.2	1.882e3
1493.8	2.300e2
1494.8	2.276e3
1495.4	7.100e1
1496.0	6.310e2
1497.0	1.341e3
1497.7	1.566e3
1499.1	1.544e3
1499.6	6.100e2
1500.7	5.080e2
1501.6	8.220e2
1502.6	4.200e1
1503.7	2.350e2
1504.6	1.579e3
1505.7	2.360e2
1506.5	4.570e2
1507.3	1.594e3
1508.2	2.224e3
1509.1	1.424e3
1510.0	4.480e2
1510.5	9.300e1
1511.8	1.353e3
1512.7	5.480e2
1514.1	3.690e2
1514.8	1.598e3
1515.5	1.176e3
1516.5	1.551e3
1517.2	4.110e2
1518.0	1.283e3
1518.6	1.280e2
1519.3	2.968e3
1519.9	7.400e1
1520.7	1.098e3
1521.9	6.430e2
1522.8	3.900e2
1523.4	2.990e2
1524.2	1.235e3
1525.3	2.410e2
1526.5	7.520e2
1527.2	1.534e3
1528.7	1.036e3
1529.3	2.590e2
1530.2	7.840e2
1531.6	1.501e3
1532.2	2.070e2
1533.0	2.207e3
1534.2	2.620e2
1535.0	1.517e3
1535.7	1.800e2
1536.4	8.070e2
1537.1	2.440e2
1537.8	1.170e3
1538.9	1.381e3
1539.6	2.840e2
1540.4	6.410e2
1541.5	1.613e3
1542.1	1.080e2
1542.8	1.608e3
1544.2	9.510e2
1545.0	5.430e2
1545.9	7.590e2
1546.6	1.474e3
1547.6	2.900e1
1548.6	6.420e2
1549.4	4.096e3
1550.2	1.071e3
1551.0	1.947e3
1551.8	8.230e2
1552.6	2.100e1
1553.1	4.400e1
1554.0	1.555e3
1555.6	2.546e3
1558.2	2.820e2
1559.0	9.950e2
1559.7	1.229e3
1560.3	5.200e1
1561.1	4.710e2
1562.6	4.130e2
1563.5	1.031e3
1564.4	1.900e1
1565.1	1.502e3
1565.9	3.160e2
1566.9	6.400e2
1567.5	6.280e2
1568.1	1.506e3
1569.0	1.365e3
1569.9	4.530e2
1570.6	6.700e1
1571.8	9.400e1
1572.3	2.220e3
1573.2	1.335e3
1574.3	2.289e3
1574.9	4.070e2
1576.4	4.170e2
1577.0	1.113e3
1577.8	2.700e1
1578.4	2.450e2
1579.2	8.500e2
1580.1	3.690e2
1581.1	2.970e3
1582.0	1.076e3
1583.0	9.620e2
1584.3	4.270e2
1585.0	3.130e2
1585.6	8.820e2
1586.4	1.322e3
1587.6	1.340e2
1588.4	7.990e2
1589.0	5.470e2
1590.0	1.445e3
1591.0	8.250e2
1592.4	5.840e2
1593.2	8.800e1
1593.9	8.670e2
1594.7	4.240e2
1595.4	2.760e2
1596.4	1.100e2
1597.0	1.900e1
1597.6	6.140e2
1598.5	6.030e2
1599.7	3.540e2
1601.6	1.726e3
1603.0	6.220e2
1603.8	4.740e2
1604.6	5.970e2
1605.4	2.788e3
1606.3	1.097e3
1607.9	1.446e3
1608.9	1.911e3
1610.1	1.131e3
1611.1	1.320e2
1611.9	1.910e2
1612.5	1.180e3
1613.9	2.416e3
1615.1	1.200e2
1615.6	1.043e3
1616.3	1.450e2
1617.7	1.306e3
1618.8	1.220e2
1619.5	3.910e2
1620.1	9.300e1
1621.1	6.540e2
1621.9	2.210e3
1622.5	6.310e2
1624.5	1.050e3
1625.8	1.200e3
1626.9	1.510e2
1627.7	9.900e2
1628.7	3.150e2
1629.7	1.230e2
1630.8	7.350e2
1631.4	2.000e1
1632.9	1.590e2
1634.6	4.020e2
1635.8	1.156e3
1636.4	1.650e2
1637.3	6.940e2
1638.3	7.630e2
1640.0	4.310e2
1640.7	3.450e2
1641.4	1.571e3
1642.2	1.556e3
1643.5	7.200e1
1644.2	5.540e2
1645.0	2.100e2
1645.6	1.088e3
1646.9	6.690e2
1649.2	8.100e2
1649.9	1.835e3
1650.6	1.200e2
1651.1	3.120e2
1652.7	9.110e2
1653.7	1.362e3
1654.6	5.030e2
1655.1	1.589e3
1656.2	8.240e2
1657.1	1.187e3
1658.4	2.386e3
1659.4	5.310e2
1661.8	1.539e3
1663.0	3.070e2
1663.8	2.422e3
1664.4	9.140e2
1664.9	1.700e1
1665.7	1.290e2
1666.3	4.380e2
1667.4	2.820e2
1668.5	5.270e2
1669.1	2.268e3
1669.9	2.920e2
1670.5	1.410e2
1671.5	7.770e2
1672.3	1.250e3
1673.6	6.320e2
1674.6	2.350e2
1675.2	2.186e3
1676.4	6.610e2
1677.6	2.830e2
1678.4	7.370e2
1679.2	2.281e3
1681.1	1.711e3
1681.6	1.510e2
1682.7	4.940e2
1684.2	9.920e2
1685.3	1.929e3
1686.9	2.770e2
1687.7	1.520e2
1688.5	1.231e3
1689.0	1.900e1
1690.5	8.170e2
1691.2	7.210e2
1692.5	1.935e3
1694.0	2.880e2
1694.7	5.480e2
1695.8	3.050e2
1696.9	1.080e2
1697.8	3.530e2
1699.0	3.700e2
1700.0	7.380e2
1701.4	7.290e2
1702.3	2.190e2
1703.6	3.760e2
1704.4	9.880e2
1705.5	2.780e2
1706.1	6.550e2
1706.9	1.067e3
1707.8	6.560e2
1708.7	7.540e2
1709.7	9.010e2
1710.2	2.750e2
1711.4	7.340e2
1712.5	8.060e2
1713.3	2.670e2
1714.1	1.542e3
1715.1	5.770e2
1715.9	2.883e3
1717.3	5.930e2
1718.4	1.780e2
1719.1	1.851e3
1719.8	1.313e3
1720.7	5.000e1
1721.4	3.300e1
1722.5	6.810e2
1723.4	2.386e3
1723.9	4.410e2
1724.5	6.040e2
1725.3	1.291e3
1726.3	1.060e3
1728.2	1.000e3
1729.0	5.970e2
1729.7	2.780e2
1730.5	2.560e2
1731.3	1.970e2
1732.3	8.280e2
1733.0	7.920e2
1733.7	7.370e2
1734.4	2.940e2
1735.3	9.280e2
1736.3	8.300e1
1736.9	1.845e3
1737.8	1.766e3
1738.7	1.578e3
1740.0	1.670e2
1741.3	7.900e2
1742.7	8.510e2
1743.2	3.030e2
1745.4	6.720e2
1746.4	2.120e3
1747.2	8.750e2
1748.4	9.340e2
1749.2	1.746e3
1749.9	7.010e2
1750.7	9.240e2
1751.5	4.110e2
1752.6	5.660e2
1753.5	4.300e1
1754.6	1.236e3
1758.1	2.354e3
1759.6	4.800e1
1760.3	1.163e3
1761.4	1.217e3
1762.0	1.930e2
1762.8	2.760e2
1763.8	9.190e2
1764.7	5.700e1
1765.4	1.593e3
1767.7	4.170e2
1769.6	3.420e2
1771.1	1.078e3
1772.2	6.960e2
1772.9	1.202e3
1773.8	3.080e2
1775.0	1.068e3
1775.8	7.070e2
1776.5	1.350e2
1777.3	9.610e2
1778.1	4.020e2
1780.0	1.126e3
1780.7	7.900e2
1781.3	5.900e1
1782.0	7.410e2
1782.8	2.100e1
1783.4	1.360e3
1784.3	7.100e2
1785.5	2.500e2
1786.7	6.600e1
1787.9	1.528e3
1788.8	1.090e2
1789.6	1.704e3
1791.4	6.500e2
1792.5	8.130e2
1795.7	1.800e2
1796.4	6.400e1
1797.3	8.290e2
1798.4	1.220e2
1799.5	3.980e2
1800.3	1.066e3
1800.9	6.600e1
1801.8	5.500e2
1802.8	3.880e2
1803.5	1.594e3
1804.7	4.490e2
1805.5	8.700e2
1806.6	1.330e2
1807.6	6.320e2
1808.4	1.700e2
1809.5	2.071e3
1810.6	1.047e3
1812.1	9.440e2
1813.2	4.580e2
1815.0	2.600e2
1815.8	4.220e2
1816.3	3.830e2
1817.9	3.173e3
1819.4	8.850e2
1820.6	2.910e2
1821.2	4.110e2
1821.9	1.353e3
1823.3	2.000e1
1824.7	3.930e2
1825.2	1.156e3
1828.1	4.120e2
1828.7	6.770e2
1829.6	5.310e2
1830.3	1.470e2
1830.9	1.900e1
1831.5	5.620e2
1833.8	1.313e3
1834.9	7.550e2
1835.7	7.700e1
1836.3	1.496e3
1836.9	2.440e2
1839.1	8.890e2
1839.9	5.520e2
1840.7	3.100e1
1841.3	1.161e3
1842.4	1.122e3
1843.9	2.100e1
1844.7	1.670e2
1845.5	1.959e3
1846.6	1.470e2
1848.2	8.010e2
1849.9	8.710e2
1851.2	5.500e2
1852.5	4.170e2
1853.9	4.390e2
1854.4	1.600e2
1855.1	2.354e3
1855.6	9.400e1
1856.3	1.039e3
1857.4	3.640e2
1858.6	1.550e3
1859.3	8.170e2
1860.1	2.000e1
1861.1	5.630e2
1862.9	8.890e2
1863.6	4.270e2
1864.5	4.100e2
1865.4	3.510e2
1866.8	5.420e2
1867.5	3.170e2
1868.1	1.921e3
1868.7	1.340e2
1869.9	1.180e2
1870.6	2.683e3
1871.4	1.740e2
1873.3	4.520e2
1874.1	2.470e2
1874.8	8.810e2
1875.3	1.510e2
1876.4	1.050e2
1876.9	2.389e3
1877.4	4.810e2
1878.4	3.760e2
1879.2	2.760e2
1880.4	1.930e2
1881.2	7.950e2
1882.9	6.730e2
1884.0	2.040e2
1884.9	3.200e2
1885.7	5.960e2
1887.0	1.832e3
1887.9	5.310e2
1889.2	1.710e2
1890.1	1.566e3
1892.5	1.330e2
1893.1	4.230e2
1894.2	1.342e3
1895.1	1.015e3
1897.5	4.650e2
1898.7	1.005e3
1899.4	3.040e2
1900.3	1.360e2
1902.0	8.360e2
1903.4	1.407e3
1904.7	3.090e2
1906.1	7.960e2
1907.2	2.280e2
1908.0	1.441e3
1911.1	1.700e2
1912.0	1.900e1
1914.1	5.590e2
1916.6	1.700e1
1917.5	1.165e3
1918.5	1.160e2
1919.0	1.792e3
1921.2	6.860e2
1921.7	1.640e2
1922.5	7.500e2
1923.2	2.410e2
1924.1	1.418e3
1924.8	3.480e2
1925.9	7.100e2
1929.7	3.900e2
1930.3	7.240e2
1931.6	7.120e2
1932.3	1.767e3
1933.4	2.710e2
1934.0	1.710e2
1935.1	1.740e2
1936.2	1.117e3
1936.9	2.520e2
1937.9	4.970e2
1938.6	1.021e3
1939.8	6.440e2
1940.4	6.430e2
1941.3	9.100e1
1941.9	2.140e2
1943.6	3.280e2
1944.3	1.432e3
1944.8	8.590e2
1946.6	8.400e1
1948.1	5.240e2
1948.8	9.430e2
1949.5	1.276e3
1950.2	2.710e2
1950.9	1.560e2
1951.7	6.150e2
1952.3	3.150e2
1953.6	1.140e3
1954.4	1.280e2
1955.1	1.471e3
1955.7	1.590e2
1956.7	8.390e2
1957.9	4.590e2
1959.3	2.550e2
1960.4	7.250e2
1961.0	5.800e1
1961.8	1.137e3
1963.8	8.950e2
1964.6	1.118e3
1965.4	5.060e2
1967.6	6.800e2
1968.8	1.015e3
1969.9	5.050e2
1970.8	4.410e2
1972.1	2.850e2
1972.9	1.447e3
1973.8	5.400e1
1974.5	9.710e2
1975.2	4.310e2
1976.1	3.480e2
1977.7	3.230e2
1978.4	1.410e2
1979.4	8.390e2
1980.4	1.070e3
1981.4	7.050e2
1982.1	1.200e3
1983.1	1.470e2
1984.2	1.147e3
1985.1	2.710e2
1985.6	3.770e2
1987.1	1.280e2
1987.9	1.737e3
1990.5	1.620e2
1991.0	5.460e2
1992.2	3.340e2
1993.2	2.200e1
1993.8	2.150e2
1994.9	3.540e2
1996.6	4.690e2
1997.6	1.485e3
2000.0	4.360e2
