100.2	2.615e3
101.0	3.989e4
102.0	1.246e4
103.0	1.741e4
103.9	1.554e3
105.0	3.188e3
105.9	1.870e2
106.5	1.129e3
107.3	1.930e2
108.0	1.087e3
109.1	1.969e3
110.1	8.850e2
111.0	5.069e3
111.6	7.800e1
112.3	3.700e2
113.0	3.905e4
114.1	2.415e3
115.0	7.844e3
116.1	7.882e3
116.9	1.094e5
117.4	2.130e2
118.0	1.267e4
119.0	1.467e4
120.0	6.030e2
121.1	1.474e3
122.0	2.600e2
123.0	2.146e3
123.9	2.434e3
125.0	2.495e3
126.0	5.303e3
126.5	1.150e2
127.0	2.588e3
127.9	5.314e3
129.0	7.285e3
130.0	6.664e3
131.0	4.227e3
132.0	9.450e2
133.0	4.414e3
134.0	1.412e3
135.0	1.218e4
136.0	2.591e3
137.0	6.220e3
138.0	1.678e3
139.0	1.658e3
139.9	8.750e2
141.1	3.026e3
142.1	1.591e3
143.0	2.046e3
144.0	1.353e3
145.0	1.180e4
146.0	8.547e3
146.5	3.250e2
147.0	2.666e4
148.1	4.609e3
149.1	2.378e3
150.0	5.241e3
150.9	3.768e3
152.0	1.310e4
153.0	5.521e3
154.0	2.387e3
155.1	2.775e3
156.0	6.157e3
157.0	6.056e3
158.0	1.807e3
159.0	1.306e4
160.0	3.234e3
160.9	5.057e4
162.0	2.580e3
162.9	4.437e4
164.0	4.052e3
164.9	1.980e4
165.8	2.668e3
166.4	1.940e2
167.0	2.857e3
168.0	3.525e3
169.1	2.736e3
170.0	2.098e3
171.1	6.360e3
172.0	2.367e3
173.0	7.094e3
174.0	6.930e3
175.0	1.930e4
175.9	1.476e3
176.9	1.073e4
177.9	1.665e3
179.0	1.141e4
180.0	3.373e3
181.0	1.482e4
182.0	3.823e3
183.0	2.889e3
184.0	3.122e3
185.1	3.251e3
186.1	6.081e3
187.0	1.430e4
187.6	3.270e2
188.1	4.306e3
189.0	8.059e3
190.0	2.082e3
191.0	2.666e4
192.0	3.618e3
193.0	4.968e3
193.9	2.413e3
195.0	1.894e4
195.9	3.099e4
197.0	8.130e3
197.9	4.095e4
198.5	6.020e2
199.0	1.051e4
199.9	2.053e4
200.9	5.903e3
201.9	6.801e3
203.0	3.989e3
204.0	3.665e3
205.0	3.186e3
205.9	2.284e3
206.4	2.280e2
207.0	4.539e3
208.0	2.581e3
208.9	2.692e3
209.7	3.639e3
210.3	5.060e2
211.0	4.790e3
211.6	1.580e2
212.2	1.802e4
212.7	8.600e1
213.2	3.108e3
214.1	2.835e3
215.0	4.345e3
215.8	4.856e3
216.4	9.500e1
217.0	1.819e4
218.0	6.947e3
218.5	1.270e2
219.0	6.193e3
220.0	7.418e3
220.9	3.024e3
221.9	1.558e4
223.0	2.544e3
223.9	8.927e3
224.5	1.320e2
225.0	5.556e3
226.0	8.150e3
227.0	6.587e3
228.0	4.713e3
229.1	4.663e3
230.0	3.720e3
231.1	3.973e3
232.1	1.053e3
233.0	5.678e3
234.1	3.001e3
235.0	2.642e3
236.0	1.240e4
237.0	4.345e3
237.9	1.777e3
238.5	1.390e2
239.1	2.907e3
240.1	4.816e3
241.0	3.064e3
242.0	4.316e3
243.0	6.374e3
244.0	6.973e3
244.9	2.923e3
245.4	3.900e1
245.9	8.409e3
246.9	4.163e3
248.0	1.109e4
249.1	2.266e4
250.0	3.536e3
251.0	6.182e3
252.0	5.298e3
253.0	4.729e3
254.0	2.476e3
255.0	2.573e3
256.1	1.597e3
257.0	3.047e3
258.0	2.359e3
258.7	9.340e2
259.4	5.216e3
260.0	1.495e3
261.0	4.641e3
262.0	5.160e3
263.0	6.988e3
264.0	4.467e3
264.5	2.900e1
265.1	9.964e3
265.9	1.485e4
266.4	2.250e2
267.1	5.118e3
267.9	7.203e3
269.0	5.581e3
270.1	1.422e3
271.0	3.399e3
272.0	1.441e3
273.1	4.251e3
274.0	2.997e3
275.0	2.364e3
275.8	1.213e3
276.6	5.130e3
277.4	4.550e2
278.1	1.998e3
279.0	4.804e3
279.9	3.655e3
280.5	1.400e2
281.1	5.981e3
282.1	3.610e3
283.1	3.658e3
284.0	4.355e3
284.9	1.639e3
285.7	1.649e3
286.6	2.982e3
287.3	6.500e2
287.9	3.883e3
288.4	2.410e2
289.0	2.796e3
290.1	3.623e3
291.0	5.810e3
292.0	6.222e3
293.0	7.497e3
293.5	2.160e2
294.1	2.729e3
295.1	6.637e3
296.0	3.195e3
297.0	3.274e3
298.0	4.005e3
299.1	2.426e3
300.1	1.793e3
301.0	4.401e3
301.9	3.627e3
302.5	1.030e2
303.1	5.946e3
304.1	3.748e3
305.1	5.582e3
306.0	5.086e3
306.9	2.857e3
308.0	6.648e3
308.5	9.600e1
309.1	6.473e3
309.9	5.771e3
311.0	1.037e4
312.0	5.424e3
313.0	1.486e4
314.0	4.714e3
314.8	5.132e3
315.5	7.400e1
316.0	1.928e3
317.0	1.021e4
318.0	3.425e3
319.0	5.433e3
320.0	4.356e3
321.0	4.737e3
322.0	3.595e3
323.0	6.645e3
323.5	2.300e1
324.2	1.341e4
324.7	6.670e2
325.4	7.483e3
326.1	3.579e3
327.0	3.303e3
327.9	3.784e4
328.8	1.064e4
329.4	4.400e1
329.9	3.652e3
330.9	9.109e3
332.0	3.760e3
333.0	1.058e4
334.0	4.765e3
334.9	5.936e3
335.9	3.721e3
337.0	8.389e3
338.0	2.234e3
339.0	4.356e3
339.9	6.860e3
340.5	6.170e2
341.0	4.359e3
342.0	5.173e3
343.0	5.630e3
344.0	4.407e3
344.9	2.924e3
345.9	1.690e4
347.0	7.324e3
348.0	6.230e3
349.1	1.261e4
349.9	8.591e3
351.0	5.602e3
352.0	3.908e3
353.0	1.760e4
353.8	1.578e3
354.5	5.445e3
355.3	2.008e3
356.3	4.400e3
357.2	1.051e4
358.1	3.644e3
359.0	4.013e3
359.5	3.900e1
360.1	5.148e3
361.0	4.464e3
362.0	2.255e3
363.0	4.756e3
364.0	4.946e3
364.9	5.368e3
365.4	1.200e1
365.9	5.656e3
366.4	5.600e1
366.9	3.808e3
368.0	9.235e3
369.0	6.359e3
370.0	4.378e3
370.9	3.995e3
371.5	4.360e2
372.0	2.351e3
372.9	6.675e3
373.9	1.971e3
374.4	9.100e1
375.0	3.201e3
376.0	2.651e3
376.5	7.500e1
377.0	3.123e3
377.9	2.910e3
379.0	8.893e3
379.9	4.970e3
380.9	3.317e3
381.4	1.190e2
382.0	2.273e3
382.5	6.200e1
383.1	3.149e3
384.0	4.371e3
385.0	5.001e3
385.6	5.030e2
386.3	2.708e3
387.0	7.610e2
387.8	3.369e3
388.8	2.660e3
389.3	1.190e2
389.9	2.857e3
390.5	2.130e2
391.0	7.039e3
392.0	3.171e3
393.0	3.857e3
393.9	3.593e3
394.9	5.046e3
395.8	4.158e3
396.4	1.120e2
397.0	5.094e3
398.1	5.020e3
399.1	4.768e3
399.9	1.325e3
400.6	6.100e1
401.1	4.292e3
402.0	2.427e3
403.0	3.734e3
403.7	5.000e1
404.2	4.093e3
405.0	3.350e3
406.0	2.178e3
406.7	3.177e3
407.3	3.130e2
407.9	5.924e3
408.4	1.910e2
409.0	5.048e3
410.0	2.412e3
411.0	4.559e3
411.9	3.200e3
413.0	4.491e3
413.5	1.940e2
414.1	2.176e3
414.9	3.760e3
415.6	1.840e2
416.1	2.567e3
417.0	5.490e3
417.9	4.063e3
418.9	5.505e3
419.5	3.300e1
420.0	3.533e3
421.0	7.128e3
422.0	4.967e3
422.9	2.766e3
423.9	3.506e3
424.9	5.411e3
426.0	4.384e3
427.0	3.698e3
427.9	2.853e3
428.9	3.720e3
430.0	3.727e3
430.9	4.128e3
431.5	5.980e2
432.0	2.633e3
432.9	7.551e3
433.9	3.880e3
434.9	4.830e3
435.9	4.217e3
436.4	5.800e1
437.1	6.176e3
438.0	4.068e3
438.9	4.777e3
440.0	2.714e3
440.5	1.820e2
441.1	3.063e3
442.0	2.492e3
443.0	2.632e3
443.9	1.339e4
444.4	9.100e1
445.0	2.955e3
446.0	4.996e3
446.6	1.490e2
447.1	4.819e3
447.6	5.710e2
448.2	2.997e3
449.0	2.645e3
449.7	4.881e3
450.3	4.150e2
451.0	7.486e3
451.9	3.851e3
452.9	4.432e3
453.7	7.070e2
454.3	4.645e3
455.1	1.901e3
455.9	1.987e3
457.0	5.904e3
458.0	3.344e3
458.9	3.720e3
459.9	3.428e3
460.8	5.761e3
461.8	3.138e3
462.8	5.784e3
463.4	2.930e2
463.9	5.702e3
464.8	2.561e3
465.9	1.512e4
466.4	1.330e2
467.0	3.937e3
468.0	6.071e3
469.0	8.749e3
469.9	4.049e3
470.8	4.359e3
471.5	5.006e3
472.2	6.990e2
473.0	5.390e3
473.9	2.964e3
475.0	3.650e3
476.0	3.434e3
477.0	2.996e3
478.1	2.601e3
479.0	3.650e3
480.0	3.581e3
480.8	2.581e3
481.3	4.250e2
481.9	6.582e3
482.5	7.020e2
483.1	4.742e3
483.9	3.146e3
485.0	1.222e4
485.9	3.750e3
486.6	3.420e2
487.2	6.007e3
488.0	3.520e3
488.6	1.010e2
489.1	5.735e3
490.0	3.081e3
491.0	5.908e3
491.8	4.790e2
492.4	4.390e3
493.3	2.220e3
494.1	2.278e3
495.0	5.054e3
495.8	2.797e3
496.4	2.460e2
496.9	4.944e3
497.8	4.030e3
498.3	4.590e2
498.9	3.840e3
499.5	4.870e2
500.1	3.545e3
501.1	6.394e3
502.0	3.559e3
502.9	3.184e3
503.8	6.624e3
504.8	4.441e3
506.0	3.168e3
506.6	4.060e2
507.1	3.641e3
508.0	2.183e3
508.9	4.785e3
509.9	2.971e3
510.8	2.925e3
511.4	3.100e1
511.9	4.210e3
512.8	2.824e3
513.8	3.692e3
514.7	1.467e3
515.4	5.928e3
516.1	2.581e3
517.0	8.622e3
517.9	3.823e3
518.7	1.933e3
519.5	7.037e3
520.2	8.570e2
520.8	3.424e3
521.6	3.816e3
522.6	4.302e3
523.1	7.300e1
523.8	3.000e3
524.4	3.920e2
525.0	5.738e3
525.8	1.152e3
526.5	3.609e3
527.2	9.750e2
527.8	2.586e3
528.5	5.560e2
529.1	2.328e3
530.0	2.747e3
531.0	4.603e3
531.9	3.439e3
532.5	1.200e2
533.1	3.996e3
534.0	3.737e3
535.0	3.480e3
535.9	2.233e3
537.0	7.009e3
537.9	3.636e3
538.8	3.665e3
539.4	6.450e2
540.0	3.478e3
540.9	3.533e3
541.9	4.192e3
542.5	6.130e2
543.1	3.622e3
544.0	2.681e3
545.0	3.977e3
545.9	3.021e3
546.5	3.420e2
547.1	5.101e3
548.0	5.376e3
549.0	3.970e3
549.8	3.234e3
550.8	4.162e3
551.8	3.553e3
553.0	6.572e3
554.0	3.058e3
555.0	4.492e3
555.7	3.680e2
556.3	5.495e3
557.3	1.853e3
558.1	9.310e2
559.0	4.299e3
559.9	2.446e3
560.4	2.730e2
561.0	5.024e3
562.0	2.682e3
562.9	5.675e3
563.9	5.399e3
564.9	3.969e3
565.8	3.203e3
566.5	6.753e3
567.4	3.932e3
568.1	1.596e3
569.1	6.868e3
569.8	2.088e3
570.9	7.184e3
571.9	5.104e3
573.0	4.551e3
573.9	2.757e3
574.8	2.992e3
575.8	2.344e3
576.3	2.590e2
576.9	5.421e3
578.0	2.936e3
578.9	3.951e3
579.7	1.153e3
580.3	6.629e3
581.0	1.691e3
581.7	3.457e3
582.3	9.600e1
582.9	3.767e3
583.6	7.520e2
584.4	6.187e3
585.2	2.038e3
586.0	5.973e3
586.5	4.390e2
587.1	7.173e3
587.9	2.564e3
588.7	2.310e2
589.2	3.191e3
590.0	1.203e3
590.7	3.659e3
591.3	1.660e2
591.8	4.918e3
593.0	3.828e3
593.9	4.458e3
594.8	1.187e4
595.3	2.420e2
595.9	5.217e3
596.8	4.280e3
597.8	5.128e3
598.9	4.210e3
599.8	3.193e3
600.4	1.000e2
601.0	4.948e3
601.5	8.600e1
602.0	5.114e3
602.8	2.564e3
603.8	3.521e3
604.4	6.570e2
605.0	4.806e3
605.8	1.854e3
606.4	3.421e3
607.0	1.436e3
607.7	5.079e3
608.4	2.730e2
608.9	4.796e3
609.8	4.213e3
610.5	2.150e2
611.0	4.430e3
612.0	1.951e3
612.8	6.445e3
613.8	2.939e3
614.8	5.333e3
615.4	5.200e1
615.9	2.516e3
616.8	5.121e3
617.9	4.487e3
618.8	4.174e3
619.8	3.741e3
620.4	1.480e2
621.0	6.024e3
622.0	4.959e3
622.9	4.664e3
623.8	3.674e3
624.8	2.890e3
625.7	4.029e3
626.2	1.900e2
626.8	4.155e3
627.3	1.063e3
628.1	3.016e3
628.9	3.715e3
629.9	3.793e3
630.6	1.925e3
631.3	4.801e3
632.0	5.370e2
632.6	6.482e3
633.3	8.410e2
633.9	5.425e3
634.8	4.681e3
635.4	1.350e2
635.9	3.020e3
636.5	5.800e2
637.1	6.325e3
638.0	1.824e3
639.0	6.005e3
640.0	4.033e3
640.8	6.034e3
641.4	9.200e1
641.9	3.072e3
642.9	5.585e3
643.4	2.560e2
644.0	4.045e3
644.5	1.970e2
645.0	6.014e3
646.0	2.586e3
646.9	3.541e3
647.8	2.422e3
648.7	3.991e3
649.3	1.690e2
649.9	5.149e3
650.5	9.000e1
651.1	4.494e3
652.0	2.499e3
653.1	5.074e3
653.8	2.901e3
654.7	6.955e3
655.3	1.071e3
655.8	2.750e3
656.4	8.200e1
656.9	5.151e3
657.8	1.652e3
658.4	1.410e2
658.9	3.462e3
659.6	1.360e3
660.2	6.604e3
660.9	1.364e3
661.8	5.816e3
662.8	4.129e3
663.7	3.859e3
664.2	1.570e2
664.8	2.586e3
665.3	1.740e2
665.9	3.173e3
666.8	3.844e3
667.4	2.040e2
668.1	2.387e3
669.0	3.805e3
669.9	3.593e3
670.7	7.840e2
671.3	5.636e3
672.1	2.481e3
672.9	3.296e3
673.5	1.520e2
674.1	4.251e3
674.9	1.224e3
675.8	3.424e3
676.5	2.600e2
677.0	3.172e3
677.9	2.617e3
678.8	5.283e3
679.9	2.950e3
680.8	2.815e3
681.7	3.698e3
682.6	4.162e3
683.3	7.510e2
683.9	4.964e3
684.4	1.470e2
684.9	4.997e3
685.9	2.564e3
686.8	5.720e3
687.8	3.700e3
688.4	3.810e2
689.0	5.609e3
689.9	3.409e3
690.8	3.037e3
691.7	2.289e3
692.3	7.070e2
692.9	4.727e3
693.8	3.685e3
694.7	2.511e3
695.7	3.109e3
696.6	3.403e3
697.2	2.410e2
697.8	3.584e3
698.8	4.679e3
699.3	2.740e2
699.9	6.061e3
700.8	4.181e3
701.7	2.921e3
702.7	2.828e3
703.2	2.030e2
703.8	4.506e3
704.5	4.000e1
705.0	3.824e3
705.9	1.940e3
706.7	5.953e3
707.8	3.257e3
708.3	7.100e1
708.8	5.238e3
709.6	1.347e3
710.3	2.613e3
711.2	4.911e3
711.9	2.882e3
712.8	4.265e3
713.6	2.336e3
714.3	4.170e2
714.9	5.290e3
715.8	2.069e3
716.6	3.312e3
717.2	2.700e2
717.8	3.459e3
718.3	4.410e2
718.9	3.815e3
719.9	2.792e3
720.8	5.961e3
721.3	2.860e2
721.8	3.897e3
722.8	4.377e3
723.4	7.860e2
724.0	4.296e3
724.8	1.921e3
725.4	2.950e2
725.9	5.121e3
726.9	4.648e3
728.0	3.949e3
729.1	4.233e3
729.9	2.335e3
730.8	7.289e3
731.5	8.940e2
732.1	4.191e3
732.8	1.736e3
733.8	4.791e3
734.3	2.700e1
734.8	2.157e3
735.9	3.945e3
736.4	1.110e2
737.0	5.422e3
737.9	5.200e3
738.8	2.379e3
739.5	2.060e2
740.1	3.480e3
740.9	3.077e3
741.7	5.475e3
742.2	7.500e1
742.7	4.389e3
743.6	3.986e3
744.8	3.792e3
746.0	2.762e3
746.8	3.933e3
747.9	3.481e3
748.8	4.075e3
749.8	2.492e3
750.7	3.667e3
751.3	5.880e2
752.0	2.017e3
753.0	3.868e3
753.8	4.595e3
754.3	6.100e2
754.9	4.086e3
755.8	3.717e3
756.8	4.905e3
757.7	2.189e3
758.9	3.323e3
760.0	3.597e3
760.6	4.260e2
761.3	3.414e3
762.5	2.814e3
763.1	5.070e2
763.7	4.381e3
764.9	4.019e3
765.9	3.514e3
766.9	2.926e3
767.8	4.146e3
768.4	1.089e3
769.1	1.705e3
770.0	2.965e3
770.6	1.220e2
771.2	2.850e3
772.0	1.382e3
772.7	1.192e3
773.3	3.176e3
774.3	3.379e3
775.3	5.496e3
776.2	2.088e3
776.9	3.320e2
777.5	3.599e3
778.1	6.830e2
778.7	1.697e3
779.5	2.780e3
780.4	2.418e3
781.1	9.050e2
781.9	3.317e3
782.8	2.938e3
783.9	3.503e3
784.9	3.113e3
785.9	2.761e3
786.8	4.286e3
788.0	2.364e3
788.8	5.522e3
789.7	2.359e3
790.5	5.608e3
791.2	1.286e3
791.8	2.407e3
792.6	2.239e3
793.4	4.505e3
794.0	4.590e2
794.6	3.006e3
795.5	2.142e3
796.3	3.376e3
797.0	1.417e3
798.0	2.931e3
798.9	3.485e3
799.8	2.131e3
800.5	2.630e2
801.0	2.649e3
802.0	4.271e3
802.9	2.712e3
803.4	6.300e1
804.0	2.870e3
804.5	4.630e2
805.2	5.379e3
806.1	2.587e3
807.2	3.314e3
808.1	1.012e3
808.9	4.007e3
809.8	1.556e3
810.8	2.079e3
811.4	4.710e2
812.1	2.419e3
812.7	4.120e2
813.4	3.052e3
814.0	6.030e2
814.7	2.053e3
815.2	5.100e1
815.8	1.719e3
816.4	9.220e2
817.1	2.597e3
818.1	1.513e3
819.1	2.607e3
820.1	2.112e3
821.1	5.363e3
821.7	1.018e3
822.4	3.638e3
823.0	3.920e2
823.5	3.436e3
824.6	1.944e3
825.4	3.791e3
826.1	3.600e2
826.7	2.652e3
827.5	1.495e3
828.3	3.430e3
829.1	6.620e2
829.8	2.589e3
830.9	3.920e3
831.9	3.493e3
833.0	2.590e3
833.6	9.470e2
834.5	4.255e3
835.1	3.100e2
835.9	2.873e3
836.6	9.030e2
837.1	3.925e3
838.0	3.584e3
838.6	4.980e2
839.3	3.318e3
840.2	4.350e2
840.8	3.768e3
841.9	2.351e3
842.8	2.699e3
843.8	2.997e3
844.4	2.650e2
844.9	2.287e3
845.8	1.066e3
846.7	2.482e3
847.5	1.930e2
848.2	2.315e3
849.0	6.430e2
849.7	1.393e3
850.4	2.623e3
851.2	3.306e3
851.9	1.539e3
852.8	3.273e3
853.7	1.333e3
854.3	1.410e2
854.8	2.082e3
855.7	3.128e3
856.3	3.640e2
857.0	3.597e3
857.9	1.625e3
858.9	3.540e3
859.5	7.860e2
860.2	4.767e3
861.0	1.390e3
861.6	1.930e2
862.1	1.715e3
863.1	2.737e3
864.1	1.349e3
865.0	3.845e3
865.9	1.771e3
866.9	2.931e3
867.8	3.498e3
868.7	1.484e3
869.5	3.860e3
870.2	3.700e1
870.7	3.326e3
871.6	3.909e3
872.3	1.750e2
872.8	4.048e3
873.7	1.777e3
874.5	2.925e3
875.3	2.034e3
876.0	2.279e3
876.9	2.177e3
877.8	2.337e3
878.7	2.746e3
879.7	2.897e3
880.6	2.623e3
881.6	2.150e3
882.6	2.265e3
883.4	2.848e3
884.0	3.060e2
884.7	1.423e3
885.8	9.410e2
886.7	2.961e3
887.9	1.645e3
888.9	2.359e3
889.5	1.080e2
890.1	2.223e3
891.0	2.368e3
891.7	1.572e3
892.7	1.949e3
893.7	2.643e3
894.6	7.530e2
895.5	2.835e3
896.2	2.490e2
896.8	2.556e3
897.4	3.530e2
898.1	1.838e3
898.9	2.772e3
899.9	1.634e3
900.8	6.080e2
901.5	4.093e3
902.4	2.094e3
903.1	6.390e2
903.7	1.096e3
904.4	1.845e3
905.4	3.783e3
906.0	9.440e2
906.9	3.261e3
907.4	5.300e1
908.0	2.533e3
908.6	4.240e2
909.1	1.347e3
910.1	2.626e3
910.7	2.010e2
911.3	1.118e3
911.9	1.540e2
912.4	8.290e2
913.2	1.281e3
914.0	7.670e2
914.9	1.476e3
916.0	1.571e3
917.0	1.690e3
917.7	1.330e2
918.3	3.340e2
919.0	2.991e3
919.7	8.890e2
920.5	1.689e3
921.4	3.679e3
922.1	1.598e3
922.7	3.000e2
923.3	3.773e3
924.1	1.272e3
925.0	3.125e3
925.6	3.750e2
926.2	2.665e3
926.9	6.230e2
927.7	2.542e3
928.4	5.200e2
929.0	2.362e3
930.1	1.928e3
930.9	1.491e3
931.6	4.180e2
932.2	2.606e3
933.1	6.850e2
934.1	2.979e3
934.8	9.530e2
935.8	1.892e3
936.9	5.360e2
937.5	1.060e3
938.4	1.001e3
939.3	4.334e3
940.4	1.128e3
941.1	4.220e3
941.9	1.937e3
942.9	2.017e3
943.6	1.911e3
944.4	9.380e2
945.1	2.162e3
945.8	1.016e3
946.6	3.679e3
947.5	2.159e3
948.2	2.830e2
949.0	3.756e3
949.6	3.660e2
950.1	2.954e3
951.2	3.748e3
951.7	6.700e1
952.3	1.203e3
953.2	1.788e3
953.8	2.700e1
954.3	1.950e3
955.2	1.323e3
955.8	5.100e1
956.3	3.354e3
957.1	9.530e2
957.9	2.868e3
958.4	1.090e2
959.0	1.743e3
959.8	4.762e3
960.8	2.058e3
961.7	1.033e3
962.8	2.129e3
963.5	8.930e2
964.1	1.470e2
964.7	2.058e3
966.0	2.112e3
966.9	4.957e3
967.4	4.160e2
968.0	2.139e3
968.9	1.843e3
969.9	2.535e3
970.9	2.555e3
971.8	2.359e3
972.5	6.110e2
973.3	2.143e3
973.9	6.080e2
974.7	2.363e3
975.6	5.960e2
976.5	1.628e3
977.1	4.490e2
977.8	4.940e2
978.6	1.114e3
979.8	1.718e3
980.8	2.233e3
981.7	1.327e3
982.7	1.728e3
983.6	1.910e3
984.6	2.434e3
985.3	4.610e2
986.0	2.699e3
986.7	1.247e3
987.4	3.633e3
988.2	1.110e3
989.1	2.651e3
990.0	9.890e2
991.0	1.935e3
991.6	9.500e1
992.1	2.610e3
993.1	2.585e3
993.7	2.490e2
994.4	1.748e3
995.2	1.093e3
996.0	2.231e3
996.6	7.840e2
997.1	1.850e3
997.8	7.490e2
998.4	2.840e2
999.2	4.301e3
1000.1	2.402e3
1000.9	1.948e3
1001.7	1.909e3
1002.7	3.895e3
1003.5	8.940e2
1004.2	2.439e3
1004.9	1.840e2
1005.7	1.736e3
1006.4	4.230e2
1007.1	2.325e3
1007.9	3.154e3
1008.9	3.437e3
1010.0	1.762e3
1010.8	1.155e3
1011.7	1.286e3
1012.4	3.109e3
1013.0	4.960e2
1013.7	1.053e3
1014.6	2.386e3
1015.8	3.011e3
1016.7	1.100e3
1017.4	1.390e2
1018.0	2.428e3
1019.0	8.900e2
1020.0	1.489e3
1021.1	1.558e3
1021.7	9.700e1
1022.5	1.452e3
1023.7	2.059e3
1024.4	5.340e2
1025.0	2.603e3
1026.0	4.503e3
1026.9	1.350e3
1027.8	2.120e3
1028.8	8.430e2
1029.7	1.334e3
1030.7	7.150e2
1031.7	1.318e3
1032.4	1.730e2
1033.0	3.264e3
1033.7	3.190e2
1034.5	3.308e3
1035.1	1.740e2
1035.7	1.485e3
1036.6	1.542e3
1037.3	1.502e3
1038.3	2.023e3
1039.0	2.650e2
1039.6	3.953e3
1040.3	8.360e2
1041.1	3.700e3
1042.1	2.883e3
1043.0	1.097e3
1043.8	1.286e3
1044.7	6.970e2
1045.3	2.783e3
1046.1	8.450e2
1046.9	1.924e3
1048.1	1.752e3
1049.0	3.147e3
1049.9	1.152e3
1050.8	1.359e3
1051.3	5.600e1
1052.0	1.020e3
1053.0	8.590e2
1053.5	5.400e1
1054.0	1.254e3
1054.7	2.431e3
1055.7	1.368e3
1056.3	7.800e1
1056.9	2.358e3
1057.8	1.616e3
1058.8	1.204e3
1059.6	3.104e3
1060.2	2.000e2
1060.8	1.330e3
1061.7	8.590e2
1062.6	2.311e3
1063.3	1.356e3
1064.0	2.130e2
1064.5	1.122e3
1065.3	1.416e3
1066.2	8.900e2
1067.1	1.238e3
1068.1	8.870e2
1069.0	1.127e3
1070.0	2.096e3
1070.5	4.700e1
1071.0	7.100e2
1072.5	1.401e3
1073.1	2.400e2
1073.7	2.527e3
1074.3	1.650e2
1074.9	3.380e3
1075.9	1.893e3
1076.5	4.900e1
1077.2	2.236e3
1078.1	2.191e3
1079.0	1.540e2
1079.5	1.552e3
1080.0	3.500e1
1080.5	3.143e3
1081.2	1.113e3
1081.8	5.400e1
1082.3	1.874e3
1083.1	1.555e3
1084.0	1.793e3
1084.9	3.648e3
1085.6	7.500e1
1086.2	1.416e3
1087.0	2.390e3
1087.8	7.110e2
1088.7	3.281e3
1089.3	3.700e2
1089.9	2.472e3
1090.8	1.892e3
1091.3	1.570e2
1091.9	2.844e3
1092.9	1.498e3
1093.9	1.815e3
1094.5	2.460e2
1095.3	2.176e3
1095.9	1.117e3
1096.7	7.200e2
1097.7	2.468e3
1098.8	1.850e2
1099.6	2.609e3
1100.4	1.833e3
1101.0	7.400e1
1101.7	9.500e2
1102.5	2.436e3
1103.5	1.008e3
1104.4	1.800e2
1105.1	1.725e3
1106.1	9.580e2
1107.0	2.041e3
1108.1	1.193e3
1109.1	1.026e3
1109.8	2.713e3
1110.8	1.847e3
1111.7	1.158e3
1112.9	2.023e3
1113.8	1.726e3
1114.7	9.520e2
1115.3	2.500e1
1116.1	1.624e3
1116.9	1.036e3
1117.9	2.921e3
1118.9	1.811e3
1119.5	3.380e2
1120.1	1.975e3
1121.0	9.870e2
1122.0	1.128e3
1122.7	7.410e2
1123.5	1.218e3
1124.1	2.750e2
1124.8	2.135e3
1125.7	2.602e3
1126.2	3.820e2
1126.9	1.992e3
1128.1	2.354e3
1128.8	2.991e3
1129.8	3.060e2
1130.8	1.709e3
1131.6	1.344e3
1132.6	9.550e2
1133.1	2.400e1
1133.7	1.418e3
1134.6	4.530e3
1135.2	2.180e2
1135.9	2.987e3
1136.5	4.200e1
1137.1	1.592e3
1137.6	2.680e2
1138.2	1.335e3
1138.9	5.970e2
1139.7	3.166e3
1140.2	9.000e1
1140.7	1.258e3
1141.5	2.150e3
1142.5	1.717e3
1143.1	3.880e2
1143.8	2.181e3
1144.9	1.870e3
1146.0	2.834e3
1146.9	1.524e3
1147.5	1.030e2
1148.0	4.311e3
1148.7	5.870e2
1149.5	1.414e3
1150.3	1.086e3
1151.2	2.039e3
1152.2	2.260e3
1152.9	5.480e2
1153.8	1.455e3
1154.8	1.163e3
1155.6	1.006e3
1156.5	1.711e3
1157.2	1.490e2
1158.0	2.259e3
1158.6	7.710e2
1159.4	1.914e3
1160.0	2.890e2
1160.6	1.465e3
1161.2	3.140e2
1161.9	2.599e3
1162.9	1.584e3
1163.6	1.040e2
1164.2	3.440e2
1165.0	1.171e3
1165.8	6.320e2
1166.7	1.193e3
1167.5	2.555e3
1168.1	3.940e2
1168.8	5.560e2
1169.4	3.021e3
1170.6	1.568e3
1171.4	5.380e2
1172.1	2.348e3
1172.9	4.280e2
1173.8	1.693e3
1174.7	2.051e3
1175.4	4.130e2
1176.1	2.841e3
1176.8	2.014e3
1177.4	2.550e2
1178.0	1.816e3
1178.5	1.110e2
1179.1	1.655e3
1180.0	1.198e3
1181.2	1.677e3
1182.4	1.851e3
1183.2	9.450e2
1183.8	5.000e2
1184.5	6.060e2
1185.1	2.112e3
1185.9	4.980e2
1186.6	1.063e3
1187.2	1.640e2
1187.7	2.660e3
1188.9	7.840e2
1189.6	2.951e3
1190.6	2.650e3
1191.3	1.920e2
1191.9	3.422e3
1192.7	4.720e2
1193.4	2.286e3
1194.4	2.160e3
1195.1	4.240e2
1195.9	8.580e2
1196.6	2.370e2
1197.1	2.133e3
1198.1	9.170e2
1198.9	4.840e2
1199.6	4.870e2
1200.1	1.700e1
1200.9	3.007e3
1201.8	1.821e3
1202.4	3.000e1
1203.0	1.638e3
1203.9	1.682e3
1204.8	5.680e2
1205.6	8.310e2
1206.2	2.200e1
1206.8	1.918e3
1207.9	9.970e2
1208.5	1.800e1
1209.2	2.360e3
1210.0	2.670e2
1210.7	1.133e3
1211.3	3.080e2
1211.9	2.917e3
1212.4	8.200e1
1213.0	1.411e3
1213.8	1.452e3
1214.6	1.082e3
1215.5	5.300e2
1216.2	5.760e2
1216.8	2.165e3
1217.8	3.310e2
1218.7	1.238e3
1219.4	6.600e1
1220.3	1.601e3
1221.3	9.380e2
1222.4	2.510e3
1223.0	6.960e2
1223.8	9.690e2
1225.0	1.590e3
1225.9	1.480e3
1226.9	2.985e3
1227.7	2.117e3
1228.4	8.300e2
1229.0	1.878e3
1230.0	1.444e3
1230.6	4.190e2
1231.3	2.170e3
1231.9	3.220e2
1232.6	1.218e3
1233.3	3.060e2
1234.0	3.593e3
1234.6	4.050e2
1235.4	7.920e2
1236.4	8.980e2
1237.2	1.534e3
1238.0	9.570e2
1238.5	2.090e2
1239.1	1.819e3
1240.2	5.440e2
1241.1	1.109e3
1241.6	6.700e1
1242.2	2.240e3
1243.1	1.978e3
1243.7	7.930e2
1244.3	1.540e2
1244.8	2.471e3
1245.4	1.300e1
1245.9	1.625e3
1246.7	8.740e2
1247.4	2.385e3
1248.2	3.690e2
1248.8	7.430e2
1249.9	9.570e2
1250.5	1.970e3
1251.2	3.170e2
1251.9	1.061e3
1252.7	1.180e3
1253.7	2.385e3
1254.6	2.360e3
1255.5	1.072e3
1256.1	2.140e2
1257.0	1.169e3
1257.8	2.558e3
1259.1	4.580e2
1260.3	2.558e3
1261.1	4.440e2
1262.0	2.044e3
1262.7	2.600e1
1263.4	1.319e3
1264.4	2.747e3
1265.1	1.320e3
1266.0	1.267e3
1266.9	1.558e3
1267.6	3.440e2
1268.3	2.532e3
1269.3	7.400e2
1270.2	1.445e3
1271.2	7.570e2
1272.0	2.158e3
1272.7	1.299e3
1273.5	4.030e2
1274.1	1.950e2
1275.0	2.138e3
1275.7	5.650e2
1276.8	1.176e3
1277.7	4.570e2
1278.2	1.900e1
1278.9	1.331e3
1279.8	2.488e3
1281.0	2.456e3
1281.9	1.820e3
1283.0	1.183e3
1283.8	2.044e3
1284.8	2.456e3
1285.8	5.270e2
1286.7	1.229e3
1287.3	9.500e1
1287.9	2.049e3
1288.5	2.200e2
1289.1	2.017e3
1289.8	8.900e1
1290.3	5.950e2
1291.1	1.934e3
1292.0	2.349e3
1293.2	1.702e3
1294.1	1.538e3
1294.8	8.660e2
1295.7	1.159e3
1296.4	2.360e2
1296.9	2.523e3
1297.8	8.700e2
1299.0	1.716e3
1299.7	6.230e2
1300.5	1.115e3
1301.2	2.830e2
1302.0	1.170e3
1302.8	2.033e3
1303.4	1.300e1
1304.1	1.428e3
1304.7	1.330e2
1305.3	1.008e3
1306.1	3.370e2
1306.9	1.081e3
1307.7	2.090e2
1308.6	2.395e3
1309.7	1.477e3
1310.7	1.008e3
1311.7	5.770e2
1312.3	2.140e2
1312.9	3.152e3
1313.5	2.160e2
1314.3	6.650e2
1315.3	1.775e3
1315.9	4.500e1
1316.5	1.281e3
1317.4	1.627e3
1318.0	3.070e2
1318.5	1.337e3
1319.4	8.660e2
1320.1	3.690e2
1321.0	2.638e3
1321.6	1.400e1
1322.2	3.190e2
1323.0	2.679e3
1323.7	1.369e3
1324.4	1.510e2
1325.1	3.014e3
1325.7	1.820e2
1326.3	5.170e2
1327.1	6.350e2
1328.2	1.468e3
1329.2	3.827e3
1330.0	1.289e3
1330.6	6.010e2
1331.8	1.945e3
1332.6	2.570e2
1333.8	1.336e3
1334.5	3.100e1
1335.0	2.227e3
1335.7	2.410e2
1336.3	1.276e3
1337.2	5.000e2
1337.8	1.149e3
1338.9	1.751e3
1339.8	1.372e3
1340.6	9.770e2
1341.6	1.026e3
1342.6	1.947e3
1343.5	1.569e3
1344.1	2.400e1
1345.0	3.387e3
1346.0	7.870e2
1346.9	1.653e3
1347.7	5.820e2
1348.6	9.750e2
1349.3	1.406e3
1349.9	1.200e1
1350.5	8.660e2
1351.3	2.670e2
1351.9	1.542e3
1353.0	4.410e2
1353.6	9.300e1
1354.2	1.001e3
1355.1	1.459e3
1355.9	1.244e3
1356.8	3.080e2
1357.3	2.300e1
1357.9	1.171e3
1358.8	7.650e2
1359.9	2.429e3
1360.4	1.030e2
1361.0	2.110e3
1362.1	1.426e3
1362.9	1.896e3
1363.7	3.980e2
1364.3	1.910e2
1364.8	9.720e2
1365.6	1.038e3
1366.3	2.400e2
1367.2	1.326e3
1368.2	1.662e3
1368.9	3.500e2
1369.6	1.340e3
1370.2	9.300e1
1370.8	2.467e3
1371.5	1.042e3
1372.5	1.781e3
1373.3	1.520e2
1374.0	1.276e3
1374.6	1.650e2
1375.2	1.930e3
1375.8	2.990e2
1376.6	6.170e2
1377.7	1.182e3
1378.7	1.622e3
1379.6	1.777e3
1380.3	7.700e1
1381.0	1.927e3
1381.7	1.790e2
1382.4	1.691e3
1383.3	2.055e3
1384.1	3.500e1
1384.7	1.480e3
1385.8	2.582e3
1386.8	1.381e3
1387.7	8.240e2
1388.7	9.030e2
1389.3	2.560e2
1390.2	1.293e3
1391.7	9.600e2
1392.4	1.490e2
1393.3	2.542e3
1393.9	2.330e2
1394.6	1.857e3
1395.5	1.365e3
1396.4	4.360e2
1397.1	7.110e2
1398.0	2.171e3
1398.6	5.600e1
1399.2	1.001e3
1399.8	2.960e2
1400.7	2.188e3
1401.9	1.701e3
1402.9	9.800e2
1403.5	5.020e2
1404.5	1.276e3
1405.2	7.090e2
1406.0	1.558e3
1406.8	9.520e2
1407.4	1.160e2
1408.0	1.074e3
1408.9	3.810e2
1409.5	1.377e3
1410.3	1.239e3
1411.5	1.865e3
1412.3	6.440e2
1413.0	3.010e2
1413.7	1.204e3
1414.4	4.780e2
1415.2	6.970e2
1416.0	1.440e2
1416.6	2.028e3
1417.4	7.160e2
1418.1	1.479e3
1418.9	7.240e2
1419.5	1.159e3
1420.0	2.120e2
1420.6	1.590e3
1421.6	9.900e1
1422.5	1.505e3
1423.4	1.537e3
1424.8	1.170e2
1425.6	8.520e2
1426.5	3.350e3
1427.3	5.840e2
1428.3	5.870e2
1429.0	5.280e3
1429.7	1.871e3
1430.7	2.930e2
1431.7	1.995e3
1432.8	1.274e3
1433.6	1.946e3
1434.3	6.420e2
1435.2	1.384e3
1435.9	8.680e2
1437.0	2.346e3
1437.8	1.303e3
1438.6	5.100e2
1439.5	1.761e3
1440.6	8.430e2
1441.5	7.030e2
1442.5	1.537e3
1443.3	1.151e3
1444.2	1.492e3
1444.8	4.500e1
1445.3	1.584e3
1445.9	2.670e2
1447.0	1.474e3
1447.5	5.700e1
1448.1	1.002e3
1448.8	2.890e2
1449.7	6.560e2
1450.8	8.760e2
1451.4	5.300e1
1451.9	5.210e2
1452.9	1.934e3
1453.9	1.438e3
1454.8	8.870e2
1455.7	4.388e3
1456.4	7.640e2
1457.2	7.090e2
1458.2	9.690e2
1459.0	1.229e3
1459.7	4.820e2
1460.3	1.252e3
1461.2	9.270e2
1462.0	2.025e3
1462.6	4.290e2
1463.3	1.655e3
1464.1	1.870e2
1464.9	2.144e3
1466.0	1.079e3
1466.9	1.606e3
1467.4	2.340e2
1468.7	7.090e2
1469.6	1.299e3
1470.3	8.150e2
1470.9	2.186e3
1471.7	1.722e3
1472.4	8.500e1
1473.0	1.202e3
1473.8	1.027e3
1474.6	1.039e3
1475.8	5.120e2
1476.8	1.407e3
1477.5	5.530e2
1478.2	1.726e3
1478.9	4.320e2
1479.6	2.318e3
1480.1	2.410e2
1480.7	1.746e3
1481.8	2.560e2
1482.6	1.552e3
1483.3	1.471e3
1484.6	7.460e2
1485.4	1.309e3
1486.3	1.858e3
1487.3	7.750e2
1487.9	2.080e2
1488.7	1.335e3
1490.0	1.847e3
1490.8	1.552e3
1492.3	1.654e3
1493.3	1.284e3
1493.8	2.630e2
1494.3	1.791e3
1495.4	2.133e3
1496.3	8.470e2
1497.3	8.620e2
1497.9	1.030e2
1498.6	7.580e2
1499.3	1.342e3
1500.2	3.960e2
1501.2	1.446e3
1502.0	1.160e3
1502.7	1.155e3
1503.5	1.080e2
1504.2	1.196e3
1505.0	1.028e3
1505.9	1.067e3
1506.8	1.066e3
1507.8	1.680e2
1508.6	3.480e2
1509.4	1.772e3
1510.5	7.110e2
1511.2	1.068e3
1512.1	5.440e2
1512.8	1.580e3
1513.4	2.000e2
1514.0	1.241e3
1515.1	7.950e2
1515.8	1.662e3
1516.5	1.500e2
1517.3	4.780e2
1518.5	1.129e3
1519.5	1.362e3
1520.3	1.680e2
1521.1	1.580e3
1522.2	2.490e2
1523.0	9.860e2
1524.0	1.383e3
1525.0	1.690e3
1525.9	8.260e2
1526.7	4.350e2
1527.3	5.140e2
1528.1	1.005e3
1528.8	8.700e1
1529.6	1.397e3
1530.5	1.654e3
1531.4	9.100e2
1532.3	1.456e3
1533.2	1.500e3
1533.8	3.200e1
1534.6	6.680e2
1535.6	2.073e3
1536.2	1.610e2
1536.7	5.030e2
1537.5	1.804e3
1538.3	3.400e2
1539.2	3.430e2
1540.1	1.568e3
1540.8	1.300e1
1541.4	5.500e2
1542.4	6.550e2
1543.3	1.046e3
1544.0	6.890e2
1545.0	1.500e3
1545.6	2.870e2
1546.5	7.500e2
1547.0	1.293e3
1548.0	1.065e3
1548.7	4.400e2
1549.5	9.460e2
1550.4	1.195e3
1551.9	3.350e2
1552.5	1.798e3
1553.5	3.810e2
1554.3	3.530e2
1555.3	2.289e3
1556.2	5.590e2
1557.1	9.730e2
1557.9	1.170e3
1559.1	9.530e2
1559.8	3.740e2
1560.4	6.400e1
1561.0	7.750e2
1561.6	2.710e2
1562.1	3.870e2
1563.0	1.326e3
1563.9	1.340e2
1564.8	5.940e2
1566.2	1.521e3
1567.3	1.071e3
1568.4	8.790e2
1569.3	1.459e3
1570.1	1.100e1
1570.8	5.390e2
1571.9	1.111e3
1572.8	1.231e3
1573.5	2.050e2
1574.2	8.720e2
1574.9	1.626e3
1575.9	5.920e2
1576.9	1.451e3
1577.9	7.120e2
1578.7	4.320e2
1579.4	9.610e2
1579.9	1.460e2
1580.8	5.870e2
1581.6	1.916e3
1582.2	6.540e2
1583.1	1.172e3
1584.2	8.130e2
1585.1	3.650e2
1585.6	8.800e1
1586.3	1.324e3
1587.1	2.700e1
1588.1	1.348e3
1589.1	4.180e2
1589.7	9.250e2
1590.6	5.840e2
1591.3	1.400e1
1591.9	1.253e3
1592.8	9.700e2
1593.8	1.414e3
1594.6	1.910e2
1595.7	6.610e2
1596.7	7.230e2
1597.8	5.720e2
1598.6	1.307e3
1599.3	1.359e3
1599.9	4.700e1
1600.4	9.850e2
1601.5	1.158e3
1602.4	9.330e2
1604.0	5.710e2
1604.8	1.671e3
1605.7	3.059e3
1606.6	1.012e3
1607.5	1.354e3
1608.2	1.250e2
1608.8	1.093e3
1609.5	3.540e2
1610.2	4.810e2
1611.0	4.720e2
1612.2	4.740e2
1612.9	2.196e3
1613.6	5.520e2
1615.1	6.430e2
1616.5	2.837e3
1617.0	6.800e1
1617.6	1.621e3
1618.8	1.626e3
1620.0	7.900e2
1620.8	3.410e2
1621.5	9.010e2
1622.4	5.010e2
1623.3	4.830e2
1624.1	1.434e3
1624.8	3.470e2
1625.7	1.233e3
1626.3	1.610e2
1628.0	1.490e3
1628.9	3.640e2
1629.8	8.340e2
1630.6	1.791e3
1631.8	1.606e3
1632.5	1.022e3
1633.2	3.950e2
1633.9	6.280e2
1634.9	3.340e2
1636.0	4.530e2
1637.0	7.100e1
1637.8	1.654e3
1638.4	4.800e1
1639.1	7.830e2
1640.1	1.039e3
1640.8	1.323e3
1641.8	7.170e2
1642.6	2.580e2
1643.6	7.050e2
1644.5	1.220e2
1645.1	2.419e3
1646.1	1.466e3
1646.8	6.550e2
1647.7	3.600e2
1648.7	5.420e2
1649.7	1.520e2
1650.6	1.752e3
1651.5	8.450e2
1652.2	3.200e2
1652.7	2.570e3
1653.5	2.210e2
1654.1	1.072e3
1654.9	1.491e3
1656.0	1.268e3
1656.6	3.350e2
1657.5	1.093e3
1658.1	2.300e1
1658.7	9.080e2
1659.5	3.900e1
1660.0	1.300e1
1660.7	3.050e2
1661.5	1.141e3
1662.3	3.750e2
1663.2	4.060e2
1664.1	5.390e2
1664.9	3.660e2
1665.8	4.550e2
1666.3	6.800e1
1666.9	1.188e3
1668.0	4.350e2
1668.9	2.039e3
1669.5	2.360e2
1670.2	2.900e1
1670.9	4.680e2
1671.6	1.780e2
1672.3	1.246e3
1673.3	1.529e3
1674.0	4.370e2
1675.0	1.096e3
1675.7	5.620e2
1676.8	1.035e3
1678.1	2.650e2
1678.9	2.110e2
1679.6	3.790e2
1680.6	1.153e3
1681.8	1.055e3
1683.2	6.300e1
1683.7	7.030e2
1684.6	8.760e2
1685.9	1.618e3
1686.6	1.840e2
1687.3	1.243e3
1687.9	8.160e2
1689.8	1.294e3
1690.9	3.850e2
1691.5	6.440e2
1692.4	8.980e2
1693.5	3.980e2
1694.1	7.040e2
1695.1	7.600e2
1696.2	1.505e3
1696.7	6.900e1
1697.3	2.578e3
1698.4	1.682e3
1699.3	1.250e2
1699.9	9.600e1
1700.6	6.490e2
1701.6	1.640e2
1702.6	2.312e3
1703.7	1.710e2
1704.7	4.810e2
1705.3	1.200e2
1705.9	6.350e2
1706.6	6.750e2
1707.3	8.990e2
1708.0	1.209e3
1708.8	1.447e3
1709.6	3.310e2
1710.6	7.890e2
1711.2	2.700e1
1712.1	1.273e3
1712.8	7.690e2
1713.3	1.100e2
1714.0	8.120e2
1714.9	2.200e2
1715.5	9.700e1
1716.4	2.720e2
1717.1	1.225e3
1717.6	1.200e1
1718.4	8.900e2
1719.2	2.320e2
1720.0	1.011e3
1720.7	1.100e1
1721.4	1.207e3
1722.3	7.700e2
1723.1	1.104e3
1724.5	1.209e3
1725.1	2.660e2
1726.0	8.000e1
1726.5	3.200e1
1727.4	1.031e3
1728.2	2.940e2
1729.0	5.800e2
1729.8	2.850e2
1730.6	3.060e2
1731.8	8.260e2
1732.9	1.138e3
1734.0	3.000e1
1734.5	1.869e3
1735.1	5.080e2
1735.9	1.298e3
1736.5	1.000e2
1737.1	5.710e2
1737.8	5.300e2
1738.9	9.700e1
1740.1	2.097e3
1740.7	3.710e2
1741.4	9.780e2
1743.6	1.071e3
1744.3	9.820e2
1745.1	1.300e1
1745.6	7.840e2
1746.7	5.850e2
1747.9	1.071e3
1748.6	8.870e2
1749.6	1.635e3
1750.4	4.930e2
1751.3	2.670e2
1752.1	5.380e2
1753.3	1.486e3
1754.0	5.390e2
1754.8	8.800e1
1755.4	1.758e3
1756.7	4.900e1
1757.2	8.930e2
1757.9	4.050e2
1759.5	4.940e2
1760.5	3.800e1
1761.1	6.390e2
1761.8	9.380e2
1762.5	5.880e2
1763.2	6.320e2
1764.4	5.660e2
1765.2	9.600e1
1765.7	8.470e2
1766.3	8.100e1
1767.0	3.330e2
1767.8	8.400e1
1768.5	6.200e2
1769.3	3.640e2
1769.9	1.086e3
1770.7	3.370e2
1771.3	4.500e1
1772.0	9.830e2
1773.0	1.091e3
1773.7	5.190e2
1774.8	8.120e2
1775.3	1.330e2
1776.1	5.970e2
1776.9	1.090e2
1777.8	7.810e2
1778.4	4.200e1
1779.0	1.446e3
1779.9	5.540e2
1780.8	7.790e2
1781.7	1.065e3
1782.5	1.013e3
1783.4	1.130e2
1784.7	9.530e2
1785.6	6.260e2
1786.2	3.297e3
1787.2	3.970e2
1787.8	4.450e2
1788.9	1.190e3
1789.8	1.100e1
1791.1	1.158e3
1792.0	2.190e2
1793.1	5.130e2
1793.8	3.000e1
1794.3	5.180e2
1795.4	5.860e2
1796.0	2.820e2
1796.7	2.085e3
1798.4	1.600e2
1799.2	9.370e2
1800.1	1.844e3
1800.6	1.660e2
1801.1	2.850e2
1802.2	1.243e3
1803.1	6.600e1
1803.8	2.960e2
1804.9	3.770e2
1805.7	1.069e3
1806.8	5.100e1
1808.0	3.160e2
1808.5	1.130e2
1809.5	2.130e2
1810.6	6.490e2
1811.4	4.171e3
1812.3	1.300e1
1813.2	1.547e3
1813.9	2.900e2
1814.8	7.720e2
1816.1	7.820e2
1816.8	4.660e2
1817.5	8.870e2
1818.6	3.890e2
1820.0	6.150e2
1820.6	1.090e2
1821.1	8.320e2
1821.8	5.310e2
1822.5	5.200e2
1823.3	1.620e2
1824.4	1.300e1
1825.1	6.790e2
1826.8	9.090e2
1828.0	5.240e2
1829.3	5.790e2
1829.9	1.910e2
1830.8	1.013e3
1831.4	8.800e1
1832.3	1.148e3
1833.4	9.660e2
1834.0	1.170e2
1834.6	4.120e2
1835.2	3.660e2
1836.2	3.760e2
1837.4	7.790e2
1838.1	1.214e3
1838.9	3.760e2
1839.9	4.230e2
1841.0	7.900e1
1841.7	5.730e2
1842.3	1.370e2
1843.1	6.620e2
1843.9	7.900e1
1844.7	5.640e2
1845.9	1.659e3
1846.6	2.940e2
1847.2	3.960e2
1848.0	1.920e2
1848.7	4.500e2
1849.7	3.440e2
1850.6	2.660e2
1851.6	5.890e2
1852.7	1.490e3
1853.4	7.870e2
1854.7	7.400e2
1855.9	8.050e2
1856.8	1.550e2
1857.7	1.490e2
1858.4	2.390e2
1859.1	6.020e2
1860.0	5.100e2
1860.7	1.030e2
1861.3	1.621e3
1861.9	2.180e2
1862.7	7.570e2
1863.3	2.510e2
1863.9	1.400e1
1864.9	2.261e3
1865.6	1.558e3
1866.7	2.150e2
1867.4	5.900e1
1868.3	1.130e2
1869.1	1.220e3
1870.5	3.470e2
1871.3	2.400e2
1872.0	1.954e3
1873.1	7.860e2
1874.0	1.560e2
1875.0	1.800e1
1875.7	2.660e2
1876.6	3.900e1
1877.1	4.630e2
1878.2	1.436e3
1878.9	1.100e1
1879.5	9.700e2
1880.2	3.980e2
1881.1	8.160e2
1881.9	4.120e2
1882.4	6.600e1
1883.4	1.200e1
1884.0	5.980e2
1884.6	2.100e1
1885.5	7.530e2
1887.4	3.980e2
1888.5	6.830e2
1889.1	1.690e2
1889.7	1.426e3
1890.6	3.210e2
1891.3	9.600e1
1892.5	1.696e3
1894.3	1.120e2
1895.0	4.380e2
1895.6	1.800e2
1896.8	2.369e3
1897.4	2.700e2
1898.3	9.100e1
1899.5	5.280e2
1900.4	3.800e1
1901.0	8.650e2
1901.8	4.670e2
1902.3	6.030e2
1903.2	4.100e2
1903.9	2.050e2
1904.6	5.550e2
1905.4	1.460e2
1906.4	1.050e2
1906.9	1.210e3
1908.2	2.390e2
1908.8	5.700e1
1909.6	8.220e2
1910.7	1.182e3
1911.5	1.860e2
1912.4	1.269e3
1913.1	1.390e2
1914.0	6.820e2
1914.7	3.770e2
1915.3	2.200e2
1916.1	7.140e2
1917.2	8.820e2
1918.2	1.262e3
1919.6	2.530e2
1920.3	1.920e2
1920.8	1.114e3
1921.6	8.540e2
1922.7	3.660e2
1923.4	1.780e2
1923.9	5.260e2
1925.9	6.540e2
1926.9	3.430e2
1927.9	2.370e2
1928.8	1.160e3
1930.1	1.218e3
1931.2	1.433e3
1933.0	7.800e1
1934.1	1.156e3
1934.9	6.840e2
1935.9	1.363e3
1936.8	5.290e2
1937.8	4.120e2
1939.1	5.670e2
1940.3	5.110e2
1940.9	2.800e1
1941.5	3.130e2
1942.5	2.920e2
1943.5	1.046e3
1944.6	1.540e2
1945.9	2.950e2
1947.0	1.910e2
1947.9	9.500e2
1949.2	2.311e3
1950.1	2.030e2
1951.6	8.700e2
1953.2	4.640e2
1954.7	6.510e2
1955.3	1.300e2
1955.9	5.580e2
1956.8	4.620e2
1957.9	6.080e2
1958.9	2.040e2
1959.6	7.500e2
1960.4	7.300e1
1960.9	6.190e2
1961.7	4.380e2
1962.5	8.250e2
1963.1	4.300e1
1963.7	1.351e3
1965.1	1.243e3
1965.9	5.380e2
1966.5	4.030e2
1967.6	8.000e1
1968.2	1.078e3
1969.4	8.830e2
1970.6	8.290e2
1971.6	1.120e2
1972.3	5.110e2
1973.7	8.200e2
1974.4	1.860e2
1975.1	1.287e3
1976.0	8.900e2
1976.8	5.230e2
1977.4	2.830e2
1978.2	8.310e2
1979.2	7.730e2
1980.5	2.120e2
1981.1	6.460e2
1981.8	3.400e1
1982.5	1.101e3
1983.7	1.212e3
1984.2	4.620e2
1985.7	1.067e3
1986.8	9.950e2
1987.8	7.120e2
1988.4	1.160e2
1989.3	1.044e3
1990.2	4.350e2
1991.1	5.640e2
1992.3	2.360e2
1993.0	1.446e3
1993.8	7.500e2
1994.4	8.300e1
1995.1	6.080e2
1996.0	5.140e2
1996.7	1.370e2
1997.3	7.500e2
1998.4	1.200e1
1999.6	8.080e2
