100.2	2.510e2
101.0	7.601e4
102.0	1.437e4
103.0	1.348e4
103.5	1.000e1
104.0	1.476e3
105.0	2.528e3
106.1	3.250e2
107.1	2.710e2
108.0	1.074e4
109.1	1.431e3
109.9	2.760e2
111.0	4.337e3
111.8	4.000e1
112.3	1.288e3
113.0	1.604e5
114.0	3.633e3
115.0	5.905e3
116.1	2.525e3
117.0	7.759e4
117.5	5.900e1
118.0	1.167e4
119.0	5.365e3
120.0	1.604e3
121.0	1.111e3
122.0	5.310e2
123.1	4.290e2
124.1	1.059e3
124.6	4.000e0
125.2	1.842e3
126.1	3.750e2
127.0	7.730e2
127.6	8.000e0
128.1	7.800e2
129.1	1.682e3
130.0	7.787e3
131.0	3.534e3
132.0	9.060e2
133.0	1.182e4
134.1	1.217e3
135.0	6.076e3
135.5	4.000e0
136.0	2.097e3
137.0	2.892e3
137.6	3.600e1
138.1	2.967e3
139.0	1.326e3
139.6	7.000e0
140.1	1.179e3
141.0	8.080e2
142.0	6.020e2
143.0	9.610e2
143.8	1.767e3
144.5	1.090e2
145.0	1.146e4
146.0	1.286e4
147.0	1.851e4
148.0	1.518e3
148.5	3.800e1
149.0	2.543e3
150.1	7.750e2
151.1	8.620e2
152.1	4.619e3
153.1	3.341e3
154.0	5.080e2
155.1	2.840e3
156.0	3.452e3
156.5	3.800e1
157.1	1.805e3
158.0	4.582e3
159.0	1.515e3
160.0	1.957e3
161.1	2.297e3
162.0	1.501e3
163.0	3.136e3
164.1	1.604e3
165.0	3.806e3
166.1	6.970e2
166.7	8.000e0
167.2	7.440e2
168.1	7.670e2
169.1	2.151e3
170.1	9.600e2
171.1	1.633e3
172.0	6.830e2
173.0	1.631e3
174.1	1.929e3
175.1	3.901e4
176.0	2.871e3
176.6	4.000e0
177.1	3.247e3
178.0	4.920e2
179.1	5.136e3
180.1	2.086e3
181.1	2.426e4
182.1	1.510e3
183.0	2.425e3
184.0	1.507e3
185.0	4.338e3
185.6	1.100e1
186.1	1.979e3
187.1	2.528e3
188.1	1.982e3
189.1	1.453e3
190.1	1.705e3
191.1	1.672e4
191.6	5.200e1
192.1	2.552e3
193.1	7.052e3
194.1	1.190e3
195.1	7.782e3
196.0	8.473e3
197.0	2.046e3
198.0	8.364e3
199.0	1.870e3
199.9	3.619e3
200.6	2.200e1
201.1	2.942e3
202.0	1.842e3
203.1	2.998e3
204.1	1.717e3
205.1	1.444e3
206.1	1.231e3
207.0	2.970e3
208.0	1.007e4
208.6	3.200e1
209.1	3.509e3
210.0	2.283e3
211.0	2.084e3
211.6	1.000e1
212.2	3.034e4
213.1	6.635e3
214.1	4.133e3
215.2	1.748e3
216.1	1.202e3
217.1	2.112e3
218.0	1.987e3
219.1	3.146e3
220.0	2.906e3
220.6	4.000e1
221.1	3.817e3
222.0	1.292e3
222.6	7.400e1
223.1	3.014e3
224.0	9.120e2
225.0	2.871e3
226.0	1.096e3
226.6	9.100e1
227.1	3.125e3
227.6	3.700e1
228.1	1.159e3
229.0	1.653e3
230.0	2.049e3
231.0	2.621e3
231.5	7.200e1
232.1	2.212e3
233.1	2.697e3
233.6	4.600e1
234.1	1.709e3
235.1	1.257e3
236.0	1.741e4
237.1	2.296e3
238.1	2.004e3
239.1	3.629e3
240.0	1.484e4
241.1	5.354e3
242.0	4.257e3
242.5	2.170e2
243.1	1.279e4
244.1	5.421e3
244.6	5.100e1
245.2	1.723e3
246.1	1.401e3
247.0	1.850e3
247.6	8.000e0
248.1	1.399e3
249.1	5.795e4
250.1	4.112e3
251.1	2.177e3
252.1	7.540e2
253.1	2.614e3
254.1	1.127e3
255.2	3.950e3
256.0	1.199e3
257.1	2.164e3
258.1	2.671e3
258.6	4.000e0
259.1	4.203e3
260.1	1.730e3
261.1	3.175e3
262.1	2.447e3
263.1	2.925e3
264.2	1.577e3
265.2	2.725e3
266.0	1.950e3
267.1	1.873e3
268.1	1.287e3
269.0	2.659e3
269.6	1.540e2
270.2	7.810e2
271.2	1.534e3
272.1	1.358e3
273.1	1.828e3
274.1	9.800e2
275.1	3.625e3
276.1	1.051e3
276.6	1.700e1
277.1	2.320e3
278.1	1.952e3
278.6	8.000e0
279.1	3.463e3
280.1	2.488e3
280.6	2.800e1
281.2	4.104e3
282.1	2.857e3
283.2	1.479e3
284.0	1.687e3
285.1	2.369e3
286.1	2.626e3
287.2	1.775e3
288.1	6.580e3
289.1	3.309e3
290.0	4.899e3
290.6	9.000e0
291.1	3.002e3
292.0	3.395e3
292.6	7.300e1
293.2	4.202e3
294.2	1.145e3
295.1	3.286e3
296.0	1.068e3
296.9	5.200e2
297.5	3.483e3
298.3	1.252e3
299.2	1.093e3
300.1	1.834e3
301.1	2.133e3
302.0	2.030e3
302.7	3.710e2
303.3	4.099e3
304.2	1.886e3
305.1	6.446e3
305.6	2.230e2
306.2	1.777e3
307.1	6.684e3
308.0	3.301e3
308.6	5.400e1
309.1	3.501e3
310.1	3.309e3
311.1	1.205e4
312.1	4.696e3
312.6	9.300e1
313.1	3.004e3
314.1	1.514e3
315.1	2.277e3
316.0	1.442e3
317.1	7.351e4
318.1	5.826e3
319.1	4.158e3
320.1	2.622e3
321.1	4.852e3
322.0	1.903e3
322.6	7.300e1
323.2	3.785e3
324.1	2.869e3
324.6	4.800e1
325.1	3.682e3
326.0	2.516e3
326.6	2.400e1
327.1	6.409e3
328.1	1.939e3
329.1	5.648e3
330.1	3.311e3
331.0	4.994e3
332.0	1.408e3
332.6	1.260e2
333.2	4.060e3
334.1	5.009e3
334.6	3.100e1
335.1	1.958e3
336.1	3.680e3
336.6	2.100e1
337.1	3.104e3
338.1	1.885e3
339.0	9.150e2
339.9	4.732e3
340.5	7.220e2
341.2	9.219e3
342.1	2.559e3
343.0	8.137e3
344.0	2.704e3
344.6	1.000e1
345.1	2.715e3
346.1	2.779e3
346.6	1.500e1
347.2	4.262e3
348.0	1.704e3
348.6	7.200e1
349.2	4.144e3
349.9	7.640e2
350.5	2.497e3
351.2	1.159e3
352.1	1.038e3
353.1	5.153e3
354.2	1.333e3
355.1	3.277e3
356.1	1.234e4
357.1	5.228e3
358.1	2.001e3
359.1	3.010e3
360.1	2.584e3
360.6	3.700e1
361.1	2.973e3
362.1	1.612e3
363.1	2.844e3
364.0	1.620e3
364.6	3.700e1
365.1	2.008e3
366.0	5.364e3
366.8	6.350e2
367.5	1.935e3
368.3	6.610e2
369.1	1.369e4
370.1	2.684e3
370.8	3.990e2
371.5	3.696e3
372.2	1.409e3
373.1	3.167e3
374.0	2.193e3
374.6	1.580e2
375.2	7.571e3
376.1	4.878e3
376.7	7.000e2
377.4	6.364e3
378.2	2.602e3
379.1	1.222e4
380.1	4.311e3
380.7	7.500e1
381.3	3.793e3
382.1	1.963e3
383.1	2.842e3
384.0	1.698e3
385.1	3.966e4
386.1	5.079e3
386.6	1.870e2
387.2	2.901e3
387.8	2.940e2
388.6	1.985e3
389.2	8.630e2
389.8	2.564e3
390.6	9.300e2
391.3	4.290e3
392.3	3.189e3
393.1	1.847e3
394.0	2.725e3
394.5	1.000e1
395.0	3.501e3
395.9	1.804e3
396.5	1.060e2
397.1	7.320e3
398.0	4.022e3
399.1	4.214e3
400.0	2.078e3
400.7	4.020e2
401.3	7.394e3
402.2	4.190e3
403.2	3.018e3
403.8	6.590e2
404.5	3.110e3
405.3	1.357e3
406.1	1.153e3
407.2	1.902e3
408.1	3.580e3
409.1	2.321e3
410.0	3.304e3
410.5	1.020e2
411.1	5.225e3
411.6	9.900e1
412.1	1.687e3
412.8	4.890e2
413.4	3.209e3
414.1	2.030e2
414.6	1.490e3
415.5	2.969e3
416.5	1.310e3
417.3	5.222e3
418.2	2.684e3
418.8	2.400e1
419.3	4.392e3
420.1	1.695e3
421.0	4.413e3
422.0	1.627e3
422.6	4.930e2
423.3	3.562e3
424.1	9.926e3
425.0	4.693e3
425.9	1.830e3
426.5	7.000e0
427.1	2.814e3
428.0	3.710e3
428.6	1.890e2
429.3	2.420e3
430.1	1.349e3
430.7	6.100e1
431.3	3.733e3
432.1	1.770e3
432.6	1.400e1
433.2	1.022e3
434.0	3.376e3
434.7	2.950e2
435.4	3.375e3
435.9	8.300e1
436.4	7.947e3
436.9	1.250e2
437.5	3.328e3
438.3	2.362e3
438.9	1.820e2
439.4	3.238e3
440.2	1.825e3
441.0	3.845e3
442.1	2.126e3
442.7	1.820e2
443.2	5.429e3
444.1	2.673e3
445.1	3.829e3
446.0	2.303e3
446.6	4.100e1
447.1	7.704e3
447.6	5.600e1
448.1	2.834e3
449.1	1.857e3
450.1	2.858e3
450.6	4.700e1
451.1	3.482e3
451.7	2.550e2
452.3	5.464e3
453.0	4.462e4
453.9	5.091e3
454.5	3.280e2
455.1	3.505e3
456.0	1.577e3
456.6	3.440e2
457.2	2.704e3
458.1	1.844e3
458.7	3.280e2
459.3	5.834e3
460.2	2.668e3
461.1	4.420e3
461.8	8.900e2
462.5	1.017e4
463.0	2.710e2
463.5	5.655e3
464.5	5.119e3
465.4	2.309e4
466.3	8.012e3
467.2	4.708e3
468.1	2.153e3
468.7	6.400e1
469.2	5.212e3
470.1	3.181e3
470.7	1.480e2
471.2	2.117e3
472.1	1.641e3
472.6	4.000e0
473.2	2.213e3
474.0	1.899e3
474.8	8.590e2
475.5	4.185e3
476.3	1.999e3
477.1	2.844e3
477.9	1.014e3
478.6	9.676e3
479.4	5.235e3
480.1	7.060e2
480.7	6.766e3
481.5	3.531e3
482.2	1.373e3
483.1	4.581e3
484.0	1.933e3
484.6	5.880e2
485.3	5.301e3
486.2	2.042e3
487.2	4.030e3
488.0	1.323e3
488.9	1.761e3
489.7	3.522e3
490.3	4.800e2
490.9	1.980e3
491.7	1.620e4
492.6	8.183e3
493.4	3.298e3
494.3	1.724e3
495.1	4.212e3
496.1	2.658e3
497.1	2.505e3
498.0	1.840e3
498.5	5.800e1
499.1	2.120e3
500.0	1.700e3
500.5	2.700e1
501.1	3.503e3
502.0	3.164e3
502.6	3.780e2
503.3	9.132e3
503.9	2.890e2
504.4	5.208e3
505.3	2.230e3
506.1	3.243e3
507.0	3.376e3
507.6	3.070e2
508.2	2.355e3
509.2	3.927e3
510.1	2.545e3
510.6	6.500e1
511.1	4.781e3
512.1	2.645e3
512.7	8.000e0
513.2	3.213e3
514.1	2.139e3
514.6	5.900e1
515.1	7.193e3
516.0	2.745e3
516.9	1.019e3
517.7	2.609e3
518.3	1.003e3
519.1	2.743e3
519.7	2.540e2
520.3	2.578e3
521.1	4.180e4
522.1	6.294e3
522.6	1.470e2
523.2	3.359e3
523.8	6.110e2
524.4	4.356e3
525.4	3.338e3
526.2	1.029e3
527.0	3.405e3
528.0	4.692e3
528.7	6.210e2
529.3	2.993e3
530.2	2.238e3
531.1	5.698e3
531.7	6.800e2
532.3	4.937e3
533.0	6.580e2
533.6	5.236e3
534.3	1.780e3
535.0	4.426e3
535.5	1.970e2
536.1	1.984e3
537.0	3.754e3
537.5	9.400e1
538.1	4.479e3
538.8	8.380e2
539.4	3.354e3
540.0	3.400e2
540.5	1.032e4
541.5	5.554e3
542.5	3.192e3
543.1	2.140e2
543.7	3.571e3
544.3	8.550e2
545.1	3.045e3
546.0	2.544e3
546.9	6.088e3
547.5	4.200e1
548.0	3.533e3
548.7	7.260e2
549.3	5.223e3
550.3	3.561e3
551.2	3.836e3
551.7	3.700e1
552.2	1.657e3
553.1	4.207e3
554.1	2.428e3
555.0	2.192e3
556.0	2.280e3
557.0	3.762e3
557.7	1.580e2
558.3	2.281e3
559.2	1.715e3
560.1	1.007e4
561.1	3.227e3
562.1	1.807e3
563.0	3.755e3
564.0	2.187e3
564.9	3.773e3
565.7	1.763e3
566.5	6.004e3
567.5	3.133e3
568.1	1.350e2
568.6	3.608e3
569.3	4.690e2
569.9	2.910e3
570.5	3.710e2
571.2	2.349e3
572.1	2.359e3
573.0	3.198e3
573.9	1.988e3
574.4	5.500e1
575.0	2.420e3
576.0	1.933e3
576.6	3.730e2
577.2	3.334e3
578.2	3.587e3
578.7	2.000e2
579.2	4.800e3
580.1	3.164e3
581.1	3.764e3
582.1	1.638e3
582.6	4.400e1
583.1	5.951e3
584.0	1.833e3
584.6	1.500e1
585.1	1.740e3
586.0	2.826e3
586.6	1.970e2
587.1	2.445e3
587.7	1.000e2
588.2	1.526e3
589.1	3.448e4
590.0	4.878e3
590.6	2.320e2
591.2	4.236e3
592.1	1.985e3
592.8	1.181e3
593.5	4.745e3
594.2	1.220e3
594.9	3.899e3
595.5	3.710e2
596.1	2.634e3
597.1	2.714e3
597.7	1.400e2
598.2	2.491e3
599.2	3.502e3
599.9	6.330e2
600.6	2.849e3
601.4	4.897e3
602.2	2.336e3
603.0	3.252e3
604.0	1.824e3
604.5	1.040e2
605.1	3.824e3
605.6	7.000e1
606.2	4.125e3
606.8	2.380e2
607.3	2.997e3
608.1	7.460e2
608.8	4.116e3
609.5	7.620e2
610.1	2.152e3
610.8	2.860e2
611.4	3.012e3
612.2	1.582e3
613.2	2.942e3
614.1	1.806e3
615.0	4.762e3
615.6	1.400e2
616.3	2.429e3
616.8	7.600e1
617.4	2.594e3
618.2	1.517e3
619.1	3.173e3
620.0	2.293e3
620.6	8.570e2
621.2	3.751e3
622.1	1.736e3
623.0	2.945e3
623.9	1.570e3
624.8	2.663e3
625.3	3.400e1
625.8	2.495e3
626.5	5.320e2
627.2	2.653e3
628.1	1.049e4
629.1	3.833e3
630.0	2.207e3
630.5	1.050e2
631.1	4.322e3
632.0	2.192e3
632.5	7.900e1
633.1	2.824e3
633.8	5.850e2
634.5	3.519e3
635.5	2.946e3
636.0	9.900e1
636.5	3.417e3
637.5	2.192e3
638.0	1.830e2
638.5	3.737e3
639.4	1.959e3
640.4	2.167e3
641.0	4.640e2
641.6	3.472e3
642.3	1.527e3
643.2	2.390e3
644.0	1.221e3
644.7	1.946e3
645.6	3.611e3
646.4	8.680e2
647.3	4.240e3
648.1	1.895e3
649.1	2.997e3
649.6	2.310e2
650.2	2.454e3
651.2	4.970e3
652.1	2.798e3
652.7	7.390e2
653.4	3.622e3
654.3	1.854e3
654.8	1.770e2
655.4	2.713e3
656.3	1.976e3
657.1	2.460e4
658.0	4.299e3
658.5	2.440e2
659.1	2.863e3
659.7	2.430e2
660.3	2.761e3
661.3	3.947e3
662.3	2.246e3
662.8	6.900e1
663.3	4.237e3
664.1	1.421e3
664.9	1.969e3
665.9	2.908e3
666.5	3.670e2
667.1	4.443e3
667.9	1.279e3
668.7	3.878e3
669.3	2.540e2
669.8	3.317e3
670.5	7.550e2
671.1	3.130e3
672.1	1.856e3
673.0	4.942e3
673.5	3.300e1
674.0	4.188e3
674.5	1.290e2
675.1	3.342e3
676.0	1.450e3
676.9	4.207e3
677.5	3.590e2
678.2	3.299e3
678.9	1.008e3
679.6	4.220e3
680.6	2.881e3
681.3	1.169e3
682.1	2.334e3
683.1	5.246e3
683.6	2.380e2
684.2	3.652e3
685.1	2.273e3
686.0	3.966e3
686.6	4.090e2
687.2	3.709e3
687.8	1.660e2
688.4	2.705e3
688.9	8.100e1
689.4	4.114e3
690.4	3.010e3
691.1	1.355e3
691.9	2.479e3
692.4	4.500e1
692.9	3.044e3
693.8	2.305e3
694.6	5.380e2
695.2	3.304e3
696.1	7.788e3
697.0	3.421e3
697.8	1.383e3
698.4	3.610e2
699.0	4.659e3
699.8	3.278e3
700.8	2.453e3
701.9	3.173e3
702.8	2.024e3
703.4	6.410e2
704.1	2.671e3
704.6	1.800e1
705.2	2.839e3
706.0	2.279e3
707.0	2.820e3
707.5	4.000e0
708.0	2.152e3
708.9	3.904e3
709.9	2.246e3
710.4	3.950e2
711.0	3.062e3
712.0	3.042e3
712.5	8.700e1
713.0	4.050e3
713.9	1.944e3
714.9	4.917e3
715.9	3.299e3
716.5	8.200e1
717.0	4.049e3
717.9	1.956e3
718.9	4.375e3
719.4	1.069e3
720.2	2.557e3
721.1	2.127e3
722.0	2.703e3
722.9	9.190e2
723.6	2.828e3
724.4	8.130e2
725.1	1.931e4
726.0	5.276e3
726.6	5.840e2
727.2	5.468e3
727.9	1.325e3
728.7	4.400e3
729.3	8.400e2
730.1	2.145e3
730.9	1.552e3
731.7	3.331e3
732.6	2.728e3
733.6	1.748e3
734.3	5.920e2
734.9	4.003e3
735.6	1.024e3
736.3	2.724e3
737.3	4.010e3
738.2	4.228e3
739.2	2.872e3
740.2	2.072e3
741.1	4.345e3
741.9	1.749e3
742.7	3.854e3
743.7	1.888e3
744.6	3.776e3
745.1	2.010e2
745.7	3.565e3
746.3	3.360e2
746.9	2.867e3
747.4	1.450e2
748.0	2.773e3
748.9	2.651e3
749.4	1.130e2
750.0	2.494e3
751.0	4.455e3
751.6	4.630e2
752.2	3.082e3
753.0	1.035e3
753.7	2.741e3
754.4	1.240e3
755.3	3.231e3
756.2	1.626e3
756.8	1.220e2
757.3	3.884e3
758.2	2.221e3
759.1	2.653e3
760.0	9.150e2
760.8	3.448e3
761.7	2.031e3
762.2	1.420e2
762.8	3.895e3
763.4	7.120e2
764.1	7.005e3
765.1	2.820e3
765.9	2.378e3
766.5	1.250e2
767.0	3.695e3
767.7	4.030e2
768.3	2.585e3
768.9	3.800e1
769.5	2.381e3
770.2	6.740e2
770.9	3.293e3
772.0	2.524e3
772.8	1.520e3
773.5	3.293e3
774.4	1.647e3
775.0	4.890e2
775.6	2.195e3
776.3	8.740e2
777.0	3.486e3
777.5	4.300e1
778.0	2.366e3
778.8	1.495e3
779.5	2.565e3
780.2	6.130e2
780.9	3.054e3
781.4	1.180e2
781.9	1.913e3
782.8	4.063e3
783.8	3.143e3
784.3	3.840e2
784.9	3.546e3
785.5	3.350e2
786.1	2.458e3
787.1	4.728e3
787.9	1.375e3
788.4	3.340e2
789.0	3.015e3
789.6	1.350e2
790.1	3.232e3
790.7	2.810e2
791.4	3.300e3
792.2	1.996e3
793.1	1.496e4
794.0	3.939e3
795.0	2.895e3
795.9	2.152e3
796.9	3.052e3
797.8	2.619e3
798.7	1.861e3
799.5	3.623e3
800.1	2.020e2
800.6	3.574e3
801.2	4.900e2
801.9	2.357e3
802.4	3.310e2
803.0	4.034e3
803.6	2.770e2
804.2	3.386e3
805.0	2.008e3
805.8	3.634e3
806.4	7.000e1
806.9	2.628e3
807.9	2.812e3
808.5	1.520e2
809.1	3.295e3
809.6	1.400e1
810.1	3.930e3
811.1	3.011e3
811.6	1.020e2
812.2	2.358e3
813.2	2.202e3
813.8	5.620e2
814.6	2.079e3
815.2	4.990e2
815.8	3.149e3
816.5	5.070e2
817.3	2.640e3
817.8	4.600e1
818.3	2.818e3
819.2	5.189e3
820.2	2.036e3
821.0	1.455e3
821.7	2.691e3
822.6	1.350e3
823.6	2.399e3
824.4	1.490e3
825.3	4.028e3
826.2	2.837e3
827.2	4.261e3
827.9	1.561e3
828.8	2.868e3
829.8	1.999e3
830.4	1.740e2
831.1	3.138e3
832.1	5.033e3
833.0	2.639e3
833.6	4.450e2
834.3	2.817e3
834.8	1.300e1
835.3	2.642e3
835.8	5.100e1
836.4	1.978e3
837.2	1.422e3
838.0	2.632e3
838.7	4.790e2
839.3	1.918e3
840.1	2.998e3
841.0	1.333e3
841.9	2.550e3
842.9	1.853e3
843.8	1.803e3
844.3	1.120e2
844.9	3.415e3
845.7	1.933e3
846.6	2.764e3
847.6	3.170e3
848.4	1.214e3
849.1	3.401e3
849.6	9.200e1
850.2	1.977e3
851.2	4.488e3
851.9	9.000e2
852.6	1.830e3
853.6	2.858e3
854.5	1.938e3
855.4	3.726e3
856.1	2.110e3
857.0	2.552e3
857.6	3.120e2
858.2	2.579e3
858.8	3.470e2
859.4	2.803e3
860.3	1.767e3
861.2	1.157e4
861.7	1.190e2
862.2	4.220e3
863.2	2.363e3
863.8	2.270e2
864.4	3.163e3
864.9	4.200e2
865.5	3.133e3
866.2	8.510e2
867.0	3.608e3
867.5	9.600e1
868.0	1.848e3
869.0	2.480e3
869.6	1.100e2
870.1	2.673e3
871.1	3.667e3
871.9	2.000e3
872.7	2.763e3
873.2	4.800e1
873.8	3.318e3
874.6	1.274e3
875.4	2.962e3
876.0	2.110e2
876.6	1.781e3
877.5	3.323e3
878.4	2.609e3
879.3	2.625e3
880.0	4.330e2
880.6	2.566e3
881.1	2.200e2
881.7	3.690e3
882.3	2.010e2
882.9	2.972e3
883.6	7.020e2
884.2	2.573e3
885.1	2.297e3
886.1	1.904e3
887.1	4.383e3
888.0	2.751e3
889.0	3.155e3
889.6	3.420e2
890.1	3.010e3
890.7	1.500e2
891.2	2.807e3
892.1	2.022e3
893.0	2.853e3
894.0	2.959e3
894.6	3.260e2
895.2	3.960e3
895.9	4.460e2
896.6	3.396e3
897.4	6.410e2
898.1	2.814e3
899.0	3.197e3
899.6	4.320e2
900.2	4.170e3
901.0	2.584e3
902.0	3.739e3
902.6	2.130e2
903.2	3.716e3
904.1	1.650e3
904.7	1.020e2
905.2	2.545e3
906.0	1.187e3
906.8	2.490e3
907.8	2.826e3
908.7	1.489e3
909.5	2.908e3
910.3	1.514e3
911.0	2.709e3
911.9	3.016e3
912.7	4.650e2
913.3	2.640e3
914.1	9.130e2
914.9	3.875e3
915.9	2.036e3
916.7	3.088e3
917.3	7.210e2
917.9	1.750e3
918.4	6.000e0
919.0	3.371e3
919.8	1.456e3
920.6	3.853e3
921.3	1.221e3
922.1	2.487e3
923.1	2.617e3
923.6	4.700e1
924.1	2.084e3
925.0	1.686e3
926.0	3.048e3
926.5	1.900e2
927.1	1.832e3
928.0	2.446e3
928.5	5.130e2
929.1	9.291e3
930.0	3.712e3
930.9	1.180e3
931.8	2.671e3
932.6	2.172e3
933.6	3.235e3
934.1	8.900e1
934.7	3.587e3
935.6	2.618e3
936.2	2.690e2
936.8	2.772e3
937.7	1.190e3
938.5	2.967e3
939.3	1.756e3
940.1	9.400e2
940.8	3.235e3
941.6	1.391e3
942.3	3.993e3
942.9	5.690e2
943.6	3.215e3
944.1	1.680e2
944.7	3.392e3
945.4	1.356e3
946.2	2.780e3
946.8	2.690e2
947.4	2.788e3
948.1	7.760e2
948.7	2.963e3
949.5	6.290e2
950.2	2.206e3
950.9	1.067e3
951.6	3.558e3
952.4	1.027e3
953.1	2.838e3
954.1	1.578e3
954.6	2.600e1
955.1	4.213e3
955.7	4.000e2
956.3	3.607e3
957.1	2.178e3
957.7	3.300e2
958.3	4.084e3
959.3	2.379e3
960.3	2.691e3
960.9	6.730e2
961.6	2.828e3
962.2	3.300e2
962.8	1.785e3
963.6	3.444e3
964.1	1.970e2
964.7	4.586e3
965.3	2.420e2
965.8	2.386e3
966.4	4.000e0
966.9	2.149e3
967.5	5.420e2
968.1	4.375e3
969.1	3.356e3
970.0	3.229e3
970.7	2.730e2
971.2	2.764e3
971.8	1.100e2
972.3	2.591e3
973.2	2.075e3
973.8	5.090e2
974.5	2.708e3
975.2	1.143e3
976.0	3.590e3
976.8	1.509e3
977.6	3.575e3
978.3	8.650e2
979.1	2.502e3
979.6	2.110e2
980.2	2.131e3
981.1	2.584e3
981.7	2.000e2
982.4	3.438e3
983.0	3.080e2
983.6	3.395e3
984.2	7.460e2
984.8	3.504e3
985.4	5.630e2
986.0	2.325e3
986.9	3.149e3
987.6	7.110e2
988.1	3.009e3
989.2	3.679e3
989.9	1.680e3
990.5	1.000e2
991.0	3.856e3
991.9	2.578e3
992.4	8.100e1
993.0	3.317e3
993.5	4.900e1
994.1	3.089e3
994.6	1.300e2
995.3	3.291e3
995.8	7.800e1
996.3	1.634e3
997.1	7.894e3
998.0	2.969e3
998.9	2.487e3
999.8	1.867e3
1000.7	3.093e3
1001.4	1.332e3
1002.1	4.100e3
1003.1	2.770e3
1003.9	1.571e3
1004.9	3.230e3
1005.9	2.496e3
1006.8	2.085e3
1007.8	3.043e3
1008.4	5.520e2
1009.0	3.428e3
1009.5	1.400e1
1010.0	2.067e3
1010.9	3.043e3
1011.9	2.376e3
1012.5	2.900e2
1013.1	4.379e3
1013.6	5.000e0
1014.1	2.475e3
1014.7	3.100e2
1015.3	3.493e3
1016.2	2.073e3
1017.0	4.021e3
1017.8	2.141e3
1018.7	1.934e3
1019.3	2.410e2
1019.9	2.945e3
1020.5	8.100e1
1021.0	2.110e3
1021.7	3.080e2
1022.3	2.866e3
1023.0	1.299e3
1023.7	3.239e3
1024.4	5.230e2
1025.1	3.363e3
1025.6	7.800e1
1026.1	3.235e3
1026.7	1.920e2
1027.2	2.436e3
1028.2	2.770e3
1028.8	2.780e2
1029.4	3.315e3
1030.2	1.838e3
1031.0	2.665e3
1031.9	3.797e3
1032.8	2.206e3
1033.8	3.708e3
1034.4	8.350e2
1035.1	2.556e3
1036.0	3.986e3
1036.6	7.930e2
1037.3	3.050e3
1038.1	1.538e3
1038.8	2.795e3
1039.9	2.987e3
1040.5	9.890e2
1041.3	3.524e3
1042.0	1.188e3
1042.8	2.817e3
1043.3	1.850e2
1043.9	3.011e3
1044.5	3.860e2
1045.0	1.853e3
1046.0	3.176e3
1046.7	6.660e2
1047.4	2.584e3
1048.1	3.540e2
1048.8	2.362e3
1049.6	2.991e3
1050.3	8.310e2
1051.0	3.591e3
1051.5	1.070e2
1052.1	3.307e3
1053.0	2.653e3
1053.8	1.440e3
1054.6	2.527e3
1055.3	5.560e2
1056.0	2.554e3
1057.0	2.654e3
1057.6	1.360e2
1058.1	2.344e3
1059.1	3.153e3
1059.6	1.200e1
1060.1	2.907e3
1061.1	2.288e3
1062.1	3.562e3
1062.8	7.190e2
1063.4	2.723e3
1064.3	1.531e3
1065.2	4.616e3
1066.1	2.501e3
1067.1	2.237e3
1068.0	3.669e3
1068.9	3.418e3
1069.6	1.061e3
1070.3	3.929e3
1070.9	9.170e2
1071.5	2.880e3
1072.0	6.600e1
1072.6	2.728e3
1073.2	3.400e2
1073.8	2.725e3
1074.5	9.650e2
1075.3	2.571e3
1076.1	9.480e2
1077.0	2.534e3
1077.6	2.180e2
1078.2	4.438e3
1078.8	6.630e2
1079.5	1.669e3
1080.5	2.981e3
1081.5	3.574e3
1082.4	2.099e3
1083.4	2.874e3
1084.1	1.000e3
1084.8	4.001e3
1085.6	2.527e3
1086.2	3.290e2
1086.8	3.140e3
1087.5	6.980e2
1088.2	2.402e3
1089.0	1.457e3
1089.9	2.715e3
1090.5	1.730e2
1091.1	3.316e3
1091.8	9.880e2
1092.6	2.882e3
1093.5	2.965e3
1094.0	1.730e2
1094.6	3.086e3
1095.2	1.250e2
1095.8	2.746e3
1096.3	1.100e1
1096.9	2.005e3
1097.5	5.030e2
1098.1	2.176e3
1099.1	3.097e3
1100.1	1.897e3
1101.0	2.933e3
1101.9	1.785e3
1102.8	2.617e3
1103.3	1.970e2
1104.0	3.635e3
1104.6	3.650e2
1105.2	2.301e3
1106.0	3.589e3
1106.7	5.210e2
1107.4	3.576e3
1108.1	6.690e2
1108.8	2.770e3
1109.6	2.168e3
1110.2	1.320e2
1110.8	2.297e3
1111.4	5.840e2
1112.1	3.075e3
1112.7	6.070e2
1113.4	2.068e3
1114.3	3.247e3
1115.1	8.130e2
1115.8	2.218e3
1116.7	1.411e3
1117.5	2.305e3
1118.0	6.000e0
1118.6	2.190e3
1119.4	1.418e3
1120.2	2.494e3
1121.0	1.287e3
1121.8	2.263e3
1122.8	1.380e3
1123.6	3.118e3
1124.5	2.381e3
1125.2	9.020e2
1125.9	3.032e3
1126.4	8.400e1
1126.9	2.396e3
1127.6	4.760e2
1128.2	2.659e3
1129.0	1.133e3
1129.8	2.546e3
1130.5	3.140e2
1131.2	2.293e3
1132.2	2.056e3
1133.2	5.376e3
1133.8	1.840e2
1134.3	3.074e3
1135.2	2.293e3
1135.8	3.090e2
1136.5	2.523e3
1137.3	1.363e3
1137.9	2.590e2
1138.4	3.692e3
1139.0	7.720e2
1139.7	2.427e3
1140.2	1.450e2
1140.8	2.626e3
1141.3	2.680e2
1141.8	2.209e3
1142.4	2.000e1
1142.9	2.750e3
1143.7	1.723e3
1144.7	2.571e3
1145.5	1.261e3
1146.2	3.285e3
1147.2	2.430e3
1148.2	2.492e3
1149.2	2.125e3
1150.1	2.675e3
1151.0	3.042e3
1151.8	1.057e3
1152.6	3.967e3
1153.3	8.260e2
1153.9	2.677e3
1154.6	8.430e2
1155.3	3.210e3
1156.0	6.910e2
1156.8	3.633e3
1157.9	2.568e3
1158.5	7.800e2
1159.2	3.814e3
1160.1	1.812e3
1161.0	3.306e3
1162.0	2.361e3
1162.9	3.049e3
1163.7	9.630e2
1164.4	2.859e3
1165.0	3.600e2
1165.6	2.496e3
1166.4	1.436e3
1167.3	3.482e3
1167.9	7.820e2
1168.5	3.287e3
1169.4	2.178e3
1170.3	2.956e3
1171.2	2.211e3
1172.0	3.844e3
1172.6	2.500e2
1173.1	2.703e3
1173.9	1.138e3
1174.8	2.415e3
1175.5	6.780e2
1176.1	2.295e3
1177.1	2.378e3
1177.6	7.100e1
1178.2	2.231e3
1178.7	4.600e1
1179.2	2.776e3
1179.8	1.600e1
1180.3	2.327e3
1181.3	2.021e3
1182.4	3.851e3
1183.2	1.479e3
1184.1	3.229e3
1185.0	2.232e3
1185.9	1.475e3
1186.8	4.140e3
1187.4	6.710e2
1188.0	2.819e3
1189.0	1.856e3
1190.0	2.677e3
1190.5	2.150e2
1191.1	3.047e3
1192.1	2.559e3
1193.1	2.459e3
1193.8	1.203e3
1194.6	3.014e3
1195.3	6.330e2
1196.0	1.719e3
1196.9	2.927e3
1197.8	1.935e3
1198.7	1.897e3
1199.2	1.900e2
1199.8	3.317e3
1200.4	3.630e2
1201.1	5.459e3
1201.6	4.700e1
1202.1	4.027e3
1202.8	3.390e2
1203.4	2.542e3
1204.0	1.490e2
1204.6	2.886e3
1205.1	3.600e1
1205.6	2.534e3
1206.6	2.940e3
1207.6	3.257e3
1208.4	1.101e3
1209.3	2.904e3
1210.2	2.922e3
1210.9	8.780e2
1211.5	2.384e3
1212.4	1.411e3
1213.1	2.625e3
1213.7	2.720e2
1214.3	1.693e3
1215.1	3.928e3
1216.1	2.837e3
1216.7	8.300e2
1217.4	2.515e3
1218.4	2.727e3
1219.3	1.439e3
1220.1	1.067e3
1220.9	3.487e3
1221.5	1.500e2
1222.0	3.461e3
1222.8	2.347e3
1223.7	2.645e3
1224.4	3.910e2
1225.1	2.299e3
1225.6	2.760e2
1226.2	2.568e3
1227.1	2.094e3
1227.9	2.781e3
1228.7	1.353e3
1229.4	3.422e3
1230.0	2.580e2
1230.7	3.033e3
1231.8	2.516e3
1232.3	1.330e2
1232.9	2.184e3
1233.9	3.275e3
1234.8	1.393e3
1235.7	2.500e3
1236.3	5.210e2
1237.0	2.585e3
1237.8	1.671e3
1238.6	2.633e3
1239.5	1.368e3
1240.3	4.126e3
1241.2	2.149e3
1241.9	6.770e2
1242.5	2.315e3
1243.1	5.100e1
1243.6	2.614e3
1244.5	1.417e3
1245.3	2.671e3
1246.1	9.620e2
1246.8	2.967e3
1247.8	1.636e3
1248.4	2.680e2
1249.0	2.693e3
1249.5	3.550e2
1250.1	4.224e3
1250.7	7.100e1
1251.2	2.805e3
1251.8	9.100e2
1252.4	1.920e3
1253.4	2.704e3
1254.2	6.950e2
1254.8	2.536e3
1255.8	2.564e3
1256.7	2.683e3
1257.3	2.600e2
1257.9	2.107e3
1258.9	1.491e3
1259.8	2.615e3
1260.4	3.800e2
1261.0	2.538e3
1261.8	2.040e3
1262.7	3.049e3
1263.2	3.900e1
1263.7	2.266e3
1264.4	4.560e2
1265.1	3.175e3
1265.9	1.441e3
1266.7	2.600e3
1267.7	2.588e3
1268.4	7.450e2
1269.1	3.700e3
1270.1	2.512e3
1270.8	4.540e2
1271.4	2.408e3
1272.0	1.180e2
1272.5	2.944e3
1273.4	2.138e3
1274.0	1.930e2
1274.6	2.418e3
1275.2	7.850e2
1275.9	2.205e3
1276.9	2.480e3
1277.9	2.377e3
1278.8	2.390e3
1279.6	8.940e2
1280.3	2.984e3
1281.3	2.418e3
1282.2	2.307e3
1282.8	3.350e2
1283.3	2.287e3
1283.9	1.620e2
1284.5	3.555e3
1285.3	1.600e3
1286.0	2.413e3
1286.6	8.600e1
1287.2	2.872e3
1288.1	1.504e3
1288.9	2.071e3
1289.9	2.592e3
1290.6	1.161e3
1291.4	2.272e3
1292.4	2.243e3
1293.4	2.206e3
1293.9	2.620e2
1294.5	2.693e3
1295.1	4.490e2
1295.6	2.424e3
1296.4	1.101e3
1297.0	7.800e1
1297.5	2.405e3
1298.5	2.175e3
1299.1	1.890e2
1299.7	2.231e3
1300.2	1.240e2
1300.8	2.571e3
1301.5	4.610e2
1302.1	2.299e3
1302.7	3.870e2
1303.4	2.004e3
1304.2	1.693e3
1304.7	8.100e1
1305.3	3.201e3
1305.8	2.660e2
1306.3	2.397e3
1306.9	7.000e1
1307.5	2.351e3
1308.5	2.646e3
1309.3	1.645e3
1309.8	9.600e1
1310.4	2.203e3
1311.0	1.480e2
1311.5	2.904e3
1312.0	2.170e2
1312.6	1.693e3
1313.2	1.040e2
1313.8	1.836e3
1314.3	2.050e2
1314.9	2.265e3
1315.4	3.900e1
1315.9	3.846e3
1317.0	2.675e3
1317.9	1.593e3
1318.8	2.283e3
1319.5	6.050e2
1320.2	2.203e3
1321.1	2.443e3
1321.7	2.560e2
1322.4	4.370e3
1323.2	1.602e3
1324.1	2.034e3
1324.8	7.010e2
1325.4	2.928e3
1326.5	2.765e3
1327.2	9.890e2
1328.0	2.484e3
1328.8	7.930e2
1329.5	2.635e3
1330.5	1.558e3
1331.6	2.950e3
1332.4	2.350e3
1333.0	4.500e2
1333.6	2.101e3
1334.6	2.117e3
1335.3	1.146e3
1336.1	2.442e3
1336.8	5.330e2
1337.4	3.373e3
1338.2	1.235e3
1339.1	2.448e3
1339.9	1.165e3
1340.6	2.304e3
1341.6	9.380e2
1342.4	2.342e3
1343.0	1.710e2
1343.5	2.885e3
1344.4	1.604e3
1345.3	2.956e3
1346.0	5.320e2
1346.6	2.245e3
1347.6	2.816e3
1348.6	1.416e3
1349.4	7.260e2
1350.1	2.038e3
1351.2	1.804e3
1352.2	2.055e3
1352.8	3.750e2
1353.5	2.112e3
1354.4	1.639e3
1355.4	2.279e3
1356.0	3.960e2
1356.6	2.316e3
1357.3	8.670e2
1358.1	2.387e3
1358.7	1.150e2
1359.3	2.077e3
1359.9	1.560e2
1360.4	1.817e3
1361.0	1.160e2
1361.5	2.935e3
1362.4	1.140e3
1363.2	1.930e3
1364.1	3.253e3
1364.9	1.273e3
1365.6	2.472e3
1366.2	4.710e2
1366.8	2.163e3
1367.3	3.000e1
1367.9	2.839e3
1368.8	1.455e3
1369.7	2.893e3
1370.5	1.841e3
1371.3	2.383e3
1372.1	1.176e3
1373.0	2.967e3
1373.9	1.554e3
1374.8	2.443e3
1375.5	8.350e2
1376.4	2.962e3
1376.9	1.990e2
1377.5	2.666e3
1378.2	4.280e2
1378.8	2.860e3
1379.7	1.551e3
1380.5	2.305e3
1381.5	1.724e3
1382.1	1.370e2
1382.6	1.930e3
1383.5	2.099e3
1384.4	3.146e3
1385.3	2.592e3
1385.9	6.330e2
1386.6	2.666e3
1387.2	2.080e2
1387.8	2.142e3
1388.9	2.517e3
1389.5	1.910e2
1390.0	2.162e3
1391.0	1.711e3
1391.5	3.130e2
1392.1	2.691e3
1393.0	2.436e3
1393.6	3.950e2
1394.3	2.088e3
1394.9	1.480e2
1395.4	2.268e3
1396.4	1.758e3
1397.3	2.287e3
1398.3	1.887e3
1398.9	4.050e2
1399.6	2.355e3
1400.5	1.612e3
1401.1	1.950e2
1401.7	1.938e3
1402.3	4.820e2
1403.0	2.145e3
1403.8	3.136e3
1404.4	6.400e1
1405.0	3.270e3
1405.9	2.822e3
1406.5	2.400e1
1407.0	2.062e3
1407.9	2.257e3
1408.6	9.770e2
1409.5	1.866e3
1410.4	2.621e3
1411.3	1.955e3
1412.1	5.720e2
1412.7	1.492e3
1413.6	3.280e3
1414.4	1.561e3
1415.2	3.298e3
1415.7	3.560e2
1416.3	1.602e3
1417.1	2.138e3
1417.6	1.800e1
1418.1	1.463e3
1419.1	1.901e3
1419.8	1.076e3
1420.5	2.159e3
1421.3	1.163e3
1422.2	1.574e3
1423.0	2.530e3
1423.8	7.440e2
1424.7	1.740e3
1425.5	2.667e3
1426.4	1.961e3
1427.2	1.757e3
1427.9	1.201e3
1428.8	2.992e3
1429.8	2.276e3
1430.3	1.920e2
1430.8	1.989e3
1431.8	2.253e3
1432.7	2.019e3
1433.7	3.687e3
1434.6	2.193e3
1435.6	2.523e3
1436.5	2.790e3
1437.4	1.869e3
1438.2	2.738e3
1439.2	2.690e3
1440.0	1.475e3
1440.9	1.891e3
1441.5	3.100e1
1442.0	2.709e3
1442.9	1.967e3
1443.9	2.250e3
1444.8	3.353e3
1445.3	1.660e2
1445.9	2.686e3
1446.5	9.400e2
1447.3	2.812e3
1447.9	3.880e2
1448.5	1.872e3
1449.2	1.013e3
1450.1	2.691e3
1451.0	1.140e3
1451.9	1.723e3
1452.5	1.210e2
1453.0	2.905e3
1453.5	3.900e1
1454.1	2.178e3
1455.0	2.734e3
1456.0	1.664e3
1456.9	1.435e3
1457.8	1.551e3
1458.3	2.420e2
1458.9	1.941e3
1459.9	1.896e3
1460.5	3.100e2
1461.2	2.224e3
1461.8	4.020e2
1462.4	1.944e3
1463.2	9.910e2
1463.9	2.095e3
1464.5	3.000e1
1465.0	2.683e3
1466.0	3.065e3
1466.8	7.840e2
1467.5	2.958e3
1468.5	1.340e3
1469.5	1.558e3
1470.0	8.800e1
1470.5	2.388e3
1471.1	3.330e2
1471.7	2.667e3
1472.4	7.330e2
1473.0	1.622e3
1473.9	2.839e3
1474.9	1.735e3
1475.7	8.970e2
1476.4	2.121e3
1477.3	2.469e3
1478.2	1.735e3
1478.9	6.630e2
1479.7	1.963e3
1480.6	2.113e3
1481.1	4.080e2
1481.8	2.242e3
1482.7	9.840e2
1483.5	2.178e3
1484.4	1.970e3
1485.3	1.540e3
1486.2	2.184e3
1486.9	6.800e2
1487.7	2.370e3
1488.4	5.340e2
1489.0	2.519e3
1489.9	1.599e3
1490.7	2.309e3
1491.7	2.122e3
1492.3	1.890e2
1492.8	3.063e3
1493.7	2.140e3
1494.7	2.444e3
1495.7	2.555e3
1496.4	9.070e2
1497.2	2.661e3
1497.8	2.850e2
1498.4	2.795e3
1499.3	2.035e3
1499.9	1.000e1
1500.4	2.815e3
1501.0	3.200e2
1501.7	2.082e3
1502.7	1.756e3
1503.7	2.234e3
1504.6	1.539e3
1505.2	2.900e1
1505.7	2.359e3
1506.4	7.900e2
1507.2	2.177e3
1507.9	1.910e2
1508.4	1.360e3
1509.3	2.602e3
1509.8	2.610e2
1510.3	2.477e3
1511.3	1.791e3
1512.1	9.300e2
1512.7	2.693e3
1513.3	1.560e2
1513.9	2.752e3
1514.5	5.990e2
1515.3	1.566e3
1516.2	2.964e3
1516.9	9.880e2
1517.8	1.301e3
1518.6	1.350e3
1519.4	5.630e2
1520.1	1.860e3
1521.0	9.470e2
1522.0	2.647e3
1523.0	1.602e3
1523.7	8.540e2
1524.5	2.801e3
1525.3	1.453e3
1526.2	2.359e3
1526.8	2.300e1
1527.3	1.353e3
1528.1	9.610e2
1529.0	1.921e3
1530.0	2.737e3
1530.6	6.360e2
1531.4	1.710e3
1532.3	1.536e3
1532.8	1.250e2
1533.4	2.712e3
1533.9	1.720e2
1534.6	2.340e3
1535.4	1.039e3
1536.1	7.480e2
1536.9	1.668e3
1537.5	1.040e2
1538.1	2.427e3
1538.7	3.480e2
1539.4	1.442e3
1540.2	9.080e2
1541.1	2.989e3
1541.8	1.455e3
1542.6	2.399e3
1543.6	1.462e3
1544.3	8.230e2
1545.0	1.612e3
1545.9	2.704e3
1546.9	1.773e3
1547.7	6.950e2
1548.4	2.146e3
1549.3	1.102e3
1550.3	1.536e3
1551.2	1.940e3
1551.8	2.010e2
1552.5	1.937e3
1553.1	7.740e2
1553.8	1.993e3
1554.4	1.250e2
1555.1	2.246e3
1556.1	2.085e3
1556.9	1.337e3
1557.7	2.394e3
1558.6	9.070e2
1559.4	1.756e3
1560.3	7.080e2
1561.2	1.954e3
1562.0	9.760e2
1562.9	2.438e3
1563.8	2.004e3
1564.4	3.260e2
1565.1	2.163e3
1565.7	6.280e2
1566.5	2.108e3
1567.0	8.200e1
1567.6	2.342e3
1568.6	2.555e3
1569.6	2.464e3
1570.1	8.200e1
1570.8	1.696e3
1571.4	1.330e2
1572.0	1.582e3
1572.5	4.100e1
1573.0	2.078e3
1574.0	2.540e3
1575.0	1.337e3
1575.9	1.449e3
1576.9	1.544e3
1577.9	2.065e3
1578.5	8.500e1
1579.1	1.455e3
1579.8	4.250e2
1580.4	1.902e3
1580.9	9.000e0
1581.5	2.412e3
1582.1	2.090e2
1582.6	2.374e3
1583.5	8.520e2
1584.3	2.069e3
1585.2	1.577e3
1586.0	6.770e2
1586.8	2.403e3
1587.5	5.170e2
1588.2	3.112e3
1589.2	2.140e3
1589.8	2.240e2
1590.4	2.000e3
1591.3	1.370e3
1591.8	1.520e2
1592.4	1.577e3
1593.4	3.071e3
1594.4	1.917e3
1595.4	1.332e3
1596.3	2.280e3
1596.8	2.500e1
1597.4	2.460e3
1598.4	1.891e3
1599.1	7.170e2
1599.8	2.038e3
1600.9	2.211e3
1601.4	7.700e1
1602.0	2.024e3
1602.9	2.279e3
1604.0	2.432e3
1604.5	6.200e1
1605.1	1.975e3
1606.1	1.874e3
1606.6	3.400e1
1607.1	2.288e3
1607.7	1.070e2
1608.2	1.182e3
1608.7	9.000e1
1609.3	1.817e3
1610.1	1.228e3
1611.0	2.286e3
1611.5	4.300e2
1612.1	2.259e3
1612.8	6.320e2
1613.6	1.574e3
1614.3	3.940e2
1615.1	1.266e3
1616.0	2.027e3
1616.9	2.583e3
1617.6	4.550e2
1618.2	1.812e3
1619.3	2.150e3
1620.1	1.232e3
1621.0	1.872e3
1621.6	1.100e1
1622.2	2.242e3
1622.8	1.390e2
1623.3	2.035e3
1624.2	1.362e3
1625.1	2.088e3
1625.9	1.709e3
1626.8	1.769e3
1627.3	4.000e0
1627.8	1.102e3
1628.9	1.620e3
1629.6	4.090e2
1630.4	1.837e3
1631.0	6.670e2
1631.7	1.517e3
1632.3	1.100e1
1632.9	1.586e3
1633.9	1.924e3
1634.9	1.302e3
1635.8	1.684e3
1636.8	2.127e3
1637.5	4.190e2
1638.2	2.269e3
1638.7	6.400e1
1639.2	2.111e3
1639.9	3.540e2
1640.6	3.108e3
1641.5	2.029e3
1642.3	1.238e3
1643.2	8.770e2
1644.1	2.061e3
1645.1	2.135e3
1646.1	8.640e2
1646.7	1.650e3
1647.3	4.170e2
1648.0	1.764e3
1648.6	1.190e2
1649.2	1.455e3
1649.9	4.570e2
1650.6	2.116e3
1651.4	1.545e3
1652.0	2.980e2
1652.6	1.994e3
1653.3	8.600e2
1654.1	9.290e2
1655.1	6.330e2
1656.3	2.670e3
1656.8	6.900e1
1657.4	1.370e3
1658.1	6.330e2
1658.9	1.161e3
1659.8	1.607e3
1660.4	8.700e1
1661.1	1.625e3
1662.0	2.055e3
1662.6	3.700e1
1663.2	2.000e3
1664.2	1.250e3
1664.8	8.600e1
1665.4	1.354e3
1665.9	1.400e1
1666.5	1.434e3
1667.4	2.366e3
1667.9	1.710e2
1668.5	1.889e3
1669.3	8.600e2
1670.1	1.125e3
1670.9	8.510e2
1671.7	2.241e3
1672.6	1.340e3
1673.5	2.597e3
1674.2	2.910e2
1674.9	2.425e3
1675.7	9.050e2
1676.5	1.442e3
1677.4	1.077e3
1678.4	1.567e3
1679.5	1.684e3
1680.1	3.100e1
1680.6	2.136e3
1681.3	6.660e2
1682.1	2.169e3
1683.0	9.040e2
1683.8	1.984e3
1684.6	1.176e3
1685.6	1.512e3
1686.6	1.910e3
1687.5	1.596e3
1688.1	1.200e2
1688.6	1.611e3
1689.2	4.200e1
1689.7	1.905e3
1690.7	1.372e3
1691.7	1.803e3
1692.5	3.060e2
1693.2	1.390e3
1693.7	1.280e2
1694.3	2.318e3
1695.2	1.472e3
1695.8	4.650e2
1696.5	1.134e3
1697.6	1.698e3
1698.5	1.628e3
1699.6	1.108e3
1700.1	1.520e2
1700.8	1.670e3
1701.4	1.190e2
1702.1	2.322e3
1702.8	6.390e2
1703.6	1.689e3
1704.3	6.180e2
1705.1	1.261e3
1705.9	2.335e3
1706.5	3.510e2
1707.2	8.660e2
1707.9	2.040e2
1708.5	1.806e3
1709.4	9.910e2
1710.3	2.316e3
1711.2	1.175e3
1711.8	2.250e2
1712.5	2.386e3
1713.1	4.300e1
1713.6	8.660e2
1714.3	2.430e2
1714.9	1.703e3
1715.8	1.143e3
1716.8	1.235e3
1717.6	1.454e3
1718.8	9.950e2
1719.9	1.237e3
1720.9	1.478e3
1721.4	1.030e2
1721.9	1.757e3
1722.6	4.710e2
1723.5	2.149e3
1724.5	1.728e3
1725.4	1.435e3
1726.3	8.760e2
1727.2	1.355e3
1727.8	1.500e1
1728.3	1.030e3
1729.1	1.920e3
1729.8	1.410e2
1730.3	1.779e3
1731.3	1.658e3
1732.4	1.111e3
1733.2	7.280e2
1734.0	1.074e3
1734.9	8.450e2
1735.8	1.668e3
1736.3	1.400e1
1736.9	1.591e3
1737.4	4.000e0
1738.0	1.004e3
1738.7	6.600e1
1739.3	1.983e3
1740.3	1.590e3
1741.2	1.210e3
1742.0	2.110e2
1742.7	1.801e3
1743.6	3.190e2
1744.3	1.435e3
1744.9	2.620e2
1745.5	1.331e3
1746.5	2.032e3
1747.1	1.310e2
1747.6	1.189e3
1748.5	1.323e3
1749.2	7.470e2
1749.9	1.098e3
1750.5	1.000e2
1751.1	1.622e3
1752.0	1.783e3
1753.1	1.547e3
1754.0	7.990e2
1754.5	6.100e1
1755.1	1.663e3
1755.9	5.530e2
1756.5	5.600e1
1757.1	1.333e3
1758.2	9.810e2
1758.7	1.100e1
1759.3	1.514e3
1760.0	6.420e2
1760.7	9.920e2
1761.6	1.833e3
1762.3	6.090e2
1763.0	6.000e1
1763.6	1.541e3
1764.4	4.740e2
1765.3	1.280e3
1766.1	7.520e2
1766.9	2.067e3
1767.7	1.191e3
1768.6	1.297e3
1769.2	7.800e1
1769.8	1.791e3
1770.5	3.000e2
1771.2	2.019e3
1772.1	1.483e3
1772.7	1.580e2
1773.3	1.676e3
1774.3	1.536e3
1775.2	9.760e2
1776.2	2.116e3
1777.2	1.181e3
1777.7	4.000e0
1778.2	1.405e3
1778.9	4.960e2
1779.5	1.546e3
1780.5	1.362e3
1781.3	1.283e3
1782.2	1.046e3
1783.1	8.560e2
1784.1	1.885e3
1785.1	1.532e3
1785.6	4.600e1
1786.2	1.762e3
1787.1	6.160e2
1787.9	1.568e3
1788.4	1.470e2
1789.0	6.380e2
1789.9	1.639e3
1790.7	3.710e2
1791.4	2.735e3
1792.3	1.634e3
1793.2	8.580e2
1794.2	1.072e3
1795.3	1.543e3
1796.2	1.515e3
1796.9	2.430e2
1797.4	1.426e3
1798.2	1.837e3
1798.8	1.120e2
1799.4	1.100e3
1800.3	1.146e3
1801.3	9.210e2
1802.4	1.021e3
1803.2	1.939e3
1804.1	1.225e3
1805.0	1.457e3
1806.0	1.480e3
1806.7	1.950e2
1807.4	1.645e3
1808.3	9.630e2
1809.1	5.710e2
1809.6	5.900e1
1810.1	1.892e3
1811.2	1.504e3
1812.0	1.569e3
1813.0	1.449e3
1813.8	1.646e3
1814.8	1.833e3
1815.6	1.544e3
1816.2	3.880e2
1816.8	1.451e3
1817.5	6.320e2
1818.4	1.249e3
1819.4	1.255e3
1820.2	1.879e3
1821.1	1.119e3
1821.8	1.103e3
1822.8	1.101e3
1823.7	2.026e3
1824.6	1.849e3
1825.3	4.900e1
1826.0	1.965e3
1826.7	2.700e2
1827.3	1.706e3
1827.9	1.900e1
1828.4	1.166e3
1829.2	7.610e2
1830.2	1.911e3
1830.7	1.210e2
1831.4	1.017e3
1832.0	7.100e1
1832.7	1.113e3
1833.6	2.074e3
1834.6	7.430e2
1835.6	1.370e3
1836.3	4.500e2
1836.9	1.891e3
1837.8	7.710e2
1838.4	2.240e2
1839.0	8.700e2
1840.0	1.975e3
1840.9	4.770e2
1841.8	1.876e3
1842.4	3.690e2
1843.2	1.554e3
1844.0	9.360e2
1844.9	1.647e3
1845.8	9.400e2
1846.4	8.300e1
1847.0	8.520e2
1847.6	2.860e2
1848.3	1.742e3
1849.1	4.050e2
1849.9	2.046e3
1851.1	1.058e3
1851.6	4.300e1
1852.1	1.489e3
1852.7	7.000e1
1853.2	7.890e2
1854.1	1.175e3
1854.6	4.000e0
1855.1	9.640e2
1856.0	1.536e3
1857.0	7.400e2
1857.9	1.064e3
1858.8	1.240e3
1860.0	9.200e2
1861.0	8.870e2
1861.8	1.610e3
1862.5	4.280e2
1863.1	4.400e1
1863.7	1.618e3
1864.5	6.690e2
1865.5	6.210e2
1866.4	1.288e3
1867.3	1.217e3
1868.0	6.300e2
1869.0	1.395e3
1869.7	7.300e1
1870.5	1.142e3
1871.6	1.353e3
1872.5	1.037e3
1873.3	1.160e3
1874.1	2.340e2
1874.9	8.080e2
1875.8	1.250e3
1876.5	6.760e2
1877.4	1.623e3
1878.4	1.015e3
1879.0	1.590e2
1879.5	8.270e2
1880.4	1.518e3
1881.2	3.240e2
1881.9	1.280e3
1882.8	3.080e2
1883.5	1.659e3
1884.5	1.446e3
1885.3	3.740e2
1886.1	1.461e3
1887.1	1.510e3
1887.7	1.870e2
1888.3	1.613e3
1889.2	8.070e2
1889.8	8.500e1
1890.5	1.304e3
1891.2	2.110e2
1891.9	2.327e3
1892.6	2.190e2
1893.2	1.807e3
1894.1	1.603e3
1894.9	7.490e2
1895.8	1.822e3
1896.7	1.001e3
1897.2	9.600e1
1897.7	1.657e3
1898.4	6.200e2
1899.2	1.296e3
1900.3	9.610e2
1901.1	8.670e2
1901.7	6.000e1
1902.2	9.640e2
1903.2	1.029e3
1903.8	2.530e2
1904.4	1.212e3
1905.5	1.008e3
1906.5	1.478e3
1907.3	8.150e2
1908.1	8.200e2
1908.7	5.500e1
1909.3	1.435e3
1910.0	4.140e2
1911.0	1.808e3
1911.9	1.262e3
1912.8	6.070e2
1913.7	2.527e3
1914.6	1.315e3
1915.6	1.133e3
1916.2	2.200e2
1916.8	1.426e3
1917.3	2.600e1
1917.9	1.321e3
1919.0	1.162e3
1919.8	1.299e3
1920.4	5.300e1
1920.9	8.860e2
1921.9	1.336e3
1922.4	4.000e1
1923.0	1.150e3
1923.7	2.420e2
1924.4	1.881e3
1924.9	2.850e2
1925.6	1.640e3
1926.4	5.190e2
1927.3	9.580e2
1928.2	3.390e2
1928.8	1.445e3
1929.8	1.270e3
1930.8	2.231e3
1931.8	1.529e3
1932.7	6.740e2
1933.6	1.551e3
1934.5	9.230e2
1935.5	4.680e2
1936.2	1.930e3
1937.2	2.156e3
1938.3	1.659e3
1939.1	4.540e2
1939.7	9.330e2
1940.3	1.900e1
1940.8	1.172e3
1941.8	1.532e3
1942.8	1.573e3
1943.4	1.860e2
1944.0	1.059e3
1944.9	2.590e2
1945.5	1.586e3
1946.3	4.710e2
1947.1	1.014e3
1947.7	3.220e2
1948.6	1.218e3
1949.4	1.154e3
1950.2	3.560e2
1950.9	1.002e3
1951.8	1.200e3
1952.6	8.480e2
1953.7	1.213e3
1954.5	7.100e1
1955.0	4.570e2
1955.9	1.386e3
1956.8	7.380e2
1957.3	7.100e1
1958.0	9.490e2
1958.5	4.600e1
1959.1	1.292e3
1959.7	3.570e2
1960.3	1.748e3
1961.1	5.900e2
1961.9	1.616e3
1962.4	1.100e1
1963.0	1.226e3
1963.5	4.700e1
1964.1	2.071e3
1964.7	9.900e1
1965.2	1.511e3
1966.2	1.184e3
1967.0	7.570e2
1967.9	7.770e2
1968.7	1.572e3
1969.5	9.620e2
1970.3	3.000e2
1970.9	5.260e2
1971.8	1.335e3
1972.4	2.090e2
1973.0	1.719e3
1973.9	1.170e2
1974.7	1.485e3
1975.4	3.560e2
1976.1	9.080e2
1976.8	1.360e2
1977.5	1.907e3
1978.3	7.380e2
1979.2	1.154e3
1980.1	8.440e2
1980.8	1.410e2
1981.4	1.057e3
1982.0	1.430e2
1982.5	1.801e3
1983.2	2.820e2
1983.9	1.235e3
1984.7	6.110e2
1985.4	3.350e2
1986.0	1.076e3
1987.0	1.520e3
1987.9	5.750e2
1988.8	4.580e2
1989.5	1.042e3
1990.2	2.260e2
1990.8	1.213e3
1991.8	1.948e3
1992.9	5.580e2
1993.5	1.160e2
1994.1	4.730e2
1995.0	9.480e2
1995.6	7.300e1
1996.1	1.008e3
1996.7	2.170e2
1997.4	6.740e2
1998.2	1.001e3
1999.0	1.206e3
1999.8	3.540e2
