100.3	1.240e5
101.0	5.426e5
101.5	1.093e3
102.1	1.941e6
103.0	1.741e5
103.6	2.102e3
104.1	8.972e5
105.1	1.157e5
106.0	1.607e5
106.6	1.617e3
107.1	1.493e5
107.7	2.302e4
108.3	6.396e5
109.1	4.551e5
110.1	2.213e6
111.1	3.484e6
112.1	1.179e6
113.0	3.900e5
114.0	1.540e6
115.0	4.613e5
116.1	4.005e5
116.6	2.710e2
117.1	1.003e5
118.1	6.771e5
119.1	2.059e5
119.6	1.090e3
120.1	5.733e5
121.1	1.862e5
121.7	1.400e3
122.2	2.177e6
123.2	4.732e5
124.2	1.757e5
125.1	1.122e5
126.1	4.951e5
126.6	7.520e2
127.1	1.847e5
128.1	9.824e4
129.0	2.404e5
129.6	7.300e2
130.1	3.244e5
131.1	7.455e5
132.1	5.641e5
133.0	1.712e5
133.5	2.208e3
134.1	1.213e5
134.6	1.405e3
135.1	6.618e4
136.1	4.506e5
137.1	1.354e5
137.7	3.070e2
138.2	1.564e6
139.2	3.753e5
140.1	4.591e5
141.1	1.429e6
142.1	8.075e5
143.1	2.020e5
144.1	3.567e5
145.1	5.490e5
146.1	1.884e5
146.6	1.650e2
147.1	4.012e5
148.1	1.209e5
149.1	2.351e5
149.7	8.400e1
150.2	3.807e5
150.7	5.190e2
151.2	1.097e5
152.2	4.820e4
153.1	7.712e4
154.1	8.270e4
154.6	3.280e2
155.1	3.759e5
155.6	4.400e2
156.2	2.074e5
157.0	2.054e5
158.1	3.034e6
159.1	9.729e5
160.1	3.987e5
161.1	1.053e5
162.1	1.339e5
162.6	9.990e2
163.1	2.051e5
164.1	1.703e5
165.2	1.466e5
166.2	9.373e4
166.8	1.595e4
167.4	3.748e5
168.2	1.078e5
169.1	7.865e4
170.1	1.281e5
170.6	1.046e3
171.2	8.380e5
172.2	2.210e5
173.1	1.586e5
173.7	5.150e2
174.2	1.749e5
175.2	1.121e5
176.2	1.371e5
177.0	2.719e5
177.6	4.552e3
178.2	1.109e5
179.2	2.252e5
180.2	8.505e4
181.2	1.121e5
182.1	9.565e4
183.1	3.464e5
183.7	1.191e3
184.2	1.308e5
185.2	4.868e5
186.1	1.625e5
187.1	3.288e5
187.6	3.230e2
188.2	3.201e5
189.1	9.823e4
189.6	1.073e3
190.2	9.032e4
191.2	1.106e5
192.2	9.946e4
193.1	9.897e4
193.7	1.509e3
194.2	3.594e5
195.2	1.340e5
196.3	3.024e6
197.3	5.118e5
198.3	1.177e6
198.8	3.460e2
199.3	2.455e5
200.1	1.973e5
201.1	1.275e5
201.7	9.910e2
202.2	9.765e4
203.1	1.740e5
204.2	1.032e5
205.2	1.091e5
205.7	1.861e3
206.2	9.167e4
207.2	8.397e4
208.2	7.579e4
209.1	1.906e5
209.7	2.834e3
210.2	1.154e5
211.2	7.423e4
212.2	1.256e5
213.1	6.029e4
213.6	1.390e2
214.2	5.180e6
215.2	7.113e5
216.2	4.631e5
217.2	2.630e5
217.7	6.930e2
218.3	1.100e6
219.3	2.268e5
220.2	2.237e5
221.2	1.234e5
222.2	5.651e4
223.2	6.263e4
223.7	5.790e2
224.2	1.118e5
225.1	7.071e4
226.1	1.072e5
227.1	5.512e5
227.6	1.448e3
228.2	1.142e5
228.7	5.960e2
229.2	1.270e5
229.7	6.240e2
230.3	6.782e4
231.2	6.141e4
232.1	1.311e5
232.7	9.300e2
233.2	1.066e5
234.2	9.436e4
235.2	7.246e4
235.7	5.270e2
236.2	1.230e6
237.2	3.606e5
238.2	1.491e5
238.8	2.243e3
239.3	1.927e5
240.3	6.888e4
241.2	6.411e4
242.1	1.100e5
242.7	2.175e3
243.2	1.161e5
244.2	6.796e4
244.7	1.125e3
245.2	8.594e4
245.7	1.893e3
246.2	6.518e4
247.2	6.077e4
248.2	5.077e4
248.7	1.967e3
249.2	5.080e4
250.2	1.075e5
251.2	7.342e4
252.1	5.268e4
253.1	1.555e5
254.1	1.247e5
254.6	1.830e3
255.2	1.432e5
256.1	6.325e4
256.7	3.518e3
257.3	7.957e4
258.3	8.069e4
258.8	1.648e3
259.3	2.134e5
260.2	7.943e4
260.7	1.275e3
261.3	1.291e5
262.2	6.859e4
263.2	9.105e4
264.1	5.739e4
264.7	2.516e3
265.3	6.061e4
266.1	1.381e5
266.8	5.439e3
267.3	1.337e5
268.3	6.457e4
269.3	4.257e4
270.2	4.824e4
271.1	9.601e4
271.6	1.180e3
272.2	7.354e4
273.2	7.507e4
273.7	1.160e3
274.3	7.218e4
275.2	5.812e4
276.2	5.458e4
276.7	7.990e2
277.2	1.213e5
278.2	1.157e5
278.7	1.945e3
279.3	1.237e5
280.3	8.716e4
281.2	7.424e4
282.2	7.426e4
283.2	8.475e4
283.8	9.990e2
284.3	7.639e4
285.3	7.279e4
286.2	4.399e4
287.1	5.327e4
287.7	6.190e2
288.2	5.144e4
289.2	1.025e5
289.7	2.249e3
290.3	5.272e4
291.2	4.252e4
292.2	4.959e4
292.7	6.850e2
293.2	4.145e4
294.2	9.579e4
294.7	9.030e2
295.2	6.982e4
296.2	9.311e4
296.7	9.980e2
297.3	5.518e4
298.2	8.579e4
298.7	6.320e2
299.2	4.687e4
300.2	4.102e4
300.7	1.026e3
301.3	1.095e5
302.2	5.494e4
302.8	8.200e2
303.3	6.750e4
304.2	4.845e4
304.7	1.613e3
305.2	8.915e4
306.2	4.580e4
307.2	6.941e4
308.2	6.627e4
309.2	5.682e4
310.2	4.877e4
310.8	1.294e3
311.3	9.962e4
312.3	5.180e4
312.8	2.325e3
313.4	1.504e5
314.3	8.044e4
315.2	5.068e4
316.2	7.608e4
316.7	2.780e2
317.2	6.886e4
317.8	2.038e3
318.3	4.573e4
319.3	6.668e4
320.2	4.316e4
321.2	6.459e4
322.2	4.202e4
322.8	1.850e3
323.3	4.957e4
324.3	3.484e4
324.8	2.915e3
325.4	1.268e5
326.3	8.030e4
327.3	6.492e4
328.2	5.152e4
329.1	8.215e4
329.7	4.681e3
330.3	5.800e4
331.3	1.726e5
332.2	1.023e5
332.8	1.038e3
333.3	8.092e4
334.2	5.833e4
334.7	8.740e2
335.3	6.084e4
335.8	1.162e3
336.3	4.420e4
336.8	2.620e3
337.4	8.513e4
338.4	6.705e4
338.9	1.772e3
339.4	1.680e5
340.3	7.277e4
340.8	5.387e3
341.4	2.005e5
342.4	7.929e4
343.4	5.285e4
344.2	4.244e4
345.2	3.991e4
346.2	3.673e4
346.8	1.414e3
347.3	7.241e4
348.2	6.628e4
348.7	2.572e3
349.3	1.282e5
349.8	2.141e3
350.3	6.629e4
351.3	5.639e4
352.3	4.827e4
352.8	2.839e3
353.4	1.529e5
354.3	1.291e5
354.8	2.423e3
355.3	1.878e5
356.3	6.765e4
357.3	7.042e4
358.2	4.843e4
358.8	5.177e3
359.4	1.838e5
360.4	7.669e4
361.3	6.918e4
362.2	3.826e4
363.1	1.480e5
364.1	3.974e4
364.7	2.737e3
365.3	1.516e5
366.2	4.792e4
366.8	1.965e3
367.3	6.392e4
368.3	3.835e4
368.9	3.160e3
369.5	3.089e5
370.0	8.910e2
370.5	1.143e5
371.4	5.779e4
372.3	4.104e4
373.2	4.170e4
374.2	3.129e4
374.8	1.774e3
375.3	5.302e4
376.2	4.461e4
376.8	4.258e3
377.4	7.321e4
378.3	4.301e4
379.3	6.920e4
380.3	4.693e4
380.8	4.027e3
381.4	1.332e5
382.4	4.934e4
382.9	3.538e3
383.5	1.664e5
384.0	5.830e2
384.5	6.152e4
385.5	5.995e4
386.3	4.380e4
386.9	4.681e3
387.5	5.705e4
388.3	2.668e4
389.2	4.098e4
389.7	1.104e3
390.3	2.809e4
390.9	2.345e3
391.4	7.124e4
392.3	4.346e4
392.9	1.210e3
393.4	1.247e5
393.9	1.820e3
394.5	7.604e4
395.4	5.621e4
396.3	3.314e4
396.9	3.264e3
397.5	9.006e4
398.4	4.630e4
398.9	8.680e2
399.4	1.388e5
399.9	7.710e2
400.5	5.108e4
401.4	5.687e4
402.2	6.943e4
402.7	8.290e2
403.2	3.903e4
404.2	2.779e4
404.8	5.225e3
405.4	5.716e4
406.3	3.648e4
407.3	4.594e4
407.9	2.231e3
408.4	4.510e4
409.4	1.160e5
410.3	4.911e4
410.9	3.525e3
411.5	5.047e4
412.4	3.432e4
412.9	1.508e3
413.5	2.498e5
414.0	2.226e3
414.5	8.488e4
415.5	6.232e4
416.0	8.150e3
416.6	9.200e4
417.5	3.937e4
418.4	2.381e4
418.9	6.410e2
419.4	3.950e4
420.4	3.492e4
421.4	5.711e4
422.3	3.405e4
422.9	5.986e3
423.5	1.035e5
424.4	4.087e4
425.4	6.137e4
426.3	3.350e4
426.9	4.215e3
427.5	1.698e5
428.5	6.790e4
429.5	6.152e4
430.4	4.906e4
431.2	1.624e5
432.0	4.779e4
432.6	4.338e3
433.2	3.088e4
433.8	2.578e3
434.4	3.412e4
434.9	1.010e3
435.4	5.766e4
436.4	4.233e4
436.9	9.150e2
437.4	5.731e4
438.0	3.217e3
438.5	1.406e5
439.4	6.842e4
440.4	2.763e4
440.9	2.919e3
441.5	1.132e5
442.0	2.186e3
442.5	4.808e4
443.5	1.342e5
444.0	9.240e2
444.5	6.127e4
445.1	3.902e3
445.6	1.384e5
446.5	4.564e4
447.4	3.883e4
448.4	2.892e4
448.9	8.390e2
449.4	5.761e4
450.4	3.993e4
451.3	6.515e4
451.9	3.043e3
452.5	9.158e4
453.4	8.326e4
454.4	8.555e4
454.9	1.656e3
455.5	5.793e4
456.5	4.002e4
457.0	2.579e3
457.5	2.027e5
458.5	7.452e4
459.5	7.414e4
460.1	7.810e2
460.6	1.107e5
461.4	4.910e4
462.4	2.754e4
463.3	4.541e4
463.9	3.003e3
464.5	1.061e5
465.4	6.847e4
465.9	7.000e0
466.5	8.406e4
467.0	1.252e3
467.6	1.305e5
468.4	5.345e4
469.2	1.906e4
469.8	6.435e4
470.6	2.459e4
471.6	1.875e5
472.5	6.634e4
473.5	7.275e4
474.0	3.422e3
474.6	9.221e4
475.5	8.434e4
476.4	5.325e4
476.9	1.890e3
477.5	3.403e4
478.0	1.756e3
478.5	3.170e4
479.4	7.798e4
480.4	8.662e4
481.0	1.150e3
481.5	7.882e4
482.0	1.002e3
482.6	1.404e5
483.5	5.345e4
484.4	2.672e4
485.0	2.224e3
485.6	1.136e5
486.5	7.115e4
487.5	1.457e5
488.0	1.579e3
488.5	6.535e4
489.1	4.465e3
489.7	1.259e5
490.5	4.431e4
491.4	2.874e4
492.4	2.629e4
493.0	5.062e3
493.6	5.584e4
494.5	4.369e4
495.4	9.024e4
496.0	3.886e3
496.6	1.920e5
497.5	1.203e5
498.4	4.971e4
499.3	9.598e4
499.8	1.253e3
500.4	4.377e4
501.0	7.642e3
501.6	1.988e5
502.5	1.009e5
503.5	6.918e4
504.5	1.135e5
505.5	5.319e4
506.4	2.287e4
506.9	1.622e3
507.5	3.729e4
508.4	4.692e4
509.3	8.318e4
509.9	9.463e3
510.5	5.858e4
511.5	1.344e5
512.4	5.412e4
513.0	3.447e3
513.5	4.566e4
514.1	3.129e3
514.6	2.928e4
515.6	2.060e5
516.6	9.505e4
517.5	5.355e4
518.5	1.346e5
519.5	8.177e4
520.5	5.348e4
521.4	3.233e4
522.0	2.591e3
522.6	7.801e4
523.5	6.819e4
524.5	8.395e4
525.0	1.863e3
525.5	7.445e4
526.5	9.515e4
527.4	1.445e5
527.9	8.270e2
528.4	4.636e4
529.0	4.298e3
529.6	1.107e5
530.6	5.994e4
531.5	1.302e5
532.0	1.939e3
532.5	6.165e4
533.1	7.750e2
533.6	9.699e4
534.5	4.212e4
535.4	2.947e4
536.4	3.328e4
537.3	3.625e4
538.1	7.382e4
538.8	1.185e4
539.4	5.412e4
540.1	7.135e3
540.7	1.129e5
541.6	6.271e4
542.5	3.707e4
543.5	6.237e4
544.0	1.709e3
544.6	6.210e4
545.6	1.695e5
546.6	7.073e4
547.1	1.324e3
547.6	5.593e4
548.6	8.247e4
549.5	3.342e4
550.0	1.178e3
550.6	2.485e4
551.2	2.494e3
551.7	3.878e4
552.6	2.996e4
553.5	5.686e4
554.1	5.256e3
554.6	5.581e4
555.7	9.233e4
556.5	4.484e4
557.5	3.466e4
558.4	2.750e4
559.0	2.715e3
559.6	1.545e5
560.2	1.262e3
560.7	8.441e4
561.6	5.094e4
562.1	5.050e2
562.6	5.460e4
563.6	4.854e4
564.5	2.626e4
565.3	1.489e4
566.2	2.553e4
567.1	7.222e4
567.8	1.576e4
568.5	4.971e4
569.0	3.005e3
569.6	4.616e4
570.1	1.507e3
570.7	7.101e4
571.5	4.279e4
572.1	1.136e3
572.6	2.297e4
573.6	9.058e4
574.6	4.657e4
575.5	9.466e4
576.6	4.261e4
577.4	1.084e5
578.4	5.756e4
578.9	7.340e2
579.4	3.008e4
580.4	2.329e4
581.0	7.839e3
581.7	3.590e4
582.2	7.600e2
582.8	3.868e4
583.6	3.078e4
584.2	1.890e3
584.7	6.498e4
585.6	3.711e4
586.5	3.482e4
587.0	2.368e3
587.6	4.920e4
588.6	2.747e4
589.1	1.040e3
589.6	1.163e5
590.2	1.098e3
590.7	5.847e4
591.6	3.577e4
592.2	4.384e3
592.8	4.960e4
593.7	2.733e4
594.5	1.917e4
595.5	2.737e4
596.5	2.963e4
597.4	4.064e4
598.0	3.051e3
598.6	3.948e4
599.4	9.429e4
600.3	4.385e4
600.9	4.962e3
601.5	3.228e4
602.0	1.790e2
602.6	1.587e4
603.1	1.747e3
603.7	1.119e5
604.2	3.560e2
604.7	6.226e4
605.3	8.641e3
605.9	4.982e4
606.8	3.228e4
607.8	2.927e4
608.3	4.320e2
608.8	2.079e4
609.5	1.250e4
610.3	2.746e4
610.9	2.946e3
611.5	3.390e4
612.0	2.070e3
612.6	4.084e4
613.6	3.892e4
614.1	2.011e3
614.7	4.875e4
615.5	3.665e4
616.4	2.208e4
617.1	2.914e3
617.7	7.142e4
618.6	3.592e4
619.6	7.064e4
620.6	3.177e4
621.2	6.144e3
621.9	4.098e4
622.8	2.235e4
623.7	1.629e4
624.5	7.512e3
625.3	2.371e4
625.9	3.142e3
626.5	3.140e4
627.5	3.650e4
628.1	5.540e3
628.8	5.006e4
629.7	2.803e4
630.6	1.619e4
631.6	3.820e4
632.2	1.766e3
632.7	2.195e4
633.7	9.468e4
634.3	5.194e3
634.9	6.764e4
635.8	2.808e4
636.4	5.242e3
636.9	3.224e4
637.7	1.278e4
638.5	2.326e4
639.5	2.373e4
640.5	1.348e4
641.3	3.627e4
642.3	2.795e4
643.2	5.012e4
644.1	3.190e4
644.8	6.658e3
645.6	2.650e4
646.5	1.849e4
647.1	2.599e3
647.7	9.823e4
648.2	9.430e2
648.8	5.341e4
649.7	3.274e4
650.3	5.240e2
650.8	2.438e4
651.7	2.207e4
652.6	1.538e4
653.2	1.137e3
653.7	1.643e4
654.7	1.335e4
655.6	2.882e4
656.6	3.547e4
657.2	6.920e2
657.7	3.217e4
658.5	1.367e4
659.2	3.658e4
660.2	2.303e4
660.8	1.003e4
661.6	6.360e4
662.2	9.640e2
662.7	3.706e4
663.7	2.278e5
664.7	1.158e5
665.7	4.920e4
666.6	1.882e4
667.4	2.294e4
668.3	1.640e4
668.9	2.301e3
669.5	2.925e4
670.0	2.287e3
670.6	3.713e4
671.1	1.480e3
671.6	3.525e4
672.2	2.683e3
672.8	3.811e4
673.3	8.350e2
673.9	3.648e4
674.8	1.817e4
675.7	3.947e4
676.2	3.510e2
676.7	2.566e4
677.7	8.198e4
678.7	3.829e4
679.7	2.330e4
680.3	1.483e3
680.9	2.078e4
681.8	1.355e4
682.7	1.078e4
683.6	2.416e4
684.5	2.574e4
685.1	1.665e3
685.7	9.943e5
686.7	5.047e5
687.7	1.468e5
688.2	9.480e2
688.7	4.043e4
689.7	3.152e4
690.2	1.061e3
690.8	2.028e4
691.7	8.550e4
692.3	4.960e2
692.8	4.586e4
693.7	2.696e4
694.3	1.337e3
694.9	2.108e4
695.7	1.077e4
696.6	1.526e4
697.1	9.160e2
697.7	1.624e4
698.7	1.390e4
699.7	2.788e4
700.7	2.876e4
701.7	9.053e4
702.3	2.606e3
702.9	9.305e4
703.7	4.457e4
704.6	2.152e4
705.2	1.139e3
705.8	5.288e4
706.7	3.143e4
707.7	4.940e4
708.2	8.470e2
708.7	2.161e5
709.8	1.244e5
710.8	4.406e4
711.8	2.079e4
712.3	1.060e3
712.9	1.568e4
713.8	2.238e4
714.7	1.659e4
715.6	2.142e4
716.2	2.521e3
716.8	3.208e4
717.8	2.357e4
718.3	2.430e2
718.8	1.979e4
719.8	3.838e4
720.7	2.160e4
721.7	7.139e4
722.7	5.474e4
723.6	2.296e4
724.5	6.436e4
725.0	2.310e2
725.5	8.053e4
726.1	1.128e3
726.7	2.197e5
727.7	1.091e5
728.2	5.720e2
728.7	5.441e4
729.7	3.163e4
730.2	2.008e3
730.7	3.175e4
731.3	1.890e3
731.9	2.550e4
732.8	1.934e4
733.8	2.289e4
734.3	2.930e2
734.8	2.159e4
735.8	6.954e4
736.3	4.700e2
736.8	5.609e4
737.8	3.182e4
738.7	2.577e4
739.7	1.480e4
740.4	4.238e3
741.1	1.448e4
742.1	2.720e4
742.9	1.402e4
743.8	1.874e4
744.8	2.441e4
745.7	2.583e4
746.2	6.670e2
746.8	2.252e4
747.6	1.652e4
748.5	2.685e4
749.2	2.649e3
749.8	5.755e4
750.7	4.159e4
751.2	6.240e2
751.7	4.148e4
752.7	2.082e4
753.7	5.167e4
754.7	3.382e4
755.6	2.017e4
756.2	8.760e2
756.8	2.428e4
757.3	8.810e2
757.8	2.533e4
758.7	1.807e4
759.5	2.187e4
760.2	4.008e3
760.8	3.201e4
761.8	2.043e4
762.7	1.315e4
763.7	2.901e4
764.2	5.480e2
764.8	2.092e4
765.8	4.957e4
766.8	2.998e4
767.3	2.058e3
767.9	2.094e4
768.7	8.254e3
769.5	1.706e4
770.3	8.518e3
771.0	4.218e4
771.9	2.042e4
772.4	9.330e2
773.0	1.855e4
773.9	1.664e4
774.9	2.205e4
775.8	1.209e4
776.6	1.561e4
777.2	2.486e3
777.8	1.666e4
778.8	1.967e4
779.8	5.171e4
780.3	8.800e2
780.8	3.259e4
781.3	3.200e2
781.8	2.063e4
782.7	1.363e4
783.5	1.802e4
784.0	1.193e3
784.6	1.755e4
785.2	1.367e3
785.7	1.591e4
786.4	3.113e3
787.0	2.566e4
787.9	1.984e4
788.8	1.821e4
789.8	2.050e4
790.7	1.084e4
791.4	2.748e4
792.0	2.158e3
792.6	1.771e4
793.2	3.185e3
793.8	3.371e4
794.8	2.109e4
795.8	2.394e4
796.7	1.616e4
797.6	1.554e4
798.2	1.608e3
798.8	1.251e4
799.8	1.673e4
800.3	4.090e2
800.8	1.639e4
801.8	1.790e4
802.3	1.630e3
802.9	1.939e4
803.8	1.605e4
804.8	1.789e4
805.8	1.619e4
806.8	1.464e4
807.8	2.534e4
808.3	1.182e3
808.9	1.891e4
809.9	4.071e4
810.4	6.300e1
810.9	2.440e4
811.8	1.107e4
812.4	7.680e2
812.9	1.459e4
813.8	1.085e4
814.7	1.015e4
815.2	4.940e2
815.7	9.934e3
816.6	1.492e4
817.2	3.720e2
817.7	1.341e4
818.5	7.040e3
819.2	1.879e4
819.9	5.773e3
820.6	1.089e4
821.1	1.230e2
821.6	1.431e4
822.3	1.708e3
822.9	1.432e4
823.8	3.299e4
824.8	2.335e4
825.3	2.140e2
825.9	1.758e4
826.4	5.800e1
826.9	1.268e4
827.8	1.100e4
828.4	1.010e2
828.9	8.394e3
829.8	1.177e4
830.7	4.755e3
831.4	1.173e4
832.1	5.243e3
832.9	1.191e4
833.9	2.053e4
834.4	4.880e2
834.9	1.647e4
835.9	1.497e4
836.9	1.069e4
837.8	1.995e4
838.5	1.904e3
839.1	3.042e4
840.0	1.996e4
840.5	7.640e2
841.0	1.344e4
841.9	1.128e4
842.9	9.681e3
843.8	7.459e3
844.8	1.081e4
845.3	3.870e2
845.8	1.501e4
846.7	5.664e3
847.4	2.156e4
848.1	4.740e3
848.9	1.568e4
849.4	4.430e2
849.9	1.144e4
850.5	1.249e3
851.0	1.069e4
852.0	1.635e4
853.0	1.015e4
853.8	2.694e4
854.3	7.900e2
854.9	1.825e4
855.9	1.346e4
856.7	6.380e3
857.6	1.174e4
858.2	2.179e3
858.8	1.419e4
859.3	2.310e2
859.9	1.187e4
860.4	5.280e2
861.0	1.085e4
861.9	1.152e4
862.9	1.718e4
863.8	1.049e4
864.4	4.900e2
864.9	9.193e3
865.9	1.208e4
866.9	9.237e3
867.4	1.240e2
867.9	2.408e4
868.9	1.748e4
869.4	1.390e2
870.0	1.245e4
870.6	2.664e3
871.3	1.239e4
872.1	3.688e3
872.9	1.215e4
873.8	1.090e4
874.8	8.291e3
875.6	1.428e4
876.2	2.354e3
876.9	1.290e4
877.5	6.870e2
878.0	2.264e4
879.0	1.581e4
880.0	8.930e3
880.9	1.405e4
881.9	1.926e4
882.9	1.316e4
883.8	1.371e4
884.8	1.146e4
885.4	1.296e3
885.9	1.020e4
886.9	9.621e3
887.4	4.950e2
888.0	8.053e3
888.9	7.605e3
889.8	1.157e4
890.5	5.522e3
891.3	1.254e4
892.1	5.879e3
892.9	1.038e4
893.8	7.483e3
894.6	8.563e3
895.2	1.770e2
895.7	9.467e3
896.4	1.540e3
897.0	1.045e4
897.9	1.832e4
898.5	1.534e3
899.1	1.531e4
900.0	7.959e3
900.9	9.114e3
901.4	3.020e2
901.9	1.915e4
902.9	1.497e4
903.9	1.199e4
904.9	1.060e4
905.9	8.802e3
906.5	1.090e3
907.1	2.298e4
907.9	1.519e4
908.9	1.463e4
909.5	1.366e3
910.0	1.078e4
911.0	8.714e3
911.9	1.766e4
912.4	2.080e2
912.9	1.484e4
913.8	7.713e3
914.6	9.209e3
915.2	1.512e3
915.9	9.107e3
916.5	1.254e3
917.1	1.204e4
918.0	1.024e4
918.9	8.530e3
919.9	9.539e3
920.5	8.020e2
921.0	9.768e3
922.0	1.195e4
923.0	1.135e4
924.0	1.466e4
924.9	6.887e3
925.4	2.340e2
926.0	1.874e4
926.8	7.486e3
927.6	1.550e4
928.6	8.404e3
929.3	1.451e3
929.9	9.228e3
930.4	4.690e2
931.0	8.151e3
931.9	7.826e3
932.8	8.286e3
933.4	2.069e3
934.0	1.030e4
934.5	1.210e2
935.0	1.002e4
936.0	9.772e3
936.7	4.764e3
937.5	9.881e3
938.1	1.348e3
938.7	8.684e3
939.2	1.740e2
939.7	1.180e4
940.3	1.358e3
940.9	1.128e4
941.9	1.183e4
942.9	1.234e4
943.4	1.178e3
944.1	9.013e3
945.0	6.533e3
945.6	8.300e1
946.1	1.560e4
947.1	9.637e3
948.0	8.548e3
948.6	7.180e2
949.1	1.276e4
950.1	8.101e3
950.8	6.785e3
951.6	1.004e4
952.3	3.113e3
953.0	9.394e3
953.6	1.611e3
954.2	1.095e4
955.1	7.764e3
956.1	1.627e4
957.0	8.293e3
957.9	1.156e4
958.4	7.110e2
958.9	1.115e4
959.5	1.840e2
960.0	7.085e3
961.0	8.090e3
961.8	9.229e3
962.4	3.890e2
962.9	8.161e3
963.8	1.007e4
964.7	1.390e4
965.4	2.930e3
966.0	1.073e4
966.6	4.630e2
967.1	9.340e3
968.1	9.534e3
969.1	9.545e3
970.1	1.435e4
971.0	8.128e3
972.0	1.275e4
972.8	5.719e3
973.7	9.184e3
974.4	3.990e3
975.1	1.863e4
976.0	1.093e4
976.9	7.308e3
977.9	2.585e4
978.4	7.860e2
979.0	1.978e4
979.5	2.180e2
980.0	1.439e4
980.6	1.076e3
981.2	1.134e4
982.0	7.240e3
982.9	1.024e4
983.8	1.359e4
984.5	3.167e3
985.1	1.488e4
986.0	1.042e4
986.6	6.620e2
987.1	9.805e3
988.1	7.500e3
989.0	1.095e4
989.9	6.017e3
990.8	9.569e3
991.4	7.340e2
992.0	1.037e4
992.8	2.928e3
993.4	1.190e4
994.1	3.651e3
994.8	1.323e4
995.8	9.986e3
996.7	7.650e3
997.3	1.332e3
997.9	1.254e4
998.5	5.670e2
999.0	9.765e3
1000.0	8.662e3
1000.8	1.287e4
1001.8	1.044e4
1002.7	6.813e3
1003.5	4.662e3
1004.4	9.688e3
1005.0	2.161e3
1005.7	9.896e3
1006.6	8.567e3
1007.3	2.322e3
1008.0	7.846e3
1008.9	6.771e3
1009.8	1.172e4
1010.7	9.297e3
1011.3	2.188e3
1011.9	8.079e3
1012.8	1.275e4
1013.4	3.473e3
1014.1	1.738e4
1015.1	1.162e4
1015.6	7.460e2
1016.2	1.240e4
1017.2	1.092e4
1017.9	4.796e3
1018.6	5.456e3
1019.5	1.091e4
1020.2	2.087e3
1020.9	6.214e3
1021.5	5.180e2
1022.2	9.468e3
1022.8	1.060e3
1023.4	9.373e3
1024.2	6.961e3
1024.9	3.831e3
1025.6	9.637e3
1026.2	1.656e3
1026.8	8.018e3
1027.8	1.267e4
1028.3	1.289e3
1028.9	1.143e4
1029.8	9.664e3
1030.4	8.250e2
1031.0	1.098e4
1031.9	5.970e3
1032.5	9.700e2
1033.1	7.178e3
1034.0	9.424e3
1034.6	6.640e2
1035.1	9.655e3
1036.0	5.383e3
1037.0	8.701e3
1037.5	8.950e2
1038.1	8.069e3
1038.9	6.253e3
1039.7	1.122e4
1040.5	5.918e3
1041.2	3.333e3
1042.0	1.127e4
1042.6	1.476e3
1043.2	1.942e4
1044.0	7.705e3
1044.9	1.031e4
1045.9	1.086e4
1046.4	9.450e2
1047.0	9.162e3
1047.8	3.915e3
1048.6	9.113e3
1049.5	8.535e3
1050.4	5.242e3
1051.2	7.110e3
1052.1	8.684e3
1052.7	1.909e3
1053.4	8.031e3
1054.3	7.201e3
1055.2	8.427e3
1056.1	1.586e4
1057.0	1.293e4
1057.9	9.114e3
1058.7	1.187e4
1059.4	3.242e3
1060.1	9.523e3
1060.9	3.345e3
1061.7	9.921e3
1062.7	6.791e3
1063.6	9.203e3
1064.6	7.347e3
1065.2	1.144e3
1065.8	8.911e3
1066.7	5.807e3
1067.2	3.990e2
1067.8	7.288e3
1068.4	1.057e3
1069.0	9.689e3
1069.6	1.628e3
1070.3	7.552e3
1071.2	7.582e3
1072.2	1.224e4
1073.1	4.052e3
1073.9	1.086e4
1074.4	1.630e2
1074.9	1.045e4
1075.5	1.224e3
1076.0	1.590e4
1077.0	1.617e4
1077.6	1.424e3
1078.1	1.071e4
1079.1	8.679e3
1079.6	1.909e3
1080.2	7.640e3
1080.7	3.190e2
1081.3	8.920e3
1082.2	1.111e4
1083.1	6.268e3
1084.1	9.735e3
1084.9	4.973e3
1085.8	1.030e4
1086.3	7.050e2
1086.8	8.542e3
1087.4	1.555e3
1088.0	7.884e3
1088.5	3.010e2
1089.1	8.187e3
1090.1	1.098e4
1091.1	7.676e3
1091.7	9.760e2
1092.3	8.750e3
1093.2	4.883e3
1094.2	6.341e3
1094.8	1.882e3
1095.5	5.092e3
1096.4	1.029e4
1097.0	3.510e2
1097.5	6.556e3
1098.4	7.693e3
1099.1	3.111e3
1099.8	9.379e3
1100.3	3.150e2
1100.8	7.065e3
1101.9	7.206e3
1102.8	6.882e3
1103.7	6.310e3
1104.6	7.628e3
1105.4	3.486e3
1106.2	6.310e3
1107.2	7.741e3
1108.2	8.196e3
1109.1	7.093e3
1110.0	4.992e3
1111.0	1.319e4
1111.6	5.460e2
1112.1	8.176e3
1112.7	1.319e3
1113.3	8.760e3
1114.2	6.058e3
1115.2	7.215e3
1116.2	7.916e3
1116.7	1.390e2
1117.2	5.545e3
1118.1	7.806e3
1118.6	3.290e2
1119.2	9.480e3
1120.1	4.367e3
1120.8	1.378e4
1121.5	3.340e3
1122.4	9.445e3
1123.1	3.090e3
1123.9	1.043e4
1124.6	7.120e2
1125.2	7.462e3
1125.7	3.750e2
1126.3	7.369e3
1127.2	4.980e3
1128.0	9.044e3
1128.6	2.650e2
1129.1	6.365e3
1130.1	6.067e3
1130.9	6.612e3
1131.5	5.800e1
1132.0	8.793e3
1132.9	8.126e3
1133.9	7.947e3
1134.9	5.757e3
1135.7	2.100e3
1136.4	7.386e3
1137.4	8.384e3
1138.2	4.431e3
1139.0	5.914e3
1140.0	6.374e3
1140.9	3.870e3
1141.8	1.030e4
1142.6	3.770e3
1143.3	6.748e3
1144.3	8.036e3
1144.9	4.164e3
1145.6	7.295e3
1146.5	7.044e3
1147.2	2.176e3
1148.0	6.734e3
1148.9	5.688e3
1149.9	8.580e3
1150.9	9.622e3
1151.9	6.729e3
1152.7	3.134e3
1153.5	9.112e3
1154.0	2.270e2
1154.6	7.220e3
1155.2	1.070e3
1155.8	7.298e3
1156.4	6.890e2
1156.9	7.287e3
1157.5	7.000e1
1158.0	1.365e4
1158.5	1.004e3
1159.1	1.260e4
1160.1	1.057e4
1160.9	3.789e3
1161.7	9.291e3
1162.5	3.640e3
1163.2	8.623e3
1164.1	3.612e3
1165.1	8.833e3
1165.6	5.200e1
1166.1	7.230e3
1167.1	6.147e3
1168.1	8.722e3
1168.6	3.130e2
1169.1	6.487e3
1169.7	5.820e2
1170.3	6.986e3
1171.2	7.503e3
1172.2	5.648e3
1173.2	8.286e3
1173.8	8.060e2
1174.4	7.507e3
1175.3	4.883e3
1176.2	8.155e3
1176.8	1.288e3
1177.5	7.979e3
1178.3	5.244e3
1179.2	8.642e3
1180.2	7.517e3
1181.0	3.190e3
1181.8	5.256e3
1182.7	7.303e3
1183.5	2.665e3
1184.3	5.865e3
1185.0	1.537e3
1185.7	1.314e4
1186.5	3.546e3
1187.2	7.092e3
1188.0	3.813e3
1188.6	1.698e3
1189.2	6.381e3
1189.9	1.514e3
1190.6	7.814e3
1191.3	1.552e3
1192.0	8.101e3
1192.6	1.705e3
1193.2	7.694e3
1194.1	8.304e3
1195.1	5.238e3
1195.7	6.010e2
1196.2	7.794e3
1197.1	4.140e3
1197.9	7.216e3
1198.4	5.400e1
1199.0	5.856e3
1199.8	1.235e4
1200.3	5.500e2
1200.9	7.121e3
1201.5	1.950e2
1202.0	7.488e3
1203.0	5.466e3
1203.9	8.363e3
1204.6	2.506e3
1205.3	7.003e3
1205.9	1.840e2
1206.4	5.812e3
1207.0	6.980e2
1207.5	8.298e3
1208.3	4.032e3
1209.2	7.511e3
1210.1	7.013e3
1210.6	4.260e2
1211.2	5.793e3
1212.1	7.305e3
1213.1	5.315e3
1213.9	8.475e3
1214.8	7.397e3
1215.4	1.253e3
1216.0	7.416e3
1217.0	8.440e3
1217.5	1.033e3
1218.1	9.638e3
1219.1	6.181e3
1220.0	8.609e3
1220.8	2.710e3
1221.5	9.553e3
1222.2	2.435e3
1222.9	6.323e3
1223.8	8.435e3
1224.7	7.004e3
1225.6	1.311e4
1226.6	9.760e3
1227.2	2.130e2
1227.7	1.418e4
1228.2	3.890e2
1228.7	9.921e3
1229.3	1.700e2
1229.8	8.295e3
1230.7	6.775e3
1231.3	4.350e2
1231.8	1.006e4
1232.3	9.900e1
1232.8	6.145e3
1233.5	2.302e3
1234.2	6.202e3
1235.1	7.167e3
1235.7	8.840e2
1236.3	7.052e3
1237.1	3.354e3
1237.8	6.769e3
1238.4	7.420e2
1239.0	8.740e3
1239.9	3.653e3
1240.8	7.226e3
1241.3	4.060e2
1241.9	6.243e3
1242.9	8.861e3
1243.6	3.184e3
1244.4	1.015e4
1245.4	6.187e3
1246.3	6.410e3
1247.3	8.718e3
1248.1	5.955e3
1249.0	5.196e3
1249.5	3.730e2
1250.1	6.866e3
1251.0	4.549e3
1251.9	6.867e3
1252.4	1.390e2
1252.9	6.283e3
1253.7	2.069e3
1254.4	6.916e3
1255.3	3.909e3
1255.8	2.500e2
1256.3	6.885e3
1257.2	4.751e3
1258.1	8.176e3
1258.6	5.940e2
1259.1	4.249e3
1260.0	5.185e3
1260.9	7.622e3
1261.4	2.750e2
1262.0	6.945e3
1262.9	6.513e3
1263.6	3.445e3
1264.4	7.282e3
1265.3	5.183e3
1266.2	7.116e3
1267.2	5.007e3
1267.8	1.308e3
1268.4	5.613e3
1269.3	3.116e3
1270.1	6.177e3
1271.0	7.332e3
1272.0	7.006e3
1272.9	7.671e3
1273.8	1.571e3
1274.4	7.092e3
1275.0	6.250e2
1275.6	8.550e3
1276.4	4.545e3
1277.3	6.713e3
1278.0	2.977e3
1278.7	7.493e3
1279.3	6.810e2
1279.9	7.866e3
1280.5	1.233e3
1281.1	7.307e3
1281.7	5.050e2
1282.3	6.742e3
1283.3	7.005e3
1284.2	9.328e3
1285.2	1.017e4
1286.1	9.935e3
1287.1	7.878e3
1287.6	5.760e2
1288.2	6.731e3
1289.2	7.234e3
1290.2	7.161e3
1290.7	5.320e2
1291.2	7.177e3
1291.9	9.630e2
1292.5	6.633e3
1293.4	2.938e3
1294.2	6.615e3
1294.7	2.420e2
1295.3	9.194e3
1295.9	1.626e3
1296.5	6.443e3
1297.5	7.223e3
1298.0	2.680e2
1298.6	5.195e3
1299.4	6.334e3
1300.4	1.051e4
1301.0	1.079e3
1301.7	4.959e3
1302.5	3.929e3
1303.3	6.793e3
1304.2	4.554e3
1305.2	5.725e3
1306.0	1.773e3
1306.8	5.499e3
1307.7	5.346e3
1308.6	6.201e3
1309.5	7.223e3
1310.2	2.973e3
1311.0	7.239e3
1311.7	2.373e3
1312.4	6.489e3
1312.9	4.980e2
1313.5	5.352e3
1314.4	3.172e3
1315.2	9.890e3
1315.7	3.480e2
1316.3	6.549e3
1316.9	1.155e3
1317.5	6.696e3
1318.5	5.639e3
1319.5	6.350e3
1320.3	2.940e3
1321.1	6.167e3
1322.1	6.440e3
1322.7	2.830e2
1323.2	5.843e3
1324.1	4.327e3
1325.1	4.894e3
1325.7	5.740e2
1326.2	7.195e3
1326.8	3.890e2
1327.3	7.925e3
1327.9	3.020e2
1328.4	8.053e3
1329.3	6.304e3
1329.9	6.340e2
1330.5	5.767e3
1331.1	4.040e2
1331.7	7.952e3
1332.4	2.512e3
1333.2	7.398e3
1334.0	1.693e3
1334.7	6.382e3
1335.2	3.200e1
1335.7	7.130e3
1336.3	4.560e2
1336.9	6.742e3
1337.4	8.800e1
1337.9	7.252e3
1338.8	2.873e3
1339.7	4.960e3
1340.7	8.486e3
1341.3	1.396e3
1341.9	5.795e3
1342.9	5.986e3
1343.9	6.877e3
1344.8	4.757e3
1345.4	2.430e2
1345.9	7.804e3
1346.6	6.170e2
1347.1	1.014e4
1347.7	5.120e2
1348.3	1.065e5
1349.3	1.030e5
1349.8	2.940e2
1350.3	5.091e4
1351.3	2.194e4
1351.8	4.470e2
1352.4	9.898e3
1353.3	4.098e3
1354.2	6.830e3
1354.9	1.119e3
1355.5	6.641e3
1356.5	3.625e3
1357.4	6.176e3
1358.0	6.540e2
1358.6	6.338e3
1359.4	1.882e3
1360.2	6.524e3
1360.9	2.490e3
1361.6	4.361e3
1362.2	5.070e2
1362.8	6.065e3
1363.5	2.173e3
1364.1	8.086e3
1364.6	2.080e2
1365.1	5.874e3
1366.1	8.979e3
1366.7	6.530e2
1367.3	6.833e3
1368.2	4.269e3
1369.0	7.633e3
1369.6	8.760e2
1370.2	7.710e3
1371.1	6.765e3
1371.7	3.130e2
1372.2	6.364e3
1373.2	6.748e3
1374.1	5.657e3
1374.9	3.458e3
1375.8	7.072e3
1376.3	2.360e2
1376.9	5.908e3
1377.5	1.012e3
1378.1	9.636e3
1379.0	3.580e3
1379.9	6.522e3
1380.7	1.447e3
1381.4	6.251e3
1382.3	3.586e3
1383.1	3.231e3
1383.8	7.707e3
1384.7	3.335e3
1385.5	5.745e3
1386.3	3.109e3
1387.0	6.745e3
1387.9	6.485e3
1388.5	3.420e2
1389.1	5.713e3
1389.6	1.330e2
1390.2	5.564e3
1390.8	1.210e3
1391.4	6.503e3
1392.1	2.000e3
1392.8	4.789e3
1393.4	1.069e3
1394.0	7.015e3
1394.6	1.096e3
1395.3	6.023e3
1396.0	2.174e3
1396.8	3.677e3
1397.7	4.692e3
1398.3	1.620e2
1398.8	6.545e3
1399.6	3.041e3
1400.3	7.208e3
1401.0	1.890e3
1401.7	5.912e3
1402.2	4.970e2
1402.8	3.598e3
1403.4	1.150e2
1403.9	3.269e3
1404.9	5.960e3
1405.9	5.423e3
1406.9	3.139e3
1407.8	4.573e3
1408.4	6.080e2
1409.0	6.908e3
1409.9	5.399e3
1410.4	2.980e2
1411.0	5.748e3
1412.0	4.467e3
1412.9	4.567e3
1413.7	2.887e3
1414.6	5.736e3
1415.5	3.263e3
1416.5	6.454e3
1417.5	6.127e3
1418.3	4.451e3
1418.9	8.580e2
1419.5	6.733e3
1420.2	2.896e3
1421.0	5.417e3
1421.9	3.571e3
1422.7	7.131e3
1423.3	9.800e2
1424.0	5.469e3
1425.0	5.330e3
1425.9	3.743e3
1426.9	3.881e3
1427.8	5.781e3
1428.6	1.968e3
1429.4	5.269e3
1430.4	4.640e3
1431.0	1.567e3
1431.8	7.416e3
1432.8	3.567e3
1433.3	1.310e2
1433.9	4.043e3
1434.5	3.990e2
1435.0	5.629e3
1435.5	5.200e1
1436.0	6.158e3
1437.0	4.087e3
1437.9	2.204e3
1438.8	4.577e3
1439.7	3.154e3
1440.2	2.030e2
1440.8	4.823e3
1441.3	9.900e1
1441.8	5.605e3
1442.7	5.217e3
1443.3	5.820e2
1443.9	5.801e3
1444.7	2.964e3
1445.5	7.238e3
1446.3	2.623e3
1447.2	5.144e3
1447.7	9.100e1
1448.2	5.096e3
1448.8	2.020e2
1449.4	2.694e3
1450.4	4.919e3
1451.4	5.903e3
1451.9	9.000e1
1452.4	4.226e3
1453.0	7.030e2
1453.6	4.594e3
1454.5	4.833e3
1455.4	5.699e3
1456.1	1.109e3
1456.8	6.148e3
1457.7	3.339e3
1458.7	4.801e3
1459.6	2.263e3
1460.4	4.084e3
1461.0	1.221e3
1461.7	4.756e3
1462.3	2.300e1
1462.8	2.834e3
1463.8	5.308e3
1464.6	4.258e3
1465.7	5.315e3
1466.7	4.329e3
1467.4	1.104e3
1468.1	3.928e3
1469.0	3.314e3
1469.8	4.791e3
1470.6	2.259e3
1471.4	5.719e3
1472.3	5.290e3
1472.9	1.009e3
1473.5	2.885e3
1474.4	6.117e3
1475.2	3.501e3
1475.8	3.230e2
1476.3	5.461e3
1477.2	2.962e3
1477.9	1.339e3
1478.7	6.745e3
1479.6	3.816e3
1480.1	2.650e2
1480.7	5.720e3
1481.2	4.770e2
1481.8	4.537e3
1482.3	9.900e1
1482.8	4.090e3
1483.6	2.689e3
1484.4	4.553e3
1485.1	6.020e2
1485.6	5.493e3
1486.5	5.417e3
1487.1	7.060e2
1487.7	4.833e3
1488.6	3.538e3
1489.3	1.849e3
1490.0	3.914e3
1491.0	5.923e3
1491.6	1.202e3
1492.3	4.907e3
1493.3	5.115e3
1494.1	3.444e3
1495.2	4.340e3
1496.1	5.386e3
1497.0	2.561e3
1497.9	4.135e3
1498.4	2.820e2
1498.9	2.864e3
1499.8	5.170e3
1500.8	4.720e3
1501.6	4.078e3
1502.6	4.377e3
1503.2	1.868e3
1503.9	5.914e3
1504.5	3.930e2
1505.1	4.766e3
1505.6	2.300e1
1506.1	4.875e3
1506.7	1.116e3
1507.3	3.550e3
1507.9	7.200e1
1508.4	5.700e3
1509.3	5.303e3
1510.3	4.296e3
1510.8	1.430e2
1511.4	4.454e3
1512.0	8.120e2
1512.6	4.774e3
1513.1	5.400e1
1513.6	4.195e3
1514.2	1.969e3
1514.9	5.935e3
1515.7	1.713e3
1516.4	3.813e3
1517.2	2.504e3
1517.9	4.600e3
1518.5	8.820e2
1519.1	4.699e3
1519.9	1.769e3
1520.7	5.303e3
1521.7	4.321e3
1522.3	1.309e3
1523.0	4.571e3
1523.6	1.074e3
1524.3	5.298e3
1525.0	1.011e3
1525.7	4.407e3
1526.7	4.440e3
1527.4	4.460e2
1528.0	5.261e3
1528.7	2.765e3
1529.5	5.022e3
1530.1	4.310e2
1530.7	3.125e3
1531.6	5.975e3
1532.5	4.874e3
1533.1	1.030e3
1533.7	4.374e3
1534.5	2.603e3
1535.3	5.244e3
1536.0	2.217e3
1536.8	4.466e3
1537.6	2.934e3
1538.5	6.505e3
1539.5	4.467e3
1540.1	7.130e2
1540.7	4.974e3
1541.6	5.620e3
1542.6	3.822e3
1543.1	5.300e1
1543.6	4.386e3
1544.4	1.937e3
1545.2	4.914e3
1546.1	2.250e3
1546.8	4.558e3
1547.7	3.056e3
1548.5	3.254e3
1549.2	5.980e2
1549.9	3.931e3
1550.9	4.925e3
1551.4	2.510e2
1552.0	4.207e3
1552.6	8.780e2
1553.2	5.333e3
1554.1	3.941e3
1554.6	1.350e2
1555.2	3.928e3
1556.1	2.459e3
1556.9	4.310e3
1557.7	2.162e3
1558.5	5.458e3
1559.5	5.296e3
1560.2	1.147e3
1560.8	3.935e3
1561.7	2.568e3
1562.6	4.040e3
1563.1	1.020e2
1563.7	5.738e3
1564.5	2.372e3
1565.1	9.900e1
1565.6	4.238e3
1566.4	2.893e3
1567.3	4.847e3
1568.2	3.145e3
1568.8	1.080e3
1569.5	4.322e3
1570.2	9.120e2
1570.8	4.827e3
1571.8	3.238e3
1572.7	2.655e3
1573.5	5.473e3
1574.2	1.275e3
1574.9	3.683e3
1575.6	5.310e2
1576.2	3.293e3
1577.1	3.342e3
1578.1	4.339e3
1579.1	3.729e3
1580.1	2.376e3
1581.0	4.348e3
1582.0	4.276e3
1582.7	1.610e3
1583.5	3.833e3
1584.2	1.056e3
1584.8	3.485e3
1585.6	1.180e3
1586.3	4.357e3
1586.9	9.300e1
1587.4	3.330e3
1588.3	5.485e3
1589.0	2.086e3
1590.0	2.023e3
1590.9	4.015e3
1591.4	1.700e2
1591.9	3.760e3
1592.8	5.954e3
1593.5	1.076e3
1594.1	3.820e3
1594.6	2.500e1
1595.2	4.305e3
1596.1	3.349e3
1597.0	4.043e3
1598.0	3.501e3
1598.7	1.431e3
1599.6	3.882e3
1600.3	9.920e2
1601.0	4.372e3
1601.8	1.470e3
1602.5	4.627e3
1603.5	3.803e3
1604.0	2.630e2
1604.5	5.224e3
1605.1	1.200e2
1605.6	3.086e3
1606.4	3.640e2
1606.9	3.416e3
1607.8	4.544e3
1608.4	4.000e1
1608.9	5.231e3
1609.5	2.450e2
1610.0	4.015e3
1610.8	3.104e3
1611.6	4.624e3
1612.6	3.153e3
1613.6	3.944e3
1614.2	5.500e2
1614.7	3.519e3
1615.7	5.698e3
1616.3	4.720e2
1616.8	4.354e3
1617.8	4.652e3
1618.4	1.177e3
1619.1	3.870e3
1619.7	2.970e2
1620.3	4.774e3
1621.1	2.654e3
1621.7	6.900e1
1622.2	3.773e3
1622.8	1.171e3
1623.5	4.011e3
1624.1	6.020e2
1624.7	5.065e3
1625.7	4.216e3
1626.5	1.958e3
1627.3	3.068e3
1628.3	3.090e3
1629.2	3.191e3
1629.7	2.660e2
1630.3	5.128e3
1631.0	1.817e3
1631.7	4.354e3
1632.3	4.240e2
1632.8	4.926e3
1633.8	4.273e3
1634.3	1.080e2
1634.9	3.932e3
1635.7	1.499e3
1636.5	4.504e3
1637.1	4.060e2
1637.6	2.952e3
1638.2	5.430e2
1638.8	5.554e3
1639.4	4.770e2
1639.9	3.552e3
1640.6	7.250e2
1641.3	4.884e3
1642.2	2.802e3
1642.8	8.040e2
1643.4	3.944e3
1644.1	1.284e3
1644.9	4.396e3
1645.5	1.259e3
1646.2	3.119e3
1646.9	9.880e2
1647.6	3.277e3
1648.2	6.860e2
1648.8	4.708e3
1649.8	2.750e3
1650.3	1.560e2
1650.8	4.192e3
1651.5	1.676e3
1652.4	3.794e3
1653.0	8.230e2
1653.7	4.608e3
1654.4	8.420e2
1655.1	3.426e3
1656.1	3.430e3
1657.0	2.929e3
1657.9	3.620e3
1658.6	7.640e2
1659.3	3.943e3
1659.9	2.890e2
1660.4	4.834e3
1661.5	3.699e3
1662.2	1.791e3
1663.0	4.394e3
1663.7	9.810e2
1664.4	4.443e3
1665.1	9.430e2
1665.7	4.926e3
1666.7	3.473e3
1667.3	2.500e2
1667.9	3.686e3
1668.7	9.500e2
1669.4	4.634e3
1670.2	3.152e3
1671.1	2.237e3
1672.0	4.107e3
1672.5	2.620e2
1673.1	3.703e3
1673.8	2.970e2
1674.3	3.551e3
1675.2	3.494e3
1675.8	8.340e2
1676.5	3.622e3
1677.4	3.854e3
1678.3	2.309e3
1679.3	3.744e3
1680.2	4.867e3
1681.0	2.316e3
1681.7	5.099e3
1682.5	1.502e3
1683.3	3.515e3
1684.2	3.082e3
1684.9	1.026e3
1685.5	5.273e3
1686.3	1.511e3
1687.1	2.826e3
1687.7	1.020e3
1688.3	4.137e3
1689.0	1.022e3
1689.7	3.707e3
1690.7	4.269e3
1691.7	3.702e3
1692.3	8.840e2
1693.0	3.042e3
1694.0	3.972e3
1694.6	4.020e2
1695.1	3.923e3
1695.7	3.290e2
1696.2	3.336e3
1697.2	4.080e3
1697.7	8.700e1
1698.3	2.886e3
1699.2	1.589e3
1700.0	2.582e3
1700.8	6.160e2
1701.4	3.350e3
1702.1	2.070e3
1702.9	3.644e3
1703.8	2.124e3
1704.5	3.715e3
1705.5	4.168e3
1706.1	5.040e2
1706.7	3.074e3
1707.7	2.745e3
1708.5	3.472e3
1709.4	3.669e3
1710.4	2.763e3
1711.3	4.865e3
1712.3	4.075e3
1713.0	8.900e2
1713.6	4.086e3
1714.2	2.590e2
1714.7	4.935e3
1715.4	5.760e2
1716.0	4.658e3
1716.9	3.112e3
1717.8	3.263e3
1718.5	8.760e2
1719.2	2.820e3
1720.2	3.867e3
1720.9	1.820e3
1721.8	4.716e3
1722.5	1.829e3
1723.4	4.970e3
1724.4	3.780e3
1725.2	9.650e2
1725.9	2.988e3
1726.7	4.127e3
1727.5	6.030e2
1728.1	3.985e3
1728.6	1.180e2
1729.2	5.280e3
1729.8	9.280e2
1730.5	3.591e3
1731.4	4.193e3
1732.4	3.237e3
1733.4	5.603e3
1734.2	3.445e3
1734.8	9.600e1
1735.3	3.372e3
1736.2	2.267e3
1737.2	4.234e3
1737.7	2.190e2
1738.3	3.431e3
1739.1	2.092e3
1739.8	2.932e3
1740.5	1.313e3
1741.4	2.442e3
1741.9	1.980e2
1742.4	2.679e3
1743.3	1.499e3
1744.1	2.228e3
1745.0	3.051e3
1745.8	2.679e3
1746.8	3.154e3
1747.8	3.793e3
1748.6	2.251e3
1749.2	5.060e2
1749.8	4.680e3
1750.8	2.829e3
1751.8	3.657e3
1752.4	5.990e2
1753.0	3.643e3
1754.0	3.920e3
1754.6	7.640e2
1755.2	3.379e3
1756.2	2.646e3
1757.1	3.423e3
1757.6	2.580e2
1758.2	3.190e3
1759.2	3.333e3
1760.1	3.302e3
1761.2	3.632e3
1761.8	7.090e2
1762.4	2.996e3
1762.9	1.060e2
1763.5	2.394e3
1764.0	2.080e2
1764.6	3.320e3
1765.6	2.523e3
1766.3	9.720e2
1767.0	3.743e3
1767.6	9.200e1
1768.1	3.768e3
1768.8	1.141e3
1769.5	2.930e3
1770.1	3.360e2
1770.7	2.497e3
1771.5	3.877e3
1772.5	2.255e3
1773.4	2.282e3
1774.3	3.146e3
1775.2	4.108e3
1775.8	2.630e2
1776.3	2.666e3
1777.0	9.270e2
1777.8	2.891e3
1778.6	9.360e2
1779.2	3.687e3
1780.0	9.000e2
1780.8	4.509e3
1781.8	2.627e3
1782.4	7.390e2
1783.1	3.041e3
1783.9	2.385e3
1784.8	4.602e3
1785.6	1.101e3
1786.4	3.486e3
1787.0	7.160e2
1787.7	2.790e3
1788.6	3.707e3
1789.4	2.582e3
1790.3	3.934e3
1791.3	2.857e3
1791.8	5.000e0
1792.3	2.504e3
1793.1	1.048e3
1793.8	3.184e3
1794.3	4.000e0
1794.9	4.036e3
1795.5	1.920e2
1796.0	2.167e3
1796.9	3.835e3
1797.7	2.887e3
1798.3	4.420e2
1799.0	2.989e3
1799.8	1.752e3
1800.8	3.632e3
1801.7	2.178e3
1802.6	2.681e3
1803.6	4.215e3
1804.6	3.995e3
1805.1	1.460e2
1805.6	2.146e3
1806.6	1.880e3
1807.4	3.440e3
1808.1	7.160e2
1808.9	1.346e3
1809.8	3.335e3
1810.7	2.585e3
1811.3	1.210e2
1811.8	2.073e3
1812.8	3.837e3
1813.6	1.577e3
1814.3	1.090e3
1815.1	2.535e3
1816.0	3.737e3
1817.1	3.260e3
1817.6	7.900e1
1818.2	3.189e3
1818.9	1.728e3
1819.6	3.231e3
1820.5	1.898e3
1821.4	3.176e3
1822.3	1.531e3
1823.0	3.964e3
1823.7	3.900e2
1824.3	3.856e3
1824.8	3.600e1
1825.3	2.887e3
1825.8	1.870e2
1826.4	3.471e3
1827.2	1.148e3
1828.0	2.912e3
1829.0	2.590e3
1829.6	9.300e1
1830.1	2.938e3
1830.7	2.480e2
1831.3	2.712e3
1831.9	2.300e2
1832.4	2.662e3
1833.4	3.255e3
1834.1	1.471e3
1834.9	2.707e3
1835.5	1.076e3
1836.3	2.528e3
1837.1	2.938e3
1837.8	1.325e3
1838.5	2.948e3
1839.3	9.410e2
1840.0	3.370e3
1840.9	2.029e3
1841.8	3.235e3
1842.8	2.222e3
1843.6	4.259e3
1844.3	7.360e2
1845.0	1.846e3
1845.9	2.870e3
1846.8	2.640e3
1847.8	3.801e3
1848.8	3.532e3
1849.4	5.530e2
1850.0	3.220e3
1850.7	2.990e2
1851.3	2.483e3
1852.1	3.629e3
1853.1	2.917e3
1853.7	6.600e1
1854.2	2.363e3
1855.1	2.910e3
1855.8	9.350e2
1856.5	3.192e3
1857.2	3.360e2
1857.7	3.559e3
1858.3	2.070e2
1858.9	3.316e3
1859.8	2.811e3
1860.8	1.971e3
1861.5	1.576e3
1862.4	2.598e3
1863.2	1.727e3
1864.1	3.845e3
1864.7	1.380e2
1865.3	2.078e3
1866.2	2.589e3
1867.2	1.492e3
1868.2	2.684e3
1869.1	1.718e3
1869.7	9.100e1
1870.2	1.731e3
1871.2	3.242e3
1871.9	1.530e3
1872.7	1.789e3
1873.7	1.486e3
1874.4	7.440e2
1875.1	2.731e3
1876.1	2.279e3
1877.0	4.510e3
1877.6	5.110e2
1878.3	2.382e3
1878.9	6.330e2
1879.6	3.458e3
1880.3	1.289e3
1881.1	2.329e3
1881.7	8.600e1
1882.3	4.145e3
1883.1	1.682e3
1884.0	5.740e2
1884.7	3.667e3
1885.7	2.174e3
1886.4	1.022e3
1887.0	4.483e3
1887.9	2.385e3
1888.5	4.580e2
1889.2	2.970e3
1889.7	1.180e2
1890.2	3.022e3
1891.2	3.051e3
1892.0	2.664e3
1892.6	1.410e2
1893.1	2.012e3
1893.7	9.800e1
1894.2	3.175e3
1895.0	7.740e2
1895.7	2.920e3
1896.3	6.300e1
1896.8	2.973e3
1897.4	5.960e2
1898.0	4.002e3
1898.7	5.820e2
1899.4	1.988e3
1899.9	1.170e2
1900.5	1.637e3
1901.4	2.302e3
1902.4	4.038e3
1903.2	1.768e3
1904.1	3.127e3
1904.8	6.160e2
1905.5	2.458e3
1906.5	3.523e3
1907.4	2.693e3
1908.0	2.850e2
1908.5	1.904e3
1909.5	2.162e3
1910.1	1.830e2
1910.6	2.889e3
1911.1	1.310e2
1911.7	2.317e3
1912.3	7.950e2
1913.0	2.594e3
1913.6	4.080e2
1914.2	2.915e3
1915.2	1.164e3
1916.1	2.368e3
1916.9	1.094e3
1917.8	2.716e3
1918.7	2.204e3
1919.7	2.133e3
1920.7	3.144e3
1921.3	6.630e2
1922.0	2.499e3
1922.5	1.140e2
1923.0	2.639e3
1923.9	1.719e3
1924.8	1.748e3
1925.3	8.800e1
1925.8	2.892e3
1926.6	1.122e3
1927.3	2.675e3
1928.2	1.443e3
1928.7	4.000e0
1929.3	3.453e3
1929.8	8.000e0
1930.3	2.028e3
1931.2	1.781e3
1931.8	7.600e1
1932.3	2.577e3
1932.8	1.690e2
1933.4	2.584e3
1934.3	1.605e3
1935.2	2.675e3
1936.2	3.685e3
1937.2	2.258e3
1937.8	2.930e2
1938.4	3.590e3
1939.5	3.826e3
1940.5	2.339e3
1941.5	2.923e3
1942.5	2.049e3
1943.4	3.147e3
1943.9	1.970e2
1944.5	2.314e3
1945.6	1.619e3
1946.2	3.000e1
1946.7	2.603e3
1947.4	9.110e2
1948.1	3.213e3
1948.9	3.529e3
1949.6	1.502e3
1950.3	2.339e3
1950.8	7.500e1
1951.3	2.201e3
1952.2	2.806e3
1953.1	1.378e3
1953.9	2.042e3
1954.9	3.610e3
1955.9	1.622e3
1957.0	1.635e3
1957.9	2.888e3
1958.5	8.500e1
1959.1	2.307e3
1960.2	2.837e3
1961.1	2.468e3
1962.0	3.040e3
1962.5	2.390e2
1963.2	3.093e3
1963.7	7.000e1
1964.3	2.694e3
1965.0	5.810e2
1965.6	1.743e3
1966.1	5.600e1
1966.6	2.621e3
1967.5	1.053e3
1968.3	3.608e3
1968.9	2.110e2
1969.5	2.802e3
1970.1	1.900e2
1970.7	2.957e3
1971.5	6.630e2
1972.2	2.553e3
1972.7	6.000e1
1973.3	2.696e3
1973.9	3.270e2
1974.5	2.247e3
1975.5	2.658e3
1976.0	1.810e2
1976.6	1.741e3
1977.3	5.920e2
1978.1	2.760e3
1979.1	2.619e3
1979.6	5.100e1
1980.2	2.267e3
1981.2	3.904e3
1982.1	1.651e3
1983.0	1.634e3
1983.9	3.175e3
1984.6	4.050e2
1985.2	3.237e3
1985.8	1.740e2
1986.4	2.893e3
1987.0	5.400e2
1987.7	2.953e3
1988.2	1.420e2
1988.7	1.245e3
1989.6	1.719e3
1990.2	4.440e2
1990.8	1.729e3
1991.7	2.389e3
1992.6	2.611e3
1993.7	2.003e3
1994.2	1.570e2
1994.7	2.656e3
1995.3	6.100e1
1995.9	2.657e3
1996.6	1.790e2
1997.2	1.997e3
1998.1	1.243e3
1998.9	2.842e3
1999.6	1.373e3
