100.1	3.801e3
101.0	7.590e4
102.0	1.576e4
103.0	1.901e4
104.0	1.199e3
105.0	2.768e3
105.9	5.730e2
107.1	3.780e2
108.0	2.067e4
109.0	2.116e3
110.0	5.620e2
111.0	1.628e3
111.7	6.100e1
112.2	9.220e2
113.0	1.233e5
113.5	5.450e2
114.1	4.100e3
115.0	5.587e3
116.0	3.491e3
117.0	9.432e4
117.5	1.960e2
118.0	1.147e4
119.0	1.180e4
119.9	1.186e3
121.0	1.582e3
121.6	4.000e0
122.1	4.820e2
123.1	7.730e2
124.1	1.641e3
125.1	2.109e3
126.1	1.861e3
127.0	1.673e3
128.0	1.973e3
129.1	1.134e3
130.0	1.127e4
131.0	2.221e3
132.1	6.110e2
132.9	2.949e3
133.5	3.200e1
134.1	7.400e2
135.0	5.497e3
135.5	5.200e1
136.1	1.857e3
137.0	3.159e3
138.1	1.092e3
139.0	2.972e3
139.5	2.900e1
140.0	1.699e3
141.1	2.793e3
142.1	1.549e3
143.0	1.909e3
143.5	1.400e1
144.1	1.358e3
145.0	7.451e3
145.5	5.000e1
146.0	4.771e3
146.6	6.300e1
147.1	2.280e4
148.1	2.389e3
149.0	3.639e3
150.0	2.537e3
151.0	2.292e3
152.1	1.245e4
153.1	7.402e3
154.0	1.365e3
155.1	3.071e3
156.0	2.805e3
157.1	3.685e3
158.0	2.518e3
159.0	2.852e3
160.0	1.369e3
161.0	1.028e4
161.9	1.468e3
162.9	1.102e4
163.5	2.640e2
164.2	1.796e3
165.0	5.391e3
166.0	1.425e3
167.1	1.885e3
168.1	2.303e3
169.1	5.940e3
170.0	1.183e3
171.0	2.564e3
172.0	1.394e3
173.0	3.288e3
174.1	4.551e3
175.0	2.581e4
175.6	6.000e1
176.1	5.129e3
177.0	3.380e3
178.1	1.222e3
179.0	3.919e3
180.0	1.737e3
181.0	3.288e4
182.1	2.625e3
183.0	1.572e3
184.0	2.165e3
185.1	2.895e3
186.0	3.981e3
187.0	3.923e3
188.0	1.965e3
189.0	2.426e3
190.0	1.489e3
190.5	1.300e1
191.1	1.281e4
191.6	3.700e1
192.1	2.144e3
193.0	4.919e3
193.9	1.721e3
194.4	3.500e1
195.0	6.983e3
195.9	8.743e3
196.5	1.200e1
197.0	3.689e3
198.0	1.042e4
198.9	2.920e3
199.9	5.495e3
200.4	4.400e1
200.9	3.593e3
201.5	9.100e1
202.0	3.386e3
203.1	1.189e3
204.0	1.911e3
204.6	4.100e1
205.1	1.663e3
206.0	7.100e2
207.0	1.029e4
208.0	2.947e3
209.1	2.628e3
210.0	1.797e3
211.1	3.300e3
212.1	1.845e4
213.1	6.714e3
214.1	2.338e3
215.1	2.372e3
215.6	1.600e1
216.1	1.941e3
217.1	4.457e3
218.0	3.510e3
218.5	4.400e1
219.0	4.038e3
220.0	8.319e3
221.1	6.004e3
222.0	3.024e3
222.5	1.300e1
223.0	3.984e3
224.0	2.431e3
225.0	3.965e3
226.1	2.515e3
226.9	2.715e3
227.9	1.661e3
228.9	2.894e3
229.4	5.100e1
230.0	2.316e3
231.1	1.670e3
232.0	2.006e3
233.0	2.196e3
234.0	2.792e3
235.0	2.225e3
236.0	6.281e3
237.1	2.023e3
238.0	1.750e3
239.1	5.202e3
240.0	3.532e3
240.5	1.300e1
241.1	3.570e3
242.1	4.224e3
243.1	9.693e3
244.1	8.660e3
245.1	1.924e3
246.1	3.389e3
247.0	2.048e3
247.9	4.127e3
248.5	4.000e2
249.1	8.847e4
249.6	3.600e1
250.1	6.623e3
251.0	4.090e3
252.0	1.564e3
253.0	2.102e3
254.0	1.208e3
255.1	3.325e3
256.1	1.393e3
256.9	1.410e3
257.5	2.200e1
258.0	1.252e3
258.6	2.200e1
259.1	3.867e3
260.0	1.815e3
261.0	3.727e3
262.0	3.762e3
262.5	4.100e1
263.0	4.909e3
264.1	2.661e3
265.1	4.207e3
266.0	4.890e3
267.1	2.258e3
268.1	1.804e3
269.0	4.005e3
270.1	2.108e3
271.0	2.073e3
271.5	1.300e1
272.1	2.257e3
273.1	2.255e3
274.0	1.672e3
274.5	6.000e0
275.0	1.348e4
276.1	1.632e3
277.0	3.105e3
278.0	1.942e3
278.6	9.000e1
279.2	3.559e3
280.1	2.307e3
281.1	3.245e3
282.0	2.421e3
282.6	4.400e1
283.2	2.666e3
284.1	1.899e3
285.0	3.236e3
285.6	5.600e1
286.1	1.114e3
287.1	1.861e3
288.1	1.497e4
289.1	5.854e3
290.0	1.909e3
290.5	6.500e1
291.1	7.238e3
292.0	3.946e3
292.6	1.280e2
293.2	7.123e3
294.0	2.078e3
295.0	3.835e3
296.0	2.400e3
296.5	3.100e1
297.1	3.241e3
298.0	2.897e3
298.6	6.000e1
299.1	1.916e3
300.1	1.558e3
301.1	3.533e3
302.1	2.257e3
303.0	3.097e3
303.5	5.400e1
304.0	2.281e3
304.5	1.700e2
305.0	5.370e3
306.0	1.889e3
307.1	8.656e3
308.0	4.592e3
308.5	2.600e1
309.1	5.846e3
310.0	3.459e3
310.6	2.800e1
311.1	1.145e4
312.1	8.279e3
313.0	5.833e3
313.9	1.898e3
314.5	2.800e1
315.0	3.829e3
315.6	1.470e2
316.2	1.216e3
317.1	9.720e4
318.1	6.871e3
319.0	3.985e3
320.1	1.424e3
321.1	4.573e3
322.0	2.241e3
322.6	1.080e2
323.1	4.594e3
324.1	4.047e3
325.1	4.327e3
326.0	2.637e3
326.5	1.360e2
327.0	7.234e3
328.0	7.453e3
328.5	1.510e2
329.0	8.037e3
330.0	4.088e3
331.0	6.164e3
332.0	1.872e3
332.6	1.380e2
333.1	5.489e3
334.0	5.414e3
335.0	3.930e3
336.0	2.192e3
336.6	5.300e1
337.1	3.925e3
338.0	1.851e3
338.7	1.230e2
339.2	4.459e3
340.1	3.246e3
341.1	3.934e3
342.0	2.382e3
343.0	1.073e4
344.0	3.778e3
344.5	3.300e1
345.0	2.678e3
346.0	4.224e3
346.5	4.000e0
347.1	4.802e3
348.0	2.899e3
348.6	1.520e2
349.1	5.071e3
350.0	2.897e3
350.6	4.700e1
351.1	4.103e3
352.1	2.421e3
353.0	6.867e3
354.0	2.743e3
354.6	1.070e2
355.1	6.485e3
356.1	2.196e4
357.0	6.666e3
358.0	2.532e3
359.1	3.317e3
360.0	2.788e3
360.5	8.400e1
361.1	3.474e3
362.0	1.734e3
362.6	2.000e1
363.1	3.634e3
364.0	1.442e3
365.0	2.953e3
365.6	5.330e2
366.3	3.753e3
367.0	1.332e3
367.7	3.859e3
368.4	9.270e2
369.1	7.938e3
370.0	2.601e3
370.5	2.080e2
371.1	3.261e3
372.1	1.627e3
373.0	2.883e3
373.9	2.698e3
374.5	1.300e1
375.0	5.859e3
376.0	2.422e3
376.5	1.900e1
377.1	3.321e3
378.0	3.490e3
379.0	1.021e4
380.0	4.577e3
380.6	2.570e2
381.2	2.781e3
382.1	1.898e3
382.8	7.190e2
383.4	5.400e3
384.2	1.246e3
385.1	5.621e4
386.1	4.521e3
387.1	3.762e3
387.9	1.196e3
388.5	8.400e1
389.1	2.800e3
390.0	1.765e3
390.9	7.050e2
391.6	4.782e3
392.4	1.501e3
393.2	2.755e3
394.1	2.638e3
395.1	6.047e3
396.0	2.238e3
396.6	1.100e1
397.1	9.747e3
398.0	4.187e3
398.5	8.700e1
399.1	5.943e3
399.6	1.200e1
400.1	3.011e3
401.1	5.308e3
402.0	3.545e3
402.6	1.180e2
403.2	2.842e3
403.8	4.520e2
404.5	2.148e3
405.3	1.515e3
406.2	2.786e3
407.1	1.928e3
408.1	2.642e3
408.8	7.930e2
409.4	7.387e3
410.2	1.578e3
411.0	7.774e3
411.9	3.053e3
413.0	3.571e3
414.0	2.718e3
415.0	3.457e3
416.0	2.467e3
416.5	1.230e2
417.0	3.938e3
418.0	2.331e3
419.0	2.156e3
419.9	1.174e3
420.5	9.400e1
421.1	4.517e3
422.0	2.268e3
422.5	2.300e1
423.0	4.066e3
423.6	5.660e2
424.1	1.104e4
425.0	4.626e3
426.0	2.228e3
426.6	2.270e2
427.2	7.723e3
428.0	2.553e3
429.0	2.581e3
429.8	3.259e3
430.5	4.600e2
431.1	2.449e3
432.0	2.809e3
432.8	1.432e3
433.4	1.096e4
434.3	3.489e3
435.1	4.331e3
435.9	1.036e3
436.5	3.282e3
437.0	8.400e1
437.5	6.450e3
438.5	2.891e3
439.1	4.210e2
439.6	3.293e3
440.4	8.790e2
441.1	3.410e3
442.1	2.180e3
443.0	5.557e3
444.0	4.238e3
444.5	7.900e1
445.0	3.794e3
445.9	2.960e3
446.6	5.300e1
447.1	5.182e3
448.1	4.199e3
449.1	3.079e3
449.9	2.301e3
450.6	1.680e2
451.1	4.327e3
452.0	1.791e3
452.6	3.000e1
453.1	4.659e4
453.9	6.092e3
454.5	3.370e2
455.1	5.140e3
456.0	1.394e3
457.0	3.073e3
457.9	2.397e3
458.7	9.650e2
459.4	6.656e3
460.3	3.130e3
461.2	1.880e3
461.9	3.441e3
462.5	1.320e2
463.1	5.225e3
463.9	2.008e3
464.7	2.852e3
465.5	1.595e4
466.1	5.150e2
466.6	6.768e3
467.4	3.093e3
468.2	1.297e3
469.0	5.231e3
469.6	2.410e2
470.1	4.651e3
470.7	5.700e1
471.2	2.695e3
471.7	1.740e2
472.3	2.260e3
473.3	5.895e3
474.0	1.768e3
474.8	2.935e3
475.4	2.430e2
476.0	2.702e3
476.6	1.410e2
477.2	3.822e3
478.1	1.585e3
479.0	1.043e4
479.9	3.561e3
480.5	4.270e2
481.1	4.150e3
481.6	2.000e1
482.1	3.439e3
483.1	4.538e3
484.1	3.053e3
484.7	6.640e2
485.3	4.913e3
486.2	1.644e3
487.0	2.848e3
487.9	3.471e3
488.5	9.100e1
489.0	3.124e3
489.9	2.817e3
490.6	2.750e2
491.2	5.046e3
492.0	1.305e4
492.9	6.264e3
493.9	3.622e3
494.5	2.800e2
495.0	6.409e3
496.0	2.417e3
496.5	2.480e2
497.0	2.698e3
497.8	4.197e3
498.5	3.400e2
499.1	3.187e3
499.9	1.065e3
500.6	2.110e3
501.6	4.357e3
502.2	8.220e2
502.9	2.487e3
503.9	2.965e3
504.5	1.080e2
505.0	4.528e3
505.9	2.957e3
506.8	4.210e3
507.4	3.320e2
508.0	3.315e3
509.0	5.112e3
509.8	3.113e3
510.5	5.880e2
511.1	6.451e3
512.1	2.987e3
513.0	3.286e3
514.0	1.878e3
515.0	4.979e3
515.5	6.100e1
516.0	3.260e3
517.0	2.957e3
517.5	3.500e1
518.0	2.956e3
518.6	5.500e1
519.1	3.833e3
520.1	2.790e3
521.1	3.969e4
521.9	5.970e3
522.5	3.840e2
523.1	4.091e3
523.8	1.390e3
524.5	5.356e3
525.1	1.460e2
525.6	3.115e3
526.5	1.609e3
527.3	5.490e3
528.1	1.139e3
528.8	2.011e3
529.9	3.681e3
530.5	4.780e2
531.1	3.246e3
532.0	2.601e3
532.5	1.360e2
533.1	5.566e3
534.0	3.039e3
534.5	1.440e2
535.1	3.281e3
536.0	1.428e3
537.0	4.914e3
537.6	4.170e2
538.2	4.411e3
538.7	5.000e2
539.3	2.695e3
540.0	1.023e3
540.7	4.481e3
541.7	3.403e3
542.3	3.460e2
542.8	1.889e3
543.8	2.602e3
544.4	2.530e2
545.0	2.880e3
545.5	1.770e2
546.1	3.268e3
547.0	8.488e3
548.0	3.474e3
548.5	3.400e1
549.1	3.667e3
549.6	3.270e2
550.2	3.441e3
551.0	1.448e3
551.8	2.899e3
552.4	3.370e2
552.9	4.792e3
553.9	2.103e3
554.5	2.620e2
555.0	3.042e3
556.0	2.141e3
556.9	4.046e3
557.5	2.890e2
558.1	2.589e3
558.6	7.500e1
559.1	3.964e3
560.1	9.915e3
560.9	2.193e3
561.6	2.717e3
562.3	7.610e2
563.1	5.731e3
563.9	2.081e3
564.7	3.098e3
565.6	9.770e2
566.4	3.135e3
567.0	6.660e2
567.6	2.849e3
568.3	4.870e2
569.0	2.028e3
569.8	3.886e3
570.4	8.580e2
571.1	2.475e3
572.1	3.124e3
573.1	3.075e3
573.9	1.462e3
574.9	2.713e3
575.5	1.850e2
576.1	2.478e3
576.6	2.190e2
577.2	3.596e3
578.1	1.613e3
579.1	5.003e3
579.7	6.450e2
580.3	3.931e3
581.2	3.377e3
582.0	2.293e3
582.6	5.000e1
583.1	4.804e3
584.0	2.650e3
584.5	1.700e1
585.0	2.971e3
586.0	3.373e3
587.0	2.516e3
587.6	5.420e2
588.2	1.999e3
589.1	2.886e4
590.0	4.376e3
590.9	1.863e3
591.7	3.286e3
592.5	1.000e3
593.3	4.091e3
594.2	1.657e3
595.1	3.580e3
596.1	3.809e3
596.8	9.820e2
597.5	2.171e3
598.3	1.179e3
599.1	4.151e3
600.1	1.708e3
600.6	5.900e1
601.1	4.475e3
602.1	2.243e3
603.0	3.710e3
603.6	1.330e2
604.1	2.921e3
605.1	3.928e3
606.0	3.678e3
607.0	2.784e3
607.9	3.031e3
608.5	6.320e2
609.1	2.989e3
609.9	1.120e3
610.7	2.240e3
611.2	2.000e1
611.8	2.903e3
612.3	6.800e1
612.8	2.663e3
613.8	2.827e3
614.4	7.550e2
615.1	6.356e3
616.0	2.574e3
617.0	4.391e3
617.5	9.400e1
618.0	3.430e3
618.6	1.310e2
619.2	2.910e3
620.0	1.687e3
621.0	3.117e3
622.0	2.048e3
622.9	1.458e3
623.7	2.889e3
624.3	2.060e2
624.9	2.379e3
626.0	2.145e3
627.0	3.210e3
627.5	7.800e1
628.1	7.499e3
629.0	3.674e3
629.5	1.800e1
630.0	2.464e3
630.5	5.700e1
631.1	4.687e3
631.9	2.630e3
632.8	1.670e3
633.6	2.864e3
634.5	1.170e3
635.4	2.301e3
636.1	8.310e2
637.0	2.158e3
637.5	5.100e1
638.0	2.181e3
639.0	2.961e3
639.9	2.467e3
640.7	8.380e2
641.3	3.004e3
642.1	6.060e2
642.8	2.524e3
643.3	2.080e2
643.9	2.567e3
644.4	1.800e1
645.0	2.178e3
646.0	2.563e3
646.5	7.200e1
647.1	4.945e3
648.0	2.712e3
648.7	9.760e2
649.4	3.336e3
650.2	1.188e3
651.1	3.603e3
652.0	1.620e3
652.6	2.220e2
653.2	2.260e3
654.0	1.579e3
654.8	3.017e3
655.3	9.400e1
655.8	2.488e3
656.5	1.820e2
657.1	2.181e4
658.0	5.158e3
658.8	2.798e3
659.8	2.284e3
660.5	1.970e2
661.1	2.933e3
662.0	1.676e3
662.8	9.910e2
663.5	3.820e3
664.2	1.192e3
665.0	2.249e3
666.0	2.663e3
666.5	6.400e1
667.1	3.345e3
668.0	1.722e3
669.0	2.987e3
669.5	1.740e2
670.1	2.040e3
671.1	3.469e3
672.1	2.391e3
672.6	6.700e1
673.1	3.555e3
674.0	3.292e3
674.5	5.000e0
675.0	2.045e3
676.0	3.075e3
676.5	1.210e2
677.1	2.439e3
678.1	2.444e3
679.1	3.927e3
680.0	2.560e3
681.0	2.246e3
681.6	7.400e1
682.1	1.933e3
683.0	8.909e3
683.6	3.100e2
684.2	4.764e3
685.1	4.798e3
686.0	2.543e3
686.5	2.500e1
687.1	3.532e3
687.9	1.710e3
688.5	5.500e1
689.1	4.471e3
689.6	3.330e2
690.2	2.665e3
691.2	3.761e3
692.0	2.146e3
693.0	4.299e3
693.8	1.795e3
694.4	2.370e2
695.0	2.882e3
695.5	4.500e1
696.1	7.016e3
697.1	3.631e3
697.9	1.706e3
698.9	6.493e3
699.8	4.755e3
700.4	1.490e2
700.9	2.700e3
701.8	2.254e3
702.4	2.270e2
702.9	3.393e3
703.5	1.530e2
704.0	2.506e3
705.0	2.907e3
706.0	2.924e3
706.6	7.320e2
707.3	3.477e3
708.1	1.144e3
708.9	3.380e3
709.7	1.498e3
710.5	3.386e3
711.2	1.400e3
712.0	2.748e3
713.0	2.441e3
713.5	9.000e1
714.0	1.784e3
714.8	6.091e3
715.8	4.026e3
716.4	8.100e1
716.9	4.632e3
717.9	4.733e3
718.6	7.640e2
719.3	4.465e3
720.2	1.785e3
721.0	2.829e3
721.7	4.720e2
722.2	2.541e3
723.2	3.354e3
724.1	2.854e3
725.1	1.599e4
726.0	3.426e3
726.8	1.744e3
727.8	2.484e3
728.6	1.319e3
729.4	2.995e3
730.0	2.550e2
730.6	3.108e3
731.6	2.845e3
732.4	8.300e2
733.1	3.413e3
734.0	1.837e3
735.0	3.904e3
736.0	3.457e3
736.6	4.000e0
737.1	3.802e3
737.8	7.850e2
738.5	3.260e3
739.3	1.145e3
740.0	2.386e3
741.0	4.888e3
742.1	3.235e3
743.0	2.994e3
743.8	1.657e3
744.4	2.560e2
744.9	2.949e3
746.0	2.929e3
746.9	3.366e3
748.1	1.951e3
748.7	7.050e2
749.3	3.206e3
750.1	1.421e3
751.1	9.280e3
752.0	4.022e3
753.0	3.616e3
753.5	1.180e2
754.0	2.742e3
754.8	3.880e2
755.4	2.632e3
755.9	2.000e1
756.5	2.972e3
757.2	5.970e2
757.8	1.691e3
758.4	2.030e2
758.9	2.348e3
759.8	2.224e3
760.8	2.609e3
761.7	2.113e3
762.4	7.420e2
763.1	3.383e3
764.0	7.487e3
764.8	3.442e3
765.8	2.015e3
766.4	2.400e2
767.1	3.429e3
767.9	1.957e3
768.6	3.750e2
769.2	2.490e3
770.1	1.552e3
771.0	2.571e3
772.0	1.968e3
772.9	3.572e3
773.9	1.799e3
774.8	2.294e3
775.8	2.947e3
776.4	2.940e2
777.0	2.841e3
778.0	2.467e3
778.6	4.930e2
779.2	2.204e3
780.1	2.559e3
781.0	1.547e3
781.9	1.337e3
782.9	3.926e3
783.9	1.722e3
784.6	9.230e2
785.2	4.018e3
786.1	2.299e3
786.7	4.020e2
787.3	3.262e3
788.1	1.212e3
788.9	2.602e3
789.5	7.100e1
790.0	3.450e3
790.9	2.004e3
791.5	5.100e1
792.0	2.213e3
792.5	6.500e1
793.1	1.413e4
794.0	3.474e3
794.6	3.530e2
795.1	2.639e3
796.0	1.103e3
796.8	2.012e3
797.3	1.740e2
797.9	1.806e3
798.9	2.877e3
799.8	1.914e3
800.4	1.400e1
800.9	2.762e3
801.4	1.470e2
802.0	2.381e3
802.6	2.790e2
803.2	2.431e3
804.0	1.451e3
805.0	4.540e3
805.5	1.200e1
806.0	3.173e3
806.6	4.770e2
807.2	2.957e3
808.1	1.644e3
808.7	6.300e1
809.2	3.127e3
810.3	3.467e3
811.0	1.469e3
811.7	3.034e3
812.2	7.500e1
812.8	2.132e3
813.4	1.620e2
813.9	2.093e3
814.9	2.034e3
815.9	1.973e3
816.9	2.369e3
817.5	3.520e2
818.1	1.951e3
819.0	7.980e3
820.1	3.502e3
821.0	2.706e3
821.9	1.358e3
822.7	2.564e3
823.2	6.700e1
823.7	2.174e3
824.3	2.120e2
825.0	2.845e3
825.5	2.400e1
826.1	4.272e3
827.0	2.946e3
827.9	3.397e3
828.5	4.450e2
829.1	2.722e3
829.7	6.000e0
830.2	2.039e3
831.1	3.187e3
832.1	5.764e3
833.0	4.774e3
833.9	1.961e3
834.7	1.764e3
835.5	3.417e3
836.2	1.443e3
837.0	2.429e3
837.9	9.790e2
838.7	2.144e3
839.6	1.310e3
840.5	1.397e3
841.3	2.631e3
842.0	6.810e2
842.8	2.420e3
843.4	3.260e2
844.0	2.500e3
845.0	2.339e3
846.0	2.482e3
846.7	9.640e2
847.4	2.332e3
848.1	3.820e2
848.9	2.521e3
849.4	4.100e1
849.9	1.915e3
850.5	8.600e1
851.0	3.332e3
851.8	1.710e3
852.7	2.107e3
853.6	3.286e3
854.1	2.700e1
854.6	2.893e3
855.5	1.990e3
856.1	4.620e2
856.8	2.485e3
857.4	2.300e2
858.1	2.498e3
859.1	2.551e3
860.1	2.409e3
861.1	8.549e3
861.7	6.330e2
862.3	3.921e3
863.2	2.161e3
863.8	1.080e2
864.3	1.245e3
865.2	2.398e3
865.7	1.960e2
866.3	1.714e3
867.3	2.733e3
868.3	1.996e3
868.9	1.540e2
869.4	1.893e3
870.3	1.496e3
871.1	3.587e3
871.9	1.268e3
872.5	1.200e1
873.0	2.691e3
874.0	1.928e3
874.5	2.100e1
875.1	2.097e3
875.9	1.530e3
876.4	1.380e2
877.0	3.196e3
877.7	3.910e2
878.2	3.007e3
879.0	1.218e3
879.8	3.030e3
880.4	1.800e2
881.0	2.568e3
882.0	2.092e3
882.7	2.040e2
883.3	2.696e3
884.3	2.208e3
885.1	1.819e3
886.1	2.639e3
887.0	6.227e3
887.9	3.518e3
888.5	9.200e1
889.0	2.905e3
890.0	3.037e3
890.5	1.310e2
891.0	2.775e3
891.6	1.560e2
892.1	2.157e3
893.1	2.346e3
894.1	1.753e3
894.7	3.190e2
895.3	2.951e3
896.1	1.009e3
897.0	2.751e3
898.1	2.102e3
898.6	1.000e1
899.1	3.457e3
900.1	4.894e3
901.0	3.335e3
901.9	2.165e3
902.5	3.200e2
903.1	3.728e3
903.9	1.815e3
904.9	2.318e3
905.7	1.233e3
906.5	2.263e3
907.2	2.520e2
907.8	2.096e3
908.8	1.979e3
909.7	9.080e2
910.5	2.233e3
911.1	1.500e2
911.7	2.283e3
912.3	3.260e2
913.0	2.785e3
913.5	9.200e1
914.0	3.148e3
914.9	2.094e3
915.9	2.053e3
916.9	2.150e3
917.5	1.570e2
918.0	2.600e3
918.6	3.550e2
919.2	3.773e3
920.1	2.071e3
921.1	2.958e3
921.9	1.181e3
922.7	2.723e3
923.3	2.660e2
923.9	1.768e3
924.9	2.462e3
925.9	2.640e3
926.6	4.290e2
927.3	3.201e3
928.1	1.207e3
929.1	7.878e3
929.7	4.330e2
930.2	3.967e3
931.0	1.819e3
931.9	2.274e3
932.8	1.147e3
933.6	2.908e3
934.3	4.520e2
935.0	2.359e3
935.5	7.400e1
936.0	2.505e3
937.0	1.415e3
938.0	2.207e3
938.5	1.210e2
939.1	3.339e3
940.0	1.751e3
940.5	4.200e1
941.1	3.116e3
942.1	2.775e3
943.0	1.668e3
943.9	1.696e3
944.5	6.000e1
945.0	2.660e3
946.0	2.197e3
947.0	2.376e3
947.8	1.508e3
948.5	3.031e3
949.4	1.468e3
950.2	1.073e3
950.9	1.741e3
951.9	1.559e3
952.5	8.000e1
953.1	2.178e3
953.6	1.850e2
954.2	2.193e3
955.0	6.313e3
956.0	4.323e3
956.7	1.292e3
957.5	2.325e3
958.2	1.124e3
959.0	2.825e3
959.5	1.630e2
960.1	1.558e3
961.0	2.259e3
962.1	2.457e3
962.8	8.100e2
963.4	2.763e3
964.4	2.009e3
965.3	2.560e3
966.3	2.756e3
967.2	1.483e3
968.1	4.384e3
969.1	3.261e3
970.0	2.174e3
971.0	3.119e3
971.5	7.800e1
972.0	3.344e3
972.9	2.039e3
973.5	2.000e1
974.0	1.847e3
975.0	2.598e3
976.0	1.898e3
976.5	1.330e2
977.0	2.476e3
977.9	2.898e3
978.7	1.132e3
979.4	1.953e3
980.1	7.090e2
980.9	2.690e3
981.5	3.830e2
982.1	2.312e3
983.1	2.437e3
983.7	1.360e2
984.2	3.066e3
984.9	1.688e3
985.7	2.002e3
986.4	2.910e2
987.0	2.981e3
987.5	3.100e1
988.0	2.140e3
989.0	2.232e3
989.9	2.377e3
990.6	4.510e2
991.3	3.483e3
992.2	2.190e3
993.1	2.554e3
994.1	2.835e3
994.7	4.480e2
995.3	3.607e3
996.2	1.677e3
997.1	9.545e3
997.7	3.700e1
998.2	4.067e3
999.0	1.673e3
999.9	2.918e3
1000.9	2.381e3
1001.9	2.350e3
1002.8	2.718e3
1003.7	3.439e3
1004.3	2.680e2
1004.9	1.998e3
1005.7	1.767e3
1006.5	1.903e3
1007.4	3.668e3
1008.0	2.620e2
1008.6	1.870e3
1009.4	2.976e3
1010.1	7.850e2
1010.9	2.826e3
1011.4	1.520e2
1012.0	1.843e3
1012.9	3.597e3
1013.9	2.647e3
1014.5	4.750e2
1015.1	3.049e3
1015.7	8.400e1
1016.2	2.914e3
1017.2	2.149e3
1018.1	3.072e3
1019.0	2.326e3
1019.8	1.705e3
1020.6	2.674e3
1021.2	2.450e2
1021.7	2.415e3
1022.4	5.160e2
1023.1	4.752e3
1023.6	1.230e2
1024.1	3.379e3
1025.0	2.385e3
1026.0	2.844e3
1026.9	1.590e3
1027.4	7.000e1
1027.9	2.884e3
1028.6	4.080e2
1029.3	2.682e3
1029.9	2.320e2
1030.4	2.013e3
1031.4	2.883e3
1032.1	6.810e2
1032.7	2.241e3
1033.2	3.200e1
1033.7	2.646e3
1034.5	7.120e2
1035.1	2.530e3
1036.1	3.853e3
1037.1	3.368e3
1038.1	2.201e3
1039.0	3.000e3
1039.8	1.821e3
1040.5	2.709e3
1041.5	2.282e3
1042.1	5.020e2
1042.9	1.626e3
1043.8	2.512e3
1044.4	3.310e2
1045.0	2.813e3
1046.0	1.475e3
1046.9	3.024e3
1047.4	1.100e2
1048.0	2.505e3
1049.0	2.212e3
1049.9	3.021e3
1050.8	2.840e3
1051.3	8.000e1
1051.8	1.366e3
1052.6	3.637e3
1053.2	5.660e2
1053.9	2.333e3
1054.8	2.020e3
1055.6	3.533e3
1056.2	2.260e2
1056.9	4.134e3
1057.4	6.700e1
1057.9	2.864e3
1059.0	2.731e3
1059.7	2.670e2
1060.3	2.641e3
1061.1	7.980e2
1061.9	3.999e3
1062.4	2.700e1
1062.9	3.261e3
1063.5	2.910e2
1064.0	3.543e3
1064.6	1.430e2
1065.1	9.494e3
1065.6	1.330e2
1066.1	3.763e3
1067.0	2.081e3
1067.9	1.814e3
1068.5	7.200e1
1069.0	3.114e3
1069.6	1.290e2
1070.2	2.617e3
1071.1	2.274e3
1072.0	2.830e3
1072.8	2.067e3
1073.7	2.895e3
1074.4	3.470e2
1075.0	2.972e3
1075.9	1.633e3
1076.4	1.500e1
1076.9	3.104e3
1077.9	1.826e3
1078.7	2.500e3
1079.7	2.094e3
1080.4	7.950e2
1081.1	3.449e3
1082.0	2.264e3
1082.9	2.787e3
1083.9	2.763e3
1084.6	3.430e2
1085.2	2.977e3
1085.8	2.300e2
1086.3	3.149e3
1086.8	2.300e1
1087.4	2.441e3
1088.0	8.900e2
1088.8	2.345e3
1089.3	4.500e1
1089.9	2.700e3
1090.5	6.660e2
1091.2	4.974e3
1092.1	2.330e3
1093.0	1.481e3
1094.0	4.128e3
1094.7	6.220e2
1095.3	2.785e3
1096.2	1.893e3
1097.2	3.348e3
1098.1	2.046e3
1099.1	3.247e3
1100.0	2.346e3
1101.1	2.848e3
1102.0	2.202e3
1102.9	2.220e3
1104.0	2.446e3
1104.8	3.560e3
1105.5	9.900e2
1106.2	2.486e3
1107.1	3.353e3
1108.0	2.338e3
1108.9	2.339e3
1109.9	2.857e3
1110.7	6.850e2
1111.5	2.898e3
1112.1	1.331e3
1112.9	2.477e3
1113.8	3.295e3
1114.8	1.891e3
1115.3	1.160e2
1115.9	2.984e3
1116.7	8.610e2
1117.5	2.752e3
1118.1	7.100e1
1118.6	3.526e3
1119.2	2.400e2
1119.7	2.771e3
1120.3	2.600e2
1121.0	3.109e3
1122.0	2.595e3
1122.6	4.230e2
1123.2	3.136e3
1124.1	2.600e3
1125.1	2.875e3
1125.9	2.103e3
1126.9	2.590e3
1127.4	4.600e1
1127.9	3.618e3
1128.6	1.110e2
1129.1	2.783e3
1129.6	1.400e1
1130.1	2.599e3
1131.1	2.498e3
1132.1	3.025e3
1132.7	9.800e1
1133.2	5.574e3
1133.8	9.920e2
1134.5	3.181e3
1135.4	2.132e3
1136.2	2.759e3
1137.0	1.360e3
1137.9	2.007e3
1138.4	1.700e1
1139.0	3.086e3
1139.8	1.437e3
1140.6	3.281e3
1141.4	1.615e3
1142.0	8.440e2
1142.7	3.831e3
1143.6	1.776e3
1144.3	7.940e2
1145.1	2.990e3
1146.1	3.405e3
1147.0	2.310e3
1148.1	2.152e3
1149.0	4.194e3
1149.5	2.620e2
1150.1	2.793e3
1151.0	2.247e3
1151.6	1.160e2
1152.1	2.349e3
1153.0	3.613e3
1153.6	2.270e2
1154.1	2.867e3
1154.7	4.240e2
1155.2	2.993e3
1156.1	1.946e3
1156.8	1.095e3
1157.6	3.185e3
1158.4	1.811e3
1159.1	4.159e3
1159.7	4.210e2
1160.5	3.161e3
1161.1	6.880e2
1161.7	2.738e3
1162.3	2.590e2
1162.9	3.082e3
1163.8	2.271e3
1164.4	2.410e2
1165.0	1.831e3
1165.8	3.009e3
1166.5	5.530e2
1167.2	3.896e3
1168.0	1.923e3
1168.8	2.845e3
1169.7	2.928e3
1170.4	5.430e2
1170.9	3.018e3
1171.6	5.270e2
1172.2	2.978e3
1172.8	2.840e2
1173.3	4.884e3
1174.2	1.577e3
1175.1	3.080e3
1175.7	4.780e2
1176.4	3.691e3
1177.4	2.546e3
1178.2	1.135e3
1179.0	2.932e3
1180.0	3.222e3
1180.9	2.759e3
1181.9	3.055e3
1182.6	3.340e2
1183.1	1.812e3
1184.1	2.706e3
1185.1	2.856e3
1186.0	3.207e3
1186.8	2.111e3
1187.5	4.035e3
1188.4	1.656e3
1189.3	2.042e3
1189.8	1.000e2
1190.3	1.724e3
1191.2	2.863e3
1192.2	3.518e3
1193.0	2.516e3
1193.8	8.610e2
1194.4	2.623e3
1195.4	2.613e3
1196.4	2.640e3
1197.3	2.544e3
1198.1	3.070e3
1199.0	1.681e3
1199.8	2.576e3
1200.5	1.009e3
1201.1	5.937e3
1202.1	3.696e3
1202.7	1.640e2
1203.2	2.897e3
1203.7	1.810e2
1204.2	1.940e3
1205.2	3.417e3
1205.9	6.040e2
1206.5	3.005e3
1207.2	1.004e3
1207.9	2.278e3
1208.8	3.465e3
1209.4	2.780e2
1209.9	3.158e3
1210.5	2.740e2
1211.1	3.532e3
1212.0	1.955e3
1213.0	2.648e3
1214.0	2.770e3
1214.8	3.966e3
1215.7	2.225e3
1216.3	4.080e2
1216.8	3.222e3
1217.8	1.845e3
1218.7	3.413e3
1219.2	9.400e1
1219.7	3.169e3
1220.5	1.348e3
1221.2	3.622e3
1222.1	2.755e3
1223.1	1.832e3
1224.1	3.202e3
1225.1	1.837e3
1225.9	2.294e3
1226.8	3.261e3
1227.4	7.110e2
1228.1	3.568e3
1228.7	7.500e1
1229.2	3.222e3
1229.9	1.272e3
1230.6	2.859e3
1231.2	1.130e2
1231.7	3.649e3
1232.4	1.084e3
1233.0	2.448e3
1233.7	6.350e2
1234.3	2.424e3
1235.1	8.570e2
1235.8	3.704e3
1236.8	2.240e3
1237.8	2.646e3
1238.8	2.909e3
1239.4	6.560e2
1240.1	3.305e3
1241.1	2.724e3
1241.7	5.230e2
1242.3	2.673e3
1242.9	3.590e2
1243.5	2.822e3
1244.3	2.169e3
1245.0	5.460e2
1245.6	2.923e3
1246.3	9.000e2
1246.9	3.181e3
1247.6	8.670e2
1248.2	3.438e3
1249.0	1.956e3
1249.8	3.344e3
1250.5	6.160e2
1251.2	2.387e3
1252.1	2.500e3
1253.0	3.055e3
1253.6	3.180e2
1254.3	3.373e3
1255.0	1.530e3
1256.0	2.955e3
1256.9	2.906e3
1257.7	1.451e3
1258.4	2.731e3
1259.2	1.242e3
1259.9	3.380e3
1260.5	1.260e2
1261.0	1.994e3
1261.9	3.554e3
1262.7	1.784e3
1263.6	3.635e3
1264.6	2.241e3
1265.3	7.310e2
1266.0	3.705e3
1267.0	2.873e3
1267.5	2.340e2
1268.1	2.516e3
1268.6	1.400e1
1269.1	3.875e3
1269.7	7.120e2
1270.3	2.867e3
1271.3	3.664e3
1271.8	4.000e1
1272.3	3.236e3
1273.0	8.440e2
1273.6	3.310e3
1274.6	3.670e3
1275.3	6.650e2
1275.9	3.731e3
1276.8	3.265e3
1277.7	3.545e3
1278.3	3.870e2
1278.8	2.995e3
1279.7	3.613e3
1280.5	1.194e3
1281.3	3.264e3
1281.8	6.000e0
1282.3	3.334e3
1283.0	8.490e2
1283.7	3.857e3
1284.3	4.550e2
1284.8	2.079e3
1285.7	3.270e3
1286.5	6.710e2
1287.1	3.914e3
1287.8	2.650e2
1288.3	2.735e3
1289.2	1.649e3
1290.1	2.898e3
1291.0	1.688e3
1291.8	3.803e3
1292.7	2.660e3
1293.7	2.828e3
1294.3	6.030e2
1295.0	2.918e3
1295.9	2.180e3
1296.9	2.853e3
1297.9	3.320e3
1298.6	1.008e3
1299.4	2.300e3
1299.9	1.800e1
1300.4	2.702e3
1301.2	8.840e2
1301.8	3.636e3
1302.8	1.121e3
1303.5	3.205e3
1304.5	2.678e3
1305.1	6.100e2
1305.9	2.459e3
1306.6	4.130e2
1307.3	4.054e3
1308.3	4.224e3
1308.9	3.610e2
1309.6	2.566e3
1310.5	3.670e3
1311.5	2.487e3
1312.1	4.620e2
1312.7	2.518e3
1313.3	3.770e2
1314.0	3.169e3
1314.5	1.480e2
1315.1	2.335e3
1316.0	2.440e3
1317.0	2.433e3
1318.0	2.859e3
1318.6	3.610e2
1319.1	2.951e3
1320.0	1.891e3
1321.0	3.489e3
1322.0	2.136e3
1322.9	2.987e3
1323.9	3.019e3
1324.9	1.980e3
1325.5	2.210e2
1326.0	2.438e3
1326.6	3.370e2
1327.2	3.216e3
1328.1	2.327e3
1329.0	2.776e3
1330.0	2.721e3
1330.7	7.950e2
1331.3	2.761e3
1332.2	2.895e3
1332.9	4.210e2
1333.6	2.624e3
1334.5	2.289e3
1335.1	1.600e1
1335.6	2.601e3
1336.5	6.340e2
1337.2	3.782e3
1338.1	3.065e3
1339.1	3.125e3
1339.9	1.706e3
1340.8	2.571e3
1341.8	1.664e3
1342.8	1.755e3
1343.3	8.300e1
1343.8	2.608e3
1344.7	1.793e3
1345.5	3.209e3
1346.4	1.770e3
1347.3	2.994e3
1348.0	7.620e2
1348.8	2.796e3
1349.3	2.500e1
1349.8	2.534e3
1350.4	7.400e1
1350.9	2.506e3
1351.9	2.852e3
1352.4	1.270e2
1353.0	3.265e3
1353.5	1.300e2
1354.1	2.566e3
1354.8	9.680e2
1355.6	2.104e3
1356.1	1.000e2
1356.7	2.924e3
1357.6	3.732e3
1358.2	4.300e2
1358.8	3.641e3
1359.4	1.480e2
1360.0	2.174e3
1360.6	1.270e2
1361.2	3.399e3
1362.0	1.511e3
1362.8	4.125e3
1363.8	2.664e3
1364.5	1.197e3
1365.2	2.917e3
1365.9	9.310e2
1366.6	4.566e3
1367.6	1.936e3
1368.6	1.901e3
1369.6	2.640e3
1370.5	1.717e3
1371.4	2.051e3
1372.5	2.986e3
1373.1	6.010e2
1373.8	2.110e3
1374.3	1.600e1
1374.8	2.298e3
1375.4	3.130e2
1376.0	2.871e3
1376.5	2.360e2
1377.0	3.488e3
1377.6	2.920e2
1378.2	2.512e3
1378.8	8.000e0
1379.3	3.611e3
1380.0	6.330e2
1380.6	2.921e3
1381.2	6.200e2
1381.9	3.150e3
1382.7	1.529e3
1383.2	1.570e2
1383.8	2.106e3
1384.7	3.169e3
1385.4	5.910e2
1386.1	2.315e3
1386.7	2.020e2
1387.3	1.905e3
1387.8	1.300e2
1388.4	2.820e3
1388.9	8.700e1
1389.4	3.237e3
1390.1	8.170e2
1390.7	3.277e3
1391.4	7.020e2
1392.0	2.136e3
1393.0	2.564e3
1394.0	3.327e3
1394.5	5.150e2
1395.2	2.993e3
1396.1	1.222e3
1396.9	2.546e3
1397.6	8.130e2
1398.2	2.519e3
1398.9	3.500e2
1399.5	3.364e3
1400.1	7.210e2
1400.8	2.988e3
1401.4	6.480e2
1402.1	2.730e3
1402.7	7.490e2
1403.5	3.408e3
1404.3	1.435e3
1405.1	4.745e3
1406.0	2.452e3
1406.9	2.194e3
1407.9	2.226e3
1408.8	2.962e3
1409.3	2.250e2
1410.0	3.116e3
1410.7	1.484e3
1411.5	2.945e3
1412.4	1.380e3
1413.3	2.164e3
1414.1	1.931e3
1414.9	3.222e3
1415.7	1.126e3
1416.4	3.814e3
1417.3	3.163e3
1418.3	3.292e3
1419.1	1.438e3
1419.9	2.685e3
1420.4	3.640e2
1421.2	2.052e3
1422.1	2.797e3
1423.1	2.202e3
1423.6	7.000e0
1424.1	2.372e3
1424.7	4.650e2
1425.4	2.998e3
1425.9	2.600e1
1426.4	2.532e3
1427.0	2.490e2
1427.6	2.328e3
1428.2	3.040e2
1428.7	2.509e3
1429.7	1.965e3
1430.3	3.530e2
1430.9	3.273e3
1431.8	2.030e3
1432.4	2.560e2
1433.0	3.907e3
1433.6	4.330e2
1434.2	2.507e3
1434.9	7.490e2
1435.8	2.227e3
1436.3	1.660e2
1436.9	1.881e3
1437.7	2.331e3
1438.3	5.150e2
1439.0	2.975e3
1439.6	4.050e2
1440.1	3.148e3
1441.1	2.346e3
1442.0	2.035e3
1442.9	1.886e3
1443.4	4.900e1
1444.0	2.701e3
1444.5	7.000e0
1445.0	2.113e3
1445.5	2.500e1
1446.0	2.420e3
1446.6	4.400e1
1447.1	2.819e3
1447.8	6.580e2
1448.5	3.428e3
1449.0	3.990e2
1449.7	2.573e3
1450.2	3.230e2
1450.8	2.755e3
1451.5	2.040e2
1452.1	3.173e3
1452.6	7.500e1
1453.2	2.185e3
1454.1	1.366e3
1455.0	2.777e3
1455.9	1.677e3
1456.9	2.505e3
1457.7	1.129e3
1458.5	1.661e3
1459.4	2.887e3
1460.4	3.097e3
1461.2	1.582e3
1462.2	1.895e3
1463.2	2.871e3
1464.1	2.408e3
1465.0	1.703e3
1465.9	2.986e3
1466.5	5.600e2
1467.1	3.551e3
1467.8	7.790e2
1468.6	1.504e3
1469.6	2.926e3
1470.3	1.139e3
1471.1	2.446e3
1471.9	8.750e2
1472.6	2.594e3
1473.1	1.100e2
1473.7	2.897e3
1474.6	2.219e3
1475.5	2.070e3
1476.1	3.650e2
1476.7	2.844e3
1477.7	2.856e3
1478.7	2.092e3
1479.5	8.790e2
1480.4	2.680e3
1481.2	8.200e2
1482.0	1.599e3
1483.0	2.985e3
1483.9	1.257e3
1484.7	2.720e3
1485.4	8.680e2
1486.1	2.677e3
1487.1	2.416e3
1488.0	2.444e3
1489.0	2.235e3
1489.9	2.212e3
1490.4	4.800e1
1490.9	2.107e3
1491.8	1.099e3
1492.6	2.819e3
1493.5	2.270e3
1494.2	9.620e2
1494.8	2.092e3
1495.8	2.003e3
1496.8	2.952e3
1497.8	2.506e3
1498.4	2.350e2
1499.0	2.424e3
1500.0	2.422e3
1500.7	3.440e2
1501.2	1.838e3
1502.2	2.763e3
1502.8	4.520e2
1503.5	2.610e3
1504.2	1.158e3
1505.2	2.230e3
1506.0	1.221e3
1506.9	1.914e3
1507.9	2.552e3
1508.4	1.460e2
1509.0	2.405e3
1509.9	1.828e3
1510.9	1.553e3
1511.8	3.000e3
1512.5	5.030e2
1513.1	2.896e3
1513.7	5.170e2
1514.4	3.279e3
1515.4	2.641e3
1516.0	4.340e2
1516.7	3.758e3
1517.2	2.030e2
1517.8	2.130e3
1518.5	3.670e2
1519.1	1.925e3
1519.9	6.330e2
1520.5	3.050e3
1521.3	1.880e3
1522.1	1.211e3
1523.0	2.477e3
1523.8	1.330e3
1524.3	9.300e1
1524.9	3.171e3
1525.7	1.209e3
1526.4	3.110e3
1527.0	2.680e2
1527.6	2.373e3
1528.2	4.300e1
1528.8	2.209e3
1529.5	7.300e2
1530.1	3.063e3
1530.9	1.463e3
1531.8	2.827e3
1532.8	2.165e3
1533.7	1.123e3
1534.5	3.001e3
1535.0	4.000e0
1535.5	1.599e3
1536.0	4.000e0
1536.5	1.902e3
1537.5	2.873e3
1538.2	9.180e2
1538.9	2.353e3
1539.9	2.132e3
1540.4	7.100e1
1540.9	3.203e3
1541.7	6.930e2
1542.5	2.967e3
1543.4	1.685e3
1544.4	2.918e3
1545.1	3.050e2
1545.7	2.219e3
1546.6	1.325e3
1547.4	4.193e3
1548.2	8.200e2
1548.9	2.619e3
1549.8	1.160e3
1550.6	1.666e3
1551.3	2.901e3
1552.1	7.570e2
1552.8	2.441e3
1553.4	7.520e2
1554.1	2.432e3
1555.1	2.683e3
1556.1	1.296e3
1557.0	2.790e3
1557.5	8.300e1
1558.1	2.009e3
1559.2	3.704e3
1560.1	2.274e3
1561.0	2.580e3
1561.8	1.384e3
1562.7	2.399e3
1563.6	3.222e3
1564.1	5.100e1
1564.7	2.534e3
1565.4	4.450e2
1566.2	2.196e3
1567.1	1.174e3
1568.0	1.975e3
1568.7	7.490e2
1569.4	3.079e3
1569.9	2.030e2
1570.5	3.140e3
1571.0	1.100e2
1571.5	1.871e3
1572.1	4.400e1
1572.6	3.001e3
1573.4	1.455e3
1574.1	3.012e3
1575.0	1.398e3
1575.8	2.634e3
1576.4	3.510e2
1577.0	1.588e3
1578.0	2.652e3
1578.9	2.778e3
1579.5	2.800e2
1580.1	3.825e3
1581.0	1.205e3
1581.8	2.846e3
1582.8	2.145e3
1583.5	3.090e2
1584.2	2.571e3
1585.0	6.140e2
1585.7	2.033e3
1586.6	1.839e3
1587.2	1.240e2
1587.8	1.945e3
1588.5	5.570e2
1589.2	2.784e3
1590.1	1.816e3
1591.1	2.723e3
1592.0	2.521e3
1592.6	2.540e2
1593.3	2.156e3
1593.8	1.730e2
1594.3	2.217e3
1595.1	9.910e2
1596.0	2.202e3
1596.6	5.000e1
1597.1	2.453e3
1597.9	1.632e3
1598.9	3.442e3
1599.7	1.491e3
1600.4	2.940e2
1601.0	1.591e3
1601.6	4.700e1
1602.1	2.290e3
1602.8	4.430e2
1603.4	1.909e3
1604.5	2.421e3
1605.2	8.850e2
1605.9	1.473e3
1606.9	2.304e3
1607.5	1.250e2
1608.1	3.010e3
1608.8	4.510e2
1609.5	2.132e3
1610.5	2.604e3
1611.0	3.850e2
1611.6	2.358e3
1612.6	1.984e3
1613.1	1.550e2
1613.7	2.710e3
1614.2	4.600e1
1614.7	1.862e3
1615.5	9.980e2
1616.2	2.838e3
1617.0	8.820e2
1618.0	1.878e3
1618.6	1.450e2
1619.1	2.382e3
1620.1	1.267e3
1621.1	2.113e3
1621.7	5.490e2
1622.4	2.557e3
1623.0	5.440e2
1623.7	1.517e3
1624.3	1.620e2
1624.9	1.873e3
1625.6	7.870e2
1626.3	1.064e3
1627.2	3.185e3
1627.8	2.940e2
1628.3	2.243e3
1629.2	1.286e3
1630.0	3.183e3
1631.0	1.221e3
1631.7	3.335e3
1632.6	1.821e3
1633.2	3.800e1
1633.7	1.541e3
1634.4	5.700e2
1635.1	1.762e3
1636.0	2.079e3
1637.0	1.892e3
1637.5	2.060e2
1638.1	3.304e3
1638.9	1.145e3
1639.7	2.850e3
1640.4	8.880e2
1641.2	2.685e3
1642.0	9.490e2
1642.9	2.278e3
1643.9	2.206e3
1644.5	6.600e1
1645.0	1.794e3
1645.6	3.660e2
1646.3	1.789e3
1647.1	1.026e3
1647.9	2.353e3
1648.5	7.170e2
1649.2	2.053e3
1649.8	3.100e1
1650.4	1.979e3
1651.0	4.000e0
1651.5	2.911e3
1652.5	2.335e3
1653.0	2.490e2
1653.6	1.433e3
1654.3	2.780e2
1654.9	1.752e3
1655.9	2.389e3
1656.7	1.578e3
1657.5	2.659e3
1658.1	5.050e2
1658.8	2.333e3
1659.7	1.123e3
1660.4	3.030e3
1661.1	5.800e1
1661.8	2.287e3
1662.6	2.330e2
1663.2	2.007e3
1664.2	2.048e3
1665.2	2.549e3
1666.1	2.698e3
1667.0	3.386e3
1667.7	7.550e2
1668.3	2.558e3
1669.0	1.186e3
1669.8	2.660e3
1670.5	1.445e3
1671.3	1.955e3
1672.2	1.508e3
1673.2	2.924e3
1673.8	2.640e2
1674.4	2.090e3
1675.2	1.051e3
1675.9	2.505e3
1676.6	2.640e2
1677.2	2.374e3
1677.9	4.810e2
1678.5	2.878e3
1679.5	1.986e3
1680.5	2.715e3
1681.2	1.160e3
1682.0	1.487e3
1682.8	2.693e3
1683.4	1.400e2
1683.9	1.468e3
1684.9	2.690e3
1685.4	2.000e1
1685.9	1.275e3
1686.7	2.499e3
1687.7	2.020e3
1688.5	1.124e3
1689.2	2.935e3
1690.1	1.762e3
1691.0	2.740e3
1691.9	1.873e3
1693.0	1.235e3
1693.9	2.354e3
1694.7	1.988e3
1695.4	4.280e2
1696.1	2.958e3
1697.3	2.960e3
1698.0	1.907e3
1698.7	2.060e2
1699.4	1.788e3
1700.0	5.680e2
1700.6	2.688e3
1701.2	2.630e2
1701.9	2.622e3
1702.5	4.840e2
1703.1	2.971e3
1704.0	2.285e3
1704.8	9.870e2
1705.7	2.865e3
1706.5	1.021e3
1707.3	2.403e3
1708.1	2.457e3
1708.9	9.330e2
1709.8	1.860e3
1710.7	1.994e3
1711.4	8.830e2
1712.1	3.682e3
1712.8	6.210e2
1713.6	2.449e3
1714.6	1.940e3
1715.3	1.039e3
1716.1	2.943e3
1716.8	1.064e3
1717.5	2.351e3
1718.2	6.240e2
1719.0	1.910e3
1719.6	1.460e2
1720.1	1.264e3
1720.8	3.154e3
1721.7	1.149e3
1722.6	2.430e3
1723.1	1.800e1
1723.6	2.580e3
1724.1	8.000e0
1724.7	1.703e3
1725.8	2.806e3
1726.7	2.369e3
1727.2	1.070e2
1727.7	2.685e3
1728.3	2.600e1
1728.8	1.872e3
1729.4	4.980e2
1730.0	1.330e3
1730.8	2.550e3
1731.8	2.535e3
1732.6	1.178e3
1733.4	2.176e3
1734.4	1.410e3
1735.4	2.396e3
1736.4	3.271e3
1737.3	2.463e3
1738.0	1.648e3
1738.9	2.197e3
1739.8	2.523e3
1740.8	9.900e2
1741.6	3.267e3
1742.5	3.310e3
1743.4	1.277e3
1744.2	2.412e3
1745.0	1.457e3
1745.8	3.521e3
1746.7	1.682e3
1747.4	4.780e2
1748.1	2.111e3
1749.0	1.330e3
1749.8	2.988e3
1750.9	2.655e3
1751.7	1.416e3
1752.6	2.800e3
1753.4	8.830e2
1754.2	1.651e3
1754.7	1.530e2
1755.3	2.418e3
1755.9	6.230e2
1756.6	1.799e3
1757.5	1.829e3
1758.0	3.910e2
1758.6	2.261e3
1759.2	1.070e2
1759.8	1.779e3
1760.3	8.700e1
1760.8	3.315e3
1761.5	5.460e2
1762.1	1.936e3
1762.8	4.910e2
1763.4	1.995e3
1764.3	1.252e3
1765.2	1.607e3
1765.9	2.380e2
1766.5	2.319e3
1767.1	2.350e2
1767.8	1.466e3
1768.9	2.701e3
1769.7	5.920e2
1770.5	1.768e3
1771.1	3.090e2
1771.8	2.730e3
1772.8	1.904e3
1773.8	1.511e3
1774.7	2.877e3
1775.2	1.830e2
1775.8	1.573e3
1776.8	2.288e3
1777.8	2.724e3
1778.5	3.900e2
1779.2	1.996e3
1780.1	1.422e3
1781.0	1.896e3
1782.0	2.458e3
1783.1	2.059e3
1783.8	5.620e2
1784.4	3.094e3
1785.0	1.820e2
1785.6	2.532e3
1786.5	1.064e3
1787.3	1.650e3
1788.0	8.960e2
1788.8	1.740e3
1789.7	1.680e3
1790.3	1.520e2
1790.8	1.559e3
1791.4	1.210e2
1791.9	2.621e3
1792.7	1.429e3
1793.5	2.055e3
1794.5	2.224e3
1795.4	1.407e3
1796.0	2.060e2
1796.6	2.201e3
1797.4	1.533e3
1798.2	1.521e3
1799.1	1.962e3
1800.1	2.253e3
1800.8	5.350e2
1801.5	2.753e3
1802.0	2.910e2
1802.7	2.576e3
1803.3	5.490e2
1804.0	1.993e3
1804.6	5.540e2
1805.2	1.668e3
1806.1	1.964e3
1807.1	1.822e3
1807.8	6.200e2
1808.5	1.687e3
1809.1	1.740e2
1809.8	1.628e3
1810.7	2.270e3
1811.3	2.730e2
1811.9	2.155e3
1812.5	1.300e2
1813.0	1.882e3
1813.6	3.690e2
1814.3	2.443e3
1815.1	1.112e3
1815.8	3.091e3
1816.5	5.580e2
1817.3	2.942e3
1818.1	8.820e2
1819.1	2.487e3
1820.0	1.492e3
1820.5	8.000e1
1821.1	1.612e3
1822.0	2.328e3
1822.9	2.156e3
1823.5	1.420e2
1824.1	1.849e3
1824.6	6.700e1
1825.1	2.291e3
1825.9	7.130e2
1826.6	2.499e3
1827.6	1.800e3
1828.3	7.590e2
1829.0	2.802e3
1829.8	8.830e2
1830.7	1.662e3
1831.6	1.689e3
1832.5	1.091e3
1833.5	1.919e3
1834.0	4.000e1
1834.6	2.136e3
1835.2	4.540e2
1836.0	9.770e2
1836.9	2.089e3
1837.8	3.190e2
1838.5	2.616e3
1839.5	1.572e3
1840.1	2.880e2
1840.7	1.786e3
1841.6	1.013e3
1842.4	1.868e3
1843.3	2.267e3
1844.0	7.360e2
1844.6	2.121e3
1845.2	1.060e2
1845.7	2.516e3
1846.3	2.880e2
1847.0	2.178e3
1847.9	8.960e2
1848.8	2.246e3
1849.7	1.794e3
1850.2	5.200e1
1850.8	1.366e3
1851.3	9.500e1
1851.9	2.533e3
1852.8	1.532e3
1853.4	3.620e2
1854.1	2.220e3
1854.6	1.800e1
1855.2	1.710e3
1855.9	7.610e2
1856.8	7.300e2
1857.7	1.237e3
1858.5	2.090e3
1859.3	1.261e3
1860.1	2.244e3
1860.7	7.000e0
1861.2	1.274e3
1862.2	2.458e3
1862.9	8.190e2
1863.7	2.282e3
1864.8	2.081e3
1865.6	1.084e3
1866.1	1.700e1
1866.7	2.808e3
1867.3	9.040e2
1868.0	2.581e3
1868.6	4.200e1
1869.1	2.293e3
1870.0	1.171e3
1870.9	1.235e3
1871.7	2.346e3
1872.3	2.260e2
1872.8	2.443e3
1873.6	1.606e3
1874.5	1.654e3
1875.0	4.800e1
1875.6	2.073e3
1876.2	1.370e2
1876.7	2.262e3
1877.5	7.630e2
1878.3	2.350e3
1879.2	2.060e3
1880.1	1.213e3
1881.1	1.434e3
1881.8	4.160e2
1882.5	1.742e3
1883.0	5.000e0
1883.5	1.913e3
1884.2	5.620e2
1885.0	2.136e3
1885.9	1.255e3
1886.8	1.877e3
1887.4	3.150e2
1888.0	2.427e3
1888.6	7.500e1
1889.2	2.396e3
1890.1	1.763e3
1891.1	7.440e2
1892.1	1.839e3
1892.6	1.220e2
1893.2	1.956e3
1893.7	2.200e1
1894.3	2.065e3
1895.1	8.050e2
1895.9	1.595e3
1896.8	1.558e3
1897.7	3.110e3
1898.4	2.750e2
1899.0	1.467e3
1899.9	1.400e3
1900.9	1.364e3
1901.5	1.380e2
1902.0	9.200e2
1903.1	1.883e3
1903.8	3.170e2
1904.4	1.090e3
1905.2	2.165e3
1906.2	1.886e3
1906.9	5.590e2
1907.5	1.986e3
1908.6	1.725e3
1909.4	8.990e2
1910.3	1.431e3
1911.2	1.717e3
1912.1	8.670e2
1912.8	2.230e3
1913.5	3.760e2
1914.1	2.268e3
1914.8	5.860e2
1915.5	2.227e3
1916.4	2.128e3
1917.2	6.650e2
1917.9	2.582e3
1918.8	1.625e3
1919.7	2.851e3
1920.2	3.400e1
1920.8	1.342e3
1921.7	9.670e2
1922.5	1.916e3
1923.2	6.510e2
1923.9	3.180e3
1924.6	7.780e2
1925.4	1.781e3
1926.1	1.041e3
1926.8	2.502e3
1927.7	1.268e3
1928.2	3.360e2
1928.8	2.571e3
1929.7	1.593e3
1930.7	1.494e3
1931.2	5.400e1
1931.7	1.598e3
1932.3	1.700e1
1932.9	1.474e3
1933.7	1.837e3
1934.5	9.910e2
1935.4	1.739e3
1936.4	1.519e3
1937.4	1.723e3
1938.3	7.080e2
1939.2	1.534e3
1939.9	6.290e2
1940.7	1.287e3
1941.2	2.600e1
1941.8	2.040e3
1942.5	1.069e3
1943.2	1.642e3
1943.8	5.600e1
1944.3	2.361e3
1945.3	1.204e3
1946.1	3.970e2
1946.9	1.429e3
1947.7	1.457e3
1948.2	1.100e1
1948.8	2.519e3
1949.4	7.730e2
1950.3	2.705e3
1951.1	7.940e2
1952.1	1.276e3
1953.2	2.608e3
1954.0	5.640e2
1954.8	2.009e3
1955.5	5.770e2
1956.1	1.737e3
1957.1	2.090e3
1957.6	7.200e1
1958.2	9.020e2
1959.2	2.040e3
1959.7	9.700e1
1960.2	1.286e3
1960.8	3.430e2
1961.4	1.631e3
1962.3	1.305e3
1963.2	1.548e3
1963.7	1.400e2
1964.3	1.207e3
1965.2	1.705e3
1966.2	9.970e2
1966.7	2.300e1
1967.3	2.246e3
1968.2	1.009e3
1969.1	1.537e3
1969.7	1.580e2
1970.4	2.370e3
1971.0	2.620e2
1971.6	9.130e2
1972.6	8.790e2
1973.5	9.410e2
1974.6	2.043e3
1975.2	4.640e2
1975.8	1.556e3
1976.6	1.859e3
1977.5	1.382e3
1978.4	2.197e3
1979.2	1.442e3
1979.8	4.400e2
1980.4	2.660e3
1981.2	7.550e2
1982.0	1.695e3
1983.1	2.044e3
1983.8	7.630e2
1984.6	1.890e3
1985.4	1.577e3
1986.3	1.201e3
1987.1	1.117e3
1987.9	1.520e3
1988.9	2.693e3
1989.7	1.627e3
1990.5	1.006e3
1991.0	3.000e0
1991.6	1.081e3
1992.3	1.008e3
1993.3	2.376e3
1994.2	1.348e3
1994.7	1.730e2
1995.3	9.230e2
1996.2	1.731e3
1996.8	8.000e0
1997.3	8.780e2
1998.2	1.544e3
1998.9	3.800e2
1999.6	1.399e3
