100.3	1.039e5
101.0	7.716e5
101.6	2.053e3
102.1	2.419e6
103.0	1.539e5
103.6	2.503e3
104.1	1.368e5
105.1	7.199e5
105.6	1.059e3
106.1	1.171e5
106.7	1.116e4
107.3	2.097e5
107.9	2.281e4
108.4	6.141e5
109.1	2.547e5
110.0	2.476e6
110.6	1.348e3
111.1	5.459e6
112.1	1.867e6
113.1	4.104e5
114.1	3.172e5
115.1	1.770e5
115.6	2.979e3
116.1	1.312e5
117.1	9.838e4
118.1	2.370e5
119.0	1.951e5
119.6	3.939e3
120.1	5.768e5
121.1	1.685e5
121.7	1.418e3
122.2	1.493e6
123.1	3.504e5
123.6	5.760e2
124.2	1.171e5
125.1	8.861e4
126.0	2.773e5
126.6	6.750e2
127.1	9.721e4
127.7	1.295e3
128.2	4.749e4
129.1	1.025e5
129.7	6.305e3
130.2	2.359e5
130.7	3.498e3
131.3	6.813e5
132.2	2.064e5
133.1	4.413e5
134.1	7.963e4
135.1	7.218e4
136.1	3.919e5
136.6	1.360e3
137.1	8.938e4
137.6	3.670e2
138.2	1.245e6
138.7	1.039e3
139.2	1.491e5
140.1	2.064e5
141.1	1.512e5
142.1	2.997e5
142.6	1.973e3
143.1	7.618e4
144.1	1.328e5
145.1	6.465e5
146.1	8.727e4
147.1	3.653e5
147.6	3.460e2
148.1	7.421e4
149.1	2.086e5
149.7	2.185e3
150.2	2.748e5
151.2	7.152e4
152.2	4.025e4
153.1	4.540e4
154.1	7.869e4
155.1	1.884e5
156.2	9.981e4
157.1	2.036e5
157.6	2.360e2
158.1	4.121e5
159.1	1.234e6
159.6	2.420e2
160.1	1.660e5
160.6	4.170e2
161.1	6.220e4
162.1	6.074e4
162.6	5.180e2
163.1	1.675e5
164.1	1.198e5
164.6	8.060e2
165.2	8.978e4
165.9	1.190e4
166.5	7.346e4
167.5	4.227e5
168.2	8.548e4
169.2	5.801e4
170.1	1.056e5
170.7	7.890e2
171.2	6.330e5
172.1	3.221e5
173.1	1.477e5
173.7	2.668e3
174.2	1.069e5
175.1	7.667e4
175.9	2.105e5
176.9	4.253e5
177.5	2.529e4
178.1	1.154e5
178.6	4.633e3
179.2	1.498e5
180.2	6.858e4
181.2	1.043e5
182.1	6.832e4
183.1	4.296e5
183.7	2.498e3
184.3	1.116e5
185.1	7.831e5
186.0	1.939e5
186.6	2.614e3
187.1	5.853e5
187.7	1.578e3
188.2	4.710e5
189.1	1.186e5
189.6	1.234e3
190.2	6.786e4
191.1	7.585e4
191.6	3.610e2
192.1	9.812e4
192.6	9.890e2
193.2	7.265e4
193.7	2.311e3
194.2	2.676e5
195.2	1.618e5
196.3	2.420e6
197.2	6.874e5
197.7	6.590e2
198.3	1.011e6
199.3	1.841e5
200.1	3.504e5
200.6	3.690e2
201.2	1.136e5
202.2	7.118e4
203.1	1.375e5
204.1	6.196e4
205.1	8.760e4
205.7	2.536e3
206.2	8.130e4
206.7	2.480e2
207.3	7.687e4
208.2	5.743e4
209.1	1.208e5
209.7	2.630e2
210.2	9.500e4
211.1	6.394e4
212.1	7.789e4
213.1	4.392e4
214.2	8.038e6
215.2	1.023e6
216.2	5.690e5
217.2	2.387e5
217.7	1.952e3
218.2	7.184e5
219.2	1.646e5
220.3	1.280e5
221.2	9.415e4
222.2	4.518e4
223.2	4.367e4
224.2	1.210e5
225.1	5.834e4
226.1	8.166e4
227.1	4.014e5
227.6	3.521e3
228.2	1.274e5
229.2	9.707e4
229.7	4.440e2
230.2	4.887e4
231.2	9.595e4
232.2	5.902e4
233.1	6.087e4
233.7	1.838e3
234.2	7.907e4
235.2	5.941e4
236.2	1.007e6
237.2	2.462e5
238.2	1.101e5
239.1	8.986e4
240.1	3.938e4
240.7	1.089e3
241.2	4.985e4
242.2	6.257e4
243.2	9.598e4
243.7	5.550e2
244.2	5.193e4
245.2	6.372e4
246.2	3.647e4
247.2	3.834e4
248.2	3.264e4
248.7	2.550e2
249.2	3.100e4
250.2	6.856e4
250.7	3.910e2
251.2	4.063e4
252.2	8.510e4
253.2	6.262e4
254.0	9.280e4
254.6	4.669e3
255.2	6.725e4
255.7	5.990e2
256.2	4.963e4
257.2	5.107e4
257.7	1.289e3
258.3	2.868e4
259.3	1.919e5
260.2	5.789e4
261.2	8.847e4
262.2	4.548e4
263.1	6.456e4
264.1	3.361e4
264.6	1.225e3
265.2	2.760e4
266.1	8.995e4
266.6	1.014e3
267.2	4.313e4
268.2	2.531e4
268.7	2.235e3
269.3	2.506e4
270.3	3.073e4
271.3	4.275e4
272.2	3.013e4
272.7	5.090e2
273.3	3.604e4
274.3	6.066e4
275.2	4.158e4
276.1	3.236e4
276.7	1.325e3
277.2	8.681e4
278.2	4.230e4
278.7	1.431e3
279.3	8.048e4
279.8	1.003e3
280.3	3.670e4
281.2	3.701e4
281.8	8.500e1
282.3	5.605e4
283.2	7.277e4
283.8	3.069e3
284.3	4.956e4
285.2	3.865e4
286.2	2.957e4
287.2	3.498e4
287.7	6.850e2
288.2	2.574e4
289.2	6.133e4
289.7	1.551e3
290.2	3.874e4
291.2	2.354e4
292.2	2.982e4
293.1	2.697e4
293.6	7.630e2
294.1	2.623e4
295.1	7.100e4
296.2	3.071e4
296.7	1.460e3
297.3	3.431e4
298.2	1.913e4
299.1	3.274e4
299.6	4.260e2
300.2	2.382e4
300.7	1.523e3
301.3	8.810e4
302.2	3.546e4
302.7	7.270e2
303.3	3.944e4
304.1	5.398e4
304.6	3.920e2
305.1	6.357e4
305.7	1.337e3
306.2	2.707e4
307.2	3.986e4
307.7	1.300e2
308.2	3.101e4
309.2	3.462e4
309.8	2.868e3
310.3	2.978e4
310.8	6.540e2
311.3	5.403e4
312.3	3.210e4
312.8	5.840e2
313.3	5.958e4
314.3	3.515e4
315.3	3.151e4
316.2	2.480e4
317.3	3.467e4
318.3	2.234e4
319.2	2.980e4
320.2	2.349e4
321.2	4.492e4
321.7	3.170e2
322.2	2.693e4
322.7	1.190e2
323.2	2.191e4
323.7	7.220e2
324.3	2.386e4
324.8	1.402e3
325.4	7.463e4
326.2	6.965e4
327.2	5.057e4
328.2	3.256e4
329.1	4.852e4
329.7	5.215e3
330.3	2.770e4
331.3	1.567e5
332.3	6.700e4
333.3	5.094e4
334.2	4.649e4
334.7	2.450e2
335.3	3.498e4
335.9	1.825e3
336.4	2.895e4
337.3	4.408e4
337.9	3.393e3
338.4	4.315e4
339.4	9.938e4
340.3	4.170e4
340.8	2.570e3
341.4	6.827e4
342.3	3.630e4
343.3	3.501e4
344.2	3.743e4
345.2	3.648e4
345.7	1.044e3
346.2	2.839e4
346.7	6.300e2
347.3	5.011e4
348.1	5.238e4
348.7	2.261e3
349.2	9.480e4
349.8	1.374e3
350.3	4.024e4
351.2	3.311e4
352.2	4.086e4
352.7	1.449e3
353.3	5.894e4
354.2	1.680e5
354.7	2.716e3
355.3	1.265e5
356.2	5.125e4
357.2	5.534e4
357.8	3.732e3
358.3	3.649e4
359.3	1.497e5
360.3	5.686e4
360.9	1.805e3
361.4	4.804e4
362.2	2.617e4
363.1	1.128e5
363.6	8.250e2
364.2	3.276e4
364.7	2.700e2
365.2	4.141e4
365.7	2.130e2
366.2	2.698e4
366.7	4.730e2
367.3	3.633e4
367.8	1.600e3
368.3	3.169e4
368.9	2.875e3
369.4	1.317e5
369.9	2.600e2
370.4	4.830e4
371.4	3.475e4
372.3	4.170e4
373.2	3.152e4
373.7	7.060e2
374.2	2.579e4
374.7	5.130e2
375.2	4.859e4
375.7	4.860e2
376.3	3.562e4
377.2	5.614e4
377.8	5.144e3
378.5	3.615e4
379.3	5.730e4
380.2	4.554e4
380.8	3.281e3
381.4	6.140e4
382.3	3.030e4
382.9	2.263e3
383.4	1.181e5
384.4	4.393e4
384.9	4.400e2
385.4	4.005e4
386.4	3.144e4
387.3	4.572e4
388.3	2.852e4
389.2	3.409e4
389.8	3.745e3
390.5	2.661e4
391.4	5.713e4
392.4	3.224e4
392.9	8.020e2
393.4	7.723e4
394.0	5.969e3
394.6	8.454e4
395.4	3.700e4
396.3	2.559e4
396.9	3.284e3
397.5	8.735e4
398.4	5.204e4
399.4	8.413e4
400.1	8.159e3
400.7	3.930e4
401.7	1.115e5
402.6	4.190e4
403.6	2.593e4
404.5	2.154e4
405.4	5.435e4
406.2	1.905e4
407.0	4.165e4
407.7	9.658e3
408.5	7.894e4
409.5	1.121e5
410.4	3.250e4
411.4	4.438e4
411.9	1.170e3
412.4	3.569e4
413.0	1.272e3
413.5	1.734e5
414.0	5.530e2
414.5	6.667e4
415.5	5.366e4
416.0	2.428e3
416.5	1.521e5
417.4	5.538e4
418.3	2.268e4
418.9	2.175e3
419.4	3.099e4
420.4	3.315e4
421.2	7.544e4
421.8	5.696e3
422.4	3.535e4
423.0	7.129e3
423.6	2.053e5
424.5	5.290e4
425.4	4.484e4
426.0	2.155e3
426.6	2.657e4
427.5	1.558e5
428.5	8.033e4
429.4	4.533e4
430.3	4.824e4
431.0	2.119e5
431.8	8.334e4
432.7	3.244e4
433.7	3.777e4
434.3	4.680e3
434.8	5.641e4
435.4	9.503e3
436.0	7.478e4
436.7	2.235e4
437.5	8.808e4
438.1	3.447e3
438.6	1.839e5
439.4	6.113e4
440.3	2.843e4
440.9	3.919e3
441.5	1.162e5
442.5	5.515e4
443.3	1.581e5
444.0	1.070e4
444.6	5.499e4
445.6	2.552e5
446.5	7.167e4
447.4	4.076e4
448.0	3.541e3
448.5	2.580e4
449.0	7.200e2
449.6	1.118e5
450.4	6.435e4
451.3	8.594e4
451.9	9.638e3
452.6	1.735e5
453.5	1.111e5
454.3	4.716e4
454.9	5.348e3
455.5	5.547e4
456.1	2.197e3
456.6	5.968e4
457.5	2.004e5
458.5	8.956e4
459.0	2.331e3
459.6	9.824e4
460.6	2.073e5
461.5	6.482e4
462.4	2.923e4
462.9	6.760e2
463.5	5.826e4
464.3	2.636e4
465.1	1.169e5
465.7	2.069e4
466.4	5.919e4
467.1	1.202e4
467.7	2.554e5
468.5	7.998e4
469.3	2.638e4
470.0	6.027e4
470.8	1.820e4
471.6	2.077e5
472.6	1.147e5
473.5	6.474e4
474.1	4.759e3
474.6	1.885e5
475.5	1.106e5
476.4	5.630e4
477.4	3.332e4
478.3	3.109e4
479.1	8.231e4
480.0	1.074e5
480.8	3.559e4
481.5	1.083e5
482.1	4.193e3
482.6	2.100e5
483.5	6.224e4
484.5	2.944e4
485.0	8.160e2
485.6	1.293e5
486.5	6.467e4
487.3	1.766e5
487.9	1.748e4
488.5	5.766e4
489.1	5.256e3
489.6	2.511e5
490.4	7.699e4
491.3	4.490e4
492.3	2.290e4
493.2	3.163e4
494.0	1.126e5
494.7	2.800e4
495.3	9.853e4
496.0	1.342e4
496.6	2.069e5
497.5	1.423e5
498.4	4.552e4
499.2	1.084e5
499.9	1.664e4
500.6	5.932e4
501.5	2.235e5
502.4	1.288e5
503.0	2.905e3
503.5	1.099e5
504.1	4.112e3
504.7	2.336e5
505.5	6.678e4
506.4	3.355e4
507.0	2.330e3
507.6	4.738e4
508.4	3.474e4
509.2	1.634e5
509.8	7.147e3
510.4	7.193e4
511.0	1.315e4
511.7	2.588e5
512.5	8.729e4
513.4	5.141e4
514.0	5.171e3
514.6	3.279e4
515.1	9.080e2
515.6	2.220e5
516.6	1.323e5
517.5	6.868e4
518.1	7.491e3
518.6	1.756e5
519.6	1.184e5
520.4	4.747e4
521.4	3.134e4
522.2	1.699e4
523.0	6.746e4
523.9	1.085e5
524.7	5.939e4
525.6	1.018e5
526.6	2.197e5
527.5	7.899e4
528.4	3.865e4
529.0	3.236e3
529.6	1.281e5
530.6	7.720e4
531.4	1.824e5
532.4	7.605e4
533.1	1.277e4
533.7	2.179e5
534.6	7.246e4
535.4	2.958e4
536.3	3.113e4
537.3	4.064e4
538.1	1.230e5
538.6	1.533e3
539.1	7.630e4
539.9	2.150e4
540.7	1.935e5
541.6	1.089e5
542.5	5.185e4
543.0	3.810e3
543.6	6.556e4
544.1	2.050e2
544.6	5.246e4
545.6	2.218e5
546.5	1.031e5
547.1	4.540e3
547.6	9.529e4
548.2	1.671e4
548.8	1.836e5
549.6	4.700e4
550.6	2.614e4
551.1	1.483e3
551.7	4.872e4
552.5	3.096e4
553.2	1.182e5
553.9	1.933e4
554.6	6.870e4
555.1	4.938e3
555.7	1.745e5
556.5	8.383e4
557.0	6.880e2
557.6	5.055e4
558.5	2.646e4
559.1	1.747e3
559.7	1.934e5
560.6	1.147e5
561.6	5.482e4
562.2	6.476e3
562.7	1.330e5
563.7	8.118e4
564.5	4.010e4
565.5	2.546e4
566.4	2.822e4
567.2	9.249e4
567.7	6.033e3
568.3	1.005e5
568.9	1.469e4
569.6	7.543e4
570.6	1.455e5
571.6	5.614e4
572.1	1.844e3
572.6	2.734e4
573.7	1.177e5
574.6	6.481e4
575.5	1.399e5
576.0	7.789e3
576.6	5.266e4
577.6	1.780e5
578.4	7.134e4
579.4	3.680e4
580.0	1.767e3
580.5	1.953e4
581.5	3.032e4
582.3	7.721e4
583.3	5.076e4
583.9	9.057e3
584.7	1.258e5
585.6	8.499e4
586.6	3.003e4
587.1	4.830e2
587.6	5.380e4
588.1	2.749e3
588.7	3.836e4
589.6	1.376e5
590.6	7.991e4
591.6	5.509e4
592.2	1.085e4
592.8	1.042e5
593.7	3.435e4
594.6	2.088e4
595.5	2.465e4
596.4	3.737e4
597.3	6.942e4
598.0	1.115e4
598.7	6.585e4
599.7	1.189e5
600.6	4.430e4
601.6	3.527e4
602.5	2.082e4
603.1	1.377e3
603.7	1.484e5
604.6	8.284e4
605.1	7.410e2
605.6	5.586e4
606.2	5.994e3
606.8	7.732e4
607.7	4.285e4
608.4	7.773e3
609.1	2.753e4
609.8	7.607e3
610.5	2.368e4
611.4	3.338e4
612.3	5.616e4
612.9	8.929e3
613.6	4.452e4
614.2	3.189e3
614.7	7.503e4
615.7	3.286e4
616.6	1.961e4
617.2	4.510e2
617.7	9.751e4
618.2	7.370e2
618.7	5.325e4
619.6	8.418e4
620.1	8.030e2
620.6	3.147e4
621.1	1.747e3
621.7	6.041e4
622.6	3.371e4
623.6	1.806e4
624.2	3.310e3
624.9	1.345e4
625.8	3.428e4
626.7	4.295e4
627.6	2.727e4
628.2	3.733e3
628.8	6.410e4
629.7	4.364e4
630.6	2.316e4
631.6	4.914e4
632.2	5.800e2
632.7	2.692e4
633.6	1.097e5
634.2	1.779e3
634.8	7.183e4
635.7	3.490e4
636.2	1.113e3
636.8	4.539e4
637.7	2.072e4
638.6	1.484e4
639.6	1.940e4
640.1	4.330e2
640.6	2.080e4
641.5	3.720e4
642.1	2.508e3
642.7	4.081e4
643.7	6.922e4
644.6	3.518e4
645.6	2.815e4
646.2	1.498e3
646.7	1.722e4
647.7	1.283e5
648.7	6.985e4
649.6	3.416e4
650.2	1.497e3
650.7	3.659e4
651.7	2.487e4
652.6	1.479e4
653.1	2.830e2
653.7	1.386e4
654.2	8.780e2
654.7	1.346e4
655.6	2.994e4
656.6	3.951e4
657.2	2.376e3
657.7	3.116e4
658.3	1.349e3
658.8	4.322e4
659.7	2.355e4
660.3	2.281e3
660.8	1.350e4
661.7	8.064e4
662.7	4.054e4
663.7	1.666e5
664.2	3.800e2
664.7	8.951e4
665.2	1.737e3
665.8	5.127e4
666.7	2.306e4
667.5	1.739e4
668.5	1.110e4
669.1	1.146e3
669.6	2.908e4
670.6	3.401e4
671.5	2.161e4
672.1	2.680e3
672.7	4.907e4
673.3	5.786e3
673.9	3.676e4
674.7	1.406e4
675.7	4.772e4
676.2	1.310e2
676.8	2.265e4
677.7	9.619e4
678.2	2.300e2
678.7	4.973e4
679.7	2.576e4
680.3	2.418e3
680.8	2.274e4
681.8	1.354e4
682.7	9.688e3
683.6	1.834e4
684.2	8.190e2
684.7	1.822e4
685.7	6.007e5
686.7	3.210e5
687.2	3.310e2
687.7	1.043e5
688.7	3.462e4
689.2	7.530e2
689.7	2.725e4
690.7	1.504e4
691.2	3.380e2
691.7	1.126e5
692.2	4.180e2
692.8	6.105e4
693.7	3.703e4
694.3	4.520e2
694.8	2.452e4
695.8	1.742e4
696.7	1.173e4
697.7	1.570e4
698.3	1.988e3
698.8	1.210e4
699.7	2.393e4
700.7	3.472e4
701.7	5.842e4
702.2	1.879e3
702.8	5.802e4
703.7	3.127e4
704.7	1.546e4
705.2	7.900e2
705.7	8.247e4
706.2	5.820e2
706.8	5.195e4
707.7	5.396e4
708.7	1.113e5
709.8	7.079e4
710.8	2.816e4
711.6	1.669e4
712.2	3.162e3
712.9	1.331e4
713.8	2.298e4
714.8	2.499e4
715.8	1.748e4
716.3	6.410e2
716.8	3.488e4
717.7	1.964e4
718.7	1.732e4
719.7	4.548e4
720.2	4.890e2
720.8	2.257e4
721.7	9.174e4
722.2	4.930e2
722.7	5.647e4
723.7	2.144e4
724.5	4.003e4
725.5	4.306e4
726.1	1.970e3
726.6	1.356e5
727.2	5.550e2
727.7	6.765e4
728.2	9.010e2
728.7	3.901e4
729.7	2.393e4
730.2	2.690e2
730.8	3.345e4
731.3	1.159e3
731.9	3.128e4
732.8	1.481e4
733.7	2.570e4
734.3	1.261e3
734.8	1.956e4
735.8	1.067e5
736.7	5.796e4
737.7	3.095e4
738.7	2.388e4
739.7	1.619e4
740.8	1.978e4
741.4	3.081e3
742.0	2.324e4
742.9	1.274e4
743.7	1.982e4
744.8	3.656e4
745.7	2.515e4
746.7	1.997e4
747.6	2.053e4
748.6	1.569e4
749.2	1.345e3
749.7	8.587e4
750.2	1.376e3
750.8	4.950e4
751.8	4.684e4
752.7	1.907e4
753.6	3.525e4
754.1	2.648e3
754.7	3.042e4
755.6	1.883e4
756.2	8.600e2
756.8	1.749e4
757.8	1.992e4
758.7	2.020e4
759.5	4.323e4
760.1	2.450e3
760.7	4.486e4
761.7	2.353e4
762.3	1.942e3
762.9	1.375e4
763.8	4.083e4
764.7	2.468e4
765.3	2.300e1
765.8	6.693e4
766.8	3.894e4
767.8	1.926e4
768.7	1.108e4
769.6	1.554e4
770.3	2.468e3
771.0	2.495e4
771.9	2.093e4
772.8	1.128e4
773.7	1.853e4
774.3	5.360e2
774.8	2.920e4
775.3	2.490e2
775.8	1.840e4
776.8	1.236e4
777.7	2.109e4
778.3	1.660e2
778.8	1.352e4
779.3	2.580e2
779.8	7.985e4
780.8	5.080e4
781.8	2.132e4
782.7	2.051e4
783.3	1.221e3
783.9	1.408e4
784.8	1.231e4
785.4	1.063e3
785.9	1.195e4
786.9	1.590e4
787.8	1.839e4
788.8	2.443e4
789.8	1.701e4
790.7	1.290e4
791.6	2.340e4
792.1	4.560e2
792.7	1.928e4
793.2	7.330e2
793.8	5.368e4
794.8	3.285e4
795.3	3.480e2
795.8	2.986e4
796.8	1.848e4
797.7	1.291e4
798.3	1.054e3
798.9	1.131e4
799.5	1.970e2
800.0	1.146e4
800.8	7.563e3
801.7	1.412e4
802.3	1.828e3
802.9	1.783e4
803.8	1.152e4
804.8	2.589e4
805.8	1.727e4
806.7	1.135e4
807.3	1.462e3
807.8	2.685e4
808.8	1.987e4
809.3	1.910e2
809.8	5.266e4
810.3	5.130e2
810.9	3.051e4
811.4	3.720e2
811.9	1.200e4
812.9	9.587e3
813.4	1.760e2
813.9	7.604e3
814.9	8.866e3
815.9	1.034e4
816.9	1.017e4
817.4	3.430e2
817.9	1.159e4
818.9	2.296e4
819.9	1.774e4
820.5	8.840e2
821.0	1.150e4
821.9	1.055e4
822.9	1.398e4
823.8	5.237e4
824.4	1.350e2
824.9	3.349e4
825.7	7.507e3
826.3	2.015e4
827.2	5.805e3
828.1	8.834e3
829.0	5.267e3
829.8	8.690e3
830.7	6.170e3
831.5	9.936e3
832.2	2.209e3
832.9	2.032e4
833.8	1.516e4
834.5	2.404e3
835.1	1.600e4
836.0	1.156e4
836.9	1.121e4
837.9	4.650e4
838.4	9.720e2
838.9	3.282e4
839.8	1.816e4
840.8	1.808e4
841.4	7.500e2
841.9	1.615e4
842.8	8.345e3
843.7	9.970e3
844.7	8.835e3
845.3	3.180e2
845.8	1.114e4
846.4	8.480e2
846.9	1.125e4
847.7	1.637e4
848.3	5.810e2
848.9	1.927e4
849.4	1.710e2
849.9	1.519e4
850.9	1.135e4
851.9	2.473e4
852.9	1.493e4
853.8	3.482e4
854.9	2.109e4
855.8	1.084e4
856.5	2.306e3
857.2	9.700e3
858.1	9.941e3
859.0	8.796e3
859.9	7.745e3
860.8	1.041e4
861.3	5.010e2
861.9	1.076e4
862.9	1.895e4
863.9	1.058e4
864.4	6.120e2
864.9	1.061e4
865.5	1.370e3
866.2	1.283e4
867.0	5.027e3
867.9	3.912e4
868.4	2.830e2
868.9	2.353e4
869.9	1.134e4
870.7	4.243e3
871.5	9.965e3
872.3	2.017e3
873.1	1.124e4
873.9	4.618e3
874.7	7.406e3
875.7	1.068e4
876.3	1.550e3
876.9	1.597e4
877.5	1.291e3
878.1	1.905e4
878.8	2.675e3
879.4	1.070e4
880.1	5.011e3
880.9	1.163e4
881.9	2.558e4
882.4	4.850e2
883.0	1.894e4
883.9	1.501e4
884.4	3.950e2
884.9	1.478e4
885.5	5.730e2
886.1	1.079e4
886.8	5.263e3
887.7	8.950e3
888.3	9.720e2
888.9	6.633e3
889.8	9.152e3
890.4	3.850e2
890.9	1.172e4
891.8	8.975e3
892.4	1.573e3
893.0	1.317e4
893.9	7.752e3
894.8	8.416e3
895.3	2.300e2
895.9	1.601e4
896.4	1.600e2
896.9	1.075e4
897.9	2.581e4
898.4	6.380e2
898.9	1.506e4
899.9	9.918e3
900.4	3.880e2
901.0	8.597e3
901.6	8.620e2
902.2	9.653e3
903.0	5.735e3
903.9	8.570e3
904.8	7.797e3
905.4	2.600e2
905.9	1.040e4
906.5	7.460e2
907.0	1.970e4
908.0	1.445e4
909.0	9.355e3
910.0	7.645e3
910.8	8.031e3
911.4	1.510e2
911.9	2.654e4
912.8	1.711e4
913.5	3.119e3
914.2	1.221e4
915.1	5.290e3
916.0	4.134e3
916.9	9.743e3
917.8	4.663e3
918.7	8.624e3
919.3	5.590e2
919.9	1.205e4
920.8	9.049e3
921.8	1.203e4
922.4	2.857e3
923.0	7.912e3
923.5	9.900e1
924.0	8.580e3
924.9	5.147e3
925.9	1.986e4
926.9	1.335e4
927.8	1.557e4
928.3	3.400e2
928.8	9.781e3
929.3	7.820e2
929.8	8.162e3
930.8	6.686e3
931.4	6.940e2
932.0	5.645e3
932.5	2.960e2
933.0	9.055e3
933.5	2.060e2
934.1	7.566e3
935.0	8.174e3
935.9	1.129e4
936.5	9.020e2
937.0	7.720e3
938.0	7.944e3
939.0	7.597e3
939.9	1.382e4
940.9	1.037e4
941.9	1.686e4
942.5	6.700e2
943.0	1.278e4
943.9	6.091e3
944.8	9.829e3
945.4	3.090e2
945.9	1.062e4
946.7	3.372e3
947.4	7.064e3
947.9	6.300e2
948.6	7.123e3
949.6	8.237e3
950.3	4.164e3
951.0	1.144e4
952.0	8.912e3
953.0	4.855e3
954.0	7.353e3
955.0	6.391e3
955.9	1.886e4
956.9	1.444e4
957.9	1.482e4
958.8	5.652e3
959.6	6.639e3
960.1	1.090e2
960.7	9.318e3
961.7	7.748e3
962.3	1.202e3
962.9	6.176e3
963.8	1.048e4
964.4	1.362e3
965.0	1.365e4
965.9	8.375e3
966.9	6.073e3
967.8	7.209e3
968.3	6.120e2
968.9	7.685e3
969.5	5.500e2
970.0	1.859e4
970.9	1.022e4
971.9	9.791e3
972.7	7.500e3
973.4	1.119e3
974.1	9.257e3
975.1	9.292e3
976.1	6.561e3
976.9	6.863e3
977.5	6.310e2
978.1	7.663e3
979.0	8.788e3
980.0	8.493e3
980.8	2.004e3
981.5	9.224e3
982.2	3.096e3
983.0	6.934e3
983.9	1.010e4
984.9	9.685e3
985.5	2.760e2
986.0	1.554e4
986.9	1.272e4
987.5	1.382e3
988.1	6.200e3
989.1	6.786e3
990.1	8.315e3
990.9	4.469e3
991.8	8.916e3
992.7	6.471e3
993.3	1.168e3
993.9	9.383e3
994.5	1.300e2
995.0	1.059e4
996.0	8.683e3
997.0	5.554e3
997.8	7.129e3
998.7	8.733e3
999.3	1.188e3
999.9	1.532e4
1000.4	4.170e2
1001.0	1.335e4
1001.9	8.837e3
1002.5	1.372e3
1003.1	1.090e4
1003.8	4.217e3
1004.6	8.001e3
1005.3	7.310e2
1005.9	6.431e3
1006.9	8.543e3
1007.6	2.439e3
1008.3	5.686e3
1009.3	8.701e3
1010.1	5.596e3
1011.0	7.582e3
1012.0	8.716e3
1013.0	1.085e4
1013.5	3.560e2
1014.0	1.741e4
1015.0	9.278e3
1015.9	8.218e3
1016.9	7.262e3
1017.8	7.548e3
1018.3	2.870e2
1018.8	6.664e3
1019.7	4.053e3
1020.6	4.339e3
1021.6	7.049e3
1022.6	6.787e3
1023.3	1.833e3
1024.0	7.319e3
1024.9	7.189e3
1025.8	8.574e3
1026.8	7.761e3
1027.8	8.421e3
1028.7	1.079e4
1029.3	7.310e2
1029.9	1.001e4
1030.4	7.810e2
1031.0	1.079e4
1031.9	7.495e3
1032.5	1.340e2
1033.0	1.000e4
1034.0	4.264e3
1034.9	6.209e3
1035.9	4.726e3
1036.7	6.482e3
1037.2	4.350e2
1037.8	6.916e3
1038.4	1.733e3
1039.0	7.380e3
1040.0	8.291e3
1040.9	6.783e3
1041.9	7.168e3
1042.5	1.299e3
1043.1	1.121e4
1044.1	1.133e4
1044.7	6.800e2
1045.3	8.243e3
1045.9	1.912e3
1046.6	7.925e3
1047.2	1.334e3
1047.9	7.729e3
1048.8	5.193e3
1049.8	5.347e3
1050.8	6.320e3
1051.4	1.174e3
1052.1	5.414e3
1052.8	2.929e3
1053.5	9.626e3
1054.4	3.073e3
1055.2	5.710e3
1056.2	1.178e4
1057.1	9.831e3
1058.1	1.137e4
1059.0	8.484e3
1059.9	5.702e3
1060.8	8.112e3
1061.6	2.568e3
1062.3	6.919e3
1063.0	8.170e2
1063.6	6.331e3
1064.2	5.220e2
1064.7	7.214e3
1065.6	3.082e3
1066.4	8.533e3
1067.3	5.632e3
1068.2	8.466e3
1068.8	1.090e2
1069.3	7.837e3
1070.0	2.250e3
1070.8	6.230e3
1071.7	6.215e3
1072.3	2.660e2
1072.8	7.415e3
1073.4	8.090e2
1074.0	8.384e3
1075.0	8.119e3
1075.5	1.990e2
1076.0	9.031e3
1077.0	8.252e3
1077.5	1.680e2
1078.0	7.307e3
1078.6	1.364e3
1079.2	9.573e3
1080.2	5.773e3
1081.0	4.170e3
1081.8	1.072e4
1082.4	6.210e2
1083.0	1.009e4
1083.9	3.884e3
1084.7	6.983e3
1085.3	3.966e3
1086.0	6.471e3
1087.0	6.269e3
1088.0	9.120e3
1088.6	2.159e3
1089.2	6.134e3
1089.9	3.710e3
1090.7	5.883e3
1091.7	7.296e3
1092.2	5.360e2
1092.8	5.948e3
1093.7	6.552e3
1094.4	1.770e2
1095.0	5.342e3
1095.7	2.190e3
1096.4	8.381e3
1097.2	3.125e3
1098.0	6.190e3
1099.0	7.594e3
1099.8	3.691e3
1100.6	5.476e3
1101.5	7.024e3
1102.2	2.306e3
1102.8	8.258e3
1103.5	1.780e3
1104.2	7.067e3
1104.7	1.100e2
1105.2	7.895e3
1105.9	1.359e3
1106.6	6.301e3
1107.1	2.690e2
1107.6	5.472e3
1108.4	2.236e3
1109.3	7.656e3
1110.0	2.070e3
1110.8	9.715e3
1111.6	3.321e3
1112.4	7.773e3
1113.2	3.130e3
1114.0	7.347e3
1114.5	8.180e2
1115.2	5.542e3
1116.1	5.762e3
1116.7	8.140e2
1117.3	7.178e3
1118.1	6.047e3
1118.9	3.808e3
1119.6	7.262e3
1120.2	1.027e3
1120.8	1.166e4
1121.6	3.271e3
1122.3	5.866e3
1123.2	6.359e3
1124.1	6.291e3
1124.8	8.660e2
1125.3	5.858e3
1126.1	2.354e3
1126.9	5.543e3
1127.4	8.640e2
1128.1	4.983e3
1129.0	5.833e3
1129.7	3.574e3
1130.4	6.142e3
1131.3	3.008e3
1132.1	7.372e3
1132.9	2.684e3
1133.6	5.483e3
1134.6	4.829e3
1135.1	4.400e1
1135.7	4.810e3
1136.5	3.620e3
1137.4	6.676e3
1138.4	4.213e3
1139.1	9.530e2
1139.6	7.612e3
1140.2	3.920e2
1140.7	6.733e3
1141.7	5.110e3
1142.3	5.920e2
1142.9	7.065e3
1143.8	6.945e3
1144.5	1.182e3
1145.2	6.734e3
1146.1	3.840e3
1147.1	6.066e3
1147.6	4.600e1
1148.1	7.174e3
1148.8	1.396e3
1149.4	7.463e3
1150.3	3.834e3
1151.1	6.577e3
1151.7	1.581e3
1152.3	5.538e3
1153.0	2.611e3
1153.7	4.915e3
1154.5	2.475e3
1155.2	7.956e3
1155.9	9.240e2
1156.6	7.168e3
1157.4	3.045e3
1158.1	1.231e4
1159.0	1.142e4
1160.1	9.368e3
1161.0	5.391e3
1162.0	5.833e3
1163.0	5.654e3
1163.9	4.766e3
1164.7	8.184e3
1165.3	1.359e3
1166.1	5.424e3
1167.0	7.818e3
1167.9	2.927e3
1168.7	6.295e3
1169.3	5.240e2
1169.9	4.289e3
1170.4	1.800e2
1170.9	5.412e3
1171.9	6.548e3
1172.5	3.530e2
1173.1	7.396e3
1173.9	2.680e3
1174.7	5.676e3
1175.8	7.070e3
1176.3	6.700e1
1176.8	7.246e3
1177.7	4.301e3
1178.4	9.520e2
1179.0	6.790e3
1179.6	4.020e2
1180.1	6.738e3
1181.1	5.094e3
1182.0	2.936e3
1182.7	6.608e3
1183.5	2.680e3
1184.2	7.033e3
1185.2	7.007e3
1186.2	8.349e3
1187.1	4.813e3
1187.6	5.190e2
1188.2	4.129e3
1189.1	6.039e3
1190.1	4.725e3
1191.0	8.649e3
1191.8	2.472e3
1192.5	5.385e3
1193.2	2.639e3
1194.0	5.441e3
1194.5	8.360e2
1195.1	8.816e3
1195.7	1.920e2
1196.2	4.073e3
1196.8	1.570e2
1197.3	4.628e3
1198.2	6.763e3
1199.2	4.477e3
1199.7	2.760e2
1200.2	3.342e3
1201.0	5.128e3
1201.6	1.046e3
1202.2	7.644e3
1203.1	7.015e3
1203.9	1.413e3
1204.6	8.960e3
1205.5	6.127e3
1206.4	3.522e3
1207.2	6.166e3
1207.9	2.443e3
1208.7	8.589e3
1209.2	2.500e1
1209.7	6.076e3
1210.4	1.258e3
1211.1	5.522e3
1212.0	4.534e3
1212.6	1.211e3
1213.2	3.178e3
1214.1	7.700e3
1214.6	3.100e1
1215.2	5.206e3
1216.2	5.512e3
1216.7	2.800e2
1217.3	4.135e3
1218.2	6.699e3
1218.8	1.830e3
1219.4	5.379e3
1220.4	6.489e3
1221.2	4.101e3
1222.2	5.139e3
1223.1	4.175e3
1223.7	7.740e2
1224.3	4.723e3
1224.8	3.140e2
1225.4	6.914e3
1225.9	7.730e2
1226.5	7.503e3
1227.1	2.930e2
1227.7	8.943e3
1228.7	8.353e3
1229.4	1.156e3
1230.0	5.321e3
1230.9	5.057e3
1231.8	5.363e3
1232.8	4.717e3
1233.5	1.367e3
1234.1	7.017e3
1234.9	2.940e3
1235.6	7.538e3
1236.4	3.676e3
1237.4	6.427e3
1237.9	9.600e1
1238.4	5.131e3
1239.1	2.451e3
1239.8	5.510e3
1240.7	2.941e3
1241.5	7.626e3
1242.5	5.417e3
1243.4	7.457e3
1244.4	6.426e3
1244.9	5.030e2
1245.6	7.217e3
1246.2	2.851e3
1247.0	6.625e3
1247.5	5.750e2
1248.1	5.658e3
1249.1	4.452e3
1250.1	7.364e3
1250.9	3.177e3
1251.6	4.871e3
1252.2	1.338e3
1252.9	4.372e3
1254.0	6.642e3
1254.6	5.900e2
1255.2	5.805e3
1256.1	3.144e3
1257.0	8.189e3
1257.5	3.860e2
1258.1	7.249e3
1258.8	1.309e3
1259.4	6.193e3
1260.4	4.959e3
1260.9	3.320e2
1261.4	4.996e3
1262.4	7.796e3
1263.1	1.943e3
1263.9	5.302e3
1264.9	4.299e3
1265.8	6.259e3
1266.4	5.580e2
1267.0	4.891e3
1267.9	3.177e3
1268.8	6.707e3
1269.9	5.978e3
1270.4	2.910e2
1270.9	3.115e3
1271.7	8.618e3
1272.6	6.571e3
1273.7	4.069e3
1274.7	9.237e3
1275.2	3.890e2
1275.8	5.813e3
1276.7	5.257e3
1277.3	5.820e2
1277.9	3.761e3
1278.9	5.234e3
1279.5	1.037e3
1280.2	4.316e3
1280.9	1.179e3
1281.5	4.815e3
1282.2	8.050e2
1282.8	5.412e3
1283.3	1.250e2
1283.8	4.893e3
1284.5	2.661e3
1285.3	9.252e3
1285.8	5.030e2
1286.4	5.771e3
1287.3	2.780e3
1288.0	5.175e3
1288.8	1.274e3
1289.4	4.814e3
1290.4	5.272e3
1291.3	6.379e3
1292.1	3.967e3
1292.9	7.089e3
1293.9	3.036e3
1294.7	6.254e3
1295.6	5.062e3
1296.2	2.600e2
1296.7	5.666e3
1297.3	7.960e2
1297.9	4.250e3
1298.5	2.810e2
1299.1	5.878e3
1300.1	6.038e3
1300.9	2.193e3
1301.7	6.896e3
1302.7	4.898e3
1303.6	6.342e3
1304.3	7.740e2
1304.9	4.907e3
1305.5	4.700e2
1306.1	6.138e3
1306.9	2.002e3
1307.8	6.180e3
1308.3	4.840e2
1308.9	6.633e3
1309.8	4.838e3
1310.8	6.162e3
1311.4	2.078e3
1312.0	4.951e3
1312.7	1.651e3
1313.5	4.067e3
1314.0	1.990e2
1314.6	7.985e3
1315.1	9.630e2
1315.7	5.592e3
1316.3	5.170e2
1316.9	5.341e3
1317.8	3.451e3
1318.7	4.308e3
1319.6	7.968e3
1320.3	1.614e3
1321.0	5.135e3
1321.8	3.551e3
1322.7	6.906e3
1323.6	6.238e3
1324.3	1.814e3
1325.0	5.893e3
1325.5	3.640e2
1326.0	3.809e3
1326.8	5.693e3
1327.8	7.379e3
1328.6	4.079e3
1329.7	5.596e3
1330.6	5.275e3
1331.2	6.760e2
1331.7	7.178e3
1332.7	2.021e3
1333.4	6.996e3
1334.1	1.198e3
1334.8	5.988e3
1335.8	5.615e3
1336.5	1.194e3
1337.1	4.536e3
1338.0	4.345e3
1338.9	5.190e3
1339.5	1.500e2
1340.0	5.288e3
1340.9	4.094e3
1341.4	2.810e2
1342.0	3.850e3
1342.8	6.687e3
1343.4	6.540e2
1344.0	6.888e3
1344.5	4.180e2
1345.1	5.943e3
1346.1	4.888e3
1347.0	7.665e3
1347.6	8.930e2
1348.2	6.257e4
1348.7	4.070e2
1349.2	6.051e4
1350.2	3.141e4
1351.2	1.251e4
1352.1	3.578e3
1352.8	7.966e3
1353.5	1.079e3
1354.1	6.514e3
1354.7	3.380e2
1355.3	3.705e3
1356.0	2.753e3
1356.7	5.918e3
1357.6	7.120e3
1358.6	4.450e3
1359.5	3.357e3
1360.2	2.783e3
1361.0	5.683e3
1361.9	1.556e3
1362.8	5.899e3
1363.4	1.249e3
1364.1	6.028e3
1364.6	3.690e2
1365.1	6.845e3
1365.7	2.830e2
1366.3	4.743e3
1367.2	7.070e3
1368.3	7.184e3
1369.2	5.545e3
1370.2	7.118e3
1370.8	8.830e2
1371.5	4.228e3
1372.5	4.239e3
1373.1	4.500e2
1373.7	6.630e3
1374.3	2.554e3
1375.1	8.057e3
1375.8	1.492e3
1376.7	3.894e3
1377.2	8.500e1
1377.7	6.523e3
1378.7	3.801e3
1379.7	3.723e3
1380.5	7.093e3
1381.1	8.060e2
1381.7	5.469e3
1382.6	5.194e3
1383.3	1.598e3
1383.9	3.279e3
1384.7	6.045e3
1385.7	4.934e3
1386.3	3.500e1
1386.8	3.989e3
1387.6	2.611e3
1388.3	4.842e3
1389.1	2.013e3
1389.9	5.887e3
1390.8	8.164e3
1391.6	2.160e3
1392.5	5.356e3
1393.1	8.760e2
1393.7	6.342e3
1394.6	5.203e3
1395.3	2.097e3
1396.1	5.167e3
1396.8	1.305e3
1397.4	6.082e3
1398.3	4.094e3
1399.0	1.555e3
1399.7	4.656e3
1400.5	2.006e3
1401.1	6.823e3
1401.7	2.240e2
1402.3	5.116e3
1403.2	4.899e3
1403.8	1.100e2
1404.3	4.772e3
1404.9	2.430e2
1405.5	6.197e3
1406.3	2.058e3
1407.1	4.527e3
1408.1	5.436e3
1408.6	4.300e1
1409.1	5.116e3
1409.9	1.806e3
1410.8	4.795e3
1411.8	5.337e3
1412.8	3.538e3
1413.3	5.000e1
1413.8	7.832e3
1414.4	3.090e2
1415.0	4.530e3
1415.6	2.850e2
1416.1	3.168e3
1417.1	4.492e3
1417.9	1.454e3
1418.7	4.388e3
1419.5	3.162e3
1420.3	6.579e3
1421.3	4.276e3
1421.8	6.980e2
1422.4	4.104e3
1423.2	4.825e3
1423.8	2.110e2
1424.3	5.888e3
1424.9	1.020e2
1425.4	5.157e3
1426.0	2.530e2
1426.6	8.349e3
1427.6	4.928e3
1428.5	3.463e3
1429.3	2.556e3
1430.2	4.123e3
1430.8	6.040e2
1431.4	3.665e3
1432.1	1.123e3
1432.8	3.684e3
1433.7	5.127e3
1434.3	6.610e2
1434.9	3.581e3
1435.5	1.780e2
1436.0	5.250e3
1437.1	6.137e3
1438.1	5.933e3
1438.9	3.168e3
1439.8	3.969e3
1440.7	2.495e3
1441.4	4.586e3
1442.2	2.352e3
1442.9	4.168e3
1443.7	3.060e3
1444.5	4.096e3
1445.1	8.700e1
1445.6	4.430e3
1446.6	4.375e3
1447.1	1.780e2
1447.6	4.290e3
1448.4	1.705e3
1449.2	6.731e3
1450.1	2.527e3
1450.6	1.320e2
1451.1	6.545e3
1451.9	2.120e3
1452.9	3.859e3
1453.9	4.552e3
1454.8	6.211e3
1455.7	1.805e3
1456.4	4.317e3
1457.3	7.190e3
1457.9	7.420e2
1458.5	3.533e3
1459.4	5.031e3
1459.9	3.400e1
1460.5	5.103e3
1461.5	5.427e3
1462.1	1.073e3
1462.7	4.857e3
1463.3	1.003e3
1463.9	3.130e3
1464.9	5.899e3
1465.9	7.306e3
1466.7	2.141e3
1467.4	3.823e3
1468.2	1.409e3
1468.9	4.872e3
1469.6	9.870e2
1470.2	7.169e3
1470.8	6.740e2
1471.6	3.625e3
1472.1	1.910e2
1472.7	4.911e3
1473.3	5.070e2
1473.9	5.967e3
1474.6	1.753e3
1475.4	4.671e3
1476.4	6.791e3
1477.3	5.556e3
1478.0	1.691e3
1478.7	4.239e3
1479.4	5.910e2
1479.9	4.701e3
1480.5	4.220e2
1481.1	4.416e3
1482.1	4.999e3
1482.6	1.950e2
1483.1	4.597e3
1484.1	4.962e3
1485.0	4.085e3
1485.6	5.310e2
1486.2	3.280e3
1487.1	5.211e3
1487.9	2.286e3
1488.7	3.551e3
1489.3	4.690e2
1489.8	4.761e3
1490.8	3.879e3
1491.6	1.567e3
1492.3	5.469e3
1493.1	2.223e3
1493.9	4.051e3
1494.9	5.121e3
1495.5	3.060e2
1496.1	4.303e3
1496.8	1.930e3
1497.6	4.638e3
1498.3	1.866e3
1498.9	4.447e3
1499.9	4.210e3
1500.4	6.100e1
1500.9	4.484e3
1502.0	2.766e3
1502.9	5.767e3
1503.5	1.420e3
1504.2	4.791e3
1504.9	1.268e3
1505.7	3.117e3
1506.7	3.879e3
1507.6	3.226e3
1508.5	4.330e3
1509.1	5.290e2
1509.7	4.063e3
1510.6	5.996e3
1511.6	3.783e3
1512.5	5.376e3
1513.4	2.195e3
1514.3	5.699e3
1515.0	1.647e3
1515.9	5.165e3
1516.7	6.298e3
1517.6	2.131e3
1518.4	4.413e3
1519.3	2.857e3
1520.1	4.543e3
1520.7	2.680e2
1521.2	3.448e3
1522.1	5.105e3
1523.0	4.445e3
1523.8	1.789e3
1524.7	3.127e3
1525.3	8.880e2
1526.0	4.022e3
1526.7	1.285e3
1527.4	3.983e3
1528.2	2.728e3
1529.0	4.060e3
1530.0	5.923e3
1530.7	1.345e3
1531.4	5.950e3
1531.9	1.680e2
1532.4	4.905e3
1533.4	5.475e3
1534.1	7.240e2
1534.7	3.731e3
1535.7	5.513e3
1536.4	2.470e3
1537.3	5.660e3
1538.3	4.590e3
1539.3	6.001e3
1540.3	3.706e3
1540.9	1.505e3
1541.7	3.248e3
1542.7	3.801e3
1543.6	4.956e3
1544.2	9.400e2
1544.8	2.932e3
1545.6	1.039e3
1546.4	3.219e3
1547.2	4.364e3
1547.8	4.610e2
1548.3	4.743e3
1549.1	9.230e2
1549.7	2.866e3
1550.6	3.960e3
1551.5	1.576e3
1552.0	1.019e3
1552.6	4.512e3
1553.6	2.621e3
1554.4	4.500e3
1555.2	2.608e3
1556.0	5.482e3
1556.6	5.260e2
1557.2	2.432e3
1558.2	5.265e3
1559.2	2.593e3
1560.1	4.846e3
1560.9	2.682e3
1561.5	6.600e1
1562.0	4.149e3
1562.6	7.410e2
1563.3	4.036e3
1564.2	2.883e3
1565.1	1.736e3
1566.1	3.663e3
1566.8	1.821e3
1567.6	4.514e3
1568.5	2.031e3
1569.3	5.866e3
1569.9	5.760e2
1570.6	4.199e3
1571.6	3.662e3
1572.1	3.450e2
1572.7	3.537e3
1573.6	5.575e3
1574.2	3.100e1
1574.7	3.252e3
1575.6	1.933e3
1576.4	5.148e3
1577.4	5.596e3
1577.9	2.760e2
1578.5	4.977e3
1579.4	3.006e3
1580.2	6.150e3
1581.0	1.289e3
1581.7	5.012e3
1582.5	1.929e3
1583.5	5.139e3
1584.3	2.493e3
1584.9	4.900e2
1585.5	3.951e3
1586.1	1.230e2
1586.7	3.938e3
1587.3	1.618e3
1588.0	3.094e3
1588.9	2.490e3
1589.7	4.665e3
1590.6	3.607e3
1591.2	4.060e2
1591.8	4.331e3
1592.8	5.126e3
1593.7	2.319e3
1594.4	5.108e3
1595.4	3.304e3
1596.3	5.660e3
1597.1	2.050e3
1597.9	6.961e3
1598.6	1.542e3
1599.2	6.863e3
1600.1	9.843e3
1601.0	4.387e3
1602.0	6.805e3
1602.8	2.233e3
1603.5	4.329e3
1604.5	4.637e3
1605.4	2.619e3
1606.4	2.125e3
1607.3	4.160e3
1608.3	2.528e3
1609.1	5.158e3
1609.7	9.740e2
1610.4	4.483e3
1610.9	1.240e2
1611.5	3.015e3
1612.4	2.885e3
1613.2	2.898e3
1614.0	4.204e3
1614.9	2.384e3
1615.7	3.830e3
1616.6	1.369e3
1617.3	4.681e3
1617.8	4.040e2
1618.4	4.290e3
1619.3	1.939e3
1620.0	4.681e3
1620.6	2.600e2
1621.2	3.381e3
1622.0	1.653e3
1622.7	4.097e3
1623.5	1.987e3
1624.3	3.883e3
1625.2	2.284e3
1626.0	5.013e3
1626.8	1.069e3
1627.5	3.635e3
1628.1	2.930e2
1628.6	4.106e3
1629.3	8.050e2
1630.0	4.046e3
1630.9	3.969e3
1631.5	5.970e2
1632.0	4.274e3
1632.9	4.111e3
1633.8	1.093e3
1634.5	5.222e3
1635.4	3.249e3
1636.4	3.941e3
1637.3	4.708e3
1637.8	1.530e2
1638.4	3.305e3
1638.9	3.600e1
1639.4	3.026e3
1640.1	2.036e3
1640.8	3.141e3
1641.5	5.480e2
1642.2	4.282e3
1643.1	5.079e3
1644.0	2.555e3
1644.9	3.394e3
1645.5	2.080e2
1646.1	3.362e3
1646.8	1.603e3
1647.6	3.382e3
1648.4	1.629e3
1649.2	2.596e3
1649.8	4.120e2
1650.4	5.116e3
1651.0	1.710e2
1651.5	7.710e2
1652.3	4.177e3
1652.8	3.180e2
1653.4	3.017e3
1654.1	1.732e3
1654.9	4.049e3
1655.8	3.876e3
1656.6	2.030e3
1657.3	5.430e2
1658.0	4.467e3
1658.8	1.677e3
1659.6	4.201e3
1660.3	1.938e3
1661.2	5.473e3
1661.7	5.600e1
1662.2	1.731e3
1663.1	3.712e3
1663.8	7.930e2
1664.5	4.098e3
1665.3	1.437e3
1666.2	3.040e3
1667.1	3.987e3
1668.0	2.078e3
1668.9	3.204e3
1669.8	3.428e3
1670.5	1.208e3
1671.3	4.484e3
1671.9	4.570e2
1672.4	2.997e3
1673.3	1.087e3
1674.1	3.338e3
1674.8	1.177e3
1675.5	4.023e3
1676.1	3.370e2
1676.7	2.664e3
1677.2	8.200e1
1677.9	3.621e3
1678.5	1.222e3
1679.2	3.436e3
1679.7	9.800e1
1680.3	5.212e3
1681.0	9.910e2
1681.6	2.692e3
1682.5	4.575e3
1683.4	9.540e2
1684.1	3.379e3
1685.0	2.408e3
1685.8	4.189e3
1686.7	2.725e3
1687.5	1.646e3
1688.2	2.803e3
1689.0	5.202e3
1690.0	1.705e3
1690.9	3.776e3
1691.5	1.140e2
1692.0	3.413e3
1692.8	1.626e3
1693.7	4.172e3
1694.4	7.810e2
1695.2	2.116e3
1695.7	1.650e2
1696.3	5.082e3
1697.2	3.796e3
1698.0	2.056e3
1698.7	4.852e3
1699.6	2.009e3
1700.4	3.668e3
1701.0	4.150e2
1701.6	3.355e3
1702.6	4.508e3
1703.2	1.170e2
1703.7	4.010e3
1704.7	3.805e3
1705.5	1.560e3
1706.2	3.157e3
1707.0	1.579e3
1707.8	2.189e3
1708.6	1.635e3
1709.5	4.527e3
1710.4	1.483e3
1711.4	3.122e3
1712.4	2.535e3
1713.3	3.485e3
1714.1	1.648e3
1714.6	4.000e1
1715.1	3.007e3
1715.7	3.800e2
1716.4	4.269e3
1716.9	1.380e2
1717.5	2.611e3
1718.3	2.807e3
1719.2	1.503e3
1719.9	2.825e3
1720.8	1.420e3
1721.7	4.746e3
1722.4	1.400e3
1723.2	3.156e3
1723.8	1.000e1
1724.3	3.127e3
1725.0	8.720e2
1725.7	3.509e3
1726.2	1.590e2
1726.8	3.757e3
1727.6	1.412e3
1728.3	1.251e3
1729.2	4.582e3
1729.9	2.500e2
1730.5	4.435e3
1731.4	2.121e3
1732.4	3.676e3
1733.3	1.595e3
1734.2	3.751e3
1735.0	1.097e3
1736.0	3.415e3
1736.5	3.290e2
1737.1	2.290e3
1738.3	4.017e3
1738.9	7.320e2
1739.5	2.156e3
1740.3	3.072e3
1741.3	3.554e3
1742.0	8.680e2
1743.0	3.427e3
1743.9	2.958e3
1744.8	1.577e3
1745.6	3.838e3
1746.2	3.170e2
1746.9	1.322e3
1747.8	3.839e3
1748.7	1.868e3
1749.4	1.281e3
1750.2	3.824e3
1750.7	2.970e2
1751.3	2.824e3
1751.9	1.830e2
1752.4	3.793e3
1753.1	8.120e2
1753.7	2.532e3
1754.3	9.300e1
1754.8	2.062e3
1755.8	4.206e3
1756.5	7.960e2
1757.2	4.642e3
1758.2	2.810e3
1758.8	4.360e2
1759.4	4.004e3
1760.2	1.653e3
1761.1	3.568e3
1762.1	2.352e3
1762.8	5.980e2
1763.4	3.077e3
1764.1	8.030e2
1764.8	2.102e3
1765.8	3.374e3
1766.3	2.400e1
1766.8	2.339e3
1767.6	1.125e3
1768.3	2.523e3
1768.8	3.300e1
1769.4	4.000e3
1769.9	1.400e1
1770.5	2.803e3
1771.0	1.740e2
1771.6	3.130e3
1772.6	3.442e3
1773.4	1.407e3
1774.2	3.709e3
1774.8	2.840e2
1775.5	2.630e3
1776.5	2.569e3
1777.6	3.683e3
1778.2	1.071e3
1778.9	3.107e3
1779.7	2.733e3
1780.5	2.082e3
1781.3	3.810e3
1782.2	2.361e3
1783.2	2.905e3
1783.9	1.090e3
1784.6	3.361e3
1785.2	1.960e2
1785.7	2.675e3
1786.5	1.157e3
1787.4	5.019e3
1788.3	3.441e3
1789.2	1.575e3
1790.0	2.825e3
1791.1	2.539e3
1792.0	3.551e3
1793.0	3.513e3
1794.2	1.485e3
1794.9	8.230e2
1795.7	2.969e3
1796.6	3.687e3
1797.2	1.020e2
1797.7	3.051e3
1798.3	1.620e2
1798.8	4.199e3
1799.6	1.353e3
1800.4	2.851e3
1801.3	3.717e3
1801.8	2.900e1
1802.4	2.992e3
1802.9	1.190e2
1803.5	2.890e3
1804.0	8.500e1
1804.5	2.975e3
1805.1	3.320e2
1805.7	2.924e3
1806.6	3.706e3
1807.6	2.979e3
1808.6	2.188e3
1809.2	2.700e2
1809.8	2.447e3
1810.3	1.340e2
1810.8	2.608e3
1811.5	5.940e2
1812.2	2.473e3
1813.3	1.840e3
1813.8	2.300e1
1814.3	4.054e3
1815.3	1.891e3
1815.8	9.200e1
1816.4	3.682e3
1817.2	1.367e3
1818.0	4.038e3
1818.9	9.050e2
1819.6	3.326e3
1820.3	3.480e2
1820.9	1.427e3
1821.7	3.032e3
1822.6	1.759e3
1823.4	1.265e3
1824.2	2.636e3
1825.1	2.247e3
1826.0	2.380e3
1827.0	2.527e3
1827.8	3.800e2
1828.5	1.306e3
1829.5	3.138e3
1830.2	2.510e2
1830.8	2.176e3
1831.4	2.710e2
1832.0	3.066e3
1832.6	3.100e2
1833.3	2.138e3
1834.3	1.830e3
1834.8	9.300e1
1835.3	2.185e3
1836.2	3.009e3
1837.3	2.089e3
1838.2	2.843e3
1839.0	1.330e3
1839.5	1.230e2
1840.1	2.584e3
1840.7	1.128e3
1841.5	1.740e3
1842.2	1.189e3
1843.0	3.799e3
1843.7	1.285e3
1844.5	3.162e3
1845.0	7.500e1
1845.7	3.389e3
1846.6	2.015e3
1847.4	3.204e3
1848.0	3.470e2
1848.5	2.828e3
1849.3	8.590e2
1850.0	2.141e3
1850.8	8.070e2
1851.5	3.226e3
1852.1	1.270e2
1852.6	2.207e3
1853.5	1.344e3
1854.3	3.582e3
1855.3	2.077e3
1855.8	5.700e1
1856.3	2.096e3
1857.3	1.912e3
1857.8	3.170e2
1858.4	1.355e3
1859.3	2.776e3
1860.3	2.756e3
1861.3	2.575e3
1861.9	9.900e1
1862.4	2.958e3
1863.4	1.800e3
1864.4	9.750e2
1865.1	2.191e3
1865.7	1.660e2
1866.4	2.172e3
1867.0	9.700e1
1867.5	3.609e3
1868.2	1.302e3
1869.0	2.579e3
1870.0	2.763e3
1871.0	2.803e3
1871.6	1.980e2
1872.2	3.295e3
1873.1	1.833e3
1874.0	1.617e3
1874.7	5.930e2
1875.3	3.868e3
1876.0	1.534e3
1876.7	3.595e3
1877.3	7.000e1
1877.8	1.817e3
1878.7	2.461e3
1879.4	4.110e2
1880.0	3.174e3
1880.7	7.530e2
1881.5	3.068e3
1882.7	3.109e3
1883.8	1.794e3
1884.5	1.119e3
1885.3	2.799e3
1886.1	1.110e3
1887.0	2.645e3
1888.0	3.710e3
1888.8	7.570e2
1889.7	3.986e3
1890.3	1.090e2
1890.8	3.041e3
1891.4	1.580e2
1892.0	1.301e3
1893.0	1.610e3
1893.9	2.440e3
1894.9	2.570e3
1895.8	2.959e3
1896.4	5.800e1
1896.9	1.991e3
1897.8	1.992e3
1898.6	1.926e3
1899.5	2.540e3
1900.2	1.570e2
1900.9	3.024e3
1901.4	9.000e0
1901.9	3.361e3
1902.8	7.580e2
1903.4	3.874e3
1904.4	1.893e3
1905.2	1.942e3
1906.1	2.681e3
1906.6	4.410e2
1907.2	2.119e3
1908.2	2.224e3
1909.1	1.981e3
1910.0	2.709e3
1910.7	3.950e2
1911.3	2.212e3
1912.3	2.240e3
1913.4	1.522e3
1914.3	2.823e3
1915.3	2.413e3
1916.1	3.292e3
1916.7	5.150e2
1917.3	2.980e3
1918.0	3.010e2
1918.6	1.310e3
1919.5	1.540e3
1920.1	3.100e2
1920.6	3.233e3
1921.2	6.390e2
1921.9	2.311e3
1922.7	1.195e3
1923.6	1.163e3
1924.5	2.101e3
1925.1	6.400e1
1925.6	3.953e3
1926.2	4.390e2
1926.9	3.199e3
1927.7	1.220e3
1928.4	2.635e3
1929.4	3.385e3
1930.2	1.272e3
1931.0	1.536e3
1931.8	2.741e3
1932.4	5.740e2
1933.1	2.293e3
1933.7	5.800e1
1934.3	1.597e3
1935.1	2.488e3
1936.2	2.224e3
1936.7	1.300e1
1937.2	1.869e3
1937.9	4.350e2
1938.5	2.682e3
1939.4	1.067e3
1940.2	3.033e3
1940.8	5.490e2
1941.5	3.223e3
1942.2	5.580e2
1942.8	1.920e3
1943.8	2.144e3
1944.6	1.863e3
1945.5	1.966e3
1946.5	1.939e3
1947.0	3.550e2
1947.8	1.365e3
1948.7	2.887e3
1949.2	2.100e2
1949.8	2.641e3
1950.3	3.090e2
1950.9	2.565e3
1951.5	4.830e2
1952.2	1.162e3
1953.2	2.372e3
1954.1	1.229e3
1955.0	1.836e3
1956.0	2.616e3
1956.7	6.400e2
1957.4	1.780e3
1958.4	3.245e3
1959.3	2.080e3
1959.8	4.400e1
1960.3	1.813e3
1960.9	2.900e1
1961.4	2.686e3
1962.0	2.370e2
1962.5	2.475e3
1963.3	1.070e3
1964.3	2.301e3
1964.8	7.100e1
1965.3	1.493e3
1966.0	2.630e2
1966.6	3.436e3
1967.6	1.880e3
1968.1	3.700e1
1968.7	1.194e3
1969.3	3.530e2
1969.9	2.736e3
1970.5	1.340e2
1971.1	2.486e3
1972.0	2.783e3
1972.8	1.315e3
1973.8	2.722e3
1974.5	4.510e2
1975.2	2.715e3
1976.2	2.146e3
1976.8	9.020e2
1977.5	2.941e3
1978.6	2.122e3
1979.2	4.240e2
1979.9	3.094e3
1980.5	8.600e1
1981.2	2.628e3
1982.2	1.530e3
1982.8	2.740e2
1983.6	2.872e3
1984.2	4.300e2
1984.8	2.045e3
1985.4	6.560e2
1986.1	2.015e3
1986.9	2.553e3
1987.8	2.311e3
1988.6	8.930e2
1989.3	1.667e3
1990.3	2.071e3
1991.2	3.376e3
1991.9	4.510e2
1992.6	1.772e3
1993.4	3.230e2
1994.1	2.578e3
1994.6	6.400e1
1995.2	1.534e3
1996.2	2.140e3
1997.0	1.077e3
1997.8	7.080e2
1998.6	1.675e3
1999.5	1.943e3
