100.4	6.999e4
101.3	2.610e6
102.3	5.060e5
103.2	2.742e5
104.2	3.782e5
104.7	1.566e3
105.2	1.604e5
105.7	7.620e2
106.2	5.264e5
106.8	1.941e3
107.3	6.130e5
108.2	3.166e5
109.1	6.335e5
109.7	1.043e4
110.2	9.141e5
111.2	7.064e5
112.2	3.784e5
113.2	3.495e5
114.2	3.491e5
115.2	8.742e5
115.7	6.540e2
116.2	2.269e5
117.2	2.802e5
117.7	3.716e3
118.3	1.620e5
119.2	2.134e5
120.2	3.376e5
121.2	1.733e5
121.7	1.000e1
122.3	4.858e5
122.8	2.360e3
123.3	2.464e5
124.3	2.895e5
125.2	2.067e5
125.7	1.530e2
126.2	3.131e5
127.2	1.954e5
127.7	2.978e3
128.2	1.064e5
129.2	3.435e5
129.8	4.440e2
130.3	1.185e5
131.2	2.179e5
132.2	1.026e5
132.8	4.116e3
133.3	1.502e6
134.3	2.249e5
135.2	1.486e5
136.2	1.177e5
136.7	8.120e2
137.3	6.818e4
138.3	5.701e5
139.3	1.464e5
140.2	2.383e5
141.2	4.914e5
142.1	1.420e6
143.3	2.327e5
144.3	1.450e5
145.2	9.319e4
146.2	6.273e4
146.7	3.750e2
147.2	9.684e4
147.8	3.396e3
148.4	7.040e4
149.3	1.649e5
150.3	9.709e4
151.3	1.984e5
151.8	1.104e3
152.3	8.521e4
153.3	1.061e5
154.3	9.728e4
155.3	4.374e5
156.3	2.113e5
157.3	3.968e5
158.2	1.463e6
159.3	7.331e5
160.2	3.017e5
160.7	6.320e2
161.3	1.634e5
162.2	7.407e4
162.8	1.433e3
163.3	3.370e5
163.8	1.756e3
164.3	8.585e4
165.3	1.296e5
165.9	3.690e2
166.4	5.985e4
167.4	1.510e5
168.3	7.958e4
168.8	2.100e1
169.3	8.713e4
170.3	8.798e4
171.3	2.191e5
172.3	1.085e5
173.2	2.773e5
173.8	1.139e3
174.3	9.489e4
175.0	1.705e4
175.7	2.487e5
176.5	7.309e4
177.2	2.090e5
178.2	7.240e4
179.4	3.466e5
179.9	1.424e3
180.4	7.149e4
181.3	3.244e5
182.3	9.711e4
183.2	1.736e6
183.8	8.437e3
184.4	2.580e5
185.2	4.974e5
186.2	1.334e5
186.7	1.887e3
187.2	2.773e5
187.7	1.298e3
188.3	1.026e5
189.3	7.770e4
190.3	5.452e4
190.8	1.161e3
191.3	8.360e4
192.3	8.595e4
193.3	1.066e5
193.8	3.574e3
194.4	2.839e5
195.3	3.159e5
196.4	2.498e6
197.4	4.849e5
198.4	8.844e5
199.4	2.552e5
200.3	1.458e5
201.3	1.428e5
201.8	4.020e2
202.3	8.610e4
203.3	1.355e5
203.8	1.454e3
204.3	4.595e4
205.3	9.822e4
205.8	3.471e3
206.4	1.362e5
206.9	6.440e2
207.4	1.151e5
208.3	1.068e5
209.4	2.347e5
210.3	1.580e5
211.3	1.006e5
212.3	2.257e5
213.2	6.441e4
214.3	2.508e7
215.3	3.163e6
216.3	1.446e6
217.3	3.570e5
217.9	2.600e2
218.4	2.898e5
219.4	1.983e5
220.3	1.022e5
220.8	2.026e3
221.4	1.472e5
222.3	4.826e4
222.9	6.830e2
223.4	1.041e5
224.3	1.633e5
225.3	9.493e4
225.8	2.034e3
226.3	6.233e4
227.2	1.659e5
227.8	2.423e3
228.3	1.273e5
229.3	8.688e4
229.8	9.200e2
230.4	1.430e5
231.3	1.176e5
232.4	9.553e4
233.3	1.103e5
233.9	1.107e3
234.4	1.350e5
235.2	8.775e4
235.8	1.210e3
236.3	8.535e5
236.8	6.110e2
237.4	1.940e5
238.3	1.261e5
238.9	1.316e3
239.4	1.302e5
240.4	4.962e4
241.4	7.679e4
242.3	4.105e4
242.8	6.410e2
243.3	5.505e4
244.3	3.959e4
245.3	8.739e4
246.4	3.775e4
247.3	3.932e4
248.3	4.032e4
249.3	5.186e4
250.3	5.776e4
251.3	3.303e4
251.8	2.268e3
252.4	5.664e4
253.4	5.663e4
253.9	8.070e2
254.4	4.984e4
254.9	1.500e1
255.4	5.186e4
255.9	2.120e2
256.5	2.734e4
257.3	5.171e4
257.9	5.208e3
258.5	7.482e4
259.4	5.713e4
260.4	2.929e4
261.4	7.359e4
262.4	5.220e4
263.4	3.656e4
264.0	3.228e3
264.6	2.776e4
265.4	3.400e4
266.4	2.602e4
267.0	4.070e2
267.5	5.361e4
268.3	2.167e4
268.9	2.370e3
269.4	3.295e4
269.9	5.040e2
270.5	2.621e4
271.3	4.754e4
271.9	2.698e3
272.5	3.677e4
273.4	3.302e4
274.4	3.779e4
274.9	5.370e2
275.4	4.082e4
276.3	2.208e4
277.3	3.575e4
277.9	2.128e3
278.4	2.643e4
279.4	6.362e4
279.9	1.042e3
280.4	4.023e4
281.3	2.905e4
281.9	2.565e3
282.5	2.062e4
283.4	2.824e4
284.0	5.760e2
284.5	2.236e4
285.4	2.073e4
286.0	5.580e2
286.5	2.791e4
287.2	4.489e4
288.3	3.996e4
288.8	4.230e2
289.3	4.296e4
289.9	4.417e3
290.6	7.862e4
291.5	3.346e4
292.4	2.168e4
293.4	2.230e4
293.9	3.590e2
294.5	1.914e4
295.4	2.693e4
296.0	6.790e2
296.5	1.998e4
297.5	2.966e4
298.4	2.308e4
299.4	2.140e4
300.0	1.209e3
300.6	1.456e4
301.4	4.573e4
302.4	1.876e4
303.4	3.362e4
304.3	1.971e4
304.8	2.262e3
305.4	6.019e4
306.4	1.796e4
307.3	2.924e4
307.8	8.630e2
308.4	2.226e4
308.9	3.240e2
309.4	1.947e4
310.0	5.260e2
310.5	2.471e4
311.1	2.000e1
311.6	2.097e4
312.5	1.791e4
313.5	1.075e5
314.5	6.394e4
315.4	2.145e4
316.0	6.410e2
316.5	2.155e4
317.5	2.407e4
318.6	5.898e4
319.5	3.506e4
320.5	1.651e4
321.5	2.500e4
322.4	2.074e4
323.4	2.320e4
324.4	1.548e4
325.0	9.800e2
325.5	3.694e4
326.4	2.125e4
327.4	2.376e4
328.3	1.715e4
329.3	4.288e4
329.9	2.903e3
330.6	1.919e4
331.1	6.000e1
331.6	2.675e5
332.5	6.743e4
333.1	1.400e1
333.6	3.418e4
334.4	2.091e4
335.4	2.243e4
336.0	1.997e3
336.6	2.309e4
337.5	2.653e4
338.3	1.091e4
339.0	4.111e4
339.6	4.945e3
340.3	2.431e4
340.9	1.902e3
341.6	8.688e4
342.6	3.938e4
343.5	3.606e4
344.5	3.950e4
345.0	6.450e2
345.5	3.467e4
346.6	6.240e4
347.5	5.792e4
348.5	1.931e4
349.4	4.586e4
350.4	3.795e4
351.4	2.053e4
352.5	1.706e4
353.0	8.290e2
353.5	7.537e5
354.5	1.941e5
355.4	1.270e5
356.5	4.375e4
357.5	4.987e4
358.5	3.114e4
359.0	1.740e2
359.5	2.075e5
360.1	3.825e3
360.6	6.968e4
361.5	2.917e4
362.4	2.032e4
363.0	4.439e3
363.5	4.176e4
364.4	2.248e4
365.3	3.983e4
366.3	2.018e4
367.3	7.738e4
368.0	2.133e3
368.5	2.725e4
369.0	1.120e2
369.6	6.354e4
370.5	2.388e4
371.5	3.900e4
372.0	3.880e2
372.6	5.726e4
373.4	4.174e4
374.5	1.805e4
375.4	3.300e4
376.4	2.586e4
376.9	1.370e2
377.4	3.582e4
378.5	2.210e4
379.6	3.589e4
380.5	2.456e4
381.0	6.300e2
381.6	5.695e5
382.6	1.343e5
383.6	3.055e4
384.6	2.039e4
385.5	2.722e4
386.5	1.643e4
387.5	4.130e4
388.0	1.091e3
388.6	1.925e4
389.4	1.600e4
390.1	1.092e3
390.6	2.158e4
391.6	3.273e4
392.5	2.433e4
393.4	3.632e4
393.9	3.781e3
394.6	4.940e4
395.6	2.670e4
396.5	2.097e4
397.5	3.802e4
398.5	2.075e4
399.5	3.373e4
400.4	2.590e4
401.4	1.823e4
402.0	3.606e3
402.6	2.411e4
403.3	4.759e3
404.0	1.425e4
404.5	5.480e2
405.0	2.228e4
405.6	3.040e2
406.1	1.600e4
406.8	4.699e3
407.5	1.668e4
408.5	1.630e4
409.4	1.042e5
410.4	2.946e4
411.2	2.355e4
412.0	7.506e3
412.8	1.016e4
413.6	3.556e4
414.5	1.141e4
415.5	4.210e4
416.1	1.201e3
416.6	2.592e4
417.6	8.457e3
418.4	1.654e4
419.5	1.898e4
420.5	8.131e3
421.5	3.124e4
422.0	4.610e2
422.5	2.073e4
423.5	2.252e4
424.5	1.824e4
425.5	2.782e4
426.5	1.160e4
427.5	3.241e4
428.5	1.289e4
429.4	1.647e4
430.3	1.849e4
430.8	1.810e2
431.4	1.876e4
432.3	1.080e4
432.8	1.263e3
433.5	1.024e4
434.4	9.554e3
435.5	1.587e4
436.1	1.070e3
436.6	8.999e3
437.5	1.012e5
438.6	3.747e4
439.1	7.370e2
439.6	1.479e4
440.5	1.143e4
441.5	1.469e4
442.1	2.056e3
442.7	1.484e4
443.6	2.330e4
444.6	1.555e4
445.4	9.362e3
446.2	1.233e4
446.8	1.566e3
447.5	1.345e4
448.5	6.441e3
449.1	2.650e2
449.6	2.553e4
450.5	9.352e3
451.4	3.175e4
452.0	9.000e0
452.5	1.425e4
453.5	3.197e4
454.1	6.410e2
454.6	9.040e3
455.6	1.938e4
456.6	4.152e3
457.4	1.222e4
457.9	6.300e1
458.4	1.115e4
459.0	5.430e2
459.5	1.459e4
460.7	1.420e4
461.2	1.137e3
461.8	8.834e3
462.6	6.464e3
463.6	1.709e4
464.6	1.405e4
465.6	1.634e4
466.5	8.612e3
467.5	1.079e4
468.5	1.115e4
469.4	7.328e3
469.9	3.730e2
470.4	8.891e3
471.0	8.430e2
471.6	1.414e4
472.3	1.997e3
473.0	9.933e3
473.7	2.647e3
474.5	1.160e4
475.4	8.853e3
475.9	1.590e2
476.4	7.830e3
477.2	2.302e3
477.9	1.400e4
478.6	1.875e3
479.4	1.966e4
480.4	8.945e3
481.0	7.270e2
481.6	1.313e4
482.1	4.760e2
482.7	9.901e3
483.5	9.301e3
484.1	8.640e2
485.2	6.381e3
485.7	2.120e2
486.4	1.175e4
487.0	2.910e2
487.6	1.504e4
488.5	1.150e4
489.4	1.253e4
490.0	5.450e2
490.6	8.849e3
491.2	1.153e3
491.8	1.172e4
492.5	2.774e3
493.3	2.121e4
493.9	6.040e2
494.4	6.396e3
495.4	1.953e4
495.9	1.550e3
496.6	1.544e4
497.1	2.360e2
497.6	2.041e4
498.3	3.322e3
499.0	9.338e3
499.9	3.551e3
500.7	1.210e4
501.6	1.637e4
502.5	3.654e3
503.2	8.687e3
504.2	1.262e4
504.9	2.229e3
505.5	1.073e4
506.6	9.237e3
507.5	1.047e4
508.4	5.455e3
509.1	1.999e3
509.7	1.581e4
510.7	6.655e3
511.6	6.301e3
512.5	7.617e3
513.0	3.610e2
513.5	1.086e4
514.4	4.195e3
515.4	1.071e4
516.3	1.397e4
517.3	1.496e4
518.3	6.389e3
518.8	1.549e3
519.5	1.690e4
520.1	8.520e2
520.6	1.175e4
521.8	1.735e4
522.6	9.909e3
523.3	4.005e3
524.0	1.636e4
525.0	1.739e4
525.5	2.320e2
526.1	1.434e4
526.9	6.021e3
527.7	1.390e4
528.6	3.093e3
529.3	1.777e4
530.1	6.176e3
530.7	8.857e3
531.6	1.795e4
532.5	6.778e3
533.5	1.375e4
534.2	4.650e2
534.7	1.311e4
535.3	2.940e2
535.8	1.294e4
536.6	5.276e3
537.6	2.764e4
538.6	1.451e4
539.5	1.455e4
540.3	7.788e3
541.1	4.160e2
541.6	1.021e4
542.5	4.634e3
543.4	1.294e4
544.2	4.358e3
544.8	1.177e3
545.4	1.129e4
546.1	4.514e3
546.9	5.624e3
547.8	1.241e4
548.3	8.610e2
548.9	7.821e3
549.8	1.425e4
550.7	6.927e3
551.2	2.400e2
551.8	2.286e4
552.5	5.639e3
553.5	1.978e4
554.6	1.234e4
555.2	2.682e3
555.9	1.752e4
556.8	8.115e3
557.9	1.026e4
558.8	7.967e3
559.5	1.325e4
560.0	1.448e3
560.6	1.047e4
561.5	8.954e3
562.5	7.162e3
563.6	1.397e4
564.6	1.022e4
565.8	8.593e3
566.5	2.574e3
567.1	1.149e4
567.8	7.105e3
568.6	7.404e3
569.4	1.551e4
569.9	2.390e2
570.4	5.137e3
571.3	6.511e3
572.0	1.084e4
572.8	2.601e3
573.7	8.222e3
574.6	4.917e3
575.5	1.233e4
576.5	9.050e3
577.5	3.352e4
578.4	1.876e4
579.0	7.220e2
579.6	1.104e4
580.2	1.161e3
580.7	3.578e3
581.4	2.131e3
582.2	7.192e3
583.0	1.785e3
583.7	9.237e3
584.7	5.580e3
585.3	2.000e2
585.8	9.646e3
586.7	6.622e3
587.5	6.992e3
588.3	2.965e3
589.0	1.898e3
589.7	1.024e4
590.6	8.375e3
591.6	1.030e4
592.2	2.195e3
592.9	4.980e3
593.7	2.088e3
594.5	5.992e3
595.4	8.747e3
596.2	4.700e3
597.0	1.476e3
597.6	7.433e3
598.5	4.853e3
599.4	6.155e4
600.0	4.700e2
600.5	3.698e4
601.5	7.689e3
602.2	1.171e3
602.8	4.678e3
603.6	6.690e3
604.5	6.944e3
605.6	7.388e3
606.2	1.580e3
606.9	5.061e3
607.7	7.846e3
608.4	2.802e3
609.2	7.695e3
609.7	9.550e2
610.3	5.132e3
611.1	2.790e3
611.7	1.164e4
612.5	7.061e3
613.7	6.326e3
614.7	1.093e3
615.2	6.508e3
615.8	4.590e2
616.4	1.175e4
617.0	6.750e2
617.5	6.534e3
618.5	7.272e3
619.5	7.046e3
620.5	8.047e3
621.8	6.700e3
622.3	1.200e1
623.0	4.736e3
623.7	3.190e2
624.2	7.811e3
625.1	3.848e3
626.0	9.214e3
626.7	1.315e3
627.4	1.275e4
628.0	1.557e3
628.6	4.090e3
629.6	6.381e3
630.5	1.732e3
631.4	6.695e3
632.3	4.779e3
633.1	6.807e3
634.1	6.201e3
634.8	3.401e3
635.6	8.130e3
636.4	3.044e3
637.3	2.217e3
638.0	5.799e3
638.7	1.505e3
639.3	4.122e3
640.3	5.069e3
640.9	3.090e2
641.6	4.987e3
642.2	2.890e2
642.7	6.396e3
643.3	2.100e2
643.8	8.642e3
644.6	3.925e3
645.4	4.681e3
646.3	1.041e4
647.3	8.208e3
647.8	1.090e2
648.3	7.417e3
649.2	7.021e3
650.0	4.381e3
651.0	8.536e3
651.7	1.690e3
652.4	5.822e3
653.5	2.759e3
654.4	1.166e3
655.2	3.974e3
655.8	2.225e3
656.5	4.360e3
657.5	4.477e3
658.4	3.756e3
659.3	6.392e3
660.0	1.313e3
660.7	4.387e3
661.5	6.725e3
662.6	5.306e3
663.2	1.849e3
663.8	2.281e4
664.3	1.300e1
664.9	1.118e4
665.8	2.917e3
666.4	1.357e3
667.1	3.945e3
667.9	4.052e3
668.8	3.021e3
669.5	8.359e3
670.0	9.000e0
670.6	5.753e3
671.1	3.670e2
671.6	9.233e3
672.2	8.410e2
673.0	4.925e3
673.8	2.493e3
674.7	4.823e3
675.7	7.958e3
676.3	4.340e2
676.9	1.117e4
677.8	3.492e3
678.6	2.800e1
679.2	4.018e3
679.8	1.160e3
680.5	6.056e3
681.2	1.810e3
681.9	4.456e3
682.9	1.609e3
683.9	6.840e3
684.4	6.180e2
684.9	2.785e3
685.8	3.077e4
686.8	1.633e4
687.7	6.997e3
688.7	2.359e3
689.4	8.455e3
690.0	8.310e2
690.6	3.238e3
691.7	5.780e3
692.3	6.980e2
692.9	3.900e3
693.6	6.097e3
694.2	7.190e2
695.1	5.370e3
696.0	2.200e3
697.0	7.336e3
697.6	7.930e2
698.2	7.358e3
698.7	1.221e3
699.3	8.111e3
700.0	2.289e3
701.0	3.096e3
701.9	5.615e3
702.8	1.385e3
703.7	1.207e4
704.7	2.643e3
705.3	3.980e2
705.9	4.147e3
706.5	1.965e3
707.2	1.036e3
707.7	6.022e3
708.4	9.139e3
709.5	2.206e3
710.5	4.560e3
711.5	1.953e3
712.1	6.787e3
712.7	1.720e2
713.5	2.285e3
714.6	6.179e3
715.5	6.147e3
716.4	3.589e3
717.1	1.067e3
717.8	3.606e3
718.5	4.186e3
719.2	3.510e2
719.8	2.379e3
720.6	9.360e2
721.3	6.082e3
722.1	5.809e3
722.7	1.074e3
723.6	2.462e3
724.3	6.029e3
725.3	1.813e3
726.2	1.675e3
727.1	2.942e3
728.0	5.247e3
728.9	1.829e3
729.6	8.271e3
730.4	3.212e3
731.3	5.435e3
732.1	5.298e3
732.7	1.089e3
733.5	5.883e3
734.1	1.713e3
735.3	4.733e3
735.8	1.200e3
736.4	3.243e3
737.2	1.100e1
738.1	5.662e3
738.8	2.658e3
739.6	3.639e3
740.4	2.839e3
741.6	4.861e3
742.6	1.222e3
743.3	2.431e3
744.0	4.694e3
744.7	8.620e2
745.9	4.944e3
747.1	5.135e3
747.7	4.040e2
748.3	6.530e2
749.0	5.319e3
749.8	2.728e3
750.5	6.576e3
751.2	3.880e2
751.8	6.235e3
753.0	3.736e3
753.9	2.340e3
754.6	1.022e3
755.3	3.303e3
756.0	7.958e3
756.7	1.742e3
757.5	6.975e3
758.1	7.610e2
758.8	3.898e3
759.8	4.401e3
760.8	7.830e2
761.5	4.416e3
762.3	7.890e3
763.1	9.150e3
764.1	4.662e3
764.9	1.856e3
765.8	3.363e3
766.7	2.456e3
767.5	3.387e3
768.4	6.285e3
769.1	3.534e3
769.6	5.090e2
770.4	8.600e3
771.2	2.352e3
771.9	5.279e3
772.8	2.939e3
773.8	4.828e3
774.7	2.305e3
775.6	4.593e3
776.6	8.228e3
777.6	8.783e3
778.4	1.840e3
779.1	1.010e4
780.0	3.804e3
781.1	6.518e3
782.0	9.901e3
782.6	2.070e2
783.2	9.838e3
783.9	2.543e3
784.5	4.188e3
785.2	6.446e3
786.1	7.025e3
786.8	3.750e2
787.4	9.381e3
788.0	5.090e2
788.5	9.320e2
789.2	2.767e3
789.8	1.208e3
790.4	6.865e3
791.4	2.066e3
792.2	7.050e3
792.8	8.510e2
793.4	4.451e3
794.0	6.930e2
794.5	5.248e3
795.6	3.757e3
796.1	9.000e0
796.8	3.937e3
797.3	3.390e2
798.0	4.204e3
798.9	1.487e3
799.7	5.017e3
800.5	4.404e3
801.3	6.380e2
802.1	3.135e3
803.1	7.194e3
804.3	9.780e2
805.2	1.692e4
806.0	5.820e3
806.8	4.869e3
808.0	2.648e3
808.9	2.549e3
809.5	5.000e1
810.1	6.871e3
811.0	5.966e3
811.6	1.136e3
812.2	4.089e3
813.1	5.604e3
814.0	3.282e3
814.7	1.197e3
815.3	8.856e3
816.2	3.527e3
817.1	1.907e3
817.9	1.325e3
818.9	1.158e4
819.7	2.800e3
820.6	3.412e3
821.4	4.899e3
822.3	4.981e3
823.3	6.866e3
824.1	6.800e3
825.2	1.222e4
826.1	1.170e3
826.9	3.749e3
828.0	3.864e3
829.0	1.124e4
830.0	4.334e3
830.8	1.231e3
831.7	6.119e3
832.7	2.549e3
833.4	2.343e3
834.3	2.263e3
835.1	3.449e3
835.7	8.500e1
836.3	2.019e3
837.1	7.130e2
837.9	5.462e3
838.9	3.419e3
839.5	2.427e3
840.1	1.300e1
840.6	2.084e3
841.6	2.917e3
842.4	1.399e3
843.2	1.431e3
844.0	4.738e3
844.8	1.932e3
845.6	5.132e3
846.3	2.257e3
847.1	1.983e3
848.0	4.791e3
848.8	7.810e2
849.5	2.559e3
850.1	3.270e2
850.7	6.587e3
851.4	2.093e3
852.4	4.421e3
853.3	4.451e3
853.9	1.660e2
854.4	2.019e3
855.3	1.261e3
856.1	3.110e3
856.9	7.560e2
857.7	3.209e3
858.6	6.835e3
859.5	6.110e2
860.9	2.801e3
861.4	1.700e1
862.0	2.430e3
862.7	7.780e2
863.3	9.294e3
864.4	3.290e3
864.9	1.160e2
865.4	3.302e3
866.0	1.384e3
866.7	2.503e3
867.5	2.971e3
868.2	6.467e3
869.3	4.518e3
870.1	3.426e3
870.8	1.192e3
871.7	4.832e3
872.7	1.234e3
873.2	1.800e1
873.7	4.054e3
874.8	3.022e3
875.6	3.352e3
876.7	8.261e3
877.6	9.810e2
878.3	7.740e2
879.2	2.456e3
880.2	4.011e3
881.0	1.372e3
881.6	5.922e3
882.7	9.321e3
883.2	1.000e1
883.8	7.285e3
884.7	3.813e3
885.5	2.957e3
886.1	2.022e3
886.6	1.710e2
887.2	2.311e3
888.2	3.405e3
889.1	4.120e3
889.8	5.300e1
890.4	3.345e3
890.9	2.000e1
892.0	3.401e3
892.5	8.760e2
893.3	3.103e3
894.3	5.210e2
895.1	2.483e3
896.0	7.360e2
896.9	1.031e3
897.6	8.594e3
898.4	2.497e3
899.1	3.606e3
899.9	5.840e3
901.1	4.077e3
901.6	4.620e2
902.3	1.418e3
903.0	5.462e3
904.1	1.187e3
904.7	1.237e3
905.7	3.771e3
906.6	9.212e3
907.6	4.428e3
908.5	3.650e2
909.2	3.448e3
910.0	1.213e3
910.9	1.566e3
911.6	1.450e3
912.3	3.790e2
913.1	1.984e3
913.9	3.124e3
914.6	1.314e3
915.4	2.044e3
916.4	1.981e3
917.2	3.613e3
917.8	5.410e2
918.4	7.020e2
919.0	5.049e3
919.5	5.150e2
920.3	2.138e3
921.1	3.079e3
922.1	1.452e3
922.7	3.537e3
923.4	9.048e3
924.1	2.177e3
925.2	3.840e3
926.0	9.100e2
926.8	3.437e3
927.8	4.088e3
928.5	5.010e2
929.0	4.204e3
929.6	1.230e3
930.4	3.300e2
931.2	7.790e2
932.0	1.605e3
933.0	2.971e3
933.6	1.273e3
934.2	7.270e2
934.9	1.111e3
935.6	2.730e2
936.2	2.565e3
937.2	1.198e3
938.2	1.881e3
939.0	5.871e3
939.5	1.379e3
940.2	2.204e3
940.9	2.167e3
941.8	2.858e3
942.6	3.103e3
943.2	1.300e1
943.7	2.887e3
944.6	1.973e3
945.3	1.200e1
946.0	4.101e3
947.1	3.969e3
947.8	3.705e3
948.8	2.483e3
949.3	1.100e1
949.9	4.690e3
951.0	3.033e3
951.8	6.390e2
952.5	4.306e3
953.2	4.260e2
953.9	1.673e3
954.7	5.600e2
955.3	1.747e3
956.3	9.920e2
957.1	7.808e3
957.7	1.755e3
958.6	4.161e3
959.8	2.849e3
960.4	1.226e3
961.2	1.210e2
961.8	3.359e3
962.9	1.851e3
963.6	2.544e3
964.3	1.175e3
965.3	2.338e3
966.3	5.615e3
967.2	2.000e1
968.0	1.035e3
968.9	4.867e3
969.7	1.895e3
970.8	2.436e3
971.9	5.020e2
972.8	2.427e3
973.8	2.211e3
974.8	7.793e3
975.6	5.282e3
976.3	1.974e3
977.2	7.642e3
977.9	8.240e2
978.8	2.889e3
979.5	6.640e2
980.1	3.372e3
980.9	3.345e3
982.0	1.206e3
982.6	2.565e3
983.4	1.179e3
984.3	3.460e2
985.0	5.850e3
986.3	1.567e3
987.5	3.674e3
988.0	2.000e1
988.7	5.998e3
989.3	9.000e0
990.0	3.455e3
991.2	5.635e3
991.9	2.180e3
992.8	2.840e2
993.5	1.943e3
994.3	7.150e2
995.1	7.602e3
995.9	2.765e3
997.0	2.720e2
997.6	7.590e2
998.1	4.310e2
998.8	5.580e2
999.5	4.061e3
1000.5	1.457e3
1001.2	2.400e2
1001.9	4.179e3
1003.0	6.080e2
1003.8	8.190e2
1004.6	5.500e2
1005.3	2.870e2
1005.9	6.200e2
1006.5	2.801e3
1007.3	5.830e2
1007.9	1.280e3
1008.5	1.454e3
1009.4	1.412e3
1010.0	7.960e2
1010.6	1.532e3
1011.5	2.590e2
1012.4	2.014e3
1013.2	5.339e3
1014.1	2.990e3
1015.2	7.256e3
1016.3	2.363e3
1016.9	6.110e2
1017.6	2.044e3
1018.9	6.990e2
1019.8	1.646e3
1020.4	6.691e3
1021.1	2.010e2
1021.9	3.528e3
1022.5	2.398e3
1023.2	7.100e1
1023.9	2.017e3
1024.8	1.132e3
1025.8	1.986e3
1027.4	4.319e3
1028.8	4.113e3
1029.4	3.020e2
1030.1	1.112e3
1030.7	4.200e1
1031.4	2.951e3
1032.7	1.176e3
1033.4	5.350e3
1034.3	1.020e2
1035.1	4.775e3
1035.8	6.340e2
1036.8	1.543e3
1037.5	2.885e3
1038.3	4.930e2
1038.9	3.210e2
1039.4	4.299e3
1040.0	7.270e2
1040.9	4.148e3
1042.1	1.239e3
1042.7	3.323e3
1043.6	1.276e3
1044.6	1.234e3
1045.5	1.253e3
1046.2	4.031e3
1047.1	1.239e3
1047.7	3.514e3
1048.6	3.070e2
1049.4	3.123e3
1049.9	9.000e0
1050.8	2.049e3
1051.3	9.000e0
1052.0	7.560e2
1053.3	4.931e3
1053.9	9.000e0
1054.4	2.777e3
1055.1	6.903e3
1055.8	2.656e3
1056.8	3.392e3
1057.6	8.300e2
1058.1	5.420e2
1058.8	7.109e3
1059.6	1.200e1
1060.1	2.980e3
1061.0	4.343e3
1061.8	1.905e3
1062.5	2.430e2
1063.1	1.041e3
1064.1	2.586e3
1065.1	3.364e3
1066.2	7.520e2
1066.9	4.503e3
1067.9	4.610e2
1068.4	2.916e3
1069.3	3.680e3
1070.3	2.879e3
1071.3	4.598e3
1072.3	1.664e3
1073.2	1.570e3
1073.8	1.100e1
1074.7	4.317e3
1075.3	5.300e1
1076.2	9.410e2
1077.1	1.418e3
1077.6	6.060e2
1078.7	2.709e3
1079.2	4.410e2
1079.8	3.650e2
1080.4	3.828e3
1081.2	3.522e3
1082.0	1.386e3
1082.6	1.358e3
1083.2	8.600e2
1084.2	3.096e3
1084.9	2.980e2
1085.4	2.294e3
1086.0	3.064e3
1087.0	4.141e3
1087.8	6.650e2
1088.3	2.720e3
1089.3	2.244e3
1090.1	3.770e3
1090.7	3.630e2
1091.4	2.135e3
1092.0	3.210e3
1092.8	3.602e3
1093.3	1.400e1
1093.8	6.830e2
1094.6	2.740e3
1095.1	2.100e1
1095.7	8.720e2
1096.3	2.010e2
1097.1	1.224e3
1097.9	1.404e3
1098.7	1.633e3
1099.6	9.000e0
1100.3	2.358e3
1100.8	9.000e0
1101.3	3.050e3
1102.1	9.980e2
1102.8	8.370e2
1103.9	1.524e3
1104.6	9.000e0
1105.1	3.028e3
1105.7	2.360e2
1106.3	4.820e2
1106.8	3.413e3
1107.9	5.997e3
1108.6	4.100e1
1109.5	9.840e2
1110.4	3.133e3
1111.2	3.635e3
1112.2	2.386e3
1113.2	2.037e3
1113.9	1.400e3
1114.6	3.830e2
1115.1	2.600e1
1116.1	1.862e3
1116.7	1.708e3
1117.5	3.083e3
1118.3	3.223e3
1119.6	8.570e2
1120.2	4.609e3
1121.0	2.662e3
1121.8	1.964e3
1123.1	7.960e2
1123.9	2.003e3
1125.0	2.422e3
1125.7	6.590e2
1126.6	4.024e3
1127.6	5.449e3
1128.2	1.800e1
1128.8	1.800e3
1129.5	5.460e2
1130.8	6.610e2
1131.4	3.659e3
1132.3	1.390e2
1132.9	1.511e3
1133.6	2.422e3
1134.6	4.110e2
1135.6	5.240e2
1136.2	2.321e3
1136.8	9.000e0
1137.3	8.840e2
1137.9	1.300e1
1138.6	2.800e1
1139.2	8.480e2
1140.0	1.864e3
1141.8	2.605e3
1142.7	4.890e3
1143.4	1.874e3
1144.0	1.380e2
1144.6	3.878e3
1145.2	3.570e2
1145.9	1.000e1
1146.5	3.659e3
1147.3	2.761e3
1147.9	1.100e1
1148.6	1.596e3
1149.5	1.146e3
1150.2	1.843e3
1151.9	1.786e3
1152.7	3.739e3
1153.2	8.630e2
1154.1	3.100e1
1154.8	1.392e3
1155.7	2.367e3
1156.3	7.200e2
1156.9	1.427e3
1157.7	4.410e2
1158.5	1.092e3
1159.1	5.230e2
1159.8	1.810e2
1160.7	2.850e2
1162.0	1.310e2
1162.9	6.110e2
1163.6	5.790e2
1164.1	1.600e1
1164.7	6.408e3
1165.5	1.450e3
1166.5	3.234e3
1167.4	4.820e2
1168.5	3.542e3
1169.4	5.660e2
1170.0	1.327e3
1170.9	1.903e3
1171.7	3.383e3
1172.7	1.645e3
1173.6	5.500e2
1174.3	1.100e3
1175.2	3.020e2
1176.1	3.126e3
1176.9	1.777e3
1178.2	2.768e3
1179.2	2.368e3
1179.9	1.150e2
1180.5	9.000e0
1181.1	4.060e2
1182.2	2.195e3
1183.3	1.865e3
1184.0	2.230e2
1184.6	8.770e2
1185.6	2.920e3
1186.7	1.766e3
1187.5	2.626e3
1188.2	1.351e3
1188.8	5.610e2
1189.9	2.343e3
1190.4	5.550e2
1191.0	3.190e2
1191.9	2.490e2
1193.1	2.221e3
1193.7	4.870e2
1194.4	5.264e3
1195.3	3.080e2
1196.4	2.530e2
1197.1	7.904e3
1198.1	1.412e3
1198.8	1.401e3
1199.8	2.313e3
1200.9	2.320e2
1201.6	2.621e3
1202.9	8.790e2
1203.6	1.409e3
1204.6	1.280e3
1205.5	2.165e3
1206.2	1.000e1
1206.8	9.740e2
1207.6	3.640e2
1208.2	7.740e2
1208.9	4.615e3
1209.6	7.300e2
1210.6	1.158e3
1211.5	5.070e2
1212.1	1.100e1
1212.6	9.680e2
1213.7	1.777e3
1214.7	1.362e3
1216.0	2.675e3
1217.0	8.040e2
1217.6	1.239e3
1218.2	4.120e2
1219.2	1.003e3
1220.4	2.968e3
1221.6	2.937e3
1222.1	1.600e1
1222.8	1.524e3
1223.9	4.100e1
1224.6	1.251e3
1225.5	8.920e2
1226.4	2.850e2
1227.3	5.300e2
1228.0	1.442e3
1229.1	2.424e3
1230.0	4.680e2
1230.8	4.670e2
1231.4	6.850e2
1232.3	3.910e2
1233.0	7.230e2
1233.5	3.427e3
1234.4	3.378e3
1234.9	9.000e1
1235.8	9.110e2
1237.1	2.820e3
1238.0	1.080e3
1238.9	4.180e2
1240.4	1.217e3
1241.3	2.480e3
1241.8	5.140e2
1242.8	1.847e3
1243.8	1.063e3
1244.7	1.024e3
1245.6	8.234e3
1246.1	9.000e0
1246.6	5.800e1
1247.5	1.321e3
1248.2	2.732e3
1249.1	2.103e3
1250.2	1.018e3
1251.3	9.540e2
1252.0	1.085e3
1252.8	1.005e3
1253.8	2.200e1
1255.2	2.469e3
1256.0	2.506e3
1256.6	3.314e3
1257.2	1.205e3
1258.4	2.628e3
1259.5	1.664e3
1260.5	2.698e3
1261.5	2.610e2
1262.3	1.436e3
1263.1	1.510e2
1263.7	2.623e3
1264.9	2.011e3
1265.6	2.100e1
1266.2	9.000e0
1266.8	8.060e2
1267.5	8.800e1
1268.0	1.519e3
1269.1	1.152e3
1269.8	2.153e3
1270.6	1.345e3
1271.4	5.100e1
1272.2	7.870e2
1272.8	2.134e3
1273.7	1.633e3
1274.6	2.347e3
1275.7	2.195e3
1276.7	1.009e3
1277.7	2.136e3
1278.5	5.100e1
1279.3	1.068e3
1280.2	2.059e3
1280.8	6.550e2
1281.4	9.000e0
1282.0	2.342e3
1283.0	3.804e3
1284.2	1.027e3
1285.2	6.900e2
1286.2	6.030e2
1286.8	3.620e2
1287.6	1.564e3
1288.2	1.200e1
1289.0	1.897e3
1289.9	4.290e2
1291.4	2.964e3
1292.3	6.360e2
1293.0	1.921e3
1294.0	2.289e3
1294.9	1.792e3
1295.7	1.296e3
1296.4	2.575e3
1297.3	5.970e2
1298.0	3.390e2
1299.1	1.971e3
1300.6	2.040e2
1301.2	1.800e3
1301.8	5.110e2
1302.6	1.642e3
1303.4	2.800e2
1304.2	1.613e3
1305.4	2.270e3
1306.1	1.359e3
1307.0	2.002e3
1308.1	7.610e2
1309.4	1.190e3
1310.1	3.278e3
1310.7	1.100e1
1311.3	9.440e2
1311.9	1.100e1
1313.7	8.960e2
1314.2	1.797e3
1315.0	9.000e0
1315.8	6.780e2
1316.4	5.510e3
1317.4	1.821e3
1318.3	1.649e3
1319.3	7.710e2
1320.0	1.400e1
1320.6	6.930e2
1321.4	1.130e2
1322.7	1.826e3
1323.5	2.900e1
1324.2	1.736e3
1324.8	2.830e2
1325.8	4.300e2
1326.4	2.498e3
1327.3	3.212e3
1328.4	2.080e2
1328.9	1.575e3
1329.6	9.000e0
1330.1	1.600e1
1330.7	2.221e3
1332.6	1.150e2
1333.1	1.782e3
1333.7	1.780e2
1334.9	2.900e1
1335.7	3.029e3
1336.3	2.290e2
1336.8	3.980e2
1337.3	5.170e2
1338.1	6.710e2
1338.9	2.786e3
1339.6	8.100e1
1340.2	3.329e3
1341.4	2.038e3
1342.4	1.100e1
1343.0	2.935e3
1344.2	1.015e3
1344.9	9.500e2
1346.4	2.800e1
1347.2	1.181e3
1348.0	2.507e3
1348.7	3.300e1
1349.3	1.789e3
1350.4	1.814e3
1351.3	4.530e2
1352.0	3.356e3
1353.4	1.271e3
1354.2	2.570e2
1354.9	1.586e3
1355.8	4.050e2
1356.6	8.870e2
1357.3	2.262e3
1358.6	2.359e3
1359.4	8.860e2
1360.4	2.500e3
1361.4	1.500e3
1362.3	8.650e2
1363.2	1.521e3
1363.9	1.722e3
1364.8	1.900e1
1365.8	1.292e3
1366.9	3.653e3
1367.6	4.080e2
1368.4	1.589e3
1369.9	2.050e2
1370.5	3.236e3
1371.3	3.800e2
1372.0	6.710e2
1372.6	4.050e2
1373.1	9.000e0
1373.7	6.090e2
1374.5	5.400e2
1375.3	8.280e2
1376.3	1.660e2
1377.3	8.510e2
1378.8	3.490e2
1379.6	5.290e2
1380.5	5.200e1
1381.2	3.172e3
1382.3	5.000e1
1382.8	1.191e3
1383.6	2.080e2
1384.3	7.840e2
1385.1	1.137e3
1385.9	9.130e2
1386.8	7.750e2
1388.3	8.270e2
1389.2	2.338e3
1389.7	1.100e1
1390.8	1.750e2
1391.3	1.068e3
1392.2	1.000e1
1393.8	4.316e3
1395.1	4.400e2
1395.6	3.970e2
1397.0	9.000e0
1397.5	9.270e2
1398.8	3.979e3
1399.6	4.510e2
1400.2	1.200e1
1401.3	1.748e3
1402.1	1.393e3
1403.5	1.500e1
1404.5	1.707e3
1405.1	1.381e3
1405.8	2.257e3
1406.4	2.600e1
1407.1	3.200e1
1408.5	6.240e2
1409.1	5.370e2
1409.8	1.942e3
1410.8	1.700e2
1411.5	2.000e1
1412.4	1.189e3
1413.2	8.660e2
1414.2	3.100e1
1414.8	1.100e1
1415.4	7.050e2
1416.5	6.100e1
1418.1	6.750e2
1418.8	5.470e2
1419.4	9.700e1
1420.4	1.254e3
1421.1	3.669e3
1421.9	1.757e3
1422.9	1.535e3
1423.5	4.120e2
1424.1	1.000e1
1424.8	5.350e2
1425.8	3.300e1
1426.9	5.090e2
1428.0	1.845e3
1428.9	1.000e1
1429.7	1.306e3
1430.5	9.000e0
1431.2	1.376e3
1431.8	9.000e0
1432.7	5.120e2
1433.4	1.386e3
1434.3	1.156e3
1435.3	1.100e1
1436.2	2.548e3
1437.6	6.166e3
1438.8	2.413e3
1440.6	2.186e3
1441.5	2.950e2
1442.5	1.467e3
1443.9	8.770e2
1444.8	5.650e2
1445.4	2.130e3
1446.0	3.290e2
1446.6	2.690e2
1447.7	1.222e3
1448.6	5.590e2
1449.7	2.799e3
1450.2	9.000e0
1450.8	2.148e3
1451.9	5.770e2
1453.0	1.187e3
1453.8	6.500e2
1454.6	1.246e3
1455.2	9.840e2
1456.1	2.926e3
1457.4	2.342e3
1458.2	6.910e2
1458.8	1.737e3
1459.5	1.650e2
1460.1	1.249e3
1461.1	1.029e3
1461.9	1.140e2
1462.6	2.190e2
1463.3	1.180e3
1464.0	1.191e3
1464.7	1.180e2
1465.4	9.000e0
1466.5	4.038e3
1467.5	1.195e3
1468.3	9.000e0
1468.9	3.000e1
1469.5	2.700e1
1470.1	1.000e1
1470.7	9.740e2
1471.3	1.200e1
1472.6	4.210e2
1473.3	5.010e2
1474.1	1.746e3
1475.1	4.970e2
1476.7	6.560e2
1478.9	8.020e2
1479.5	2.800e1
1480.5	2.500e1
1481.8	1.200e1
1482.5	2.600e1
1483.4	2.510e3
1484.5	3.800e1
1485.2	5.410e2
1486.2	8.830e2
1487.1	2.665e3
1488.1	5.710e2
1488.7	9.000e0
1489.7	1.268e3
1490.8	3.723e3
1491.4	1.900e1
1492.1	3.344e3
1492.7	9.000e0
1493.2	4.690e2
1493.9	4.529e3
1494.8	5.110e2
1495.7	8.260e2
1496.7	1.489e3
1497.5	1.066e3
1498.6	1.710e3
1499.2	9.000e0
1500.0	1.353e3
1500.9	1.900e1
1501.7	4.730e2
1502.7	3.840e2
1503.5	1.800e1
1504.3	4.620e2
1505.0	5.980e2
1505.6	1.100e1
1506.3	2.033e3
1507.1	5.360e2
1507.8	1.100e1
1508.5	1.070e2
1509.1	1.100e1
1511.5	5.080e2
1512.2	1.015e3
1513.6	1.000e1
1514.7	4.000e1
1515.4	7.570e2
1516.2	1.295e3
1516.8	4.170e2
1517.6	9.000e0
1518.6	7.700e2
1519.1	1.200e1
1519.7	4.700e2
1520.9	1.100e1
1522.8	6.400e1
1523.6	3.750e2
1524.9	4.243e3
1525.4	9.170e2
1526.0	2.800e1
1528.1	1.077e3
1528.9	5.200e1
1530.5	2.046e3
1531.3	2.100e1
1532.0	5.290e2
1533.1	1.070e3
1534.1	6.520e2
1534.7	2.500e1
1535.4	1.093e3
1536.3	5.490e2
1537.1	7.140e2
1538.4	4.400e2
1539.3	1.800e1
1540.3	4.290e2
1541.0	1.000e1
1541.7	6.840e2
1542.7	2.100e1
1543.6	4.070e2
1544.3	1.000e1
1544.8	9.390e2
1545.6	2.430e2
1546.2	2.940e2
1547.4	1.358e3
1547.9	1.660e2
1548.9	2.645e3
1549.5	1.493e3
1550.4	1.285e3
1551.2	1.100e1
1551.7	3.020e2
1552.6	4.000e1
1553.2	2.000e1
1553.9	7.200e2
1555.2	1.600e3
1556.4	9.610e2
1557.3	1.000e1
1557.9	1.122e3
1558.6	1.294e3
1559.3	6.040e2
1559.9	1.200e1
1560.9	1.313e3
1561.7	1.690e2
1562.7	6.220e2
1563.5	1.290e2
1564.3	2.207e3
1564.9	1.000e1
1565.4	1.053e3
1566.3	7.660e2
1567.5	2.610e2
1569.2	9.900e1
1570.3	2.071e3
1571.2	2.018e3
1572.1	2.000e1
1573.0	5.600e2
1574.0	7.160e2
1574.5	1.366e3
1575.4	1.509e3
1576.0	3.090e2
1576.8	6.200e2
1577.6	2.702e3
1578.1	9.000e0
1578.8	2.748e3
1579.8	4.340e2
1581.4	4.540e2
1581.9	1.200e1
1582.5	2.930e2
1583.2	9.990e2
1583.8	1.900e1
1585.2	1.406e3
1586.3	2.180e2
1587.1	6.160e2
1588.1	1.026e3
1589.3	7.400e1
1590.8	7.860e2
1591.6	2.100e1
1592.4	3.680e2
1593.3	1.694e3
1594.2	1.160e2
1594.7	2.890e2
1595.8	2.430e2
1597.2	7.600e2
1598.1	2.000e1
1598.8	6.950e2
1599.4	2.340e3
1601.8	4.300e1
1602.8	7.280e2
1603.5	2.880e2
1604.3	2.650e2
1605.5	1.209e3
1606.8	9.250e2
1607.4	6.800e1
1608.4	1.658e3
1608.9	2.100e2
1610.3	1.265e3
1611.6	8.420e2
1612.4	1.470e2
1613.2	5.510e2
1614.1	8.810e2
1615.0	7.460e2
1616.1	4.600e2
1617.2	1.200e3
1618.0	1.157e3
1619.0	9.000e0
1621.6	7.970e2
1622.5	1.100e1
1623.2	1.002e3
1624.9	8.200e1
1625.6	1.500e1
1626.3	1.597e3
1627.5	1.800e1
1628.0	1.357e3
1628.9	1.100e1
1630.3	9.000e0
1630.9	6.440e2
1631.8	5.900e1
1632.3	9.000e0
1633.2	4.300e2
1634.0	9.610e2
1634.6	5.750e2
1635.2	1.000e1
1635.8	9.400e2
1637.4	4.910e2
1638.2	7.240e2
1639.3	3.400e1
1640.2	4.670e2
1641.0	9.020e2
1642.3	7.820e2
1642.9	1.200e1
1643.5	5.500e2
1644.7	4.900e1
1645.3	9.000e0
1646.1	1.784e3
1646.7	8.940e2
1647.4	1.300e1
1647.9	9.920e2
1648.6	5.920e2
1649.5	3.990e2
1650.5	5.200e1
1651.7	4.200e1
1653.1	4.590e2
1653.8	2.500e1
1654.5	2.056e3
1656.0	8.140e2
1656.7	7.590e2
1657.7	4.520e2
1659.1	7.430e2
1660.1	8.360e2
1661.1	1.000e1
1662.2	1.107e3
1663.0	8.910e2
1664.2	4.330e2
1664.8	3.920e2
1666.4	2.200e1
1667.9	9.000e0
1668.7	2.250e2
1669.6	2.020e3
1670.7	1.918e3
1671.3	1.000e1
1671.9	2.400e1
1672.5	1.100e1
1673.7	1.056e3
1674.7	2.200e1
1675.3	2.600e1
1676.4	8.100e2
1677.4	9.000e0
1678.1	2.770e2
1678.7	1.300e1
1679.8	1.350e2
1681.1	8.040e2
1681.8	3.420e2
1682.6	1.600e1
1683.1	9.450e2
1684.2	1.100e1
1685.1	5.360e2
1686.0	7.840e2
1686.6	2.465e3
1687.2	1.100e1
1688.1	9.760e2
1689.1	5.060e2
1689.8	1.620e2
1690.4	9.890e2
1692.2	1.070e2
1693.2	1.708e3
1694.1	4.300e1
1694.9	8.020e2
1695.9	1.040e3
1696.7	2.100e1
1697.4	1.836e3
1698.2	5.900e2
1699.1	1.300e2
1700.1	1.000e1
1700.6	9.200e2
1701.6	2.000e1
1702.3	6.590e2
1703.0	7.430e2
1703.9	1.017e3
1704.8	1.186e3
1705.5	3.900e2
1706.3	2.730e2
1706.9	9.000e0
1707.5	4.800e1
1708.2	2.900e1
1708.9	5.800e1
1709.9	2.300e1
1711.2	8.500e1
1712.1	8.250e2
1713.0	4.790e2
1713.9	2.500e1
1714.5	1.139e3
1715.8	2.750e2
1716.6	9.000e0
1717.3	9.000e0
1718.2	8.060e2
1718.7	1.186e3
1719.3	3.740e2
1720.5	2.191e3
1721.5	1.840e2
1722.8	1.027e3
1723.4	8.310e2
1724.2	1.122e3
1724.8	3.000e1
1725.6	4.270e2
1726.5	2.400e1
1727.3	3.070e2
1728.4	1.526e3
1729.0	8.510e2
1730.0	7.260e2
1731.0	5.530e2
1732.1	1.320e2
1733.1	1.298e3
1734.0	3.057e3
1735.0	7.710e2
1736.5	5.930e2
1737.5	2.370e2
1738.4	3.660e2
1739.4	2.290e2
1740.1	1.195e3
1741.0	9.920e2
1741.7	5.910e2
1742.5	2.460e2
1743.5	7.400e1
1744.0	1.000e1
1744.9	1.648e3
1746.0	1.871e3
1746.6	9.000e0
1747.9	2.500e1
1748.9	2.000e1
1749.6	1.070e3
1750.1	1.100e1
1750.7	7.850e2
1751.9	1.247e3
1752.6	3.400e1
1753.5	4.160e2
1754.7	1.100e1
1755.7	4.300e1
1757.1	9.000e0
1759.6	1.645e3
1760.2	1.180e2
1760.8	1.067e3
1761.5	1.600e1
1762.1	2.000e1
1763.2	5.920e2
1764.0	2.000e1
1764.9	4.370e2
1765.5	1.770e2
1766.0	1.500e1
1766.5	6.810e2
1767.3	3.200e1
1768.2	2.970e2
1769.6	1.800e1
1770.7	1.000e1
1771.5	2.060e2
1772.1	9.910e2
1773.2	6.820e2
1773.9	2.000e1
1774.4	1.729e3
1775.1	5.010e2
1776.8	3.840e2
1777.8	3.200e1
1778.8	1.054e3
1779.5	1.402e3
1780.1	7.790e2
1781.1	4.700e1
1782.4	6.870e2
1783.1	8.200e2
1784.4	7.780e2
1786.2	4.000e2
1787.1	3.300e1
1788.1	1.583e3
1789.2	3.000e1
1790.0	4.480e2
1791.1	4.400e1
1794.2	4.450e2
1794.8	1.500e1
1796.1	8.960e2
1796.6	4.050e2
1797.4	1.500e1
1798.1	6.170e2
1799.5	1.710e2
1800.2	1.400e1
1800.7	1.100e1
1801.5	1.678e3
1802.3	8.610e2
1803.4	2.380e2
1804.2	9.420e2
1805.0	8.850e2
1807.1	8.970e2
1808.1	2.100e1
1809.6	1.100e1
1810.4	2.380e2
1810.9	9.000e0
1811.7	4.890e2
1812.2	5.430e2
1813.8	6.800e1
1814.8	1.034e3
1815.3	9.000e0
1815.9	6.070e2
1816.7	1.900e2
1818.0	1.468e3
1818.7	3.880e2
1820.1	6.250e2
1821.6	9.000e0
1822.2	4.170e2
1823.3	2.590e2
1824.4	4.290e2
1826.2	1.850e2
1827.4	4.140e2
1828.2	9.300e1
1829.4	2.610e2
1830.2	1.100e1
1830.7	1.200e1
1831.8	2.000e1
1832.8	9.000e0
1834.0	2.200e1
1834.8	2.300e1
1835.3	1.685e3
1836.0	1.300e1
1836.7	1.100e1
1837.3	1.100e1
1837.9	8.360e2
1838.8	9.910e2
1839.6	1.800e1
1840.5	1.538e3
1841.5	5.700e1
1843.1	9.000e0
1843.9	2.400e1
1844.6	1.940e2
1845.7	5.700e1
1848.0	9.280e2
1848.9	4.570e2
1850.0	4.110e2
1850.7	5.870e2
1851.6	1.225e3
1852.4	4.720e2
1853.6	1.000e1
1854.2	1.064e3
1855.1	7.520e2
1855.9	3.300e1
1857.5	1.039e3
1859.1	9.180e2
1859.7	4.200e2
1860.6	2.730e2
1861.3	2.140e2
1862.5	7.040e2
1863.9	3.400e1
1865.2	2.500e1
1866.1	3.960e2
1867.2	1.460e2
1867.7	1.000e1
1868.5	1.186e3
1869.4	8.990e2
1870.6	3.300e1
1871.3	1.653e3
1871.9	6.400e2
1872.6	3.300e1
1873.2	1.154e3
1874.9	1.233e3
1875.5	1.130e2
1876.6	4.610e2
1877.4	1.588e3
1878.3	8.120e2
1879.4	9.060e2
1880.8	3.450e2
1881.9	1.000e1
1884.5	5.380e2
1885.6	1.000e1
1886.2	2.260e2
1887.1	1.594e3
1888.2	1.900e1
1889.4	2.100e1
1890.5	4.210e2
1891.4	5.000e1
1892.5	4.200e1
1894.3	2.110e3
1895.2	8.340e2
1896.7	6.000e1
1897.9	5.430e2
1898.9	4.600e1
1900.0	5.950e2
1900.8	2.930e2
1901.4	7.920e2
1902.3	3.100e1
1903.0	1.100e1
1903.6	1.200e1
1904.7	5.580e2
1905.6	2.100e1
1906.6	1.100e1
1907.6	1.800e1
1909.3	4.810e2
1910.6	3.680e2
1912.8	8.710e2
1913.4	4.580e2
1914.4	3.480e2
1915.5	7.710e2
1916.4	1.018e3
1917.2	1.000e1
1917.9	1.100e1
1919.2	2.500e1
1919.9	1.400e1
1920.8	1.200e1
1921.7	1.060e2
1922.6	7.820e2
1923.8	2.960e2
1924.8	5.400e2
1925.4	9.000e0
1926.0	3.070e2
1927.0	5.170e2
1927.7	1.100e1
1929.0	2.000e1
1929.8	9.000e0
1930.3	1.710e2
1931.0	1.800e1
1931.6	9.000e0
1932.1	2.500e1
1932.8	9.450e2
1934.1	6.620e2
1935.1	4.820e2
1935.9	4.260e2
1937.2	8.710e2
1938.1	1.000e1
1938.8	4.220e2
1939.5	2.100e1
1940.4	2.600e2
1941.2	4.810e2
1942.0	9.980e2
1943.4	7.450e2
1944.3	2.018e3
1945.0	1.623e3
1946.0	8.200e2
1947.2	2.540e2
1948.9	3.200e1
1950.1	9.000e0
1951.0	7.270e2
1951.5	1.100e1
1952.1	7.710e2
1953.6	6.990e2
1956.1	1.346e3
1957.0	5.990e2
1958.4	2.690e2
1959.5	2.000e1
1960.0	9.000e0
1960.8	2.696e3
1961.3	1.100e1
1962.0	1.200e1
1962.7	7.140e2
1963.2	1.230e3
1964.2	1.147e3
1965.1	2.000e1
1965.7	9.000e0
1966.3	8.300e1
1967.6	1.037e3
1968.5	1.340e2
1969.7	3.920e2
1970.4	6.180e2
1972.0	8.100e1
1972.7	3.850e2
1973.7	2.600e1
1974.2	3.260e2
1975.5	1.500e1
1976.0	6.860e2
1976.7	6.100e2
1977.5	2.100e1
1978.6	5.660e2
1979.6	7.360e2
1980.3	2.420e2
1981.0	1.900e1
1982.4	3.500e1
1983.5	1.200e1
1984.5	3.040e2
1985.5	2.160e2
1986.6	3.540e2
1988.7	4.780e2
1989.6	7.370e2
1992.0	1.200e1
1992.6	2.100e1
1993.5	2.000e1
1994.4	4.960e2
1994.9	9.000e0
1996.1	2.100e1
1997.1	4.280e2
1999.2	3.000e1
