100.2	6.120e2
101.0	8.749e4
102.0	1.598e4
103.0	1.363e4
104.0	6.870e2
105.0	2.743e3
105.9	5.100e2
106.5	2.000e1
107.2	1.440e2
108.0	1.016e4
109.0	1.699e3
110.2	2.570e2
111.1	4.608e3
111.6	3.100e1
112.3	7.550e2
113.0	1.552e5
114.0	4.065e3
115.0	6.075e3
116.0	4.064e3
117.0	9.084e4
117.5	1.730e2
118.0	1.252e4
119.0	5.192e3
120.0	2.285e3
121.1	1.061e3
122.0	9.540e2
122.5	4.000e0
123.1	3.450e2
124.1	1.472e3
124.6	4.000e0
125.1	1.481e3
125.9	6.770e2
126.5	2.300e1
127.1	5.290e2
128.0	1.432e3
129.0	2.543e3
130.0	7.767e3
131.1	3.063e3
132.1	9.110e2
133.1	7.311e3
134.1	7.560e2
135.0	5.497e3
136.0	1.965e3
137.0	4.367e3
138.0	2.733e3
139.1	1.766e3
140.0	1.213e3
141.1	9.920e2
141.7	9.100e1
142.3	1.574e3
143.1	1.026e3
144.0	1.773e3
145.0	1.185e4
146.0	1.531e4
147.0	1.740e4
147.5	2.400e1
148.1	9.430e2
149.0	2.211e3
150.1	9.050e2
151.0	1.251e3
151.6	2.500e1
152.1	5.413e3
153.0	3.323e3
154.1	1.654e3
155.1	2.559e3
156.0	3.020e3
157.0	2.530e3
158.0	4.552e3
159.1	1.982e3
160.0	1.629e3
160.9	2.155e3
162.0	1.654e3
163.0	2.740e3
163.5	1.000e2
164.0	2.097e3
165.1	4.060e3
166.1	9.230e2
167.0	1.128e3
168.0	4.470e2
169.1	3.081e3
170.1	8.190e2
171.1	1.740e3
172.1	1.035e3
173.0	1.565e3
174.0	3.199e3
175.0	4.030e4
175.5	7.500e1
176.1	2.731e3
177.0	1.134e4
178.0	5.590e2
179.0	5.492e3
179.5	4.200e1
180.1	2.180e3
181.1	2.618e4
182.1	1.916e3
182.6	3.500e1
183.1	2.203e3
184.0	1.319e3
185.1	4.166e3
186.0	1.713e3
187.1	4.100e3
188.0	2.266e3
189.1	1.958e3
190.1	2.177e3
191.0	1.154e4
192.0	1.456e3
193.0	5.123e3
194.0	2.019e3
195.0	1.779e4
195.9	1.477e4
197.1	4.651e3
197.9	1.778e4
199.0	2.594e3
199.9	1.004e4
201.1	5.848e3
202.0	2.744e3
202.5	1.400e1
203.1	1.659e3
204.0	8.310e2
205.1	1.432e3
206.0	1.706e3
206.5	1.110e2
207.1	3.099e3
208.0	1.268e4
209.0	2.155e3
209.5	1.900e1
210.0	1.813e3
211.1	1.949e3
212.2	3.288e4
213.1	5.353e3
214.1	3.233e3
215.1	1.865e3
216.1	7.360e2
217.1	6.626e3
218.0	1.797e3
219.1	2.497e3
220.0	4.609e3
221.0	3.815e3
222.0	3.546e3
222.5	2.400e1
223.0	2.064e3
224.0	1.927e3
225.1	2.872e3
226.0	1.431e3
227.1	2.366e3
228.0	8.780e2
229.0	2.089e3
230.0	2.845e3
231.1	2.256e3
232.0	3.307e3
233.1	3.777e3
234.0	1.782e3
234.6	2.500e1
235.1	1.963e3
236.0	2.083e4
237.1	2.519e3
238.0	2.846e3
239.0	3.594e3
240.0	1.926e4
240.5	4.000e1
241.0	4.192e3
242.0	5.393e3
242.5	2.700e1
243.1	1.225e4
244.1	5.256e3
245.1	1.242e3
245.9	1.565e3
247.0	2.491e3
248.0	1.337e3
248.5	4.500e1
249.1	5.965e4
249.6	8.600e1
250.1	4.408e3
251.0	3.000e3
251.6	8.800e1
252.1	6.930e2
253.1	1.846e3
253.8	4.660e2
254.3	3.700e1
255.1	3.089e3
256.0	9.320e2
256.9	2.043e3
257.8	1.584e3
258.4	1.410e2
259.1	3.275e3
260.0	2.211e3
260.6	6.700e1
261.1	2.879e3
262.0	3.246e3
263.1	2.751e3
264.0	1.438e3
265.1	4.156e3
265.9	2.060e3
266.5	9.200e1
267.1	1.584e3
268.1	9.170e2
269.1	3.041e3
270.1	1.087e3
271.1	1.182e3
272.0	1.577e3
273.0	1.772e3
274.0	1.447e3
275.1	5.191e3
276.0	1.991e3
276.7	3.600e1
277.2	1.428e3
278.1	1.373e3
278.6	1.100e1
279.1	3.261e3
280.1	2.130e3
280.8	1.110e2
281.3	3.003e3
282.2	2.256e3
283.1	1.889e3
284.0	1.787e3
285.1	2.024e3
285.9	2.487e3
286.5	8.500e1
287.1	1.671e3
288.1	8.234e3
289.1	4.076e3
290.0	4.162e3
291.1	2.249e3
292.0	3.263e3
293.2	4.015e3
294.1	1.180e3
295.2	2.032e3
296.0	1.178e3
296.6	1.680e2
297.2	2.594e3
298.0	2.958e3
299.0	1.323e3
299.5	1.050e2
300.1	1.451e3
301.1	1.400e3
302.0	1.354e3
302.6	8.100e1
303.3	1.680e3
304.2	8.610e2
305.1	5.111e3
306.1	2.425e3
307.1	5.954e3
308.1	5.547e3
309.1	2.432e3
310.1	5.438e3
311.1	1.137e4
312.1	4.898e3
313.0	3.911e3
314.1	1.660e3
315.0	5.213e3
315.6	5.400e1
316.1	1.368e3
317.1	7.173e4
318.1	5.885e3
319.1	3.549e3
320.0	1.947e3
320.6	2.200e1
321.1	5.482e3
321.7	3.900e1
322.2	1.546e3
323.1	3.469e3
323.7	1.070e2
324.2	1.695e4
324.7	2.700e1
325.2	7.220e3
326.1	2.513e3
327.1	6.043e3
328.0	2.815e3
328.9	7.010e3
329.9	3.189e3
330.5	1.020e2
331.0	5.367e3
332.0	2.837e3
332.6	1.840e2
333.2	6.168e3
334.1	4.158e3
335.1	2.803e3
336.1	2.839e3
336.6	8.600e1
337.1	4.253e3
338.1	1.797e3
338.6	1.900e1
339.1	2.414e3
340.0	4.607e3
340.6	5.500e1
341.1	2.810e3
342.0	2.314e3
343.0	7.607e3
344.0	2.257e3
345.0	2.360e3
345.5	4.000e0
346.1	2.451e3
346.6	1.100e2
347.2	5.049e3
348.1	1.869e3
349.0	3.421e3
350.0	2.347e3
350.5	4.000e0
351.0	2.680e3
352.1	1.285e3
353.0	7.702e3
353.6	8.700e1
354.1	1.577e3
355.1	4.095e3
356.1	1.333e4
357.0	4.959e3
358.1	2.101e3
359.0	2.751e3
359.5	1.700e1
360.1	2.686e3
360.6	1.280e2
361.1	2.486e3
361.7	1.300e1
362.3	2.080e3
363.3	2.394e3
364.1	1.197e3
365.1	3.270e3
366.0	5.623e3
367.1	1.543e3
368.1	1.667e3
368.6	4.000e0
369.1	2.398e4
370.1	3.687e3
371.0	1.828e3
371.5	1.220e2
372.1	2.700e3
373.1	2.741e3
374.0	1.459e3
374.7	1.800e1
375.2	6.408e3
376.0	3.348e3
376.7	6.270e2
377.3	6.330e3
378.2	1.826e3
379.1	1.249e4
379.6	8.000e0
380.2	2.832e3
381.0	1.399e3
381.8	3.091e3
382.3	4.850e2
383.1	1.622e3
383.8	2.467e3
384.5	2.600e2
385.1	4.400e4
385.6	3.900e1
386.1	4.300e3
386.6	1.200e1
387.1	2.380e3
388.0	9.650e2
388.5	3.600e1
389.1	2.471e3
390.0	1.774e3
390.6	2.030e2
391.2	4.321e3
392.1	2.757e3
393.1	3.101e3
394.0	2.026e3
394.6	2.500e1
395.1	5.520e3
396.1	2.722e3
397.0	7.340e3
398.0	3.618e3
399.0	4.651e3
400.0	1.379e3
400.6	1.160e2
401.2	4.509e3
402.1	4.161e3
403.0	1.614e3
404.0	2.381e3
404.5	1.620e2
405.1	2.492e3
406.1	2.110e3
406.6	5.000e0
407.2	2.055e3
408.1	2.323e3
408.7	5.800e1
409.2	2.116e3
410.1	9.290e2
411.0	5.916e3
412.0	2.214e3
412.6	1.000e1
413.1	6.111e3
414.1	2.240e3
415.1	2.922e3
416.1	2.081e3
417.1	4.672e3
418.0	2.246e3
418.7	2.990e2
419.4	4.980e3
420.1	1.598e3
421.0	5.073e3
422.1	2.023e3
422.7	2.910e2
423.3	3.525e3
424.1	9.522e3
425.0	4.222e3
425.5	4.100e1
426.0	1.851e3
426.5	2.100e1
427.1	3.748e3
428.0	3.066e3
428.5	1.420e2
429.1	4.607e3
430.0	1.867e3
430.5	1.320e2
431.0	2.718e3
432.0	2.018e3
432.6	2.400e2
433.2	2.981e3
434.0	2.266e3
434.6	8.500e1
435.1	3.452e3
436.1	3.690e3
437.1	2.925e3
438.1	3.220e3
439.2	1.613e3
440.0	2.978e3
440.5	5.100e1
441.1	2.682e3
441.9	2.668e3
442.5	2.700e1
443.1	4.362e3
444.0	7.471e3
445.0	2.730e3
445.9	3.070e3
446.5	1.020e2
447.1	6.908e3
448.0	2.436e3
448.6	4.300e1
449.1	2.662e3
450.1	1.664e3
451.1	3.691e3
452.1	2.864e3
453.1	4.584e4
454.0	4.929e3
454.7	4.690e2
455.3	4.302e3
456.1	1.703e3
456.6	9.500e1
457.2	3.251e3
458.0	1.271e3
458.9	2.782e3
459.7	4.173e3
460.3	5.770e2
460.9	2.950e3
461.9	2.630e3
462.5	1.220e2
463.1	4.484e3
463.9	1.214e3
464.6	3.792e3
465.5	3.287e4
466.4	1.146e4
467.3	6.182e3
468.0	2.112e3
469.0	3.649e3
470.0	3.730e3
471.0	2.243e3
471.6	2.630e2
472.2	2.591e3
473.1	4.075e3
474.1	1.710e3
475.1	1.641e3
476.0	3.402e3
476.6	2.760e2
477.2	3.286e3
478.1	1.878e3
478.6	3.700e1
479.1	7.830e3
479.7	5.510e2
480.2	3.467e3
481.2	5.681e3
482.2	1.732e3
483.0	3.909e3
483.9	1.982e3
484.5	3.470e2
485.1	5.275e3
486.0	2.915e3
486.6	1.420e2
487.1	3.430e3
488.0	1.793e3
488.6	2.000e2
489.1	3.156e3
490.1	1.860e3
490.9	1.057e3
491.6	1.831e4
492.4	1.012e4
493.3	6.105e3
494.2	2.474e3
495.1	4.994e3
495.6	1.160e2
496.1	3.294e3
496.9	1.500e3
497.6	3.697e3
498.2	4.300e2
498.8	2.438e3
499.5	5.100e2
500.2	1.804e3
501.1	3.210e3
502.0	3.752e3
502.5	3.400e1
503.0	2.603e3
504.0	2.114e3
504.8	1.216e3
505.4	4.702e3
506.2	1.548e3
507.1	2.263e3
507.6	2.500e1
508.1	3.738e3
509.1	5.661e3
510.1	2.753e3
511.1	4.629e3
512.0	2.557e3
512.6	4.500e1
513.1	2.502e3
514.1	2.449e3
515.1	8.534e3
516.1	2.774e3
517.1	3.235e3
518.0	1.856e3
518.7	1.017e3
519.4	2.647e3
520.2	1.648e3
521.1	4.160e4
521.6	5.700e1
522.1	6.593e3
523.1	2.998e3
523.8	8.130e2
524.5	5.720e3
525.5	3.313e3
526.3	1.625e3
527.2	4.025e3
528.0	2.581e3
528.9	2.127e3
529.9	2.837e3
530.5	2.350e2
531.1	3.628e3
532.1	2.445e3
532.7	6.810e2
533.4	8.988e3
534.1	2.604e3
534.9	4.659e3
535.9	2.271e3
536.6	2.800e2
537.1	2.570e3
538.0	3.932e3
538.9	2.331e3
539.4	1.900e2
540.0	1.659e3
541.0	2.922e3
541.9	3.520e3
542.5	3.610e2
543.1	2.153e3
543.7	2.520e2
544.2	2.986e3
545.2	2.398e3
546.1	2.513e3
547.0	5.263e3
548.0	2.144e3
548.5	2.780e2
549.1	2.991e3
549.9	2.785e3
550.8	2.048e3
551.7	1.892e3
552.3	4.600e2
553.0	3.336e3
553.7	1.009e3
554.3	3.579e3
554.8	6.500e1
555.4	3.068e3
556.2	1.085e3
557.1	3.220e3
558.1	2.179e3
558.6	4.700e1
559.1	1.991e3
560.1	1.269e4
561.1	2.853e3
561.6	3.800e1
562.1	1.639e3
563.1	3.835e3
564.0	4.363e3
564.6	1.730e2
565.1	2.834e3
566.0	2.366e3
566.5	1.020e2
567.1	2.510e3
568.0	1.663e3
568.6	6.800e1
569.1	2.916e3
569.6	1.360e2
570.2	2.280e3
571.0	1.913e3
571.7	3.069e3
572.4	6.780e2
573.0	3.775e3
573.5	1.220e2
574.1	2.435e3
575.1	2.758e3
575.6	3.700e1
576.1	2.046e3
577.0	3.492e3
577.9	1.961e3
578.5	3.290e2
579.1	4.929e3
580.0	2.809e3
580.6	8.900e1
581.1	3.994e3
582.1	1.766e3
583.1	6.260e3
584.0	3.787e3
584.9	2.314e3
585.8	3.435e3
586.5	8.810e2
587.1	4.105e3
587.7	7.700e1
588.2	1.463e3
589.1	3.611e4
590.0	6.858e3
591.0	2.961e3
591.5	2.100e1
592.1	1.875e3
592.6	8.700e1
593.2	3.949e3
593.8	5.130e2
594.4	2.524e3
595.4	3.224e3
596.2	2.618e3
596.8	5.900e2
597.5	2.053e3
598.4	2.300e3
599.3	5.200e3
600.2	3.011e3
601.2	5.026e3
602.0	4.028e3
602.6	2.800e2
603.1	3.539e3
604.1	1.872e3
605.0	2.969e3
605.9	3.609e3
606.5	1.900e2
607.2	2.993e3
608.1	1.896e3
608.8	7.000e2
609.5	2.383e3
610.3	1.468e3
611.1	3.314e3
611.6	2.080e2
612.2	2.316e3
613.1	2.077e3
614.1	2.049e3
614.9	4.880e3
615.4	2.990e2
616.0	2.568e3
616.9	2.868e3
617.5	2.600e1
618.0	2.471e3
618.5	7.500e1
619.1	2.541e3
620.1	1.557e3
621.0	3.350e3
621.6	2.180e2
622.2	3.032e3
623.1	1.079e3
624.0	2.435e3
624.5	1.880e2
625.1	3.093e3
626.1	1.601e3
627.1	2.480e3
628.1	9.883e3
629.1	2.654e3
630.0	2.244e3
631.0	4.952e3
632.0	2.721e3
632.6	4.280e2
633.2	2.845e3
634.0	1.323e3
634.8	2.388e3
635.4	2.320e2
636.1	1.714e3
637.1	2.359e3
638.0	1.921e3
638.6	5.990e2
639.3	2.772e3
640.2	1.629e3
641.0	2.478e3
642.0	2.504e3
642.5	1.000e1
643.0	2.177e3
643.9	2.055e3
644.5	5.320e2
645.2	3.688e3
646.1	1.458e3
647.1	5.363e3
648.0	2.208e3
648.7	4.230e2
649.4	3.735e3
650.2	1.407e3
651.1	4.765e3
652.0	2.586e3
652.9	3.240e3
653.9	2.933e3
654.5	2.320e2
655.1	4.134e3
656.0	1.524e3
656.5	1.850e2
657.1	2.844e4
658.0	6.778e3
658.7	7.120e2
659.2	2.886e3
660.2	3.090e3
661.0	5.070e2
661.6	2.734e3
662.3	5.750e2
663.2	3.309e3
664.0	2.190e3
664.5	3.700e1
665.1	2.376e3
666.0	1.747e3
666.6	3.160e2
667.2	3.496e3
668.2	2.164e3
669.2	4.672e3
670.0	2.495e3
670.6	3.670e2
671.1	5.084e3
672.0	2.054e3
672.9	3.232e3
673.9	4.543e3
674.8	2.354e3
675.4	1.370e2
676.0	2.462e3
676.5	4.000e0
677.0	2.450e3
678.0	3.153e3
678.6	3.760e2
679.2	3.562e3
680.1	2.355e3
680.6	6.100e1
681.1	3.156e3
681.6	6.500e1
682.1	2.841e3
683.1	6.298e3
684.0	2.961e3
685.0	4.972e3
685.6	5.020e2
686.2	3.581e3
687.1	1.892e3
687.9	3.520e3
688.4	8.800e1
688.9	4.159e3
689.9	2.951e3
690.4	3.470e2
691.0	3.096e3
691.7	4.430e2
692.3	2.341e3
692.9	4.010e2
693.4	2.566e3
694.2	9.130e2
695.0	2.128e3
695.5	4.000e0
696.1	7.837e3
697.0	3.474e3
698.0	1.538e3
698.7	6.647e3
699.7	5.369e3
700.3	4.970e2
700.8	3.599e3
701.4	1.400e2
701.9	2.812e3
702.9	2.457e3
703.7	3.050e3
704.5	9.300e2
705.4	3.501e3
706.0	1.399e3
706.8	2.835e3
707.8	2.034e3
708.3	5.800e1
708.8	3.070e3
709.7	3.731e3
710.3	5.270e2
711.0	3.053e3
712.0	2.251e3
712.6	3.430e2
713.2	3.479e3
714.0	1.615e3
714.8	8.201e3
715.8	5.012e3
716.4	6.760e2
717.0	4.710e3
718.0	2.680e3
718.5	8.300e1
719.0	4.709e3
720.0	3.049e3
721.0	3.631e3
722.0	3.352e3
722.6	1.730e2
723.1	2.556e3
724.0	1.900e3
724.6	3.880e2
725.1	2.179e4
726.0	4.223e3
726.5	9.000e0
727.0	4.120e3
727.9	1.828e3
728.7	3.640e3
729.5	1.292e3
730.3	3.093e3
730.9	6.930e2
731.6	3.963e3
732.1	4.200e1
732.6	3.005e3
733.1	8.100e1
733.6	2.486e3
734.4	1.029e3
735.2	4.440e3
736.0	1.670e3
736.6	2.270e2
737.1	6.294e3
738.0	4.260e3
738.9	2.996e3
739.5	2.010e2
740.1	1.833e3
741.1	4.373e3
741.6	2.310e2
742.1	4.051e3
743.0	1.728e3
743.8	2.513e3
744.8	7.451e3
745.8	3.529e3
746.8	2.720e3
747.8	2.759e3
748.8	3.330e3
749.3	1.870e2
749.9	3.205e3
750.6	6.890e2
751.2	4.820e3
752.0	2.357e3
752.8	3.182e3
753.4	7.000e2
754.1	3.506e3
754.7	2.170e2
755.2	2.638e3
756.1	2.017e3
757.1	2.983e3
758.0	2.163e3
758.9	1.870e3
759.8	2.641e3
760.7	4.593e3
761.6	2.771e3
762.3	8.620e2
763.0	4.596e3
764.1	7.404e3
765.0	3.656e3
766.0	2.451e3
766.6	2.160e2
767.1	5.297e3
768.1	3.545e3
769.1	2.906e3
769.9	1.227e3
770.6	3.269e3
771.2	3.080e2
771.8	2.265e3
772.3	1.150e2
772.8	2.424e3
773.5	4.580e2
774.2	2.614e3
775.2	2.568e3
776.0	2.230e3
776.8	4.437e3
777.7	1.983e3
778.2	5.700e2
778.8	2.603e3
779.8	1.808e3
780.5	8.130e2
781.3	3.291e3
781.9	6.650e2
782.8	3.632e3
783.7	4.835e3
784.2	2.650e2
784.9	3.436e3
785.4	2.230e2
786.0	2.459e3
787.0	3.810e3
787.9	3.025e3
788.9	2.880e3
789.8	2.197e3
790.8	2.230e3
791.7	2.648e3
792.4	4.450e2
793.1	1.531e4
794.1	5.442e3
795.0	3.275e3
796.0	3.092e3
796.6	5.730e2
797.3	2.413e3
797.8	1.510e2
798.4	2.535e3
799.2	2.744e3
800.1	3.079e3
801.1	3.075e3
802.0	1.722e3
802.6	5.100e1
803.1	3.671e3
804.0	2.217e3
804.9	3.354e3
805.7	3.949e3
806.7	4.075e3
807.4	9.640e2
808.1	2.369e3
808.6	2.800e1
809.1	2.836e3
810.1	3.274e3
811.0	2.407e3
811.9	1.544e3
812.7	3.785e3
813.7	2.738e3
814.6	2.770e3
815.3	6.470e2
816.0	3.271e3
817.0	4.065e3
817.9	2.088e3
818.4	4.140e2
819.0	4.587e3
820.0	2.736e3
820.6	4.830e2
821.2	2.342e3
822.2	2.524e3
823.1	2.179e3
823.7	2.770e2
824.3	2.343e3
825.1	1.523e3
825.9	2.653e3
826.6	6.760e2
827.3	3.242e3
828.1	8.670e2
828.8	3.353e3
829.4	4.300e1
830.0	2.893e3
830.6	2.400e2
831.1	3.676e3
832.1	5.681e3
832.7	2.910e2
833.2	3.116e3
834.1	2.019e3
835.1	3.857e3
836.0	2.244e3
836.6	4.620e2
837.3	2.510e3
838.2	1.149e3
839.2	2.874e3
840.2	3.327e3
841.2	2.633e3
841.9	9.840e2
842.7	2.574e3
843.3	9.170e2
844.2	2.558e3
845.1	4.152e3
846.0	1.474e3
846.8	3.787e3
847.4	4.160e2
848.0	1.964e3
849.0	3.195e3
849.5	5.900e1
850.1	2.491e3
850.6	1.120e2
851.1	3.072e3
852.1	2.502e3
852.6	6.000e0
853.2	2.145e3
854.0	1.363e3
854.9	2.715e3
855.5	1.030e2
856.0	1.976e3
856.6	1.400e2
857.2	2.450e3
858.1	3.262e3
858.9	1.240e3
859.9	2.501e3
860.5	2.040e2
861.1	1.137e4
862.0	3.771e3
863.0	3.198e3
863.6	4.700e2
864.3	2.759e3
865.1	1.334e3
865.9	2.955e3
866.9	2.047e3
867.8	3.167e3
868.8	3.758e3
869.4	2.480e2
870.1	2.852e3
871.1	3.346e3
872.0	2.185e3
872.8	3.565e3
873.4	4.800e1
873.9	4.228e3
874.8	2.324e3
875.7	3.342e3
876.3	5.210e2
877.0	3.002e3
877.9	2.638e3
878.5	5.620e2
879.2	3.718e3
880.0	9.680e2
880.6	3.461e3
881.6	1.953e3
882.3	3.570e2
882.8	3.490e3
883.7	2.240e3
884.4	4.360e2
885.0	2.328e3
886.0	2.828e3
886.5	6.400e1
887.1	5.598e3
887.9	2.774e3
888.6	1.351e3
889.4	2.696e3
890.2	2.037e3
891.0	2.753e3
891.5	1.370e2
892.1	2.497e3
893.1	3.219e3
893.9	1.273e3
894.8	2.710e3
895.7	2.981e3
896.2	4.700e1
896.8	2.695e3
897.4	3.170e2
898.0	2.308e3
898.9	3.397e3
899.6	4.760e2
900.2	4.687e3
900.7	3.110e2
901.2	4.121e3
901.8	2.350e2
902.4	2.740e3
902.9	2.890e2
903.4	3.480e3
904.1	1.001e3
904.8	3.184e3
905.7	1.874e3
906.3	1.190e2
906.8	3.872e3
907.4	3.460e2
908.1	2.444e3
908.7	4.650e2
909.4	3.573e3
909.9	6.300e1
910.5	3.122e3
911.5	2.250e3
912.5	4.076e3
913.4	1.663e3
914.3	3.813e3
915.1	1.998e3
916.1	2.995e3
917.2	2.611e3
918.0	1.308e3
918.9	2.917e3
919.4	2.240e2
920.0	2.568e3
920.5	5.100e1
921.1	3.903e3
922.1	2.983e3
923.1	3.705e3
924.0	2.037e3
925.0	2.927e3
925.5	6.000e1
926.0	2.685e3
926.6	2.800e1
927.1	3.032e3
928.0	2.871e3
928.6	9.900e1
929.1	1.153e4
930.0	4.416e3
931.0	3.345e3
931.6	5.010e2
932.2	3.197e3
933.2	3.200e3
934.1	2.215e3
935.0	2.858e3
936.0	2.493e3
936.7	7.940e2
937.5	3.486e3
938.3	1.159e3
939.1	3.043e3
940.0	1.414e3
940.9	3.236e3
941.8	1.871e3
942.7	3.039e3
943.3	1.540e2
943.8	3.326e3
944.9	2.978e3
945.8	3.057e3
946.8	2.206e3
947.8	3.238e3
948.3	8.700e1
948.8	3.026e3
949.7	3.331e3
950.7	3.138e3
951.4	9.460e2
952.1	2.238e3
953.0	1.585e3
953.8	2.485e3
954.5	3.220e2
955.1	5.685e3
956.0	3.648e3
956.7	1.335e3
957.5	4.558e3
958.4	2.777e3
959.2	2.009e3
960.2	1.713e3
961.1	4.336e3
962.0	2.597e3
962.9	5.165e3
963.9	3.093e3
964.5	5.990e2
965.2	2.836e3
966.2	2.815e3
967.1	2.346e3
968.1	4.734e3
968.9	2.212e3
969.7	2.744e3
970.4	9.540e2
971.0	2.908e3
971.6	1.190e2
972.1	2.604e3
973.1	2.345e3
973.9	1.174e3
974.5	7.800e1
975.0	2.212e3
975.9	2.337e3
976.7	3.025e3
977.2	2.200e1
977.8	3.735e3
978.5	4.710e2
979.2	2.107e3
979.9	6.220e2
980.6	4.018e3
981.3	1.612e3
982.3	3.727e3
983.2	2.515e3
984.2	2.128e3
985.2	3.211e3
986.1	1.909e3
987.1	3.009e3
988.0	2.195e3
988.9	3.446e3
989.6	9.950e2
990.4	3.734e3
991.4	3.295e3
992.2	1.642e3
993.1	2.988e3
993.6	8.900e1
994.2	3.018e3
995.0	1.720e3
995.8	3.189e3
996.4	5.860e2
997.1	8.797e3
997.9	2.188e3
998.8	3.731e3
999.3	2.530e2
999.9	2.432e3
1000.9	3.114e3
1001.5	2.750e2
1002.1	3.029e3
1002.7	1.550e2
1003.2	2.994e3
1004.2	2.885e3
1004.9	1.669e3
1005.8	2.804e3
1006.4	1.150e2
1006.9	3.020e3
1007.7	4.238e3
1008.5	1.170e3
1009.1	3.780e3
1009.9	1.385e3
1010.7	2.819e3
1011.7	3.550e3
1012.3	4.880e2
1012.9	4.005e3
1013.9	2.531e3
1014.7	2.137e3
1015.7	2.238e3
1016.7	3.665e3
1017.4	8.750e2
1018.2	3.683e3
1019.2	2.154e3
1019.9	1.316e3
1020.6	2.714e3
1021.3	1.315e3
1022.2	2.189e3
1023.1	3.804e3
1024.0	2.802e3
1025.0	3.050e3
1026.0	3.215e3
1026.6	5.940e2
1027.3	3.343e3
1028.2	2.686e3
1029.2	2.496e3
1030.1	3.715e3
1031.2	3.579e3
1032.1	2.936e3
1032.7	3.030e2
1033.3	3.405e3
1034.3	2.921e3
1034.9	4.000e1
1035.4	2.791e3
1036.0	3.570e2
1036.5	5.097e3
1037.5	2.814e3
1038.2	9.860e2
1039.0	2.772e3
1039.6	4.000e0
1040.1	4.085e3
1040.9	1.277e3
1041.6	3.381e3
1042.4	3.273e3
1043.1	4.060e2
1043.7	2.788e3
1044.6	2.483e3
1045.7	1.906e3
1046.7	2.485e3
1047.2	3.050e2
1047.8	2.826e3
1048.4	3.000e2
1049.0	2.663e3
1049.5	9.200e1
1050.1	2.180e3
1050.9	4.426e3
1051.5	3.820e2
1052.2	4.313e3
1053.2	2.561e3
1054.1	1.835e3
1055.0	3.542e3
1055.5	3.200e1
1056.0	2.712e3
1057.0	2.300e3
1057.8	2.540e3
1058.4	1.260e2
1059.0	2.630e3
1059.9	3.136e3
1060.4	1.230e2
1061.0	2.708e3
1061.7	6.820e2
1062.2	3.139e3
1063.0	1.427e3
1063.7	3.332e3
1064.5	9.790e2
1065.2	6.439e3
1066.1	2.562e3
1066.6	1.260e2
1067.1	3.013e3
1068.0	3.354e3
1068.6	5.700e1
1069.1	3.306e3
1069.7	2.080e2
1070.3	2.674e3
1071.1	8.050e2
1071.8	3.192e3
1072.8	3.133e3
1073.7	2.712e3
1074.2	3.800e1
1074.7	2.582e3
1075.3	1.600e1
1075.8	3.167e3
1076.3	5.110e2
1076.9	4.330e3
1077.9	3.144e3
1078.8	3.073e3
1079.8	2.334e3
1080.3	2.770e2
1081.1	2.850e3
1082.1	2.440e3
1083.0	2.799e3
1083.7	8.380e2
1084.5	3.526e3
1085.0	2.400e2
1085.6	3.034e3
1086.1	2.350e2
1086.7	2.924e3
1087.3	5.360e2
1087.9	2.739e3
1088.6	6.700e2
1089.3	3.518e3
1090.3	2.008e3
1091.1	2.523e3
1091.9	2.866e3
1092.5	9.800e1
1093.0	2.815e3
1093.9	1.919e3
1094.8	3.450e3
1095.3	1.200e1
1095.8	1.531e3
1096.5	6.250e2
1097.2	3.281e3
1098.0	2.095e3
1099.0	3.057e3
1099.9	2.594e3
1100.9	2.365e3
1101.6	1.197e3
1102.3	2.776e3
1103.2	1.612e3
1104.1	3.850e3
1105.0	2.296e3
1105.7	8.360e2
1106.4	2.468e3
1107.2	3.613e3
1108.0	1.673e3
1108.9	3.517e3
1109.8	2.841e3
1110.5	5.500e2
1111.2	3.167e3
1112.1	2.922e3
1113.0	3.151e3
1113.8	1.259e3
1114.6	2.917e3
1115.6	2.725e3
1116.3	8.620e2
1117.0	3.115e3
1117.6	1.100e2
1118.1	3.662e3
1118.6	1.730e2
1119.2	3.155e3
1120.1	2.719e3
1121.1	2.624e3
1121.7	2.960e2
1122.2	3.235e3
1123.2	2.780e3
1124.1	2.055e3
1125.0	2.614e3
1125.8	2.237e3
1126.6	8.500e2
1127.3	2.773e3
1128.1	2.096e3
1128.7	1.700e2
1129.2	2.915e3
1129.7	4.000e0
1130.2	2.596e3
1131.1	1.539e3
1132.0	3.372e3
1132.6	4.920e2
1133.2	6.201e3
1134.2	3.126e3
1135.2	2.982e3
1135.7	2.310e2
1136.3	3.419e3
1136.9	2.210e2
1137.4	1.628e3
1138.4	2.155e3
1139.1	8.070e2
1139.8	2.443e3
1140.8	2.816e3
1141.5	1.188e3
1142.3	2.840e3
1143.2	2.018e3
1143.7	9.300e1
1144.2	2.604e3
1145.2	2.950e3
1145.8	2.490e2
1146.4	3.419e3
1147.2	1.267e3
1148.0	2.564e3
1148.5	9.000e1
1149.0	2.778e3
1149.9	2.232e3
1150.9	2.952e3
1151.7	1.206e3
1152.5	3.404e3
1153.3	1.262e3
1154.1	3.699e3
1154.9	1.411e3
1155.6	2.380e3
1156.4	1.027e3
1157.2	2.696e3
1157.8	2.840e2
1158.3	2.701e3
1159.2	2.607e3
1160.2	2.397e3
1161.1	3.045e3
1162.1	3.363e3
1162.7	5.930e2
1163.4	3.538e3
1164.4	3.041e3
1165.3	2.264e3
1166.0	7.640e2
1166.7	3.027e3
1167.6	4.190e3
1168.3	1.201e3
1169.1	2.698e3
1170.0	2.911e3
1170.8	1.574e3
1171.6	3.066e3
1172.5	1.362e3
1173.4	3.612e3
1174.3	1.979e3
1175.1	3.197e3
1176.0	1.945e3
1176.5	2.900e1
1177.1	2.730e3
1178.0	2.404e3
1178.8	1.146e3
1179.6	2.395e3
1180.3	6.390e2
1181.0	2.380e3
1181.5	3.900e1
1182.1	2.840e3
1183.0	1.879e3
1184.0	3.272e3
1185.0	2.982e3
1185.6	4.460e2
1186.3	3.731e3
1187.1	2.140e3
1188.1	2.637e3
1188.8	9.750e2
1189.6	2.608e3
1190.5	2.297e3
1191.4	2.402e3
1192.0	1.880e2
1192.5	2.843e3
1193.6	2.177e3
1194.2	6.530e2
1194.9	1.449e3
1195.5	3.180e2
1196.1	2.757e3
1197.1	2.804e3
1198.1	2.731e3
1199.0	2.153e3
1199.8	9.430e2
1200.5	1.758e3
1201.4	5.296e3
1202.2	2.382e3
1203.1	3.099e3
1204.0	2.318e3
1204.8	7.550e2
1205.5	2.853e3
1206.4	2.663e3
1207.4	2.589e3
1208.1	5.520e2
1208.8	2.692e3
1209.6	2.395e3
1210.2	5.270e2
1210.8	3.030e3
1211.5	5.240e2
1212.2	1.802e3
1213.1	1.929e3
1214.0	2.960e3
1214.7	3.580e2
1215.3	2.742e3
1216.3	2.886e3
1217.2	2.407e3
1218.1	3.760e3
1219.0	1.870e3
1219.9	2.284e3
1220.4	9.100e1
1221.0	3.323e3
1222.0	1.953e3
1222.6	6.830e2
1223.3	3.297e3
1224.2	2.285e3
1225.0	5.560e2
1225.6	4.087e3
1226.5	2.110e3
1227.3	3.053e3
1228.2	3.237e3
1228.9	5.090e2
1229.5	3.058e3
1230.2	1.021e3
1230.9	2.251e3
1231.8	2.309e3
1232.4	6.160e2
1233.2	2.930e3
1233.7	1.250e2
1234.2	3.105e3
1234.7	1.120e2
1235.3	3.001e3
1235.9	3.390e2
1236.4	2.435e3
1237.0	2.050e2
1237.6	2.192e3
1238.3	4.070e2
1238.9	3.119e3
1239.6	3.940e2
1240.2	3.980e3
1240.7	2.900e1
1241.3	2.867e3
1242.2	2.405e3
1243.1	2.373e3
1244.0	3.634e3
1244.8	2.156e3
1245.4	2.160e2
1246.1	2.697e3
1246.9	9.550e2
1247.7	2.623e3
1248.2	9.600e1
1248.7	3.203e3
1249.7	2.079e3
1250.6	1.667e3
1251.4	2.060e3
1252.2	1.466e3
1252.9	2.683e3
1253.6	1.135e3
1254.2	2.486e3
1255.2	2.776e3
1256.1	2.558e3
1256.7	4.760e2
1257.3	3.169e3
1258.3	2.272e3
1259.1	1.494e3
1260.1	2.751e3
1261.0	1.738e3
1261.8	2.680e3
1262.5	4.730e2
1263.1	2.954e3
1264.1	3.243e3
1264.8	1.059e3
1265.5	3.670e3
1266.0	4.200e1
1266.6	3.093e3
1267.2	5.820e2
1267.9	1.871e3
1268.5	7.250e2
1269.2	4.609e3
1270.2	2.328e3
1271.1	1.875e3
1271.9	2.579e3
1272.9	1.337e3
1273.7	2.178e3
1274.3	3.670e2
1274.9	1.672e3
1275.8	3.433e3
1276.3	2.200e1
1276.8	2.363e3
1277.6	1.561e3
1278.3	4.620e2
1278.8	3.108e3
1279.5	3.290e2
1280.2	1.907e3
1280.7	2.500e1
1281.2	2.243e3
1281.7	2.600e1
1282.3	3.425e3
1282.8	2.260e2
1283.4	2.429e3
1284.2	1.003e3
1285.0	2.524e3
1285.9	3.449e3
1286.9	2.796e3
1287.6	7.220e2
1288.3	2.710e3
1289.2	3.181e3
1290.0	8.520e2
1290.7	3.665e3
1291.4	4.610e2
1292.1	3.024e3
1292.7	4.340e2
1293.2	2.583e3
1293.9	5.000e0
1294.4	1.904e3
1295.3	2.266e3
1295.8	7.100e1
1296.4	1.566e3
1297.3	3.101e3
1298.0	1.301e3
1298.8	3.330e3
1299.8	2.349e3
1300.5	9.590e2
1301.2	2.081e3
1302.1	1.904e3
1302.7	3.320e2
1303.3	3.428e3
1304.2	2.204e3
1304.9	4.990e2
1305.6	2.199e3
1306.3	4.590e2
1306.9	2.622e3
1307.6	1.339e3
1308.4	2.593e3
1309.4	2.616e3
1310.2	9.490e2
1311.0	2.420e3
1311.7	2.072e3
1312.4	6.460e2
1313.0	2.922e3
1314.1	2.652e3
1314.8	6.770e2
1315.5	2.257e3
1316.1	4.500e1
1316.6	2.731e3
1317.4	1.215e3
1318.1	2.645e3
1318.6	1.580e2
1319.2	1.944e3
1319.7	5.400e1
1320.2	2.168e3
1321.0	1.555e3
1322.0	1.836e3
1322.6	2.610e2
1323.1	2.915e3
1324.0	2.159e3
1324.9	3.071e3
1325.5	1.700e1
1326.0	2.582e3
1326.8	1.592e3
1327.7	1.978e3
1328.7	1.921e3
1329.6	1.616e3
1330.5	2.038e3
1331.1	3.520e2
1331.7	2.222e3
1332.2	3.440e2
1332.8	1.999e3
1333.4	3.400e1
1333.9	2.569e3
1334.5	1.450e2
1335.0	2.824e3
1335.8	1.658e3
1336.7	3.640e3
1337.6	3.490e3
1338.4	9.960e2
1339.0	2.479e3
1339.9	2.025e3
1340.7	1.223e3
1341.7	2.224e3
1342.6	2.459e3
1343.2	1.310e2
1343.7	3.698e3
1344.2	5.500e1
1344.7	2.319e3
1345.4	8.990e2
1346.0	3.293e3
1346.7	4.290e2
1347.4	3.578e3
1347.9	1.470e2
1348.5	2.478e3
1349.3	1.384e3
1350.1	2.778e3
1350.7	6.540e2
1351.4	2.357e3
1352.0	7.400e1
1352.5	2.515e3
1353.2	1.129e3
1353.9	3.006e3
1354.4	1.710e2
1355.0	2.507e3
1355.9	1.321e3
1356.6	2.597e3
1357.6	2.491e3
1358.5	3.253e3
1359.3	1.715e3
1360.2	2.729e3
1360.8	3.400e1
1361.3	2.732e3
1361.9	9.010e2
1362.7	2.400e3
1363.6	2.466e3
1364.5	2.793e3
1365.0	7.200e1
1365.6	3.236e3
1366.4	2.571e3
1367.2	3.285e3
1368.2	3.039e3
1369.0	1.538e3
1370.0	2.568e3
1371.0	2.589e3
1371.8	1.148e3
1372.7	2.645e3
1373.3	2.510e2
1373.9	3.544e3
1374.7	2.441e3
1375.4	7.080e2
1376.1	3.377e3
1377.0	3.019e3
1377.6	4.000e1
1378.1	3.237e3
1379.0	2.344e3
1379.9	1.689e3
1380.7	2.730e3
1381.7	2.430e3
1382.5	1.022e3
1383.3	2.932e3
1383.8	3.300e1
1384.4	2.549e3
1385.2	9.730e2
1386.0	3.006e3
1386.5	1.480e2
1387.0	3.141e3
1387.9	1.802e3
1388.8	3.630e3
1389.5	7.770e2
1390.2	3.007e3
1390.8	2.190e2
1391.3	2.276e3
1391.9	1.780e2
1392.5	3.022e3
1393.1	2.130e2
1393.6	2.438e3
1394.5	1.544e3
1395.2	6.340e2
1395.9	2.277e3
1396.5	4.400e2
1397.1	2.207e3
1398.1	1.115e3
1398.9	3.157e3
1400.0	2.826e3
1400.8	2.385e3
1401.3	7.900e1
1401.9	2.483e3
1402.5	7.440e2
1403.3	1.910e3
1404.2	3.034e3
1404.8	2.340e2
1405.4	2.870e3
1406.3	2.010e3
1406.9	7.400e1
1407.5	3.569e3
1408.0	5.200e1
1408.6	2.121e3
1409.2	4.050e2
1409.8	3.615e3
1410.5	3.970e2
1411.1	2.015e3
1412.0	2.879e3
1413.0	2.171e3
1413.6	2.430e2
1414.2	3.247e3
1415.2	1.730e3
1416.0	1.386e3
1416.7	7.030e2
1417.4	2.955e3
1418.1	2.800e2
1418.6	2.253e3
1419.6	3.086e3
1420.6	2.071e3
1421.3	9.760e2
1422.0	2.630e3
1422.5	4.400e1
1423.0	2.681e3
1423.9	2.119e3
1424.5	8.700e2
1425.4	1.855e3
1426.1	1.643e3
1426.9	1.889e3
1427.8	7.960e2
1428.6	2.483e3
1429.5	2.778e3
1430.4	1.777e3
1431.3	3.229e3
1432.3	1.798e3
1433.2	2.942e3
1433.9	1.388e3
1434.6	3.190e3
1435.3	1.111e3
1436.1	1.942e3
1437.0	1.666e3
1437.6	9.490e2
1438.3	2.231e3
1439.1	1.420e3
1440.0	1.515e3
1440.9	2.583e3
1441.8	7.860e2
1442.5	2.343e3
1443.2	1.600e2
1443.8	2.811e3
1444.5	1.218e3
1445.3	3.215e3
1446.2	2.967e3
1446.9	8.680e2
1447.5	2.758e3
1448.2	5.650e2
1448.8	1.971e3
1449.6	2.835e3
1450.5	1.347e3
1451.4	2.518e3
1452.3	9.930e2
1453.0	1.827e3
1453.9	2.711e3
1454.6	6.300e2
1455.4	3.465e3
1456.0	4.690e2
1456.6	1.792e3
1457.5	3.027e3
1458.1	3.200e1
1458.7	2.988e3
1459.2	2.000e2
1459.9	2.177e3
1460.5	1.040e2
1461.0	2.449e3
1461.6	2.390e2
1462.2	1.862e3
1463.2	3.579e3
1463.7	2.400e1
1464.3	2.353e3
1465.3	1.846e3
1466.1	1.607e3
1466.7	7.900e1
1467.2	1.845e3
1467.8	3.510e2
1468.5	1.975e3
1469.1	1.510e2
1469.6	3.065e3
1470.5	1.840e3
1471.5	2.043e3
1472.3	1.871e3
1473.3	2.417e3
1474.1	1.421e3
1474.9	1.961e3
1475.8	2.364e3
1476.6	2.360e3
1477.3	3.670e2
1477.9	2.414e3
1478.9	1.584e3
1479.7	2.749e3
1480.4	1.224e3
1481.1	2.779e3
1482.2	2.579e3
1483.2	2.452e3
1484.0	1.087e3
1484.8	2.135e3
1485.4	8.530e2
1486.1	2.728e3
1486.7	4.300e1
1487.2	1.633e3
1487.8	1.240e2
1488.3	3.365e3
1489.2	1.952e3
1489.9	4.500e2
1490.5	2.842e3
1491.4	1.528e3
1492.2	2.018e3
1492.9	3.760e2
1493.4	3.177e3
1494.3	1.102e3
1495.0	2.171e3
1495.6	8.300e1
1496.2	2.146e3
1497.0	1.989e3
1497.7	1.153e3
1498.5	2.277e3
1499.0	4.700e1
1499.5	3.377e3
1500.2	7.800e2
1501.0	2.298e3
1501.7	1.720e2
1502.3	2.010e3
1503.1	7.410e2
1503.8	1.993e3
1504.4	1.240e2
1505.0	2.192e3
1505.5	4.000e0
1506.1	2.697e3
1506.9	8.680e2
1507.6	2.746e3
1508.5	2.306e3
1509.1	2.180e2
1509.7	1.838e3
1510.6	2.181e3
1511.3	3.900e2
1511.9	1.984e3
1512.5	1.480e2
1513.0	2.074e3
1513.6	1.610e2
1514.2	3.322e3
1515.1	2.521e3
1516.1	2.250e3
1516.7	3.080e2
1517.3	2.145e3
1518.2	2.063e3
1519.0	2.901e3
1519.6	1.200e1
1520.2	2.915e3
1521.1	1.181e3
1521.9	2.295e3
1522.7	8.660e2
1523.4	3.071e3
1524.2	6.800e2
1525.2	2.638e3
1525.9	6.490e2
1526.6	1.583e3
1527.4	2.045e3
1528.0	9.000e0
1528.5	2.478e3
1529.0	1.580e2
1529.6	2.215e3
1530.2	5.760e2
1530.9	2.543e3
1531.4	4.000e1
1531.9	1.574e3
1532.8	3.389e3
1533.7	1.924e3
1534.6	9.170e2
1535.2	2.470e2
1535.8	1.769e3
1536.4	1.950e2
1537.0	2.481e3
1538.0	1.712e3
1538.6	2.210e2
1539.1	1.437e3
1540.0	2.416e3
1540.6	3.810e2
1541.2	2.404e3
1541.8	5.100e1
1542.3	1.752e3
1542.8	6.200e1
1543.4	2.138e3
1544.4	2.762e3
1545.4	8.850e2
1546.2	2.365e3
1547.2	1.246e3
1548.1	2.369e3
1548.6	9.000e0
1549.1	1.413e3
1549.8	4.190e2
1550.4	1.741e3
1551.4	3.652e3
1552.4	1.445e3
1553.0	1.530e2
1553.7	2.312e3
1554.5	1.281e3
1555.2	2.247e3
1555.8	2.100e2
1556.4	1.754e3
1557.4	1.622e3
1558.2	1.832e3
1559.2	2.235e3
1560.0	8.780e2
1560.8	1.732e3
1561.8	2.416e3
1562.3	1.100e1
1562.8	2.022e3
1563.4	2.350e2
1564.0	2.100e3
1564.6	2.290e2
1565.2	2.170e3
1566.2	1.990e3
1567.1	2.013e3
1567.6	2.180e2
1568.2	3.166e3
1569.1	2.039e3
1570.0	1.154e3
1570.8	2.781e3
1571.3	1.000e2
1571.8	1.436e3
1572.7	3.265e3
1573.5	1.280e3
1574.3	2.411e3
1575.1	1.244e3
1575.9	2.353e3
1576.6	2.180e2
1577.2	1.557e3
1578.2	2.203e3
1578.9	4.940e2
1579.6	1.262e3
1580.2	9.700e1
1580.8	2.252e3
1581.3	1.700e1
1581.9	1.771e3
1582.8	2.393e3
1583.7	2.056e3
1584.2	4.400e1
1584.7	1.879e3
1585.6	1.035e3
1586.2	2.824e3
1586.9	1.143e3
1587.7	2.833e3
1588.3	7.610e2
1589.1	1.003e3
1589.9	2.092e3
1590.4	1.110e2
1591.0	2.128e3
1591.9	2.536e3
1592.5	3.410e2
1593.1	2.131e3
1594.1	1.711e3
1595.0	1.856e3
1595.6	1.730e2
1596.1	1.999e3
1596.7	5.900e1
1597.2	2.065e3
1597.7	1.100e2
1598.4	1.682e3
1599.4	3.111e3
1600.1	5.890e2
1600.9	2.213e3
1601.6	5.020e2
1602.3	2.238e3
1603.3	1.216e3
1604.1	1.876e3
1604.8	8.250e2
1605.4	1.824e3
1606.0	1.150e2
1606.5	1.536e3
1607.1	3.040e2
1607.7	1.329e3
1608.6	1.552e3
1609.2	2.580e2
1609.8	2.655e3
1610.4	4.890e2
1611.0	2.744e3
1611.7	1.087e3
1612.6	1.678e3
1613.5	1.930e3
1614.1	9.400e1
1614.7	2.014e3
1615.2	5.800e1
1615.8	1.031e3
1616.7	1.472e3
1617.3	2.870e2
1618.0	2.210e3
1618.7	8.100e2
1619.4	1.823e3
1620.2	6.660e2
1620.9	1.008e3
1621.7	1.020e3
1622.4	1.987e3
1623.5	2.586e3
1624.5	1.546e3
1625.4	2.229e3
1626.2	6.980e2
1627.1	2.451e3
1627.9	8.040e2
1628.7	1.967e3
1629.4	1.950e3
1630.1	5.610e2
1630.8	1.949e3
1631.7	1.412e3
1632.5	1.466e3
1633.5	2.297e3
1634.5	2.166e3
1635.0	4.600e1
1635.5	1.349e3
1636.5	3.539e3
1637.1	1.850e2
1637.9	2.624e3
1638.5	5.760e2
1639.0	2.479e3
1639.7	5.340e2
1640.5	2.075e3
1641.3	1.303e3
1641.9	3.300e2
1642.6	2.310e3
1643.7	7.490e2
1644.6	2.410e3
1645.4	1.212e3
1646.1	1.321e3
1646.8	3.340e2
1647.4	1.980e3
1648.0	3.800e1
1648.5	1.761e3
1649.1	1.800e2
1649.7	2.768e3
1650.5	9.910e2
1651.1	3.780e2
1651.7	1.630e3
1652.6	2.315e3
1653.2	8.200e1
1653.7	1.686e3
1654.6	2.909e3
1655.2	2.500e2
1655.9	1.594e3
1656.4	1.700e2
1656.9	1.034e3
1657.7	1.056e3
1658.7	1.160e3
1659.2	5.000e1
1659.8	2.157e3
1660.7	1.247e3
1661.4	9.530e2
1662.1	1.818e3
1663.1	2.189e3
1663.9	1.097e3
1664.6	3.530e2
1665.2	1.790e3
1666.0	6.750e2
1666.6	2.306e3
1667.6	1.028e3
1668.5	1.985e3
1669.3	2.410e2
1670.0	2.424e3
1670.9	1.345e3
1671.7	2.246e3
1672.6	1.577e3
1673.3	8.860e2
1674.0	1.481e3
1674.7	1.870e2
1675.2	1.627e3
1676.4	1.452e3
1677.2	1.910e3
1678.2	2.774e3
1678.9	1.049e3
1679.8	2.558e3
1680.6	1.113e3
1681.4	1.574e3
1682.1	6.110e2
1682.9	1.681e3
1683.6	8.740e2
1684.3	1.704e3
1685.3	2.518e3
1686.2	1.532e3
1687.1	1.923e3
1688.0	2.250e3
1688.9	1.643e3
1689.8	1.182e3
1690.5	4.660e2
1691.2	1.510e3
1692.2	1.013e3
1692.9	1.666e3
1693.5	2.390e2
1694.1	1.811e3
1694.7	4.500e1
1695.3	2.128e3
1696.1	7.150e2
1696.9	1.757e3
1697.4	1.300e1
1697.9	1.826e3
1698.8	1.123e3
1699.7	2.639e3
1700.5	1.716e3
1701.2	6.100e1
1701.9	1.335e3
1702.8	1.378e3
1703.7	1.394e3
1704.6	1.559e3
1705.5	1.825e3
1706.2	3.970e2
1706.9	1.879e3
1707.4	2.470e2
1708.1	1.577e3
1709.0	1.356e3
1709.8	2.199e3
1710.7	9.910e2
1711.3	1.670e2
1711.9	1.429e3
1712.9	2.231e3
1713.4	4.400e1
1714.0	1.881e3
1714.9	1.499e3
1715.7	2.018e3
1716.5	1.489e3
1717.6	1.648e3
1718.4	3.180e2
1719.4	2.514e3
1720.3	2.125e3
1721.3	1.756e3
1722.2	1.181e3
1723.1	7.090e2
1723.9	2.112e3
1724.4	5.500e1
1725.0	1.983e3
1726.0	1.042e3
1726.5	5.600e1
1727.0	2.383e3
1727.9	1.304e3
1728.4	9.000e0
1728.9	1.206e3
1729.9	1.037e3
1730.8	1.418e3
1731.6	1.025e3
1732.4	7.550e2
1733.3	1.560e3
1734.0	3.280e2
1734.7	2.715e3
1735.6	6.530e2
1736.3	2.160e2
1737.1	1.901e3
1738.0	1.137e3
1738.9	2.014e3
1739.6	4.340e2
1740.1	2.320e3
1740.8	4.720e2
1741.5	1.386e3
1742.6	1.341e3
1743.5	1.499e3
1744.1	1.910e2
1744.7	2.662e3
1745.2	1.980e2
1745.7	2.044e3
1746.3	8.200e1
1746.9	1.699e3
1747.7	2.162e3
1748.4	2.370e2
1749.1	2.035e3
1749.9	9.410e2
1750.7	1.759e3
1751.7	1.921e3
1752.3	2.680e2
1752.9	1.440e3
1753.8	1.792e3
1754.4	3.500e1
1754.9	1.981e3
1755.5	1.140e2
1756.0	2.007e3
1757.0	1.469e3
1758.0	1.621e3
1758.8	1.323e3
1759.8	1.400e3
1760.7	2.169e3
1761.4	5.130e2
1762.1	1.755e3
1763.1	2.085e3
1764.0	4.740e2
1764.7	2.330e3
1765.4	1.006e3
1766.2	2.578e3
1766.9	9.400e2
1767.8	2.407e3
1768.5	8.700e2
1769.2	1.288e3
1770.2	2.035e3
1770.8	4.040e2
1771.4	1.773e3
1772.1	8.900e1
1772.7	1.047e3
1773.5	8.880e2
1774.4	1.778e3
1775.2	7.060e2
1776.0	1.647e3
1776.6	8.200e1
1777.1	1.753e3
1778.0	1.710e3
1778.6	2.130e2
1779.2	2.465e3
1780.0	2.540e2
1780.6	2.034e3
1781.5	9.580e2
1782.4	2.037e3
1782.9	7.000e1
1783.5	1.833e3
1784.4	6.830e2
1785.1	7.280e2
1785.8	1.560e3
1786.8	2.172e3
1787.6	1.344e3
1788.4	6.610e2
1789.3	1.813e3
1790.2	1.508e3
1791.1	1.718e3
1791.7	1.450e2
1792.3	1.523e3
1793.2	8.750e2
1793.9	1.418e3
1794.5	1.630e2
1795.2	1.539e3
1796.2	1.655e3
1797.2	1.575e3
1798.1	7.880e2
1799.1	1.436e3
1800.0	2.106e3
1800.7	3.430e2
1801.4	1.489e3
1802.1	4.160e2
1802.9	1.663e3
1803.5	1.070e2
1804.1	1.951e3
1804.9	6.730e2
1805.7	1.572e3
1806.4	4.990e2
1807.4	1.614e3
1808.0	1.250e2
1808.6	1.853e3
1809.4	1.036e3
1810.1	1.704e3
1810.9	7.290e2
1811.8	2.064e3
1812.5	3.380e2
1813.1	2.081e3
1813.7	3.060e2
1814.2	1.993e3
1815.0	5.230e2
1816.0	1.985e3
1816.8	1.690e2
1817.4	2.191e3
1817.9	1.440e2
1818.5	2.149e3
1819.2	3.250e2
1819.8	8.140e2
1820.7	1.759e3
1821.7	1.674e3
1822.3	1.850e2
1823.0	1.997e3
1823.7	4.970e2
1824.2	1.786e3
1825.2	1.156e3
1826.0	7.770e2
1826.9	2.004e3
1827.5	1.120e2
1828.0	1.592e3
1828.9	1.533e3
1829.6	4.380e2
1830.4	1.168e3
1831.2	6.190e2
1832.0	8.790e2
1832.8	1.697e3
1833.8	7.140e2
1834.6	1.356e3
1835.2	7.900e1
1835.7	1.480e3
1836.5	3.440e2
1837.3	1.103e3
1838.2	1.756e3
1838.8	1.250e2
1839.4	1.184e3
1840.2	6.150e2
1840.9	1.306e3
1841.5	8.800e1
1842.0	1.796e3
1842.6	1.960e2
1843.2	7.740e2
1843.9	1.135e3
1844.8	1.900e2
1845.5	1.337e3
1846.0	2.670e2
1846.5	1.216e3
1847.1	2.010e2
1847.7	1.504e3
1848.4	4.960e2
1849.1	1.570e3
1849.6	4.000e0
1850.1	1.110e3
1851.1	1.899e3
1851.9	7.740e2
1852.8	1.150e3
1853.4	6.000e0
1853.9	1.657e3
1854.7	1.456e3
1855.2	9.000e0
1855.7	1.435e3
1856.3	1.570e2
1856.9	1.241e3
1857.9	1.761e3
1858.6	3.030e2
1859.3	1.853e3
1860.2	1.405e3
1860.8	2.160e2
1861.4	1.483e3
1862.1	2.870e2
1862.6	9.880e2
1863.3	1.570e2
1863.9	1.759e3
1864.6	2.840e2
1865.5	9.160e2
1866.1	3.700e2
1866.9	6.110e2
1867.6	1.421e3
1868.7	1.412e3
1869.5	5.380e2
1870.4	9.740e2
1871.1	1.453e3
1871.8	1.180e2
1872.3	1.751e3
1873.0	4.970e2
1873.8	1.637e3
1874.4	7.800e1
1874.9	1.440e3
1875.9	1.218e3
1876.9	6.260e2
1877.8	1.199e3
1878.4	2.380e2
1879.1	2.156e3
1880.0	6.620e2
1880.8	1.572e3
1881.8	1.622e3
1882.3	9.400e1
1883.1	1.291e3
1883.7	1.300e2
1884.3	1.618e3
1885.3	1.322e3
1886.3	1.651e3
1887.1	9.310e2
1887.9	1.038e3
1888.6	4.090e2
1889.3	8.870e2
1890.1	1.562e3
1890.6	1.570e2
1891.2	1.023e3
1891.8	5.900e1
1892.4	1.866e3
1892.9	1.740e2
1893.5	1.651e3
1894.0	9.000e0
1894.5	1.016e3
1895.3	2.034e3
1896.3	1.083e3
1897.0	4.000e1
1897.6	2.525e3
1898.3	1.520e2
1899.0	1.252e3
1899.9	8.670e2
1900.7	1.633e3
1901.6	1.237e3
1902.6	1.260e3
1903.4	6.630e2
1904.2	2.183e3
1904.9	3.470e2
1905.9	1.758e3
1906.5	4.570e2
1907.2	1.189e3
1908.4	1.643e3
1909.3	1.073e3
1909.9	3.900e1
1910.4	1.331e3
1911.1	2.530e2
1912.0	1.308e3
1913.0	2.425e3
1913.9	1.248e3
1914.8	7.300e2
1915.3	3.000e1
1915.8	2.112e3
1916.4	2.340e2
1917.1	9.390e2
1917.7	1.800e1
1918.2	6.540e2
1918.9	2.810e2
1919.6	1.885e3
1920.7	1.021e3
1921.5	1.019e3
1922.5	1.008e3
1923.4	1.890e3
1924.0	1.660e2
1924.7	1.029e3
1925.5	1.360e2
1926.1	8.810e2
1926.8	4.500e2
1927.6	1.207e3
1928.4	1.339e3
1929.4	8.320e2
1930.3	6.860e2
1931.0	1.231e3
1932.0	1.864e3
1932.5	1.700e1
1933.0	1.855e3
1933.8	5.670e2
1934.5	1.190e3
1935.4	6.080e2
1936.1	1.861e3
1936.9	5.320e2
1937.7	8.930e2
1938.5	4.910e2
1939.5	3.070e2
1940.3	8.660e2
1941.1	5.850e2
1942.0	8.810e2
1942.9	1.512e3
1943.5	2.050e2
1944.1	1.271e3
1945.1	1.332e3
1945.8	3.770e2
1946.7	1.578e3
1947.7	1.473e3
1948.7	1.212e3
1949.7	1.305e3
1950.6	1.972e3
1951.4	4.720e2
1952.1	8.890e2
1952.9	8.000e2
1953.6	1.318e3
1954.3	5.990e2
1955.4	1.087e3
1956.1	2.850e2
1956.7	1.347e3
1957.6	2.810e2
1958.2	1.170e2
1958.8	9.290e2
1959.7	1.920e3
1960.4	3.900e1
1961.0	7.670e2
1961.9	1.249e3
1962.9	1.252e3
1963.8	4.020e2
1964.5	1.298e3
1965.4	1.224e3
1966.4	1.409e3
1966.9	4.000e1
1967.5	7.460e2
1968.4	1.607e3
1969.1	5.930e2
1969.9	1.227e3
1970.7	8.850e2
1971.3	1.300e2
1971.9	3.370e2
1973.1	8.060e2
1973.8	1.061e3
1974.7	8.280e2
1975.4	1.389e3
1976.1	2.190e2
1976.7	7.600e2
1977.6	1.331e3
1978.6	2.450e2
1979.4	1.568e3
1980.1	7.750e2
1981.0	1.336e3
1981.8	1.116e3
1982.4	8.000e1
1983.0	1.543e3
1983.8	3.840e2
1984.8	9.790e2
1985.7	9.830e2
1986.8	6.830e2
1987.4	8.100e1
1988.1	1.429e3
1988.7	1.270e2
1989.4	1.782e3
1989.9	5.100e1
1990.5	1.414e3
1991.3	7.570e2
1992.1	4.820e2
1992.9	1.594e3
1993.5	1.670e2
1994.1	4.280e2
1995.0	1.014e3
1995.9	7.770e2
1996.8	5.060e2
1997.7	1.195e3
1998.6	7.380e2
1999.5	6.540e2
2000.0	3.700e1
