100.2	2.400e2
101.0	1.434e4
102.0	4.685e3
102.9	7.877e3
103.5	1.750e2
104.1	9.630e2
105.0	1.167e4
106.1	8.360e2
106.9	5.540e2
108.2	1.050e2
109.0	8.010e2
110.2	4.090e2
111.0	5.056e3
112.2	6.270e2
113.0	4.067e4
114.0	2.337e3
115.0	5.145e3
116.0	2.714e3
117.0	4.563e4
117.9	5.148e3
118.5	3.340e2
119.1	7.255e3
120.0	1.512e3
121.0	4.550e2
121.6	4.500e1
122.2	6.430e2
124.1	4.630e2
125.1	1.158e3
126.0	1.096e3
127.1	1.952e3
128.1	1.674e3
129.1	1.906e4
130.0	4.090e3
131.1	6.471e3
132.3	5.420e2
133.1	1.071e4
134.2	1.510e3
135.1	1.763e4
136.0	1.733e3
137.0	5.862e3
138.1	1.601e3
139.1	9.330e2
140.2	2.040e2
141.0	4.330e2
141.9	2.270e2
143.0	2.006e3
144.1	2.716e3
145.1	3.132e3
146.0	9.336e3
147.1	2.785e4
148.1	2.375e3
149.1	1.310e3
150.2	3.830e2
151.0	2.010e2
152.1	7.750e2
153.1	1.837e3
154.0	2.213e3
155.1	1.535e3
156.0	2.972e3
157.1	5.704e3
157.9	1.116e3
158.6	3.300e1
159.1	3.034e3
159.9	4.120e2
161.1	5.753e3
162.0	1.355e3
162.6	1.420e2
163.1	8.211e3
164.0	1.098e3
165.0	6.674e3
166.0	5.340e2
167.1	1.031e3
168.2	5.180e2
169.3	1.014e3
170.3	4.170e2
171.1	2.951e3
172.0	2.343e3
173.1	3.047e3
174.1	1.075e3
175.0	2.792e4
176.0	1.736e3
177.0	1.502e4
178.0	1.268e3
179.0	6.173e3
180.0	1.025e3
181.0	8.778e3
182.0	1.843e3
183.1	1.704e3
184.1	1.607e3
184.9	4.254e3
185.5	1.870e2
186.1	2.351e3
187.0	3.641e3
188.1	3.029e3
189.0	1.698e3
189.8	6.240e2
191.0	3.039e4
192.1	4.407e3
193.2	2.825e3
194.1	1.817e3
195.1	2.561e4
195.9	3.014e4
196.4	6.800e1
197.1	7.094e3
197.9	3.380e4
198.4	8.700e1
199.0	4.970e3
199.9	1.699e4
200.4	2.780e2
201.0	4.871e3
202.0	3.741e3
203.1	1.737e3
203.9	1.894e3
204.6	1.200e1
205.1	1.797e3
206.1	1.435e3
207.1	3.648e3
208.1	8.881e3
209.1	5.244e3
210.2	1.788e3
211.2	2.105e3
212.2	2.903e4
213.1	8.215e3
214.1	1.649e3
215.1	2.324e3
215.6	5.900e1
216.2	2.676e3
217.0	1.227e4
218.0	1.551e3
219.0	2.071e3
220.0	2.450e3
221.0	2.693e3
222.0	3.771e3
223.0	1.579e3
223.9	2.518e3
225.0	2.649e3
226.0	7.300e2
227.0	2.713e3
228.0	1.308e3
228.6	6.400e1
229.1	5.310e3
230.0	1.961e3
230.5	4.400e1
231.1	3.095e3
232.0	4.329e3
233.1	5.730e3
234.1	2.916e3
235.0	1.706e3
236.1	1.301e4
237.0	1.321e3
237.5	3.200e1
238.1	2.293e3
239.2	1.357e3
240.0	1.803e4
241.0	3.371e3
241.9	4.820e3
243.0	6.834e3
243.6	3.790e2
244.1	1.938e3
245.1	2.914e3
246.0	2.003e3
247.1	3.854e3
248.0	1.346e3
249.1	9.820e3
250.2	1.185e3
250.8	1.950e2
251.3	3.456e3
252.0	8.430e2
253.1	7.880e2
254.0	9.840e2
254.6	1.200e1
255.1	1.972e3
256.0	2.103e3
257.0	3.021e3
257.6	1.400e1
258.1	1.977e3
259.0	3.811e3
260.1	2.220e3
261.1	2.077e3
262.0	1.756e3
263.0	4.704e3
263.9	9.080e2
264.5	1.200e1
265.1	6.548e3
265.6	1.670e2
266.2	1.711e3
267.0	1.107e3
267.9	1.185e3
269.1	3.910e3
270.0	1.302e3
270.9	5.900e2
271.8	1.509e3
272.4	4.880e2
273.2	1.819e3
274.1	1.572e3
275.1	2.913e3
276.1	3.028e3
276.6	8.700e1
277.1	2.368e3
277.8	1.400e2
278.3	1.465e3
279.2	1.419e3
280.1	2.420e3
281.0	6.237e3
282.1	2.131e3
283.1	1.114e3
284.0	2.395e3
285.1	1.596e3
286.0	1.639e3
287.2	1.377e3
288.1	1.162e3
289.1	3.363e3
290.0	5.822e3
291.1	4.430e3
292.0	3.725e3
293.0	3.022e3
293.6	2.400e1
294.2	1.310e3
295.1	3.589e3
296.0	1.956e3
297.0	3.628e3
298.1	1.298e3
299.1	2.410e3
299.9	2.632e3
300.9	8.810e2
301.9	7.810e2
302.4	9.700e1
303.1	1.603e3
304.1	2.301e3
305.0	7.849e3
306.0	2.525e3
307.2	2.478e3
308.1	4.275e3
309.2	3.530e3
310.2	1.728e3
311.0	6.054e3
312.1	2.108e3
313.1	4.806e3
314.1	1.744e3
315.1	1.193e4
316.1	2.746e3
317.1	7.502e3
318.0	2.060e3
319.2	4.264e3
320.0	1.946e3
321.1	4.729e3
322.0	9.870e2
323.0	4.137e3
324.1	9.990e3
325.0	4.790e3
325.6	1.530e2
326.1	1.617e3
327.2	4.602e3
328.0	2.005e3
329.0	2.468e3
330.0	1.228e3
331.0	7.883e3
332.1	2.583e3
333.0	5.392e3
333.6	1.120e2
334.1	3.238e3
335.1	1.812e3
335.9	3.465e3
336.5	8.800e1
337.0	7.843e3
338.1	1.945e3
338.7	2.160e2
339.2	1.896e3
340.0	2.951e3
340.7	6.340e2
341.3	2.224e4
342.3	5.332e3
343.1	4.733e3
344.0	1.119e3
345.0	1.732e3
345.8	4.294e3
346.4	9.700e1
347.1	2.431e3
348.0	2.056e3
349.0	7.644e3
350.1	1.058e3
351.0	2.912e3
352.1	1.752e3
353.1	9.724e3
353.7	1.150e2
354.2	1.397e3
355.0	3.980e3
355.6	7.100e1
356.1	7.830e2
357.0	3.436e3
358.0	2.179e3
359.0	2.040e3
360.0	3.093e3
360.5	1.040e2
361.1	8.440e2
361.9	1.159e3
362.9	3.276e3
364.0	1.906e3
365.0	3.211e3
366.1	3.559e3
366.9	5.440e2
367.9	2.246e3
368.6	2.060e2
369.1	2.401e3
369.9	5.320e2
370.6	1.882e3
371.3	2.020e2
372.0	2.389e3
373.1	2.843e3
373.9	1.271e3
375.0	2.037e3
376.0	3.960e3
376.6	2.960e2
377.3	1.573e3
378.1	3.208e3
379.1	4.168e3
380.0	2.116e3
381.0	1.591e3
381.8	2.537e3
382.7	7.640e2
383.4	3.236e3
384.2	1.184e3
385.1	3.256e3
386.0	2.069e3
386.6	1.200e1
387.1	2.501e3
388.1	1.754e3
389.2	2.165e3
389.7	1.630e2
390.3	3.125e3
391.2	2.201e3
392.1	2.144e3
393.1	1.829e3
394.0	1.390e3
394.8	4.710e2
395.4	3.745e3
396.1	1.567e3
397.1	2.823e3
398.0	2.373e3
399.2	3.771e3
400.1	1.150e3
401.0	3.271e3
401.6	2.660e2
402.1	2.216e3
403.1	1.131e3
404.1	2.089e3
405.0	1.275e3
406.0	1.105e3
407.0	2.890e3
408.0	1.979e3
409.0	1.701e3
409.9	2.996e3
410.5	4.100e2
411.1	2.870e3
412.1	1.770e3
413.0	2.430e3
413.9	1.419e3
415.0	3.472e3
415.9	1.945e3
416.7	1.340e2
417.2	4.674e3
417.9	1.331e3
419.0	2.140e3
419.5	1.630e2
420.2	1.110e3
421.0	5.213e3
422.0	1.958e3
422.5	2.200e1
423.1	2.315e3
424.0	1.391e3
424.6	7.100e1
425.1	3.080e3
426.0	2.012e3
427.0	2.929e3
427.9	1.916e3
428.4	2.280e2
429.0	4.753e3
430.0	1.552e3
430.6	6.300e1
431.2	3.674e3
432.0	2.036e3
433.0	5.443e3
433.5	1.820e2
434.1	1.791e3
435.1	3.246e3
436.0	1.266e3
436.5	1.160e2
437.0	2.501e3
437.6	3.960e2
438.3	1.459e3
439.2	2.326e3
440.1	2.862e3
441.1	3.337e3
442.2	1.731e3
442.8	9.400e1
443.3	8.880e2
444.0	9.934e3
445.0	3.367e3
445.9	2.072e3
447.1	4.300e3
448.0	3.448e3
449.0	3.332e3
450.1	3.530e3
451.0	4.990e3
452.1	1.267e3
453.0	3.708e3
453.6	2.020e2
454.2	1.500e3
454.9	2.259e3
455.8	3.180e2
456.5	3.225e3
457.2	2.094e3
458.0	1.198e3
458.6	1.370e2
459.1	2.919e3
460.0	2.316e3
461.0	2.986e3
462.1	2.001e3
463.0	3.195e3
463.6	9.100e1
464.1	2.490e3
465.0	2.620e3
466.0	4.028e3
467.0	5.672e3
468.0	1.079e3
469.0	3.063e3
469.6	1.890e2
470.1	2.873e3
471.2	3.725e3
472.1	1.738e3
473.1	1.809e3
474.0	3.079e3
475.0	3.145e3
476.0	3.228e3
477.0	3.494e3
478.0	3.289e3
478.9	1.824e3
480.1	3.287e3
480.7	1.810e2
481.2	2.493e3
482.1	1.117e3
483.0	2.452e3
483.5	2.010e2
484.1	2.392e3
485.1	3.915e3
486.0	4.021e3
487.1	2.254e3
488.1	2.509e3
488.6	1.800e2
489.1	2.551e3
489.9	2.819e3
490.9	3.382e3
492.0	8.560e2
493.1	2.655e3
493.9	4.272e3
495.0	1.484e3
495.9	3.285e3
497.0	3.163e3
497.9	1.444e3
498.4	9.900e1
498.9	3.017e3
499.7	1.015e3
500.5	2.350e2
501.1	5.652e3
502.1	1.099e3
503.0	2.667e3
503.9	1.154e3
504.8	1.541e3
505.5	3.907e3
506.2	9.720e2
507.1	2.452e3
508.1	2.292e3
509.1	3.451e3
510.1	3.125e3
510.9	1.424e3
512.0	2.683e3
512.5	5.200e1
513.1	1.491e3
514.0	2.341e3
514.7	1.760e2
515.3	3.601e3
516.2	1.033e3
517.1	6.553e3
518.0	2.768e3
518.5	1.130e2
519.1	4.662e3
520.0	3.334e3
521.0	2.745e3
521.9	1.624e3
522.5	2.340e2
523.1	8.750e2
524.0	2.050e3
524.9	2.904e3
525.8	3.545e3
526.9	2.048e3
527.7	5.890e2
528.4	3.004e3
529.1	2.464e3
529.8	1.899e3
530.3	5.100e1
530.9	3.323e3
531.9	2.556e3
532.4	1.050e2
533.0	4.370e3
533.5	1.970e2
534.2	2.340e3
535.0	4.094e3
535.8	1.363e3
536.5	3.103e3
537.2	1.873e3
537.9	4.355e3
538.9	2.871e3
539.5	4.000e1
540.0	2.163e3
541.0	2.717e3
542.0	2.775e3
542.8	2.798e3
543.7	3.513e3
544.3	1.780e2
544.9	3.805e3
545.9	1.909e3
546.4	3.400e2
547.1	3.008e3
548.2	2.634e3
549.1	4.529e3
550.0	9.070e2
551.1	3.502e3
551.9	1.992e3
553.1	2.477e3
554.1	2.152e3
555.0	3.395e3
555.6	1.240e2
556.2	1.774e3
557.1	2.236e3
557.9	1.376e3
558.8	1.917e3
559.5	7.100e1
560.1	1.630e3
560.9	2.150e3
561.9	1.852e3
562.6	2.450e2
563.1	3.591e3
564.0	5.012e3
564.9	2.889e3
565.4	3.900e1
566.0	1.143e3
566.8	2.109e3
567.5	6.830e2
568.1	2.399e3
569.1	3.457e3
570.1	1.502e3
571.1	2.766e3
572.0	1.681e3
573.1	3.757e3
574.0	3.497e3
574.5	1.980e2
575.0	2.845e3
575.9	2.209e3
576.9	3.621e3
578.0	1.866e3
578.9	2.982e3
579.6	7.660e2
580.2	4.697e3
581.0	1.682e3
582.0	3.309e3
582.9	1.690e3
583.9	3.102e3
584.5	9.590e2
585.1	5.493e3
585.6	1.000e2
586.1	2.259e3
586.9	5.470e3
587.6	5.430e2
588.2	2.215e3
589.1	2.530e3
589.9	1.550e3
590.5	1.610e2
591.0	1.736e3
592.1	2.077e3
593.1	3.143e3
594.0	4.120e2
594.7	2.604e3
595.2	6.020e2
595.7	2.218e3
596.3	1.310e2
596.8	3.404e3
597.9	2.456e3
598.5	5.600e1
599.0	2.952e3
599.8	2.201e3
600.5	3.710e2
601.1	4.175e3
601.7	5.200e2
602.3	2.664e3
603.1	1.164e3
603.9	4.990e2
604.5	1.248e3
605.3	8.400e2
606.1	2.852e3
606.7	3.590e2
607.2	3.248e3
608.0	1.394e3
608.9	1.686e3
609.9	2.633e3
610.8	3.355e3
611.6	4.880e2
612.3	3.218e3
613.1	1.199e3
614.1	2.235e3
615.1	1.190e3
616.1	1.799e3
617.1	3.180e3
618.0	1.169e3
618.9	2.659e3
619.7	1.079e3
620.6	2.156e3
621.4	1.257e3
622.3	3.082e3
623.1	7.670e2
623.7	2.429e3
624.7	2.331e3
625.3	2.520e2
625.9	1.327e3
626.5	2.179e3
627.1	4.200e2
627.9	1.799e3
629.0	1.713e3
629.8	8.690e2
630.4	1.200e1
630.9	1.618e3
631.9	1.689e3
632.8	2.939e3
633.7	2.159e3
634.2	3.420e2
634.8	2.282e3
635.5	5.560e2
636.1	2.308e3
637.1	3.483e3
637.7	1.620e2
638.2	1.231e3
639.1	1.977e3
639.9	2.911e3
641.0	3.130e3
642.0	1.698e3
642.9	1.960e3
643.7	1.220e2
644.4	1.582e3
645.1	9.620e2
646.0	1.717e3
646.9	3.075e3
647.6	2.185e3
648.3	2.570e2
648.9	3.140e3
649.8	2.030e2
650.3	2.458e3
651.1	1.587e3
652.1	1.242e3
653.1	3.186e3
654.1	2.131e3
655.1	2.508e3
655.6	1.100e2
656.2	2.706e3
657.0	1.562e3
657.7	2.724e3
658.4	1.660e2
659.1	4.186e3
660.0	1.603e3
661.0	1.391e3
661.6	2.110e2
662.1	4.527e3
662.7	9.500e1
663.4	2.474e3
664.2	8.590e2
664.8	2.362e3
665.8	2.404e3
666.8	1.205e3
667.5	2.299e3
668.4	4.200e2
669.2	4.834e3
670.0	1.033e3
670.9	1.768e3
671.7	3.741e3
672.3	7.300e1
673.0	3.199e3
673.9	2.270e3
675.2	3.227e3
676.1	1.703e3
676.6	4.600e1
677.1	2.031e3
678.1	2.335e3
679.1	3.520e3
680.0	2.065e3
680.8	4.138e3
681.4	2.350e2
682.1	1.400e3
683.0	3.353e3
684.0	1.450e3
684.7	2.235e3
685.5	3.410e3
686.5	1.880e2
687.1	2.923e3
688.1	1.515e3
689.0	9.860e2
689.7	2.371e3
690.3	8.100e1
690.8	2.406e3
691.3	7.200e1
691.9	2.969e3
692.8	3.536e3
693.8	1.838e3
694.5	7.450e2
695.2	2.383e3
696.3	2.608e3
697.2	4.510e3
698.1	1.266e3
698.9	2.223e3
699.9	3.334e3
700.9	2.887e3
701.5	2.840e2
702.1	2.280e3
702.6	1.070e2
703.2	2.146e3
704.0	7.570e2
705.0	2.416e3
705.9	1.185e3
706.5	4.800e1
707.0	1.736e3
707.6	6.000e1
708.1	1.812e3
709.0	2.392e3
709.9	2.571e3
710.8	6.140e2
711.5	4.532e3
712.5	1.747e3
713.0	1.730e2
713.5	2.081e3
714.6	3.941e3
715.3	1.129e3
716.0	1.393e3
716.7	1.730e3
717.3	1.040e2
717.9	3.863e3
718.5	1.360e2
719.2	3.838e3
720.2	2.337e3
721.1	2.554e3
721.7	4.900e2
722.3	3.153e3
723.1	2.230e3
723.6	1.660e2
724.1	2.502e3
725.1	8.630e2
726.0	1.347e3
726.8	1.676e3
727.5	1.300e2
728.1	2.145e3
728.9	4.128e3
730.0	2.266e3
730.8	1.643e3
731.3	9.200e1
731.9	2.432e3
732.8	2.440e3
733.7	2.910e3
734.5	6.020e2
735.3	2.114e3
736.2	2.678e3
736.9	3.270e3
738.0	1.930e3
738.6	9.300e1
739.1	3.483e3
740.1	2.102e3
740.7	5.910e2
741.4	2.150e3
741.9	8.500e1
742.6	2.795e3
743.2	5.970e2
744.0	6.120e2
744.6	3.146e3
745.7	2.969e3
746.6	1.081e3
747.2	1.400e2
747.9	1.687e3
748.5	3.660e2
749.1	1.123e3
749.9	2.369e3
750.8	4.890e2
751.7	1.139e3
752.4	2.760e2
753.1	3.613e3
753.7	7.210e2
754.5	2.796e3
755.3	9.960e2
756.0	2.847e3
756.5	7.000e1
757.0	2.452e3
757.6	1.020e2
758.1	2.403e3
758.8	6.750e2
759.5	1.600e3
760.5	9.360e2
761.2	2.386e3
762.0	7.270e2
762.9	3.519e3
763.9	2.210e3
764.8	1.205e3
765.6	3.034e3
766.2	4.290e2
766.8	9.560e2
767.5	2.820e3
768.2	5.440e2
769.0	2.339e3
769.6	2.460e2
770.1	1.674e3
771.0	3.416e3
771.9	2.256e3
773.0	1.007e3
773.6	1.200e1
774.3	3.059e3
775.1	1.188e3
776.1	1.239e3
777.0	1.735e3
777.7	3.049e3
778.9	2.880e3
779.8	7.650e2
780.6	1.667e3
781.4	5.780e2
782.1	1.205e3
782.7	1.480e2
783.2	2.154e3
784.3	2.133e3
785.0	1.269e3
785.7	1.334e3
786.6	2.861e3
787.2	2.400e1
787.7	1.462e3
788.5	4.990e2
789.1	2.400e3
789.8	9.460e2
790.8	2.354e3
792.0	1.936e3
792.8	1.117e3
793.6	1.816e3
794.6	6.820e2
795.5	2.307e3
796.2	9.630e2
797.0	6.000e2
797.9	2.012e3
799.0	2.432e3
800.0	1.503e3
800.7	1.165e3
801.5	2.240e3
802.2	1.039e3
803.0	1.072e3
803.9	2.596e3
804.5	1.200e1
805.1	2.748e3
805.9	1.609e3
806.8	9.100e2
807.5	1.540e2
808.3	2.513e3
808.9	3.320e2
809.5	1.991e3
810.2	5.680e2
810.9	2.037e3
812.0	1.314e3
812.8	2.160e3
813.5	4.320e2
814.0	1.506e3
815.0	1.328e3
815.9	1.136e3
816.5	7.310e2
817.2	3.691e3
817.9	1.115e3
818.7	2.246e3
819.5	3.100e2
820.1	1.333e3
821.0	4.562e3
821.6	3.280e2
822.2	1.552e3
823.0	2.515e3
823.8	1.655e3
824.6	3.104e3
825.3	1.248e3
825.9	1.878e3
826.9	3.067e3
827.8	8.880e2
828.7	1.063e3
829.4	2.793e3
830.3	1.921e3
831.0	1.000e2
831.5	2.716e3
832.4	2.477e3
833.3	1.745e3
834.2	6.980e2
835.1	1.699e3
835.6	3.800e2
836.1	1.081e3
836.9	3.302e3
837.8	2.335e3
838.4	6.700e1
839.0	2.083e3
839.9	1.444e3
840.5	7.000e1
841.1	1.279e3
842.1	2.746e3
843.0	1.335e3
843.9	3.730e3
844.5	3.460e2
845.1	1.256e3
845.8	7.840e2
846.6	1.494e3
847.2	2.790e2
847.9	9.690e2
849.0	2.594e3
849.6	2.240e2
850.3	1.198e3
851.2	2.962e3
852.2	2.600e2
853.1	9.280e2
853.8	2.246e3
854.8	2.240e3
855.7	9.330e2
856.3	1.476e3
857.0	7.600e2
857.8	1.377e3
858.7	1.960e3
859.4	8.460e2
860.1	2.157e3
860.7	3.430e2
861.3	1.084e3
862.2	2.169e3
863.2	1.677e3
863.8	5.200e2
864.6	1.564e3
865.5	6.110e2
866.4	1.616e3
867.3	1.272e3
867.9	5.320e2
868.5	1.041e3
869.7	3.077e3
870.4	9.800e2
870.9	3.030e2
871.4	2.953e3
872.1	1.451e3
873.1	2.543e3
874.1	2.588e3
874.8	4.800e2
875.4	1.674e3
876.1	4.700e1
876.6	3.539e3
877.8	1.556e3
879.1	2.133e3
879.8	4.070e2
880.6	1.323e3
881.4	2.373e3
882.3	1.180e3
882.8	7.900e1
883.5	1.704e3
884.4	2.280e3
885.1	1.770e2
885.6	2.333e3
886.4	6.890e2
887.3	3.176e3
888.0	7.750e2
888.8	3.682e3
889.4	1.560e2
890.0	8.420e2
891.2	2.546e3
891.9	5.110e2
892.6	1.772e3
893.3	4.400e2
894.0	2.179e3
894.7	5.290e2
895.4	2.095e3
896.1	6.660e2
897.1	1.973e3
897.9	1.191e3
898.9	8.630e2
899.7	2.541e3
900.7	1.859e3
901.2	1.570e2
901.8	1.018e3
902.8	1.414e3
903.8	1.565e3
904.5	6.680e2
905.3	2.122e3
906.1	1.882e3
907.0	2.202e3
907.6	3.400e1
908.1	8.550e2
909.3	1.824e3
910.1	3.760e2
911.0	1.163e3
912.0	1.299e3
912.8	2.352e3
913.9	1.230e3
914.5	7.500e1
915.3	1.438e3
916.2	1.257e3
917.1	1.644e3
917.7	5.700e1
918.2	1.264e3
919.1	1.948e3
919.9	1.886e3
920.9	3.509e3
921.8	7.930e2
922.6	1.141e3
923.3	2.470e3
924.4	2.133e3
925.2	6.400e2
925.9	8.640e2
926.9	1.929e3
927.9	1.829e3
928.7	1.615e3
929.3	4.510e2
930.0	7.880e2
930.8	1.428e3
931.5	1.650e2
932.0	1.249e3
933.0	2.273e3
933.9	2.093e3
935.0	1.662e3
935.8	2.671e3
936.3	2.350e2
937.2	1.361e3
937.7	1.630e2
938.3	2.605e3
939.1	1.362e3
940.1	2.022e3
941.1	2.705e3
941.9	5.600e2
942.7	2.560e3
943.6	1.361e3
944.1	3.930e2
944.8	2.269e3
945.3	2.080e2
945.8	7.810e2
946.9	1.073e3
947.6	1.439e3
948.4	5.790e2
949.1	4.540e2
949.8	2.218e3
950.7	9.090e2
951.6	1.791e3
952.5	2.689e3
953.1	2.340e2
953.8	1.672e3
954.5	5.950e2
955.4	1.166e3
956.2	1.949e3
956.9	2.450e2
957.5	1.664e3
958.1	5.890e2
959.1	1.613e3
960.1	1.656e3
961.1	9.170e2
962.0	2.344e3
963.0	2.365e3
963.8	1.353e3
964.8	1.822e3
965.4	2.200e2
966.1	1.667e3
966.9	7.290e2
967.6	1.495e3
968.2	7.520e2
968.9	6.860e2
969.8	9.690e2
970.6	1.827e3
971.1	1.170e2
971.7	1.789e3
972.4	4.090e2
973.1	2.737e3
974.4	1.993e3
975.0	1.810e2
975.6	1.280e2
976.1	1.219e3
977.0	1.202e3
978.0	1.842e3
978.8	1.240e3
979.5	2.540e2
980.3	1.857e3
981.2	3.600e2
981.9	3.505e3
982.9	1.179e3
983.6	2.960e2
984.2	1.569e3
985.0	1.120e2
985.6	1.476e3
986.3	1.790e2
986.9	2.933e3
987.8	4.990e2
988.8	3.665e3
989.8	2.139e3
990.9	1.293e3
991.5	1.660e2
992.4	7.320e2
993.2	1.819e3
993.8	9.300e2
994.5	1.388e3
995.2	7.530e2
995.9	8.610e2
997.1	1.652e3
998.1	2.124e3
998.7	1.620e2
999.4	4.290e2
1000.2	1.079e3
1001.1	1.171e3
1002.0	1.391e3
1002.8	3.180e2
1003.5	1.188e3
1004.2	1.300e1
1004.9	1.637e3
1005.6	5.720e2
1006.5	2.233e3
1007.2	1.004e3
1007.8	2.140e2
1008.3	1.575e3
1009.0	9.450e2
1009.8	1.330e2
1010.5	2.926e3
1011.6	1.538e3
1012.5	9.060e2
1013.4	6.220e2
1014.2	1.154e3
1015.0	1.965e3
1015.9	1.504e3
1016.5	3.390e2
1017.1	2.025e3
1017.9	1.031e3
1018.8	6.180e2
1019.7	1.551e3
1020.5	8.950e2
1021.4	2.125e3
1022.0	2.430e2
1022.7	2.137e3
1023.3	6.300e2
1024.0	1.960e3
1024.8	1.140e3
1025.9	1.923e3
1026.6	3.860e2
1027.3	2.157e3
1028.2	2.713e3
1029.1	1.461e3
1030.1	1.656e3
1031.1	2.298e3
1032.0	1.803e3
1032.9	1.343e3
1034.1	1.117e3
1035.0	1.466e3
1035.9	6.120e2
1036.7	9.980e2
1037.3	1.040e2
1037.9	1.343e3
1038.6	3.860e2
1039.2	1.639e3
1040.2	2.057e3
1041.0	5.650e2
1041.9	8.070e2
1042.7	1.940e3
1043.6	7.600e2
1044.6	2.196e3
1046.1	9.520e2
1047.0	2.022e3
1047.8	1.057e3
1048.4	2.190e2
1049.0	1.949e3
1049.7	3.880e2
1050.5	1.083e3
1051.1	4.710e2
1051.9	1.394e3
1052.8	1.163e3
1053.6	1.210e2
1054.2	1.242e3
1055.2	1.013e3
1056.1	2.020e3
1057.2	2.638e3
1058.1	1.103e3
1058.9	1.473e3
1060.1	1.698e3
1060.7	2.900e1
1061.2	1.372e3
1062.0	8.200e2
1062.6	3.070e2
1063.2	7.910e2
1063.8	1.018e3
1065.0	2.021e3
1065.9	2.840e2
1066.5	1.547e3
1067.3	7.630e2
1068.0	1.097e3
1068.6	2.830e2
1069.6	1.932e3
1070.2	1.650e2
1071.0	2.159e3
1071.7	8.200e2
1072.3	1.330e2
1072.9	2.824e3
1073.5	8.690e2
1074.1	3.600e1
1074.9	2.512e3
1075.6	1.026e3
1076.2	2.510e2
1076.9	2.555e3
1077.5	8.200e1
1078.0	1.880e3
1078.5	8.100e1
1079.1	1.482e3
1079.6	1.390e2
1080.1	1.345e3
1081.3	1.992e3
1082.5	9.030e2
1083.6	1.255e3
1084.5	4.960e2
1085.3	1.542e3
1086.1	5.200e2
1086.7	1.665e3
1087.4	3.040e2
1088.1	3.195e3
1089.0	1.141e3
1089.9	5.770e2
1090.6	1.163e3
1091.3	5.360e2
1091.8	1.751e3
1092.4	1.300e1
1092.9	9.630e2
1093.9	1.960e2
1094.5	1.075e3
1095.2	2.220e2
1096.1	2.026e3
1097.1	8.100e1
1097.7	1.461e3
1098.6	9.570e2
1100.0	7.340e2
1100.6	2.410e2
1101.3	2.341e3
1101.9	9.000e1
1102.4	1.929e3
1103.2	5.190e2
1103.9	1.050e2
1104.5	1.216e3
1105.4	1.686e3
1106.1	1.200e1
1106.8	1.428e3
1107.5	1.240e3
1108.2	7.380e2
1109.1	1.368e3
1109.7	1.850e2
1110.9	1.758e3
1112.1	1.130e3
1113.0	5.300e2
1113.8	1.561e3
1114.6	9.440e2
1115.7	1.754e3
1116.7	1.759e3
1117.3	1.900e2
1117.9	5.670e2
1118.7	1.666e3
1119.3	1.210e2
1119.9	1.127e3
1120.5	9.800e1
1121.3	4.040e2
1122.2	1.483e3
1122.9	1.691e3
1123.7	1.827e3
1124.7	2.218e3
1125.6	1.406e3
1126.1	6.400e1
1126.9	2.183e3
1127.9	5.480e2
1128.6	7.700e1
1129.5	2.800e2
1130.0	2.600e1
1130.7	3.700e2
1131.7	1.620e2
1132.7	5.320e2
1133.4	2.270e2
1134.2	1.356e3
1135.0	1.475e3
1135.7	3.250e2
1136.3	1.955e3
1137.3	5.050e2
1138.0	3.090e2
1138.9	1.186e3
1139.9	1.546e3
1140.8	7.860e2
1141.4	8.100e1
1142.0	4.420e2
1143.0	1.854e3
1143.6	7.460e2
1144.3	3.230e2
1145.4	3.310e2
1145.9	1.300e1
1147.0	1.208e3
1147.9	7.300e2
1148.5	2.610e2
1149.2	1.817e3
1149.8	3.330e2
1150.3	9.190e2
1151.1	3.520e2
1151.9	1.416e3
1152.8	1.005e3
1153.5	3.720e2
1154.1	1.814e3
1155.0	1.350e2
1155.9	7.640e2
1156.8	1.950e3
1157.4	3.900e1
1158.0	1.577e3
1158.5	1.060e2
1159.7	1.727e3
1160.7	9.410e2
1161.6	5.820e2
1162.5	6.310e2
1163.4	1.107e3
1164.2	1.410e2
1165.1	1.746e3
1166.1	9.290e2
1167.1	2.506e3
1167.6	3.800e2
1168.6	2.070e2
1169.2	1.178e3
1170.0	5.530e2
1171.2	1.499e3
1172.0	1.580e3
1173.3	1.207e3
1174.3	1.072e3
1175.3	7.520e2
1176.0	8.900e1
1176.6	1.250e2
1177.1	1.593e3
1177.9	1.883e3
1179.1	1.303e3
1179.8	2.770e2
1180.7	5.080e2
1181.4	6.500e2
1182.2	8.270e2
1183.4	1.744e3
1184.1	1.950e2
1185.0	4.020e2
1185.6	8.500e1
1186.2	5.650e2
1187.1	2.642e3
1188.5	2.890e2
1189.2	1.769e3
1190.1	4.040e2
1190.7	1.509e3
1191.5	8.450e2
1192.7	1.414e3
1193.3	3.040e2
1193.9	2.159e3
1194.7	1.946e3
1195.6	3.710e2
1196.4	3.040e2
1197.3	5.320e2
1198.3	7.690e2
1199.0	8.220e2
1199.8	2.900e2
1200.3	5.200e1
1200.9	1.745e3
1201.7	1.587e3
1202.5	6.180e2
1203.1	1.545e3
1203.7	1.620e2
1204.4	1.925e3
1205.2	1.800e1
1205.7	1.550e3
1206.9	1.233e3
1208.1	7.970e2
1209.0	1.236e3
1209.9	1.372e3
1210.6	2.080e2
1211.3	1.883e3
1212.4	3.280e3
1213.2	5.620e2
1213.8	2.322e3
1214.4	1.290e2
1215.0	2.170e2
1215.6	1.351e3
1216.6	1.260e3
1217.2	3.650e2
1218.0	1.481e3
1218.7	2.450e2
1219.4	4.100e2
1220.3	5.040e2
1221.2	2.066e3
1222.0	3.500e2
1223.0	2.265e3
1223.7	5.590e2
1224.3	1.240e2
1224.8	1.198e3
1225.5	3.460e2
1226.0	2.249e3
1226.9	4.840e2
1227.9	9.770e2
1229.0	2.188e3
1230.1	8.840e2
1231.4	1.434e3
1232.1	6.650e2
1232.9	1.178e3
1234.0	3.119e3
1235.3	8.560e2
1236.2	2.066e3
1237.2	8.580e2
1237.8	2.010e2
1238.4	1.679e3
1239.1	1.110e2
1239.7	1.878e3
1240.6	2.650e2
1241.2	1.825e3
1242.1	4.500e2
1243.0	6.590e2
1244.0	1.787e3
1244.7	2.910e2
1245.3	1.186e3
1246.2	4.780e2
1247.2	1.567e3
1248.0	8.720e2
1248.9	6.360e2
1249.7	1.203e3
1250.2	5.500e1
1251.0	2.210e2
1251.9	1.521e3
1252.4	1.400e1
1253.3	1.361e3
1253.9	1.300e1
1254.7	4.690e2
1255.6	1.216e3
1256.4	2.170e2
1257.0	4.270e2
1257.5	2.480e2
1258.4	1.878e3
1258.9	7.200e1
1259.6	9.060e2
1260.9	1.007e3
1261.8	7.610e2
1262.4	2.020e2
1263.2	2.265e3
1264.3	9.470e2
1265.3	3.180e2
1266.0	2.224e3
1266.5	1.300e1
1267.1	6.990e2
1268.0	2.373e3
1268.5	2.220e2
1269.0	1.235e3
1270.1	1.320e2
1270.8	1.199e3
1271.9	2.056e3
1272.9	1.085e3
1273.8	6.560e2
1274.5	4.910e2
1275.1	2.400e1
1276.0	1.422e3
1276.9	7.060e2
1278.0	7.900e1
1278.6	3.090e2
1279.6	1.141e3
1280.5	1.205e3
1281.8	2.270e2
1282.6	1.540e2
1283.3	1.771e3
1284.5	1.091e3
1285.1	2.110e2
1286.4	6.850e2
1286.9	4.800e1
1287.7	1.867e3
1288.4	5.520e2
1289.0	2.100e1
1289.6	4.310e2
1290.1	3.100e1
1290.7	1.401e3
1291.4	1.970e2
1292.3	9.930e2
1293.0	1.410e2
1294.2	1.265e3
1294.9	4.660e2
1295.8	1.017e3
1296.6	5.210e2
1297.6	1.725e3
1298.8	3.100e1
1299.6	1.150e3
1300.2	4.760e2
1301.3	6.570e2
1302.2	2.110e2
1303.1	7.270e2
1303.8	1.600e1
1304.6	1.046e3
1305.9	1.116e3
1306.6	2.780e2
1307.5	1.584e3
1308.5	1.402e3
1310.0	1.040e3
1310.9	7.100e2
1311.5	2.580e2
1312.2	9.470e2
1312.9	3.060e2
1313.5	1.475e3
1314.7	7.240e2
1315.8	1.436e3
1317.0	6.260e2
1318.1	5.890e2
1318.7	5.500e1
1319.6	1.305e3
1320.9	7.840e2
1321.9	1.132e3
1322.9	1.540e2
1323.6	1.079e3
1324.7	1.497e3
1325.5	4.170e2
1326.3	8.470e2
1327.1	2.450e2
1327.7	2.280e2
1328.2	6.420e2
1329.1	1.274e3
1330.1	7.080e2
1330.8	4.830e2
1331.8	6.300e2
1332.7	5.190e2
1334.2	1.074e3
1335.2	5.240e2
1336.1	1.407e3
1337.0	2.050e2
1337.6	2.053e3
1338.3	8.700e1
1339.1	1.816e3
1339.9	5.360e2
1340.8	1.590e2
1341.5	1.026e3
1342.1	2.140e2
1342.8	9.690e2
1343.7	8.000e2
1344.3	1.340e2
1345.0	6.350e2
1346.1	1.335e3
1346.6	1.060e2
1347.4	5.140e2
1347.9	1.930e2
1348.6	9.750e2
1349.5	3.860e2
1350.2	1.258e3
1350.8	1.200e1
1351.6	4.340e2
1352.3	1.707e3
1353.5	5.880e2
1354.2	2.840e2
1355.0	1.518e3
1356.3	1.002e3
1356.9	2.900e1
1357.6	1.126e3
1358.4	1.846e3
1359.5	2.110e2
1360.2	1.115e3
1361.0	1.380e2
1361.8	2.960e2
1362.6	4.250e2
1363.4	5.400e1
1364.1	7.980e2
1365.0	4.000e2
1365.9	2.189e3
1367.3	8.110e2
1368.3	1.254e3
1369.5	2.900e1
1370.1	8.750e2
1371.0	2.717e3
1371.7	9.400e2
1372.4	1.300e2
1373.1	2.580e2
1374.2	1.400e1
1374.8	8.690e2
1375.7	1.576e3
1376.6	5.570e2
1377.7	1.656e3
1378.2	3.610e2
1378.9	1.565e3
1379.8	7.900e2
1380.5	1.020e2
1381.2	2.480e2
1381.8	7.600e2
1382.4	1.809e3
1383.3	6.640e2
1384.3	1.323e3
1385.2	2.840e2
1386.2	6.520e2
1387.1	1.380e2
1387.9	9.780e2
1388.7	2.610e2
1389.4	3.230e2
1390.3	4.950e2
1391.1	1.050e2
1392.9	1.513e3
1393.8	1.416e3
1394.8	3.760e2
1395.8	1.400e2
1396.3	1.394e3
1397.2	1.728e3
1398.0	3.000e2
1398.7	8.890e2
1399.7	7.190e2
1400.4	1.500e1
1401.0	6.220e2
1401.8	1.379e3
1402.5	3.320e2
1403.5	1.262e3
1404.5	5.840e2
1405.8	7.570e2
1406.6	2.501e3
1407.2	2.750e2
1408.5	1.016e3
1409.2	3.040e2
1409.7	1.280e2
1410.7	1.466e3
1411.6	7.870e2
1412.2	5.100e1
1412.7	3.188e3
1413.4	3.600e2
1414.6	9.310e2
1415.3	5.900e2
1416.4	1.031e3
1417.4	3.200e2
1418.4	7.990e2
1419.3	7.230e2
1420.2	2.074e3
1421.1	8.260e2
1421.8	4.180e2
1422.6	4.480e2
1423.4	2.720e2
1424.3	1.448e3
1425.3	8.080e2
1426.0	2.600e2
1427.3	2.800e2
1428.0	6.000e2
1428.9	9.900e1
1429.5	6.760e2
1430.1	1.920e2
1430.9	1.521e3
1431.9	1.179e3
1432.7	8.850e2
1433.5	1.137e3
1434.4	1.200e1
1435.4	7.880e2
1436.1	1.530e2
1437.5	1.488e3
1438.0	1.740e2
1438.8	1.006e3
1440.1	2.878e3
1441.0	8.730e2
1442.0	7.000e1
1442.8	8.060e2
1443.9	9.660e2
1444.7	6.280e2
1445.4	1.900e2
1445.9	9.280e2
1446.9	8.320e2
1447.8	4.310e2
1449.2	1.519e3
1449.8	2.040e2
1450.9	1.312e3
1451.7	5.390e2
1452.3	3.740e2
1453.7	1.910e3
1454.5	2.900e2
1455.5	1.033e3
1456.4	5.550e2
1457.9	3.317e3
1458.5	9.300e1
1459.4	2.370e2
1460.4	2.530e2
1461.2	5.030e2
1461.9	1.166e3
1462.8	5.830e2
1463.6	3.430e2
1464.9	3.700e1
1465.5	1.065e3
1466.9	3.900e1
1468.1	6.280e2
1468.9	1.298e3
1469.8	1.719e3
1470.4	4.680e2
1471.1	1.852e3
1471.8	2.290e2
1472.6	9.030e2
1473.4	1.075e3
1474.4	4.000e2
1475.4	9.260e2
1476.3	5.640e2
1476.9	2.160e2
1477.8	1.236e3
1479.1	3.150e2
1480.1	2.279e3
1480.8	1.650e2
1481.4	5.400e1
1482.2	5.450e2
1483.2	1.700e1
1484.0	1.600e2
1484.7	8.250e2
1485.4	2.524e3
1486.1	3.890e2
1487.0	9.000e1
1487.9	3.480e2
1489.4	3.550e2
1490.6	6.880e2
1491.5	1.315e3
1492.2	2.470e2
1492.9	3.340e2
1493.8	1.810e2
1494.5	7.920e2
1495.4	3.520e2
1496.0	1.378e3
1496.7	2.600e1
1497.5	8.570e2
1498.1	4.520e2
1498.8	1.690e2
1499.6	1.400e1
1500.4	5.430e2
1501.8	1.006e3
1502.5	2.580e2
1503.6	1.331e3
1504.5	1.197e3
1505.7	6.020e2
1506.6	4.190e2
1507.1	3.100e1
1507.7	6.180e2
1508.7	1.257e3
1510.2	8.900e1
1511.3	3.320e2
1512.1	1.084e3
1513.1	1.077e3
1513.8	8.500e1
1514.5	5.180e2
1515.8	1.051e3
1517.0	9.800e2
1517.6	8.500e1
1518.6	9.690e2
1519.2	1.610e2
1519.9	2.320e2
1520.6	7.040e2
1521.6	7.440e2
1522.4	1.260e2
1523.0	1.299e3
1524.2	1.411e3
1525.6	1.630e2
1526.3	3.820e2
1527.1	6.330e2
1528.0	6.480e2
1529.0	4.050e2
1529.7	3.390e2
1530.8	1.182e3
1531.9	1.500e1
1532.6	9.170e2
1533.5	9.030e2
1534.7	1.238e3
1535.5	2.580e2
1536.6	8.920e2
1537.4	4.380e2
1538.1	1.090e2
1538.6	4.170e2
1539.4	1.890e2
1540.7	5.180e2
1541.5	1.001e3
1542.1	2.690e2
1543.1	4.260e2
1544.1	2.040e2
1545.2	6.010e2
1546.2	1.748e3
1547.4	1.410e3
1548.3	7.880e2
1549.1	1.561e3
1549.8	6.310e2
1550.3	6.200e1
1551.0	2.400e1
1551.6	1.235e3
1552.2	1.520e2
1553.3	4.000e2
1554.1	4.670e2
1554.7	1.300e1
1555.2	7.100e1
1556.2	2.920e2
1556.7	1.132e3
1557.6	4.790e2
1558.3	3.000e1
1558.9	1.243e3
1560.1	6.500e2
1561.1	4.930e2
1562.1	1.424e3
1563.1	4.290e2
1564.2	3.830e2
1564.9	8.020e2
1565.8	2.006e3
1567.2	3.730e2
1568.0	6.250e2
1568.5	7.200e1
1569.8	9.400e2
1570.5	2.530e2
1571.5	4.940e2
1572.3	8.200e1
1572.9	9.960e2
1573.8	3.830e2
1575.1	4.650e2
1576.1	8.000e1
1577.0	2.240e2
1578.0	1.340e3
1578.6	2.520e2
1579.5	6.180e2
1581.3	3.391e3
1582.2	8.700e2
1583.4	4.660e2
1584.2	1.168e3
1585.1	6.500e2
1585.7	1.600e1
1586.2	4.290e2
1587.0	1.350e2
1588.2	1.798e3
1589.0	3.150e2
1589.9	6.290e2
1590.8	1.100e2
1591.4	6.900e2
1592.2	5.040e2
1593.4	7.670e2
1594.2	1.200e2
1594.8	7.510e2
1595.3	1.610e2
1596.3	4.080e2
1597.5	2.290e2
1598.7	1.710e2
1599.8	1.000e3
1601.2	2.660e2
1602.4	6.750e2
1603.2	7.200e2
1604.1	1.306e3
1604.8	1.300e2
1605.5	1.560e2
1606.2	1.701e3
1607.1	1.715e3
1608.3	9.190e2
1609.0	2.050e2
1609.8	7.570e2
1610.6	3.970e2
1611.2	2.156e3
1612.2	4.410e2
1612.8	5.990e2
1613.6	2.480e2
1614.3	5.490e2
1614.9	9.400e1
1615.8	1.061e3
1616.4	1.200e1
1617.3	1.720e2
1618.0	1.025e3
1619.2	3.600e2
1620.2	4.290e2
1620.9	6.010e2
1621.7	6.740e2
1622.7	7.260e2
1623.6	3.150e2
1624.4	1.200e1
1625.0	4.400e2
1625.8	1.023e3
1626.9	5.800e1
1627.9	9.030e2
1628.7	2.950e2
1630.6	1.338e3
1631.2	1.540e2
1631.7	1.295e3
1633.0	4.840e2
1634.2	2.780e2
1635.0	1.160e3
1635.8	7.210e2
1636.6	1.570e2
1637.2	9.760e2
1638.0	2.610e2
1639.3	8.650e2
1640.1	3.800e1
1641.4	9.940e2
1642.9	1.511e3
1643.7	4.000e1
1644.6	6.870e2
1645.4	9.020e2
1646.4	9.710e2
1647.2	2.950e2
1648.0	5.770e2
1648.8	2.500e2
1649.6	1.284e3
1650.5	4.350e2
1651.8	2.930e2
1652.5	6.280e2
1653.4	7.590e2
1654.1	1.162e3
1654.7	7.400e1
1655.5	4.700e2
1656.1	1.300e1
1656.8	1.407e3
1657.8	3.970e2
1658.7	2.780e2
1659.4	1.400e1
1660.0	6.100e2
1660.9	4.610e2
1662.0	8.710e2
1663.0	4.350e2
1664.2	1.130e2
1664.8	3.190e2
1666.0	2.470e2
1666.7	1.066e3
1667.9	1.200e1
1670.2	9.230e2
1670.7	1.600e1
1671.5	4.730e2
1672.9	8.500e1
1673.6	8.720e2
1674.7	1.300e1
1675.4	1.200e1
1675.9	1.980e2
1677.5	7.200e2
1678.5	7.610e2
1679.1	7.830e2
1681.4	2.390e2
1682.4	1.150e2
1682.9	3.240e2
1683.4	5.150e2
1684.1	2.700e1
1686.3	1.590e2
1687.0	3.460e2
1687.7	2.120e2
1688.3	1.015e3
1689.0	2.190e2
1690.0	5.760e2
1691.6	1.106e3
1692.9	2.420e2
1693.5	5.780e2
1694.3	4.410e2
1695.7	1.195e3
1697.1	1.123e3
1698.7	2.040e2
1699.3	1.110e2
1700.5	1.820e2
1701.3	8.370e2
1702.8	4.180e2
1703.4	1.131e3
1704.0	1.940e2
1704.7	2.410e2
1705.3	1.200e1
1706.4	7.140e2
1707.3	9.130e2
1708.0	1.071e3
1708.5	3.200e1
1709.3	6.850e2
1710.1	2.410e2
1711.3	6.260e2
1712.2	2.220e2
1713.0	2.190e2
1713.6	6.280e2
1714.7	7.780e2
1715.2	2.290e2
1715.7	8.520e2
1717.0	4.790e2
1717.8	2.290e2
1718.4	7.700e1
1719.4	1.972e3
1720.6	2.270e2
1721.1	1.600e1
1721.7	1.319e3
1723.2	5.810e2
1724.2	2.520e2
1725.1	8.110e2
1725.8	1.590e2
1728.0	3.040e2
1728.7	8.700e1
1729.4	2.670e2
1730.1	3.370e2
1731.1	1.020e2
1732.4	2.430e2
1733.2	7.340e2
1734.0	4.850e2
1734.8	9.200e1
1735.5	2.400e1
1737.1	4.670e2
1737.7	1.300e1
1738.5	8.200e2
1739.5	1.569e3
1740.3	1.130e2
1741.8	4.560e2
1742.8	7.690e2
1743.7	1.400e1
1744.7	6.400e2
1746.1	1.144e3
1747.2	1.184e3
1748.5	1.220e2
1749.2	1.800e1
1749.9	1.120e3
1750.9	1.330e2
1751.5	3.660e2
1753.1	1.730e2
1753.6	1.400e1
1754.2	4.080e2
1755.3	2.180e2
1756.4	6.920e2
1757.1	1.220e3
1757.9	4.290e2
1759.0	8.600e1
1760.7	3.470e2
1761.4	1.259e3
1762.6	9.550e2
1763.4	8.270e2
1764.7	1.200e1
1765.4	9.630e2
1766.3	1.573e3
1767.5	8.960e2
1768.5	9.250e2
1769.4	4.100e1
1770.1	9.300e1
1771.9	8.890e2
1772.8	3.580e2
1773.6	7.050e2
1774.3	1.319e3
1775.0	6.300e1
1776.5	4.140e2
1777.4	3.940e2
1779.3	8.620e2
1780.4	2.500e1
1781.8	3.490e2
1782.6	3.560e2
1783.2	7.780e2
1784.5	1.310e2
1786.7	7.330e2
1789.7	8.180e2
1791.3	5.820e2
1792.0	4.090e2
1793.7	6.690e2
1794.5	2.400e1
1795.3	1.120e2
1797.8	1.066e3
1798.6	3.710e2
1799.8	4.310e2
1800.6	3.170e2
1801.5	6.510e2
1802.3	1.200e1
1803.1	1.270e2
1804.4	1.490e2
1804.9	2.250e2
1806.0	4.280e2
1806.6	2.400e1
1807.2	3.600e2
1808.4	1.230e2
1809.9	1.380e2
1810.5	7.340e2
1811.1	1.300e1
1811.7	1.060e2
1812.2	1.200e1
1812.9	4.600e1
1814.0	2.660e2
1814.7	1.500e1
1815.5	8.540e2
1816.6	2.100e1
1817.5	4.080e2
1818.5	2.910e2
1819.0	5.700e1
1819.6	1.400e1
1820.1	4.670e2
1821.2	9.830e2
1822.5	6.700e1
1823.4	5.290e2
1824.2	2.180e2
1826.0	7.490e2
1826.9	3.320e2
1828.0	1.660e2
1828.5	6.830e2
1829.2	1.200e1
1830.4	1.780e2
1831.1	8.890e2
1832.3	8.240e2
1833.5	8.680e2
1834.5	1.800e2
1835.1	1.404e3
1836.1	2.230e2
1837.2	5.440e2
1838.1	1.200e1
1838.8	1.270e2
1839.5	7.310e2
1840.4	9.310e2
1841.3	1.010e2
1841.8	7.320e2
1842.7	2.860e2
1844.2	1.230e2
1844.8	1.177e3
1845.6	5.940e2
1846.6	4.680e2
1847.3	4.250e2
1847.9	1.200e1
1849.0	1.448e3
1849.9	5.090e2
1850.5	2.810e2
1851.1	1.229e3
1852.2	7.850e2
1852.8	3.950e2
1853.9	3.280e2
1854.5	4.790e2
1855.4	9.600e1
1856.1	3.390e2
1856.8	5.630e2
1857.7	8.400e1
1858.8	5.500e1
1860.2	1.120e2
1860.8	1.400e1
1861.4	5.750e2
1862.6	1.370e2
1863.5	5.090e2
1864.2	8.300e1
1865.0	2.280e2
1866.1	6.740e2
1866.8	8.030e2
1869.1	1.079e3
1870.5	1.400e2
1871.8	5.970e2
1873.0	4.300e1
1873.7	5.210e2
1874.4	5.720e2
1876.0	1.296e3
1877.3	5.170e2
1877.9	1.400e1
1879.0	6.810e2
1879.9	5.310e2
1881.3	2.520e2
1882.5	4.100e1
1883.3	1.110e2
1884.3	1.880e2
1885.5	1.700e2
1887.8	1.251e3
1888.7	1.035e3
1889.4	1.181e3
1890.9	5.810e2
1892.3	4.210e2
1893.1	1.300e1
1894.2	1.414e3
1895.4	3.700e1
1896.1	1.200e1
1897.0	3.870e2
1897.7	7.450e2
1898.3	1.160e2
1899.1	3.530e2
1900.1	8.000e2
1900.8	1.620e2
1901.5	1.540e2
1903.3	4.250e2
1904.1	6.500e2
1905.0	2.140e2
1906.0	4.020e2
1907.3	1.161e3
1908.3	1.342e3
1908.9	1.500e1
1909.4	1.449e3
1910.3	5.400e2
1911.0	3.440e2
1912.5	5.640e2
1913.4	1.200e1
1914.1	3.160e2
1914.8	1.930e2
1915.3	7.100e2
1916.2	1.020e2
1916.9	7.900e1
1917.6	2.960e2
1918.1	1.520e2
1919.5	7.540e2
1920.2	1.620e2
1921.0	3.800e1
1921.8	4.160e2
1922.5	5.810e2
1923.5	1.177e3
1924.5	4.580e2
1925.2	1.200e1
1925.8	1.730e2
1926.6	3.420e2
1927.8	9.600e2
1931.3	2.700e2
1932.2	1.376e3
1932.7	2.480e2
1933.7	5.020e2
1934.7	4.170e2
1935.3	1.200e1
1935.9	3.930e2
1937.8	1.300e1
1938.3	2.830e2
1939.8	4.400e2
1941.1	4.700e1
1942.4	3.560e2
1943.2	1.060e2
1944.1	6.920e2
1946.6	3.440e2
1947.4	6.920e2
1948.1	1.270e2
1949.8	3.300e1
1950.4	1.200e1
1951.6	5.410e2
1953.1	7.490e2
1954.5	4.000e2
1955.2	1.400e1
1955.9	3.330e2
1956.8	1.020e2
1957.6	1.200e1
1958.2	2.440e2
1958.8	9.500e1
1959.4	8.230e2
1960.2	2.510e2
1961.4	2.330e2
1962.6	7.770e2
1963.6	1.640e2
1965.6	3.190e2
1966.6	7.400e2
1967.3	1.200e1
1968.2	9.870e2
1968.9	6.590e2
1969.7	1.090e2
1970.7	7.780e2
1971.9	2.500e1
1972.4	8.600e2
1973.5	1.890e2
1975.0	9.550e2
1976.8	1.810e3
1977.7	5.100e1
1978.3	1.064e3
1978.8	5.060e2
1979.7	4.810e2
1980.7	4.240e2
1981.6	5.210e2
1982.1	1.300e1
1983.8	8.480e2
1985.1	1.200e1
1985.8	1.700e2
1986.5	1.400e2
1988.0	9.660e2
1988.8	2.380e2
1989.5	2.060e2
1990.3	2.270e2
1991.1	4.740e2
1992.7	3.970e2
1993.8	1.500e1
1995.2	1.400e1
1996.0	1.246e3
1996.8	9.800e1
1997.3	4.620e2
1998.6	4.060e2
1999.8	5.620e2
