100.3	1.422e5
101.0	8.472e5
101.5	5.974e3
102.1	2.462e6
103.0	1.691e5
103.6	3.220e2
104.1	4.029e5
105.1	8.034e5
106.1	1.476e5
106.6	2.986e3
107.1	2.212e5
107.7	5.133e4
108.4	8.982e5
109.1	2.639e5
110.0	3.357e6
110.6	1.115e3
111.1	7.519e6
112.1	2.790e6
112.6	3.308e3
113.1	5.879e5
114.1	6.204e5
115.1	2.918e5
115.6	9.460e2
116.1	2.238e5
117.1	1.401e5
118.1	3.176e5
119.0	2.716e5
119.5	2.818e3
120.1	8.217e5
121.1	2.492e5
121.6	2.513e3
122.2	1.571e6
123.1	3.410e5
123.6	2.400e2
124.2	1.327e5
125.1	9.899e4
126.0	2.924e5
126.6	3.266e3
127.1	1.341e5
128.1	6.502e4
129.1	1.345e5
129.7	8.850e3
130.3	2.819e5
131.2	1.004e6
132.2	4.158e5
133.1	5.095e5
134.1	1.114e5
135.1	7.053e4
136.1	5.327e5
137.1	1.289e5
137.6	2.906e3
138.2	1.329e6
139.2	2.155e5
140.1	1.920e5
141.1	1.724e5
142.0	3.809e5
142.6	6.910e2
143.1	9.271e4
144.1	1.736e5
145.1	6.726e5
146.1	1.068e5
147.1	3.981e5
147.6	1.789e3
148.1	1.180e5
149.1	2.850e5
149.6	1.070e3
150.2	3.201e5
151.2	7.707e4
152.2	5.722e4
153.1	5.049e4
154.0	1.259e5
154.6	1.169e3
155.1	2.188e5
156.1	9.154e4
157.1	2.572e5
157.6	9.300e1
158.1	4.460e5
159.1	1.809e6
160.1	2.357e5
161.1	7.541e4
162.1	8.751e4
163.1	1.852e5
164.1	1.845e5
164.6	1.816e3
165.2	1.147e5
165.9	1.777e4
166.5	8.707e4
167.5	4.002e5
168.3	1.113e5
169.2	6.093e4
170.1	1.355e5
170.7	3.239e3
171.2	6.733e5
172.1	5.055e5
173.1	2.173e5
173.6	8.740e2
174.2	1.310e5
174.9	2.948e4
175.5	2.331e5
176.2	7.091e4
176.9	5.687e5
177.9	1.582e5
178.5	2.605e4
179.2	1.673e5
180.2	8.724e4
181.2	1.255e5
182.1	1.019e5
182.6	6.980e2
183.1	5.183e5
183.7	3.806e3
184.2	1.362e5
185.1	1.108e6
186.0	2.282e5
186.5	5.700e2
187.1	9.030e5
187.6	4.000e2
188.2	4.677e5
189.1	1.626e5
189.6	2.460e2
190.1	9.681e4
191.1	1.036e5
192.1	1.777e5
192.6	4.970e2
193.2	1.231e5
193.7	2.304e3
194.2	3.214e5
195.1	1.879e5
196.2	2.770e6
197.2	9.050e5
197.7	1.785e3
198.3	1.264e6
199.2	2.222e5
200.1	5.895e5
200.6	2.178e3
201.1	1.414e5
202.1	1.131e5
203.1	1.747e5
203.6	6.600e2
204.2	1.782e5
205.1	1.460e5
205.7	1.229e3
206.2	1.017e5
207.2	9.502e4
208.2	7.886e4
209.1	1.352e5
209.7	7.540e2
210.2	1.173e5
211.2	7.280e4
212.2	9.819e4
213.1	4.933e4
214.2	8.943e6
215.2	1.154e6
216.2	6.381e5
217.2	2.534e5
217.7	4.270e2
218.2	7.756e5
219.2	1.886e5
220.2	1.581e5
221.2	1.021e5
222.2	6.739e4
223.2	5.961e4
224.1	1.530e5
224.6	1.485e3
225.2	6.875e4
226.1	1.260e5
227.1	3.565e5
227.6	1.711e3
228.1	1.994e5
228.7	1.060e2
229.2	1.274e5
229.7	1.090e2
230.2	6.812e4
231.1	1.091e5
232.1	7.767e4
233.1	8.651e4
233.7	1.748e3
234.2	9.805e4
235.1	7.836e4
235.7	9.790e2
236.2	1.103e6
237.2	2.878e5
237.7	6.280e2
238.2	1.325e5
239.2	9.796e4
240.2	4.232e4
241.2	5.736e4
242.1	8.145e4
242.6	5.940e2
243.2	1.149e5
244.2	7.365e4
244.7	3.900e2
245.2	7.705e4
245.7	9.940e2
246.2	4.941e4
247.2	4.320e4
247.7	4.610e2
248.2	5.840e4
249.2	4.639e4
250.2	1.115e5
250.7	2.740e2
251.2	6.561e4
252.2	8.344e4
252.7	6.300e2
253.2	7.416e4
254.1	1.152e5
254.7	2.473e3
255.2	9.206e4
256.2	5.168e4
257.1	8.200e4
257.6	8.580e2
258.2	6.944e4
258.7	1.863e3
259.2	2.322e5
260.2	6.901e4
260.8	3.101e3
261.3	1.030e5
262.3	7.044e4
263.2	6.620e4
264.1	4.917e4
265.1	4.491e4
265.6	1.327e3
266.1	9.301e4
266.7	8.300e2
267.2	6.792e4
267.8	1.833e3
268.3	4.324e4
269.3	3.463e4
270.2	3.661e4
270.7	8.060e2
271.2	5.465e4
272.2	4.861e4
272.7	7.730e2
273.2	4.612e4
274.2	6.550e4
275.2	4.708e4
276.1	5.955e4
276.6	1.721e3
277.2	1.045e5
278.2	6.745e4
278.7	1.723e3
279.2	1.205e5
279.8	1.817e3
280.3	7.491e4
281.3	8.033e4
282.2	7.468e4
282.7	9.750e2
283.2	1.244e5
283.8	3.208e3
284.3	8.880e4
285.2	6.896e4
286.2	4.461e4
287.2	5.701e4
287.7	3.617e3
288.3	5.047e4
289.2	7.919e4
290.2	5.171e4
291.2	4.487e4
292.2	5.365e4
292.7	1.600e2
293.2	3.664e4
294.2	4.211e4
295.1	8.085e4
295.7	1.253e3
296.2	3.944e4
296.7	1.466e3
297.3	5.802e4
298.2	4.632e4
299.2	3.773e4
299.7	1.017e3
300.2	3.738e4
300.8	1.078e3
301.3	1.091e5
302.2	5.831e4
303.2	5.727e4
304.1	8.683e4
304.6	3.303e3
305.2	8.068e4
305.7	2.319e3
306.3	4.594e4
307.2	6.810e4
307.7	7.590e2
308.2	4.683e4
308.7	5.750e2
309.2	5.953e4
309.7	1.168e3
310.3	4.945e4
310.8	7.210e2
311.3	8.170e4
312.3	4.539e4
313.3	6.538e4
314.2	4.150e4
314.7	1.402e3
315.3	5.670e4
316.2	4.385e4
317.2	4.212e4
317.8	2.005e3
318.3	4.290e4
319.2	5.038e4
320.2	3.644e4
321.2	6.644e4
322.2	4.074e4
322.7	4.910e2
323.2	3.434e4
324.2	3.772e4
324.8	3.017e3
325.3	9.595e4
326.2	1.034e5
327.2	6.550e4
327.7	1.337e3
328.2	4.755e4
329.2	6.048e4
329.7	2.692e3
330.3	4.890e4
331.3	1.725e5
332.3	8.283e4
333.2	7.979e4
334.2	5.638e4
334.7	4.830e2
335.2	5.219e4
336.2	4.191e4
337.2	7.004e4
338.2	7.718e4
338.8	3.902e3
339.3	1.226e5
340.3	5.548e4
340.8	2.014e3
341.3	7.636e4
342.3	5.138e4
342.8	5.970e2
343.3	6.080e4
344.2	5.694e4
344.8	2.355e3
345.3	5.160e4
346.3	5.206e4
347.3	8.557e4
348.2	5.457e4
349.2	1.139e5
349.7	3.740e2
350.2	6.252e4
351.2	4.828e4
351.7	1.220e3
352.2	6.248e4
352.7	1.370e2
353.3	7.653e4
354.2	2.517e5
354.7	2.867e3
355.3	1.721e5
356.2	7.247e4
357.2	9.026e4
357.7	2.316e3
358.3	6.038e4
359.3	1.919e5
360.2	7.684e4
361.2	6.393e4
362.2	4.529e4
363.1	1.125e5
363.6	3.942e3
364.2	4.079e4
364.7	3.010e2
365.2	1.658e5
366.2	5.997e4
366.8	2.148e3
367.3	8.017e4
368.3	5.380e4
368.9	7.541e3
369.4	1.950e5
370.4	8.830e4
371.3	5.167e4
372.2	5.745e4
373.1	5.116e4
373.7	4.057e3
374.3	3.386e4
375.3	6.303e4
375.8	9.310e2
376.3	4.571e4
377.3	8.039e4
378.1	3.420e4
379.0	7.924e4
379.5	8.584e3
380.1	7.468e4
380.7	6.691e3
381.3	7.633e4
382.3	4.225e4
382.8	4.865e3
383.4	1.437e5
384.4	5.681e4
385.4	6.850e4
386.0	1.441e3
386.5	4.632e4
387.4	5.858e4
388.2	3.160e4
389.1	4.556e4
389.7	7.275e3
390.3	3.933e4
390.9	1.187e3
391.4	7.223e4
392.3	4.132e4
392.9	2.121e3
393.4	9.088e4
393.9	3.586e3
394.5	9.173e4
395.2	3.015e4
396.0	5.751e4
396.7	1.124e4
397.4	8.914e4
398.4	5.317e4
398.9	9.760e2
399.4	1.263e5
400.4	5.715e4
401.1	1.982e4
401.7	1.176e5
402.6	5.337e4
403.4	4.376e4
404.3	7.839e4
404.8	4.397e3
405.4	7.567e4
406.3	4.811e4
407.3	4.645e4
407.8	2.746e3
408.4	7.557e4
409.3	1.158e5
410.3	5.574e4
410.8	2.145e3
411.3	4.922e4
411.9	5.968e3
412.5	4.758e4
413.5	1.877e5
414.5	7.372e4
415.4	5.737e4
416.0	5.002e3
416.6	1.449e5
417.6	7.011e4
418.4	3.429e4
419.4	4.615e4
420.4	4.009e4
421.3	7.268e4
421.8	1.581e3
422.3	4.433e4
423.0	6.824e3
423.6	1.608e5
424.5	6.249e4
425.4	5.777e4
426.0	8.600e3
426.6	3.982e4
427.5	1.699e5
428.1	3.545e3
428.6	7.758e4
429.4	4.692e4
430.1	5.034e4
430.9	1.794e5
431.7	9.669e4
432.5	4.372e4
433.4	3.395e4
434.2	4.230e4
435.1	5.004e4
436.0	7.583e4
436.7	2.261e4
437.5	7.725e4
438.0	5.106e3
438.6	2.109e5
439.4	7.175e4
440.4	3.319e4
440.9	2.002e3
441.5	1.112e5
442.5	5.712e4
443.3	1.422e5
443.9	4.289e3
444.4	6.350e4
445.0	7.466e3
445.6	2.129e5
446.5	7.271e4
447.4	3.384e4
448.2	3.886e4
448.9	8.103e3
449.5	1.027e5
450.4	5.605e4
451.2	7.840e4
451.8	1.038e4
452.5	1.512e5
453.5	1.171e5
454.4	6.998e4
455.4	6.402e4
456.0	5.865e3
456.6	6.475e4
457.6	2.012e5
458.5	9.088e4
459.0	4.510e3
459.6	8.577e4
460.6	1.783e5
461.4	7.580e4
462.3	4.033e4
462.9	4.994e3
463.4	5.073e4
464.4	8.334e4
465.2	1.185e5
465.8	7.085e3
466.4	8.734e4
467.1	1.145e4
467.6	2.106e5
468.5	7.492e4
469.0	3.734e3
469.5	6.599e4
470.4	4.338e4
471.0	6.363e3
471.6	1.988e5
472.5	1.084e5
473.5	7.284e4
474.0	1.341e4
474.6	1.518e5
475.6	1.072e5
476.4	5.419e4
477.4	3.677e4
477.9	2.647e3
478.5	4.425e4
479.3	8.125e4
480.3	1.208e5
480.9	1.131e4
481.5	1.044e5
482.1	7.495e3
482.7	1.958e5
483.5	6.605e4
484.4	3.518e4
485.0	3.695e3
485.5	1.246e5
486.5	7.641e4
487.3	1.766e5
487.9	9.934e3
488.5	7.006e4
489.1	7.663e3
489.6	2.182e5
490.6	7.066e4
491.5	3.782e4
492.2	1.819e4
492.9	3.396e4
493.8	1.069e5
494.5	3.838e4
495.3	1.098e5
496.0	1.051e4
496.6	2.103e5
497.5	1.339e5
498.4	6.295e4
499.3	1.122e5
499.9	1.424e4
500.6	5.970e4
501.6	2.320e5
502.5	1.047e5
503.5	9.476e4
504.1	1.860e3
504.6	1.832e5
505.4	7.901e4
506.4	3.553e4
507.4	4.957e4
508.4	5.473e4
509.2	1.216e5
509.9	1.812e4
510.5	8.138e4
511.1	4.302e3
511.7	2.053e5
512.5	6.987e4
513.5	5.159e4
514.5	3.692e4
515.0	4.381e3
515.6	2.202e5
516.6	1.161e5
517.5	6.839e4
518.0	5.093e3
518.6	1.761e5
519.5	1.046e5
520.4	6.893e4
521.4	3.981e4
522.0	6.716e3
522.6	1.021e5
523.6	9.578e4
524.5	1.150e5
525.0	7.882e3
525.5	1.004e5
526.1	5.773e3
526.6	1.949e5
527.4	1.056e5
528.4	4.491e4
529.0	2.277e3
529.5	1.385e5
530.1	2.635e3
530.6	9.179e4
531.4	1.453e5
532.0	1.125e3
532.5	7.052e4
533.1	8.092e3
533.7	1.753e5
534.6	5.596e4
535.5	3.321e4
536.5	4.258e4
537.5	5.030e4
538.3	1.035e5
539.3	6.525e4
540.0	1.017e4
540.6	1.419e5
541.6	1.002e5
542.5	4.514e4
543.5	8.058e4
544.1	2.316e3
544.6	8.067e4
545.6	2.081e5
546.6	1.077e5
547.6	8.346e4
548.1	1.821e3
548.6	1.385e5
549.5	5.226e4
550.4	4.184e4
551.3	2.915e4
552.2	5.200e4
552.8	8.423e3
553.4	9.061e4
553.9	8.614e3
554.6	8.676e4
555.1	4.126e3
555.6	1.776e5
556.5	6.215e4
557.0	1.460e3
557.5	5.181e4
558.5	3.656e4
559.0	3.335e3
559.6	1.927e5
560.6	1.111e5
561.5	7.056e4
562.1	4.208e3
562.7	1.029e5
563.6	6.175e4
564.5	3.630e4
565.4	2.448e4
566.3	3.092e4
567.2	8.761e4
567.9	1.446e4
568.5	6.809e4
569.0	6.420e2
569.5	6.532e4
570.1	8.234e3
570.7	1.141e5
571.6	5.253e4
572.5	2.938e4
573.1	2.693e3
573.6	1.156e5
574.1	6.810e2
574.7	7.410e4
575.5	1.106e5
576.6	5.927e4
577.5	1.397e5
578.4	7.034e4
579.4	4.014e4
580.4	3.079e4
581.0	5.896e3
581.6	5.044e4
582.6	6.345e4
583.5	4.189e4
584.1	5.069e3
584.7	8.707e4
585.6	5.976e4
586.6	3.712e4
587.1	1.960e2
587.6	5.761e4
588.1	7.420e2
588.6	3.788e4
589.6	1.447e5
590.6	7.214e4
591.1	9.920e2
591.6	4.473e4
592.2	5.584e3
592.8	8.684e4
593.6	3.993e4
594.5	3.284e4
595.5	3.927e4
596.5	3.161e4
597.3	6.111e4
598.0	1.079e4
598.7	5.877e4
599.6	1.025e5
600.5	4.140e4
601.5	4.091e4
602.5	2.807e4
603.1	1.808e3
603.6	1.505e5
604.2	2.360e2
604.7	7.820e4
605.7	5.724e4
606.2	1.535e3
606.8	6.682e4
607.7	3.742e4
608.7	2.813e4
609.6	1.958e4
610.6	2.771e4
611.6	4.290e4
612.1	4.710e2
612.6	5.612e4
613.5	3.987e4
614.1	4.923e3
614.7	6.521e4
615.6	4.264e4
616.1	2.670e3
616.6	2.754e4
617.6	9.598e4
618.7	5.026e4
619.6	9.980e4
620.2	7.850e2
620.7	5.964e4
621.2	1.502e3
621.7	6.493e4
622.5	2.522e4
623.4	1.894e4
624.0	3.300e2
624.5	2.060e4
625.1	4.818e3
625.7	3.740e4
626.7	3.868e4
627.6	2.865e4
628.1	2.106e3
628.7	6.334e4
629.6	4.004e4
630.6	2.453e4
631.1	7.520e2
631.7	4.469e4
632.2	6.020e2
632.7	3.005e4
633.7	1.214e5
634.2	2.456e3
634.7	8.042e4
635.7	4.124e4
636.2	1.921e3
636.7	4.172e4
637.6	2.474e4
638.2	1.069e3
638.7	2.187e4
639.6	1.765e4
640.6	2.342e4
641.4	3.667e4
642.0	3.302e3
642.6	5.829e4
643.1	1.437e3
643.7	5.760e4
644.6	3.574e4
645.1	2.274e3
645.7	2.814e4
646.5	2.433e4
647.1	2.411e3
647.7	1.218e5
648.2	1.032e3
648.7	6.603e4
649.7	3.607e4
650.2	2.073e3
650.8	3.875e4
651.7	2.712e4
652.6	1.342e4
653.5	1.593e4
654.1	3.231e3
654.7	1.785e4
655.6	3.097e4
656.6	4.442e4
657.1	2.230e2
657.6	3.350e4
658.6	4.235e4
659.5	2.836e4
660.1	3.272e3
660.7	1.973e4
661.7	7.684e4
662.7	3.884e4
663.7	1.725e5
664.6	8.954e4
665.2	1.634e3
665.7	4.856e4
666.7	2.872e4
667.6	1.914e4
668.1	5.200e2
668.7	1.462e4
669.6	3.822e4
670.5	4.196e4
671.0	5.450e2
671.6	2.997e4
672.1	2.573e3
672.7	4.192e4
673.7	3.997e4
674.7	2.275e4
675.7	4.082e4
676.7	2.474e4
677.2	5.550e2
677.7	9.356e4
678.6	4.678e4
679.7	2.386e4
680.6	2.331e4
681.5	1.811e4
682.6	1.946e4
683.6	1.738e4
684.1	2.137e3
684.7	1.939e4
685.6	5.233e5
686.7	2.936e5
687.7	9.908e4
688.6	3.438e4
689.1	3.055e3
689.7	3.325e4
690.7	2.466e4
691.2	1.801e3
691.7	1.099e5
692.7	6.817e4
693.7	3.458e4
694.2	1.075e3
694.7	2.612e4
695.7	1.705e4
696.3	3.882e3
696.9	1.830e4
697.8	1.032e4
698.7	1.506e4
699.7	3.349e4
700.7	3.672e4
701.6	6.152e4
702.2	1.320e3
702.7	5.052e4
703.7	5.801e4
704.2	7.640e2
704.7	2.723e4
705.7	7.113e4
706.2	1.549e3
706.8	5.199e4
707.7	4.811e4
708.7	1.027e5
709.7	7.325e4
710.7	2.951e4
711.7	2.141e4
712.6	1.865e4
713.1	2.830e2
713.7	2.641e4
714.2	3.780e2
714.7	2.663e4
715.7	2.434e4
716.2	3.880e2
716.7	3.534e4
717.7	2.694e4
718.2	3.064e3
718.8	1.543e4
719.7	4.024e4
720.7	2.536e4
721.7	8.618e4
722.7	4.970e4
723.6	2.104e4
724.3	4.181e4
724.9	3.096e3
725.5	5.418e4
726.1	1.488e3
726.6	1.519e5
727.1	1.880e3
727.7	8.331e4
728.2	4.690e2
728.7	4.619e4
729.7	2.793e4
730.2	2.180e2
730.8	3.829e4
731.8	2.847e4
732.7	1.954e4
733.7	2.406e4
734.7	2.076e4
735.2	4.980e2
735.7	8.880e4
736.2	8.150e2
736.8	6.726e4
737.7	4.041e4
738.7	2.563e4
739.5	1.687e4
740.4	1.255e4
741.2	1.254e4
742.1	2.171e4
742.8	8.034e3
743.6	1.874e4
744.1	2.590e3
744.7	3.449e4
745.7	2.864e4
746.2	1.309e3
746.8	3.013e4
747.6	1.666e4
748.4	2.270e4
749.1	6.984e3
749.7	9.407e4
750.7	5.654e4
751.7	4.854e4
752.7	2.603e4
753.6	3.460e4
754.6	6.431e4
755.1	7.520e2
755.6	4.563e4
756.6	3.718e4
757.2	8.180e2
757.7	2.558e4
758.7	4.393e4
759.6	1.417e5
760.1	7.600e1
760.6	9.960e4
761.6	4.206e4
762.6	1.916e4
763.2	2.174e3
763.8	3.578e4
764.7	2.042e4
765.7	6.410e4
766.7	3.951e4
767.7	2.144e4
768.6	1.309e4
769.5	1.644e4
770.2	5.202e3
770.9	2.536e4
771.7	1.055e4
772.6	1.289e4
773.5	1.805e4
774.2	5.813e3
774.9	3.264e4
775.8	2.648e4
776.8	1.817e4
777.7	2.166e4
778.2	4.680e2
778.8	2.188e4
779.3	6.440e2
779.8	7.497e4
780.3	1.018e3
780.8	5.285e4
781.8	2.935e4
782.3	2.716e3
782.8	3.879e4
783.8	2.360e4
784.8	2.041e4
785.3	5.350e2
785.8	1.671e4
786.3	3.180e2
786.8	1.864e4
787.8	2.275e4
788.4	1.092e3
788.9	2.349e4
789.8	1.870e4
790.7	1.161e4
791.5	2.868e4
792.0	8.070e2
792.5	1.795e4
793.2	3.668e3
793.8	5.192e4
794.8	2.979e4
795.8	3.249e4
796.7	5.041e4
797.7	3.265e4
798.7	2.171e4
799.6	1.553e4
800.2	1.192e3
800.8	1.775e4
801.7	1.748e4
802.7	2.045e4
803.6	1.826e4
804.2	1.750e3
804.8	3.196e4
805.8	2.217e4
806.7	1.691e4
807.7	2.874e4
808.7	1.961e4
809.3	6.230e2
809.8	4.963e4
810.8	3.414e4
811.7	1.980e4
812.3	5.590e2
812.8	1.614e4
813.8	9.297e3
814.7	1.196e4
815.3	2.348e3
815.9	1.689e4
816.7	1.021e4
817.7	1.444e4
818.2	4.890e2
818.7	3.335e4
819.7	2.205e4
820.2	4.250e2
820.7	1.485e4
821.2	4.630e2
821.8	1.585e4
822.8	1.475e4
823.3	8.700e1
823.8	4.814e4
824.8	3.020e4
825.7	2.337e4
826.7	1.444e4
827.7	1.252e4
828.2	8.050e2
828.8	9.732e3
829.7	1.083e4
830.7	9.485e3
831.2	3.050e2
831.7	1.033e4
832.2	2.750e2
832.8	2.497e4
833.3	1.221e3
833.9	1.875e4
834.8	1.417e4
835.6	2.069e4
836.2	8.640e2
836.8	1.344e4
837.8	3.012e4
838.3	1.059e3
838.9	2.840e4
839.8	2.146e4
840.3	4.940e2
840.8	2.857e4
841.4	4.640e2
841.9	1.974e4
842.8	1.290e4
843.3	1.030e2
843.8	1.041e4
844.8	1.147e4
845.8	1.423e4
846.3	1.280e2
846.8	1.677e4
847.7	1.358e4
848.3	1.830e3
848.9	1.937e4
849.8	1.176e4
850.7	1.449e4
851.3	9.940e2
851.9	2.295e4
852.8	1.340e4
853.4	1.679e3
854.0	2.934e4
854.9	1.460e4
855.4	1.730e2
855.9	1.347e4
856.8	9.782e3
857.9	9.634e3
858.4	1.800e1
858.9	8.801e3
859.8	1.332e4
860.3	3.900e1
860.8	1.017e4
861.8	1.151e4
862.8	1.531e4
863.7	1.451e4
864.7	8.949e3
865.6	1.406e4
866.2	2.093e3
866.8	1.323e4
867.8	3.088e4
868.3	1.560e2
868.9	2.107e4
869.8	1.269e4
870.6	3.094e3
871.2	1.151e4
872.0	5.793e3
872.8	1.122e4
873.8	1.411e4
874.7	1.020e4
875.7	1.514e4
876.7	1.264e4
877.3	3.002e3
878.0	1.768e4
879.0	9.435e3
880.0	1.400e4
880.9	1.249e4
881.9	2.189e4
882.4	3.150e2
883.0	1.815e4
884.0	1.648e4
884.5	4.170e2
885.0	1.433e4
885.8	4.524e3
886.5	1.134e4
887.2	3.282e3
887.9	1.016e4
888.8	5.436e3
889.6	9.193e3
890.2	1.097e3
890.8	1.446e4
891.7	1.075e4
892.6	1.559e4
893.5	1.105e4
894.1	6.540e2
894.7	9.797e3
895.2	6.890e2
895.8	1.436e4
896.3	1.635e3
897.0	1.332e4
898.0	2.313e4
898.8	1.451e4
899.7	1.064e4
900.6	1.113e4
901.6	9.431e3
902.5	9.639e3
903.1	4.560e2
903.7	1.126e4
904.4	6.342e3
905.3	1.038e4
906.1	6.369e3
907.0	1.755e4
907.9	1.139e4
908.6	3.823e3
909.2	1.387e4
909.7	2.130e2
910.2	1.145e4
911.1	4.892e3
911.9	2.566e4
912.4	9.790e2
913.0	2.085e4
913.9	1.182e4
914.7	2.541e3
915.3	7.771e3
916.1	3.255e3
916.9	1.073e4
917.8	5.120e3
918.6	8.298e3
919.6	1.061e4
920.6	8.957e3
921.5	1.739e4
922.2	3.379e3
922.9	1.389e4
923.8	1.028e4
924.8	8.569e3
925.4	2.449e3
926.0	1.650e4
927.0	1.435e4
927.9	1.297e4
928.7	4.709e3
929.5	1.010e4
930.1	1.173e3
930.7	8.734e3
931.7	5.587e3
932.3	1.130e2
932.8	8.350e3
933.3	2.270e2
933.9	7.801e3
934.9	7.702e3
935.8	1.365e4
936.8	1.451e4
937.8	1.150e4
938.7	9.567e3
939.3	1.283e3
939.8	1.023e4
940.4	3.980e2
940.9	1.159e4
941.9	1.809e4
942.5	7.440e2
943.0	1.272e4
944.0	8.225e3
944.9	5.592e3
945.7	1.082e4
946.7	7.460e3
947.3	1.874e3
947.9	7.423e3
948.8	9.728e3
949.3	9.600e1
949.8	1.083e4
950.3	1.260e2
950.9	1.056e4
951.7	4.792e3
952.6	8.024e3
953.3	2.569e3
954.0	8.429e3
955.0	4.422e3
955.9	1.590e4
956.9	1.198e4
957.9	7.682e3
958.7	6.353e3
959.6	7.006e3
960.2	3.460e2
960.7	9.879e3
961.2	2.440e2
961.8	1.023e4
962.8	6.953e3
963.3	4.130e2
963.8	8.947e3
964.3	3.420e2
964.9	8.256e3
965.4	9.330e2
966.0	7.444e3
966.9	8.204e3
967.9	1.043e4
968.4	5.000e1
968.9	8.220e3
969.4	8.700e2
970.0	1.376e4
970.9	8.147e3
971.8	1.244e4
972.4	1.858e3
973.0	9.927e3
974.0	6.642e3
975.0	1.044e4
975.9	7.380e3
976.4	4.960e2
977.0	7.373e3
977.5	3.890e2
978.1	6.742e3
978.7	1.790e3
979.3	8.437e3
980.2	1.130e4
980.9	3.498e3
981.6	9.549e3
982.6	9.391e3
983.4	5.958e3
984.2	9.632e3
985.0	5.583e3
985.8	1.494e4
986.3	1.770e2
986.9	1.097e4
987.6	3.887e3
988.4	6.902e3
988.9	3.190e2
989.4	7.362e3
990.2	3.425e3
991.0	8.028e3
991.6	4.220e2
992.2	6.324e3
992.7	1.397e3
993.3	8.249e3
994.2	6.591e3
995.1	1.082e4
996.0	6.101e3
996.8	8.687e3
997.7	6.686e3
998.7	1.051e4
999.3	1.280e3
999.9	1.319e4
1000.9	1.313e4
1001.9	8.725e3
1002.4	5.830e2
1003.0	7.472e3
1003.6	2.570e2
1004.2	6.483e3
1004.7	2.290e2
1005.2	4.827e3
1006.1	7.570e3
1006.6	4.700e1
1007.2	8.153e3
1008.1	6.547e3
1009.0	5.160e3
1009.9	1.027e4
1010.5	6.540e2
1011.0	9.743e3
1011.8	6.787e3
1012.4	1.270e2
1012.9	1.012e4
1013.5	1.840e3
1014.1	1.502e4
1014.8	2.935e3
1015.5	1.019e4
1016.3	3.276e3
1017.0	1.072e4
1017.6	3.620e2
1018.1	1.014e4
1018.8	3.104e3
1019.5	7.631e3
1020.3	3.604e3
1021.1	6.923e3
1021.7	9.210e2
1022.4	7.987e3
1023.2	4.444e3
1024.2	6.813e3
1025.1	9.711e3
1025.9	3.673e3
1026.6	5.313e3
1027.6	9.378e3
1028.1	2.700e2
1028.6	9.528e3
1029.4	3.411e3
1030.2	1.054e4
1031.0	6.396e3
1031.8	7.066e3
1032.5	2.550e3
1033.2	8.366e3
1033.8	6.510e2
1034.4	8.121e3
1035.1	1.380e3
1035.7	9.560e3
1036.5	2.435e3
1037.3	8.702e3
1038.1	3.541e3
1038.9	1.008e4
1039.8	7.169e3
1040.9	8.376e3
1041.4	1.310e2
1041.9	9.797e3
1042.9	1.040e4
1043.4	2.450e2
1044.0	1.137e4
1045.0	7.492e3
1045.9	6.568e3
1046.7	7.720e3
1047.5	3.009e3
1048.2	7.461e3
1048.8	6.860e2
1049.4	7.961e3
1050.2	2.245e3
1051.0	1.004e4
1051.5	1.980e2
1052.1	5.808e3
1053.0	8.764e3
1053.9	5.772e3
1054.9	9.128e3
1055.9	1.226e4
1056.8	6.199e3
1057.7	1.082e4
1058.4	2.463e3
1059.2	8.970e3
1060.2	7.660e3
1060.7	8.970e2
1061.3	8.923e3
1062.3	7.346e3
1063.1	2.646e3
1063.8	8.703e3
1064.5	3.096e3
1065.3	7.198e3
1066.3	8.100e3
1066.9	1.009e3
1067.4	8.271e3
1068.2	2.613e3
1068.9	8.953e3
1069.5	2.020e2
1070.0	7.228e3
1070.8	1.884e3
1071.5	8.190e3
1072.2	2.601e3
1072.9	5.860e3
1073.9	1.174e4
1074.4	3.810e2
1074.9	9.849e3
1075.9	1.174e4
1076.8	5.363e3
1077.5	1.880e4
1078.5	1.829e4
1079.5	1.811e4
1080.0	8.000e1
1080.6	1.236e4
1081.1	6.920e2
1081.6	1.051e4
1082.2	6.260e2
1082.8	9.548e3
1083.8	8.896e3
1084.7	7.076e3
1085.2	2.290e2
1085.8	7.520e3
1086.8	5.437e3
1087.8	6.140e3
1088.7	8.520e3
1089.6	6.040e3
1090.2	2.110e2
1090.7	6.578e3
1091.3	1.065e3
1092.0	8.718e3
1092.7	1.608e3
1093.3	7.185e3
1094.0	1.982e3
1094.7	6.261e3
1095.6	7.640e3
1096.1	3.300e1
1096.6	7.671e3
1097.5	7.348e3
1098.1	1.317e3
1098.6	4.745e3
1099.4	9.728e3
1100.2	1.409e3
1100.9	4.982e3
1101.7	3.861e3
1102.6	9.054e3
1103.2	3.059e3
1104.0	6.905e3
1104.9	5.724e3
1105.8	6.066e3
1106.7	7.006e3
1107.2	1.130e2
1107.8	8.982e3
1108.3	2.540e2
1108.8	4.407e3
1109.3	4.200e1
1109.9	5.299e3
1110.8	4.775e3
1111.6	7.371e3
1112.2	9.800e2
1112.8	6.575e3
1113.3	7.000e1
1113.8	4.920e3
1114.7	5.256e3
1115.7	7.850e3
1116.4	3.018e3
1117.1	6.705e3
1118.1	4.274e3
1119.1	1.004e4
1119.8	1.764e3
1120.5	1.008e4
1121.3	5.489e3
1122.4	7.428e3
1123.0	6.530e2
1123.5	6.918e3
1124.1	1.206e3
1124.7	5.836e3
1125.4	1.852e3
1126.1	4.829e3
1126.6	1.780e2
1127.1	6.981e3
1127.9	3.196e3
1128.7	7.057e3
1129.6	5.028e3
1130.2	7.450e2
1130.8	5.123e3
1131.7	1.090e4
1132.2	7.660e2
1132.8	6.521e3
1133.7	4.929e3
1134.5	6.112e3
1135.1	1.028e3
1135.8	5.062e3
1136.4	6.400e1
1136.9	8.496e3
1137.9	6.577e3
1138.5	7.480e2
1139.1	5.691e3
1139.8	2.222e3
1140.4	4.672e3
1141.2	3.893e3
1142.1	6.624e3
1143.0	7.228e3
1143.7	2.344e3
1144.4	4.371e3
1145.2	2.815e3
1145.9	7.330e3
1146.9	6.890e3
1147.7	1.741e3
1148.3	5.206e3
1149.3	6.728e3
1150.0	2.611e3
1150.7	6.584e3
1151.6	6.659e3
1152.5	8.170e3
1153.2	8.340e2
1153.9	5.760e3
1154.8	7.345e3
1155.4	6.870e2
1156.0	6.255e3
1157.0	5.524e3
1157.5	6.100e1
1158.0	1.013e4
1159.1	9.604e3
1160.0	7.946e3
1161.0	7.388e3
1161.7	8.370e2
1162.3	4.877e3
1163.2	5.011e3
1164.1	6.853e3
1164.7	8.620e2
1165.3	8.105e3
1165.9	6.920e2
1166.5	5.753e3
1167.4	3.179e3
1168.3	5.887e3
1169.0	2.981e3
1169.7	5.769e3
1170.7	6.328e3
1171.2	6.000e1
1171.8	5.980e3
1172.5	1.445e3
1173.3	7.495e3
1174.0	9.540e2
1174.6	6.757e3
1175.3	1.260e3
1176.0	7.188e3
1176.8	5.149e3
1177.4	3.310e2
1178.0	6.710e3
1178.5	1.030e2
1179.2	7.349e3
1179.9	1.946e3
1180.6	7.106e3
1181.5	6.898e3
1182.5	5.272e3
1183.3	1.351e3
1183.9	5.222e3
1184.8	4.404e3
1185.8	5.515e3
1186.7	3.854e3
1187.6	2.911e3
1188.4	5.342e3
1189.3	4.144e3
1190.1	4.190e3
1190.9	4.858e3
1191.6	9.220e2
1192.2	5.481e3
1192.8	1.189e3
1193.5	7.950e3
1194.3	2.554e3
1195.0	7.521e3
1195.7	2.887e3
1196.5	6.877e3
1197.1	4.710e2
1197.6	5.571e3
1198.3	1.457e3
1199.0	6.532e3
1199.6	9.700e2
1200.2	5.308e3
1200.8	3.540e2
1201.4	4.242e3
1202.3	4.350e3
1203.3	2.685e3
1204.2	6.203e3
1204.7	3.150e2
1205.3	4.804e3
1206.2	3.918e3
1207.1	3.602e3
1208.0	6.251e3
1208.5	2.350e2
1209.0	5.282e3
1209.9	4.136e3
1210.7	6.026e3
1211.4	2.320e3
1212.1	6.066e3
1212.7	1.850e2
1213.2	6.162e3
1213.8	1.050e3
1214.5	6.364e3
1215.2	1.303e3
1215.9	6.872e3
1216.7	1.951e3
1217.3	5.878e3
1218.2	3.799e3
1219.1	6.595e3
1219.6	3.790e2
1220.2	4.275e3
1221.1	4.823e3
1221.9	2.352e3
1222.6	5.985e3
1223.6	4.517e3
1224.5	7.073e3
1225.4	2.285e3
1226.2	7.186e3
1226.9	1.312e3
1227.7	7.568e3
1228.5	3.329e3
1229.4	6.859e3
1230.2	5.130e3
1231.0	3.326e3
1231.8	6.483e3
1232.8	4.230e3
1233.8	5.302e3
1234.5	1.000e3
1235.0	5.650e3
1235.7	2.018e3
1236.5	4.597e3
1237.4	5.790e3
1238.2	2.280e3
1239.0	4.523e3
1239.5	2.640e2
1240.0	5.692e3
1241.0	4.070e3
1241.9	4.117e3
1242.6	2.300e3
1243.3	5.721e3
1244.2	2.877e3
1245.0	6.315e3
1245.6	6.400e1
1246.1	5.207e3
1246.8	2.904e3
1247.6	6.927e3
1248.3	1.460e3
1249.1	5.015e3
1249.9	2.556e3
1250.8	5.168e3
1251.7	3.739e3
1252.7	6.829e3
1253.3	5.260e2
1253.8	4.864e3
1254.4	7.920e2
1255.0	5.283e3
1256.0	4.341e3
1256.7	1.578e3
1257.5	5.041e3
1258.4	4.512e3
1259.5	6.976e3
1260.5	5.571e3
1261.3	2.597e3
1262.1	6.319e3
1262.9	3.294e3
1263.9	3.014e3
1264.7	5.158e3
1265.5	2.453e3
1266.4	5.265e3
1267.2	2.418e3
1268.0	6.413e3
1268.6	2.770e2
1269.2	4.343e3
1270.1	5.327e3
1271.1	4.600e3
1272.1	4.862e3
1272.9	2.128e3
1273.6	4.643e3
1274.5	4.518e3
1275.3	3.888e3
1275.9	3.550e2
1276.5	6.208e3
1277.4	3.423e3
1277.9	5.140e2
1278.4	5.271e3
1279.2	2.518e3
1280.0	4.067e3
1280.6	5.060e2
1281.2	4.817e3
1281.9	2.314e3
1282.7	5.299e3
1283.3	7.000e2
1283.9	6.054e3
1284.7	3.454e3
1285.5	7.089e3
1286.4	2.741e3
1287.2	1.559e3
1287.9	6.767e3
1288.6	1.637e3
1289.3	6.196e3
1290.4	5.598e3
1290.9	8.010e2
1291.5	5.788e3
1292.0	1.780e2
1292.6	5.725e3
1293.2	8.890e2
1293.8	5.900e3
1294.5	5.940e2
1295.1	6.011e3
1296.1	5.114e3
1297.0	4.618e3
1297.7	1.416e3
1298.4	7.035e3
1299.1	1.470e3
1299.8	6.015e3
1300.3	3.950e2
1300.8	5.821e3
1301.8	6.614e3
1302.3	4.400e2
1302.9	5.573e3
1303.4	3.400e1
1303.9	4.658e3
1304.9	5.350e3
1305.7	3.300e3
1306.5	4.706e3
1307.3	2.938e3
1308.1	5.083e3
1308.8	1.261e3
1309.4	4.320e3
1310.4	5.967e3
1311.0	1.085e3
1311.6	4.245e3
1312.5	6.140e3
1313.1	3.760e2
1313.6	5.381e3
1314.2	2.550e2
1314.7	5.208e3
1315.7	5.218e3
1316.6	3.532e3
1317.5	2.115e3
1318.3	6.114e3
1318.8	1.250e2
1319.4	6.532e3
1319.9	6.840e2
1320.5	5.899e3
1321.5	4.703e3
1322.5	3.978e3
1323.5	5.675e3
1324.3	2.897e3
1325.0	5.517e3
1325.9	4.013e3
1326.8	6.480e3
1327.4	5.700e2
1327.9	5.512e3
1328.5	1.570e2
1329.1	3.867e3
1330.1	5.558e3
1331.0	5.323e3
1332.0	3.839e3
1332.6	7.980e2
1333.3	5.540e3
1334.0	9.200e2
1334.6	4.837e3
1335.4	1.687e3
1336.1	8.137e3
1337.0	3.340e3
1337.9	5.177e3
1338.9	3.865e3
1339.8	3.196e3
1340.3	6.600e1
1340.9	5.466e3
1341.7	4.208e3
1342.6	6.199e3
1343.4	2.704e3
1344.2	7.042e3
1345.0	2.826e3
1345.8	4.622e3
1346.3	2.800e1
1346.9	4.948e3
1347.5	9.360e2
1348.2	4.320e4
1349.2	4.669e4
1350.2	2.168e4
1351.2	1.199e4
1352.2	6.146e3
1353.2	4.012e3
1353.9	1.550e3
1354.6	5.438e3
1355.4	2.704e3
1356.2	5.147e3
1357.2	4.516e3
1358.0	6.310e3
1359.0	4.327e3
1360.0	5.238e3
1360.7	7.740e2
1361.3	6.065e3
1362.1	1.528e3
1362.9	3.853e3
1363.4	4.090e2
1363.9	4.134e3
1364.9	5.194e3
1365.4	5.000e2
1366.0	6.334e3
1366.8	5.610e3
1367.4	6.370e2
1367.9	6.129e3
1368.8	3.229e3
1369.6	6.697e3
1370.4	4.153e3
1371.2	1.900e3
1371.9	5.951e3
1372.7	2.714e3
1373.5	5.221e3
1374.6	4.477e3
1375.3	1.845e3
1376.1	4.815e3
1376.6	9.300e1
1377.1	5.605e3
1378.1	5.057e3
1378.7	4.200e2
1379.3	5.474e3
1379.8	2.100e2
1380.3	3.661e3
1380.9	3.440e2
1381.4	6.051e3
1382.1	2.586e3
1382.9	6.113e3
1383.5	1.154e3
1384.2	3.383e3
1385.1	4.556e3
1385.8	5.950e2
1386.4	4.737e3
1386.9	1.110e2
1387.6	6.149e3
1388.3	1.837e3
1389.0	5.888e3
1389.6	2.260e2
1390.3	4.058e3
1391.1	2.804e3
1391.9	3.097e3
1392.6	7.260e2
1393.1	3.805e3
1394.1	5.124e3
1394.7	5.130e2
1395.3	5.402e3
1396.2	3.528e3
1397.2	3.135e3
1397.8	6.100e1
1398.3	5.996e3
1399.1	3.410e3
1400.0	5.306e3
1400.5	1.540e2
1401.1	6.130e3
1401.8	2.156e3
1402.6	5.100e3
1403.6	4.727e3
1404.2	1.790e2
1404.7	4.893e3
1405.3	1.090e2
1405.8	3.603e3
1406.3	1.710e2
1406.9	4.844e3
1407.7	2.350e3
1408.7	3.542e3
1409.7	4.555e3
1410.4	9.870e2
1411.0	5.742e3
1411.7	9.110e2
1412.4	4.317e3
1413.1	1.454e3
1413.8	5.302e3
1414.5	1.205e3
1415.2	3.934e3
1416.2	3.975e3
1416.7	3.000e2
1417.3	5.166e3
1418.3	5.066e3
1419.1	2.635e3
1419.9	5.201e3
1421.0	4.153e3
1421.9	5.183e3
1422.7	1.405e3
1423.4	5.022e3
1424.1	1.056e3
1424.8	5.656e3
1425.6	1.553e3
1426.4	3.578e3
1426.9	5.100e1
1427.4	4.294e3
1428.0	3.840e2
1428.6	4.079e3
1429.1	6.200e1
1429.6	4.679e3
1430.4	2.194e3
1431.3	3.752e3
1432.2	4.602e3
1433.0	2.119e3
1433.7	3.725e3
1434.6	2.529e3
1435.6	3.790e3
1436.5	3.162e3
1437.3	5.657e3
1438.1	1.857e3
1438.9	4.169e3
1439.5	6.500e1
1440.0	4.571e3
1440.7	1.231e3
1441.5	3.900e3
1442.1	7.600e2
1442.8	5.070e3
1443.5	2.227e3
1444.3	5.491e3
1444.9	8.500e2
1445.5	4.360e3
1446.5	3.840e3
1447.3	1.524e3
1448.1	3.345e3
1448.9	1.504e3
1449.6	3.818e3
1450.2	1.870e2
1450.8	4.800e3
1451.7	3.363e3
1452.2	4.520e2
1452.7	4.611e3
1453.4	7.040e2
1454.1	3.119e3
1455.1	2.395e3
1456.0	3.900e3
1456.8	2.310e3
1457.6	4.384e3
1458.3	1.177e3
1459.0	3.560e3
1459.8	1.526e3
1460.6	3.645e3
1461.3	5.960e2
1461.9	5.285e3
1462.8	3.094e3
1463.3	3.510e2
1463.9	4.430e3
1464.4	2.170e2
1465.0	3.013e3
1465.5	1.040e2
1466.0	3.458e3
1466.9	2.585e3
1467.8	3.665e3
1468.8	3.900e3
1469.6	5.491e3
1470.5	2.800e3
1471.4	6.064e3
1472.3	2.906e3
1473.3	3.465e3
1474.0	5.150e2
1474.6	5.019e3
1475.4	2.924e3
1476.5	5.024e3
1477.4	3.694e3
1478.4	3.921e3
1479.3	1.753e3
1480.1	4.022e3
1480.6	1.640e2
1481.1	2.509e3
1482.0	4.519e3
1482.7	1.690e3
1483.5	2.749e3
1484.3	1.283e3
1484.9	5.318e3
1485.9	3.613e3
1486.7	3.686e3
1487.3	3.700e2
1487.9	4.107e3
1488.6	9.340e2
1489.3	4.116e3
1490.0	1.300e3
1490.7	4.072e3
1491.7	1.365e3
1492.5	4.526e3
1493.2	1.887e3
1494.0	3.032e3
1495.0	2.665e3
1495.7	1.569e3
1496.5	5.017e3
1497.2	1.424e3
1497.9	3.145e3
1498.7	2.531e3
1499.4	4.650e2
1500.1	3.564e3
1500.7	3.910e2
1501.2	4.429e3
1501.8	2.300e2
1502.3	2.941e3
1503.2	4.330e3
1504.2	2.718e3
1505.1	7.420e2
1505.8	4.152e3
1506.7	1.842e3
1507.5	3.562e3
1508.0	1.000e1
1508.5	3.644e3
1509.4	2.636e3
1510.3	4.429e3
1510.8	2.200e1
1511.3	3.776e3
1512.3	2.754e3
1513.2	3.540e3
1514.1	2.294e3
1515.0	2.805e3
1515.9	2.733e3
1516.7	3.810e3
1517.2	3.780e2
1517.8	1.626e3
1518.6	2.466e3
1519.6	4.521e3
1520.1	2.410e2
1520.7	3.120e3
1521.3	1.290e2
1521.8	3.861e3
1522.7	3.486e3
1523.6	3.341e3
1524.7	2.789e3
1525.4	7.930e2
1526.0	4.654e3
1526.5	5.440e2
1527.1	2.319e3
1528.1	3.390e3
1528.7	1.125e3
1529.4	4.387e3
1530.0	6.190e2
1530.7	3.482e3
1531.7	2.228e3
1532.2	4.300e1
1532.7	4.067e3
1533.3	7.460e2
1534.1	2.747e3
1534.6	9.400e1
1535.2	4.645e3
1536.1	1.988e3
1536.9	2.629e3
1537.8	3.958e3
1538.8	3.176e3
1539.9	2.598e3
1540.8	3.589e3
1541.4	4.830e2
1542.0	2.291e3
1542.8	3.220e3
1543.5	1.324e3
1544.3	3.426e3
1545.2	4.242e3
1546.1	3.856e3
1546.9	1.626e3
1547.7	4.304e3
1548.5	1.905e3
1549.4	4.312e3
1550.2	1.373e3
1551.0	5.575e3
1551.9	3.024e3
1552.7	1.657e3
1553.4	1.794e3
1554.2	3.845e3
1555.0	1.902e3
1555.7	4.647e3
1556.3	3.170e2
1556.9	2.756e3
1557.6	1.043e3
1558.3	4.523e3
1559.3	3.935e3
1560.1	2.269e3
1560.7	9.170e2
1561.3	3.488e3
1562.3	3.769e3
1563.4	4.449e3
1564.1	1.135e3
1564.7	3.656e3
1565.4	1.158e3
1566.1	3.320e3
1566.6	8.500e1
1567.1	3.568e3
1568.0	3.137e3
1568.9	2.186e3
1569.5	8.270e2
1570.2	3.576e3
1571.0	2.539e3
1571.8	3.769e3
1572.8	2.743e3
1573.7	3.470e3
1574.4	1.130e3
1575.1	4.425e3
1576.1	2.407e3
1577.0	2.468e3
1577.5	1.190e2
1578.1	3.372e3
1579.0	5.216e3
1579.7	4.020e2
1580.3	4.672e3
1580.9	1.030e2
1581.4	4.704e3
1582.3	3.194e3
1582.9	1.580e2
1583.4	3.043e3
1584.0	5.870e2
1584.7	2.819e3
1585.6	3.570e3
1586.5	2.368e3
1587.5	2.956e3
1588.4	2.789e3
1589.3	4.169e3
1590.2	2.044e3
1591.1	3.233e3
1592.1	4.406e3
1593.0	1.941e3
1593.8	4.497e3
1594.3	9.200e1
1594.9	2.546e3
1595.6	1.662e3
1596.5	2.945e3
1597.2	7.280e2
1597.9	3.564e3
1598.5	5.540e2
1599.1	2.215e3
1600.1	3.101e3
1600.8	9.440e2
1601.5	4.234e3
1602.0	4.540e2
1602.6	2.159e3
1603.4	4.444e3
1604.0	3.980e2
1604.7	3.303e3
1605.5	1.436e3
1606.3	3.700e3
1607.0	1.521e3
1607.8	2.440e3
1608.6	2.897e3
1609.4	1.309e3
1610.2	4.398e3
1611.1	1.760e3
1611.7	1.056e3
1612.6	3.080e3
1613.5	1.339e3
1614.4	3.334e3
1615.4	3.119e3
1616.3	3.118e3
1616.9	4.330e2
1617.5	3.377e3
1618.1	1.700e2
1618.6	2.262e3
1619.3	6.940e2
1620.1	2.567e3
1621.0	2.409e3
1621.9	2.651e3
1622.5	1.221e3
1623.2	4.569e3
1624.0	2.138e3
1625.0	3.601e3
1625.6	1.008e3
1626.3	2.511e3
1626.9	5.260e2
1627.5	2.707e3
1628.1	3.140e2
1628.7	2.924e3
1629.5	9.490e2
1630.2	3.499e3
1630.8	6.820e2
1631.4	3.038e3
1632.2	2.338e3
1632.9	9.580e2
1633.5	3.110e3
1634.5	4.798e3
1635.2	1.404e3
1635.9	2.641e3
1636.5	3.990e2
1637.1	3.919e3
1638.1	4.436e3
1639.1	3.543e3
1639.7	3.190e2
1640.3	2.969e3
1640.8	1.370e2
1641.3	3.844e3
1642.1	8.540e2
1643.0	2.600e3
1643.6	3.090e2
1644.1	3.501e3
1644.7	2.570e2
1645.3	4.119e3
1646.3	2.220e3
1647.2	3.177e3
1648.0	1.851e3
1649.0	3.375e3
1649.7	9.300e2
1650.3	4.376e3
1651.2	2.116e3
1652.1	4.417e3
1652.8	7.130e2
1653.6	3.379e3
1654.4	8.630e2
1655.2	4.006e3
1656.1	3.154e3
1657.2	1.476e3
1658.0	3.772e3
1658.6	9.000e0
1659.1	4.494e3
1660.0	3.061e3
1661.1	2.018e3
1662.0	3.434e3
1662.9	2.013e3
1663.7	2.047e3
1664.4	2.871e3
1665.0	6.200e2
1665.6	2.440e3
1666.2	2.240e2
1666.8	2.891e3
1667.7	1.872e3
1668.5	3.016e3
1669.1	6.470e2
1669.7	3.267e3
1670.4	9.140e2
1671.1	2.779e3
1671.8	5.390e2
1672.4	2.832e3
1673.2	2.117e3
1673.9	1.380e3
1674.7	1.686e3
1675.5	2.452e3
1676.5	2.022e3
1677.5	2.776e3
1678.1	7.680e2
1678.8	3.602e3
1679.7	1.888e3
1680.7	3.313e3
1681.7	2.746e3
1682.3	9.460e2
1683.1	2.796e3
1684.0	2.219e3
1684.9	1.739e3
1685.7	3.099e3
1686.3	3.180e2
1686.9	3.562e3
1687.7	1.542e3
1688.6	3.235e3
1689.6	2.098e3
1690.5	3.982e3
1691.4	2.492e3
1691.9	3.620e2
1692.5	2.373e3
1693.4	3.044e3
1693.9	1.450e2
1694.5	2.943e3
1695.5	4.756e3
1696.1	5.100e2
1696.7	2.753e3
1697.4	9.460e2
1698.1	3.738e3
1698.7	5.300e2
1699.2	2.080e3
1700.1	2.675e3
1701.0	2.727e3
1701.6	1.670e2
1702.1	3.258e3
1702.7	4.580e2
1703.4	2.511e3
1704.3	3.249e3
1704.9	2.340e2
1705.4	3.226e3
1706.0	7.080e2
1706.7	3.065e3
1707.7	2.681e3
1708.5	1.145e3
1709.2	2.581e3
1710.0	1.127e3
1710.7	3.864e3
1711.4	9.200e2
1712.2	3.136e3
1712.9	4.170e2
1713.5	2.150e3
1714.4	2.494e3
1715.2	1.044e3
1716.1	2.812e3
1717.1	2.586e3
1718.0	2.352e3
1718.9	2.917e3
1719.9	1.359e3
1720.7	2.644e3
1721.5	1.402e3
1722.5	2.465e3
1723.3	2.561e3
1724.0	1.190e3
1724.8	1.677e3
1725.6	2.496e3
1726.3	1.142e3
1727.2	2.916e3
1727.7	3.410e2
1728.4	2.087e3
1729.4	2.977e3
1730.2	1.460e3
1730.9	2.779e3
1731.5	4.030e2
1732.1	2.984e3
1733.0	1.466e3
1733.9	4.368e3
1734.4	1.650e2
1734.9	1.675e3
1735.9	4.399e3
1736.6	1.332e3
1737.3	2.765e3
1737.9	1.190e2
1738.4	3.217e3
1739.0	3.160e2
1739.6	2.653e3
1740.6	1.120e3
1741.4	2.919e3
1742.2	1.609e3
1743.0	2.499e3
1743.9	4.644e3
1744.4	2.490e2
1745.0	2.680e3
1745.5	8.000e1
1746.2	2.516e3
1747.1	1.444e3
1748.1	2.005e3
1749.0	1.733e3
1749.6	1.950e2
1750.1	2.908e3
1750.6	4.400e1
1751.1	2.597e3
1751.8	6.860e2
1752.5	3.008e3
1753.4	1.512e3
1754.5	2.569e3
1755.3	1.509e3
1756.2	2.689e3
1756.8	3.490e2
1757.5	2.511e3
1758.2	7.660e2
1758.7	2.640e3
1759.2	1.080e2
1759.7	2.267e3
1760.5	1.090e3
1761.3	2.370e3
1762.1	6.090e2
1762.8	2.555e3
1763.4	4.270e2
1764.1	3.139e3
1765.0	2.901e3
1766.0	2.531e3
1766.9	2.945e3
1767.8	1.051e3
1768.6	3.777e3
1769.5	3.332e3
1770.2	1.524e3
1771.0	3.496e3
1771.7	6.500e2
1772.5	3.390e3
1773.4	2.372e3
1774.1	8.460e2
1774.8	2.758e3
1775.6	1.512e3
1776.4	2.141e3
1777.0	2.850e2
1777.6	2.763e3
1778.7	1.011e3
1779.5	2.546e3
1780.0	5.000e0
1780.5	3.541e3
1781.4	2.342e3
1782.0	3.990e2
1782.6	1.773e3
1783.2	2.920e2
1783.8	2.898e3
1784.5	7.370e2
1785.2	2.835e3
1785.9	1.169e3
1786.8	3.179e3
1787.5	1.282e3
1788.3	3.174e3
1789.1	1.156e3
1789.9	3.554e3
1790.8	2.295e3
1791.8	2.260e3
1792.4	2.890e2
1793.0	2.250e3
1793.9	2.545e3
1794.7	7.440e2
1795.4	3.485e3
1796.3	4.045e3
1797.1	6.560e2
1797.9	1.417e3
1798.8	3.289e3
1799.6	1.862e3
1800.5	2.021e3
1801.6	1.886e3
1802.3	1.048e3
1802.9	2.519e3
1803.9	1.252e3
1804.8	2.729e3
1805.8	2.097e3
1806.7	2.167e3
1807.7	2.030e3
1808.3	5.690e2
1808.9	1.965e3
1809.7	7.750e2
1810.4	3.778e3
1811.2	7.800e2
1812.1	2.316e3
1812.6	9.300e1
1813.2	9.880e2
1814.0	2.621e3
1814.7	6.560e2
1815.4	1.907e3
1816.2	5.290e2
1816.8	3.445e3
1817.8	2.440e3
1818.8	2.141e3
1819.4	1.630e2
1820.0	2.097e3
1820.8	5.000e2
1821.4	3.057e3
1822.1	5.740e2
1822.9	2.785e3
1823.6	4.910e2
1824.3	2.204e3
1824.9	1.350e2
1825.5	3.556e3
1826.2	9.460e2
1826.9	2.731e3
1827.9	2.527e3
1828.9	1.200e3
1829.7	2.334e3
1830.3	1.240e2
1830.9	2.145e3
1831.4	1.400e1
1832.0	2.017e3
1832.7	2.430e2
1833.2	2.097e3
1834.2	2.396e3
1835.3	1.982e3
1835.9	1.660e2
1836.5	3.005e3
1837.4	8.390e2
1838.2	2.558e3
1839.1	1.415e3
1840.0	1.928e3
1840.6	2.810e2
1841.2	2.376e3
1841.8	2.810e2
1842.4	2.099e3
1843.3	1.813e3
1843.8	5.400e1
1844.4	1.986e3
1845.4	2.439e3
1846.3	2.773e3
1847.0	3.140e2
1847.6	3.158e3
1848.3	7.980e2
1849.1	3.488e3
1849.8	6.310e2
1850.7	2.929e3
1851.5	1.263e3
1852.4	1.917e3
1853.4	1.224e3
1854.1	2.540e3
1854.8	1.460e2
1855.4	1.403e3
1856.0	1.400e2
1856.6	2.196e3
1857.6	2.969e3
1858.7	2.050e3
1859.5	9.060e2
1860.3	3.273e3
1861.1	1.506e3
1862.0	1.636e3
1862.9	2.394e3
1863.5	4.340e2
1864.1	2.092e3
1864.6	4.000e0
1865.2	3.268e3
1866.1	2.118e3
1867.1	2.000e3
1867.9	1.173e3
1868.7	3.080e3
1869.7	1.810e3
1870.4	9.890e2
1871.2	2.292e3
1872.2	2.926e3
1873.3	1.985e3
1874.3	2.530e3
1875.2	2.467e3
1876.1	2.215e3
1877.0	1.410e3
1877.5	6.000e1
1878.1	1.651e3
1879.1	1.137e3
1880.1	1.823e3
1880.7	6.800e1
1881.2	3.196e3
1881.8	3.270e2
1882.5	1.129e3
1883.2	2.051e3
1884.1	3.570e3
1885.0	2.173e3
1885.9	2.053e3
1886.8	1.606e3
1887.4	1.050e2
1887.9	2.026e3
1888.8	3.281e3
1889.6	8.240e2
1890.5	2.060e3
1891.2	1.347e3
1892.0	2.375e3
1893.0	3.954e3
1894.0	8.590e2
1894.8	3.152e3
1895.4	1.000e2
1896.0	5.700e2
1896.7	2.120e3
1897.7	2.453e3
1898.3	2.420e2
1899.1	1.410e3
1899.6	7.100e1
1900.1	2.137e3
1900.7	6.570e2
1901.5	1.764e3
1902.1	1.020e2
1902.6	1.702e3
1903.4	1.483e3
1904.2	5.770e2
1905.1	3.032e3
1905.7	1.010e3
1906.5	2.577e3
1907.0	1.710e2
1907.6	2.536e3
1908.4	7.820e2
1909.0	4.160e2
1909.7	1.650e3
1910.6	1.946e3
1911.3	2.860e2
1912.0	2.347e3
1913.0	1.707e3
1913.6	4.900e1
1914.1	3.175e3
1914.7	1.290e2
1915.3	1.724e3
1916.3	1.873e3
1917.3	2.044e3
1918.2	1.057e3
1919.0	2.496e3
1919.6	3.540e2
1920.2	1.596e3
1921.3	2.212e3
1922.1	3.370e2
1922.6	2.395e3
1923.5	2.049e3
1924.5	2.563e3
1925.4	1.494e3
1926.0	3.230e2
1926.6	1.125e3
1927.1	1.490e2
1927.7	3.159e3
1928.4	7.990e2
1929.1	2.907e3
1930.1	1.361e3
1931.0	1.270e3
1931.6	8.000e1
1932.1	2.002e3
1933.0	2.570e3
1933.9	1.760e3
1934.5	4.310e2
1935.3	2.025e3
1935.9	2.800e1
1936.5	3.383e3
1937.3	1.542e3
1938.2	2.294e3
1938.8	9.220e2
1939.6	1.888e3
1940.1	7.400e1
1940.6	1.224e3
1941.5	2.473e3
1942.2	7.000e2
1943.0	1.538e3
1943.8	3.297e3
1944.4	3.490e2
1945.0	2.761e3
1945.9	6.950e2
1946.8	1.810e3
1947.7	1.297e3
1948.2	9.000e1
1948.8	1.907e3
1949.9	7.190e2
1950.7	1.515e3
1951.7	9.800e2
1952.3	8.500e1
1952.8	1.468e3
1953.8	1.857e3
1954.7	1.619e3
1955.7	2.134e3
1956.7	2.068e3
1957.7	1.417e3
1958.6	6.400e2
1959.4	1.549e3
1960.1	4.980e2
1960.8	2.407e3
1961.3	1.390e2
1961.8	2.691e3
1962.4	4.700e2
1963.1	2.003e3
1964.0	2.248e3
1965.0	1.686e3
1965.6	7.500e1
1966.1	2.078e3
1966.7	2.260e2
1967.3	1.331e3
1968.2	1.490e3
1968.8	1.380e2
1969.3	1.228e3
1970.2	1.974e3
1971.2	9.940e2
1971.9	2.371e3
1972.8	2.949e3
1973.7	1.812e3
1974.6	1.757e3
1975.3	8.790e2
1976.0	1.537e3
1976.6	1.740e2
1977.2	2.218e3
1978.2	1.791e3
1978.7	1.110e2
1979.2	3.541e3
1979.8	2.210e2
1980.4	2.499e3
1981.3	1.684e3
1982.0	3.090e2
1982.9	2.575e3
1983.9	2.064e3
1984.4	1.200e1
1984.9	1.842e3
1985.5	1.760e2
1986.0	2.670e3
1986.8	1.007e3
1987.5	1.966e3
1988.4	1.316e3
1989.3	1.869e3
1990.0	1.127e3
1990.9	8.140e2
1991.6	1.965e3
1992.5	1.793e3
1993.5	2.465e3
1994.5	1.936e3
1995.4	1.032e3
1996.1	1.628e3
1996.9	1.751e3
1998.0	2.153e3
1998.9	2.330e3
1999.7	6.320e2
