100.3	1.730e2
100.9	6.872e4
101.9	2.051e4
102.5	4.300e1
103.0	4.471e4
104.0	6.461e3
105.0	2.801e3
105.8	2.770e2
107.0	1.086e3
108.0	7.400e1
108.6	3.000e1
109.2	1.422e3
110.0	3.240e2
110.5	1.100e1
111.0	8.968e3
112.0	5.460e2
113.0	4.982e4
114.0	2.104e3
114.9	1.212e4
115.5	6.180e2
116.0	2.276e4
116.9	2.012e5
117.4	2.380e2
118.0	2.978e4
119.0	1.504e4
119.9	3.233e3
121.2	5.350e2
122.0	6.830e2
123.1	3.290e2
124.0	1.542e3
125.0	5.865e3
126.0	9.470e2
126.5	1.040e2
127.1	2.911e3
128.0	5.209e3
129.1	1.362e4
130.0	1.496e4
131.0	1.278e4
131.5	3.690e2
132.0	1.727e3
133.1	2.198e4
134.1	2.048e3
135.1	8.661e3
135.8	2.172e3
136.5	7.870e2
137.0	1.298e4
138.0	1.532e3
139.1	1.857e3
140.2	9.100e2
141.1	2.123e3
142.0	9.620e2
143.0	2.240e3
144.0	2.716e3
145.0	1.358e4
146.0	3.347e4
147.0	2.914e4
148.0	2.241e3
149.0	4.075e3
150.0	1.458e3
151.0	2.203e3
152.0	1.624e3
153.0	3.817e3
154.1	2.802e3
155.1	5.963e3
156.0	3.735e3
157.1	4.622e3
158.0	2.684e3
159.1	3.637e3
160.0	3.028e3
161.0	7.140e3
162.0	5.912e3
162.9	7.793e3
164.0	2.279e3
165.1	1.006e4
166.0	1.366e3
166.9	8.720e2
168.1	1.400e3
169.1	2.140e4
169.6	4.900e1
170.1	2.073e3
171.1	8.558e3
172.1	4.850e3
173.1	6.754e3
174.1	8.929e3
175.0	3.135e4
175.6	1.440e2
176.1	3.892e3
177.0	4.981e3
178.1	1.324e3
179.0	1.590e4
180.0	4.365e3
181.0	1.063e4
182.0	2.922e3
183.1	9.790e3
184.0	3.130e3
185.0	4.984e3
186.1	1.699e4
187.0	5.285e3
188.1	7.621e3
189.0	5.923e3
189.5	1.920e2
190.0	3.882e3
190.6	1.660e2
191.1	2.366e5
192.1	2.383e4
193.1	4.168e4
194.0	7.491e3
194.5	6.600e1
195.1	3.637e4
195.9	2.327e4
196.9	5.591e3
197.8	2.378e4
198.4	1.580e2
199.0	4.440e3
199.9	1.488e4
200.5	2.410e2
201.0	1.032e4
201.5	1.400e1
202.0	1.041e4
203.0	7.491e3
204.1	3.298e3
205.0	4.099e3
205.9	4.154e3
207.0	1.059e4
208.0	2.935e4
209.2	2.090e4
210.1	5.650e3
210.9	3.421e3
211.5	1.300e2
212.1	3.688e4
213.1	6.748e3
214.1	5.330e3
215.0	3.593e3
216.0	3.395e3
217.0	8.814e3
218.0	9.826e3
219.0	5.848e3
220.0	3.731e3
221.0	5.870e3
221.6	5.700e1
222.1	4.677e3
223.1	5.036e3
224.0	2.643e3
225.0	4.569e3
226.1	5.596e3
227.0	6.325e3
227.6	2.060e2
228.1	3.905e3
229.1	1.283e4
230.0	4.637e3
230.5	1.550e2
231.1	6.152e3
232.0	7.808e3
233.0	4.729e3
234.1	7.854e3
235.0	1.179e4
236.0	5.300e4
236.6	1.670e2
237.1	7.380e3
238.0	4.552e3
239.0	2.226e3
240.0	3.841e4
241.0	9.087e3
242.0	6.671e3
243.1	9.633e3
244.1	6.172e3
245.1	1.183e4
246.1	5.044e3
247.1	5.103e3
248.1	5.787e3
249.0	1.234e4
250.2	2.766e3
251.1	4.574e3
252.0	3.295e3
252.5	1.980e2
253.1	6.228e3
253.6	1.980e2
254.2	2.259e3
255.0	3.875e3
256.0	2.898e3
256.5	8.000e1
257.0	4.820e3
258.0	7.478e3
259.1	1.182e4
260.1	8.679e3
261.1	1.473e4
262.0	1.216e4
263.0	1.476e4
263.6	1.360e2
264.1	5.507e3
265.2	3.218e4
266.1	8.855e3
267.1	1.696e4
268.1	4.871e3
269.0	6.027e3
270.0	2.871e3
271.0	3.204e3
271.6	9.700e1
272.1	4.474e3
273.2	5.266e3
274.1	5.108e3
275.1	5.406e3
276.0	6.889e3
276.6	1.240e2
277.1	6.040e3
278.1	7.349e3
278.6	2.610e2
279.1	8.953e3
280.1	4.948e3
280.8	3.500e2
281.4	6.125e3
282.2	3.430e3
283.2	3.660e3
284.1	4.343e3
285.1	2.925e3
286.0	5.905e3
287.0	4.729e3
288.1	5.945e3
289.1	3.342e3
290.1	2.080e4
290.6	2.080e2
291.1	8.310e3
292.1	7.117e3
293.1	7.183e3
294.0	3.993e3
294.6	1.820e2
295.1	2.607e4
296.1	8.149e3
296.6	3.050e2
297.3	1.142e4
298.1	5.699e3
299.1	6.303e3
299.6	5.800e1
300.2	5.842e3
301.1	3.513e3
302.1	6.863e3
303.1	5.437e3
304.1	5.618e3
305.0	7.793e3
306.1	1.282e4
306.6	6.600e1
307.2	9.650e3
308.1	3.192e4
308.6	5.230e2
309.2	1.130e4
310.1	9.900e3
311.0	9.939e3
312.0	1.008e4
313.1	1.803e4
314.1	7.180e3
315.2	1.541e4
316.1	7.417e3
317.1	1.630e4
317.6	1.410e2
318.1	6.661e3
319.0	5.062e3
320.1	8.350e3
321.1	1.125e4
321.6	2.260e2
322.2	4.078e3
323.1	8.440e3
323.6	2.520e2
324.2	2.388e5
325.2	4.034e4
325.7	4.700e1
326.2	1.411e4
327.2	1.944e4
328.1	5.647e3
329.0	6.999e3
329.6	2.040e2
330.2	8.345e3
331.1	5.356e3
332.1	5.245e3
333.1	1.875e4
334.1	1.115e4
335.1	1.069e4
335.6	4.280e2
336.1	1.163e4
337.1	9.085e3
338.1	6.771e3
339.0	6.897e3
340.0	7.531e3
340.6	2.500e2
341.1	1.350e4
342.1	8.108e3
342.6	3.030e2
343.2	1.367e4
344.1	1.792e4
345.1	7.376e3
346.1	1.218e4
347.1	8.981e3
348.1	8.024e3
349.1	9.007e3
350.2	6.439e3
351.2	2.567e4
352.1	5.085e3
353.0	2.227e4
353.5	5.150e2
354.1	5.175e3
354.6	1.660e2
355.2	3.598e4
355.7	4.400e1
356.2	7.856e3
357.1	3.240e4
358.1	1.227e4
359.0	7.534e3
360.0	9.152e3
360.6	7.770e2
361.2	9.612e3
362.1	4.235e3
363.0	6.411e3
364.1	4.987e3
365.0	6.342e3
366.0	9.631e3
366.5	5.070e2
367.1	9.378e3
368.1	5.201e3
368.6	5.850e2
369.2	7.078e3
370.1	4.630e3
370.6	2.870e2
371.2	1.062e4
372.0	3.059e3
373.0	7.633e3
374.0	7.062e3
374.6	2.630e2
375.1	5.783e3
376.0	8.717e3
376.6	6.770e2
377.2	9.765e3
378.1	7.401e3
378.9	1.216e4
379.5	1.240e2
380.0	6.312e3
380.7	7.200e1
381.2	7.739e3
382.1	8.193e3
382.8	5.000e2
383.3	9.705e3
384.0	4.802e3
385.1	1.126e4
386.0	5.091e3
386.6	2.250e2
387.1	5.331e3
388.1	3.736e3
389.2	3.697e3
390.0	5.674e3
390.7	7.970e2
391.3	6.311e3
392.1	4.533e3
393.0	7.153e3
394.1	6.480e3
395.1	7.920e3
396.1	6.858e3
396.7	1.358e3
397.3	5.165e3
398.3	5.892e3
399.1	4.368e3
400.1	2.390e3
400.6	6.100e1
401.1	8.140e3
402.0	5.269e3
403.0	6.539e3
404.0	5.833e3
404.6	8.400e1
405.2	7.205e3
406.1	5.695e3
406.6	2.360e2
407.2	9.575e3
408.1	7.271e3
409.1	5.737e3
410.1	6.055e3
410.7	5.830e2
411.2	8.739e3
412.1	6.077e3
413.0	6.256e3
413.9	4.920e3
414.5	3.510e2
415.2	7.613e3
416.1	3.843e3
416.7	3.730e2
417.2	6.873e3
418.2	5.210e3
419.1	5.246e3
420.0	7.271e3
421.0	1.044e4
421.6	1.060e2
422.1	5.547e3
423.1	8.147e3
424.1	1.838e4
425.0	1.208e4
425.6	7.090e2
426.2	6.320e3
426.8	2.820e2
427.3	1.206e4
428.3	8.064e3
429.2	6.233e3
430.0	4.287e3
430.6	2.600e2
431.2	1.146e4
431.7	5.200e1
432.2	2.965e3
432.8	8.910e2
433.4	7.926e3
434.2	5.323e3
434.7	1.780e2
435.3	7.258e3
436.1	1.197e4
437.1	6.049e3
437.6	5.890e2
438.2	5.450e3
439.2	6.413e3
440.2	5.364e3
440.7	2.010e2
441.2	8.051e3
442.1	7.831e3
442.7	9.600e1
443.2	3.982e3
444.1	8.276e3
444.6	4.880e2
445.2	5.735e3
446.2	8.413e3
446.7	1.700e2
447.2	5.772e3
448.1	1.761e4
448.7	1.900e2
449.2	7.846e3
450.1	1.548e4
451.0	6.943e3
452.0	6.532e3
452.9	9.482e3
453.5	8.680e2
454.1	4.987e3
455.1	5.514e3
455.6	3.430e2
456.1	6.998e3
457.1	9.311e3
457.9	9.793e3
458.5	9.640e2
459.2	7.960e3
460.1	5.534e3
460.6	7.900e1
461.1	9.544e3
461.6	2.140e2
462.2	9.580e3
462.8	9.280e2
463.3	8.448e3
464.2	6.701e3
465.1	8.349e3
466.1	1.312e4
467.1	5.860e3
467.6	3.500e1
468.2	9.587e3
468.7	7.300e1
469.3	9.241e3
470.3	8.283e3
471.2	8.070e3
472.2	8.074e3
473.1	4.638e3
474.1	4.695e3
475.1	4.534e3
476.2	7.268e3
477.2	7.728e3
477.7	5.400e1
478.2	7.283e3
478.8	9.100e1
479.3	8.659e3
480.1	8.168e3
481.1	9.369e3
482.0	8.978e3
483.0	1.123e4
483.5	1.490e2
484.0	8.377e3
484.6	1.940e2
485.1	1.106e4
486.0	4.966e3
486.6	2.170e2
487.1	1.027e4
488.1	5.711e3
488.6	3.100e1
489.2	1.001e4
490.1	6.379e3
491.0	6.674e3
492.0	7.254e3
492.5	1.600e2
493.0	7.216e3
494.0	4.133e3
494.5	4.070e2
495.1	5.549e3
496.0	8.859e3
497.1	8.194e3
498.2	6.339e3
499.2	4.528e3
500.2	6.123e3
501.1	9.204e3
502.1	6.937e3
502.6	5.610e2
503.2	1.266e4
503.8	1.046e3
504.4	1.053e4
504.9	3.120e2
505.4	8.262e3
506.3	2.477e3
507.1	7.336e3
508.1	7.613e3
508.7	7.430e2
509.4	7.713e3
510.3	4.152e3
510.8	2.370e2
511.3	8.160e3
512.3	8.126e3
512.8	4.400e2
513.4	6.359e3
514.2	4.467e3
515.1	7.560e3
515.6	5.500e1
516.2	1.663e4
516.8	5.650e2
517.3	2.447e4
518.3	1.218e4
519.2	6.662e3
520.1	4.499e3
521.1	6.452e3
522.0	7.325e3
522.6	4.900e2
523.2	6.769e3
524.0	6.604e3
525.0	6.704e3
525.5	1.610e2
526.1	7.382e3
526.6	5.530e2
527.2	7.113e3
528.2	3.461e3
529.2	5.430e3
530.2	6.105e3
531.1	7.996e3
532.1	4.906e3
532.7	6.000e2
533.3	1.931e4
534.3	1.542e4
535.2	1.190e4
536.2	6.125e3
537.2	8.108e3
538.1	9.301e3
539.0	3.043e3
539.7	8.862e3
540.4	3.543e3
541.2	6.472e3
542.1	5.257e3
543.1	5.770e3
543.7	1.195e3
544.3	9.346e3
545.1	7.474e3
545.6	5.350e2
546.2	2.526e3
547.0	7.794e3
548.0	5.668e3
548.5	5.810e2
549.1	8.946e3
550.1	9.435e3
550.7	3.730e2
551.2	9.239e3
552.1	6.322e3
553.1	7.941e3
554.1	5.548e3
555.0	7.500e3
555.6	8.410e2
556.4	8.027e3
557.3	5.105e3
558.1	5.198e3
559.1	8.683e3
559.9	2.692e3
560.7	1.011e4
561.3	1.840e2
561.8	6.410e3
562.5	1.311e3
563.3	1.130e4
564.2	7.986e3
564.8	9.410e2
565.4	8.507e3
566.2	3.407e3
567.0	5.668e3
568.0	6.086e3
569.0	8.747e3
569.9	4.197e3
570.9	8.716e3
571.4	4.770e2
572.2	7.086e3
573.2	4.439e3
574.0	4.914e3
575.0	7.218e3
576.1	6.928e3
576.6	2.420e2
577.1	7.499e3
578.1	4.408e3
579.1	6.334e3
579.6	2.890e2
580.2	6.392e3
581.2	6.986e3
581.8	7.520e2
582.4	5.611e3
583.3	6.852e3
584.1	4.521e3
585.0	4.726e3
585.9	9.206e3
586.9	5.813e3
587.8	3.798e3
588.7	5.740e3
589.6	3.177e3
590.5	4.388e3
591.3	1.080e3
591.9	7.820e3
592.6	1.717e3
593.4	3.904e3
594.3	5.010e3
594.9	4.920e2
595.7	7.806e3
596.4	2.926e3
597.1	7.984e3
598.1	5.753e3
599.1	7.799e3
600.1	7.154e3
600.7	3.300e2
601.2	5.775e3
601.8	1.990e2
602.3	5.545e3
603.2	6.232e3
604.1	4.484e3
605.1	8.384e3
606.0	5.842e3
606.6	1.050e2
607.2	3.872e3
608.1	6.687e3
609.1	4.850e3
609.7	1.027e3
610.4	6.554e3
611.3	7.518e3
612.2	3.423e3
613.1	7.150e3
614.0	3.594e3
614.8	7.715e3
615.5	3.021e3
616.3	8.268e3
617.0	1.096e3
617.6	7.866e3
618.4	1.942e3
619.0	5.413e3
620.1	4.693e3
621.1	9.553e3
621.6	5.400e1
622.2	7.133e3
623.2	6.674e3
623.8	3.340e2
624.4	7.910e3
625.1	2.112e3
625.9	6.249e3
626.8	5.367e3
627.4	7.840e2
628.1	6.587e3
629.0	5.115e3
630.0	6.208e3
630.7	2.103e3
631.3	6.566e3
632.2	5.958e3
632.8	1.076e3
633.4	9.207e3
634.3	4.874e3
635.1	4.322e3
635.9	9.666e3
636.6	4.070e2
637.1	8.513e3
637.8	5.970e2
638.4	7.725e3
639.3	3.896e3
640.1	6.581e3
641.0	8.179e3
642.1	5.856e3
642.7	5.660e2
643.3	5.249e3
644.1	3.711e3
644.9	4.706e3
645.5	2.210e2
646.0	6.636e3
646.5	1.440e2
647.1	5.099e3
647.7	4.700e2
648.3	5.648e3
648.9	2.300e2
649.4	2.722e4
650.3	1.178e4
651.2	7.165e3
651.9	3.364e3
652.9	6.682e3
653.7	3.096e3
654.8	7.710e3
655.6	5.806e3
656.6	6.182e3
657.3	2.159e3
658.0	5.338e3
659.1	5.109e3
660.0	4.257e3
660.5	9.900e1
661.1	5.708e3
662.1	8.751e3
662.8	9.710e2
663.4	4.209e3
664.3	3.641e3
665.2	7.052e3
665.9	2.875e3
666.7	7.021e3
667.6	4.411e3
668.1	2.820e2
668.6	8.278e3
669.3	1.643e3
670.1	5.194e3
670.7	6.970e2
671.3	1.434e4
672.2	3.934e3
673.1	7.633e3
673.8	2.692e3
674.4	1.084e4
675.4	4.748e3
676.4	7.174e3
677.2	4.672e3
678.1	7.963e3
678.7	1.409e3
679.3	5.213e3
679.8	2.030e2
680.4	1.206e4
681.3	7.849e3
681.8	2.170e2
682.3	5.630e3
683.1	8.190e3
683.8	9.970e2
684.4	7.563e3
685.4	7.977e3
686.3	7.656e3
687.2	7.461e3
688.1	5.164e3
689.2	7.594e3
689.7	1.420e2
690.2	6.602e3
691.2	6.401e3
692.1	7.149e3
693.1	6.862e3
693.8	2.213e3
694.5	5.463e3
695.4	1.128e4
696.4	5.798e3
697.3	7.666e3
698.2	5.497e3
698.9	1.078e3
699.6	5.079e3
700.5	2.897e3
701.4	7.192e3
702.3	1.371e4
702.9	3.380e2
703.4	8.386e3
704.2	4.563e3
705.2	8.915e3
706.1	7.366e3
706.8	1.245e3
707.5	4.931e3
708.5	5.395e3
709.0	1.570e3
709.7	4.652e3
710.6	7.636e3
711.2	4.460e2
711.7	6.673e3
712.6	3.707e3
713.2	4.670e2
713.8	5.666e3
714.7	2.852e3
715.4	6.502e3
716.4	9.751e3
717.4	6.170e3
718.0	2.130e2
718.6	6.790e3
719.6	5.948e3
720.3	2.238e3
721.1	8.091e3
721.6	5.660e2
722.1	5.399e3
723.1	4.549e3
723.9	1.047e3
724.6	5.997e3
725.6	2.742e3
726.5	5.190e3
727.2	2.437e3
728.0	6.982e3
728.9	4.807e3
729.5	5.220e2
730.1	6.828e3
730.6	7.660e2
731.2	5.109e3
731.8	1.670e2
732.3	5.079e3
732.9	1.730e2
733.5	8.819e3
734.3	4.059e3
735.3	5.169e3
736.2	6.930e3
737.1	6.265e3
737.6	2.940e2
738.1	6.775e3
738.8	1.294e3
739.5	3.986e3
740.4	4.699e3
741.2	4.547e3
742.0	5.054e3
743.0	7.218e3
743.9	2.929e3
744.9	3.427e3
745.8	3.619e3
746.7	6.543e3
747.4	1.453e3
748.1	4.379e3
748.7	7.050e2
749.4	5.599e3
750.3	6.006e3
751.0	9.250e2
751.6	5.942e3
752.5	3.522e3
753.1	7.000e2
753.8	4.618e3
754.3	2.130e2
754.8	5.084e3
755.7	4.806e3
756.3	1.008e3
757.0	5.207e3
757.7	9.870e2
758.4	3.745e3
759.2	4.500e3
760.2	3.933e3
761.0	2.138e3
761.9	4.615e3
762.9	2.873e3
763.7	1.294e3
764.3	5.963e3
764.9	5.390e2
765.5	5.737e3
766.4	4.381e3
767.2	1.494e3
767.8	5.458e3
768.5	4.620e2
769.1	5.003e3
770.0	3.398e3
770.6	2.034e3
771.3	5.142e3
771.9	2.220e2
772.5	4.575e3
773.4	4.440e3
773.9	1.200e1
774.5	5.003e3
775.3	1.283e3
776.1	3.382e3
776.7	2.090e2
777.2	1.717e3
778.0	1.592e3
778.8	3.649e3
779.4	6.320e2
780.0	4.601e3
780.6	6.460e2
781.3	3.817e3
782.3	4.741e3
783.2	4.971e3
783.8	7.670e2
784.4	4.334e3
785.1	1.037e3
785.9	4.154e3
786.5	1.850e2
787.0	3.483e3
788.0	3.183e3
789.1	5.479e3
789.7	1.314e3
790.5	5.420e3
791.4	2.917e3
792.3	4.890e3
793.3	3.958e3
794.3	1.836e3
795.4	3.116e3
796.3	6.298e3
797.3	4.933e3
798.2	3.202e3
799.2	6.237e3
799.8	8.150e2
800.5	3.019e3
801.4	4.418e3
802.2	1.920e3
803.1	4.321e3
804.1	1.581e3
804.9	3.150e3
805.8	2.198e3
806.6	5.271e3
807.3	1.165e3
808.1	5.209e3
808.7	3.350e2
809.3	4.819e3
809.9	2.280e2
810.5	2.149e3
811.4	2.876e3
812.3	2.817e3
813.1	4.825e3
813.6	7.300e1
814.3	2.753e3
815.0	7.820e2
815.7	3.810e3
816.4	2.010e3
817.3	4.607e3
818.1	3.432e3
818.9	3.404e3
819.9	3.626e3
820.5	3.540e2
821.0	5.839e3
821.6	7.460e2
822.3	3.925e3
823.0	1.570e2
823.5	4.846e3
824.1	2.610e2
824.7	4.292e3
825.6	4.390e3
826.2	6.720e2
826.9	4.461e3
827.4	2.500e2
828.0	3.808e3
828.9	4.553e3
829.9	4.586e3
830.9	1.629e3
831.7	3.361e3
832.6	5.180e3
833.2	7.770e2
833.9	4.330e3
834.4	3.710e2
835.1	2.128e3
835.8	9.250e2
836.4	3.072e3
837.4	1.638e3
838.5	3.596e3
839.4	3.611e3
840.4	6.217e3
841.3	4.538e3
842.0	1.530e2
842.5	1.831e3
843.3	3.436e3
844.3	2.682e3
845.2	1.252e3
845.8	3.115e3
846.7	2.921e3
847.7	2.645e3
848.6	2.778e3
849.5	3.985e3
850.5	3.093e3
851.0	1.580e2
851.5	3.307e3
852.5	4.935e3
853.3	9.740e2
854.0	3.775e3
854.9	2.197e3
855.5	1.710e2
856.1	4.847e3
856.6	8.090e2
857.2	5.604e3
858.1	2.573e3
858.7	1.108e3
859.3	3.500e3
860.0	4.930e2
860.6	3.876e3
861.1	1.240e2
861.6	5.486e3
862.1	4.140e2
862.7	2.849e3
863.4	5.870e2
863.9	4.200e3
864.7	1.956e3
865.4	3.027e3
866.2	8.910e2
866.8	3.928e3
867.9	4.838e3
868.5	1.364e3
869.3	3.613e3
869.8	1.840e2
870.3	2.849e3
870.9	1.061e3
871.6	2.475e3
872.3	1.142e3
872.9	3.992e3
873.8	2.226e3
874.7	1.194e3
875.4	2.810e3
875.9	1.710e2
876.4	3.712e3
877.0	1.300e2
877.5	5.282e3
878.5	4.039e3
879.3	1.107e3
880.0	5.154e3
880.7	7.190e2
881.3	4.695e3
882.3	4.574e3
883.0	8.960e2
883.6	4.978e3
884.6	3.028e3
885.4	3.286e3
886.2	2.919e3
886.9	1.044e3
887.8	2.172e3
888.4	4.840e2
889.0	3.796e3
890.2	3.180e3
891.1	1.896e3
891.9	3.937e3
892.5	3.120e2
893.0	5.220e3
893.9	2.147e3
894.5	2.990e2
895.3	3.157e3
895.9	4.270e2
896.5	3.616e3
897.5	4.880e3
898.4	2.475e3
899.1	4.460e2
899.8	3.604e3
900.5	1.239e3
901.3	4.818e3
902.2	2.652e3
902.7	3.070e2
903.3	4.054e3
904.2	3.370e3
905.2	5.602e3
905.7	3.810e2
906.4	1.886e3
907.2	9.000e2
908.1	3.682e3
909.0	4.129e3
909.6	8.800e1
910.2	3.093e3
910.7	1.070e2
911.3	3.378e3
912.2	1.519e3
912.9	2.274e3
913.5	4.500e2
914.1	3.749e3
915.0	3.886e3
915.6	2.700e2
916.1	4.929e3
917.0	3.105e3
917.7	9.520e2
918.4	3.504e3
919.1	4.790e2
919.8	2.643e3
920.4	3.910e2
921.1	3.159e3
921.9	1.149e3
922.7	2.656e3
923.5	4.860e2
924.2	4.043e3
925.4	2.109e3
926.4	2.930e3
927.1	1.007e3
927.8	2.807e3
928.7	9.000e2
929.4	4.536e3
930.2	2.786e3
931.2	4.246e3
932.2	1.957e3
932.8	1.094e3
933.4	4.519e3
934.3	1.332e3
935.1	4.675e3
935.6	1.600e2
936.2	3.187e3
936.9	1.952e3
937.6	2.060e2
938.3	2.441e3
938.9	1.860e2
939.5	3.248e3
940.1	7.750e2
940.8	2.761e3
941.9	2.781e3
942.7	2.021e3
943.3	1.180e2
943.9	2.289e3
944.6	1.066e3
945.3	2.909e3
946.0	1.386e3
946.9	2.535e3
947.4	9.000e1
947.9	3.037e3
948.5	1.431e3
949.3	4.821e3
950.1	6.620e2
950.7	3.927e3
951.7	3.412e3
952.6	1.868e3
953.6	1.606e3
954.2	7.490e2
955.0	1.554e3
955.7	2.537e3
956.3	2.180e2
956.9	3.172e3
957.6	1.305e3
958.3	3.812e3
959.3	3.938e3
959.8	1.840e2
960.6	2.771e3
961.6	4.357e3
962.6	2.068e3
963.5	3.466e3
964.1	4.680e2
964.8	4.007e3
965.7	3.049e3
966.3	6.600e1
966.9	1.778e3
967.4	3.080e2
968.1	3.037e3
968.8	1.696e3
969.6	2.583e3
970.3	6.080e2
971.0	3.670e3
971.6	7.890e2
972.3	2.829e3
973.3	1.658e3
974.1	3.327e3
974.7	4.150e2
975.4	2.979e3
975.9	2.800e1
976.4	3.940e3
977.1	9.960e2
977.8	3.341e3
978.6	1.038e3
979.3	4.116e3
980.3	1.389e3
981.4	3.423e3
982.0	9.780e2
982.6	5.650e3
983.2	3.790e2
983.8	3.517e3
984.3	1.120e2
985.0	3.837e3
986.0	4.257e3
986.9	7.151e3
987.6	1.689e3
988.3	3.038e3
988.9	3.560e2
989.6	3.142e3
990.4	7.050e2
991.0	6.155e3
991.8	2.274e3
992.5	4.610e2
993.1	4.691e3
993.7	2.730e2
994.3	2.569e3
995.1	1.808e3
995.9	1.081e3
996.6	2.378e3
997.6	4.839e3
998.6	1.711e3
999.2	1.500e1
999.8	3.033e3
1000.4	1.310e2
1000.9	4.712e3
1001.7	7.880e2
1002.5	1.520e3
1003.4	4.223e3
1004.1	1.309e3
1005.0	2.521e3
1005.6	5.900e1
1006.1	2.582e3
1007.1	2.415e3
1008.0	2.264e3
1008.7	8.360e2
1009.3	4.788e3
1010.3	2.309e3
1011.2	3.275e3
1012.0	1.827e3
1012.8	2.693e3
1013.6	1.013e3
1014.5	2.248e3
1015.1	2.870e2
1015.6	3.748e3
1016.4	9.760e2
1017.1	2.728e3
1017.9	1.597e3
1018.6	4.060e3
1019.2	5.660e2
1020.1	1.954e3
1020.9	7.450e2
1021.7	4.095e3
1022.2	1.520e2
1022.7	2.470e3
1023.3	1.060e2
1023.8	2.875e3
1024.8	4.126e3
1025.6	1.052e3
1026.4	3.983e3
1027.4	3.168e3
1028.5	3.498e3
1029.1	6.090e2
1029.8	2.959e3
1030.5	7.040e2
1031.1	2.998e3
1032.0	2.216e3
1032.9	1.744e3
1033.6	9.960e2
1034.6	2.960e3
1035.5	2.403e3
1036.3	4.791e3
1036.9	7.020e2
1037.8	9.820e2
1038.5	2.206e3
1039.2	2.701e3
1039.7	1.980e2
1040.4	1.984e3
1041.2	1.549e3
1042.2	1.381e3
1043.1	2.445e3
1044.0	1.883e3
1044.9	3.766e3
1045.9	2.929e3
1047.0	1.809e3
1047.8	2.864e3
1048.6	1.753e3
1049.2	6.900e1
1049.7	4.234e3
1050.4	3.460e2
1051.1	4.175e3
1051.9	2.158e3
1053.0	1.990e3
1053.7	1.777e3
1054.5	3.165e3
1055.5	1.497e3
1056.4	2.912e3
1057.2	1.423e3
1057.8	3.160e2
1058.6	3.874e3
1059.2	5.350e2
1059.8	1.856e3
1060.7	3.257e3
1061.5	1.604e3
1062.1	6.850e2
1062.7	1.735e3
1063.7	3.155e3
1064.6	9.060e2
1065.4	4.272e3
1065.9	7.200e1
1066.6	3.544e3
1067.1	7.700e1
1067.7	4.329e3
1068.5	2.610e3
1069.4	3.444e3
1070.4	2.377e3
1071.0	1.660e2
1071.5	1.006e3
1072.5	2.037e3
1073.6	2.573e3
1074.3	2.486e3
1075.0	8.780e2
1075.7	2.757e3
1076.7	3.432e3
1077.7	1.025e3
1078.5	2.827e3
1079.1	6.110e2
1079.9	3.611e3
1080.7	4.840e2
1081.3	4.015e3
1082.0	1.687e3
1083.1	2.590e3
1084.1	1.810e3
1084.9	3.641e3
1085.6	6.950e2
1086.5	1.531e3
1087.3	2.130e3
1087.9	9.300e1
1088.4	1.815e3
1089.3	1.041e3
1090.1	3.694e3
1090.6	1.200e1
1091.1	2.034e3
1091.7	4.830e2
1092.4	2.580e3
1092.9	2.430e2
1093.7	1.513e3
1094.3	1.540e2
1094.8	3.341e3
1095.5	7.970e2
1096.4	2.407e3
1097.3	3.376e3
1098.1	1.406e3
1099.0	1.626e3
1099.9	1.749e3
1100.5	6.390e2
1101.4	2.389e3
1102.1	1.670e2
1102.7	1.166e3
1103.6	4.565e3
1104.7	2.021e3
1105.2	9.300e1
1105.8	2.133e3
1106.8	3.479e3
1107.6	8.840e2
1108.3	9.390e2
1109.1	1.207e3
1109.8	1.460e2
1110.6	1.735e3
1111.5	2.391e3
1112.4	4.413e3
1113.5	1.857e3
1114.4	7.900e2
1115.3	3.397e3
1116.0	1.930e2
1116.6	9.390e2
1117.6	3.163e3
1118.5	1.780e3
1119.0	1.820e2
1119.7	3.343e3
1120.7	3.173e3
1121.4	4.810e2
1122.1	2.597e3
1123.0	1.588e3
1123.7	5.060e2
1124.4	2.506e3
1125.0	3.730e2
1125.9	4.810e2
1127.0	2.170e3
1128.0	7.200e1
1128.9	1.786e3
1129.6	3.260e2
1130.5	2.894e3
1131.1	4.270e2
1131.7	2.710e3
1132.2	4.100e1
1132.8	1.948e3
1133.5	4.690e2
1134.3	3.626e3
1135.0	3.220e2
1135.8	2.230e3
1136.4	5.340e2
1136.9	3.040e3
1137.8	1.204e3
1138.8	3.797e3
1139.7	1.491e3
1140.5	1.788e3
1141.0	1.080e2
1141.5	1.103e3
1142.4	2.931e3
1143.0	2.670e2
1143.8	2.731e3
1144.6	2.895e3
1145.6	1.733e3
1146.6	2.520e3
1147.5	6.350e2
1148.2	2.884e3
1148.9	2.420e2
1149.5	3.665e3
1150.5	8.780e2
1151.3	2.089e3
1152.1	1.143e3
1153.0	1.999e3
1153.7	5.620e2
1154.3	1.394e3
1155.2	3.820e3
1156.0	2.149e3
1156.9	2.237e3
1157.7	5.540e2
1158.6	2.650e2
1159.2	1.847e3
1160.1	1.342e3
1161.0	2.628e3
1161.7	1.362e3
1162.5	4.673e3
1163.1	1.270e2
1163.7	1.125e3
1164.2	7.000e1
1164.8	2.807e3
1165.7	1.730e3
1166.8	3.932e3
1167.4	1.680e2
1168.0	1.908e3
1168.9	1.264e3
1169.6	1.405e3
1170.5	2.430e3
1171.4	2.849e3
1171.9	1.300e2
1172.6	3.018e3
1173.3	9.970e2
1174.1	3.004e3
1174.6	2.100e2
1175.4	2.739e3
1176.2	1.648e3
1177.1	2.502e3
1177.6	3.720e2
1178.1	2.152e3
1179.1	2.078e3
1180.0	1.025e3
1180.7	2.433e3
1181.4	5.010e2
1182.0	3.146e3
1182.9	1.599e3
1183.6	1.741e3
1184.5	3.472e3
1185.2	2.570e2
1185.7	2.133e3
1186.6	9.100e2
1187.3	3.162e3
1188.1	1.288e3
1189.2	3.240e3
1189.8	2.620e2
1190.9	2.734e3
1191.5	1.270e2
1192.0	3.096e3
1193.1	1.788e3
1193.7	5.160e2
1194.5	1.262e3
1195.1	8.680e2
1195.7	2.317e3
1196.5	2.712e3
1197.4	6.230e2
1198.3	2.652e3
1199.1	1.620e2
1199.6	3.803e3
1200.4	1.229e3
1201.2	2.429e3
1202.2	1.084e3
1203.1	1.244e3
1203.8	5.800e2
1204.6	3.468e3
1205.4	1.488e3
1205.9	2.825e3
1206.8	1.424e3
1207.7	2.670e3
1208.9	8.300e2
1209.6	8.970e2
1210.7	1.826e3
1211.6	1.811e3
1212.4	4.750e2
1213.1	1.336e3
1214.1	2.327e3
1214.8	1.910e2
1215.3	2.208e3
1216.5	1.709e3
1217.5	1.978e3
1218.4	2.500e2
1219.1	1.460e3
1219.9	2.959e3
1220.9	2.769e3
1221.6	3.340e2
1222.2	1.453e3
1223.3	1.454e3
1224.2	9.190e2
1225.2	1.857e3
1226.3	1.900e1
1226.8	3.148e3
1227.4	6.610e2
1228.0	1.246e3
1228.5	4.600e1
1229.1	7.930e2
1229.9	2.373e3
1230.5	2.120e2
1231.2	1.660e3
1232.1	2.587e3
1232.9	2.011e3
1233.9	2.134e3
1234.8	4.320e2
1235.5	1.905e3
1236.7	1.429e3
1237.3	4.880e2
1238.2	1.334e3
1239.2	2.440e3
1240.2	3.100e3
1241.2	2.537e3
1242.0	4.270e2
1242.9	2.932e3
1243.7	6.870e2
1244.4	3.808e3
1244.9	4.110e2
1245.5	2.443e3
1246.2	7.390e2
1247.2	8.610e2
1248.1	2.820e3
1248.8	9.190e2
1249.7	1.718e3
1250.6	4.000e1
1251.1	2.473e3
1251.8	1.409e3
1253.0	1.462e3
1253.5	2.400e1
1254.0	1.653e3
1255.0	3.133e3
1255.9	3.733e3
1256.7	8.630e2
1257.9	4.482e3
1258.7	2.106e3
1259.6	1.334e3
1260.6	8.750e2
1261.6	1.441e3
1262.5	1.463e3
1264.0	2.441e3
1264.8	8.190e2
1265.6	2.323e3
1266.3	9.540e2
1267.5	4.067e3
1268.2	1.280e3
1269.2	1.320e3
1270.0	3.371e3
1270.6	2.090e2
1271.1	2.163e3
1271.8	2.300e2
1272.3	1.809e3
1273.0	1.090e2
1273.6	2.866e3
1274.4	1.725e3
1275.3	1.425e3
1276.1	2.131e3
1276.9	3.530e2
1277.6	2.482e3
1278.3	6.040e2
1279.0	2.340e3
1279.5	3.800e1
1280.1	5.440e2
1280.8	2.761e3
1281.3	1.670e2
1281.9	1.529e3
1282.8	2.197e3
1283.4	3.020e2
1283.9	3.731e3
1284.6	2.290e2
1285.2	2.393e3
1286.4	1.599e3
1287.1	1.830e2
1287.8	1.693e3
1289.0	1.019e3
1289.6	1.600e1
1290.1	2.228e3
1290.9	4.400e2
1291.7	1.303e3
1292.5	1.568e3
1293.4	1.300e3
1294.1	1.680e2
1294.6	8.500e1
1295.2	2.158e3
1295.9	4.560e2
1296.7	1.983e3
1297.3	4.200e1
1297.8	2.491e3
1298.9	1.486e3
1299.9	1.997e3
1300.9	3.223e3
1302.0	3.844e3
1303.0	8.710e2
1303.6	7.580e2
1304.3	1.062e3
1305.1	3.224e3
1305.7	1.700e1
1306.3	1.692e3
1306.9	1.100e2
1307.5	1.576e3
1308.3	2.023e3
1309.3	2.683e3
1309.8	6.300e1
1310.3	2.207e3
1311.3	2.547e3
1312.5	7.720e2
1313.3	1.779e3
1314.1	1.980e2
1315.0	9.860e2
1316.0	1.013e3
1317.1	2.589e3
1317.8	9.780e2
1318.5	4.920e2
1319.3	1.197e3
1320.3	1.010e3
1321.1	6.080e2
1321.7	2.611e3
1322.6	4.395e3
1323.7	3.567e3
1324.6	2.713e3
1325.4	7.330e2
1326.1	8.360e2
1326.7	2.409e3
1327.7	1.000e3
1328.5	1.301e3
1329.3	3.790e2
1330.5	1.363e3
1331.0	5.400e1
1331.5	2.459e3
1332.6	8.950e2
1333.6	2.297e3
1334.8	1.138e3
1335.8	1.681e3
1336.8	3.449e3
1337.3	2.930e2
1337.8	3.992e3
1338.8	6.790e2
1339.7	6.010e2
1340.4	2.262e3
1341.5	1.640e3
1342.0	1.300e1
1342.8	1.533e3
1343.5	6.890e2
1344.1	8.980e2
1345.1	1.016e3
1346.0	2.721e3
1346.8	1.682e3
1347.5	9.380e2
1348.4	1.828e3
1348.9	1.430e2
1349.4	1.487e3
1350.1	6.410e2
1351.0	2.361e3
1351.9	1.585e3
1352.7	5.100e2
1353.5	1.145e3
1354.4	1.993e3
1355.5	1.246e3
1356.4	1.560e3
1357.4	3.190e3
1358.6	1.657e3
1359.2	5.980e2
1360.0	2.815e3
1360.8	6.080e2
1361.6	4.510e2
1362.7	1.284e3
1363.4	2.364e3
1364.5	1.852e3
1365.6	3.097e3
1366.7	3.542e3
1367.3	4.130e2
1368.0	1.488e3
1368.9	1.133e3
1370.1	1.326e3
1370.7	4.510e2
1371.4	2.217e3
1372.4	1.752e3
1373.7	1.174e3
1374.2	1.070e2
1374.7	2.410e2
1375.3	3.666e3
1376.0	6.710e2
1376.8	1.322e3
1377.6	1.856e3
1378.4	1.410e3
1379.0	3.040e2
1379.6	2.113e3
1380.3	7.630e2
1381.0	1.508e3
1381.8	1.330e3
1382.7	2.309e3
1383.4	9.680e2
1384.4	1.624e3
1385.0	2.450e2
1385.5	2.129e3
1386.4	7.970e2
1387.4	1.103e3
1388.4	2.477e3
1389.4	7.770e2
1390.0	3.870e2
1390.7	2.790e2
1391.4	2.830e3
1392.2	3.370e2
1393.1	1.354e3
1394.0	1.080e3
1394.7	2.040e2
1395.6	1.569e3
1396.6	1.524e3
1397.2	6.900e1
1397.7	9.450e2
1398.8	1.164e3
1399.8	2.210e3
1400.8	6.010e2
1401.5	2.114e3
1402.1	4.210e2
1402.8	2.703e3
1403.5	7.300e1
1404.2	1.570e3
1405.1	1.315e3
1406.0	1.284e3
1406.9	2.410e3
1407.7	8.540e2
1408.5	2.208e3
1409.0	5.060e2
1409.6	2.326e3
1410.4	5.670e2
1411.4	1.296e3
1411.9	5.400e1
1412.4	3.100e3
1413.2	7.370e2
1414.0	2.710e2
1414.6	2.244e3
1415.6	1.840e3
1416.8	1.703e3
1417.7	1.818e3
1418.7	1.565e3
1419.5	6.970e2
1420.4	1.021e3
1421.2	1.149e3
1422.0	1.986e3
1422.7	1.400e1
1423.4	1.882e3
1424.2	9.820e2
1424.7	2.240e2
1425.6	1.751e3
1426.6	2.149e3
1427.4	6.390e2
1428.0	2.423e3
1428.6	4.880e2
1429.6	2.310e3
1430.8	2.431e3
1431.6	2.630e2
1432.2	3.034e3
1432.8	2.490e2
1433.3	2.500e3
1434.3	6.920e2
1435.1	1.990e3
1436.1	1.876e3
1437.0	1.185e3
1437.8	1.445e3
1439.1	1.509e3
1440.1	1.392e3
1440.9	1.898e3
1441.9	2.180e3
1442.8	1.879e3
1443.5	2.760e2
1444.3	2.047e3
1444.8	1.300e2
1445.4	1.747e3
1445.9	7.600e1
1446.7	1.477e3
1447.8	1.768e3
1448.7	9.320e2
1449.8	2.375e3
1450.8	1.836e3
1451.8	1.002e3
1452.7	1.893e3
1453.6	3.617e3
1454.3	1.820e2
1454.9	2.568e3
1456.0	1.259e3
1456.8	1.083e3
1457.3	1.400e1
1457.9	1.250e3
1458.4	2.200e1
1458.9	8.210e2
1460.0	1.705e3
1460.5	3.600e2
1461.2	9.790e2
1462.0	9.770e2
1463.1	1.778e3
1463.7	1.400e2
1464.4	1.467e3
1466.0	1.667e3
1467.1	1.160e3
1468.1	8.440e2
1468.9	1.185e3
1469.7	1.650e2
1470.5	1.100e1
1471.0	1.812e3
1471.9	1.646e3
1472.7	7.490e2
1473.6	2.395e3
1474.3	3.780e2
1474.9	1.756e3
1475.9	7.680e2
1476.6	1.140e3
1477.5	1.144e3
1478.4	3.810e2
1479.1	6.810e2
1479.6	1.880e2
1480.2	1.374e3
1481.2	1.715e3
1482.0	4.070e2
1482.6	1.567e3
1483.7	1.070e3
1484.9	9.470e2
1485.8	1.731e3
1486.9	1.044e3
1487.6	2.613e3
1488.3	3.200e1
1489.1	4.800e2
1489.8	3.470e2
1490.3	1.690e2
1490.8	2.012e3
1491.6	1.254e3
1492.6	5.360e2
1493.6	1.628e3
1494.6	2.275e3
1495.5	1.518e3
1496.4	1.532e3
1497.1	1.890e2
1497.9	1.872e3
1498.8	2.804e3
1499.6	3.050e2
1500.2	1.012e3
1500.9	1.549e3
1501.7	1.114e3
1502.5	2.141e3
1503.3	1.340e2
1504.2	2.367e3
1504.8	7.300e1
1505.4	1.352e3
1506.5	2.425e3
1507.2	6.280e2
1508.0	1.973e3
1508.7	3.670e2
1510.3	1.011e3
1510.8	1.100e2
1511.3	2.133e3
1512.3	1.030e3
1512.9	4.470e2
1513.5	1.891e3
1514.4	2.159e3
1515.8	1.748e3
1516.8	7.330e2
1517.6	1.633e3
1519.0	1.671e3
1520.2	2.420e3
1521.5	7.330e2
1522.2	1.460e2
1522.8	1.502e3
1523.7	2.940e2
1524.2	3.540e2
1524.8	2.106e3
1525.3	6.900e1
1526.1	2.414e3
1527.0	5.480e2
1527.6	1.400e1
1528.2	1.607e3
1529.2	5.000e2
1530.3	9.330e2
1531.2	8.370e2
1532.0	1.295e3
1532.8	3.130e2
1533.7	1.667e3
1534.3	2.900e1
1535.1	1.380e2
1535.6	1.252e3
1536.4	1.846e3
1537.0	3.650e2
1537.8	1.824e3
1538.5	1.100e1
1539.0	1.160e3
1539.7	3.030e2
1540.4	4.830e2
1541.2	1.111e3
1542.1	1.288e3
1542.8	5.530e2
1543.5	8.190e2
1544.4	2.100e1
1545.0	1.705e3
1545.5	5.400e1
1546.1	3.318e3
1546.9	5.540e2
1547.5	1.200e1
1548.0	1.702e3
1549.1	1.600e2
1550.4	1.765e3
1551.4	1.554e3
1552.3	3.490e2
1553.2	1.194e3
1554.1	2.151e3
1555.2	8.870e2
1555.8	1.750e2
1556.4	2.214e3
1557.3	1.790e2
1558.2	1.354e3
1558.8	1.500e1
1559.6	2.062e3
1560.4	1.030e2
1560.9	1.413e3
1561.5	4.510e2
1562.1	1.300e2
1562.6	1.495e3
1563.7	1.732e3
1564.5	3.620e2
1565.5	1.473e3
1566.3	4.720e2
1567.3	3.890e2
1568.1	6.070e2
1568.8	1.855e3
1569.5	3.800e2
1570.5	1.306e3
1572.2	3.960e2
1572.8	1.700e1
1573.3	1.348e3
1573.9	4.040e2
1574.5	6.060e2
1575.2	9.170e2
1575.8	1.310e2
1576.3	1.096e3
1577.1	2.710e2
1577.7	1.167e3
1578.3	1.410e2
1579.1	1.352e3
1579.6	4.830e2
1580.3	4.090e2
1580.9	5.140e2
1581.8	5.930e2
1582.4	1.955e3
1583.2	3.440e2
1584.1	1.634e3
1584.9	6.650e2
1585.7	9.690e2
1586.3	1.740e2
1587.7	1.791e3
1588.5	5.680e2
1589.5	1.314e3
1591.0	4.880e2
1591.9	3.170e2
1593.1	1.639e3
1593.8	7.500e1
1594.4	1.318e3
1595.1	1.440e2
1595.6	1.272e3
1596.6	8.100e1
1597.5	3.390e2
1598.3	1.113e3
1599.1	7.760e2
1599.8	1.883e3
1600.7	1.130e3
1601.4	1.670e2
1602.2	7.180e2
1603.5	8.290e2
1604.0	1.490e2
1605.1	2.146e3
1606.0	1.639e3
1606.8	3.710e2
1607.4	1.533e3
1608.1	3.620e2
1608.8	9.400e2
1609.5	2.910e2
1610.4	1.510e2
1611.1	1.276e3
1612.0	2.550e2
1613.3	9.990e2
1614.4	1.783e3
1615.0	2.050e2
1615.5	8.410e2
1616.4	1.319e3
1617.0	4.240e2
1617.9	1.242e3
1618.5	3.400e1
1619.1	7.960e2
1620.4	6.050e2
1621.1	1.550e3
1621.7	1.270e3
1622.6	4.680e2
1623.5	6.640e2
1624.5	8.690e2
1625.0	4.100e1
1625.6	3.070e2
1626.4	6.350e2
1627.0	6.700e1
1627.7	2.510e2
1628.9	8.900e2
1629.6	3.120e2
1630.5	3.290e2
1631.2	8.790e2
1632.1	1.371e3
1633.1	9.280e2
1633.9	5.100e2
1635.1	2.750e2
1635.8	5.550e2
1636.4	2.640e2
1637.2	3.660e2
1638.3	1.036e3
1639.2	8.940e2
1640.6	1.920e2
1641.4	1.081e3
1642.6	5.470e2
1643.6	7.500e1
1644.1	1.219e3
1644.7	3.410e2
1645.3	1.734e3
1646.0	7.960e2
1646.9	9.900e2
1647.7	1.046e3
1649.0	2.565e3
1649.8	4.930e2
1651.0	9.700e2
1651.8	1.766e3
1652.4	3.570e2
1653.1	7.750e2
1654.7	7.560e2
1655.3	2.010e2
1656.0	7.380e2
1656.5	1.200e1
1657.6	3.540e2
1658.4	4.370e2
1659.1	1.200e2
1659.9	2.654e3
1661.0	1.226e3
1661.7	2.440e2
1662.4	5.580e2
1662.9	1.810e2
1663.9	5.700e2
1664.8	1.337e3
1665.6	3.570e2
1666.6	5.940e2
1667.2	1.500e1
1667.9	7.860e2
1668.7	9.560e2
1669.7	1.687e3
1670.6	3.650e2
1671.4	1.442e3
1672.1	4.310e2
1673.0	4.760e2
1674.0	1.268e3
1675.2	1.187e3
1676.1	7.370e2
1676.7	4.820e2
1677.4	1.232e3
1678.3	9.760e2
1679.1	2.910e2
1679.9	7.160e2
1680.8	1.055e3
1682.5	1.680e2
1683.3	4.480e2
1684.0	1.471e3
1684.6	1.800e2
1685.1	1.361e3
1685.8	4.250e2
1687.0	2.520e2
1687.7	1.894e3
1688.7	5.100e2
1689.9	6.920e2
1690.6	5.100e2
1691.3	3.760e2
1692.4	1.052e3
1693.0	1.890e2
1693.7	1.868e3
1694.7	9.560e2
1695.9	2.360e2
1696.8	6.300e2
1698.1	1.312e3
1699.0	2.190e2
1699.8	1.734e3
1700.6	6.940e2
1701.4	4.050e2
1702.1	3.760e2
1702.9	2.870e2
1704.3	8.220e2
1705.4	1.983e3
1706.0	3.070e2
1707.1	9.550e2
1707.8	5.670e2
1708.5	8.390e2
1709.8	2.160e2
1711.1	7.910e2
1711.8	3.200e1
1712.4	8.040e2
1713.0	5.100e1
1713.6	3.670e2
1714.9	1.266e3
1716.3	5.120e2
1717.0	1.100e2
1717.6	3.650e2
1718.4	7.180e2
1719.0	1.060e2
1719.7	1.379e3
1720.5	1.710e2
1721.1	5.990e2
1722.0	9.840e2
1722.9	2.214e3
1723.8	9.460e2
1724.5	2.400e2
1725.6	3.470e2
1726.3	4.090e2
1727.3	3.320e2
1728.0	1.483e3
1728.6	5.150e2
1729.2	9.240e2
1730.7	5.780e2
1731.5	1.004e3
1732.4	8.730e2
1733.3	5.500e1
1734.0	7.710e2
1734.8	9.630e2
1735.6	3.340e2
1736.3	5.160e2
1737.7	1.380e2
1738.4	1.061e3
1739.5	1.988e3
1740.3	9.220e2
1741.4	2.113e3
1742.5	4.520e2
1743.2	4.830e2
1744.0	1.536e3
1745.0	1.757e3
1746.1	7.930e2
1747.3	1.599e3
1747.9	3.100e2
1748.7	1.920e2
1749.4	1.457e3
1750.1	2.490e2
1750.8	2.182e3
1751.8	5.090e2
1753.4	3.350e2
1754.2	1.200e1
1754.8	6.070e2
1755.7	1.056e3
1756.4	7.100e1
1757.0	1.705e3
1757.9	2.030e2
1758.6	1.200e1
1759.1	1.531e3
1759.7	2.160e2
1760.4	1.026e3
1761.1	1.740e2
1761.7	1.158e3
1762.7	1.135e3
1763.4	1.630e2
1764.1	3.820e2
1764.8	1.560e2
1765.5	1.500e3
1766.4	6.990e2
1767.0	5.280e2
1768.0	6.410e2
1768.9	1.300e1
1769.8	2.015e3
1770.6	1.200e1
1771.1	1.111e3
1771.8	2.660e2
1772.5	7.570e2
1773.5	6.850e2
1774.3	1.280e2
1774.8	1.042e3
1775.4	3.490e2
1776.1	1.860e2
1776.9	1.764e3
1777.8	2.090e2
1778.4	9.500e1
1779.3	1.651e3
1780.5	5.550e2
1781.3	2.200e1
1781.8	3.700e2
1782.6	1.617e3
1783.9	6.760e2
1784.5	1.010e2
1785.5	1.597e3
1786.1	2.920e2
1786.6	4.300e1
1787.2	1.355e3
1787.9	2.210e2
1788.6	1.059e3
1789.6	3.470e2
1790.4	3.050e2
1791.1	1.045e3
1791.8	1.130e2
1792.6	2.710e2
1793.9	6.740e2
1795.2	4.870e2
1796.1	1.056e3
1797.2	3.170e2
1798.2	7.810e2
1798.9	1.983e3
1800.7	1.168e3
1801.5	2.890e2
1802.4	7.720e2
1803.4	9.540e2
1804.6	5.850e2
1805.6	8.900e2
1806.5	1.423e3
1807.4	3.720e2
1808.1	2.049e3
1808.6	9.400e1
1809.2	1.666e3
1810.1	7.900e1
1811.0	2.180e2
1811.7	7.940e2
1812.3	8.110e2
1813.2	5.360e2
1814.0	6.680e2
1815.0	1.021e3
1815.7	2.370e2
1816.4	2.053e3
1817.4	8.560e2
1818.1	3.450e2
1818.9	1.975e3
1819.6	9.230e2
1820.6	4.850e2
1821.5	7.200e1
1822.7	1.426e3
1823.7	1.178e3
1824.5	4.360e2
1825.1	5.010e2
1826.2	4.060e2
1827.0	5.450e2
1827.8	5.190e2
1828.9	2.652e3
1829.9	9.190e2
1830.5	4.370e2
1831.3	8.800e2
1831.9	2.350e2
1832.5	5.720e2
1833.5	2.200e2
1834.3	4.930e2
1835.4	1.298e3
1836.0	2.520e2
1836.5	8.020e2
1837.4	9.910e2
1838.3	1.351e3
1839.1	3.090e2
1839.6	1.481e3
1840.6	4.820e2
1841.2	2.460e2
1842.2	6.770e2
1843.1	5.800e1
1843.8	8.800e2
1845.3	9.010e2
1846.2	5.300e1
1847.1	7.910e2
1847.9	9.000e2
1848.4	1.500e1
1849.1	1.500e1
1849.8	1.318e3
1850.8	1.550e2
1851.4	1.693e3
1852.1	1.000e2
1852.7	6.020e2
1853.3	1.850e2
1854.0	1.060e2
1854.6	6.030e2
1855.7	2.340e2
1856.4	6.690e2
1857.3	7.670e2
1858.0	3.320e2
1858.5	2.700e2
1859.5	1.300e1
1860.5	3.600e1
1861.3	2.360e2
1862.3	1.288e3
1863.4	6.800e1
1864.3	8.790e2
1865.3	1.288e3
1865.9	3.700e1
1866.4	5.400e1
1867.2	7.390e2
1867.9	2.480e2
1868.5	1.366e3
1869.4	1.381e3
1870.5	6.850e2
1871.4	5.600e1
1872.1	3.340e2
1872.8	1.658e3
1873.6	2.690e2
1874.2	9.080e2
1876.1	1.390e2
1876.7	3.360e2
1877.3	1.530e2
1877.8	8.560e2
1878.5	1.113e3
1879.1	2.780e2
1880.3	1.780e2
1881.0	6.920e2
1882.0	8.240e2
1883.1	3.580e2
1884.0	1.416e3
1884.6	5.500e2
1885.3	5.430e2
1885.8	1.140e2
1886.4	3.180e2
1887.0	1.086e3
1888.3	2.850e2
1889.1	2.430e2
1890.6	4.980e2
1891.3	4.010e2
1892.1	4.720e2
1892.8	1.330e2
1894.0	1.299e3
1894.7	8.950e2
1895.4	1.400e1
1896.1	1.088e3
1897.1	1.654e3
1897.9	3.170e2
1898.4	1.308e3
1899.6	1.380e2
1900.4	3.350e2
1901.1	3.070e2
1902.1	1.740e2
1903.0	8.840e2
1904.0	3.520e2
1904.6	2.300e1
1905.5	1.105e3
1906.6	4.700e2
1907.5	2.900e1
1908.8	1.899e3
1909.7	5.470e2
1910.3	4.200e1
1910.9	7.130e2
1911.6	2.630e2
1912.6	6.030e2
1913.6	4.740e2
1915.1	4.840e2
1915.8	4.190e2
1916.4	2.100e2
1917.1	1.104e3
1918.4	2.850e2
1919.0	1.112e3
1920.0	4.010e2
1920.7	5.490e2
1921.8	7.500e1
1922.7	1.644e3
1923.3	1.220e2
1924.0	2.290e2
1924.9	2.260e2
1925.9	1.740e2
1926.6	4.380e2
1927.5	1.437e3
1929.0	9.710e2
1930.2	1.011e3
1931.0	3.830e2
1931.8	2.210e2
1933.1	1.155e3
1934.0	2.400e2
1934.7	1.088e3
1935.5	3.310e2
1936.1	9.250e2
1937.3	5.910e2
1938.1	1.300e1
1939.0	4.200e1
1940.0	4.630e2
1941.6	3.500e2
1942.3	1.230e3
1943.2	7.830e2
1944.4	3.250e2
1945.5	2.530e2
1946.4	6.380e2
1947.9	3.520e2
1948.5	8.100e1
1949.0	4.770e2
1950.1	7.400e2
1951.0	5.090e2
1951.5	6.000e1
1952.1	9.130e2
1953.1	4.830e2
1954.2	5.880e2
1955.3	2.430e2
1956.0	7.930e2
1956.7	1.139e3
1957.7	7.740e2
1958.8	4.050e2
1960.0	3.410e2
1961.2	4.840e2
1961.9	3.090e2
1962.9	5.210e2
1963.8	1.200e1
1964.3	3.350e2
1965.5	2.317e3
1966.3	7.640e2
1967.0	2.770e2
1968.6	7.700e2
1969.5	6.560e2
1970.2	3.800e1
1970.9	8.170e2
1971.8	4.020e2
1972.4	2.500e1
1973.3	1.471e3
1974.2	3.590e2
1974.8	1.170e2
1976.0	1.200e1
1976.6	5.500e1
1977.5	1.399e3
1978.5	8.380e2
1979.6	1.151e3
1980.1	2.960e2
1981.1	1.322e3
1982.0	4.890e2
1982.9	7.730e2
1983.5	3.700e1
1984.2	1.129e3
1984.7	7.240e2
1985.4	5.690e2
1987.0	5.630e2
1987.6	1.385e3
1988.6	1.400e1
1989.2	1.540e2
1990.4	1.045e3
1991.0	5.100e1
1992.1	2.250e2
1992.8	7.890e2
1993.3	2.310e2
1994.0	2.600e1
1994.5	1.544e3
1995.6	6.870e2
1996.3	6.500e2
1997.0	4.700e1
1997.8	3.460e2
1998.5	5.210e2
1999.0	1.500e1
1999.7	1.210e3
