100.4	4.300e2
101.0	7.183e4
101.9	1.292e4
103.0	1.308e4
104.0	1.811e3
105.0	2.287e3
106.0	4.020e2
107.0	3.350e2
108.0	8.918e3
108.6	4.000e0
109.1	1.447e3
110.0	5.190e2
111.1	6.388e3
112.2	9.260e2
113.0	1.518e5
113.5	4.600e1
114.1	3.849e3
115.0	6.229e3
115.6	5.000e0
116.1	2.752e3
117.0	6.748e4
118.0	1.098e4
119.0	3.791e3
120.0	1.794e3
121.0	1.138e3
122.0	5.680e2
122.6	4.000e0
123.2	6.120e2
124.1	1.079e3
125.0	2.070e3
126.0	7.160e2
127.1	6.170e2
128.1	8.580e2
129.0	3.403e3
130.0	8.163e3
131.0	2.954e3
132.1	2.444e3
133.0	9.116e3
134.1	1.004e3
135.0	5.507e3
136.0	1.799e3
137.1	3.924e3
138.2	2.408e3
139.1	1.871e3
140.1	8.010e2
141.1	8.820e2
142.0	4.310e2
143.0	1.229e3
144.2	1.146e3
145.0	1.287e4
146.0	1.163e4
147.0	1.676e4
148.0	1.458e3
149.0	1.830e3
150.0	6.670e2
150.5	5.800e1
151.1	8.140e2
152.1	4.824e3
153.1	2.357e3
154.0	1.056e3
155.1	1.915e3
156.0	2.608e3
156.6	4.900e1
157.1	2.316e3
158.1	3.878e3
159.0	1.583e3
160.1	7.910e2
161.1	2.455e3
162.0	1.537e3
162.5	1.900e1
163.0	2.180e3
163.5	2.000e1
164.1	1.173e3
165.1	2.714e3
166.1	6.170e2
167.1	7.080e2
168.1	5.070e2
169.1	2.353e3
170.0	5.400e2
171.1	1.712e3
172.1	8.280e2
173.1	3.027e3
174.1	2.774e3
175.0	3.916e4
175.5	1.190e2
176.1	3.703e3
177.1	1.760e3
178.1	4.130e2
179.1	5.335e3
180.1	1.585e3
181.1	2.411e4
182.1	1.563e3
183.0	2.454e3
183.5	1.700e1
184.1	1.787e3
185.1	4.200e3
186.0	1.819e3
187.1	2.268e3
188.1	1.854e3
189.0	8.010e2
190.1	1.364e3
191.1	2.184e4
192.1	2.226e3
193.1	8.529e3
194.0	1.566e3
194.5	1.240e2
195.1	6.161e3
195.9	8.954e3
196.5	4.600e1
197.0	1.824e3
197.9	9.709e3
198.5	5.900e1
199.0	1.789e3
200.0	7.171e3
200.5	1.400e1
201.0	2.915e3
201.5	1.310e2
202.1	2.726e3
203.1	4.798e3
204.1	1.651e3
204.7	4.000e0
205.2	1.557e3
206.0	1.625e3
206.6	2.300e1
207.1	3.378e3
208.1	8.814e3
208.6	4.000e0
209.1	3.925e3
210.1	2.058e3
211.1	2.038e3
212.2	2.892e4
213.2	5.914e3
214.1	3.851e3
215.1	1.671e3
216.0	1.367e3
217.1	1.732e3
218.0	1.629e3
219.1	2.458e3
220.1	2.698e3
221.1	4.743e3
222.1	2.209e3
223.1	1.605e3
223.9	7.200e2
224.5	7.200e1
225.1	3.114e3
226.0	1.115e3
227.1	3.076e3
227.6	4.600e1
228.3	1.686e3
229.1	9.340e2
230.1	2.244e3
230.6	4.300e1
231.1	2.996e3
232.0	2.251e3
233.1	2.738e3
234.0	2.209e3
235.0	1.038e3
235.5	1.800e1
236.0	1.311e4
237.1	2.114e3
238.0	2.468e3
239.1	3.398e3
240.0	1.449e4
241.0	4.282e3
241.5	1.400e1
242.1	2.210e3
243.1	1.239e4
244.1	4.638e3
244.6	6.200e1
245.1	2.034e3
246.1	1.840e3
247.1	2.001e3
248.1	1.576e3
249.1	5.559e4
250.1	2.985e3
251.0	2.063e3
251.7	4.000e0
252.2	5.940e2
253.2	2.455e3
254.0	6.810e2
254.8	1.350e2
255.3	2.237e3
256.1	7.830e2
257.1	2.138e3
258.1	2.022e3
259.1	1.947e3
260.1	2.050e3
261.1	4.088e3
262.0	2.142e3
263.0	2.567e3
264.0	1.024e3
264.5	1.900e1
265.2	2.511e3
266.1	1.710e3
267.2	1.100e3
268.1	9.870e2
269.0	2.394e3
269.5	1.090e2
270.1	1.222e3
270.6	4.000e0
271.1	1.248e3
272.0	1.593e3
273.1	1.624e3
274.1	1.022e3
275.0	4.574e3
276.1	1.646e3
276.7	3.600e1
277.3	2.174e3
278.2	1.213e3
279.1	3.261e3
280.1	3.292e3
280.8	5.000e2
281.4	4.105e3
282.2	1.685e3
283.1	2.165e3
284.1	1.527e3
285.0	1.685e3
285.6	3.300e1
286.1	2.051e3
287.1	2.122e3
288.1	7.261e3
289.0	3.137e3
290.0	5.062e3
291.1	2.337e3
292.0	3.458e3
292.7	7.600e1
293.2	2.145e3
294.1	1.574e3
295.2	2.614e3
296.2	1.436e3
296.7	1.400e1
297.3	2.461e3
298.1	2.090e3
299.2	1.860e3
300.1	1.122e3
301.1	1.995e3
302.1	1.713e3
303.2	3.278e3
304.2	1.355e3
305.1	7.372e3
306.1	1.607e3
306.6	3.700e1
307.1	5.659e3
308.0	3.153e3
308.6	7.200e1
309.2	4.429e3
310.1	3.844e3
310.6	3.600e1
311.2	1.394e4
312.1	5.535e3
312.7	6.100e1
313.2	3.569e3
314.2	1.251e3
315.0	1.671e3
315.6	4.000e1
316.1	1.362e3
317.1	6.497e4
318.0	5.906e3
318.6	1.580e2
319.1	4.318e3
320.1	2.116e3
320.6	1.900e2
321.2	3.764e3
322.1	1.776e3
322.6	8.000e0
323.1	4.669e3
323.6	7.000e0
324.2	2.579e3
324.7	1.340e2
325.3	8.139e3
326.2	1.987e3
327.2	6.113e3
327.8	1.730e2
328.4	1.514e4
329.2	8.329e3
330.1	2.405e3
331.1	4.167e3
332.1	1.001e3
332.6	1.100e1
333.1	5.329e3
334.1	3.919e3
334.6	8.000e1
335.2	2.947e3
335.8	3.970e2
336.3	4.432e3
337.1	2.774e3
338.0	1.912e3
338.7	2.040e2
339.3	4.498e3
340.1	4.842e3
341.1	6.770e3
342.1	2.233e3
343.0	6.443e3
343.6	2.600e2
344.2	3.899e3
344.7	4.900e1
345.2	2.327e3
346.1	1.342e3
346.6	5.800e1
347.1	4.254e3
348.0	1.143e3
348.7	4.140e2
349.3	5.811e3
350.2	2.165e3
351.2	2.375e3
352.1	1.228e3
353.1	5.843e3
353.6	4.300e1
354.1	1.432e3
355.2	3.992e3
356.1	1.229e4
356.6	6.400e1
357.2	6.952e3
358.1	2.851e3
359.0	2.934e3
359.5	1.320e2
360.1	3.229e3
360.6	4.000e0
361.2	3.404e3
361.7	2.210e2
362.3	4.677e3
363.1	2.998e3
364.1	1.647e3
364.6	4.900e1
365.1	1.779e3
366.0	5.134e3
366.7	1.170e2
367.3	1.543e3
368.2	1.946e3
369.1	1.722e4
370.1	3.701e3
371.1	2.781e3
372.1	2.167e3
373.1	3.947e3
374.0	1.410e3
374.6	7.600e1
375.2	6.536e3
376.1	3.969e3
376.7	1.790e2
377.3	5.434e3
378.2	1.956e3
379.1	1.244e4
380.0	3.234e3
380.7	5.220e2
381.3	5.665e3
382.3	2.442e3
383.0	4.230e2
383.5	2.529e3
384.3	1.050e3
385.1	4.228e4
386.1	5.327e3
386.6	3.900e2
387.2	4.093e3
388.2	1.291e3
389.2	1.939e3
390.1	8.060e2
390.7	8.000e1
391.3	4.538e3
392.2	2.251e3
392.7	1.190e2
393.2	3.214e3
394.1	1.709e3
395.1	5.175e3
396.1	2.570e3
397.0	9.112e3
397.9	3.462e3
398.6	6.600e1
399.1	5.209e3
399.7	1.800e2
400.3	1.710e3
400.8	7.600e1
401.3	4.665e3
402.2	3.681e3
402.8	2.810e2
403.3	4.812e3
404.2	1.706e3
405.1	3.170e3
405.6	7.900e1
406.1	1.356e3
407.0	1.588e3
407.9	3.094e3
408.5	5.800e2
409.3	3.184e3
410.1	2.126e3
411.0	5.408e3
411.6	1.910e2
412.1	2.399e3
412.7	9.500e1
413.3	4.457e3
414.2	2.173e3
414.7	3.500e1
415.2	2.764e3
415.9	6.510e2
416.6	1.893e3
417.4	4.572e3
418.2	2.285e3
418.8	1.680e2
419.3	4.588e3
420.3	1.616e3
421.1	4.788e3
422.0	2.493e3
422.5	2.740e2
423.2	3.551e3
424.1	1.032e4
425.1	5.145e3
426.0	2.115e3
426.5	4.500e1
427.1	5.514e3
428.1	3.358e3
428.7	4.820e2
429.3	3.494e3
430.3	2.066e3
431.3	4.293e3
431.9	4.390e2
432.5	2.066e3
433.1	3.800e1
433.6	3.960e3
434.3	1.297e3
435.1	3.012e3
435.7	6.690e2
436.5	1.241e4
437.4	5.320e3
437.9	4.900e1
438.4	3.427e3
439.3	1.709e3
440.0	2.696e3
440.5	4.200e1
441.1	3.562e3
442.0	2.899e3
442.5	1.380e2
443.1	3.575e3
443.9	4.389e3
444.5	2.220e2
445.1	3.252e3
445.6	6.400e1
446.2	3.008e3
447.2	1.029e4
448.2	2.829e3
449.2	1.947e3
450.1	2.696e3
450.7	6.100e1
451.2	2.680e3
451.8	4.500e1
452.3	4.247e3
453.1	4.357e4
454.1	5.420e3
455.0	3.478e3
456.0	2.980e3
456.7	8.210e2
457.4	4.157e3
457.9	1.220e2
458.4	2.802e3
459.4	5.909e3
460.2	2.765e3
461.2	4.343e3
462.0	8.450e2
462.6	1.204e4
463.4	5.441e3
464.1	1.388e3
464.8	1.147e4
465.5	1.618e4
466.4	7.793e3
467.3	5.555e3
468.2	1.722e3
469.1	3.460e3
470.0	4.232e3
470.7	3.680e2
471.3	3.219e3
472.1	1.800e3
472.7	5.500e1
473.2	3.959e3
474.2	2.455e3
474.8	6.340e2
475.5	3.892e3
476.4	2.477e3
476.9	5.900e1
477.4	3.651e3
478.2	1.979e3
479.0	8.298e3
479.6	1.496e3
480.4	6.153e3
481.3	3.030e3
482.2	1.790e3
483.1	3.977e3
483.7	2.900e1
484.2	2.374e3
484.7	6.900e1
485.2	6.277e3
486.2	2.913e3
487.2	2.819e3
488.1	2.117e3
488.6	1.890e2
489.2	4.711e3
490.2	2.735e3
491.1	2.430e3
491.8	1.847e4
492.7	7.806e3
493.5	4.595e3
494.4	1.961e3
495.1	5.027e3
496.2	3.057e3
496.7	2.100e1
497.2	3.105e3
497.7	2.680e2
498.3	2.020e3
499.3	3.223e3
500.2	1.808e3
500.7	2.700e1
501.3	3.793e3
502.0	2.366e3
502.7	5.550e2
503.3	2.160e4
503.9	1.840e2
504.4	8.266e3
505.3	6.158e3
506.3	3.254e3
507.2	2.930e3
508.1	3.764e3
508.7	2.450e2
509.3	3.876e3
510.2	2.669e3
511.2	5.583e3
512.2	3.025e3
512.7	3.400e1
513.2	3.415e3
514.1	2.003e3
515.1	7.244e3
515.7	6.500e2
516.4	3.433e3
517.3	1.533e3
518.1	2.462e3
518.7	4.440e2
519.3	2.497e3
520.2	2.818e3
521.1	4.008e4
522.1	6.767e3
523.1	3.815e3
524.0	1.868e3
524.7	3.780e3
525.6	3.171e3
526.4	1.623e3
527.2	4.270e3
528.2	2.935e3
528.8	5.620e2
529.4	3.398e3
530.0	2.960e2
530.6	6.415e3
531.4	4.613e3
532.4	4.230e3
532.9	7.700e1
533.4	6.019e3
534.0	1.054e3
534.6	6.306e3
535.5	3.659e3
536.3	1.447e3
537.0	3.191e3
538.0	4.279e3
538.6	1.271e3
539.4	5.723e3
540.0	1.990e2
540.5	7.049e3
541.5	5.059e3
542.5	2.692e3
543.1	1.019e3
543.9	2.919e3
544.5	5.840e2
545.2	3.141e3
545.7	4.900e1
546.2	2.053e3
547.1	5.384e3
547.7	3.040e2
548.3	3.775e3
548.8	1.110e2
549.3	8.545e3
550.0	3.540e2
550.5	4.599e3
551.4	2.668e3
552.2	1.280e3
552.9	4.393e3
553.4	1.670e2
554.0	3.202e3
554.5	2.790e2
555.1	2.585e3
555.7	2.500e2
556.2	2.030e3
557.2	2.914e3
558.1	1.963e3
558.7	1.500e2
559.2	1.863e3
560.1	9.256e3
561.1	3.694e3
561.6	8.200e1
562.2	1.870e3
563.2	3.607e3
563.7	1.010e2
564.2	2.239e3
565.2	2.917e3
565.9	6.250e2
566.6	4.629e3
567.3	1.372e3
568.0	2.018e3
568.6	1.000e2
569.1	3.450e3
570.0	2.060e3
570.7	6.030e2
571.4	4.649e3
571.9	2.600e1
572.4	4.234e3
572.9	3.300e2
573.5	4.758e3
574.2	1.263e3
575.0	2.878e3
575.6	6.400e1
576.1	2.568e3
577.0	2.636e3
577.6	7.470e2
578.3	2.979e3
579.2	6.516e3
579.8	9.890e2
580.6	9.497e3
581.5	4.873e3
582.3	9.440e2
583.1	7.453e3
584.1	2.392e3
584.6	3.700e1
585.1	1.631e3
586.1	2.698e3
586.8	4.240e2
587.4	2.958e3
588.3	1.320e3
589.1	3.383e4
590.1	5.712e3
590.7	1.027e3
591.4	6.599e3
591.9	6.900e1
592.4	3.148e3
593.4	7.240e3
593.9	1.850e2
594.5	4.105e3
595.1	6.040e2
595.7	5.855e3
596.6	3.458e3
597.6	3.856e3
598.3	1.518e3
599.1	5.079e3
599.6	2.980e2
600.2	3.480e3
600.9	8.790e2
601.5	5.690e3
602.3	2.560e3
603.1	3.393e3
603.6	2.350e2
604.2	3.108e3
604.7	1.700e1
605.2	3.712e3
606.2	4.326e3
606.7	9.900e1
607.3	3.918e3
607.9	7.730e2
608.6	2.700e3
609.4	4.765e3
610.0	3.600e1
610.5	2.908e3
611.5	3.837e3
612.3	2.106e3
612.9	5.000e0
613.4	2.303e3
613.9	1.580e2
614.4	4.066e3
615.2	3.640e3
616.2	2.610e3
617.1	3.811e3
617.6	1.150e2
618.1	2.141e3
619.0	3.482e3
619.8	1.606e3
620.6	2.052e3
621.5	6.438e3
622.3	3.084e3
622.9	5.340e2
623.5	3.725e3
624.0	1.030e2
624.6	2.743e3
625.5	2.878e3
626.1	7.390e2
626.9	3.352e3
627.5	7.500e2
628.2	1.076e4
629.1	3.725e3
630.1	2.412e3
630.6	1.400e1
631.1	5.201e3
631.9	1.267e3
632.6	7.590e3
633.5	4.949e3
634.5	4.886e3
635.5	2.493e3
636.4	5.375e3
637.3	4.130e3
637.9	4.410e2
638.5	2.691e3
639.1	1.250e2
639.6	4.643e3
640.2	5.660e2
640.8	4.802e3
641.7	3.095e3
642.7	1.197e3
643.5	2.960e3
644.3	1.233e3
645.0	3.041e3
645.6	3.830e2
646.3	2.255e3
647.2	4.717e3
647.8	3.100e2
648.3	4.124e3
648.8	1.080e2
649.4	4.333e3
650.0	9.140e2
650.7	6.028e3
651.5	4.296e3
652.3	2.308e3
653.2	2.525e3
654.2	2.480e3
655.1	3.930e3
655.6	1.400e1
656.1	2.075e3
656.7	1.320e2
657.2	2.769e4
658.0	6.557e3
658.7	2.677e3
659.6	5.575e3
660.4	1.299e3
661.3	3.619e3
662.0	8.370e2
662.6	1.532e3
663.5	4.196e3
664.2	1.300e3
665.0	5.120e3
665.8	2.194e3
666.5	1.078e3
667.3	4.642e3
668.3	4.251e3
668.8	6.800e1
669.3	6.428e3
670.2	2.800e3
671.1	3.756e3
671.6	4.100e1
672.2	2.623e3
673.1	3.889e3
673.8	5.600e2
674.4	3.737e3
675.0	2.100e2
675.5	3.186e3
676.5	3.613e3
677.5	2.922e3
678.4	2.567e3
679.0	2.330e2
679.5	4.594e3
680.5	5.013e3
681.3	1.806e3
682.2	2.031e3
683.1	5.640e3
683.7	1.093e3
684.4	5.096e3
685.3	4.357e3
686.3	2.794e3
687.2	2.616e3
687.8	2.870e2
688.3	2.212e3
689.2	4.065e3
690.1	2.410e3
690.8	5.170e2
691.4	3.663e3
692.4	2.153e3
693.2	2.815e3
693.7	2.700e1
694.3	2.219e3
695.3	3.665e3
696.1	8.498e3
696.7	8.090e2
697.3	6.149e3
698.3	2.963e3
699.0	8.676e3
699.7	2.654e3
700.6	5.512e3
701.1	1.150e2
701.6	3.372e3
702.5	2.010e3
703.2	4.413e3
703.9	6.760e2
704.5	3.594e3
705.5	3.651e3
706.1	2.530e2
706.7	3.234e3
707.5	1.445e3
708.3	3.437e3
709.2	3.710e3
710.2	3.660e3
711.0	1.421e3
711.8	3.566e3
712.5	8.230e2
713.2	3.933e3
713.8	8.030e2
714.5	4.359e3
715.3	6.497e3
716.2	2.654e3
717.0	3.752e3
717.6	3.060e2
718.2	3.946e3
718.7	1.090e2
719.2	4.634e3
719.8	1.780e2
720.3	2.951e3
721.3	3.420e3
722.0	8.060e2
722.7	2.478e3
723.3	3.220e2
723.9	2.904e3
724.5	4.210e2
725.1	2.171e4
726.1	5.776e3
726.7	5.300e2
727.3	4.262e3
728.0	1.585e3
728.8	4.429e3
729.7	2.682e3
730.5	1.604e3
731.2	2.771e3
732.0	3.389e3
732.6	3.300e2
733.2	2.192e3
734.2	1.648e3
735.1	5.625e3
736.1	3.367e3
737.1	4.381e3
737.9	1.961e3
738.7	3.324e3
739.3	4.290e2
739.9	2.526e3
740.8	2.734e3
741.7	4.555e3
742.6	2.689e3
743.6	2.828e3
744.2	6.570e2
744.8	5.239e3
745.8	3.431e3
746.7	2.508e3
747.7	4.268e3
748.3	6.950e2
748.9	3.312e3
749.5	1.750e2
750.1	2.335e3
751.0	4.810e3
751.6	2.300e1
752.1	3.754e3
753.1	2.815e3
754.1	2.179e3
755.0	3.794e3
755.9	2.745e3
756.7	1.196e3
757.4	4.545e3
758.3	1.691e3
759.1	2.783e3
759.7	6.970e2
760.4	3.056e3
761.0	8.110e2
761.7	3.109e3
762.6	2.937e3
763.4	1.218e3
764.1	6.150e3
765.1	3.828e3
766.1	1.791e3
766.6	1.100e1
767.1	5.262e3
767.7	2.200e2
768.2	2.945e3
769.1	3.024e3
769.8	9.310e2
770.4	3.020e3
771.4	1.466e3
772.3	2.835e3
773.3	3.300e3
773.9	5.200e1
774.4	2.824e3
775.0	2.140e2
775.5	2.125e3
776.1	3.570e2
776.7	3.502e3
777.3	3.610e2
777.9	3.376e3
778.5	6.800e2
779.3	3.065e3
780.3	2.174e3
781.0	9.450e2
781.7	3.639e3
782.4	1.079e3
783.1	4.189e3
783.7	1.280e2
784.2	3.337e3
784.8	5.810e2
785.4	4.139e3
785.9	1.430e2
786.4	2.319e3
787.2	4.652e3
788.0	6.800e1
788.6	1.791e3
789.6	2.845e3
790.1	1.890e2
790.7	2.423e3
791.3	1.580e2
791.9	2.890e3
792.5	7.620e2
793.1	1.590e4
793.9	1.889e3
794.7	8.186e3
795.2	7.500e1
795.7	4.943e3
796.3	5.530e2
796.9	4.885e3
797.6	8.850e2
798.3	2.225e3
799.0	1.324e3
799.7	4.178e3
800.4	1.299e3
801.1	2.461e3
802.0	3.121e3
802.6	1.200e1
803.1	4.602e3
803.9	3.071e3
804.7	1.548e3
805.5	3.613e3
806.0	1.020e2
806.5	2.889e3
807.2	7.320e2
807.9	2.519e3
808.5	4.520e2
809.2	4.674e3
810.1	3.155e3
810.9	8.240e2
811.6	1.982e3
812.1	1.250e2
812.7	3.210e3
813.5	2.613e3
814.2	4.960e2
814.9	2.693e3
815.4	4.610e2
816.0	3.018e3
816.7	5.480e2
817.2	2.982e3
818.2	1.757e3
819.1	4.488e3
820.0	2.692e3
821.0	2.086e3
821.9	3.793e3
822.6	5.660e2
823.3	3.736e3
824.4	2.472e3
825.4	3.589e3
826.3	2.087e3
827.3	3.093e3
827.9	5.110e2
828.5	2.986e3
829.2	9.180e2
829.9	2.581e3
830.6	7.010e2
831.3	2.158e3
832.1	6.537e3
832.8	1.684e3
833.6	4.693e3
834.3	1.173e3
835.1	4.228e3
836.0	2.308e3
836.7	9.220e2
837.4	2.763e3
838.4	1.790e3
839.4	1.874e3
840.4	3.765e3
841.2	1.772e3
842.0	2.716e3
842.9	1.386e3
843.8	3.217e3
844.3	4.100e1
844.8	2.112e3
845.7	3.843e3
846.3	6.930e2
847.0	3.019e3
847.7	1.391e3
848.6	2.638e3
849.2	3.810e2
849.8	2.931e3
850.6	7.820e2
851.3	2.747e3
852.1	8.080e2
852.9	2.420e3
853.4	4.270e2
854.0	2.739e3
854.5	1.230e2
855.1	3.133e3
855.7	2.100e2
856.2	3.249e3
857.2	1.920e3
858.1	2.957e3
858.7	1.190e2
859.2	3.243e3
860.2	2.146e3
861.2	1.204e4
862.0	3.339e3
862.8	4.316e3
863.5	8.940e2
864.1	4.058e3
864.7	2.480e2
865.2	3.576e3
866.2	1.869e3
867.2	3.144e3
867.8	8.100e1
868.3	2.699e3
868.9	1.190e2
869.5	2.613e3
870.4	2.780e3
871.1	1.468e3
871.9	3.224e3
872.7	1.931e3
873.6	3.180e3
874.1	2.480e2
874.6	3.891e3
875.2	9.000e0
875.7	3.148e3
876.5	1.244e3
877.2	3.609e3
878.1	2.881e3
879.0	2.816e3
879.8	5.630e2
880.5	2.622e3
881.0	1.720e2
881.5	2.887e3
882.2	8.760e2
882.9	2.647e3
883.8	3.183e3
884.3	2.290e2
884.9	2.680e3
885.4	5.500e1
886.0	2.764e3
887.0	3.922e3
887.6	8.980e2
888.3	2.629e3
889.2	3.138e3
890.1	2.057e3
891.0	3.417e3
892.0	2.773e3
892.6	4.770e2
893.1	2.856e3
893.8	2.860e2
894.4	2.247e3
895.3	3.998e3
895.9	6.000e1
896.4	3.957e3
897.0	3.340e2
897.6	1.942e3
898.5	3.472e3
899.4	2.278e3
900.3	5.700e3
901.3	2.622e3
902.2	1.753e3
902.7	2.670e2
903.3	3.670e3
903.8	1.870e2
904.4	3.866e3
905.0	9.600e1
905.5	2.048e3
906.3	8.520e2
907.1	2.780e3
908.1	2.108e3
909.0	2.945e3
910.0	2.196e3
910.9	2.602e3
911.6	8.970e2
912.3	2.266e3
913.2	4.426e3
913.8	8.170e2
914.5	3.330e3
915.2	8.250e2
915.9	3.280e3
916.9	2.292e3
917.4	1.110e2
917.9	2.384e3
918.4	1.300e1
918.9	1.812e3
919.5	4.020e2
920.2	3.365e3
921.1	2.341e3
921.7	2.300e1
922.2	2.604e3
922.8	1.170e2
923.3	2.522e3
923.9	2.130e2
924.4	2.691e3
925.0	2.050e2
925.6	2.728e3
926.4	1.458e3
927.2	3.818e3
928.1	2.089e3
928.6	2.800e2
929.2	1.076e4
930.1	3.745e3
930.7	8.480e2
931.3	4.334e3
932.1	1.987e3
932.9	2.568e3
933.6	1.052e3
934.3	2.878e3
935.0	5.020e2
935.6	3.548e3
936.2	2.500e1
936.7	2.492e3
937.6	1.902e3
938.4	3.392e3
939.3	3.030e3
940.2	1.683e3
941.2	3.166e3
941.8	5.670e2
942.4	2.942e3
943.3	4.069e3
943.8	1.430e2
944.4	2.732e3
945.1	1.500e3
945.9	3.357e3
946.6	8.660e2
947.2	2.939e3
947.8	1.730e2
948.4	3.693e3
949.2	2.882e3
950.2	2.614e3
950.8	4.760e2
951.5	2.541e3
952.4	2.594e3
953.1	3.280e2
953.6	2.972e3
954.4	7.560e2
955.1	4.602e3
955.6	5.210e2
956.2	4.249e3
957.2	2.855e3
958.1	4.061e3
959.0	1.768e3
959.8	3.122e3
960.7	1.972e3
961.7	2.831e3
962.4	1.108e3
963.1	4.138e3
964.0	2.403e3
965.1	2.813e3
966.1	2.679e3
967.0	3.111e3
967.6	2.960e2
968.2	4.832e3
969.2	3.163e3
970.2	1.958e3
971.0	4.009e3
971.9	2.576e3
972.7	1.461e3
973.5	2.870e3
974.4	3.383e3
975.4	1.877e3
976.2	3.488e3
976.9	1.148e3
977.6	2.323e3
978.5	1.022e3
979.3	3.137e3
980.1	2.263e3
980.8	1.605e3
981.6	2.374e3
982.6	3.223e3
983.2	2.580e2
983.8	2.850e3
984.5	8.630e2
985.2	2.740e3
986.0	2.536e3
986.9	4.404e3
987.5	2.560e2
988.0	2.880e3
988.6	6.520e2
989.3	2.801e3
989.9	1.079e3
990.7	2.808e3
991.5	1.872e3
992.4	3.776e3
993.0	7.700e2
993.8	3.823e3
994.7	3.831e3
995.6	2.663e3
996.4	1.292e3
997.2	7.875e3
997.7	5.680e2
998.3	4.585e3
999.1	2.048e3
1000.0	2.585e3
1000.6	3.490e2
1001.2	2.605e3
1002.1	1.948e3
1003.0	4.481e3
1003.6	2.030e2
1004.1	2.931e3
1005.1	1.919e3
1006.0	3.613e3
1006.9	2.446e3
1007.7	4.419e3
1008.4	9.460e2
1009.1	4.087e3
1010.0	2.887e3
1010.9	2.572e3
1011.8	4.677e3
1012.4	5.800e1
1013.1	2.856e3
1014.0	4.188e3
1014.9	2.430e3
1015.9	3.170e3
1016.4	7.200e1
1016.9	3.255e3
1017.7	9.660e2
1018.4	3.033e3
1019.4	2.978e3
1020.3	3.002e3
1020.9	3.460e2
1021.5	3.410e3
1022.1	3.200e1
1022.6	3.089e3
1023.4	3.714e3
1024.4	2.676e3
1025.1	1.426e3
1025.8	4.312e3
1026.5	1.029e3
1027.3	3.638e3
1028.1	2.418e3
1029.1	4.157e3
1030.1	2.354e3
1031.1	2.942e3
1031.6	4.300e1
1032.1	2.631e3
1032.9	2.090e3
1033.8	2.380e3
1034.7	2.824e3
1035.5	1.289e3
1036.2	4.000e3
1036.9	1.816e3
1037.7	2.999e3
1038.3	5.330e2
1038.9	1.950e3
1039.7	3.954e3
1040.7	2.406e3
1041.3	6.690e2
1042.0	2.666e3
1042.5	6.800e1
1043.0	2.416e3
1044.0	3.134e3
1045.0	1.789e3
1045.9	1.957e3
1046.6	8.100e2
1047.3	3.003e3
1048.2	1.257e3
1048.9	2.259e3
1049.5	1.870e2
1050.0	2.235e3
1051.0	3.493e3
1051.9	2.291e3
1052.8	2.681e3
1053.5	3.210e2
1054.2	1.862e3
1054.8	3.790e2
1055.4	3.511e3
1056.0	5.370e2
1056.6	1.990e3
1057.5	2.505e3
1058.3	5.550e2
1058.9	3.176e3
1059.7	1.611e3
1060.5	3.891e3
1061.1	7.260e2
1061.7	2.822e3
1062.7	2.987e3
1063.4	7.010e2
1064.1	3.312e3
1064.6	2.780e2
1065.2	5.871e3
1066.0	2.544e3
1066.8	3.056e3
1067.4	6.380e2
1068.0	3.647e3
1068.6	1.420e2
1069.1	3.076e3
1069.9	1.799e3
1070.8	3.281e3
1071.4	5.720e2
1072.1	3.316e3
1072.8	6.860e2
1073.5	2.133e3
1074.1	6.190e2
1074.9	2.737e3
1075.9	2.028e3
1076.9	2.186e3
1077.5	4.580e2
1078.2	2.854e3
1079.2	3.056e3
1079.9	4.180e2
1080.5	3.307e3
1081.2	1.542e3
1081.9	2.709e3
1082.5	2.960e2
1083.2	2.614e3
1084.0	1.846e3
1084.8	3.371e3
1085.8	2.740e3
1086.4	3.090e2
1087.0	2.013e3
1087.9	2.071e3
1088.6	7.990e2
1089.3	3.183e3
1090.1	1.306e3
1090.9	3.910e3
1091.5	5.570e2
1092.2	2.706e3
1093.1	2.913e3
1093.9	1.531e3
1094.7	2.389e3
1095.3	4.200e1
1095.9	2.358e3
1096.4	1.030e2
1096.9	3.008e3
1097.4	1.310e2
1098.0	2.691e3
1099.0	2.928e3
1100.0	3.203e3
1100.6	3.760e2
1101.2	2.572e3
1102.3	3.367e3
1103.2	1.734e3
1103.7	5.120e2
1104.4	3.426e3
1105.1	1.666e3
1105.9	2.937e3
1106.8	1.864e3
1107.7	3.020e3
1108.4	5.660e2
1109.1	2.642e3
1109.8	1.358e3
1110.5	2.763e3
1111.3	5.290e2
1111.9	2.772e3
1112.8	2.260e3
1113.4	2.700e2
1113.9	2.936e3
1114.9	2.649e3
1115.8	2.691e3
1116.3	7.900e1
1116.9	3.259e3
1117.9	2.642e3
1119.0	2.182e3
1119.9	3.063e3
1120.6	7.210e2
1121.4	2.991e3
1122.4	1.379e3
1123.2	3.385e3
1123.8	3.630e2
1124.4	2.887e3
1125.4	2.620e3
1126.4	2.082e3
1126.9	3.180e2
1127.5	3.178e3
1128.6	2.461e3
1129.1	3.650e2
1129.7	2.983e3
1130.3	3.750e2
1130.9	2.325e3
1131.4	1.450e2
1132.0	2.794e3
1132.6	1.400e2
1133.2	5.635e3
1134.1	2.762e3
1134.7	9.500e1
1135.2	2.588e3
1135.8	1.680e2
1136.3	2.319e3
1137.3	3.281e3
1138.2	2.306e3
1138.7	1.680e2
1139.3	2.327e3
1140.3	3.315e3
1140.9	6.220e2
1141.5	2.473e3
1142.3	1.535e3
1143.1	2.851e3
1144.0	2.401e3
1145.0	3.188e3
1145.6	3.850e2
1146.3	1.878e3
1147.3	2.423e3
1148.2	3.077e3
1149.2	2.397e3
1150.1	2.642e3
1151.0	2.992e3
1151.6	6.970e2
1152.3	1.939e3
1153.2	2.688e3
1154.1	2.506e3
1154.9	9.940e2
1155.7	2.457e3
1156.4	7.300e1
1157.0	2.732e3
1158.0	2.798e3
1158.9	3.863e3
1159.9	2.362e3
1160.4	3.180e2
1161.0	2.880e3
1161.9	2.313e3
1162.8	2.762e3
1163.3	1.230e2
1163.9	2.165e3
1164.4	1.180e2
1165.1	2.747e3
1166.0	2.066e3
1166.8	1.371e3
1167.5	3.093e3
1168.0	3.760e2
1168.7	2.392e3
1169.3	4.710e2
1169.9	2.800e3
1170.4	1.640e2
1170.9	2.417e3
1171.5	2.310e2
1172.2	3.019e3
1173.0	9.990e2
1173.7	3.553e3
1174.4	8.570e2
1175.0	1.815e3
1175.9	2.655e3
1176.6	5.740e2
1177.2	3.854e3
1178.0	7.890e2
1178.7	2.848e3
1179.4	1.330e2
1179.9	2.896e3
1180.4	1.110e2
1181.1	2.639e3
1181.6	1.220e2
1182.1	2.945e3
1183.1	2.073e3
1183.7	7.400e1
1184.2	2.888e3
1184.8	1.580e2
1185.4	3.445e3
1185.9	1.250e2
1186.4	4.273e3
1187.4	2.358e3
1187.9	3.600e1
1188.4	2.251e3
1189.0	2.590e2
1189.6	2.478e3
1190.1	8.700e1
1190.7	2.648e3
1191.2	5.500e1
1191.8	2.582e3
1192.5	7.890e2
1193.2	2.071e3
1193.7	4.100e1
1194.2	2.303e3
1194.8	3.990e2
1195.4	3.215e3
1196.4	3.226e3
1197.3	2.475e3
1197.8	3.080e2
1198.5	3.267e3
1199.4	1.751e3
1200.3	1.933e3
1201.2	4.864e3
1202.3	2.823e3
1202.9	4.380e2
1203.5	2.400e3
1204.5	2.658e3
1205.2	9.600e2
1206.0	2.606e3
1206.6	6.860e2
1207.3	2.832e3
1208.2	2.423e3
1209.1	1.475e3
1209.8	2.964e3
1210.6	1.358e3
1211.4	3.444e3
1212.1	1.190e3
1212.9	2.468e3
1213.9	2.534e3
1214.6	9.530e2
1215.3	2.085e3
1216.2	1.734e3
1217.2	2.653e3
1218.1	1.225e3
1218.9	2.308e3
1219.7	1.247e3
1220.6	3.512e3
1221.5	3.009e3
1222.3	9.570e2
1223.1	1.710e3
1223.7	1.660e2
1224.2	2.055e3
1225.2	1.088e3
1226.2	2.571e3
1226.7	1.890e2
1227.2	3.253e3
1227.8	2.620e2
1228.5	2.773e3
1229.1	1.140e2
1229.6	2.096e3
1230.6	3.017e3
1231.3	7.270e2
1232.0	2.648e3
1233.0	2.317e3
1234.0	1.721e3
1234.9	3.248e3
1235.9	2.579e3
1236.8	1.921e3
1237.7	2.477e3
1238.3	4.220e2
1239.0	2.530e3
1239.6	2.420e2
1240.2	3.676e3
1241.1	3.366e3
1242.1	1.927e3
1243.0	2.438e3
1243.9	2.273e3
1244.4	7.300e1
1244.9	2.829e3
1245.7	8.890e2
1246.6	2.691e3
1247.4	2.094e3
1248.4	2.096e3
1249.4	2.371e3
1250.4	2.898e3
1251.4	2.696e3
1252.4	1.933e3
1253.3	3.235e3
1254.0	2.370e2
1254.6	3.090e3
1255.6	2.372e3
1256.4	1.328e3
1257.1	3.311e3
1258.1	2.337e3
1258.7	2.890e2
1259.4	2.664e3
1260.2	2.086e3
1261.1	2.645e3
1261.8	8.150e2
1262.5	2.539e3
1263.2	3.160e2
1263.8	3.068e3
1264.5	3.670e2
1265.2	2.879e3
1265.7	1.630e2
1266.3	3.065e3
1267.0	8.490e2
1267.8	2.861e3
1268.5	4.870e2
1269.2	4.154e3
1270.0	2.460e3
1271.0	2.390e3
1271.5	5.400e1
1272.0	2.712e3
1273.0	2.708e3
1273.7	1.378e3
1274.5	2.419e3
1275.5	1.210e3
1276.3	2.202e3
1277.2	1.728e3
1277.8	1.760e2
1278.3	2.845e3
1279.0	1.524e3
1279.8	2.372e3
1280.8	3.399e3
1281.6	1.232e3
1282.6	3.455e3
1283.4	2.031e3
1284.3	3.582e3
1285.1	8.370e2
1285.8	2.957e3
1286.8	3.179e3
1287.6	1.029e3
1288.4	2.467e3
1289.3	3.766e3
1290.2	1.655e3
1290.8	6.940e2
1291.5	2.883e3
1292.3	7.640e2
1293.0	2.359e3
1293.9	2.310e3
1295.1	3.397e3
1296.1	2.201e3
1296.9	1.552e3
1297.7	2.967e3
1298.4	7.880e2
1299.1	2.281e3
1300.0	1.701e3
1300.9	2.154e3
1301.7	1.103e3
1302.4	2.303e3
1303.0	3.770e2
1303.6	2.270e3
1304.5	2.597e3
1305.4	2.199e3
1306.2	1.130e3
1307.1	2.554e3
1308.0	2.771e3
1308.8	1.187e3
1309.6	2.714e3
1310.6	2.471e3
1311.1	3.470e2
1311.7	2.808e3
1312.3	3.420e2
1312.9	2.625e3
1313.5	2.180e2
1314.0	2.659e3
1314.5	4.000e1
1315.0	2.744e3
1315.7	8.070e2
1316.4	2.529e3
1317.2	1.831e3
1318.1	2.316e3
1318.7	3.370e2
1319.3	2.934e3
1320.4	2.939e3
1321.3	2.959e3
1322.2	1.776e3
1322.8	1.930e2
1323.3	3.851e3
1323.9	3.220e2
1324.6	2.221e3
1325.5	2.352e3
1326.0	1.110e2
1326.6	2.055e3
1327.1	8.900e1
1327.7	2.676e3
1328.5	1.289e3
1329.3	2.959e3
1330.1	1.957e3
1331.1	1.511e3
1331.8	2.630e2
1332.5	2.506e3
1333.5	2.129e3
1334.2	5.750e2
1334.8	2.479e3
1335.5	4.290e2
1336.1	1.841e3
1337.0	3.612e3
1337.9	2.564e3
1338.5	4.170e2
1339.2	1.719e3
1339.8	1.750e2
1340.4	2.647e3
1341.0	3.670e2
1341.6	2.481e3
1342.1	1.190e2
1342.6	2.629e3
1343.2	4.420e2
1343.9	2.564e3
1344.4	1.610e2
1344.9	2.077e3
1345.8	1.006e3
1346.6	2.299e3
1347.5	2.922e3
1348.1	3.870e2
1348.8	2.591e3
1349.7	2.688e3
1350.3	8.230e2
1351.0	2.967e3
1351.8	1.095e3
1352.6	3.011e3
1353.4	5.280e2
1354.0	2.673e3
1354.9	2.420e3
1355.5	7.000e0
1356.0	2.256e3
1356.5	5.000e1
1357.1	2.456e3
1357.7	2.720e2
1358.4	1.599e3
1359.2	2.691e3
1360.0	6.080e2
1360.7	2.198e3
1361.7	2.298e3
1362.6	1.528e3
1363.4	2.840e3
1364.0	5.270e2
1364.7	2.697e3
1365.4	3.470e2
1366.1	2.256e3
1367.0	2.423e3
1367.8	6.740e2
1368.5	1.908e3
1369.4	2.962e3
1370.4	2.947e3
1371.0	7.110e2
1371.6	2.618e3
1372.6	2.283e3
1373.5	2.006e3
1374.2	6.980e2
1374.9	2.848e3
1375.9	2.350e3
1376.5	3.210e2
1377.1	3.040e3
1377.7	1.320e2
1378.2	2.547e3
1379.2	2.938e3
1380.1	9.580e2
1381.0	2.992e3
1381.9	2.174e3
1382.7	1.943e3
1383.4	8.750e2
1384.3	2.474e3
1385.1	1.756e3
1385.6	6.600e1
1386.2	1.935e3
1386.9	6.660e2
1387.6	2.508e3
1388.2	4.300e2
1388.8	1.504e3
1389.7	2.501e3
1390.3	2.270e2
1390.8	1.713e3
1391.3	7.000e1
1391.9	2.698e3
1392.7	1.599e3
1393.3	1.140e2
1393.9	1.864e3
1395.0	3.217e3
1395.9	1.638e3
1396.4	9.700e1
1397.0	2.873e3
1397.9	1.715e3
1398.8	3.344e3
1399.4	4.290e2
1400.0	2.118e3
1401.0	2.465e3
1401.9	3.502e3
1402.9	1.772e3
1403.5	2.000e2
1404.1	3.114e3
1404.7	2.930e2
1405.2	2.971e3
1405.8	2.460e2
1406.4	3.670e3
1407.3	1.030e3
1408.1	3.184e3
1409.0	1.908e3
1409.8	1.041e3
1410.6	2.752e3
1411.2	3.860e2
1411.8	2.419e3
1412.4	4.710e2
1412.9	1.769e3
1413.9	2.250e3
1414.7	1.035e3
1415.6	2.698e3
1416.4	7.350e2
1417.2	2.816e3
1418.1	1.175e3
1418.9	2.784e3
1420.0	2.060e3
1420.6	1.330e2
1421.1	3.080e3
1421.7	2.470e2
1422.2	2.891e3
1422.8	8.000e0
1423.3	2.601e3
1424.3	2.255e3
1424.9	1.340e2
1425.4	2.375e3
1426.4	2.694e3
1427.3	1.123e3
1428.2	1.840e3
1428.9	1.507e3
1429.6	3.154e3
1430.4	1.451e3
1431.2	2.581e3
1432.1	3.031e3
1432.9	1.583e3
1433.6	3.620e2
1434.2	2.479e3
1435.0	7.060e2
1435.7	2.152e3
1436.4	6.030e2
1437.0	1.855e3
1438.1	2.483e3
1439.2	4.178e3
1440.1	1.329e3
1440.9	2.987e3
1441.8	6.400e2
1442.7	2.321e3
1443.6	1.294e3
1444.5	2.334e3
1445.3	9.230e2
1446.2	2.169e3
1447.2	2.658e3
1447.8	3.340e2
1448.5	2.381e3
1449.3	6.580e2
1450.0	1.501e3
1451.0	2.234e3
1451.5	9.500e1
1452.1	3.045e3
1452.8	6.650e2
1453.4	3.000e3
1454.2	1.775e3
1455.1	2.491e3
1455.7	2.500e2
1456.3	2.093e3
1457.3	2.469e3
1458.3	2.691e3
1459.2	2.020e3
1460.1	2.843e3
1461.1	1.601e3
1462.0	2.108e3
1462.9	3.210e3
1463.5	1.530e2
1464.1	2.201e3
1464.7	3.230e2
1465.3	2.670e3
1466.0	8.770e2
1466.8	1.931e3
1467.6	9.900e2
1468.4	2.105e3
1469.5	2.516e3
1470.4	1.859e3
1471.3	4.090e2
1472.0	2.275e3
1472.6	2.930e2
1473.1	3.494e3
1474.2	1.522e3
1475.2	2.495e3
1476.0	9.870e2
1477.0	2.770e3
1477.9	1.885e3
1478.4	5.800e2
1479.1	2.552e3
1479.7	2.950e2
1480.3	2.840e3
1481.3	2.252e3
1482.1	1.524e3
1482.9	2.563e3
1483.4	2.620e2
1484.0	1.912e3
1485.0	2.337e3
1485.5	6.000e0
1486.1	2.013e3
1487.0	2.887e3
1487.8	1.352e3
1488.7	1.713e3
1489.6	2.153e3
1490.6	1.497e3
1491.6	1.577e3
1492.5	2.490e3
1493.4	1.295e3
1494.4	1.959e3
1495.4	1.065e3
1496.3	1.613e3
1496.9	3.900e1
1497.4	1.717e3
1498.1	7.900e1
1498.8	2.178e3
1499.4	7.170e2
1500.1	2.578e3
1501.0	9.940e2
1501.8	3.100e3
1502.4	5.370e2
1503.1	2.953e3
1503.7	2.150e2
1504.2	2.044e3
1505.0	8.580e2
1505.8	2.053e3
1506.7	1.459e3
1507.5	2.798e3
1508.3	8.250e2
1509.1	1.956e3
1509.9	1.033e3
1510.6	3.716e3
1511.3	5.970e2
1512.1	3.094e3
1512.6	6.100e1
1513.1	2.533e3
1514.0	1.681e3
1515.0	2.150e3
1515.5	8.600e1
1516.0	2.669e3
1516.7	4.180e2
1517.3	1.799e3
1518.3	2.674e3
1518.9	4.900e2
1519.6	2.148e3
1520.4	5.480e2
1521.1	9.390e2
1521.9	2.719e3
1522.9	1.442e3
1523.5	3.450e2
1524.0	2.215e3
1524.8	1.155e3
1525.7	1.884e3
1526.4	8.990e2
1527.1	2.138e3
1527.8	8.800e1
1528.4	2.591e3
1528.9	4.800e1
1529.4	1.554e3
1530.0	9.200e1
1530.5	1.801e3
1531.2	1.190e3
1532.0	3.312e3
1533.0	1.812e3
1533.9	1.559e3
1534.6	8.490e2
1535.3	2.100e3
1536.4	2.316e3
1537.1	6.080e2
1537.7	2.475e3
1538.4	3.930e2
1539.0	1.796e3
1540.0	2.442e3
1540.6	2.530e2
1541.2	2.963e3
1542.0	2.893e3
1542.7	6.310e2
1543.4	2.283e3
1544.4	2.754e3
1545.4	1.803e3
1546.3	2.603e3
1546.9	2.780e2
1547.5	2.446e3
1548.2	4.530e2
1548.8	1.083e3
1549.6	2.775e3
1550.4	1.631e3
1551.4	1.756e3
1552.4	1.638e3
1553.4	2.594e3
1554.2	1.508e3
1555.1	2.398e3
1556.1	2.025e3
1556.7	4.480e2
1557.4	1.906e3
1558.0	5.300e1
1558.5	2.271e3
1559.1	5.300e1
1559.7	1.454e3
1560.6	2.152e3
1561.3	5.330e2
1561.9	2.660e3
1562.7	1.417e3
1563.6	2.441e3
1564.7	1.504e3
1565.5	3.550e2
1566.3	1.130e3
1567.2	2.092e3
1568.1	1.797e3
1569.0	1.036e3
1569.9	1.171e3
1570.9	2.548e3
1571.8	1.757e3
1572.5	1.010e3
1573.3	1.613e3
1574.3	2.442e3
1575.2	1.734e3
1575.9	7.940e2
1576.5	1.810e2
1577.1	2.717e3
1577.8	9.240e2
1578.5	6.300e2
1579.3	1.422e3
1580.2	2.869e3
1580.8	3.280e2
1581.4	2.066e3
1582.0	8.200e1
1582.5	1.940e3
1583.4	2.256e3
1584.3	1.150e3
1585.2	1.838e3
1586.0	5.720e2
1586.9	2.160e3
1587.7	5.160e2
1588.4	1.948e3
1589.5	2.630e3
1590.4	1.920e3
1591.3	1.857e3
1592.1	5.740e2
1592.8	1.170e3
1593.4	2.130e2
1594.1	1.930e3
1594.9	1.087e3
1595.8	1.720e3
1596.7	1.875e3
1597.7	2.159e3
1598.2	6.400e1
1598.9	1.874e3
1599.9	2.191e3
1600.4	2.000e1
1600.9	1.880e3
1602.0	1.992e3
1602.6	5.000e0
1603.1	1.794e3
1603.6	4.990e2
1604.4	2.928e3
1605.4	1.908e3
1605.9	6.900e1
1606.4	2.339e3
1607.1	5.070e2
1607.8	1.848e3
1608.5	1.590e2
1609.1	2.406e3
1609.8	5.120e2
1610.4	1.931e3
1611.4	1.821e3
1612.5	1.389e3
1613.5	2.003e3
1614.0	4.600e1
1614.5	2.704e3
1615.4	1.243e3
1616.3	2.158e3
1616.9	3.910e2
1617.6	1.938e3
1618.5	1.309e3
1619.2	3.780e2
1619.9	2.537e3
1620.4	4.000e0
1621.0	7.770e2
1621.7	2.013e3
1622.3	4.790e2
1623.0	2.229e3
1623.5	3.700e1
1624.0	1.618e3
1624.8	7.400e2
1625.6	2.118e3
1626.6	1.665e3
1627.5	1.864e3
1628.3	7.620e2
1629.1	2.790e3
1630.0	1.878e3
1630.8	8.640e2
1631.8	2.002e3
1632.6	8.210e2
1633.2	3.360e2
1633.9	2.301e3
1634.8	2.023e3
1635.8	1.915e3
1636.7	1.270e3
1637.6	2.459e3
1638.3	4.690e2
1638.9	2.156e3
1639.6	3.990e2
1640.3	1.316e3
1641.1	1.755e3
1641.7	1.630e2
1642.3	1.851e3
1643.1	1.271e3
1643.8	1.925e3
1644.8	1.500e3
1645.8	1.259e3
1646.5	2.300e2
1647.0	1.992e3
1647.9	2.013e3
1648.7	3.360e2
1649.4	1.680e3
1650.2	8.690e2
1651.0	2.512e3
1651.6	5.360e2
1652.2	1.619e3
1653.0	1.581e3
1653.5	7.700e1
1654.1	1.610e3
1654.6	2.300e1
1655.1	1.440e3
1655.6	2.900e1
1656.2	1.927e3
1656.8	3.540e2
1657.4	1.485e3
1658.1	8.970e2
1658.9	1.976e3
1659.6	3.080e2
1660.2	1.105e3
1661.1	1.570e3
1661.8	6.290e2
1662.5	1.906e3
1663.1	1.200e2
1663.7	2.222e3
1664.4	1.070e2
1665.0	2.848e3
1665.6	1.920e2
1666.2	1.643e3
1666.8	8.500e1
1667.3	2.013e3
1668.0	7.510e2
1668.7	2.390e2
1669.4	1.299e3
1670.4	1.071e3
1671.2	2.250e3
1672.0	1.035e3
1672.6	2.160e2
1673.1	1.957e3
1674.2	2.468e3
1675.3	1.803e3
1675.9	1.160e2
1676.6	1.488e3
1677.2	2.110e2
1677.8	2.039e3
1678.8	8.590e2
1679.5	1.849e3
1680.5	1.795e3
1681.4	1.258e3
1682.4	1.011e3
1683.1	7.560e2
1683.8	1.745e3
1684.7	1.215e3
1685.4	8.300e1
1686.0	1.596e3
1686.8	7.850e2
1687.5	1.019e3
1688.4	1.146e3
1689.1	4.940e2
1689.9	2.003e3
1690.6	4.740e2
1691.3	2.173e3
1692.2	1.866e3
1693.0	8.510e2
1693.7	1.582e3
1694.6	5.420e2
1695.6	1.606e3
1696.1	1.720e2
1696.7	2.637e3
1697.2	8.900e1
1697.7	9.150e2
1698.7	1.579e3
1699.6	9.900e2
1700.4	4.460e2
1701.4	2.063e3
1702.2	1.073e3
1703.1	1.977e3
1703.7	3.540e2
1704.4	1.433e3
1705.1	2.890e2
1705.8	1.599e3
1706.4	1.130e2
1707.0	1.147e3
1708.0	1.744e3
1708.6	6.130e2
1709.2	1.259e3
1710.2	1.720e3
1711.0	5.550e2
1711.7	1.364e3
1712.5	2.307e3
1713.4	5.680e2
1714.2	2.143e3
1714.9	3.310e2
1715.5	1.401e3
1716.1	7.100e1
1716.7	1.557e3
1717.7	1.484e3
1718.5	3.170e2
1719.4	1.716e3
1720.0	3.880e2
1720.7	1.828e3
1721.3	1.270e2
1721.9	1.521e3
1722.9	1.112e3
1723.6	2.510e2
1724.2	1.583e3
1724.8	3.420e2
1725.5	1.733e3
1726.3	1.324e3
1727.3	1.961e3
1728.0	3.460e2
1728.6	1.807e3
1729.2	1.370e2
1729.9	1.195e3
1730.4	8.300e1
1731.0	1.110e3
1731.5	8.300e1
1732.1	1.142e3
1732.6	1.230e2
1733.3	1.803e3
1734.2	9.670e2
1735.2	2.333e3
1735.7	1.650e2
1736.3	1.649e3
1737.2	1.561e3
1738.1	2.081e3
1739.1	7.770e2
1739.7	2.940e2
1740.3	1.352e3
1741.2	7.270e2
1741.8	1.110e2
1742.4	1.048e3
1743.3	1.629e3
1743.9	4.030e2
1744.7	1.573e3
1745.7	1.721e3
1746.3	2.520e2
1747.1	1.013e3
1747.6	3.070e2
1748.3	1.918e3
1749.1	7.780e2
1749.8	1.225e3
1750.8	1.552e3
1752.0	1.096e3
1752.6	1.520e2
1753.2	1.475e3
1754.2	1.925e3
1755.1	1.675e3
1756.0	2.239e3
1756.8	5.790e2
1757.7	1.327e3
1758.3	1.530e2
1758.9	1.476e3
1759.8	2.083e3
1760.8	1.239e3
1761.7	1.671e3
1762.3	3.110e2
1762.8	1.624e3
1763.8	1.835e3
1764.8	1.170e3
1765.4	1.910e2
1766.0	1.741e3
1766.8	1.197e3
1767.5	1.240e2
1768.1	1.260e3
1768.7	8.100e1
1769.4	1.718e3
1770.6	1.916e3
1771.3	4.940e2
1772.1	1.309e3
1772.9	1.390e3
1773.8	3.760e2
1774.6	1.380e3
1775.4	9.010e2
1776.2	1.280e3
1776.8	6.200e1
1777.3	9.610e2
1778.0	4.300e2
1778.7	2.321e3
1779.3	8.300e1
1779.8	2.217e3
1780.6	1.275e3
1781.1	2.000e1
1781.7	1.586e3
1782.6	1.134e3
1783.5	1.265e3
1784.4	7.740e2
1785.3	1.038e3
1786.2	1.058e3
1787.0	1.528e3
1788.1	2.387e3
1788.9	6.720e2
1789.6	2.384e3
1790.6	1.399e3
1791.2	1.240e2
1791.7	1.699e3
1792.5	5.150e2
1793.5	1.163e3
1794.3	4.710e2
1794.9	1.122e3
1795.9	1.353e3
1796.8	3.070e2
1797.5	8.170e2
1798.6	1.544e3
1799.2	2.550e2
1800.0	1.099e3
1800.8	1.169e3
1801.8	1.349e3
1802.4	3.320e2
1803.1	1.275e3
1803.6	3.200e1
1804.1	1.111e3
1804.8	6.900e1
1805.3	1.578e3
1806.5	1.419e3
1807.1	5.100e1
1807.6	9.590e2
1808.6	1.087e3
1809.3	5.570e2
1810.1	2.124e3
1810.8	3.530e2
1811.6	1.357e3
1812.4	5.580e2
1813.3	1.267e3
1814.1	1.296e3
1814.9	1.037e3
1815.5	1.170e2
1816.2	1.654e3
1817.0	7.530e2
1817.7	1.527e3
1818.5	9.400e2
1819.3	3.870e2
1820.1	8.590e2
1821.0	3.140e2
1821.8	1.168e3
1822.5	2.310e2
1823.2	1.407e3
1823.8	6.970e2
1824.6	1.081e3
1825.2	1.030e2
1825.7	1.717e3
1826.6	5.700e2
1827.4	1.477e3
1828.4	1.356e3
1829.4	1.680e3
1830.3	1.139e3
1831.1	1.175e3
1831.7	1.340e2
1832.5	1.603e3
1833.6	5.370e2
1834.5	9.500e2
1835.0	6.600e1
1835.5	2.601e3
1836.1	1.080e2
1836.7	9.140e2
1837.2	6.100e1
1837.7	1.545e3
1838.4	3.230e2
1839.1	7.690e2
1840.1	1.678e3
1841.0	9.060e2
1841.8	4.440e2
1842.5	9.170e2
1843.3	6.200e2
1844.3	1.447e3
1845.0	3.350e2
1845.6	1.004e3
1846.4	6.910e2
1847.3	1.739e3
1848.0	1.170e2
1848.7	1.506e3
1849.7	1.441e3
1850.3	1.570e2
1850.8	8.940e2
1851.7	1.692e3
1852.3	1.680e2
1852.9	9.460e2
1853.9	1.794e3
1854.7	3.810e2
1855.5	1.245e3
1856.5	6.410e2
1857.3	1.803e3
1858.1	1.166e3
1859.2	1.072e3
1859.9	4.520e2
1860.6	1.611e3
1861.6	1.540e3
1862.5	6.210e2
1863.4	2.703e3
1864.3	1.206e3
1864.9	4.200e1
1865.5	1.294e3
1866.4	6.020e2
1867.0	1.050e2
1867.5	1.566e3
1868.1	4.600e1
1868.6	1.005e3
1869.4	5.980e2
1870.2	1.517e3
1871.1	6.370e2
1872.0	1.279e3
1872.8	5.840e2
1873.6	1.271e3
1874.3	4.610e2
1875.0	9.340e2
1875.8	1.579e3
1876.3	7.900e1
1876.8	9.650e2
1877.4	3.440e2
1878.1	1.423e3
1879.1	9.780e2
1880.0	1.337e3
1880.9	1.028e3
1881.5	4.610e2
1882.2	1.506e3
1882.8	3.100e1
1883.3	1.333e3
1884.0	3.750e2
1884.7	1.430e3
1885.6	8.760e2
1886.5	9.670e2
1887.1	1.770e2
1887.7	8.880e2
1888.4	2.000e1
1889.0	9.340e2
1889.6	1.270e2
1890.1	1.261e3
1890.7	1.540e2
1891.2	1.466e3
1892.0	4.620e2
1892.7	1.029e3
1893.7	1.662e3
1894.3	5.030e2
1894.9	1.418e3
1895.7	6.400e1
1896.4	1.740e3
1897.2	7.600e2
1897.9	1.650e2
1898.5	7.280e2
1899.3	1.150e3
1900.3	1.486e3
1901.2	8.460e2
1902.0	1.590e2
1902.6	1.468e3
1903.6	8.480e2
1904.2	6.910e2
1904.9	4.090e2
1905.5	1.230e3
1906.4	1.495e3
1906.9	7.700e1
1907.4	1.253e3
1908.4	9.230e2
1909.5	1.038e3
1910.4	8.750e2
1911.3	9.770e2
1912.2	1.095e3
1913.0	2.600e2
1913.7	1.150e3
1914.3	1.690e2
1915.0	1.719e3
1915.6	8.900e1
1916.1	1.109e3
1916.9	1.740e2
1917.4	9.410e2
1918.2	4.680e2
1919.1	1.787e3
1919.6	7.800e1
1920.2	5.910e2
1921.1	1.305e3
1922.0	9.030e2
1922.7	3.080e2
1923.5	1.111e3
1924.4	5.380e2
1925.1	1.062e3
1925.8	1.506e3
1926.6	3.740e2
1927.5	8.780e2
1928.5	9.250e2
1929.4	1.447e3
1930.2	7.810e2
1931.2	9.600e2
1931.8	3.860e2
1932.5	9.570e2
1933.3	1.643e3
1934.2	8.380e2
1935.0	1.525e3
1935.6	6.600e1
1936.1	1.456e3
1937.0	9.560e2
1938.1	1.374e3
1939.1	1.221e3
1939.7	5.260e2
1940.4	1.063e3
1941.1	1.480e2
1941.7	1.490e3
1942.5	6.280e2
1943.4	1.407e3
1944.0	2.380e2
1944.6	5.010e2
1945.5	1.566e3
1946.1	1.150e2
1946.6	1.576e3
1947.2	9.800e1
1947.8	1.732e3
1948.4	1.670e2
1949.1	9.540e2
1949.9	4.440e2
1950.6	9.930e2
1951.4	1.226e3
1952.3	8.460e2
1953.4	4.210e2
1954.1	8.230e2
1955.0	6.930e2
1955.5	2.800e1
1956.1	1.697e3
1956.8	3.580e2
1957.8	1.409e3
1958.6	8.180e2
1959.3	1.530e2
1959.9	1.600e3
1960.5	2.800e2
1961.2	1.439e3
1961.7	6.900e1
1962.2	1.326e3
1963.2	8.500e2
1963.8	2.360e2
1964.4	1.611e3
1965.4	1.009e3
1966.2	1.389e3
1966.8	7.400e1
1967.5	4.270e2
1968.4	9.920e2
1969.0	1.620e2
1969.5	1.482e3
1970.4	5.000e2
1971.2	9.930e2
1972.1	9.140e2
1973.1	1.023e3
1974.1	1.062e3
1975.0	1.398e3
1975.9	3.030e2
1976.5	1.565e3
1977.4	2.250e2
1978.1	7.890e2
1978.9	3.030e2
1979.6	7.140e2
1980.2	2.900e1
1980.7	1.131e3
1981.6	2.720e2
1982.2	1.432e3
1983.2	1.010e3
1984.2	6.810e2
1985.1	1.409e3
1985.8	1.640e2
1986.4	1.049e3
1987.3	1.191e3
1988.3	1.893e3
1989.4	1.239e3
1990.3	1.498e3
1991.2	9.010e2
1992.2	1.069e3
1993.1	1.169e3
1993.8	5.300e1
1994.3	5.260e2
1995.2	1.831e3
1995.7	4.000e0
1996.3	1.235e3
1997.1	5.550e2
1998.0	1.143e3
1998.6	4.000e1
1999.1	9.120e2
1999.8	1.730e2
