100.3	1.794e5
101.0	7.694e5
101.5	3.460e3
102.1	5.191e5
103.0	2.547e5
103.6	5.660e2
104.1	3.786e5
105.1	1.611e5
106.0	2.037e5
106.5	8.190e2
107.0	1.955e5
108.0	9.091e5
109.0	5.893e5
109.5	1.658e3
110.0	8.088e5
110.5	8.960e2
111.1	1.026e6
112.0	4.524e5
113.0	5.705e5
114.0	2.805e6
115.0	1.502e6
116.0	7.860e5
117.0	2.526e5
118.0	1.575e6
119.0	5.000e5
120.1	7.375e5
121.1	5.703e5
121.6	1.412e3
122.1	1.115e6
123.0	7.677e5
123.6	3.530e2
124.1	1.337e5
125.0	2.820e5
126.0	4.847e5
126.6	9.460e2
127.1	4.164e5
128.1	2.531e5
129.0	7.712e5
129.6	8.600e2
130.1	6.572e5
131.0	1.439e6
132.1	7.577e5
133.1	1.820e5
134.1	2.948e5
135.0	8.568e4
136.0	1.003e6
136.5	2.474e3
137.1	2.097e5
137.6	2.583e3
138.1	1.303e6
139.1	3.057e6
140.1	5.892e5
141.1	1.916e6
142.0	1.335e6
143.1	3.596e5
144.0	8.011e5
144.6	4.016e3
145.1	2.453e5
146.0	5.214e5
147.1	3.001e5
148.1	1.406e5
149.0	5.452e5
149.6	2.740e3
150.1	2.036e5
151.1	1.113e5
152.1	1.500e5
153.1	1.753e5
154.1	2.010e5
154.6	1.365e3
155.1	3.714e5
156.1	3.839e5
157.1	4.035e5
158.1	3.846e6
159.1	1.970e6
160.1	7.127e5
161.1	1.386e5
162.1	3.685e5
163.1	2.659e5
164.0	4.922e5
165.2	2.031e5
166.1	1.687e5
166.7	8.819e3
167.2	1.282e5
168.1	1.480e5
168.6	2.591e3
169.1	1.216e5
170.1	1.933e5
170.7	1.503e3
171.2	4.729e5
172.1	2.457e5
173.1	2.886e5
173.6	7.500e2
174.2	2.171e5
175.1	1.999e5
176.1	2.985e5
177.1	4.543e5
177.6	2.967e3
178.1	1.440e5
178.7	7.670e2
179.2	2.378e5
180.2	1.519e5
181.1	1.703e5
182.0	2.075e5
183.1	3.747e5
183.6	1.411e3
184.2	1.546e5
185.1	4.514e5
186.0	2.316e5
186.6	1.410e3
187.1	6.707e5
187.6	1.643e3
188.1	5.258e5
188.7	6.430e2
189.2	2.276e5
190.2	2.544e5
191.1	2.196e5
192.1	2.523e5
193.1	1.613e5
193.7	2.264e3
194.2	4.404e5
195.1	1.565e5
196.2	3.301e6
197.2	5.640e5
198.3	1.220e6
199.2	3.263e5
200.1	2.279e5
201.1	1.981e5
202.1	2.703e5
202.6	9.530e2
203.1	5.008e5
204.2	5.753e5
205.2	4.125e5
206.2	1.612e5
207.1	2.892e5
208.1	1.286e5
209.1	3.738e5
209.6	3.164e3
210.2	1.958e5
211.1	1.269e5
212.1	2.427e5
213.1	8.983e4
214.2	6.783e6
215.2	1.096e6
216.2	5.733e5
217.2	3.125e5
217.7	5.610e2
218.2	6.172e5
219.2	2.847e5
220.1	3.917e5
221.1	1.624e5
222.1	1.085e5
223.1	9.652e4
223.6	1.662e3
224.1	1.336e5
225.1	1.196e5
226.1	1.653e5
227.1	2.197e5
228.1	1.788e5
229.2	1.511e5
230.1	1.619e5
231.1	1.954e5
232.1	2.824e5
233.1	1.915e5
234.1	1.551e5
235.0	1.183e5
236.2	1.625e6
237.2	4.274e5
238.1	2.031e5
239.1	1.226e5
240.1	9.027e4
241.1	1.162e5
242.1	2.573e5
243.1	1.898e5
243.6	2.058e3
244.1	1.432e5
244.6	1.113e3
245.1	1.166e5
245.7	1.007e3
246.2	1.950e5
247.2	1.709e5
248.1	1.446e5
249.1	1.048e5
250.1	1.571e5
251.1	1.236e5
252.1	1.287e5
253.1	1.788e5
253.6	2.118e3
254.1	1.907e5
255.1	2.278e5
255.7	2.948e3
256.2	1.021e5
257.1	1.216e5
258.1	8.704e4
259.1	1.971e5
259.6	1.042e3
260.1	1.573e5
260.7	1.160e3
261.2	1.716e5
262.1	1.147e5
263.1	1.089e5
264.0	1.194e5
264.6	1.428e3
265.1	8.647e4
266.1	7.514e4
266.6	2.088e3
267.2	1.032e5
267.7	1.100e3
268.2	8.668e4
269.2	7.777e4
270.2	9.664e4
271.1	1.477e5
271.6	6.240e2
272.2	9.685e4
273.2	1.425e5
274.2	1.101e5
275.1	2.988e5
275.6	2.751e3
276.1	1.382e5
277.1	1.800e5
278.1	9.371e4
278.7	2.555e3
279.2	1.497e5
280.2	7.646e4
281.1	1.327e5
281.6	5.390e2
282.1	9.907e4
282.6	1.632e3
283.2	8.435e4
284.1	8.882e4
284.6	9.280e2
285.2	1.590e5
286.1	7.448e4
286.6	3.669e3
287.2	8.972e4
288.1	1.120e5
288.7	6.507e3
289.2	1.347e5
290.2	7.353e4
291.0	2.007e5
291.6	3.687e3
292.1	1.257e5
293.1	1.147e5
294.1	1.088e5
295.1	6.776e4
295.6	2.300e3
296.1	7.760e4
296.7	9.730e2
297.2	7.217e4
298.2	1.151e5
299.2	6.715e4
300.2	9.649e4
300.7	8.450e2
301.2	7.464e4
302.1	7.115e4
303.1	1.203e5
304.1	1.123e5
304.7	8.730e2
305.2	1.525e5
306.2	9.750e4
306.7	2.330e2
307.2	7.781e4
308.2	8.903e4
309.1	9.356e4
310.1	6.931e4
311.1	8.056e4
311.6	1.114e3
312.1	7.540e4
313.2	1.073e5
314.1	1.255e5
315.1	6.541e4
316.2	1.132e5
317.2	7.646e4
318.2	6.391e4
319.2	9.989e4
320.1	7.093e4
321.1	1.637e5
322.2	8.118e4
323.1	7.360e4
324.1	6.836e4
325.1	6.270e4
326.1	1.076e5
326.7	2.158e3
327.3	9.146e4
328.1	6.781e4
329.1	8.910e4
330.2	1.036e5
331.1	2.610e5
332.1	1.441e5
332.7	2.043e3
333.2	1.046e5
334.1	1.182e5
335.1	7.173e4
336.1	9.195e4
337.1	1.101e5
337.6	1.172e3
338.1	7.279e4
339.1	6.896e4
340.1	7.627e4
341.1	5.608e4
342.1	7.629e4
343.1	8.802e4
344.1	9.018e4
344.6	1.315e3
345.1	8.244e4
345.6	9.360e2
346.1	5.873e4
347.1	9.488e4
348.1	8.887e4
348.6	7.890e2
349.1	2.581e5
350.1	9.241e4
351.1	9.337e4
352.1	5.885e4
352.6	1.850e2
353.2	7.892e4
354.1	1.979e5
355.1	9.387e4
355.7	1.516e3
356.2	7.571e4
357.1	6.058e4
358.1	6.436e4
359.1	1.388e5
360.1	8.539e4
360.6	3.131e3
361.1	7.092e4
362.2	6.908e4
362.7	2.340e2
363.2	1.020e5
364.1	5.625e4
364.7	3.810e2
365.2	4.060e5
366.2	1.023e5
367.2	7.421e4
368.1	6.708e4
369.1	5.836e4
370.1	4.914e4
370.6	4.891e3
371.2	9.258e4
372.2	7.088e4
373.1	5.978e4
374.1	5.776e4
375.1	6.520e4
376.1	4.873e4
377.1	6.037e4
378.1	4.611e4
378.6	1.386e3
379.1	5.535e4
379.6	3.110e2
380.2	4.404e4
380.7	1.688e3
381.2	8.181e5
382.2	1.674e5
383.2	1.436e5
384.2	6.263e4
384.7	8.840e2
385.3	5.671e4
386.2	3.614e4
386.7	3.516e3
387.3	5.079e4
388.2	3.939e4
389.1	5.932e4
390.1	4.723e4
391.1	5.447e4
392.0	4.947e4
392.6	4.967e3
393.2	9.946e4
394.2	8.856e4
395.1	5.902e4
396.1	4.830e4
397.1	4.606e4
397.6	4.200e1
398.1	4.220e4
399.2	7.164e4
400.1	3.124e4
401.0	4.082e4
402.1	3.059e4
402.6	7.070e2
403.2	4.129e4
404.1	5.033e4
405.1	4.681e4
406.1	4.555e4
406.7	2.285e3
407.2	5.484e4
408.1	3.021e4
409.1	7.258e4
409.6	1.125e3
410.1	4.138e4
411.1	6.062e4
412.1	3.676e4
412.6	3.800e2
413.1	5.663e4
414.1	3.475e4
414.6	3.522e3
415.2	5.569e4
416.2	3.697e4
417.1	3.045e4
418.1	3.526e4
418.7	2.260e2
419.2	3.913e4
420.1	2.842e4
421.1	3.881e4
421.6	1.925e3
422.2	3.813e4
422.7	4.910e2
423.2	4.470e4
424.1	4.598e4
425.1	3.917e4
425.6	7.860e2
426.1	2.960e4
427.1	8.545e4
427.6	4.263e3
428.2	2.630e4
429.1	4.380e4
430.1	2.808e4
430.7	1.410e2
431.2	4.307e4
431.7	1.647e3
432.3	4.870e4
433.2	3.486e4
434.1	3.659e4
434.8	9.234e3
435.4	3.584e4
436.2	2.537e4
436.8	8.900e2
437.3	5.664e4
438.3	5.485e4
439.2	2.902e4
440.1	2.406e4
440.6	4.810e2
441.1	3.479e4
442.1	2.855e4
443.0	5.646e4
443.6	3.116e3
444.1	2.988e4
445.2	4.381e4
446.1	3.383e4
447.1	3.238e4
448.1	3.804e4
448.7	2.344e3
449.2	4.446e4
449.7	5.370e2
450.2	3.839e4
451.2	2.368e4
451.7	1.297e3
452.2	3.256e4
452.8	2.225e3
453.3	3.288e4
454.2	2.573e4
455.1	3.488e4
456.1	3.052e4
457.2	3.342e4
458.1	2.979e4
459.1	4.376e4
459.7	3.479e3
460.4	3.781e4
461.2	2.188e4
462.0	3.240e4
462.5	3.759e3
463.1	3.852e4
464.1	2.792e4
465.1	3.150e4
466.1	2.664e4
467.1	2.988e4
467.6	1.799e3
468.2	2.743e4
469.2	2.938e4
470.1	2.205e4
470.6	6.700e2
471.1	2.591e4
472.1	3.061e4
473.0	2.911e4
473.7	1.006e4
474.5	2.801e4
475.2	1.123e4
476.0	3.293e4
476.5	9.220e2
477.1	3.153e4
478.1	2.797e4
478.6	2.080e2
479.2	4.727e4
480.2	2.876e4
481.2	4.723e4
482.1	2.895e4
482.6	4.430e2
483.2	2.599e4
484.1	2.049e4
484.9	2.385e4
485.8	2.753e4
486.4	3.712e3
487.0	2.863e4
487.6	7.480e2
488.1	3.704e4
488.7	7.590e2
489.2	3.857e4
490.1	1.730e4
491.0	2.871e4
491.6	8.620e2
492.1	2.154e4
493.1	2.422e4
494.1	2.008e4
495.0	6.115e4
495.5	3.210e2
496.1	2.844e4
497.1	3.992e4
497.7	3.145e3
498.2	3.663e4
499.1	2.646e4
499.6	1.370e3
500.1	2.551e4
500.6	2.130e2
501.1	3.071e4
501.7	2.080e2
502.3	2.530e4
502.8	5.375e3
503.4	2.308e4
504.4	2.716e4
505.2	1.575e4
506.2	2.766e4
507.2	2.210e4
507.8	2.999e3
508.4	2.279e4
509.2	1.333e4
510.1	2.376e4
511.0	5.470e4
511.5	1.860e2
512.0	2.223e4
512.6	1.828e3
513.1	3.831e4
514.1	3.050e4
515.1	2.162e4
516.1	2.069e4
516.6	7.680e2
517.2	1.958e4
518.1	1.698e4
519.1	1.929e4
519.6	5.640e2
520.1	1.983e4
520.7	1.289e3
521.2	1.821e4
521.8	1.920e3
522.3	1.651e4
523.2	2.390e4
524.2	1.981e4
525.0	3.013e4
525.6	2.332e3
526.2	4.128e4
527.1	6.931e4
528.1	2.539e4
529.0	4.069e4
530.1	2.683e4
530.7	3.757e3
531.2	2.599e4
532.2	1.696e4
533.0	2.282e4
533.6	9.290e2
534.1	1.974e4
534.7	6.200e2
535.3	2.806e4
536.2	2.731e4
537.0	1.281e4
537.9	2.345e4
538.6	7.399e3
539.3	2.346e4
540.2	1.769e4
540.7	1.773e3
541.2	3.375e4
542.2	2.031e4
542.8	4.240e2
543.3	6.056e4
544.2	3.225e4
544.8	1.661e3
545.3	3.262e4
546.2	1.713e4
547.2	2.883e4
548.1	2.283e4
548.6	2.750e2
549.2	2.862e4
549.9	8.829e3
550.7	2.064e4
551.4	9.011e3
552.2	1.935e4
553.1	2.044e4
554.2	1.463e4
554.8	1.822e3
555.3	2.338e4
556.2	1.344e4
557.1	2.286e4
558.1	1.482e4
559.1	2.367e4
560.1	1.751e4
560.6	8.900e1
561.1	1.843e4
562.1	1.587e4
563.0	3.223e4
564.0	2.068e4
564.5	2.110e2
565.0	2.133e4
565.5	4.260e2
566.1	1.975e4
567.0	1.774e4
568.2	1.643e4
568.8	2.210e3
569.4	1.760e4
570.2	1.322e4
571.0	1.274e4
571.8	1.702e4
572.8	1.079e4
573.5	2.177e4
574.3	1.128e4
575.1	1.770e4
576.1	1.424e4
576.6	1.481e3
577.2	2.119e4
578.2	1.431e4
579.1	3.029e4
580.1	1.674e4
581.1	2.211e4
582.1	1.279e4
582.7	1.257e3
583.2	1.599e4
584.2	1.034e4
585.1	1.269e4
585.6	1.430e2
586.2	1.535e4
586.7	4.630e2
587.3	1.706e4
588.1	8.171e3
588.9	2.041e4
589.5	2.560e2
590.0	1.649e4
590.6	5.120e2
591.1	1.567e4
592.0	1.660e4
593.0	1.555e4
593.6	2.261e3
594.2	1.358e4
595.1	2.089e4
596.1	1.271e4
597.0	2.220e4
597.7	5.230e3
598.3	1.566e4
599.3	1.585e4
600.1	7.154e3
601.0	1.299e4
601.7	6.336e3
602.6	1.479e4
603.3	4.235e3
604.0	1.710e4
604.6	4.370e2
605.1	1.567e4
606.1	1.060e4
607.1	1.144e4
608.0	8.641e3
608.8	1.479e4
609.3	5.400e1
609.8	1.415e4
610.4	1.114e3
610.9	2.339e4
611.5	1.291e3
612.1	1.145e4
613.0	1.535e4
614.0	7.654e3
614.9	7.148e3
615.8	1.204e4
616.4	1.553e3
616.9	1.419e4
617.5	4.050e2
618.1	1.417e4
619.0	1.270e4
620.0	1.308e4
621.0	1.290e4
621.5	2.340e2
622.1	1.145e4
622.8	5.114e3
623.5	1.211e4
624.2	3.186e3
624.8	1.488e4
625.8	7.450e3
626.5	9.565e3
627.3	1.601e4
628.2	1.249e4
629.2	1.754e4
630.0	6.240e3
630.8	1.948e4
631.4	5.290e2
631.9	9.335e3
632.5	2.935e3
633.1	1.175e4
634.1	7.915e3
635.1	8.738e3
636.0	1.429e4
636.6	2.578e3
637.2	1.142e4
638.2	5.364e3
639.1	1.281e4
640.1	1.212e4
641.0	1.524e4
641.8	6.856e3
642.9	1.584e4
643.4	3.460e2
644.0	1.159e4
644.6	1.123e3
645.2	1.216e4
646.2	6.272e3
647.0	1.968e4
647.6	1.451e3
648.2	1.441e4
649.2	1.551e4
650.1	6.102e3
650.9	1.194e4
651.8	1.540e4
652.5	2.157e3
653.2	1.315e4
653.9	1.123e3
654.5	1.416e4
655.1	2.246e3
655.8	9.184e3
656.7	5.988e3
657.5	1.434e4
658.5	1.029e4
659.2	5.534e3
660.0	1.002e4
660.9	1.067e4
661.9	1.116e4
662.4	1.430e2
662.9	1.369e4
663.7	5.447e3
664.3	8.500e2
664.9	1.279e4
665.5	7.800e2
666.0	6.912e3
666.9	1.204e4
667.6	4.518e3
668.3	1.196e4
669.0	3.180e3
669.7	9.249e3
670.4	1.725e3
671.0	9.290e3
671.5	5.760e2
672.1	9.686e3
672.8	2.990e3
673.5	1.227e4
674.4	5.403e3
675.0	1.112e4
675.6	6.750e2
676.1	1.090e4
677.1	1.321e4
677.9	4.937e3
678.7	1.349e4
679.4	2.529e3
680.2	9.492e3
681.2	1.005e4
681.7	1.280e2
682.2	1.043e4
682.9	6.554e3
683.8	8.039e3
684.5	2.970e3
685.2	1.148e4
685.8	2.646e3
686.4	1.675e4
687.3	9.844e3
688.3	1.486e4
689.2	8.220e3
690.1	1.062e4
691.0	1.279e4
691.7	8.370e2
692.3	8.919e3
693.2	1.415e4
694.0	4.666e3
694.8	1.235e4
695.4	2.727e3
696.1	7.837e3
696.9	1.155e4
697.5	1.585e3
698.2	8.889e3
698.7	2.990e2
699.3	1.470e4
700.1	9.076e3
701.1	1.068e4
702.0	1.085e4
702.6	1.658e3
703.2	1.117e4
704.1	7.161e3
705.1	1.035e4
705.9	4.009e3
706.6	1.275e4
707.2	2.067e3
707.9	9.319e3
708.9	1.015e4
709.9	8.835e3
710.5	2.756e3
711.1	8.028e3
712.1	1.095e4
713.0	8.525e3
714.0	8.586e3
715.1	1.354e4
715.7	2.226e3
716.4	8.477e3
717.1	8.986e3
718.1	9.433e3
718.6	2.180e2
719.1	1.053e4
720.0	8.175e3
720.7	1.256e3
721.3	9.131e3
722.1	4.864e3
723.1	6.246e3
723.9	1.043e4
725.0	1.038e4
725.9	6.685e3
726.8	9.971e3
727.7	1.237e4
728.3	8.360e2
728.8	1.010e4
729.4	4.690e2
729.9	7.981e3
730.9	1.187e4
731.9	9.035e3
732.5	1.412e3
733.1	1.008e4
733.9	5.506e3
734.5	8.830e2
735.1	1.402e4
735.6	2.820e2
736.1	1.175e4
736.8	3.920e3
737.6	7.804e3
738.6	5.955e3
739.6	1.216e4
740.2	4.185e3
740.9	1.133e4
741.6	3.350e3
742.3	9.533e3
743.2	5.502e3
744.1	1.130e4
745.0	6.443e3
745.9	1.157e4
746.6	1.888e3
747.2	1.439e4
747.7	1.293e3
748.2	9.078e3
748.7	4.590e2
749.3	1.002e4
749.9	1.204e3
750.5	1.019e4
751.1	1.109e3
751.7	1.058e4
752.7	1.101e4
753.3	6.180e2
753.8	9.776e3
754.5	2.562e3
755.2	5.913e3
756.1	7.310e3
756.7	6.060e2
757.2	9.275e3
758.1	6.227e3
759.0	8.269e3
760.0	4.968e3
760.8	1.232e4
761.8	1.013e4
762.4	1.002e3
763.0	1.164e4
763.9	6.019e3
764.9	1.156e4
765.4	2.656e3
766.1	1.184e4
766.9	6.574e3
767.6	5.059e3
768.4	1.219e4
769.3	5.127e3
770.2	9.469e3
771.2	1.063e4
772.1	6.221e3
773.1	8.454e3
774.0	8.653e3
774.5	6.810e2
775.0	7.370e3
775.7	2.007e3
776.4	1.337e4
777.3	7.170e3
777.9	5.090e2
778.5	7.339e3
779.0	2.480e2
779.7	9.158e3
780.3	1.590e2
780.8	8.628e3
781.4	2.514e3
782.1	5.916e3
783.0	1.035e4
784.0	5.774e3
785.0	8.743e3
785.5	5.300e2
786.1	1.169e4
786.8	2.158e3
787.5	3.936e3
788.3	7.414e3
788.8	1.215e3
789.5	7.620e3
790.5	8.760e3
791.2	2.367e3
791.8	6.764e3
792.4	6.690e2
792.9	9.255e3
793.9	6.756e3
794.6	1.136e3
795.2	4.610e3
796.1	9.626e3
796.7	5.070e2
797.2	9.402e3
798.2	3.761e3
799.0	1.258e4
800.0	6.723e3
801.0	1.159e4
802.1	6.300e3
802.9	4.695e3
803.8	6.575e3
804.4	8.620e2
805.0	3.147e3
805.8	5.764e3
806.9	9.136e3
807.7	4.118e3
808.5	1.556e3
809.3	9.449e3
810.0	1.769e3
810.6	8.410e3
811.2	5.790e2
811.8	8.231e3
812.3	6.840e2
812.9	7.997e3
813.5	6.870e2
814.1	1.166e4
814.6	3.620e2
815.1	1.117e4
816.0	4.535e3
817.0	1.180e4
818.0	4.169e3
818.8	1.066e4
819.6	4.953e3
820.1	3.020e2
820.6	1.002e4
821.2	5.350e2
821.8	8.274e3
822.9	7.095e3
823.8	6.947e3
824.3	2.680e2
824.9	5.568e3
825.9	8.042e3
827.0	1.000e4
827.9	3.619e3
828.8	8.759e3
829.9	6.472e3
830.8	7.831e3
831.7	5.230e3
832.3	2.590e3
833.1	6.697e3
834.0	5.153e3
834.5	9.600e1
835.1	1.225e4
836.1	8.669e3
837.0	3.362e3
837.8	1.544e3
838.4	6.272e3
839.3	8.065e3
840.2	6.289e3
841.1	3.102e3
842.0	6.524e3
843.0	7.714e3
844.0	5.589e3
844.9	5.102e3
845.4	5.300e2
845.9	7.897e3
846.5	1.910e2
847.0	6.481e3
847.7	1.471e3
848.3	6.668e3
849.3	6.144e3
850.0	2.507e3
850.7	7.658e3
851.7	6.937e3
852.4	1.700e3
853.1	6.506e3
853.7	5.500e2
854.3	8.959e3
854.8	1.060e2
855.5	7.805e3
856.2	3.334e3
856.9	6.929e3
857.9	4.190e3
858.9	1.295e4
859.9	8.186e3
860.5	6.140e2
861.0	7.249e3
861.5	8.200e1
862.1	2.550e3
862.9	3.335e3
863.7	4.953e3
864.3	8.290e2
864.9	8.105e3
865.8	5.037e3
866.8	5.712e3
867.8	5.066e3
868.3	1.230e2
868.9	8.083e3
869.9	6.763e3
870.9	7.601e3
871.9	4.502e3
872.6	6.020e2
873.1	5.582e3
874.2	6.518e3
874.9	9.995e3
876.0	2.476e3
876.7	7.195e3
877.7	5.901e3
878.3	1.148e3
878.9	4.750e3
879.6	3.703e3
880.5	4.016e3
881.4	7.644e3
882.3	3.053e3
883.1	1.135e4
884.1	4.466e3
884.9	7.889e3
885.5	2.140e2
886.1	4.369e3
886.7	1.058e3
887.3	4.721e3
888.3	1.059e3
889.1	7.837e3
890.0	3.941e3
890.9	2.900e3
892.0	8.914e3
892.7	2.229e3
893.5	4.924e3
894.1	5.220e2
894.7	1.370e4
895.5	5.786e3
896.3	3.738e3
897.2	5.768e3
897.7	2.370e2
898.2	7.768e3
899.2	7.902e3
900.0	1.503e3
900.7	9.443e3
901.2	2.420e2
901.8	8.967e3
902.5	2.074e3
903.1	5.090e3
904.1	6.675e3
905.1	5.033e3
905.6	2.270e2
906.2	4.263e3
907.1	3.367e3
907.7	9.270e2
908.5	5.870e3
909.3	2.845e3
910.3	6.245e3
911.0	2.190e3
911.7	7.472e3
912.4	1.494e3
913.1	8.622e3
913.7	7.040e2
914.2	4.818e3
915.0	8.654e3
916.0	5.490e3
916.5	3.150e2
917.0	1.118e4
918.0	4.273e3
919.1	6.827e3
920.0	3.861e3
920.9	2.813e3
921.8	6.757e3
922.6	8.075e3
923.5	6.787e3
924.2	7.110e2
925.0	4.991e3
925.5	2.680e2
926.0	5.063e3
927.0	5.311e3
928.0	4.804e3
928.7	1.889e3
929.6	3.985e3
930.2	2.790e2
930.7	5.295e3
931.7	9.728e3
932.7	4.891e3
933.3	4.560e2
933.8	9.128e3
934.9	1.005e4
935.8	3.750e3
936.4	3.980e2
937.0	5.315e3
937.6	7.560e2
938.2	6.338e3
939.2	6.648e3
940.1	5.615e3
940.8	1.878e3
941.6	2.728e3
942.5	4.293e3
943.0	9.410e2
943.7	8.046e3
944.7	6.311e3
945.6	1.040e4
946.2	4.530e2
946.8	8.843e3
947.7	2.141e3
948.5	1.116e4
949.2	1.963e3
950.0	5.188e3
951.2	7.917e3
951.7	1.313e3
952.4	6.037e3
953.3	4.272e3
953.9	1.104e3
954.7	9.170e3
955.4	2.201e3
956.1	3.418e3
957.1	1.847e3
958.0	4.441e3
959.0	7.302e3
959.7	1.460e3
960.6	6.634e3
961.2	8.690e2
961.8	4.404e3
962.5	6.260e2
963.1	8.887e3
964.2	7.329e3
965.1	5.005e3
966.0	4.182e3
966.8	8.409e3
967.7	4.704e3
968.9	5.400e3
969.9	4.112e3
970.7	8.870e2
971.3	7.124e3
972.0	6.900e1
972.5	4.848e3
973.5	3.476e3
974.0	7.000e1
974.6	4.705e3
975.3	3.434e3
976.2	6.560e3
977.1	2.792e3
978.0	4.748e3
978.6	3.340e2
979.1	4.941e3
980.1	7.009e3
981.2	5.616e3
981.8	1.950e2
982.4	9.880e3
983.1	5.191e3
983.9	1.875e3
984.6	5.376e3
985.5	6.604e3
986.5	6.350e3
987.5	1.063e4
988.7	4.885e3
989.6	1.408e3
990.4	5.283e3
991.3	7.381e3
991.9	9.340e2
992.5	4.611e3
993.1	6.020e2
993.8	4.905e3
994.5	1.901e3
995.4	7.350e3
996.2	2.162e3
997.0	8.580e3
997.9	3.829e3
998.8	3.201e3
999.8	7.377e3
1000.5	5.760e2
1001.1	6.628e3
1002.0	3.424e3
1002.6	7.460e2
1003.3	5.961e3
1003.9	1.074e3
1004.7	5.050e3
1005.2	9.640e2
1005.8	6.511e3
1006.7	4.357e3
1007.3	1.327e3
1008.0	4.322e3
1008.7	7.062e3
1009.5	7.262e3
1010.2	9.570e2
1010.7	4.151e3
1011.7	3.677e3
1012.2	3.360e2
1012.9	6.682e3
1013.9	4.125e3
1014.7	4.885e3
1015.8	8.573e3
1016.8	6.548e3
1017.7	4.681e3
1018.2	1.386e3
1019.0	8.817e3
1019.6	1.669e3
1020.3	6.441e3
1021.3	4.838e3
1022.0	7.750e2
1022.6	3.629e3
1023.3	7.883e3
1024.4	5.051e3
1024.9	5.830e2
1025.6	4.625e3
1026.3	1.636e3
1027.0	9.189e3
1027.9	2.223e3
1028.8	7.324e3
1029.4	1.513e3
1030.0	4.948e3
1030.8	2.254e3
1031.6	4.820e3
1032.7	5.043e3
1033.3	1.102e3
1033.9	4.961e3
1034.4	1.270e2
1035.0	7.667e3
1035.9	5.830e3
1036.7	2.249e3
1037.3	1.200e2
1038.0	7.502e3
1038.8	1.530e2
1039.3	3.140e3
1040.3	2.984e3
1041.2	2.195e3
1042.0	6.173e3
1043.0	4.972e3
1043.9	4.137e3
1044.6	4.906e3
1045.2	1.084e3
1046.1	7.960e2
1046.8	4.299e3
1047.4	8.850e2
1048.1	4.175e3
1049.0	3.462e3
1049.9	1.459e3
1050.6	5.410e3
1051.6	6.009e3
1052.6	1.212e4
1053.4	1.652e3
1054.1	4.330e3
1054.9	2.157e3
1055.5	5.571e3
1056.1	1.124e3
1056.9	5.014e3
1058.0	2.847e3
1058.8	3.995e3
1059.4	6.080e2
1060.0	3.376e3
1061.3	4.634e3
1061.9	1.265e3
1062.5	2.932e3
1063.4	7.483e3
1064.3	7.610e2
1065.1	5.380e3
1065.9	2.640e3
1066.6	9.165e3
1067.3	8.730e2
1068.0	3.591e3
1068.9	5.751e3
1069.9	5.603e3
1070.6	2.165e3
1071.3	1.926e3
1072.3	4.092e3
1073.2	4.493e3
1074.0	1.243e3
1074.7	5.330e3
1075.7	2.981e3
1076.6	8.728e3
1077.4	3.759e3
1078.0	4.080e2
1078.6	7.310e3
1079.6	6.716e3
1080.5	7.711e3
1081.2	5.290e2
1082.0	3.151e3
1082.8	2.056e3
1083.6	5.706e3
1084.6	5.237e3
1085.5	1.923e3
1086.3	6.296e3
1087.0	6.860e2
1087.9	7.775e3
1088.9	5.283e3
1089.7	2.495e3
1090.3	1.300e1
1090.8	5.105e3
1091.4	8.100e2
1092.0	4.415e3
1092.7	7.980e2
1093.4	5.177e3
1094.2	1.989e3
1095.1	6.406e3
1096.0	9.000e2
1096.7	4.381e3
1097.7	5.214e3
1098.3	4.080e2
1098.9	6.046e3
1099.8	4.408e3
1100.7	6.031e3
1101.3	7.740e2
1101.9	4.525e3
1102.5	5.920e2
1103.1	7.744e3
1104.0	4.536e3
1105.1	4.203e3
1105.7	2.178e3
1106.4	6.210e2
1107.1	6.312e3
1108.0	2.730e3
1108.7	6.502e3
1109.5	1.877e3
1110.2	3.645e3
1111.1	6.790e2
1111.6	3.976e3
1112.2	1.382e3
1112.8	3.205e3
1113.6	8.177e3
1114.2	2.440e2
1114.7	4.757e3
1115.4	1.053e3
1116.1	6.473e3
1117.2	5.582e3
1117.8	1.555e3
1118.5	6.537e3
1119.5	1.981e3
1120.3	7.369e3
1121.4	4.840e3
1122.2	4.946e3
1122.8	3.780e2
1123.3	2.687e3
1124.3	5.383e3
1125.1	3.165e3
1126.2	3.603e3
1126.8	3.190e2
1127.3	5.080e3
1128.3	6.324e3
1129.1	2.797e3
1129.8	2.011e3
1130.9	3.078e3
1131.9	7.668e3
1132.5	2.440e2
1133.1	5.436e3
1133.8	1.822e3
1134.8	5.645e3
1135.8	4.915e3
1136.9	6.914e3
1137.7	3.373e3
1138.6	4.166e3
1139.2	9.610e2
1139.9	3.533e3
1140.8	5.130e3
1141.5	2.978e3
1142.4	5.674e3
1143.4	4.907e3
1144.2	3.315e3
1145.2	3.541e3
1146.0	5.667e3
1146.8	2.490e3
1147.6	6.356e3
1148.3	3.660e2
1148.9	3.255e3
1150.0	3.473e3
1150.6	6.000e1
1151.1	2.036e3
1152.1	5.543e3
1152.9	3.546e3
1153.6	9.890e2
1154.4	7.602e3
1155.3	9.670e2
1156.1	4.790e3
1156.8	1.006e3
1157.8	1.244e3
1158.7	2.736e3
1159.8	6.261e3
1160.8	3.150e3
1161.7	3.366e3
1162.5	3.370e3
1163.2	1.215e3
1164.3	6.308e3
1165.3	5.376e3
1165.9	2.060e2
1166.5	5.367e3
1167.1	1.020e2
1167.8	2.728e3
1168.4	3.250e2
1169.0	4.960e3
1169.7	5.750e2
1170.4	4.902e3
1171.2	5.431e3
1172.0	8.420e2
1172.7	4.426e3
1173.6	3.717e3
1174.5	4.625e3
1175.1	1.830e2
1175.6	5.686e3
1176.2	9.010e2
1176.7	2.468e3
1177.7	2.925e3
1178.6	5.118e3
1179.5	4.658e3
1180.1	1.854e3
1180.8	3.550e3
1181.6	6.369e3
1182.4	1.641e3
1183.0	6.635e3
1183.7	4.680e2
1184.3	4.213e3
1185.0	8.090e2
1185.7	4.918e3
1186.4	5.580e2
1187.1	7.174e3
1187.9	1.476e3
1188.5	5.080e3
1189.1	1.740e2
1189.7	3.256e3
1190.3	9.090e2
1191.0	5.832e3
1191.7	2.603e3
1192.6	5.708e3
1193.2	6.410e2
1194.0	3.993e3
1194.7	1.433e3
1195.7	4.279e3
1196.2	2.550e2
1196.8	1.484e3
1197.8	6.532e3
1198.7	1.919e3
1199.9	3.051e3
1200.9	3.326e3
1201.4	2.270e2
1201.9	1.491e3
1202.9	4.664e3
1203.6	1.152e3
1204.4	2.229e3
1205.1	3.672e3
1206.1	3.949e3
1206.9	2.770e3
1207.5	9.580e2
1208.4	4.552e3
1209.3	3.765e3
1210.3	1.035e3
1210.9	4.285e3
1211.8	5.618e3
1212.3	1.210e2
1212.9	5.583e3
1214.0	5.310e3
1214.5	3.150e2
1215.2	4.697e3
1215.8	1.059e3
1216.4	4.973e3
1217.0	1.116e3
1217.7	5.483e3
1218.3	1.088e3
1219.0	7.910e3
1219.9	4.512e3
1220.7	2.730e3
1221.4	6.647e3
1222.0	3.880e2
1222.6	4.483e3
1223.4	9.250e2
1224.1	4.610e3
1225.1	2.135e3
1225.9	5.774e3
1226.9	5.030e2
1227.6	6.182e3
1228.5	3.358e3
1229.3	1.392e3
1230.1	2.866e3
1230.9	4.531e3
1231.7	3.067e3
1232.3	2.130e3
1233.1	6.581e3
1234.0	8.360e2
1234.8	5.615e3
1235.3	1.120e2
1235.9	6.228e3
1236.5	4.780e2
1237.1	4.337e3
1237.8	6.070e2
1238.5	1.832e3
1239.4	2.639e3
1240.4	2.822e3
1241.3	5.070e2
1241.9	4.390e3
1242.8	8.450e2
1243.5	7.920e2
1244.0	4.088e3
1244.9	6.538e3
1245.5	5.390e2
1246.3	5.694e3
1247.2	5.287e3
1248.1	2.740e3
1248.8	1.310e3
1249.4	2.384e3
1250.3	5.358e3
1251.0	2.328e3
1251.8	4.392e3
1252.8	5.428e3
1253.4	9.000e1
1254.0	3.976e3
1254.6	1.544e3
1255.4	2.754e3
1256.1	9.750e2
1256.8	4.436e3
1257.3	4.000e2
1258.4	5.260e3
1259.1	1.724e3
1259.8	2.763e3
1260.4	5.500e2
1260.9	3.705e3
1262.0	1.838e3
1262.7	9.041e3
1263.4	3.293e3
1264.3	6.028e3
1265.1	1.771e3
1265.9	6.124e3
1266.5	1.684e3
1267.2	3.576e3
1267.9	1.203e3
1268.8	3.054e3
1269.4	6.560e3
1270.3	2.621e3
1271.1	1.750e3
1271.8	5.925e3
1272.6	2.432e3
1273.4	1.311e3
1274.3	1.147e3
1275.1	4.287e3
1275.8	6.160e2
1276.5	1.875e3
1277.1	8.600e1
1277.7	6.688e3
1278.5	7.320e2
1279.3	1.595e3
1280.2	2.782e3
1281.0	3.453e3
1281.8	3.410e2
1282.6	6.009e3
1283.4	5.400e2
1284.1	3.216e3
1284.6	3.060e2
1285.4	5.379e3
1286.0	8.380e2
1286.7	5.130e3
1287.7	3.297e3
1288.6	1.580e3
1289.4	5.499e3
1290.5	2.056e3
1291.1	2.690e2
1291.7	3.435e3
1292.7	5.983e3
1293.8	4.040e3
1294.6	2.137e3
1295.6	3.318e3
1296.4	1.087e3
1297.1	3.418e3
1298.2	2.099e3
1299.0	2.410e2
1299.5	1.980e3
1300.5	3.460e3
1301.6	1.342e3
1302.7	4.406e3
1303.3	1.264e3
1304.0	2.959e3
1304.9	2.479e3
1305.5	3.000e2
1306.1	2.919e3
1306.9	2.964e3
1307.7	1.994e3
1308.3	6.080e2
1308.9	3.572e3
1309.9	2.472e3
1310.6	1.445e3
1311.3	3.104e3
1312.0	5.009e3
1312.7	2.106e3
1313.7	1.841e3
1314.3	4.220e2
1314.8	7.611e3
1315.8	4.052e3
1316.5	1.480e2
1317.1	3.356e3
1317.9	2.433e3
1319.0	1.328e3
1319.8	4.018e3
1320.6	5.624e3
1321.2	5.560e2
1322.0	6.291e3
1322.6	1.122e3
1323.1	1.730e2
1323.8	5.116e3
1324.8	1.891e3
1325.8	2.960e3
1326.7	3.858e3
1327.7	3.334e3
1328.4	3.760e3
1329.6	4.401e3
1330.5	4.132e3
1331.5	5.017e3
1332.5	4.930e2
1333.6	5.055e3
1334.6	3.047e3
1335.4	4.391e3
1336.0	1.290e2
1336.6	1.820e3
1337.4	2.677e3
1338.3	1.196e3
1339.0	4.688e3
1340.0	2.987e3
1340.6	8.280e2
1341.2	3.984e3
1342.0	6.008e3
1342.6	3.980e2
1343.3	2.775e3
1344.1	6.890e2
1344.9	2.886e3
1345.6	4.390e2
1346.1	5.452e3
1347.1	3.292e3
1347.6	2.330e2
1348.3	4.906e3
1349.2	2.868e3
1350.1	2.253e3
1350.9	1.732e3
1352.1	3.501e3
1353.1	4.810e3
1354.2	2.413e3
1355.0	1.763e3
1355.5	3.410e2
1356.0	2.916e3
1356.7	4.187e3
1357.3	2.398e3
1358.0	1.113e3
1358.8	2.629e3
1359.9	3.192e3
1360.7	1.823e3
1361.4	3.493e3
1362.0	4.150e2
1362.7	4.354e3
1363.6	2.167e3
1364.5	2.636e3
1365.5	4.339e3
1366.5	4.394e3
1367.4	2.132e3
1368.6	2.564e3
1369.3	2.421e3
1370.3	6.329e3
1370.9	8.500e1
1371.6	3.348e3
1372.2	1.445e3
1372.9	4.436e3
1374.3	4.126e3
1375.3	3.195e3
1376.0	1.368e3
1376.6	9.288e3
1377.2	9.370e2
1378.1	3.422e3
1379.1	2.951e3
1380.2	3.919e3
1381.2	1.673e3
1382.3	1.127e3
1382.9	1.205e3
1383.6	2.754e3
1384.7	3.882e3
1385.5	9.060e2
1386.2	2.243e3
1386.9	1.175e3
1387.7	3.594e3
1388.3	3.880e2
1389.0	2.133e3
1390.1	1.636e3
1391.1	4.349e3
1392.0	4.127e3
1393.2	6.940e2
1393.9	1.235e3
1394.9	4.456e3
1395.8	4.334e3
1396.8	5.292e3
1397.4	1.530e2
1398.0	2.326e3
1399.0	1.887e3
1400.0	3.324e3
1400.9	4.712e3
1401.7	6.310e2
1402.3	4.004e3
1402.9	5.020e2
1403.5	1.699e3
1404.3	1.117e3
1405.1	1.709e3
1406.1	3.003e3
1407.0	3.000e3
1407.7	4.950e2
1408.3	2.310e3
1408.8	7.200e1
1409.3	6.348e3
1410.0	1.201e3
1410.6	6.800e2
1411.2	1.773e3
1411.9	3.514e3
1412.7	3.163e3
1413.2	1.820e2
1414.0	2.875e3
1414.9	1.538e3
1415.5	4.041e3
1416.5	4.764e3
1417.5	3.220e3
1418.5	4.246e3
1419.4	1.481e3
1420.3	4.890e3
1421.1	1.892e3
1422.1	1.459e3
1422.9	4.154e3
1424.1	4.067e3
1425.1	3.800e2
1425.7	2.774e3
1426.8	3.392e3
1427.4	7.560e2
1428.0	3.613e3
1428.5	3.620e2
1429.2	5.293e3
1430.0	8.700e2
1430.7	4.262e3
1431.4	5.410e2
1432.0	2.606e3
1432.8	1.315e3
1433.5	1.689e3
1434.4	4.385e3
1435.3	1.429e3
1435.9	4.100e1
1436.5	3.469e3
1437.5	3.816e3
1438.4	1.237e3
1439.1	2.198e3
1439.9	2.297e3
1440.9	4.960e3
1442.0	3.206e3
1443.2	1.175e3
1444.1	3.960e3
1444.7	4.300e2
1445.3	1.248e3
1445.9	4.836e3
1446.7	2.147e3
1447.5	3.780e3
1448.2	1.202e3
1448.8	5.394e3
1449.5	2.111e3
1450.1	7.700e1
1450.8	3.540e2
1451.5	3.809e3
1452.1	2.221e3
1453.0	6.188e3
1454.0	2.973e3
1454.6	8.910e2
1455.2	3.564e3
1455.9	7.840e2
1456.8	2.658e3
1457.5	2.520e2
1458.3	2.051e3
1459.2	4.221e3
1460.0	1.046e3
1461.1	2.858e3
1462.0	1.004e3
1462.9	1.700e2
1463.5	4.067e3
1464.2	1.663e3
1465.1	4.846e3
1465.6	2.700e2
1466.2	1.270e2
1466.7	1.712e3
1467.2	1.720e2
1467.9	3.098e3
1468.7	3.973e3
1469.5	1.779e3
1470.3	3.399e3
1471.3	1.486e3
1472.0	3.107e3
1472.5	3.470e2
1473.1	1.598e3
1473.9	2.639e3
1474.5	5.150e2
1475.2	3.404e3
1476.2	2.313e3
1476.8	3.490e2
1477.3	5.246e3
1478.0	7.800e2
1478.6	2.705e3
1479.3	1.548e3
1480.0	3.874e3
1481.1	2.330e3
1481.8	8.010e2
1482.4	2.030e2
1483.2	1.200e1
1483.9	2.774e3
1484.8	4.141e3
1485.5	3.070e2
1486.1	1.187e3
1487.1	3.254e3
1487.6	3.200e2
1488.2	1.885e3
1489.1	9.220e2
1489.7	3.734e3
1490.4	7.030e2
1490.9	5.605e3
1491.8	1.508e3
1492.4	2.770e2
1493.0	3.587e3
1493.9	7.130e2
1494.7	1.951e3
1495.6	3.282e3
1496.6	3.810e2
1497.4	2.751e3
1498.5	3.916e3
1499.3	4.510e2
1499.9	3.391e3
1501.2	3.241e3
1502.0	8.650e2
1502.7	2.429e3
1503.6	3.543e3
1504.5	2.723e3
1505.3	2.046e3
1506.2	3.340e2
1507.0	4.449e3
1508.0	5.105e3
1509.0	1.057e3
1509.8	4.128e3
1510.5	2.410e2
1511.0	1.403e3
1511.9	4.310e2
1512.5	4.580e3
1513.0	4.680e2
1513.7	1.504e3
1514.5	1.700e1
1515.1	1.918e3
1516.1	1.955e3
1517.3	3.978e3
1518.0	1.181e3
1519.0	3.673e3
1519.8	3.470e3
1520.5	1.620e2
1521.2	1.119e3
1522.0	3.660e3
1522.7	2.627e3
1523.6	1.650e3
1524.3	2.276e3
1525.3	1.077e3
1526.6	2.571e3
1527.5	1.192e3
1528.2	2.805e3
1528.8	1.300e3
1529.6	3.281e3
1530.3	1.175e3
1530.8	3.525e3
1531.4	5.700e1
1531.9	1.132e3
1532.8	1.761e3
1533.7	4.800e2
1534.4	3.089e3
1535.3	1.340e3
1536.1	1.986e3
1537.3	9.700e2
1538.4	2.784e3
1539.3	1.067e3
1540.0	2.363e3
1540.7	1.383e3
1541.4	6.129e3
1542.4	2.322e3
1543.2	1.700e2
1543.8	4.550e2
1544.4	1.839e3
1545.2	3.869e3
1546.2	3.905e3
1546.8	2.500e2
1547.3	2.153e3
1548.0	2.401e3
1549.2	1.531e3
1550.0	1.110e2
1550.8	2.308e3
1551.6	1.661e3
1552.1	2.140e2
1552.7	2.291e3
1553.5	2.430e3
1554.4	2.548e3
1555.3	1.936e3
1556.3	7.610e2
1557.0	2.380e2
1557.7	2.664e3
1558.4	2.590e2
1559.0	3.152e3
1559.9	5.800e2
1560.6	1.528e3
1561.3	4.690e2
1561.9	2.923e3
1563.0	2.949e3
1563.7	1.356e3
1564.2	3.410e2
1565.0	1.260e2
1565.7	3.085e3
1566.2	4.900e1
1566.8	2.644e3
1567.7	3.320e2
1568.3	3.628e3
1569.2	1.318e3
1569.9	4.860e2
1570.7	2.086e3
1571.6	3.289e3
1572.6	2.791e3
1573.5	6.980e2
1574.3	2.383e3
1575.1	5.460e2
1575.8	2.655e3
1576.4	1.850e2
1577.2	6.080e2
1578.1	2.520e3
1578.7	6.400e2
1579.4	1.792e3
1580.3	2.351e3
1580.8	6.770e2
1581.8	3.557e3
1582.6	9.310e2
1583.5	2.123e3
1584.8	2.566e3
1585.7	6.080e2
1586.5	1.600e3
1587.2	1.177e3
1587.8	1.200e1
1588.3	3.128e3
1589.2	3.063e3
1590.0	3.450e2
1590.8	6.970e2
1591.6	2.942e3
1592.5	4.940e2
1593.3	1.807e3
1594.0	7.750e2
1594.6	2.210e2
1595.1	1.407e3
1595.9	1.534e3
1597.1	2.799e3
1598.2	1.632e3
1599.1	1.224e3
1600.0	1.268e3
1600.8	2.613e3
1601.6	8.060e2
1602.2	2.159e3
1602.8	5.440e2
1603.6	3.234e3
1604.3	1.193e3
1605.3	7.260e2
1605.9	2.024e3
1606.6	2.600e2
1607.1	1.105e3
1607.9	1.867e3
1608.9	4.395e3
1609.5	1.980e2
1610.1	3.833e3
1611.2	1.315e3
1612.1	1.933e3
1612.8	3.458e3
1613.3	6.100e1
1613.9	2.183e3
1614.8	2.376e3
1615.8	1.469e3
1616.8	2.215e3
1617.5	1.400e1
1618.3	6.930e2
1618.9	1.793e3
1619.6	2.700e2
1620.2	2.300e3
1621.0	2.193e3
1621.7	1.180e3
1622.3	2.797e3
1623.0	9.650e2
1623.8	2.090e3
1624.7	5.272e3
1625.7	4.920e2
1626.6	2.506e3
1627.7	1.477e3
1628.4	1.201e3
1629.3	2.905e3
1630.1	5.980e2
1630.8	2.183e3
1631.5	3.980e2
1632.0	2.422e3
1632.7	1.314e3
1633.4	2.794e3
1634.3	2.299e3
1635.2	1.459e3
1636.0	8.190e2
1636.8	2.303e3
1637.7	2.580e3
1638.2	2.450e2
1639.4	2.470e3
1640.2	1.609e3
1641.1	9.010e2
1641.8	2.070e2
1642.4	2.550e3
1643.1	4.130e2
1643.8	4.351e3
1644.7	1.686e3
1645.8	2.890e3
1646.9	1.750e2
1647.4	5.340e3
1648.1	1.990e2
1648.6	1.484e3
1649.4	1.796e3
1650.2	3.477e3
1651.3	5.680e3
1652.1	1.977e3
1653.2	2.235e3
1653.9	3.940e2
1654.6	7.000e2
1655.4	1.809e3
1655.9	3.130e2
1656.9	2.392e3
1657.5	6.110e2
1658.1	1.583e3
1658.8	1.161e3
1659.4	2.290e2
1659.9	1.385e3
1661.0	1.518e3
1662.2	2.733e3
1663.4	1.584e3
1664.3	3.058e3
1665.0	2.021e3
1665.7	2.150e2
1666.3	2.900e3
1667.3	1.970e3
1668.1	2.180e2
1668.8	1.455e3
1669.8	1.724e3
1670.7	1.385e3
1671.5	1.034e3
1672.4	2.177e3
1673.2	4.290e2
1674.1	2.310e3
1674.9	5.250e2
1675.6	1.437e3
1677.1	5.631e3
1678.3	1.829e3
1679.1	4.010e2
1679.7	2.525e3
1680.4	9.130e2
1681.3	1.310e3
1682.1	2.100e2
1682.9	2.110e3
1683.7	1.473e3
1684.4	9.700e1
1685.1	1.226e3
1686.0	2.068e3
1686.8	2.517e3
1687.8	1.536e3
1688.5	4.020e2
1689.3	4.270e2
1690.1	3.814e3
1691.0	1.335e3
1691.8	6.620e2
1692.4	3.924e3
1693.7	2.880e3
1694.9	1.420e3
1696.1	2.746e3
1696.6	1.630e2
1697.6	3.470e2
1698.3	1.698e3
1699.1	2.376e3
1700.3	9.520e2
1701.4	2.141e3
1702.4	2.750e3
1703.3	6.890e2
1703.9	3.808e3
1705.1	7.940e2
1705.9	1.642e3
1706.6	4.140e2
1707.3	2.131e3
1708.0	1.382e3
1708.8	1.432e3
1709.8	2.852e3
1711.2	2.397e3
1712.1	2.763e3
1713.0	2.680e3
1713.6	7.850e2
1714.2	2.299e3
1715.0	8.020e2
1715.6	1.617e3
1716.2	4.630e2
1716.9	2.697e3
1717.5	3.030e2
1718.2	4.174e3
1719.0	1.247e3
1720.2	2.131e3
1720.9	5.160e2
1721.6	1.564e3
1722.2	2.130e2
1722.9	2.701e3
1723.6	1.900e2
1724.2	3.890e3
1724.9	1.844e3
1725.5	2.320e2
1726.0	9.900e2
1726.8	4.850e2
1727.6	1.227e3
1728.5	1.120e2
1729.1	2.819e3
1730.0	1.946e3
1731.1	7.560e2
1732.2	6.140e2
1733.0	2.361e3
1733.7	2.310e2
1734.3	1.798e3
1735.3	2.921e3
1736.1	2.514e3
1736.9	1.817e3
1737.7	4.790e2
1738.8	2.020e3
1739.4	2.960e2
1740.1	5.280e2
1740.8	1.200e2
1741.4	1.435e3
1742.7	1.845e3
1743.2	9.200e1
1743.7	1.890e2
1744.3	2.869e3
1745.2	4.720e2
1745.9	4.668e3
1746.7	9.380e2
1747.3	5.000e1
1747.9	2.736e3
1748.5	1.136e3
1749.3	1.232e3
1749.8	1.900e1
1750.4	9.990e2
1751.5	2.856e3
1752.5	2.265e3
1753.5	1.068e3
1754.2	3.140e2
1754.8	2.073e3
1755.5	4.160e2
1756.1	3.530e2
1756.7	1.330e3
1757.5	1.431e3
1758.3	1.879e3
1759.4	2.605e3
1760.3	1.439e3
1761.3	2.049e3
1762.2	1.100e2
1762.9	4.830e2
1763.5	2.213e3
1764.1	8.400e1
1764.7	7.250e2
1765.5	2.210e3
1766.5	2.928e3
1767.1	3.670e2
1768.0	2.788e3
1768.5	1.500e1
1769.1	2.655e3
1769.9	3.184e3
1771.7	1.387e3
1772.8	6.680e2
1773.5	1.128e3
1774.3	1.830e2
1774.9	1.253e3
1775.5	5.910e2
1776.0	2.390e2
1776.9	9.060e2
1777.5	2.418e3
1778.0	6.010e2
1778.9	3.917e3
1779.8	1.369e3
1780.6	7.630e2
1781.8	1.716e3
1783.0	1.339e3
1784.2	1.201e3
1784.8	1.060e2
1785.8	1.530e2
1786.5	8.270e2
1787.3	2.295e3
1788.1	1.719e3
1788.8	2.100e2
1789.7	2.035e3
1790.7	9.160e2
1791.2	1.280e2
1791.7	1.290e3
1792.4	3.104e3
1793.9	1.974e3
1794.5	2.220e2
1795.0	7.590e2
1795.9	1.979e3
1796.7	6.690e2
1797.3	8.970e2
1798.2	1.417e3
1799.0	2.704e3
1799.9	1.541e3
1800.6	2.960e2
1801.2	1.534e3
1801.8	6.940e2
1802.4	5.080e2
1803.1	2.947e3
1803.7	2.500e2
1804.3	4.338e3
1805.3	2.201e3
1805.9	8.180e2
1807.2	1.395e3
1808.4	1.191e3
1809.5	2.856e3
1810.7	2.287e3
1811.3	1.580e2
1811.8	6.310e2
1812.4	2.561e3
1813.6	8.010e2
1814.4	2.756e3
1815.4	1.575e3
1816.3	7.060e2
1817.8	8.070e2
1818.4	2.260e2
1819.0	7.520e2
1819.7	6.300e2
1820.5	9.310e2
1821.2	1.359e3
1821.9	7.050e2
1822.9	2.602e3
1824.1	2.367e3
1825.2	8.590e2
1826.3	8.460e2
1827.6	1.530e2
1828.2	1.027e3
1829.1	1.902e3
1830.2	1.839e3
1831.0	1.186e3
1832.3	1.592e3
1833.3	9.520e2
1833.9	1.279e3
1834.7	9.200e1
1835.2	3.337e3
1836.2	1.030e3
1837.1	1.101e3
1838.0	1.152e3
1839.0	6.170e2
1839.6	3.720e2
1840.2	1.036e3
1841.0	2.267e3
1842.5	4.010e2
1843.2	7.350e2
1843.8	1.754e3
1844.6	8.580e2
1845.4	3.456e3
1846.3	8.390e2
1847.0	2.163e3
1847.7	1.539e3
1848.4	2.630e2
1849.2	1.405e3
1850.0	3.756e3
1850.6	6.700e2
1851.7	1.171e3
1852.8	2.012e3
1853.9	1.651e3
1855.0	1.244e3
1856.4	1.548e3
1857.0	1.300e1
1857.5	2.425e3
1858.4	1.078e3
1859.0	2.740e2
1859.7	3.067e3
1860.7	4.900e2
1861.6	3.950e2
1862.5	1.741e3
1863.6	1.560e3
1864.5	1.592e3
1865.3	3.730e2
1865.9	1.434e3
1867.0	2.032e3
1867.9	1.960e2
1868.7	6.610e2
1869.4	1.313e3
1870.2	3.202e3
1871.4	1.745e3
1872.5	2.072e3
1873.7	2.564e3
1874.5	2.030e3
1875.3	2.697e3
1876.3	1.977e3
1877.3	3.254e3
1878.1	7.820e2
1878.8	1.469e3
1879.6	3.200e1
1880.1	1.049e3
1881.4	4.780e2
1882.4	1.115e3
1883.3	1.400e1
1884.3	5.770e2
1885.4	1.447e3
1886.5	2.315e3
1887.4	5.630e2
1888.5	1.011e3
1889.0	7.900e1
1889.7	1.118e3
1890.4	6.840e2
1891.5	2.337e3
1892.6	9.180e2
1893.5	1.818e3
1894.2	7.600e2
1894.9	4.970e2
1896.0	1.301e3
1897.2	2.298e3
1898.2	1.492e3
1899.1	4.830e2
1900.0	3.030e2
1900.6	3.693e3
1901.2	1.900e2
1901.8	2.717e3
1902.9	1.325e3
1903.8	4.700e2
1904.5	3.870e2
1905.2	1.400e1
1905.8	6.350e2
1906.7	3.131e3
1907.4	4.800e2
1908.2	7.800e2
1908.8	2.000e1
1909.4	1.734e3
1910.2	2.880e2
1910.8	9.050e2
1911.9	7.370e2
1912.8	1.694e3
1913.6	7.760e2
1914.5	7.670e2
1915.2	7.660e2
1916.4	8.790e2
1917.7	2.147e3
1918.5	1.700e2
1919.8	6.430e2
1920.6	3.720e2
1921.1	3.050e2
1921.7	3.043e3
1922.9	2.143e3
1924.0	2.811e3
1925.1	1.770e3
1925.9	1.965e3
1927.1	8.470e2
1927.9	1.972e3
1928.9	8.890e2
1930.1	2.240e2
1930.7	1.493e3
1931.8	1.933e3
1932.7	5.880e2
1933.7	1.200e3
1934.3	2.715e3
1935.0	4.880e2
1935.7	6.540e2
1936.4	1.210e3
1937.1	2.370e3
1938.0	1.655e3
1938.7	4.130e2
1939.5	1.936e3
1940.4	1.116e3
1941.4	1.396e3
1941.9	1.300e1
1942.7	1.779e3
1943.4	7.040e2
1944.2	6.520e2
1945.2	1.006e3
1946.2	3.440e2
1947.4	1.610e2
1948.2	6.270e2
1949.1	2.460e2
1949.9	1.347e3
1950.5	2.210e2
1951.1	1.710e2
1951.6	1.018e3
1952.6	7.080e2
1953.4	1.419e3
1954.8	1.226e3
1955.7	9.340e2
1956.7	8.850e2
1958.2	1.930e2
1958.8	1.749e3
1959.4	1.450e2
1960.0	2.020e2
1960.9	1.573e3
1961.8	1.315e3
1962.6	3.500e2
1963.2	8.950e2
1964.2	3.210e2
1965.2	1.505e3
1966.2	1.588e3
1967.1	3.940e2
1968.0	2.320e2
1968.9	2.700e1
1969.6	9.560e2
1970.6	1.536e3
1971.4	1.478e3
1972.3	1.397e3
1973.4	1.082e3
1974.8	1.749e3
1975.3	9.700e1
1975.8	8.050e2
1977.1	9.760e2
1978.0	8.180e2
1978.5	1.400e1
1979.2	1.500e1
1979.7	6.890e2
1980.4	1.734e3
1981.8	1.103e3
1982.4	1.742e3
1983.3	7.240e2
1984.6	9.980e2
1985.4	1.547e3
1986.6	1.137e3
1987.3	2.120e2
1987.9	3.370e2
1988.5	1.331e3
1989.4	3.240e2
1990.1	7.930e2
1991.1	1.299e3
1992.2	1.626e3
1992.8	6.100e1
1993.4	7.450e2
1994.3	2.642e3
1994.9	4.600e2
1995.5	1.118e3
1996.5	1.344e3
1997.0	9.900e1
1997.7	9.860e2
1998.2	1.310e2
1999.1	8.400e1
