100.3	1.450e5
100.9	8.201e5
101.5	8.805e3
102.1	2.022e6
103.0	1.851e5
103.6	1.574e3
104.1	6.865e5
105.1	1.201e5
106.0	1.950e5
106.6	5.241e3
107.1	1.882e5
107.7	3.588e4
108.3	9.556e5
109.1	5.191e5
110.1	2.425e6
110.6	5.080e2
111.1	4.550e6
112.1	1.717e6
113.0	8.125e5
114.0	2.079e6
115.0	1.037e6
116.1	7.812e5
116.6	7.140e2
117.1	1.447e5
118.1	1.015e6
119.1	2.472e5
119.6	1.983e3
120.1	8.245e5
121.1	4.449e5
121.7	8.550e2
122.2	2.319e6
123.1	6.134e5
124.1	1.848e5
125.1	1.653e5
126.1	5.736e5
126.6	3.850e2
127.1	2.431e5
128.1	1.146e5
129.0	3.981e5
130.1	4.262e5
131.1	1.394e6
132.1	8.141e5
133.0	2.424e5
133.5	3.885e3
134.1	2.393e5
134.6	1.062e3
135.1	7.817e4
136.1	6.585e5
136.6	1.743e3
137.1	1.771e5
137.6	2.840e2
138.1	1.887e6
139.1	1.261e6
140.1	6.806e5
141.1	1.808e6
142.1	9.644e5
143.1	2.585e5
144.1	5.361e5
145.1	5.788e5
146.1	3.179e5
147.1	4.020e5
147.6	1.849e3
148.1	2.428e5
149.1	4.157e5
149.6	1.126e3
150.2	4.297e5
151.2	1.338e5
152.1	9.501e4
153.1	1.061e5
154.1	1.289e5
154.6	5.970e2
155.1	4.796e5
155.6	5.560e2
156.1	2.160e5
157.1	3.264e5
157.6	7.500e1
158.1	3.546e6
159.1	1.775e6
160.1	5.019e5
161.1	1.465e5
162.1	2.019e5
162.6	1.350e2
163.1	2.321e5
164.1	2.789e5
164.6	5.830e2
165.2	1.772e5
166.2	1.742e5
166.8	1.354e4
167.4	3.650e5
168.2	1.994e5
169.2	9.566e4
170.1	1.857e5
170.7	3.000e2
171.2	9.063e5
172.1	3.955e5
173.1	1.797e5
173.6	5.650e2
174.2	1.844e5
174.7	8.080e2
175.2	1.441e5
176.2	1.757e5
177.1	3.862e5
177.6	4.626e3
178.2	1.314e5
178.7	1.729e3
179.2	2.498e5
180.2	1.144e5
181.2	1.380e5
182.1	1.494e5
183.1	4.245e5
183.7	4.540e2
184.2	1.248e5
185.1	6.186e5
186.1	2.668e5
187.1	6.103e5
187.6	1.105e3
188.2	3.910e5
189.1	1.506e5
189.7	1.713e3
190.2	1.614e5
191.2	1.365e5
191.7	1.288e3
192.2	1.397e5
193.2	1.128e5
193.7	1.232e3
194.2	4.308e5
195.2	1.644e5
196.3	3.584e6
197.3	6.049e5
198.3	1.381e6
199.3	2.659e5
200.1	3.490e5
200.6	1.333e3
201.2	1.567e5
202.1	1.092e5
202.6	1.125e3
203.1	1.815e5
203.7	2.860e2
204.2	8.195e5
205.2	2.436e5
205.7	8.970e2
206.2	1.246e5
207.2	1.301e5
208.2	8.878e4
209.1	2.847e5
209.7	2.362e3
210.2	1.408e5
211.2	1.019e5
212.2	1.641e5
213.1	9.482e4
214.2	6.236e6
215.2	8.505e5
216.2	5.247e5
217.2	2.653e5
217.7	3.540e2
218.3	1.096e6
219.3	2.511e5
220.2	2.578e5
221.2	1.370e5
222.2	1.098e5
223.2	9.032e4
224.1	1.434e5
224.6	9.130e2
225.1	9.624e4
226.1	1.450e5
227.1	4.830e5
227.6	4.980e2
228.1	1.768e5
228.7	5.140e2
229.2	2.004e5
230.2	1.220e5
231.1	1.044e5
232.1	1.968e5
232.6	1.138e3
233.1	1.146e5
233.6	9.780e2
234.2	1.105e5
235.1	9.261e4
235.7	3.480e2
236.2	1.248e6
237.2	4.214e5
237.7	1.223e3
238.2	1.731e5
238.7	1.524e3
239.3	2.293e5
240.2	8.823e4
241.2	9.412e4
242.1	1.618e5
242.6	2.604e3
243.2	1.449e5
244.1	1.185e5
244.7	2.698e3
245.2	1.070e5
246.2	8.849e4
247.2	8.000e4
248.1	7.825e4
248.7	3.562e3
249.2	9.361e4
250.1	1.468e5
250.7	8.640e2
251.2	1.140e5
252.1	7.786e4
253.1	2.072e5
254.1	1.406e5
254.6	4.930e2
255.1	2.320e5
255.7	2.420e2
256.2	7.886e4
256.7	2.604e3
257.2	1.357e5
258.2	8.023e4
259.2	2.704e5
260.2	1.132e5
260.7	9.970e2
261.2	1.369e5
262.2	8.702e4
263.2	1.287e5
264.1	7.831e4
264.7	4.463e3
265.3	1.331e5
266.2	1.231e5
266.7	5.288e3
267.3	2.205e5
268.3	8.474e4
269.2	7.943e4
270.2	8.272e4
270.7	2.166e3
271.2	1.420e5
272.2	7.620e4
273.2	1.061e5
273.7	1.095e3
274.2	9.930e4
275.1	1.071e5
275.6	5.480e2
276.1	1.081e5
276.7	8.260e2
277.2	1.554e5
278.2	1.498e5
278.7	1.485e3
279.3	1.726e5
280.2	7.782e4
281.2	1.121e5
281.8	2.400e3
282.3	1.213e5
282.8	2.084e3
283.3	1.687e5
284.3	9.737e4
285.2	1.347e5
285.8	5.185e3
286.3	7.941e4
287.3	7.418e4
288.2	6.662e4
289.2	1.049e5
289.7	2.121e3
290.2	1.085e5
291.2	7.149e4
292.2	7.883e4
292.7	8.860e2
293.2	5.188e4
294.1	1.100e5
294.7	2.604e3
295.2	1.048e5
296.2	1.258e5
296.8	2.762e3
297.3	1.603e5
298.3	1.252e5
299.3	8.728e4
300.2	8.557e4
300.7	1.299e3
301.3	1.932e5
302.2	8.910e4
302.7	2.837e3
303.3	1.155e5
304.2	9.018e4
304.7	1.191e3
305.2	1.205e5
306.2	6.322e4
307.2	9.462e4
308.2	1.059e5
309.2	9.568e4
309.8	1.553e3
310.3	8.265e4
310.8	9.760e2
311.3	1.099e5
312.3	7.419e4
312.8	1.380e2
313.3	2.027e5
314.3	1.090e5
315.3	2.076e5
316.3	1.115e5
316.8	4.710e2
317.3	1.013e5
318.3	1.149e5
319.3	9.688e4
320.2	5.788e4
321.2	1.099e5
321.7	2.142e3
322.2	6.397e4
322.7	1.445e3
323.3	8.680e4
324.3	7.935e4
324.8	2.063e3
325.4	1.381e5
326.3	1.423e5
327.3	1.122e5
328.2	7.377e4
329.2	1.231e5
330.2	1.203e5
330.7	6.686e3
331.3	2.447e5
332.2	1.405e5
332.8	1.721e3
333.3	1.311e5
334.2	8.526e4
334.7	8.890e2
335.2	8.659e4
335.8	2.798e3
336.3	7.715e4
337.3	1.934e5
337.8	1.173e3
338.3	1.056e5
338.8	1.546e3
339.3	2.067e5
340.3	9.956e4
340.9	7.706e3
341.4	2.956e5
342.4	1.250e5
343.4	1.102e5
344.3	8.510e4
345.3	9.068e4
346.3	7.683e4
347.3	1.117e5
348.2	9.242e4
348.7	2.363e3
349.2	1.679e5
349.7	1.666e3
350.3	9.960e4
351.2	1.094e5
351.8	1.627e3
352.3	1.143e5
352.8	3.595e3
353.4	2.657e5
354.3	2.308e5
354.8	2.673e3
355.3	2.008e5
356.3	1.046e5
357.3	1.178e5
357.8	3.680e3
358.3	8.290e4
359.4	2.756e5
360.3	1.205e5
361.3	8.946e4
362.2	6.374e4
363.2	1.554e5
364.2	6.969e4
364.8	6.168e3
365.3	1.201e5
366.3	1.156e5
366.8	4.841e3
367.4	1.530e5
368.3	9.040e4
368.9	5.351e3
369.5	4.316e5
370.0	3.584e3
370.5	1.629e5
371.4	9.124e4
372.3	7.842e4
373.3	7.315e4
373.8	1.399e3
374.3	5.834e4
374.8	7.010e2
375.3	8.180e4
376.3	6.265e4
377.3	9.492e4
378.3	7.416e4
379.3	1.002e5
380.2	1.021e5
380.8	5.985e3
381.4	1.531e5
382.3	7.483e4
382.9	5.140e3
383.5	2.156e5
384.4	9.076e4
385.5	1.759e5
386.4	8.743e4
387.4	8.866e4
388.3	4.218e4
389.2	5.837e4
389.7	1.126e3
390.2	4.537e4
390.8	6.102e3
391.4	8.389e4
392.4	5.799e4
392.9	4.165e3
393.4	1.627e5
394.4	1.050e5
395.3	9.649e4
396.3	6.301e4
396.8	4.250e3
397.4	1.304e5
398.4	7.577e4
398.9	4.085e3
399.4	1.923e5
400.4	9.128e4
401.0	4.523e3
401.5	1.207e5
402.4	6.910e4
403.3	5.577e4
404.3	4.681e4
404.8	3.234e3
405.4	7.813e4
406.4	6.039e4
407.3	6.892e4
407.9	2.827e3
408.4	7.796e4
409.4	1.245e5
410.4	6.057e4
411.4	7.951e4
411.9	2.303e3
412.4	5.449e4
412.9	1.484e3
413.5	2.385e5
414.0	2.121e3
414.5	1.002e5
415.5	8.712e4
416.5	1.417e5
417.5	1.582e5
418.4	7.105e4
418.9	5.510e2
419.5	6.640e4
420.4	4.662e4
421.4	6.404e4
422.4	5.116e4
423.0	6.558e3
423.6	1.742e5
424.4	6.638e4
425.4	7.449e4
426.4	5.243e4
426.9	4.355e3
427.5	1.878e5
428.0	1.013e3
428.5	8.425e4
429.4	6.941e4
430.4	8.906e4
431.3	1.785e5
432.2	7.750e4
432.8	4.413e3
433.3	5.302e4
433.9	4.951e3
434.5	5.211e4
435.5	6.526e4
436.5	5.495e4
437.5	7.438e4
438.0	3.530e3
438.6	1.670e5
439.5	8.637e4
440.4	4.672e4
441.0	2.688e3
441.5	1.372e5
442.5	7.271e4
443.4	1.466e5
444.0	1.353e3
444.5	7.526e4
445.0	4.122e3
445.6	1.716e5
446.5	8.352e4
447.4	5.763e4
448.4	4.332e4
448.9	2.782e3
449.4	8.400e4
450.3	4.696e4
451.3	8.295e4
451.9	9.621e3
452.5	1.254e5
453.5	1.178e5
454.4	6.852e4
454.9	2.810e3
455.5	7.339e4
456.0	1.539e3
456.5	6.294e4
457.0	1.606e3
457.5	2.112e5
458.5	9.488e4
459.0	4.048e3
459.5	1.020e5
460.1	1.455e3
460.6	1.653e5
461.4	7.451e4
462.4	4.009e4
463.4	7.716e4
463.9	9.900e2
464.4	7.438e4
465.3	9.900e4
465.8	8.258e3
466.4	8.366e4
467.0	5.930e3
467.6	1.898e5
468.4	7.898e4
469.0	8.205e3
469.6	8.006e4
470.4	5.053e4
471.0	6.711e3
471.5	2.154e5
472.6	1.019e5
473.5	8.744e4
474.1	2.849e3
474.6	1.450e5
475.6	1.089e5
476.5	5.366e4
477.4	5.237e4
477.9	1.235e3
478.5	5.338e4
479.4	1.089e5
480.4	9.905e4
481.4	1.037e5
482.0	9.328e3
482.6	1.781e5
483.4	8.823e4
484.4	4.790e4
485.0	5.696e3
485.5	1.380e5
486.5	8.160e4
487.4	1.608e5
488.0	2.779e3
488.5	7.277e4
489.1	4.119e3
489.6	1.969e5
490.5	6.865e4
491.4	4.634e4
491.9	1.225e3
492.5	4.043e4
493.0	1.789e3
493.5	7.296e4
494.5	5.726e4
495.4	1.481e5
496.0	7.750e3
496.6	2.038e5
497.5	1.364e5
498.4	6.940e4
499.4	1.196e5
499.9	3.291e3
500.5	7.070e4
501.0	3.679e3
501.6	2.285e5
502.5	1.087e5
503.5	9.270e4
504.1	8.986e3
504.6	1.667e5
505.5	7.698e4
506.4	6.027e4
506.9	2.729e3
507.5	6.463e4
508.4	4.972e4
509.3	1.188e5
509.9	1.446e4
510.5	8.613e4
511.1	4.214e3
511.6	2.086e5
512.5	8.686e4
513.5	6.490e4
514.0	1.206e3
514.5	4.677e4
515.0	3.021e3
515.6	2.317e5
516.6	1.278e5
517.5	7.709e4
518.1	3.617e3
518.6	1.550e5
519.5	1.016e5
520.4	6.461e4
521.4	5.001e4
522.0	6.301e3
522.6	6.610e4
523.5	7.418e4
524.5	1.114e5
525.0	1.674e3
525.5	9.933e4
526.1	1.840e3
526.6	1.697e5
527.5	8.724e4
528.4	5.774e4
529.0	5.602e3
529.6	1.493e5
530.6	8.447e4
531.5	1.680e5
532.5	6.934e4
533.1	1.115e4
533.7	1.534e5
534.5	6.599e4
535.4	4.314e4
536.4	5.057e4
537.4	5.998e4
538.2	1.028e5
538.7	2.380e3
539.3	8.047e4
540.0	1.556e4
540.7	1.267e5
541.6	1.084e5
542.5	4.836e4
543.0	2.438e3
543.5	9.444e4
544.5	6.584e4
545.0	4.047e3
545.6	2.044e5
546.5	1.132e5
547.5	7.578e4
548.1	4.658e3
548.6	1.277e5
549.5	5.455e4
550.4	3.183e4
551.2	3.655e4
552.0	5.877e4
552.7	1.728e4
553.4	8.194e4
554.0	8.360e3
554.6	7.339e4
555.1	3.236e3
555.6	1.321e5
556.6	7.619e4
557.5	5.322e4
558.5	6.779e4
559.0	4.502e3
559.6	2.044e5
560.6	1.197e5
561.6	8.932e4
562.1	4.082e3
562.7	1.064e5
563.6	7.597e4
564.6	5.268e4
565.1	1.576e3
565.6	4.000e4
566.5	3.016e4
567.3	8.067e4
567.8	7.429e3
568.4	8.129e4
569.0	2.584e3
569.5	6.901e4
570.1	3.729e3
570.6	1.026e5
571.5	5.740e4
572.5	3.891e4
573.1	1.876e3
573.6	1.176e5
574.1	1.354e3
574.6	7.041e4
575.6	1.311e5
576.5	5.974e4
577.4	1.508e5
578.4	8.283e4
578.9	3.891e3
579.5	4.929e4
580.0	3.311e3
580.6	3.780e4
581.2	1.398e3
581.7	5.449e4
582.5	3.453e4
583.4	5.945e4
584.0	9.326e3
584.6	9.460e4
585.6	7.757e4
586.5	3.732e4
587.1	4.103e3
587.6	6.238e4
588.6	3.958e4
589.6	1.500e5
590.6	7.430e4
591.1	2.082e3
591.7	5.120e4
592.2	1.426e3
592.8	7.188e4
593.6	4.417e4
594.5	3.390e4
595.5	4.149e4
596.5	4.562e4
597.4	6.480e4
598.0	6.764e3
598.6	6.017e4
599.5	1.181e5
600.4	6.750e4
601.0	4.103e3
601.6	5.541e4
602.6	3.701e4
603.1	3.129e3
603.7	1.549e5
604.7	7.982e4
605.6	5.974e4
606.5	5.333e4
607.5	5.049e4
608.0	1.152e3
608.5	3.352e4
609.5	3.696e4
610.1	2.852e3
610.6	3.309e4
611.6	4.977e4
612.6	5.313e4
613.1	1.452e3
613.6	4.851e4
614.6	5.223e4
615.4	8.899e4
615.9	1.520e3
616.5	4.774e4
617.1	4.637e3
617.6	1.033e5
618.7	5.884e4
619.6	1.228e5
620.1	9.690e2
620.6	1.023e5
621.6	8.501e4
622.6	4.873e4
623.6	3.796e4
624.1	3.802e3
624.7	3.248e4
625.7	4.891e4
626.5	2.884e4
627.3	5.284e4
628.0	1.177e4
628.7	7.704e4
629.7	6.006e4
630.6	2.948e4
631.6	6.636e4
632.5	3.664e4
633.1	2.145e3
633.6	1.313e5
634.2	1.900e3
634.7	1.275e5
635.6	7.153e4
636.2	2.832e3
636.7	5.898e4
637.6	5.007e4
638.1	2.695e3
638.6	4.711e4
639.6	4.243e4
640.1	6.130e2
640.6	3.472e4
641.6	5.045e4
642.1	1.369e3
642.7	1.127e5
643.6	8.709e4
644.6	6.207e4
645.1	5.550e2
645.6	5.068e4
646.1	2.012e3
646.7	4.821e4
647.7	1.713e5
648.2	1.131e3
648.7	8.678e4
649.6	4.443e4
650.6	4.351e4
651.6	4.050e4
652.6	2.364e4
653.1	4.319e3
653.7	3.585e4
654.6	2.926e4
655.5	4.564e4
656.1	1.457e3
656.6	9.742e4
657.6	6.398e4
658.2	2.072e3
658.7	7.074e4
659.6	4.484e4
660.6	5.859e4
661.1	2.268e3
661.7	1.207e5
662.7	5.920e4
663.7	2.780e5
664.7	1.351e5
665.2	2.428e3
665.7	7.077e4
666.6	2.458e4
667.5	4.293e4
668.4	3.423e4
669.0	3.408e3
669.6	5.697e4
670.6	5.094e4
671.5	4.162e4
672.1	2.350e3
672.7	6.045e4
673.7	5.905e4
674.6	3.485e4
675.1	2.313e3
675.7	5.926e4
676.7	4.112e4
677.7	1.231e5
678.2	1.262e3
678.7	6.345e4
679.7	4.551e4
680.7	3.230e4
681.7	2.688e4
682.6	2.087e4
683.5	3.742e4
684.0	4.580e2
684.5	4.259e4
685.1	3.867e3
685.7	1.019e6
686.7	5.471e5
687.7	1.838e5
688.2	1.211e3
688.7	5.980e4
689.7	4.996e4
690.6	2.894e4
691.2	2.473e3
691.7	1.198e5
692.2	8.230e2
692.7	7.604e4
693.7	4.032e4
694.6	3.303e4
695.2	1.612e3
695.7	3.403e4
696.7	2.555e4
697.6	3.115e4
698.1	9.710e2
698.7	3.046e4
699.7	4.393e4
700.6	4.702e4
701.6	6.968e4
702.4	1.085e4
703.0	8.172e4
703.8	6.451e4
704.7	3.427e4
705.7	8.680e4
706.2	9.750e2
706.7	5.684e4
707.7	7.119e4
708.2	1.426e3
708.7	3.749e5
709.7	2.025e5
710.7	7.925e4
711.2	5.070e2
711.8	4.272e4
712.7	2.094e4
713.6	3.107e4
714.5	3.248e4
715.5	3.856e4
716.1	6.640e3
716.8	5.204e4
717.7	3.441e4
718.2	1.079e3
718.8	2.800e4
719.7	5.559e4
720.7	3.057e4
721.2	9.080e2
721.7	9.902e4
722.7	7.030e4
723.6	2.870e4
724.5	9.065e4
725.5	1.167e5
726.1	5.532e3
726.6	2.655e5
727.2	2.510e2
727.7	1.379e5
728.7	6.868e4
729.6	4.270e4
730.2	2.252e3
730.7	5.232e4
731.7	4.692e4
732.3	1.580e3
732.8	3.890e4
733.8	3.702e4
734.8	2.916e4
735.7	1.010e5
736.2	6.470e2
736.8	7.637e4
737.7	5.173e4
738.7	3.513e4
739.6	2.862e4
740.3	7.984e3
740.9	2.344e4
741.9	3.625e4
742.8	1.947e4
743.8	3.146e4
744.7	3.942e4
745.7	4.051e4
746.7	4.084e4
747.6	2.643e4
748.5	3.857e4
749.1	6.164e3
749.8	8.618e4
750.7	6.419e4
751.7	5.497e4
752.7	3.223e4
753.6	6.240e4
754.6	3.913e4
755.1	6.950e2
755.7	2.951e4
756.7	2.236e4
757.2	7.110e2
757.7	2.869e4
758.2	1.117e3
758.8	3.616e4
759.8	3.189e4
760.3	2.389e3
760.8	4.767e4
761.8	3.147e4
762.8	2.041e4
763.3	5.990e2
763.8	4.428e4
764.7	2.728e4
765.7	7.370e4
766.2	1.490e2
766.7	4.158e4
767.7	3.022e4
768.7	2.206e4
769.6	3.019e4
770.3	9.088e3
771.0	3.918e4
771.9	2.886e4
772.7	1.589e4
773.6	2.753e4
774.2	3.729e3
774.8	3.278e4
775.8	2.657e4
776.7	2.291e4
777.7	3.142e4
778.2	3.210e2
778.7	2.328e4
779.2	7.880e2
779.8	8.188e4
780.8	4.968e4
781.8	3.187e4
782.8	2.512e4
783.7	1.976e4
784.7	2.735e4
785.7	2.536e4
786.2	2.109e3
786.8	2.075e4
787.8	3.082e4
788.3	9.890e2
788.8	3.380e4
789.3	6.400e2
789.8	2.764e4
790.7	1.755e4
791.5	3.988e4
792.0	2.590e2
792.5	2.746e4
793.2	4.547e3
793.8	6.318e4
794.8	3.657e4
795.7	4.068e4
796.7	5.144e4
797.7	3.358e4
798.2	8.900e2
798.8	3.007e4
799.8	2.362e4
800.3	4.920e2
800.8	3.415e4
801.8	3.464e4
802.7	1.748e4
803.6	2.968e4
804.3	6.699e3
804.9	2.660e4
805.9	2.396e4
806.8	1.958e4
807.8	3.670e4
808.8	2.638e4
809.8	6.417e4
810.8	3.753e4
811.8	2.274e4
812.3	1.284e3
812.9	2.035e4
813.9	1.890e4
814.8	1.553e4
815.7	2.282e4
816.6	1.533e4
817.6	2.249e4
818.2	3.820e3
818.8	3.563e4
819.7	3.052e4
820.7	2.432e4
821.7	2.284e4
822.6	2.411e4
823.2	2.259e3
823.8	6.572e4
824.8	4.322e4
825.8	2.830e4
826.3	1.424e3
826.9	1.972e4
827.9	1.717e4
828.5	5.314e3
829.2	1.917e4
829.9	4.835e3
830.5	2.181e4
831.1	3.561e3
831.7	1.996e4
832.7	2.717e4
833.2	1.140e3
833.8	3.014e4
834.7	1.710e4
835.6	2.760e4
836.2	3.052e3
836.8	1.918e4
837.8	4.280e4
838.4	2.714e3
839.0	3.475e4
839.9	2.821e4
840.8	1.821e4
841.8	2.325e4
842.7	1.282e4
843.5	1.552e4
844.2	1.777e3
844.8	1.676e4
845.3	4.110e2
845.8	1.925e4
846.8	1.411e4
847.6	2.597e4
848.2	2.489e3
848.8	2.713e4
849.3	3.620e2
849.8	2.636e4
850.8	2.237e4
851.4	4.590e2
851.9	2.401e4
852.4	4.590e2
852.9	2.001e4
853.9	4.178e4
854.4	6.050e2
854.9	2.596e4
855.9	1.942e4
856.9	1.278e4
857.8	1.781e4
858.3	9.280e2
858.9	1.736e4
859.8	1.858e4
860.4	7.250e2
860.9	2.089e4
861.8	2.258e4
862.9	1.920e4
863.8	1.954e4
864.7	1.723e4
865.3	1.270e3
865.8	2.074e4
866.4	1.549e3
866.9	1.375e4
867.8	4.171e4
868.3	4.560e2
868.9	2.377e4
869.9	1.740e4
870.4	1.758e3
871.0	1.379e4
871.9	1.051e4
872.4	5.720e2
872.9	2.137e4
873.9	1.880e4
874.8	1.141e4
875.6	2.387e4
876.2	2.128e3
876.8	2.145e4
877.4	4.480e3
878.0	2.751e4
878.9	1.438e4
879.8	1.823e4
880.3	5.130e2
880.8	2.004e4
881.4	8.760e2
881.9	2.984e4
882.8	1.895e4
883.3	2.690e2
883.8	2.227e4
884.8	2.797e4
885.8	2.135e4
886.4	2.736e3
887.0	1.604e4
887.7	3.237e3
888.3	1.478e4
889.1	8.820e3
889.9	1.854e4
890.9	1.617e4
891.9	1.740e4
892.9	2.231e4
893.8	1.775e4
894.3	3.560e2
894.9	1.554e4
895.9	2.172e4
896.9	2.060e4
897.9	2.670e4
898.4	6.250e2
898.9	2.188e4
899.8	1.457e4
900.7	1.778e4
901.3	1.566e3
901.8	5.236e4
902.3	4.210e2
902.9	1.194e5
903.9	8.754e4
904.4	5.470e2
904.9	4.136e4
905.9	2.247e4
906.4	3.210e2
906.9	3.151e4
907.9	4.171e5
908.9	3.045e5
909.4	9.830e2
909.9	1.190e5
910.4	6.530e2
910.9	4.218e4
911.9	3.442e4
912.5	5.300e2
913.0	2.182e4
913.9	1.351e4
914.8	1.510e4
915.8	1.304e4
916.8	1.643e4
917.3	1.007e3
917.9	1.833e4
918.4	8.530e2
919.0	1.629e4
919.9	1.290e4
920.5	2.888e3
921.1	1.652e4
922.0	1.127e4
922.9	1.372e4
923.8	3.306e4
924.4	6.540e2
924.9	2.565e4
925.4	1.183e3
925.9	2.957e4
926.4	8.700e1
926.9	1.998e4
927.9	2.009e4
928.9	1.544e4
929.8	1.227e4
930.4	2.098e3
930.9	1.638e4
931.9	1.406e4
932.9	1.498e4
933.9	1.667e4
934.8	1.413e4
935.8	1.952e4
936.4	2.356e3
937.0	2.090e4
938.0	1.551e4
938.9	1.103e4
939.8	1.828e4
940.3	1.285e3
940.9	1.449e4
941.4	3.550e2
941.9	2.002e4
942.9	1.387e4
943.4	4.800e2
943.9	1.745e4
944.8	8.302e3
945.5	1.589e4
946.0	5.960e2
946.6	1.446e4
947.2	3.923e3
947.9	1.828e4
948.4	5.100e2
948.9	1.454e4
949.8	1.632e4
950.5	3.683e3
951.2	1.711e4
951.9	5.982e3
952.7	1.640e4
953.3	3.466e3
954.0	1.370e4
954.5	3.130e2
955.0	1.056e4
955.9	2.492e4
956.5	6.260e2
957.1	1.899e4
957.9	1.170e4
958.4	4.710e2
958.9	1.595e4
959.5	1.430e2
960.0	1.115e4
960.5	5.390e2
961.0	1.631e4
962.0	9.596e3
962.9	1.832e4
963.5	4.770e2
964.0	1.716e4
964.9	1.302e4
965.8	1.489e4
966.5	5.032e3
967.2	1.310e4
968.0	9.113e3
968.8	1.516e4
969.3	3.830e2
969.9	2.005e4
970.4	7.250e2
970.9	2.043e4
971.5	1.712e3
972.1	1.947e4
972.8	4.692e3
973.5	1.685e4
974.3	7.381e3
975.1	2.015e4
975.7	2.482e3
976.3	1.435e4
977.1	8.020e3
977.9	3.581e4
978.4	2.850e2
978.9	5.613e4
979.4	2.900e2
979.9	3.917e4
980.9	2.530e4
981.5	1.170e2
982.0	1.659e4
982.9	1.116e4
983.9	1.019e5
984.9	8.193e4
985.4	7.020e2
985.9	4.838e4
986.5	1.349e3
987.0	2.414e4
988.0	1.482e4
989.0	1.427e4
990.0	1.361e4
990.7	3.086e3
991.3	1.447e4
992.2	1.331e4
993.2	1.272e4
994.2	1.329e4
995.2	1.349e4
995.9	3.810e3
996.5	1.373e4
997.1	6.680e2
997.6	1.476e4
998.6	1.112e4
999.2	4.040e3
999.9	2.245e4
1000.9	1.661e4
1001.8	2.200e4
1002.7	1.668e4
1003.6	1.091e4
1004.2	1.796e3
1004.8	1.397e4
1005.7	1.116e4
1006.3	9.970e2
1006.8	1.162e4
1007.7	1.333e4
1008.3	9.400e2
1008.9	1.212e4
1009.9	1.127e4
1010.4	6.310e2
1010.9	1.063e4
1011.9	1.504e4
1012.9	1.061e4
1013.9	2.048e4
1014.7	1.069e4
1015.6	2.059e4
1016.6	1.375e4
1017.3	3.974e3
1018.0	1.338e4
1018.5	2.220e2
1019.1	1.354e4
1019.6	6.910e2
1020.2	1.459e4
1021.2	1.300e4
1021.7	7.600e1
1022.2	1.446e4
1023.1	1.132e4
1023.7	1.225e3
1024.2	1.255e4
1024.8	3.240e2
1025.3	1.289e4
1025.8	3.050e2
1026.3	1.488e4
1027.0	3.906e3
1027.7	1.528e4
1028.6	1.571e4
1029.4	3.949e3
1030.0	1.671e4
1031.0	1.500e4
1031.5	6.530e2
1032.1	1.332e4
1033.0	1.586e4
1034.0	1.203e4
1034.6	1.982e3
1035.2	1.575e4
1036.2	1.249e4
1036.7	7.580e2
1037.3	1.471e4
1037.9	2.394e3
1038.5	1.706e4
1039.1	2.107e3
1039.7	1.832e4
1040.7	1.281e4
1041.4	6.180e3
1042.2	1.653e4
1042.8	6.120e2
1043.3	1.924e4
1044.2	1.352e4
1044.7	9.310e2
1045.3	1.336e4
1045.8	2.620e2
1046.4	1.641e4
1047.4	1.088e4
1048.0	4.407e3
1048.7	1.309e4
1049.2	8.400e1
1049.7	1.297e4
1050.3	8.370e2
1051.0	1.903e4
1051.5	2.140e2
1052.0	1.436e4
1052.5	2.451e3
1053.2	1.988e4
1054.2	1.594e4
1055.1	1.422e4
1055.7	7.450e2
1056.2	2.127e4
1057.2	1.993e4
1058.0	1.364e4
1059.0	3.142e4
1059.5	8.750e2
1060.0	2.561e4
1060.6	5.580e2
1061.1	1.809e4
1062.0	1.140e4
1062.9	1.276e4
1063.4	4.380e2
1063.9	1.219e4
1064.5	8.120e2
1065.1	1.138e4
1065.9	6.644e3
1066.8	1.290e4
1067.4	1.097e3
1068.0	1.114e4
1069.0	1.464e4
1069.9	1.089e4
1070.8	4.290e3
1071.5	1.343e4
1072.1	2.133e3
1072.7	1.444e4
1073.4	2.392e3
1074.0	1.644e4
1074.6	2.446e3
1075.2	1.946e4
1076.1	1.756e4
1076.8	3.854e3
1077.5	1.864e4
1078.0	1.930e2
1078.5	1.824e4
1079.2	4.261e3
1079.9	1.031e4
1080.9	1.048e4
1081.9	1.507e4
1082.9	1.256e4
1083.5	7.040e2
1084.0	1.004e4
1085.0	1.294e4
1085.8	6.683e3
1086.6	1.235e4
1087.2	9.960e2
1087.8	1.142e4
1088.4	2.988e3
1089.1	1.503e4
1090.0	9.252e3
1090.5	1.050e2
1091.0	1.089e4
1091.6	1.043e3
1092.2	1.091e4
1093.0	8.780e3
1093.9	1.311e4
1094.9	1.545e4
1095.7	7.443e3
1096.6	1.221e4
1097.1	2.640e2
1097.6	1.179e4
1098.2	1.783e3
1098.9	1.429e4
1099.8	1.109e4
1100.7	1.101e4
1101.7	1.300e4
1102.3	8.560e2
1102.9	1.171e4
1103.5	3.134e3
1104.2	1.167e4
1105.1	7.263e3
1106.0	9.664e3
1107.0	1.095e4
1107.8	5.230e3
1108.7	1.078e4
1109.3	1.271e3
1109.8	8.359e3
1110.6	1.592e3
1111.2	1.424e4
1112.1	8.076e3
1113.0	1.006e4
1114.1	1.188e4
1114.7	1.964e3
1115.3	1.135e4
1116.3	8.477e3
1117.2	1.140e4
1117.8	4.660e2
1118.3	1.234e4
1119.2	6.427e3
1120.1	9.321e3
1121.0	9.613e3
1121.9	1.211e4
1122.6	1.898e3
1123.2	7.849e3
1124.1	1.036e4
1124.6	6.280e2
1125.2	1.206e4
1125.7	4.220e2
1126.2	1.028e4
1127.2	9.161e3
1127.7	1.112e3
1128.3	1.333e4
1128.9	1.151e3
1129.5	8.441e3
1130.2	2.574e3
1130.9	1.358e4
1131.4	8.690e2
1132.0	1.126e4
1132.5	7.800e1
1133.0	1.007e4
1134.0	6.557e3
1134.9	9.635e3
1135.8	6.168e3
1136.8	9.765e3
1137.3	1.477e3
1137.9	1.223e4
1138.5	1.062e3
1139.2	1.044e4
1139.7	1.216e3
1140.3	1.046e4
1140.9	1.236e3
1141.6	8.068e3
1142.5	1.231e4
1143.1	1.809e3
1143.7	9.878e3
1144.6	5.516e3
1145.4	1.062e4
1146.2	6.415e3
1147.0	1.129e4
1148.0	1.268e4
1148.6	1.510e3
1149.2	8.319e3
1150.2	1.261e4
1151.1	1.030e4
1151.8	5.169e3
1152.6	1.214e4
1153.6	1.242e4
1154.2	2.467e3
1154.8	1.144e4
1155.8	9.409e3
1156.5	2.365e3
1157.1	1.058e4
1158.1	1.856e4
1159.1	1.587e4
1160.1	1.220e4
1160.6	6.850e2
1161.2	1.129e4
1162.1	4.069e3
1162.8	1.217e4
1163.4	1.238e3
1164.0	1.011e4
1165.0	1.183e4
1165.5	5.360e2
1166.1	7.975e3
1166.9	7.434e3
1167.8	1.021e4
1168.3	3.550e2
1168.8	1.129e4
1169.7	7.667e3
1170.5	5.418e3
1171.3	9.177e3
1172.3	1.043e4
1172.8	1.960e2
1173.4	8.202e3
1174.4	8.179e3
1175.4	1.276e4
1176.2	7.644e3
1177.1	9.821e3
1177.7	2.631e3
1178.3	7.647e3
1179.3	1.230e4
1180.1	4.861e3
1181.0	6.973e3
1181.9	1.215e4
1182.9	9.169e3
1183.8	5.459e3
1184.6	8.410e3
1185.3	2.543e3
1186.0	1.022e4
1186.9	5.628e3
1187.7	9.314e3
1188.3	9.670e2
1188.9	1.027e4
1189.8	6.911e3
1190.4	7.200e1
1190.9	8.943e3
1191.4	2.210e2
1191.9	8.872e3
1192.4	3.200e2
1192.9	8.130e3
1193.9	6.010e3
1194.9	8.339e3
1195.8	8.817e3
1196.5	1.800e3
1197.2	8.946e3
1197.8	9.700e2
1198.4	6.676e3
1199.1	1.830e3
1199.7	1.011e4
1200.7	6.877e3
1201.6	8.497e3
1202.6	8.614e3
1203.6	9.347e3
1204.5	7.491e3
1205.5	9.699e3
1206.3	3.746e3
1207.1	8.974e3
1207.8	3.102e3
1208.5	1.129e4
1209.4	7.767e3
1210.3	5.655e3
1211.2	8.927e3
1211.7	2.440e2
1212.3	9.436e3
1213.1	4.688e3
1213.9	9.515e3
1214.5	1.530e3
1215.1	1.096e4
1216.1	8.756e3
1216.8	1.924e3
1217.4	8.447e3
1218.4	1.156e4
1219.2	7.451e3
1220.2	9.205e3
1221.0	5.481e3
1221.8	9.090e3
1222.6	3.187e3
1223.4	9.254e3
1224.3	6.278e3
1225.3	8.829e3
1225.9	1.686e3
1226.5	8.058e3
1227.4	1.102e4
1228.3	7.801e3
1228.9	2.033e3
1229.5	8.214e3
1230.0	2.510e2
1230.6	7.760e3
1231.5	5.150e3
1232.4	8.082e3
1233.3	6.214e3
1234.2	1.033e4
1234.7	2.340e2
1235.3	8.535e3
1236.1	6.094e3
1236.9	1.490e4
1237.4	2.920e2
1238.0	1.029e4
1238.9	6.883e3
1239.5	8.530e2
1240.1	6.802e3
1241.0	1.260e4
1241.7	3.067e3
1242.4	9.297e3
1243.2	3.697e3
1243.9	8.649e3
1244.4	4.710e2
1245.0	1.023e4
1245.9	7.796e3
1246.9	1.196e4
1247.4	8.520e2
1248.0	8.607e3
1249.0	8.740e3
1249.6	2.095e3
1250.3	9.339e3
1250.9	1.451e3
1251.5	1.035e4
1252.2	4.788e3
1253.0	1.049e4
1253.9	7.709e3
1254.5	1.546e3
1255.0	7.083e3
1256.0	5.224e3
1257.0	1.174e4
1257.8	5.723e3
1258.6	8.699e3
1259.5	7.480e3
1260.3	7.479e3
1261.1	4.392e3
1262.0	1.368e4
1262.6	1.210e2
1263.1	1.437e4
1263.9	6.461e3
1264.7	1.236e4
1265.6	8.669e3
1266.3	2.895e3
1267.2	7.503e3
1267.9	3.447e3
1268.6	6.318e3
1269.5	9.424e3
1270.3	4.109e3
1271.1	7.520e3
1272.1	8.349e3
1272.9	5.324e3
1273.8	7.718e3
1274.5	2.560e3
1275.2	9.384e3
1276.0	6.612e3
1276.8	1.076e4
1277.4	3.880e2
1277.9	7.007e3
1278.6	2.220e3
1279.2	7.618e3
1280.0	5.490e3
1280.9	8.273e3
1281.6	2.584e3
1282.2	9.528e3
1282.9	2.605e3
1283.6	9.381e3
1284.2	1.623e3
1284.9	9.000e3
1285.8	8.139e3
1286.8	9.585e3
1287.8	4.344e3
1288.6	8.855e3
1289.3	3.425e3
1290.0	8.823e3
1290.5	2.180e2
1291.1	8.996e3
1291.6	1.150e2
1292.1	8.557e3
1292.6	1.620e2
1293.2	8.064e3
1293.7	1.110e2
1294.2	1.002e4
1295.2	9.171e3
1296.1	6.709e3
1296.9	3.385e3
1297.7	8.361e3
1298.2	1.389e3
1298.8	7.969e3
1299.3	6.330e2
1299.9	9.029e3
1300.4	1.470e2
1300.9	8.407e3
1301.5	2.130e2
1302.0	1.033e4
1302.8	5.975e3
1303.6	7.718e3
1304.4	3.384e3
1305.2	8.296e3
1305.8	1.679e3
1306.4	9.907e3
1307.2	3.797e3
1307.9	6.704e3
1308.6	2.296e3
1309.2	9.719e3
1310.1	5.344e3
1311.0	7.040e3
1311.5	1.440e2
1312.1	9.139e3
1312.9	2.733e3
1313.7	9.254e3
1314.2	5.500e2
1314.7	1.008e4
1315.7	9.012e3
1316.2	3.800e1
1316.7	7.262e3
1317.8	1.044e4
1318.6	7.857e3
1319.5	8.423e3
1320.3	4.664e3
1321.2	8.165e3
1322.0	5.007e3
1322.9	7.759e3
1323.8	6.756e3
1324.4	2.287e3
1325.1	6.771e3
1325.7	9.360e2
1326.3	7.356e3
1327.3	9.829e3
1327.9	9.280e2
1328.5	9.273e3
1329.1	1.735e3
1329.8	8.260e3
1330.3	7.500e1
1330.8	5.947e3
1331.7	8.430e3
1332.7	6.161e3
1333.6	7.834e3
1334.1	4.240e2
1334.8	5.450e3
1335.7	6.108e3
1336.6	8.608e3
1337.7	5.798e3
1338.6	6.887e3
1339.5	6.340e3
1340.5	8.621e3
1341.2	8.100e2
1341.8	7.879e3
1342.8	9.557e3
1343.7	8.387e3
1344.3	1.506e3
1345.0	5.491e3
1345.9	9.245e3
1346.5	1.253e3
1347.1	1.013e4
1347.7	6.300e2
1348.3	7.533e4
1349.3	7.662e4
1350.3	4.157e4
1350.8	1.280e2
1351.3	1.841e4
1352.3	8.785e3
1353.3	6.726e3
1354.2	8.306e3
1354.8	1.050e3
1355.3	6.108e3
1356.2	4.202e3
1357.0	7.764e3
1357.8	2.667e3
1358.5	8.791e3
1359.1	1.024e3
1359.7	7.879e3
1360.2	7.220e2
1360.8	8.794e3
1361.4	9.230e2
1362.0	6.716e3
1362.7	1.739e3
1363.4	8.364e3
1364.3	5.049e3
1365.1	7.844e3
1365.6	8.490e2
1366.2	5.517e3
1367.1	7.702e3
1367.7	1.651e3
1368.3	8.374e3
1369.0	1.508e3
1369.5	8.807e3
1370.0	1.530e2
1370.5	7.435e3
1371.3	4.563e3
1372.2	7.703e3
1373.2	9.722e3
1374.2	7.380e3
1374.9	3.046e3
1375.6	8.515e3
1376.4	3.785e3
1377.3	7.852e3
1378.2	6.144e3
1379.3	5.522e3
1380.2	7.152e3
1380.9	2.042e3
1381.7	6.370e3
1382.6	3.394e3
1383.4	8.482e3
1384.1	2.964e3
1384.8	8.628e3
1385.6	3.438e3
1386.3	8.854e3
1387.0	2.278e3
1387.7	9.259e3
1388.7	8.650e3
1389.7	6.781e3
1390.4	2.414e3
1391.0	5.432e3
1392.0	6.479e3
1392.6	7.260e2
1393.2	6.925e3
1394.3	4.948e3
1395.2	8.472e3
1396.1	7.178e3
1396.9	3.492e3
1397.7	7.278e3
1398.5	3.773e3
1399.3	8.373e3
1399.9	9.090e2
1400.4	9.435e3
1401.0	4.000e2
1401.5	7.376e3
1402.4	4.364e3
1403.0	1.471e3
1403.6	6.959e3
1404.6	5.906e3
1405.1	1.570e2
1405.7	6.041e3
1406.2	2.660e2
1406.8	8.393e3
1407.5	1.661e3
1408.1	7.276e3
1409.0	5.230e3
1409.6	3.010e2
1410.1	8.039e3
1411.1	6.405e3
1411.6	1.100e1
1412.1	8.339e3
1413.0	4.593e3
1413.8	6.340e3
1414.4	2.020e2
1414.9	6.861e3
1415.4	2.170e2
1416.0	6.539e3
1416.6	4.810e2
1417.2	7.335e3
1417.7	1.420e2
1418.2	8.890e3
1418.8	1.526e3
1419.5	7.907e3
1420.3	3.887e3
1421.0	7.064e3
1421.6	7.110e2
1422.2	7.739e3
1422.8	9.980e2
1423.4	6.961e3
1424.3	5.972e3
1424.9	1.538e3
1425.6	6.400e3
1426.5	4.785e3
1427.5	6.427e3
1428.5	9.055e3
1429.1	5.830e2
1429.6	6.898e3
1430.6	5.119e3
1431.5	6.490e3
1432.1	1.253e3
1432.7	6.977e3
1433.3	2.540e2
1433.8	5.396e3
1434.4	3.000e1
1434.9	7.209e3
1435.5	7.010e2
1436.0	7.236e3
1436.9	2.942e3
1437.9	5.205e3
1438.4	1.890e2
1438.9	6.029e3
1439.7	3.516e3
1440.5	5.840e3
1441.4	4.540e3
1442.2	7.528e3
1442.9	3.305e3
1443.7	6.751e3
1444.3	3.850e2
1444.8	9.745e3
1445.5	1.480e3
1446.2	5.050e3
1446.8	9.510e2
1447.4	6.225e3
1448.4	5.403e3
1449.2	3.723e3
1449.9	5.629e3
1450.8	3.546e3
1451.4	4.800e2
1452.0	5.219e3
1452.8	7.043e3
1453.9	5.927e3
1454.4	3.600e1
1454.9	5.112e3
1455.9	4.087e3
1456.8	6.291e3
1457.4	2.135e3
1458.2	6.286e3
1458.7	1.730e2
1459.3	6.457e3
1460.1	4.089e3
1460.9	7.090e3
1461.6	1.835e3
1462.3	6.582e3
1463.3	5.108e3
1464.3	5.654e3
1465.3	6.802e3
1465.9	4.660e2
1466.4	6.071e3
1467.4	4.882e3
1468.2	3.706e3
1469.1	7.480e3
1469.7	1.013e3
1470.3	5.768e3
1470.9	6.890e2
1471.5	5.482e3
1472.4	3.897e3
1473.2	6.719e3
1473.9	2.420e3
1474.7	5.998e3
1475.6	5.101e3
1476.6	3.859e3
1477.5	5.363e3
1478.3	2.604e3
1479.1	4.599e3
1480.0	5.915e3
1480.7	1.398e3
1481.4	4.213e3
1482.3	6.978e3
1482.9	4.950e2
1483.5	6.311e3
1484.3	2.535e3
1485.1	6.131e3
1485.8	1.285e3
1486.4	6.244e3
1487.0	1.328e3
1487.7	4.978e3
1488.6	4.951e3
1489.5	3.307e3
1490.4	7.010e3
1491.3	4.013e3
1492.2	6.516e3
1492.7	2.160e2
1493.2	6.987e3
1494.0	2.786e3
1494.7	7.659e3
1495.6	4.461e3
1496.6	5.516e3
1497.6	5.354e3
1498.5	5.062e3
1499.3	2.287e3
1500.0	6.133e3
1500.6	2.410e2
1501.1	6.901e3
1502.1	4.761e3
1502.6	4.080e2
1503.2	6.367e3
1504.2	4.736e3
1505.1	6.494e3
1505.7	9.100e2
1506.4	3.499e3
1507.3	4.239e3
1507.9	7.780e2
1508.5	5.235e3
1509.2	1.675e3
1509.9	4.294e3
1510.4	5.320e2
1511.1	4.411e3
1512.0	5.669e3
1512.6	4.480e2
1513.1	5.720e3
1513.9	2.117e3
1514.6	6.213e3
1515.3	1.252e3
1516.0	6.257e3
1516.6	3.530e2
1517.2	4.355e3
1518.2	4.839e3
1519.1	8.371e3
1520.0	3.317e3
1520.9	6.031e3
1521.8	4.316e3
1522.8	3.487e3
1523.3	3.500e2
1523.9	5.293e3
1524.4	2.320e2
1524.9	6.488e3
1525.5	4.140e2
1526.1	4.808e3
1526.7	3.670e2
1527.3	4.599e3
1528.2	4.750e3
1529.0	2.737e3
1529.9	5.675e3
1530.5	6.740e2
1531.0	5.965e3
1532.0	5.822e3
1532.6	1.737e3
1533.3	6.779e3
1534.2	5.179e3
1535.1	4.537e3
1536.1	6.316e3
1536.8	1.662e3
1537.4	8.151e3
1538.4	4.000e3
1539.3	5.126e3
1540.2	3.506e3
1541.2	5.264e3
1541.9	1.833e3
1542.6	5.626e3
1543.4	1.328e3
1544.1	5.775e3
1544.7	1.430e2
1545.2	4.457e3
1545.9	1.811e3
1546.6	5.129e3
1547.2	1.183e3
1547.9	5.080e3
1548.4	2.400e1
1548.9	4.837e3
1549.6	1.139e3
1550.2	4.983e3
1550.8	6.000e2
1551.5	6.052e3
1552.1	5.240e2
1552.6	6.096e3
1553.2	3.500e2
1553.7	5.002e3
1554.7	5.699e3
1555.6	6.519e3
1556.5	2.238e3
1557.4	6.969e3
1558.0	1.690e2
1558.5	5.249e3
1559.6	6.687e3
1560.5	2.079e3
1561.3	6.311e3
1561.9	3.000e2
1562.5	4.403e3
1563.0	2.860e2
1563.6	5.559e3
1564.3	2.159e3
1565.0	4.173e3
1565.9	4.767e3
1566.8	2.816e3
1567.7	3.831e3
1568.5	5.236e3
1569.0	4.100e1
1569.6	4.118e3
1570.5	6.066e3
1571.3	3.380e3
1572.1	6.738e3
1573.0	5.400e3
1574.0	4.889e3
1574.6	4.340e2
1575.2	4.528e3
1576.2	3.586e3
1577.1	3.408e3
1578.0	4.743e3
1578.8	2.517e3
1579.7	4.458e3
1580.5	4.410e3
1581.3	5.038e3
1582.0	7.140e2
1582.6	5.845e3
1583.3	5.350e2
1583.8	4.824e3
1584.8	2.848e3
1585.7	3.570e3
1586.6	4.620e3
1587.2	4.890e2
1587.8	6.139e3
1588.7	4.695e3
1589.6	5.358e3
1590.5	3.566e3
1591.1	5.120e2
1591.6	5.175e3
1592.4	2.031e3
1593.1	4.243e3
1593.7	5.250e2
1594.3	4.149e3
1595.0	1.828e3
1595.7	5.732e3
1596.3	1.390e3
1597.0	8.016e3
1597.7	1.477e3
1598.4	3.673e3
1599.2	1.242e3
1599.8	4.730e3
1600.7	2.627e3
1601.6	5.027e3
1602.3	1.219e3
1602.9	3.922e3
1603.5	3.110e2
1604.0	5.895e3
1604.9	3.999e3
1605.9	4.500e3
1606.8	4.614e3
1607.8	5.112e3
1608.8	5.569e3
1609.8	4.612e3
1610.3	3.250e2
1610.9	7.341e3
1611.8	3.848e3
1612.4	1.320e3
1613.0	6.169e3
1613.6	7.020e2
1614.2	4.911e3
1615.1	2.792e3
1615.9	5.380e3
1616.4	2.800e2
1616.9	5.743e3
1617.9	3.964e3
1618.9	4.208e3
1619.7	1.931e3
1620.5	5.597e3
1621.2	8.050e2
1621.8	5.374e3
1622.7	2.677e3
1623.6	5.021e3
1624.3	8.820e2
1625.0	5.899e3
1625.9	4.864e3
1626.5	1.330e2
1627.0	4.842e3
1628.0	5.424e3
1629.0	3.374e3
1629.9	4.647e3
1630.9	4.694e3
1631.6	8.330e2
1632.2	4.939e3
1633.2	3.642e3
1634.1	4.347e3
1634.7	4.000e0
1635.2	4.596e3
1636.2	4.376e3
1637.2	6.920e3
1637.8	1.397e3
1638.5	3.959e3
1639.5	4.081e3
1640.3	5.534e3
1641.4	6.369e3
1642.2	1.745e3
1642.9	3.781e3
1643.8	3.976e3
1644.6	2.957e3
1645.4	5.874e3
1646.2	1.679e3
1646.9	3.296e3
1647.8	5.207e3
1648.4	2.670e2
1649.0	4.226e3
1650.0	3.767e3
1650.6	1.103e3
1651.3	4.656e3
1652.1	2.043e3
1652.7	4.183e3
1653.2	5.100e1
1653.7	3.902e3
1654.7	3.635e3
1655.3	8.800e2
1655.9	5.684e3
1656.4	1.340e2
1657.0	4.347e3
1657.6	9.060e2
1658.2	5.614e3
1659.1	3.969e3
1659.7	1.324e3
1660.5	5.202e3
1661.2	1.077e3
1661.9	3.890e3
1662.8	4.707e3
1663.4	6.780e2
1663.9	6.121e3
1664.8	3.857e3
1665.8	4.990e3
1666.7	2.094e3
1667.5	3.288e3
1668.0	5.000e0
1668.5	2.632e3
1669.4	5.340e3
1669.9	2.810e2
1670.5	4.584e3
1671.2	1.805e3
1671.9	5.100e3
1672.7	2.292e3
1673.5	5.096e3
1674.2	1.749e3
1674.8	6.057e3
1675.4	1.300e1
1675.9	4.652e3
1676.9	3.302e3
1677.5	1.810e2
1678.1	2.904e3
1678.6	2.240e2
1679.1	4.564e3
1680.1	5.192e3
1680.6	1.940e2
1681.1	5.556e3
1682.1	4.432e3
1682.9	2.572e3
1683.6	2.998e3
1684.5	3.605e3
1685.5	4.502e3
1686.4	4.142e3
1687.1	1.503e3
1687.8	5.045e3
1688.6	3.580e3
1689.6	3.716e3
1690.5	4.488e3
1691.0	4.800e1
1691.6	4.163e3
1692.6	4.862e3
1693.4	1.789e3
1694.1	5.391e3
1694.7	2.570e2
1695.2	3.594e3
1696.2	4.354e3
1697.1	4.337e3
1697.7	4.200e2
1698.2	3.097e3
1699.0	1.951e3
1699.8	5.074e3
1700.6	2.846e3
1701.4	5.168e3
1702.2	1.586e3
1702.8	4.511e3
1703.6	1.694e3
1704.4	6.417e3
1705.4	4.531e3
1706.3	2.955e3
1706.9	1.560e2
1707.4	4.159e3
1708.0	4.510e2
1708.5	3.831e3
1709.2	1.015e3
1709.8	6.063e3
1710.8	3.101e3
1711.6	3.830e3
1712.3	9.720e2
1712.9	5.475e3
1713.9	4.622e3
1714.4	5.700e1
1714.9	4.556e3
1715.7	1.284e3
1716.4	4.115e3
1717.2	2.516e3
1718.0	4.657e3
1718.6	1.229e3
1719.3	4.281e3
1720.2	2.609e3
1721.1	4.348e3
1721.9	3.822e3
1722.9	4.972e3
1723.8	3.598e3
1724.6	1.721e3
1725.4	3.458e3
1726.3	5.605e3
1727.3	5.145e3
1727.8	1.500e2
1728.4	5.349e3
1729.0	1.349e3
1729.6	3.418e3
1730.5	5.926e3
1731.4	3.586e3
1732.0	9.180e2
1732.7	4.723e3
1733.2	4.600e1
1733.7	3.810e3
1734.3	1.890e2
1734.8	4.063e3
1735.4	7.450e2
1736.1	4.984e3
1736.9	2.236e3
1737.8	4.472e3
1738.8	2.609e3
1739.5	9.560e2
1740.3	2.494e3
1741.3	4.308e3
1742.0	1.575e3
1742.7	4.224e3
1743.6	5.441e3
1744.1	1.510e2
1744.6	3.510e3
1745.5	4.491e3
1746.4	3.469e3
1747.3	3.218e3
1748.1	1.959e3
1748.9	3.659e3
1749.7	1.344e3
1750.4	3.297e3
1751.0	8.600e1
1751.5	4.349e3
1752.4	1.785e3
1753.2	4.734e3
1754.1	2.491e3
1754.9	2.588e3
1755.9	3.728e3
1756.4	1.540e2
1757.0	4.082e3
1757.5	8.700e1
1758.0	4.012e3
1759.0	3.562e3
1759.9	3.275e3
1760.8	4.720e3
1761.7	2.765e3
1762.6	3.461e3
1763.6	4.284e3
1764.1	1.840e2
1764.7	2.829e3
1765.6	4.200e3
1766.2	4.400e1
1766.7	2.198e3
1767.5	4.673e3
1768.3	1.672e3
1769.0	3.472e3
1770.1	3.374e3
1770.8	1.677e3
1771.6	4.498e3
1772.5	1.672e3
1773.4	3.777e3
1773.9	1.420e2
1774.5	2.351e3
1775.3	4.997e3
1776.2	2.583e3
1776.9	4.584e3
1777.6	1.092e3
1778.3	6.377e3
1779.3	3.087e3
1779.9	3.220e2
1780.5	3.428e3
1781.5	3.750e3
1782.0	6.400e1
1782.5	2.995e3
1783.1	1.030e2
1783.6	3.757e3
1784.6	2.769e3
1785.3	1.261e3
1786.0	4.412e3
1786.6	1.330e2
1787.1	3.501e3
1787.9	1.104e3
1788.5	3.537e3
1789.5	3.219e3
1790.5	3.881e3
1791.2	1.354e3
1791.9	4.848e3
1792.5	4.040e2
1793.1	3.590e3
1793.7	1.432e3
1794.3	4.343e3
1794.8	1.860e2
1795.4	2.976e3
1796.3	3.945e3
1797.0	7.420e2
1797.6	3.198e3
1798.4	2.103e3
1799.3	4.130e3
1800.3	2.207e3
1801.2	3.748e3
1801.8	3.650e2
1802.3	3.672e3
1802.9	1.540e2
1803.5	2.833e3
1804.3	1.314e3
1805.1	4.025e3
1805.9	1.486e3
1806.8	2.445e3
1807.4	4.270e2
1808.0	4.432e3
1808.7	1.992e3
1809.7	5.996e3
1810.3	8.320e2
1811.0	3.137e3
1811.9	4.400e3
1812.9	2.811e3
1813.8	2.708e3
1814.4	2.070e2
1815.0	2.874e3
1815.9	2.473e3
1816.8	4.880e3
1817.5	1.030e3
1818.1	3.233e3
1818.8	1.336e3
1819.5	2.835e3
1820.5	3.342e3
1821.1	1.550e2
1821.6	2.923e3
1822.6	2.947e3
1823.3	1.586e3
1824.1	4.455e3
1825.1	3.661e3
1826.1	3.527e3
1826.7	1.810e2
1827.2	5.767e3
1828.2	4.124e3
1828.8	1.850e2
1829.3	3.819e3
1830.3	2.402e3
1831.3	3.637e3
1832.0	2.780e2
1832.5	3.882e3
1833.2	1.124e3
1833.9	3.158e3
1834.4	2.600e1
1835.0	4.648e3
1835.9	3.223e3
1836.8	2.541e3
1837.9	5.639e3
1838.8	1.491e3
1839.5	4.960e3
1840.1	1.150e2
1840.6	3.424e3
1841.2	4.970e2
1841.8	3.926e3
1842.3	6.400e1
1842.8	2.727e3
1843.6	1.009e3
1844.3	2.140e3
1845.3	3.260e3
1846.3	3.192e3
1846.8	1.150e2
1847.3	2.574e3
1847.8	3.800e1
1848.4	4.017e3
1849.3	2.943e3
1850.2	1.824e3
1850.7	1.700e2
1851.3	3.779e3
1851.9	4.890e2
1852.5	2.601e3
1853.4	3.911e3
1854.4	2.020e3
1855.2	4.723e3
1856.1	2.696e3
1856.6	4.300e1
1857.1	3.717e3
1858.2	3.017e3
1858.7	5.090e2
1859.3	3.708e3
1860.1	9.110e2
1860.9	4.604e3
1861.4	3.270e2
1862.0	2.808e3
1862.7	9.360e2
1863.5	1.824e3
1864.4	4.196e3
1865.2	8.490e2
1865.8	3.968e3
1866.8	3.926e3
1867.6	1.617e3
1868.4	4.390e3
1869.4	2.104e3
1869.9	2.390e2
1870.4	2.402e3
1871.0	2.580e2
1871.7	4.614e3
1872.4	1.013e3
1873.0	2.952e3
1873.6	1.480e2
1874.2	3.274e3
1874.7	5.280e2
1875.3	3.270e3
1876.2	1.907e3
1877.1	4.234e3
1877.7	4.000e1
1878.3	2.334e3
1879.1	3.867e3
1879.7	2.370e2
1880.3	2.997e3
1881.2	3.005e3
1882.1	1.394e3
1882.8	4.720e2
1883.4	3.329e3
1884.0	4.200e2
1884.6	3.329e3
1885.1	1.900e2
1885.7	3.756e3
1886.5	2.354e3
1887.0	1.800e2
1887.5	5.037e3
1888.3	1.040e3
1889.1	3.272e3
1889.7	5.940e2
1890.4	3.188e3
1890.9	8.400e1
1891.4	1.910e3
1892.2	5.050e2
1892.8	3.171e3
1893.8	3.623e3
1894.6	1.774e3
1895.4	2.398e3
1896.1	3.020e2
1896.6	3.752e3
1897.2	1.510e2
1897.8	3.838e3
1898.6	1.341e3
1899.3	3.632e3
1900.0	1.027e3
1900.6	3.671e3
1901.5	1.332e3
1902.2	3.367e3
1903.0	1.056e3
1903.8	3.121e3
1904.5	8.810e2
1905.1	4.114e3
1906.0	1.650e3
1906.7	5.448e3
1907.5	1.878e3
1908.5	3.134e3
1909.5	2.689e3
1910.6	3.078e3
1911.3	3.900e2
1911.9	2.872e3
1912.5	3.900e2
1913.1	4.178e3
1913.6	1.600e2
1914.1	3.275e3
1914.7	4.290e2
1915.2	2.311e3
1916.1	3.312e3
1917.1	2.479e3
1918.1	3.949e3
1919.0	3.632e3
1919.9	1.563e3
1920.8	3.595e3
1921.8	2.317e3
1922.7	3.040e3
1923.3	3.200e2
1923.9	3.275e3
1924.9	1.838e3
1925.8	3.139e3
1926.4	4.900e2
1927.2	2.525e3
1927.8	3.600e2
1928.4	4.602e3
1929.0	1.590e2
1929.5	1.624e3
1930.6	3.215e3
1931.2	1.010e3
1931.9	3.123e3
1932.8	2.025e3
1933.8	3.174e3
1934.5	1.637e3
1935.3	3.402e3
1936.3	2.155e3
1937.2	2.667e3
1937.8	4.000e2
1938.4	3.590e3
1939.4	3.146e3
1940.4	3.290e3
1941.3	9.100e2
1942.1	3.344e3
1942.7	7.170e2
1943.2	4.140e3
1944.0	1.254e3
1944.7	3.741e3
1945.4	5.910e2
1946.1	2.089e3
1946.8	9.040e2
1947.5	3.070e3
1948.5	3.209e3
1949.1	2.710e2
1949.6	2.070e3
1950.5	2.083e3
1951.4	2.741e3
1951.9	2.610e2
1952.5	3.877e3
1953.4	1.838e3
1954.3	3.550e3
1955.3	2.354e3
1956.1	1.604e3
1957.1	2.727e3
1958.0	2.406e3
1958.9	1.897e3
1959.5	9.700e1
1960.2	1.809e3
1961.0	2.796e3
1961.6	5.240e2
1962.2	2.561e3
1962.8	1.210e2
1963.3	2.755e3
1963.9	6.780e2
1964.6	2.848e3
1965.3	8.130e2
1966.1	3.060e3
1966.6	5.200e1
1967.2	2.953e3
1967.9	9.400e2
1968.6	2.429e3
1969.1	5.000e1
1969.6	2.296e3
1970.5	2.123e3
1971.4	1.443e3
1972.2	2.649e3
1972.9	6.890e2
1973.6	2.977e3
1974.6	2.773e3
1975.5	1.155e3
1976.5	2.139e3
1977.4	3.208e3
1978.1	1.057e3
1978.8	3.145e3
1979.7	1.454e3
1980.6	3.327e3
1981.3	2.830e2
1981.9	2.162e3
1982.9	1.747e3
1983.8	2.416e3
1984.6	1.422e3
1985.3	2.701e3
1986.3	3.020e3
1987.3	2.938e3
1988.2	1.316e3
1988.8	2.893e3
1989.4	1.690e2
1989.9	4.042e3
1990.7	1.871e3
1991.5	1.111e3
1992.3	3.741e3
1993.0	1.144e3
1993.7	2.754e3
1994.2	1.010e2
1994.7	2.606e3
1995.5	1.018e3
1996.3	2.351e3
1997.3	2.257e3
1998.4	2.642e3
1999.0	2.800e2
1999.7	1.788e3
