100.3	3.890e2
101.0	7.268e4
101.9	1.383e4
103.0	1.365e4
104.0	1.529e3
105.0	3.237e3
106.1	3.130e2
107.1	5.210e2
108.0	9.459e3
109.0	1.544e3
109.9	5.640e2
110.5	3.200e1
111.0	8.851e3
111.7	5.100e1
112.2	9.100e2
113.0	1.458e5
113.5	1.930e2
114.1	2.715e3
115.0	7.496e3
115.5	3.700e1
116.1	2.307e3
117.0	7.626e4
117.5	1.020e2
118.0	1.316e4
119.0	5.577e3
119.9	1.776e3
120.5	1.200e1
121.1	1.523e3
122.1	4.850e2
123.0	2.940e2
124.0	9.300e2
125.1	1.881e3
126.0	1.031e3
127.0	1.050e3
128.1	2.145e3
129.1	3.429e3
130.0	8.267e3
131.1	5.256e3
131.6	4.000e0
132.1	1.349e3
133.1	8.730e3
134.1	1.378e3
135.0	5.424e3
136.0	2.097e3
136.5	7.700e1
137.1	7.212e3
138.1	3.821e3
139.0	1.508e3
140.1	9.660e2
141.0	1.038e3
142.1	6.000e2
143.0	2.021e3
144.1	1.534e3
145.0	1.129e4
146.0	1.227e4
147.0	1.796e4
148.1	2.090e3
149.1	3.227e3
150.1	7.140e2
151.1	1.122e3
152.0	4.807e3
152.6	4.600e1
153.1	2.868e3
154.0	1.377e3
154.5	7.100e1
155.1	1.746e3
156.1	2.900e3
157.0	2.040e3
157.6	4.500e1
158.1	4.665e3
158.6	1.910e2
159.1	2.252e3
160.1	1.563e3
161.0	2.802e3
161.6	4.000e0
162.1	1.474e3
163.0	2.942e3
164.1	1.303e3
165.1	4.294e3
166.1	8.790e2
166.6	1.600e1
167.2	1.194e3
168.0	6.310e2
168.6	6.000e0
169.1	2.594e3
170.2	6.530e2
171.1	1.237e3
172.1	1.390e3
172.6	9.000e0
173.1	2.841e3
174.0	2.490e3
175.0	4.147e4
175.6	6.300e1
176.1	2.877e3
177.1	2.305e3
178.0	1.164e3
179.1	5.728e3
180.1	1.594e3
181.1	2.473e4
182.0	1.508e3
183.1	3.637e3
184.0	1.855e3
185.0	3.792e3
185.5	3.200e1
186.1	1.806e3
186.8	9.630e2
187.4	3.640e3
188.2	1.203e3
189.0	1.742e3
189.6	2.500e1
190.1	1.310e3
191.1	2.396e4
192.1	3.571e3
193.0	7.405e3
194.0	2.625e3
195.1	9.630e3
195.9	1.484e4
196.5	1.250e2
197.0	2.585e3
197.9	1.505e4
198.5	7.700e1
199.1	1.971e3
199.9	9.234e3
200.4	6.100e1
201.0	3.939e3
202.0	3.779e3
202.6	4.000e1
203.1	2.325e3
204.1	1.758e3
205.1	1.795e3
206.1	2.033e3
207.0	2.323e3
208.0	1.017e4
208.6	2.400e1
209.1	3.952e3
210.1	2.376e3
211.1	3.104e3
211.6	6.000e1
212.2	3.313e4
213.1	6.948e3
214.1	3.681e3
215.1	1.904e3
216.0	1.022e3
217.0	1.801e3
218.0	1.545e3
218.5	3.600e1
219.1	1.865e3
220.1	3.102e3
221.1	2.667e3
222.1	1.410e3
223.1	1.972e3
224.1	7.950e2
225.0	2.625e3
226.0	1.130e3
227.0	3.437e3
228.1	1.770e3
229.2	1.974e3
230.1	2.166e3
230.6	4.000e0
231.2	1.938e3
232.1	2.807e3
233.0	3.091e3
234.1	2.243e3
235.0	1.699e3
236.0	1.491e4
237.1	2.850e3
237.6	3.500e1
238.1	2.211e3
239.1	3.604e3
240.0	1.451e4
240.5	1.400e2
241.1	4.386e3
242.1	3.032e3
243.1	1.359e4
244.0	5.386e3
244.6	1.590e2
245.1	3.958e3
246.1	8.840e2
247.1	2.413e3
247.6	3.800e1
248.1	1.368e3
249.1	5.784e4
249.6	3.500e1
250.1	3.049e3
251.1	2.782e3
252.0	7.930e2
252.8	3.320e2
253.3	1.499e3
254.3	3.830e2
255.2	2.154e3
256.1	9.930e2
257.1	1.736e3
258.0	2.160e3
258.6	4.000e0
259.2	2.450e3
260.0	2.202e3
261.1	2.780e3
262.0	1.877e3
262.5	8.800e1
263.1	2.997e3
264.1	1.630e3
264.6	6.700e1
265.1	3.261e3
266.1	1.926e3
267.2	2.280e3
268.1	1.192e3
269.1	2.760e3
269.6	2.300e1
270.1	9.350e2
271.1	1.765e3
272.1	1.287e3
272.8	1.070e2
273.3	2.357e3
274.3	7.230e2
275.2	3.564e3
276.1	1.773e3
276.7	8.400e1
277.2	3.075e3
278.1	1.841e3
278.7	8.300e1
279.2	4.442e3
280.1	3.648e3
280.8	3.710e2
281.4	5.556e3
282.2	2.813e3
283.2	3.023e3
284.1	1.148e3
285.1	2.066e3
286.1	2.743e3
286.6	3.500e1
287.2	1.458e3
288.1	6.727e3
289.2	3.751e3
290.1	4.889e3
291.1	2.620e3
292.0	2.612e3
292.6	4.000e0
293.2	3.111e3
293.7	1.140e2
294.2	1.135e3
295.2	3.085e3
296.1	8.700e2
297.1	2.068e3
298.0	2.479e3
298.5	3.700e1
299.3	1.507e3
300.2	9.810e2
301.1	1.563e3
301.6	4.000e1
302.1	1.355e3
302.7	8.700e1
303.3	3.734e3
304.2	1.807e3
305.1	5.755e3
306.1	2.270e3
307.1	5.903e3
308.1	5.070e3
309.1	2.807e3
310.0	2.978e3
311.1	1.100e4
312.1	5.594e3
312.6	2.300e1
313.2	3.701e3
314.0	1.157e3
314.6	2.030e2
315.2	2.364e3
316.2	1.323e3
317.1	6.904e4
318.1	5.911e3
319.0	3.673e3
320.0	1.653e3
320.6	2.380e2
321.2	4.447e3
322.1	1.335e3
323.1	3.848e3
324.1	3.529e3
325.1	5.894e3
326.0	1.412e3
326.5	8.800e1
327.1	6.294e3
328.0	2.049e3
328.6	9.000e1
329.1	6.235e3
330.1	2.345e3
330.6	2.110e2
331.1	3.946e3
332.0	1.865e3
332.6	1.100e1
333.2	5.594e3
334.1	3.628e3
335.1	2.307e3
336.0	3.392e3
337.0	3.498e3
338.1	1.568e3
339.1	3.223e3
340.0	4.842e3
340.6	1.380e2
341.2	5.270e3
342.1	2.799e3
343.0	6.273e3
343.5	9.400e1
344.1	2.683e3
344.8	5.950e2
345.4	2.645e3
346.2	1.075e3
347.1	4.390e3
347.6	5.000e0
348.1	2.063e3
348.6	1.100e1
349.2	4.652e3
350.1	2.485e3
350.6	7.500e1
351.2	3.453e3
352.2	1.347e3
353.1	5.584e3
354.0	2.098e3
354.6	3.800e1
355.1	3.066e3
356.1	1.075e4
357.1	4.624e3
358.1	2.415e3
359.0	3.310e3
360.0	2.693e3
360.6	7.400e1
361.2	3.235e3
362.2	1.580e3
363.1	3.018e3
364.1	1.370e3
364.6	7.900e1
365.2	2.154e3
366.1	4.242e3
366.7	6.600e1
367.2	2.305e3
368.1	1.704e3
369.1	1.742e4
370.1	3.680e3
370.7	1.510e2
371.3	2.626e3
372.1	2.440e3
373.1	3.153e3
373.9	7.300e2
374.6	1.852e3
375.4	6.202e3
376.2	2.763e3
376.8	7.920e2
377.4	7.016e3
378.3	2.339e3
379.1	1.148e4
380.1	3.828e3
380.6	2.310e2
381.2	4.348e3
382.1	2.396e3
382.6	1.100e1
383.2	2.853e3
384.1	1.462e3
384.6	2.200e1
385.1	4.174e4
386.0	3.958e3
386.6	1.280e2
387.1	3.765e3
387.6	5.500e1
388.2	2.091e3
389.2	1.945e3
389.8	2.530e2
390.3	2.370e3
391.3	5.499e3
392.1	2.427e3
392.7	2.730e2
393.3	2.819e3
394.2	1.707e3
395.1	5.141e3
396.1	2.558e3
397.0	8.360e3
398.0	3.333e3
398.5	1.700e1
399.1	4.187e3
400.0	1.645e3
400.7	1.770e2
401.3	6.691e3
402.2	3.152e3
402.7	2.470e2
403.3	4.228e3
404.3	1.748e3
405.2	3.918e3
406.2	1.668e3
406.7	4.800e1
407.2	2.977e3
408.1	2.469e3
408.8	5.410e2
409.4	3.046e3
410.2	1.469e3
411.0	4.980e3
411.5	4.900e1
412.1	2.318e3
413.1	3.511e3
414.1	1.676e3
414.8	4.640e2
415.4	3.087e3
416.3	1.761e3
417.2	4.189e3
418.2	3.251e3
418.7	3.030e2
419.3	4.339e3
420.2	1.768e3
421.1	3.727e3
422.0	1.255e3
422.6	1.000e1
423.2	3.489e3
424.1	8.403e3
425.1	4.443e3
425.6	2.850e2
426.2	1.499e3
427.1	3.077e3
428.0	3.046e3
428.7	5.400e1
429.2	3.059e3
430.2	1.727e3
430.7	1.800e1
431.2	4.123e3
432.2	1.837e3
432.8	2.440e2
433.4	2.999e3
434.3	2.115e3
435.3	2.596e3
435.8	4.640e2
436.4	6.991e3
437.3	4.020e3
438.2	3.225e3
439.2	2.229e3
440.1	3.005e3
440.6	4.000e0
441.1	3.644e3
442.1	2.081e3
443.1	4.752e3
444.1	3.789e3
445.1	2.921e3
446.1	2.811e3
447.1	9.040e3
448.0	3.299e3
448.6	3.300e1
449.1	2.666e3
450.0	2.636e3
450.6	5.420e2
451.3	3.460e3
451.8	1.300e2
452.4	6.641e3
453.1	4.206e4
454.1	4.030e3
455.1	3.719e3
455.6	6.100e1
456.1	1.348e3
456.7	3.000e1
457.2	3.914e3
458.1	2.480e3
459.2	4.639e3
460.1	3.553e3
460.7	3.870e2
461.3	2.501e3
461.9	4.800e1
462.4	9.592e3
463.4	6.492e3
463.9	1.920e2
464.5	7.693e3
465.4	1.577e4
466.4	7.436e3
466.9	7.350e2
467.5	4.249e3
468.2	1.055e3
469.1	3.846e3
469.6	2.920e2
470.1	4.289e3
471.2	3.199e3
472.1	2.201e3
472.6	1.750e2
473.2	4.013e3
474.1	1.815e3
474.6	1.700e1
475.2	2.649e3
476.2	3.686e3
477.2	3.051e3
477.7	2.360e2
478.3	3.780e3
479.1	6.586e3
479.8	7.100e2
480.4	6.280e3
481.3	3.848e3
482.1	1.569e3
482.6	1.400e1
483.2	4.279e3
484.1	1.917e3
484.7	2.960e2
485.2	6.042e3
486.1	2.701e3
487.1	3.517e3
487.6	1.830e2
488.1	2.404e3
489.1	3.056e3
489.6	5.900e1
490.1	2.056e3
491.1	3.388e3
491.8	1.693e4
492.7	7.312e3
493.6	4.020e3
494.4	5.960e2
495.1	4.927e3
496.1	3.736e3
496.6	3.500e1
497.1	2.310e3
497.6	4.100e1
498.2	1.309e3
499.1	1.793e3
500.1	1.775e3
501.1	2.836e3
502.0	3.526e3
502.7	1.615e3
503.4	1.101e4
504.4	5.479e3
505.3	4.490e3
506.1	2.106e3
506.7	5.080e2
507.2	3.093e3
508.1	2.858e3
509.0	3.481e3
509.6	5.610e2
510.2	2.324e3
511.1	5.262e3
512.1	3.178e3
513.1	3.394e3
514.1	1.594e3
514.6	1.600e1
515.1	7.187e3
516.0	2.996e3
516.9	2.768e3
517.5	3.650e2
518.1	1.830e3
519.1	3.906e3
519.7	2.540e2
520.2	3.209e3
521.1	4.119e4
522.1	6.008e3
522.6	5.900e1
523.1	3.244e3
524.0	2.214e3
525.0	3.206e3
525.9	2.067e3
526.5	4.120e2
527.1	4.551e3
528.0	1.982e3
528.9	3.590e3
529.7	1.532e3
530.6	4.291e3
531.4	2.836e3
532.0	6.890e2
532.7	4.566e3
533.6	5.517e3
534.3	8.210e2
535.0	3.483e3
535.6	1.020e2
536.1	2.382e3
536.7	3.400e1
537.2	4.395e3
538.1	2.964e3
539.1	4.001e3
539.8	3.950e2
540.6	8.139e3
541.4	3.738e3
542.3	2.292e3
543.3	3.646e3
544.2	1.742e3
545.2	3.303e3
546.1	1.541e3
547.0	4.851e3
547.7	3.360e2
548.3	2.427e3
549.3	5.316e3
550.2	3.235e3
550.7	3.370e2
551.3	3.422e3
551.8	5.500e1
552.3	2.092e3
553.2	4.070e3
554.1	2.793e3
555.1	2.024e3
555.6	1.870e2
556.1	1.987e3
557.0	2.484e3
557.9	2.598e3
558.5	1.840e2
559.1	2.678e3
560.1	1.000e4
560.6	2.080e2
561.2	3.771e3
562.1	1.963e3
562.6	4.500e1
563.1	4.447e3
564.1	3.242e3
564.7	4.650e2
565.2	2.331e3
565.8	1.600e2
566.4	3.107e3
566.9	6.600e1
567.5	1.991e3
568.4	1.754e3
569.3	3.110e3
570.2	2.049e3
570.8	6.120e2
571.3	3.174e3
572.3	1.837e3
573.2	4.065e3
574.1	1.856e3
575.1	3.092e3
576.1	2.034e3
577.0	3.701e3
577.5	4.300e1
578.0	1.659e3
579.0	4.475e3
580.0	3.304e3
580.5	1.130e2
581.1	2.551e3
582.0	1.432e3
582.6	1.250e2
583.1	4.710e3
584.0	1.874e3
584.9	2.142e3
585.5	3.130e2
586.2	1.903e3
586.7	8.300e1
587.2	2.466e3
588.2	2.217e3
589.1	3.500e4
590.1	4.604e3
591.0	3.261e3
592.0	2.448e3
592.8	7.630e2
593.5	5.293e3
594.1	6.610e2
594.8	2.302e3
595.7	3.625e3
596.4	5.250e2
597.1	2.773e3
598.0	1.800e3
599.0	5.197e3
599.9	2.143e3
600.8	3.764e3
601.3	2.030e2
601.8	4.003e3
602.4	1.120e2
602.9	3.025e3
603.8	2.702e3
604.4	2.380e2
604.9	2.737e3
605.4	1.100e1
606.0	3.557e3
606.8	1.251e3
607.5	2.184e3
608.1	1.600e2
608.6	4.668e3
609.5	2.578e3
610.4	1.491e3
611.1	1.322e3
611.9	2.040e3
612.9	3.152e3
613.9	1.671e3
614.5	2.310e2
615.0	3.580e3
615.6	4.660e2
616.3	2.198e3
617.1	1.295e3
617.8	2.601e3
618.5	7.910e2
619.2	3.718e3
620.1	1.507e3
621.1	4.143e3
622.0	2.755e3
622.7	6.650e2
623.4	3.354e3
624.0	1.080e2
624.5	2.178e3
625.2	8.210e2
626.0	1.737e3
627.0	1.945e3
627.6	2.740e2
628.2	8.550e3
628.7	8.300e1
629.2	3.651e3
630.1	1.509e3
631.0	4.356e3
631.7	4.680e2
632.3	3.163e3
633.3	3.382e3
634.3	2.288e3
635.0	6.320e2
635.6	2.575e3
636.5	1.754e3
637.4	2.997e3
638.1	8.930e2
639.0	2.802e3
639.9	2.343e3
640.5	5.130e2
641.1	3.268e3
642.0	1.544e3
642.9	2.794e3
643.4	3.980e2
644.0	2.226e3
644.5	1.140e2
645.1	3.354e3
646.1	2.160e3
646.6	5.500e1
647.2	5.040e3
647.8	2.670e2
648.3	1.708e3
648.8	4.900e1
649.4	4.291e3
650.2	1.732e3
651.0	6.413e3
651.6	3.290e2
652.2	2.093e3
653.0	1.730e3
653.9	2.358e3
654.5	2.830e2
655.0	2.823e3
655.6	5.330e2
656.2	2.577e3
657.1	1.995e4
658.1	5.745e3
659.0	3.260e3
659.7	2.430e2
660.3	2.962e3
660.8	1.890e2
661.4	4.198e3
662.1	5.410e2
662.8	2.365e3
663.8	3.325e3
664.5	6.670e2
665.1	2.906e3
665.6	6.000e0
666.2	1.790e3
667.0	4.117e3
667.6	2.860e2
668.2	1.819e3
669.0	4.676e3
669.6	1.340e2
670.1	2.451e3
671.0	4.392e3
671.6	9.000e2
672.2	2.348e3
673.1	3.877e3
674.1	4.339e3
674.7	4.820e2
675.4	1.592e3
676.2	2.341e3
677.2	4.181e3
678.1	3.016e3
678.9	1.555e3
679.6	3.013e3
680.6	3.446e3
681.4	2.104e3
682.2	1.385e3
683.1	5.531e3
684.1	3.525e3
685.0	4.207e3
686.0	2.082e3
686.5	6.400e1
687.1	3.129e3
687.6	8.700e1
688.2	2.058e3
689.0	4.184e3
689.5	3.700e1
690.1	2.603e3
690.8	1.437e3
691.6	2.848e3
692.2	3.280e2
692.8	2.438e3
693.7	2.808e3
694.2	1.090e2
694.8	2.121e3
695.5	1.107e3
696.1	8.617e3
696.7	3.680e2
697.3	3.902e3
698.2	2.119e3
699.1	6.336e3
699.9	3.030e3
700.8	3.251e3
701.7	1.579e3
702.6	2.769e3
703.3	6.990e2
704.0	2.001e3
704.6	2.090e2
705.2	2.912e3
706.1	2.585e3
707.0	3.357e3
707.6	4.430e2
708.2	2.602e3
708.8	1.310e2
709.3	3.128e3
710.3	1.528e3
710.8	2.400e1
711.3	3.245e3
712.0	6.530e2
712.6	3.728e3
713.3	1.566e3
714.1	2.444e3
715.1	5.050e3
716.1	2.901e3
716.6	2.840e2
717.2	2.646e3
718.2	2.520e3
719.1	5.414e3
719.9	2.724e3
720.4	8.800e1
720.9	2.406e3
721.5	3.800e1
722.0	2.764e3
722.7	6.090e2
723.4	3.593e3
724.3	1.292e3
725.1	1.751e4
726.0	5.512e3
726.6	3.260e2
727.3	3.178e3
728.0	1.613e3
728.7	4.500e3
729.6	2.281e3
730.3	1.134e3
731.0	3.399e3
731.6	5.260e2
732.2	2.238e3
732.9	5.780e2
733.5	1.991e3
734.0	6.700e1
734.6	3.955e3
735.3	1.119e3
736.1	2.722e3
736.6	1.860e2
737.1	4.423e3
738.0	2.677e3
738.6	1.500e1
739.1	3.211e3
739.6	2.100e2
740.2	1.896e3
741.1	3.538e3
741.7	1.240e2
742.2	3.182e3
743.1	1.620e3
744.0	1.436e3
744.7	5.392e3
745.7	3.135e3
746.2	7.100e1
746.7	3.338e3
747.2	1.400e1
747.8	2.224e3
748.8	3.389e3
749.3	1.440e2
749.8	2.691e3
750.5	8.170e2
751.2	4.312e3
751.7	9.000e0
752.2	2.610e3
753.1	1.607e3
753.9	2.933e3
754.8	2.214e3
755.6	3.381e3
756.4	9.470e2
757.2	3.780e3
757.8	1.390e2
758.4	1.228e3
759.3	2.807e3
760.0	8.970e2
760.8	2.934e3
761.7	1.732e3
762.4	5.170e2
763.0	2.955e3
763.5	8.100e1
764.1	5.579e3
765.0	4.424e3
765.5	1.600e2
766.0	2.770e3
766.7	3.890e2
767.3	5.190e3
768.1	2.230e3
769.0	2.130e3
769.5	1.050e2
770.1	2.339e3
770.7	2.720e2
771.3	3.317e3
772.1	1.475e3
773.0	2.018e3
773.8	2.835e3
774.8	1.268e3
775.6	2.498e3
776.3	9.960e2
777.0	4.973e3
778.0	2.842e3
778.5	2.400e1
779.0	2.600e3
780.0	2.708e3
780.8	1.848e3
781.7	2.893e3
782.4	9.890e2
783.1	4.138e3
783.8	1.224e3
784.7	3.285e3
785.3	8.060e2
785.9	3.172e3
786.9	3.106e3
787.7	3.665e3
788.3	2.730e2
788.9	3.174e3
789.4	9.700e1
789.9	2.482e3
790.7	7.300e2
791.4	2.614e3
792.3	1.957e3
793.1	1.388e4
794.1	2.894e3
794.6	3.750e2
795.2	3.290e3
796.1	2.984e3
796.8	5.170e2
797.4	4.026e3
798.0	4.270e2
798.7	2.442e3
799.5	3.378e3
800.2	2.950e2
800.8	3.385e3
801.7	2.700e3
802.3	6.410e2
803.1	3.530e3
804.1	2.795e3
805.1	3.839e3
806.0	4.389e3
807.0	2.746e3
807.6	1.870e2
808.2	2.103e3
808.7	1.000e1
809.2	3.205e3
810.1	1.968e3
810.7	4.530e2
811.3	1.990e3
812.2	3.196e3
813.0	2.238e3
813.8	6.950e2
814.5	2.550e3
815.3	1.090e3
816.1	2.636e3
817.0	1.887e3
817.6	1.900e2
818.1	2.329e3
819.1	3.208e3
820.1	3.001e3
821.0	2.201e3
821.5	3.600e1
822.0	2.290e3
823.0	2.443e3
823.9	2.828e3
824.4	1.800e1
825.0	2.589e3
825.6	3.180e2
826.2	3.105e3
826.8	5.380e2
827.5	2.192e3
828.2	5.710e2
828.8	2.653e3
829.4	6.700e1
829.9	2.373e3
830.6	7.960e2
831.2	3.408e3
832.1	5.073e3
833.0	3.174e3
833.8	1.017e3
834.4	2.505e3
835.4	3.099e3
836.3	2.064e3
837.2	2.200e3
838.0	1.192e3
838.8	3.012e3
839.5	5.890e2
840.1	2.158e3
840.7	1.190e2
841.2	2.797e3
841.8	1.980e2
842.5	1.382e3
843.4	2.424e3
844.0	4.070e2
844.6	2.747e3
845.4	1.852e3
846.1	9.650e2
846.8	2.536e3
847.7	2.451e3
848.3	2.160e2
848.9	2.873e3
849.7	1.082e3
850.4	1.786e3
851.2	3.079e3
852.1	2.459e3
853.1	2.204e3
854.0	1.905e3
854.9	2.857e3
855.8	1.547e3
856.7	2.396e3
857.3	2.580e2
857.9	2.541e3
858.4	4.600e1
859.0	2.045e3
860.0	1.995e3
860.6	4.460e2
861.1	1.067e4
862.0	2.177e3
862.8	3.480e3
863.4	7.750e2
864.1	3.099e3
865.0	9.920e2
865.7	2.693e3
866.6	2.269e3
867.5	2.069e3
868.3	2.558e3
869.2	1.460e3
870.0	3.210e3
870.5	1.140e2
871.0	1.657e3
871.9	2.173e3
872.9	2.844e3
873.9	2.577e3
874.8	2.426e3
875.3	9.700e1
875.8	3.541e3
876.4	1.380e2
876.9	3.419e3
877.5	5.120e2
878.1	2.525e3
879.1	3.330e3
879.8	1.278e3
880.6	2.593e3
881.4	2.566e3
882.2	1.133e3
883.0	3.187e3
883.9	1.268e3
884.7	2.573e3
885.6	1.816e3
886.3	8.570e2
887.0	3.202e3
887.9	3.159e3
888.5	4.230e2
889.1	3.384e3
890.1	2.509e3
890.9	2.952e3
891.5	2.100e2
892.0	3.213e3
892.8	1.071e3
893.4	3.637e3
894.1	5.190e2
894.7	2.548e3
895.6	3.801e3
896.3	7.850e2
897.1	2.996e3
897.7	6.900e1
898.2	3.832e3
898.7	5.500e1
899.2	2.884e3
899.7	9.400e1
900.2	4.885e3
900.8	2.940e2
901.3	2.165e3
901.9	2.950e2
902.6	4.229e3
903.1	4.050e2
903.7	2.889e3
904.5	1.214e3
905.3	3.148e3
906.1	1.322e3
906.9	2.152e3
907.9	1.406e3
908.8	2.711e3
909.3	1.370e2
909.9	2.759e3
910.7	3.200e3
911.3	3.370e2
911.9	2.830e3
912.5	1.850e2
913.1	2.375e3
914.0	1.920e3
914.5	1.430e2
915.1	2.541e3
915.9	1.521e3
916.6	8.560e2
917.3	3.768e3
918.2	1.430e3
919.1	3.338e3
920.1	3.020e3
920.6	8.800e1
921.1	2.772e3
922.0	7.650e2
922.7	2.817e3
923.7	2.658e3
924.6	2.059e3
925.2	4.750e2
925.8	2.913e3
926.3	2.170e2
926.9	2.147e3
927.6	9.700e2
928.2	2.016e3
929.2	1.110e4
930.1	4.187e3
931.0	2.877e3
932.0	2.934e3
932.9	1.407e3
933.7	3.341e3
934.3	5.220e2
935.0	2.317e3
935.7	6.200e2
936.3	3.373e3
937.1	1.459e3
937.9	2.296e3
939.0	3.023e3
940.0	1.832e3
940.9	3.234e3
941.5	4.180e2
942.2	1.708e3
943.1	3.618e3
944.0	2.271e3
945.0	1.937e3
945.8	4.036e3
946.8	3.306e3
947.8	1.891e3
948.8	3.043e3
949.5	4.910e2
950.2	1.524e3
951.0	2.765e3
951.6	1.460e2
952.1	2.191e3
953.0	1.699e3
953.9	1.826e3
954.6	1.860e2
955.1	4.383e3
956.0	2.253e3
956.6	2.380e2
957.2	3.084e3
958.1	3.429e3
958.7	8.800e1
959.2	2.287e3
959.9	6.740e2
960.6	2.401e3
961.2	2.570e2
961.7	3.952e3
962.4	6.710e2
963.0	3.177e3
964.0	2.084e3
964.5	3.900e1
965.0	2.943e3
965.9	2.474e3
966.9	2.582e3
967.7	1.127e3
968.4	4.589e3
969.2	2.388e3
970.1	2.429e3
971.2	3.312e3
972.0	1.408e3
972.9	2.166e3
973.4	2.800e1
973.9	3.213e3
974.7	2.135e3
975.6	1.963e3
976.5	1.970e3
977.3	2.828e3
977.8	7.300e1
978.3	2.429e3
979.3	2.745e3
980.1	1.913e3
981.0	3.600e3
981.8	1.405e3
982.5	3.251e3
983.5	3.070e3
984.0	1.500e2
984.6	1.900e3
985.4	2.552e3
986.4	1.594e3
987.2	3.563e3
988.2	3.138e3
988.8	3.260e2
989.4	2.496e3
990.4	2.570e3
991.4	3.966e3
992.5	2.123e3
993.2	7.330e2
993.9	2.776e3
994.7	1.208e3
995.5	2.926e3
996.4	1.018e3
997.2	7.560e3
998.1	3.192e3
999.0	2.706e3
999.9	3.060e3
1000.6	1.110e3
1001.3	3.060e3
1001.8	1.700e1
1002.3	3.498e3
1002.9	1.950e2
1003.4	2.662e3
1004.3	1.754e3
1005.1	3.155e3
1005.6	2.510e2
1006.2	2.159e3
1007.1	3.772e3
1008.0	2.263e3
1008.9	2.488e3
1009.9	3.107e3
1010.5	1.410e2
1011.0	3.075e3
1012.0	2.193e3
1013.1	2.593e3
1014.1	2.127e3
1014.9	1.640e3
1015.8	3.590e3
1016.4	4.020e2
1017.0	2.354e3
1018.0	3.786e3
1018.9	2.074e3
1019.7	1.357e3
1020.5	2.226e3
1021.2	6.450e2
1021.7	3.499e3
1022.4	1.250e3
1023.2	3.634e3
1023.9	5.120e2
1024.5	3.802e3
1025.3	1.399e3
1026.1	3.884e3
1026.9	1.312e3
1027.7	3.324e3
1028.5	6.560e2
1029.3	3.161e3
1030.2	1.922e3
1030.7	2.740e2
1031.3	3.915e3
1032.2	3.550e3
1033.1	2.445e3
1034.1	3.203e3
1034.6	4.900e1
1035.2	2.680e3
1036.2	4.771e3
1037.1	2.926e3
1038.0	2.160e3
1038.6	9.300e1
1039.1	2.947e3
1039.7	8.030e2
1040.4	2.292e3
1041.3	2.729e3
1041.9	6.070e2
1042.6	2.728e3
1043.4	1.411e3
1044.2	2.207e3
1045.1	2.724e3
1045.8	4.380e2
1046.4	2.522e3
1047.1	1.106e3
1047.8	3.600e3
1048.7	2.620e3
1049.7	2.525e3
1050.7	3.588e3
1051.3	3.840e2
1051.8	3.565e3
1052.8	1.870e3
1053.8	2.955e3
1054.4	5.890e2
1055.1	3.687e3
1055.7	6.930e2
1056.4	1.786e3
1057.0	8.780e2
1057.8	2.506e3
1058.5	4.600e2
1059.1	2.158e3
1060.0	3.664e3
1060.9	2.586e3
1061.8	2.861e3
1062.4	6.590e2
1063.1	2.644e3
1063.7	8.900e1
1064.2	2.248e3
1065.1	7.317e3
1065.7	1.030e2
1066.2	3.010e3
1067.0	1.591e3
1067.8	2.419e3
1068.8	1.836e3
1069.6	1.827e3
1070.6	2.589e3
1071.1	2.640e2
1071.7	2.300e3
1072.7	1.786e3
1073.5	2.983e3
1074.2	1.240e2
1074.7	2.834e3
1075.4	6.510e2
1076.1	1.911e3
1076.8	8.470e2
1077.8	2.336e3
1078.7	1.896e3
1079.7	2.850e3
1080.5	1.099e3
1081.2	2.730e3
1082.1	2.257e3
1083.1	2.733e3
1083.7	2.900e1
1084.2	3.052e3
1084.7	9.100e1
1085.2	2.288e3
1086.1	1.010e3
1086.9	3.513e3
1087.9	2.357e3
1088.5	6.270e2
1089.2	2.727e3
1090.2	2.216e3
1090.8	1.450e2
1091.4	2.991e3
1092.4	4.037e3
1093.2	1.189e3
1093.9	2.989e3
1094.7	1.664e3
1095.5	2.086e3
1096.4	1.487e3
1097.4	2.898e3
1098.2	1.399e3
1098.9	3.980e3
1099.9	2.604e3
1100.9	2.064e3
1101.9	2.386e3
1102.9	3.268e3
1103.5	3.150e2
1104.1	3.260e3
1104.7	1.130e2
1105.2	1.861e3
1106.0	1.661e3
1106.9	2.729e3
1107.4	4.400e1
1107.9	3.430e3
1108.5	2.870e2
1109.1	2.201e3
1110.1	1.521e3
1110.9	3.595e3
1111.7	2.507e3
1112.7	2.446e3
1113.3	3.000e0
1113.8	3.015e3
1114.6	1.717e3
1115.4	3.362e3
1116.4	1.334e3
1117.2	2.679e3
1117.7	4.600e1
1118.3	2.402e3
1118.8	3.880e2
1119.4	3.513e3
1120.1	6.240e2
1120.9	2.750e3
1121.9	1.434e3
1122.8	3.617e3
1123.4	6.950e2
1124.1	2.057e3
1124.7	3.370e2
1125.2	2.393e3
1126.2	3.132e3
1127.2	2.519e3
1128.2	2.149e3
1128.7	1.700e2
1129.3	1.836e3
1130.3	2.376e3
1131.1	1.199e3
1131.9	2.292e3
1132.5	5.100e2
1133.1	4.147e3
1134.1	3.996e3
1135.0	2.280e3
1135.8	1.128e3
1136.7	2.111e3
1137.4	8.480e2
1138.0	2.869e3
1138.8	1.632e3
1139.4	1.470e2
1139.9	2.991e3
1140.6	7.010e2
1141.3	2.669e3
1142.2	2.905e3
1143.0	1.086e3
1143.7	2.599e3
1144.3	1.320e2
1144.9	2.666e3
1145.6	8.000e2
1146.2	2.085e3
1147.1	1.221e3
1147.9	2.595e3
1148.9	1.456e3
1149.8	3.084e3
1150.7	1.508e3
1151.5	3.049e3
1152.5	2.096e3
1153.4	2.025e3
1154.4	3.278e3
1155.2	1.509e3
1156.1	2.572e3
1157.0	1.214e3
1157.9	3.821e3
1158.6	3.820e2
1159.2	2.518e3
1159.9	7.700e2
1160.6	2.808e3
1161.3	6.070e2
1161.9	2.233e3
1162.8	3.058e3
1163.6	1.991e3
1164.2	1.960e2
1164.8	2.916e3
1165.6	1.640e3
1166.5	2.801e3
1167.4	3.180e3
1168.3	2.885e3
1169.2	2.092e3
1169.7	3.360e2
1170.3	3.571e3
1171.1	1.760e3
1172.1	3.640e3
1173.0	2.605e3
1173.6	3.500e2
1174.2	2.441e3
1174.8	3.890e2
1175.3	3.402e3
1176.2	2.075e3
1177.2	1.857e3
1178.1	2.814e3
1179.1	1.414e3
1180.0	2.796e3
1181.1	2.087e3
1182.0	1.831e3
1182.5	8.200e1
1183.0	2.048e3
1183.6	8.400e1
1184.1	2.760e3
1185.1	2.493e3
1185.7	2.600e1
1186.2	2.498e3
1187.0	2.140e3
1187.9	3.080e3
1188.5	1.960e2
1189.0	2.285e3
1190.0	1.966e3
1190.6	5.960e2
1191.3	2.470e3
1191.8	3.300e1
1192.3	2.116e3
1192.9	1.430e2
1193.5	2.283e3
1194.0	1.840e2
1194.6	2.068e3
1195.1	1.600e1
1195.6	2.852e3
1196.3	1.044e3
1197.1	2.568e3
1197.8	4.440e2
1198.4	2.600e3
1199.3	1.744e3
1200.2	2.063e3
1200.7	2.000e1
1201.2	4.802e3
1202.1	3.167e3
1203.2	1.853e3
1203.9	8.460e2
1204.6	2.383e3
1205.3	1.370e3
1206.1	2.653e3
1206.8	6.040e2
1207.5	2.259e3
1208.2	5.020e2
1208.8	2.603e3
1209.7	2.603e3
1210.3	2.650e2
1210.9	2.157e3
1211.4	5.500e1
1212.0	1.927e3
1212.7	3.070e2
1213.2	3.280e3
1214.0	1.311e3
1214.9	2.782e3
1215.8	2.209e3
1216.4	1.500e1
1216.9	2.692e3
1217.5	2.630e2
1218.1	2.511e3
1219.0	2.078e3
1220.0	2.278e3
1220.6	9.500e1
1221.2	3.021e3
1221.7	1.240e2
1222.2	1.889e3
1222.8	5.100e1
1223.3	1.299e3
1224.1	2.269e3
1225.1	3.004e3
1225.7	3.030e2
1226.4	2.411e3
1227.1	1.180e3
1227.9	3.134e3
1228.9	2.240e3
1229.5	5.400e1
1230.1	1.989e3
1231.0	3.137e3
1232.0	2.026e3
1232.7	2.770e2
1233.3	2.398e3
1234.2	1.771e3
1235.1	3.193e3
1235.7	6.160e2
1236.4	3.567e3
1237.3	2.026e3
1238.2	8.830e2
1239.0	2.996e3
1239.7	4.060e2
1240.3	3.287e3
1241.1	1.582e3
1241.9	3.214e3
1242.5	8.100e1
1243.0	1.713e3
1244.0	2.479e3
1245.0	1.938e3
1246.0	8.520e2
1246.8	2.131e3
1247.3	2.480e2
1247.9	2.604e3
1248.6	2.388e3
1249.4	7.610e2
1250.1	2.893e3
1250.7	9.000e1
1251.2	2.175e3
1252.1	2.980e3
1252.7	2.730e2
1253.3	2.321e3
1254.2	1.175e3
1255.1	3.262e3
1256.0	1.566e3
1256.9	2.344e3
1257.7	6.720e2
1258.5	2.529e3
1259.1	4.100e1
1259.6	2.248e3
1260.4	1.120e3
1261.4	2.113e3
1262.0	4.630e2
1262.6	2.584e3
1263.5	1.544e3
1264.3	2.324e3
1265.1	1.726e3
1265.7	1.510e2
1266.2	2.477e3
1267.2	2.569e3
1267.7	2.540e2
1268.3	2.689e3
1269.3	3.128e3
1270.3	3.429e3
1271.1	1.817e3
1272.0	2.900e3
1273.0	2.621e3
1273.6	6.860e2
1274.4	2.482e3
1275.3	2.876e3
1276.3	3.539e3
1276.9	5.770e2
1277.5	2.973e3
1278.1	2.000e2
1278.7	2.080e3
1279.6	1.608e3
1280.4	3.026e3
1281.4	2.329e3
1282.3	1.892e3
1283.2	1.884e3
1283.9	8.610e2
1284.5	2.366e3
1285.3	2.197e3
1286.3	3.148e3
1287.2	1.695e3
1288.2	2.741e3
1289.0	1.952e3
1289.5	7.300e1
1290.0	3.216e3
1290.9	1.427e3
1291.7	2.155e3
1292.5	1.849e3
1293.0	8.200e1
1293.6	2.216e3
1294.2	5.880e2
1295.0	1.235e3
1296.0	2.337e3
1296.9	1.456e3
1297.8	2.270e3
1298.4	4.550e2
1299.0	2.682e3
1300.0	2.344e3
1300.8	1.247e3
1301.6	3.306e3
1302.2	8.380e2
1302.9	2.226e3
1303.9	3.100e3
1304.8	2.354e3
1305.5	6.950e2
1306.3	1.921e3
1307.0	5.640e2
1307.6	2.084e3
1308.4	2.838e3
1309.3	1.948e3
1309.9	4.150e2
1310.5	1.931e3
1311.5	2.051e3
1312.3	1.675e3
1313.0	5.520e2
1313.8	2.172e3
1314.6	1.560e3
1315.4	2.411e3
1316.5	2.476e3
1317.4	2.117e3
1318.1	1.074e3
1318.8	3.112e3
1319.4	8.220e2
1320.1	2.821e3
1320.6	1.820e2
1321.2	2.589e3
1322.1	1.888e3
1322.6	4.300e1
1323.1	2.698e3
1323.8	7.990e2
1324.4	2.593e3
1325.3	2.367e3
1325.8	1.630e2
1326.4	2.415e3
1327.3	2.528e3
1328.2	1.408e3
1328.7	1.080e2
1329.2	2.853e3
1329.9	2.910e2
1330.5	3.883e3
1331.3	1.714e3
1332.2	2.133e3
1333.2	2.588e3
1334.0	1.193e3
1334.9	2.238e3
1335.7	1.101e3
1336.5	1.300e3
1337.4	3.361e3
1337.9	1.630e2
1338.4	2.996e3
1339.4	2.010e3
1340.2	7.670e2
1340.9	2.415e3
1341.6	9.540e2
1342.4	2.441e3
1343.1	1.138e3
1343.8	2.889e3
1344.5	4.420e2
1345.1	2.689e3
1345.8	6.890e2
1346.4	2.300e3
1347.4	2.583e3
1348.1	1.360e2
1348.7	2.489e3
1349.7	2.620e3
1350.5	1.214e3
1351.2	1.955e3
1351.8	9.700e1
1352.3	1.662e3
1353.3	1.618e3
1354.3	2.485e3
1355.2	1.439e3
1355.7	2.040e2
1356.3	1.812e3
1357.1	1.348e3
1357.9	3.125e3
1358.8	1.692e3
1359.8	2.834e3
1360.7	1.502e3
1361.2	5.000e0
1361.7	1.617e3
1362.6	2.085e3
1363.7	2.158e3
1364.4	9.520e2
1365.0	2.492e3
1365.6	1.700e2
1366.1	1.940e3
1366.7	1.290e2
1367.2	2.413e3
1367.9	7.010e2
1368.6	1.947e3
1369.6	2.503e3
1370.4	1.246e3
1371.1	2.700e3
1372.1	2.694e3
1373.1	1.457e3
1374.0	2.426e3
1374.5	9.600e1
1375.1	2.420e3
1376.1	2.799e3
1376.8	7.360e2
1377.5	2.567e3
1378.4	7.350e2
1379.1	2.126e3
1379.7	4.210e2
1380.3	2.470e3
1381.3	3.016e3
1381.9	3.680e2
1382.6	1.640e3
1383.4	2.711e3
1384.1	6.080e2
1384.9	2.347e3
1385.5	1.360e2
1386.1	3.149e3
1386.6	1.660e2
1387.2	2.241e3
1387.9	3.020e2
1388.5	2.760e3
1389.2	5.880e2
1390.0	2.558e3
1390.6	6.400e1
1391.1	2.925e3
1392.0	1.442e3
1392.6	3.560e2
1393.2	2.087e3
1394.2	2.023e3
1394.9	2.500e2
1395.5	3.481e3
1396.4	1.244e3
1397.3	2.187e3
1398.1	8.750e2
1398.9	2.482e3
1399.4	9.100e1
1399.9	3.152e3
1400.6	4.380e2
1401.3	2.268e3
1402.1	1.939e3
1403.0	3.743e3
1403.6	1.790e2
1404.1	2.079e3
1404.7	1.900e2
1405.3	3.665e3
1405.9	3.120e2
1406.5	2.309e3
1407.2	1.870e2
1407.7	2.800e3
1408.3	5.080e2
1409.0	2.055e3
1409.5	9.100e1
1410.0	1.968e3
1410.9	1.023e3
1411.8	1.658e3
1412.7	2.839e3
1413.4	1.020e3
1414.2	3.157e3
1414.9	1.185e3
1415.6	2.420e3
1416.5	1.813e3
1417.4	1.443e3
1418.2	2.360e3
1418.7	5.200e1
1419.2	1.885e3
1420.2	2.709e3
1421.1	1.354e3
1421.9	1.807e3
1422.8	2.763e3
1423.4	1.740e2
1424.0	1.816e3
1425.0	2.207e3
1425.9	2.290e3
1426.9	2.070e3
1427.5	3.840e2
1428.2	1.896e3
1429.2	1.484e3
1430.2	1.845e3
1431.0	1.263e3
1431.8	2.076e3
1432.5	9.530e2
1433.3	1.860e3
1434.3	2.830e3
1435.1	3.200e2
1435.7	1.983e3
1436.3	1.570e2
1436.8	2.115e3
1437.5	6.520e2
1438.3	2.584e3
1439.3	1.972e3
1440.3	2.410e3
1440.9	6.700e1
1441.4	3.182e3
1442.0	3.600e2
1442.7	1.522e3
1443.4	5.200e2
1444.1	2.341e3
1444.6	7.300e1
1445.1	3.175e3
1445.7	2.410e2
1446.2	1.493e3
1446.9	3.800e2
1447.6	2.867e3
1448.5	1.868e3
1449.4	1.892e3
1450.1	4.660e2
1450.8	2.408e3
1451.7	3.300e3
1452.7	1.218e3
1453.4	7.900e2
1454.1	2.104e3
1454.7	1.800e2
1455.4	2.404e3
1455.9	4.700e1
1456.4	2.467e3
1457.2	3.890e2
1457.8	2.312e3
1458.7	1.124e3
1459.6	2.400e3
1460.3	8.400e2
1460.9	1.761e3
1461.6	4.650e2
1462.2	1.528e3
1463.2	2.019e3
1463.8	7.010e2
1464.6	1.909e3
1465.4	1.505e3
1466.1	4.960e2
1466.7	2.889e3
1467.4	5.510e2
1468.1	2.269e3
1468.7	1.490e2
1469.3	2.250e3
1469.9	3.680e2
1470.5	1.434e3
1471.5	2.256e3
1472.4	1.477e3
1473.4	2.759e3
1473.9	3.870e2
1474.5	2.425e3
1475.5	2.443e3
1476.3	1.398e3
1477.1	2.401e3
1477.9	1.071e3
1478.8	2.505e3
1479.4	4.940e2
1480.1	1.955e3
1480.8	9.000e2
1481.5	2.498e3
1482.2	6.340e2
1483.0	2.428e3
1483.5	6.000e1
1484.0	2.414e3
1484.9	1.357e3
1485.8	1.490e3
1486.7	8.730e2
1487.5	2.670e3
1488.0	1.020e2
1488.5	1.366e3
1489.5	1.918e3
1490.5	1.579e3
1491.3	1.164e3
1492.1	2.417e3
1492.8	1.178e3
1493.5	1.741e3
1494.2	2.280e2
1494.7	2.473e3
1495.4	5.810e2
1496.1	2.961e3
1496.9	1.810e3
1497.7	2.483e3
1498.6	1.699e3
1499.3	4.910e2
1500.0	1.257e3
1500.8	1.783e3
1501.8	2.545e3
1502.4	6.100e1
1503.0	2.330e3
1503.6	3.500e1
1504.1	2.003e3
1504.8	8.450e2
1505.7	1.871e3
1506.3	5.010e2
1507.0	1.493e3
1508.0	3.789e3
1508.8	1.893e3
1509.8	1.946e3
1510.8	1.653e3
1511.7	1.155e3
1512.6	2.689e3
1513.5	1.133e3
1514.4	2.169e3
1515.0	1.950e2
1515.6	2.080e3
1516.7	2.418e3
1517.4	9.060e2
1518.2	1.309e3
1518.7	4.100e1
1519.3	1.094e3
1520.3	2.079e3
1520.8	1.000e1
1521.4	1.833e3
1522.3	3.192e3
1522.9	3.500e1
1523.5	1.723e3
1524.0	8.800e1
1524.6	1.572e3
1525.4	6.140e2
1526.2	1.418e3
1527.2	9.960e2
1528.1	2.682e3
1528.7	1.920e2
1529.4	2.045e3
1530.0	4.770e2
1530.6	1.890e3
1531.4	2.787e3
1532.4	1.793e3
1533.1	4.940e2
1533.8	2.562e3
1534.4	8.570e2
1535.1	1.714e3
1536.0	2.331e3
1537.0	1.515e3
1537.9	2.478e3
1538.5	3.850e2
1539.2	2.049e3
1539.9	2.540e2
1540.4	1.861e3
1541.3	2.169e3
1542.2	2.664e3
1542.7	2.800e1
1543.2	2.688e3
1544.2	1.440e3
1544.9	9.510e2
1545.7	1.472e3
1546.6	1.151e3
1547.5	1.831e3
1548.5	1.665e3
1549.2	7.600e2
1550.0	1.774e3
1550.8	8.030e2
1551.7	2.679e3
1552.5	4.200e2
1553.2	2.082e3
1553.8	9.000e1
1554.3	2.133e3
1555.3	1.307e3
1556.1	2.097e3
1557.1	1.887e3
1557.9	7.690e2
1558.7	2.116e3
1559.3	1.440e2
1560.0	1.418e3
1560.9	2.662e3
1561.7	1.185e3
1562.3	2.070e2
1562.8	2.430e3
1563.8	1.641e3
1564.4	3.610e2
1565.1	2.519e3
1566.2	2.444e3
1567.2	1.384e3
1568.1	2.038e3
1569.1	2.297e3
1569.6	3.700e1
1570.1	2.344e3
1570.9	9.800e2
1571.8	1.916e3
1572.5	7.600e2
1573.2	2.588e3
1574.0	9.240e2
1574.7	2.734e3
1575.5	2.604e3
1576.2	6.250e2
1577.2	1.313e3
1578.0	2.063e3
1579.0	1.893e3
1579.9	2.285e3
1580.7	1.210e3
1581.4	1.717e3
1582.3	2.278e3
1583.3	1.850e3
1583.9	1.910e2
1584.4	1.617e3
1585.5	2.189e3
1586.4	1.335e3
1587.0	1.950e2
1587.6	2.109e3
1588.4	1.185e3
1589.3	2.339e3
1589.9	2.090e2
1590.5	2.327e3
1591.5	2.198e3
1592.4	8.430e2
1593.2	1.533e3
1594.0	2.916e3
1594.8	1.297e3
1595.4	1.170e2
1596.0	2.552e3
1596.6	3.400e2
1597.3	2.738e3
1597.9	7.400e1
1598.4	2.037e3
1599.0	2.400e1
1599.5	2.031e3
1600.5	2.253e3
1601.2	4.730e2
1601.8	1.921e3
1602.8	2.303e3
1603.7	1.996e3
1604.7	1.208e3
1605.6	1.195e3
1606.4	1.994e3
1607.1	3.030e2
1607.7	1.542e3
1608.5	5.680e2
1609.4	2.478e3
1610.3	1.764e3
1611.1	9.400e2
1611.9	1.855e3
1612.8	1.365e3
1613.4	7.340e2
1614.1	2.735e3
1615.1	1.608e3
1615.7	3.660e2
1616.3	1.492e3
1617.2	1.470e3
1618.1	2.749e3
1618.8	7.360e2
1619.5	1.534e3
1620.4	2.873e3
1621.1	2.800e2
1621.8	1.755e3
1622.7	2.256e3
1623.7	1.404e3
1624.5	9.050e2
1625.3	2.464e3
1626.0	2.130e2
1626.6	1.215e3
1627.5	1.915e3
1628.0	4.000e0
1628.6	1.186e3
1629.5	2.190e3
1630.1	1.030e2
1630.7	1.484e3
1631.7	1.377e3
1632.7	2.401e3
1633.6	1.139e3
1634.7	1.350e3
1635.6	1.737e3
1636.4	2.367e3
1637.4	1.067e3
1638.4	2.367e3
1639.4	1.681e3
1640.3	1.119e3
1641.1	2.388e3
1642.0	9.700e2
1642.6	9.200e1
1643.1	1.610e3
1644.1	2.399e3
1644.9	9.640e2
1645.7	8.110e2
1646.5	1.689e3
1647.0	3.000e0
1647.6	2.720e3
1648.2	5.910e2
1649.2	1.053e3
1649.9	7.250e2
1650.6	2.226e3
1651.1	1.520e2
1651.7	2.016e3
1652.4	9.640e2
1653.3	1.376e3
1654.3	1.399e3
1655.0	8.530e2
1655.6	1.570e3
1656.2	3.700e1
1656.7	2.092e3
1657.9	2.856e3
1658.9	7.330e2
1659.8	2.113e3
1660.7	7.340e2
1661.6	1.283e3
1662.6	1.824e3
1663.5	1.062e3
1664.1	1.330e2
1664.7	1.910e3
1665.3	4.540e2
1666.0	1.575e3
1666.8	1.847e3
1667.6	3.010e2
1668.2	1.366e3
1668.9	4.010e2
1669.7	1.414e3
1670.6	1.077e3
1671.3	9.400e1
1671.8	1.486e3
1672.5	1.810e2
1673.0	1.599e3
1674.0	9.250e2
1674.6	5.500e1
1675.2	2.000e3
1675.7	1.090e2
1676.3	1.395e3
1676.9	6.000e1
1677.5	2.665e3
1678.0	8.500e1
1678.6	1.911e3
1679.3	8.600e2
1680.2	1.765e3
1681.1	1.308e3
1682.0	1.944e3
1682.9	1.920e3
1683.7	3.790e2
1684.3	1.939e3
1685.0	1.660e2
1685.6	2.165e3
1686.4	6.570e2
1687.2	2.142e3
1688.1	6.780e2
1689.0	1.565e3
1689.6	2.950e2
1690.3	2.044e3
1691.4	5.400e2
1692.4	1.212e3
1693.0	1.110e2
1693.6	1.504e3
1694.1	3.000e0
1694.6	1.367e3
1695.4	1.023e3
1696.2	1.424e3
1697.0	1.093e3
1697.7	1.374e3
1698.6	1.311e3
1699.6	1.669e3
1700.6	1.533e3
1701.4	2.290e3
1702.4	8.260e2
1703.3	2.251e3
1704.1	4.330e2
1704.9	1.670e3
1705.8	1.027e3
1706.7	1.187e3
1707.2	1.110e2
1707.8	1.961e3
1708.6	6.290e2
1709.1	7.900e1
1709.7	1.407e3
1710.8	1.892e3
1711.6	1.247e3
1712.2	2.620e2
1712.7	8.720e2
1713.5	2.486e3
1714.2	4.320e2
1714.9	2.773e3
1715.6	6.820e2
1716.6	1.657e3
1717.4	1.134e3
1718.1	1.830e2
1718.7	2.175e3
1719.3	3.000e0
1719.9	1.210e3
1720.8	1.249e3
1721.5	2.310e2
1722.3	1.875e3
1723.2	6.320e2
1724.0	2.040e3
1724.6	5.590e2
1725.4	2.023e3
1726.0	1.500e2
1726.6	9.880e2
1727.5	1.802e3
1728.5	6.450e2
1729.2	2.143e3
1730.1	1.060e3
1730.9	1.898e3
1731.6	3.070e2
1732.2	1.434e3
1732.8	3.450e2
1733.3	1.186e3
1734.1	1.167e3
1734.7	2.860e2
1735.3	6.630e2
1736.0	2.288e3
1736.6	8.700e1
1737.1	1.402e3
1738.1	1.635e3
1739.1	9.700e2
1739.7	3.800e1
1740.3	2.480e3
1741.2	1.720e3
1741.9	4.590e2
1742.9	1.596e3
1743.9	2.167e3
1744.5	1.360e2
1745.1	7.930e2
1745.8	1.397e3
1746.9	1.971e3
1747.9	1.686e3
1748.9	1.050e3
1749.9	2.122e3
1750.9	1.790e3
1751.7	1.535e3
1752.6	1.674e3
1753.5	9.190e2
1754.5	1.141e3
1755.5	2.001e3
1756.1	3.090e2
1756.8	2.083e3
1757.5	7.800e2
1758.2	1.247e3
1758.8	3.700e1
1759.3	8.160e2
1759.9	3.100e1
1760.4	1.601e3
1761.0	3.100e1
1761.5	1.242e3
1762.1	1.080e2
1762.7	3.970e2
1763.4	2.290e3
1764.3	1.234e3
1764.9	1.290e2
1765.5	9.360e2
1766.1	2.800e1
1766.8	1.760e3
1767.7	8.600e2
1768.7	2.072e3
1769.6	1.055e3
1770.5	3.790e2
1771.2	7.660e2
1772.0	1.696e3
1772.9	8.270e2
1773.8	1.633e3
1774.4	1.030e2
1774.9	8.370e2
1775.7	1.402e3
1776.5	8.310e2
1777.3	5.520e2
1777.9	7.960e2
1778.6	1.858e3
1779.2	4.030e2
1779.8	1.141e3
1780.8	1.824e3
1781.6	1.343e3
1782.4	3.870e2
1783.0	1.237e3
1783.6	1.680e2
1784.2	1.991e3
1784.8	5.500e1
1785.3	2.373e3
1786.1	3.010e2
1786.8	1.231e3
1787.6	6.820e2
1788.3	1.451e3
1788.8	9.400e1
1789.5	1.102e3
1790.4	2.211e3
1791.4	1.465e3
1792.0	1.330e2
1792.6	1.546e3
1793.6	1.689e3
1794.6	1.478e3
1795.6	1.391e3
1796.4	1.400e3
1797.0	2.050e2
1797.6	1.690e3
1798.2	1.870e2
1798.9	8.840e2
1799.9	1.600e3
1800.6	5.970e2
1801.4	1.517e3
1802.3	9.450e2
1803.2	1.040e3
1804.3	1.410e3
1804.8	9.800e1
1805.4	2.078e3
1806.4	1.296e3
1807.1	2.340e2
1807.9	1.066e3
1808.4	1.700e1
1808.9	1.627e3
1809.9	1.771e3
1810.5	8.100e1
1811.0	1.477e3
1811.8	5.170e2
1812.5	2.106e3
1813.4	1.068e3
1814.3	1.580e3
1815.0	5.210e2
1815.7	1.650e3
1816.2	5.000e0
1816.9	1.554e3
1817.8	1.327e3
1818.6	9.340e2
1819.5	1.121e3
1820.3	4.190e2
1821.0	1.539e3
1821.6	1.620e2
1822.3	1.971e3
1822.8	4.000e0
1823.3	1.219e3
1824.2	1.050e3
1824.8	1.500e1
1825.4	2.055e3
1826.0	6.900e1
1826.6	1.985e3
1827.5	1.314e3
1828.4	1.119e3
1829.2	6.070e2
1830.0	1.586e3
1830.9	8.580e2
1831.8	9.090e2
1832.8	1.947e3
1833.8	9.590e2
1834.8	8.240e2
1835.6	1.954e3
1836.4	7.440e2
1837.2	1.385e3
1838.1	1.459e3
1838.8	5.840e2
1839.5	6.860e2
1840.2	1.815e3
1841.1	5.050e2
1841.9	1.664e3
1842.8	1.074e3
1843.7	1.479e3
1844.8	1.224e3
1845.7	1.052e3
1846.7	1.041e3
1847.9	1.913e3
1848.7	1.559e3
1849.6	5.730e2
1850.4	1.441e3
1851.4	7.990e2
1852.3	1.334e3
1852.9	2.360e2
1853.6	1.876e3
1854.3	2.940e2
1855.0	1.696e3
1855.9	1.101e3
1856.8	8.060e2
1857.6	1.915e3
1858.6	1.313e3
1859.3	1.830e2
1859.9	1.170e3
1860.9	1.004e3
1861.4	6.000e0
1861.9	1.584e3
1863.0	1.162e3
1863.7	1.980e2
1864.3	1.901e3
1864.9	3.070e2
1865.6	1.555e3
1866.5	6.680e2
1867.4	1.851e3
1868.2	4.920e2
1868.9	1.162e3
1870.0	8.750e2
1870.6	1.470e2
1871.2	1.356e3
1872.3	8.110e2
1873.3	4.690e2
1874.3	1.120e3
1875.5	1.526e3
1876.1	1.830e2
1876.7	6.970e2
1877.7	8.230e2
1878.5	5.530e2
1879.5	1.452e3
1880.3	8.470e2
1881.0	1.686e3
1882.0	1.065e3
1883.0	9.700e2
1883.7	1.106e3
1884.4	4.460e2
1885.1	1.803e3
1885.7	1.300e1
1886.2	1.056e3
1887.0	1.275e3
1888.0	1.372e3
1888.7	3.900e2
1889.4	6.510e2
1890.1	9.800e1
1890.7	1.080e3
1891.5	1.041e3
1892.1	6.000e0
1892.6	1.338e3
1893.4	1.587e3
1894.1	2.550e2
1894.7	8.940e2
1896.0	1.229e3
1896.7	3.790e2
1897.4	1.557e3
1897.9	4.500e1
1898.5	1.105e3
1899.3	8.700e2
1899.9	5.500e1
1900.4	1.481e3
1901.3	7.220e2
1902.1	6.140e2
1903.1	1.125e3
1904.0	6.020e2
1904.8	1.807e3
1905.4	7.200e1
1906.0	6.940e2
1906.7	2.168e3
1907.3	1.450e2
1907.9	1.008e3
1908.6	2.260e2
1909.2	6.260e2
1910.1	1.499e3
1910.7	4.490e2
1911.3	2.400e1
1911.8	5.370e2
1912.6	5.090e2
1913.5	1.447e3
1914.2	2.810e2
1914.8	1.287e3
1915.7	8.560e2
1916.4	8.430e2
1917.4	1.083e3
1918.3	1.330e3
1919.0	1.040e2
1919.5	1.355e3
1920.3	7.160e2
1921.1	1.225e3
1922.2	8.720e2
1923.1	1.251e3
1923.9	2.200e1
1924.4	7.430e2
1925.3	9.890e2
1926.4	1.229e3
1927.0	2.010e2
1927.7	1.569e3
1928.5	2.070e2
1929.1	1.256e3
1929.9	1.171e3
1930.7	1.405e3
1931.7	1.031e3
1932.2	1.260e2
1932.8	1.529e3
1933.6	5.830e2
1934.3	9.590e2
1935.3	1.355e3
1936.3	5.350e2
1937.2	9.700e2
1938.2	1.516e3
1938.8	2.190e2
1939.5	1.337e3
1940.0	3.300e1
1940.6	1.203e3
1941.6	7.960e2
1942.5	1.624e3
1943.0	3.300e1
1943.5	1.073e3
1944.1	3.100e1
1944.6	8.400e2
1945.5	1.112e3
1946.3	5.490e2
1947.2	1.189e3
1947.8	8.700e1
1948.4	1.288e3
1949.4	8.640e2
1950.1	1.513e3
1951.1	1.044e3
1952.2	7.120e2
1953.1	1.456e3
1953.9	3.720e2
1954.8	9.520e2
1955.3	1.030e2
1955.8	8.820e2
1956.6	1.560e2
1957.3	1.102e3
1958.2	5.570e2
1959.0	8.340e2
1960.1	8.640e2
1960.6	1.780e2
1961.2	5.930e2
1962.1	7.280e2
1963.1	1.102e3
1964.0	4.280e2
1964.7	9.340e2
1965.3	2.280e2
1966.0	1.584e3
1966.6	2.320e2
1967.4	1.152e3
1968.4	6.770e2
1969.0	1.040e2
1969.6	7.580e2
1970.6	1.248e3
1971.2	2.270e2
1971.8	1.242e3
1972.6	8.950e2
1973.5	7.720e2
1974.3	1.142e3
1974.9	1.390e2
1975.5	8.320e2
1976.3	7.000e1
1976.8	1.076e3
1977.4	3.700e1
1977.9	9.650e2
1978.7	2.130e2
1979.3	1.732e3
1979.9	2.810e2
1980.5	6.940e2
1981.0	8.000e0
1981.6	9.400e2
1982.5	4.850e2
1983.4	1.025e3
1984.4	9.940e2
1985.1	4.680e2
1985.9	1.084e3
1986.8	5.150e2
1987.5	1.280e2
1988.2	1.435e3
1988.8	4.000e0
1989.4	8.600e2
1990.2	2.390e2
1991.1	7.640e2
1992.0	1.378e3
1992.6	7.000e1
1993.2	9.660e2
1994.1	1.011e3
1995.0	1.109e3
1995.6	3.300e1
1996.2	1.581e3
1996.8	1.800e2
1997.7	3.610e2
1998.4	1.100e3
1999.0	6.100e1
1999.6	1.977e3
