100.4	1.132e5
101.1	7.250e5
102.1	2.088e6
103.0	1.376e5
103.6	5.535e3
104.1	7.094e5
105.1	5.802e5
106.1	1.398e5
106.7	3.788e3
107.2	1.415e5
107.8	2.582e4
108.4	4.977e5
109.2	2.085e5
110.0	1.863e6
110.6	1.636e3
111.1	4.909e6
112.1	1.703e6
113.1	4.381e5
113.6	5.270e3
114.1	4.541e5
115.1	2.482e5
115.6	1.833e3
116.1	2.273e5
117.1	8.587e4
118.1	4.383e5
119.1	1.902e5
119.6	2.861e3
120.1	5.980e5
121.1	1.836e5
121.6	1.570e3
122.2	1.212e6
123.1	3.405e5
123.6	1.664e3
124.1	9.890e4
125.1	8.934e4
126.1	2.233e5
126.6	1.058e3
127.1	1.261e5
128.1	6.441e4
129.1	1.636e5
129.6	1.442e3
130.2	2.507e5
131.2	5.434e5
132.1	9.872e5
133.1	5.345e5
134.1	1.378e5
134.6	7.840e2
135.1	7.110e4
136.1	3.193e5
137.1	1.053e5
137.6	1.630e3
138.2	1.151e6
139.2	5.107e5
140.2	2.159e5
141.1	1.485e5
142.1	2.411e5
142.6	2.211e3
143.1	7.281e4
144.1	1.321e5
145.1	4.688e5
146.1	8.831e4
147.1	3.207e5
147.6	4.420e2
148.2	1.510e5
149.1	2.075e5
149.7	7.960e2
150.2	2.058e5
151.2	8.602e4
151.7	1.187e3
152.2	7.346e4
153.2	5.185e4
154.1	7.412e4
154.6	9.090e2
155.2	2.090e5
156.2	9.489e4
157.1	1.740e5
157.6	2.350e2
158.1	3.932e5
159.1	1.010e6
159.6	1.257e3
160.1	1.719e5
161.1	6.491e4
161.6	3.130e2
162.2	6.620e4
163.1	1.536e5
164.1	1.151e5
164.6	8.260e2
165.2	8.948e4
165.7	3.340e2
166.2	2.040e5
166.8	2.328e4
167.4	3.901e5
168.3	8.968e4
169.2	6.962e4
170.1	9.111e4
170.7	5.160e2
171.2	6.125e5
172.1	2.746e5
173.2	1.108e5
173.7	1.189e3
174.2	1.283e5
174.8	1.048e4
175.4	2.128e5
176.0	2.873e4
176.7	3.999e5
177.5	1.089e5
178.3	7.197e4
179.2	1.359e5
180.2	6.988e4
181.2	9.841e4
182.2	8.989e4
183.1	3.571e5
183.7	6.347e3
184.3	1.091e5
185.2	7.120e5
186.0	1.749e5
186.5	4.885e3
187.1	5.401e5
187.7	1.897e3
188.2	4.019e5
189.1	1.539e5
190.2	8.641e4
191.1	8.457e4
191.7	8.030e2
192.2	8.080e4
193.2	1.362e5
193.7	2.485e3
194.3	2.621e5
195.2	1.596e5
195.7	6.800e2
196.3	2.226e6
197.2	6.490e5
198.3	9.408e5
199.3	1.810e5
200.1	2.974e5
200.6	4.620e2
201.2	1.012e5
202.2	9.445e4
203.2	3.058e5
203.7	1.742e3
204.2	2.458e5
205.2	2.041e5
205.7	8.840e2
206.2	9.750e4
207.2	1.025e5
208.2	7.546e4
209.2	1.278e5
209.7	1.294e3
210.2	9.978e4
211.2	7.278e4
212.2	1.108e5
213.1	4.923e4
213.7	1.740e2
214.2	7.578e6
215.2	1.098e6
216.2	5.517e5
217.2	2.127e5
217.7	5.770e2
218.3	6.534e5
219.2	3.799e5
220.2	1.558e5
221.2	1.418e5
221.7	2.536e3
222.2	6.464e4
223.2	5.579e4
224.1	1.204e5
224.7	4.100e2
225.2	9.456e4
226.2	1.004e5
227.1	3.012e5
227.6	2.694e3
228.2	1.377e5
228.7	4.270e2
229.2	1.236e5
230.2	6.255e4
231.1	1.517e5
232.1	7.683e4
233.2	8.705e4
233.7	1.156e3
234.2	8.645e4
235.2	1.115e5
236.2	8.686e5
236.7	2.230e2
237.2	2.172e5
238.2	9.322e4
238.7	9.200e2
239.2	8.385e4
240.2	5.072e4
240.7	1.537e3
241.3	7.313e4
242.2	5.607e4
243.2	1.108e5
243.7	1.739e3
244.2	6.717e4
244.7	4.830e2
245.2	9.231e4
246.2	4.740e4
246.7	8.670e2
247.2	6.633e4
248.2	4.834e4
249.2	6.270e4
250.2	8.552e4
251.2	5.688e4
252.2	1.145e5
253.2	6.757e4
254.2	8.939e4
254.7	1.012e3
255.2	7.713e4
255.7	1.388e3
256.3	5.412e4
257.2	5.855e4
258.3	3.793e4
259.3	1.991e5
260.3	5.873e4
260.8	8.290e2
261.3	1.005e5
261.8	2.186e3
262.3	5.793e4
263.3	7.439e4
264.3	5.301e4
265.2	4.192e4
266.2	7.664e4
266.7	2.573e3
267.3	6.633e4
268.2	4.471e4
268.8	3.250e2
269.3	4.357e4
270.3	3.545e4
271.2	5.937e4
272.2	4.765e4
272.7	3.380e2
273.2	6.007e4
274.2	7.403e4
275.2	7.764e4
276.2	5.490e4
276.7	2.613e3
277.2	1.149e5
278.2	5.160e4
278.8	1.498e3
279.3	1.612e5
280.3	6.646e4
280.8	4.680e2
281.3	1.216e5
282.3	7.398e4
283.3	8.105e4
283.8	3.209e3
284.3	7.493e4
285.3	5.599e4
286.3	3.718e4
287.2	4.736e4
287.8	1.611e3
288.3	5.085e4
289.2	7.650e4
289.8	6.710e2
290.3	5.331e4
291.2	7.378e4
292.1	7.421e4
292.7	2.402e3
293.2	5.367e4
294.2	4.179e4
294.7	6.970e2
295.2	7.769e4
295.8	1.184e3
296.3	5.724e4
296.8	6.460e2
297.3	6.328e4
298.3	4.092e4
299.3	3.989e4
300.2	4.072e4
300.8	7.700e2
301.3	1.009e5
302.3	4.364e4
303.2	5.142e4
304.1	5.583e4
304.7	3.330e2
305.2	7.488e4
305.7	1.236e3
306.2	4.466e4
307.2	5.927e4
307.7	2.432e3
308.3	3.659e4
308.8	6.500e2
309.3	5.173e4
310.3	4.259e4
310.8	1.623e3
311.3	6.870e4
311.8	1.590e2
312.3	4.648e4
312.8	4.110e2
313.3	6.808e4
314.3	4.895e4
315.3	4.371e4
316.3	4.238e4
316.8	3.130e2
317.3	6.476e4
318.3	5.211e4
319.3	5.461e4
320.2	4.051e4
321.2	5.600e4
322.2	3.626e4
322.8	5.420e2
323.3	4.631e4
324.3	4.459e4
324.8	1.410e3
325.4	9.729e4
326.3	7.603e4
327.3	5.399e4
327.8	1.688e3
328.3	4.709e4
329.2	5.011e4
329.8	6.200e1
330.3	4.601e4
330.8	2.674e3
331.4	1.885e5
332.3	7.318e4
332.8	5.690e2
333.3	6.893e4
334.2	5.141e4
334.8	8.310e2
335.3	8.076e4
336.3	4.381e4
336.8	7.560e2
337.3	7.856e4
338.3	4.285e4
338.8	1.012e3
339.3	1.093e5
340.3	5.548e4
340.9	1.445e3
341.4	7.992e4
342.4	5.490e4
343.3	4.521e4
344.2	5.013e4
344.8	1.067e3
345.3	5.118e4
346.3	3.905e4
346.8	1.619e3
347.4	7.612e4
348.3	4.488e4
349.2	9.807e4
350.2	5.295e4
350.7	2.057e3
351.3	6.719e4
351.8	8.390e2
352.3	5.091e4
353.3	1.107e5
354.2	1.689e5
354.8	3.150e3
355.3	1.549e5
356.3	6.559e4
357.3	6.656e4
357.8	1.175e3
358.3	5.432e4
358.9	1.656e3
359.4	1.774e5
360.3	7.580e4
360.8	2.070e2
361.3	6.337e4
362.3	3.965e4
363.2	1.005e5
364.2	3.406e4
364.7	9.760e2
365.2	1.784e5
366.2	6.153e4
366.8	9.630e2
367.3	7.443e4
368.3	5.457e4
368.9	3.902e3
369.5	2.543e5
370.4	9.228e4
371.4	5.472e4
372.3	6.190e4
373.3	4.093e4
374.2	3.382e4
374.7	1.940e2
375.3	5.768e4
375.8	1.246e3
376.4	3.933e4
377.3	6.573e4
377.8	1.481e3
378.4	4.835e4
379.3	7.392e4
380.2	5.193e4
381.2	2.405e5
382.2	6.924e4
382.8	1.551e3
383.4	1.729e5
384.4	6.785e4
385.4	6.379e4
385.9	8.700e1
386.4	4.410e4
387.4	6.784e4
388.1	1.253e4
388.8	4.158e4
389.5	2.397e4
390.4	3.740e4
390.9	1.283e3
391.4	7.079e4
392.4	3.679e4
393.4	8.041e4
394.0	7.523e3
394.6	1.052e5
395.4	5.639e4
396.3	3.483e4
396.9	3.510e2
397.4	8.627e4
398.4	5.291e4
398.9	2.291e3
399.4	1.187e5
400.4	4.532e4
401.0	2.228e3
401.5	1.010e5
402.3	5.384e4
403.3	3.832e4
403.8	4.360e2
404.3	3.273e4
404.9	6.480e2
405.4	7.721e4
406.3	4.057e4
407.3	4.833e4
407.9	3.162e3
408.5	9.598e4
409.4	1.315e5
410.3	4.915e4
411.3	4.803e4
411.8	4.387e3
412.4	4.429e4
413.5	2.008e5
414.5	7.018e4
415.0	9.540e2
415.5	6.608e4
416.1	8.214e3
416.6	1.682e5
417.5	5.526e4
418.4	3.100e4
419.4	3.736e4
420.3	4.556e4
421.3	6.499e4
422.3	3.985e4
423.0	1.281e4
423.6	2.097e5
424.4	6.600e4
425.3	4.175e4
426.3	3.777e4
427.0	9.115e3
427.5	1.664e5
428.1	8.380e3
428.7	8.136e4
429.5	4.804e4
430.2	8.228e3
430.7	1.903e5
431.6	1.174e5
432.4	5.229e4
433.4	3.776e4
433.9	2.228e3
434.5	4.609e4
435.4	5.457e4
436.3	7.565e4
436.9	7.538e3
437.5	8.627e4
438.5	2.639e5
439.3	1.073e5
440.2	4.152e4
440.9	6.379e3
441.5	1.158e5
442.5	7.033e4
443.4	1.442e5
443.9	9.680e2
444.5	6.544e4
445.1	1.380e4
445.7	2.947e5
446.6	8.147e4
447.4	4.473e4
447.9	3.082e3
448.5	3.844e4
449.5	9.309e4
450.4	6.245e4
451.3	8.993e4
452.0	1.738e4
452.6	2.039e5
453.5	1.246e5
454.4	1.408e5
454.9	3.850e2
455.4	7.935e4
456.0	1.950e3
456.5	7.584e4
457.0	1.053e3
457.5	2.005e5
458.5	7.951e4
459.0	4.580e2
459.5	1.120e5
460.1	6.414e3
460.6	2.479e5
461.4	1.013e5
462.3	4.120e4
462.9	3.979e3
463.5	6.201e4
464.4	8.312e4
465.3	1.052e5
465.9	7.786e3
466.5	1.064e5
467.1	1.258e4
467.6	2.917e5
468.4	1.039e5
468.9	6.320e2
469.5	6.175e4
470.0	3.740e2
470.5	4.817e4
471.0	1.562e3
471.6	2.280e5
472.6	1.015e5
473.5	6.908e4
474.1	8.484e3
474.7	2.668e5
475.4	8.140e4
476.1	1.517e5
477.1	5.478e4
477.8	1.481e4
478.6	8.559e4
479.5	1.188e5
480.4	9.784e4
481.0	6.618e3
481.5	1.473e5
482.1	3.569e3
482.6	2.916e5
483.5	1.101e5
484.4	4.004e4
485.0	3.361e3
485.6	1.372e5
486.5	8.434e4
487.4	1.702e5
487.9	5.827e3
488.5	8.178e4
489.1	8.408e3
489.7	3.330e5
490.6	9.001e4
491.4	5.171e4
492.4	3.776e4
493.4	6.387e4
494.2	1.180e5
494.8	1.065e4
495.4	1.208e5
496.0	1.127e4
496.6	4.310e5
497.5	2.193e5
498.4	7.307e4
499.4	8.599e4
500.0	8.433e3
500.6	9.275e4
501.6	2.430e5
502.5	1.234e5
503.0	2.496e3
503.6	1.473e5
504.1	9.228e3
504.7	2.908e5
505.5	9.002e4
506.4	4.077e4
507.0	4.611e3
507.5	5.165e4
508.4	5.257e4
509.2	1.353e5
509.8	1.929e4
510.5	1.064e5
511.1	1.313e4
511.7	3.371e5
512.5	1.123e5
513.4	6.080e4
514.0	2.357e3
514.5	3.987e4
515.1	3.259e3
515.6	2.667e5
516.6	1.324e5
517.5	7.507e4
518.1	2.481e3
518.6	3.280e5
519.5	1.663e5
520.4	1.310e5
520.9	5.650e2
521.4	5.232e4
522.0	4.001e3
522.6	8.732e4
523.5	9.847e4
524.4	1.601e5
525.0	5.651e3
525.5	1.689e5
526.1	5.211e3
526.7	3.226e5
527.5	1.404e5
528.4	5.493e4
529.0	5.645e3
529.6	1.589e5
530.6	9.043e4
531.5	1.801e5
532.0	5.792e3
532.6	8.960e4
533.2	1.314e4
533.7	3.373e5
534.6	9.399e4
535.5	3.913e4
536.5	3.598e4
537.4	6.529e4
538.2	1.329e5
538.7	4.783e3
539.2	8.334e4
540.0	2.883e4
540.8	2.686e5
541.6	1.478e5
542.5	7.897e4
543.4	1.296e5
544.0	3.901e3
544.5	9.039e4
545.1	1.420e3
545.6	2.290e5
546.5	1.271e5
547.0	2.714e3
547.6	1.262e5
548.1	5.781e3
548.6	2.387e5
549.5	7.903e4
550.4	3.270e4
551.0	4.141e3
551.6	4.895e4
552.5	7.606e4
553.3	1.054e5
553.9	1.325e4
554.5	8.261e4
555.2	8.612e3
555.7	2.664e5
556.6	8.762e4
557.5	4.746e4
558.5	3.932e4
559.1	1.895e3
559.6	2.389e5
560.6	1.220e5
561.5	7.363e4
562.1	1.073e4
562.7	1.837e5
563.5	1.227e5
564.3	4.967e4
565.3	2.548e4
565.9	2.940e3
566.4	3.849e4
567.3	9.828e4
567.8	7.125e3
568.4	8.435e4
569.0	8.963e3
569.6	1.029e5
570.2	6.082e3
570.7	1.813e5
571.5	7.935e4
572.0	8.880e2
572.6	2.815e4
573.1	1.532e3
573.6	1.328e5
574.6	8.276e4
575.5	1.356e5
576.0	8.055e3
576.6	6.106e4
577.6	2.468e5
578.4	1.170e5
579.3	3.847e4
580.3	2.728e4
580.8	1.969e3
581.4	3.809e4
582.2	7.811e4
582.7	2.070e3
583.2	5.881e4
584.0	1.223e4
584.7	1.409e5
585.6	1.093e5
586.5	4.335e4
587.0	1.304e3
587.6	6.612e4
588.1	1.296e3
588.6	5.020e4
589.6	1.762e5
590.6	8.448e4
591.2	9.890e2
591.7	8.166e4
592.7	1.429e5
593.4	7.090e4
594.0	3.328e3
594.5	3.204e4
595.0	3.820e2
595.6	3.514e4
596.5	4.986e4
597.5	6.879e4
598.1	8.069e3
598.7	5.822e4
599.2	2.312e3
599.7	1.655e5
600.6	6.768e4
601.5	3.543e4
602.5	2.621e4
603.1	3.419e3
603.7	1.794e5
604.2	8.000e1
604.7	1.016e5
605.7	5.616e4
606.2	4.016e3
606.8	1.018e5
607.7	8.034e4
608.6	3.204e4
609.5	2.327e4
610.2	8.180e3
610.9	3.780e4
611.8	6.434e4
612.7	3.975e4
613.7	5.993e4
614.2	3.633e3
614.7	1.115e5
615.6	4.476e4
616.5	2.640e4
617.1	1.929e3
617.7	1.164e5
618.2	4.220e2
618.7	7.021e4
619.6	1.001e5
620.1	2.558e3
620.7	5.267e4
621.2	1.809e3
621.8	1.200e5
622.6	5.100e4
623.6	2.362e4
624.2	1.953e3
624.7	1.823e4
625.7	4.537e4
626.6	5.250e4
627.6	3.780e4
628.1	1.776e3
628.7	8.773e4
629.6	6.519e4
630.5	2.941e4
631.1	6.950e2
631.6	6.648e4
632.2	1.226e3
632.7	3.834e4
633.7	1.449e5
634.7	7.423e4
635.6	6.415e4
636.2	6.976e3
636.7	7.950e4
637.6	2.773e4
638.6	2.519e4
639.2	5.470e2
639.7	2.561e4
640.2	7.470e2
640.7	2.886e4
641.5	4.793e4
642.1	1.932e3
642.7	5.806e4
643.7	9.385e4
644.6	4.751e4
645.6	3.229e4
646.1	3.680e2
646.6	2.058e4
647.2	5.590e2
647.7	1.501e5
648.7	8.990e4
649.6	4.574e4
650.3	5.406e3
650.9	6.099e4
651.9	3.735e4
652.8	1.814e4
653.7	1.437e4
654.6	2.123e4
655.6	4.183e4
656.6	4.648e4
657.1	3.268e3
657.7	4.299e4
658.7	6.262e4
659.6	3.839e4
660.1	3.634e3
660.7	2.333e4
661.7	1.097e5
662.2	4.740e2
662.7	5.426e4
663.7	1.108e5
664.7	4.918e4
665.2	4.004e3
665.8	6.260e4
666.7	2.809e4
667.5	1.831e4
668.2	4.305e3
668.8	1.559e4
669.8	3.473e4
670.3	6.830e2
670.8	3.583e4
671.7	2.660e4
672.2	1.032e3
672.8	5.398e4
673.7	4.913e4
674.6	2.035e4
675.2	3.057e3
675.8	5.390e4
676.7	3.061e4
677.7	1.159e5
678.7	6.134e4
679.7	2.743e4
680.2	2.489e3
680.8	3.553e4
681.7	2.257e4
682.4	2.340e3
682.9	1.325e4
683.9	2.335e4
684.8	1.839e4
685.7	2.863e5
686.2	1.230e3
686.7	1.651e5
687.2	1.511e3
687.7	8.676e4
688.7	3.234e4
689.7	2.715e4
690.6	1.800e4
691.2	1.820e3
691.7	1.410e5
692.2	4.200e2
692.7	7.166e4
693.7	3.167e4
694.3	3.262e3
694.8	3.202e4
695.7	2.465e4
696.7	1.751e4
697.3	8.800e2
697.8	1.545e4
698.8	1.607e4
699.7	3.744e4
700.6	3.848e4
701.6	7.140e4
702.2	1.656e3
702.8	5.754e4
703.7	3.502e4
704.6	1.810e4
705.1	2.679e3
705.7	9.758e4
706.7	5.346e4
707.7	5.698e4
708.2	4.660e2
708.7	7.992e4
709.2	5.050e2
709.7	5.707e4
710.7	2.472e4
711.6	1.420e4
712.2	1.045e3
712.7	1.252e4
713.7	2.642e4
714.2	3.030e2
714.7	2.442e4
715.7	2.318e4
716.2	1.056e3
716.8	3.427e4
717.8	2.714e4
718.7	1.745e4
719.3	4.650e2
719.8	5.419e4
720.8	2.829e4
721.7	1.047e5
722.7	5.785e4
723.2	2.318e3
723.8	3.088e4
724.7	2.465e4
725.5	3.028e4
726.1	2.497e3
726.6	6.938e4
727.2	1.098e3
727.7	4.880e4
728.3	1.165e3
728.8	3.187e4
729.8	2.247e4
730.8	3.359e4
731.4	5.655e3
732.0	3.781e4
732.9	1.252e4
733.8	3.059e4
734.8	1.854e4
735.7	1.245e5
736.8	6.828e4
737.8	3.569e4
738.6	1.269e4
739.3	2.781e4
740.0	5.880e3
740.7	1.527e4
741.3	4.807e3
742.0	2.011e4
742.8	1.037e4
743.6	2.709e4
744.2	2.277e3
744.8	2.940e4
745.8	2.578e4
746.7	2.300e4
747.7	2.176e4
748.5	1.676e4
749.1	2.955e3
749.8	9.690e4
750.8	4.840e4
751.8	5.367e4
752.7	2.988e4
753.8	2.503e4
754.7	2.120e4
755.5	1.054e4
756.3	1.888e4
757.0	6.595e3
757.8	2.403e4
758.8	2.884e4
759.7	2.413e4
760.3	3.750e2
760.8	3.994e4
761.8	2.666e4
762.8	1.349e4
763.3	5.630e2
763.8	4.382e4
764.3	2.440e2
764.8	2.122e4
765.8	8.127e4
766.8	4.266e4
767.3	8.330e2
767.8	2.103e4
768.4	1.270e3
769.0	2.120e4
769.9	1.214e4
770.9	1.994e4
771.8	1.837e4
772.7	1.605e4
773.2	3.500e1
773.7	1.840e4
774.3	9.430e2
774.8	2.761e4
775.5	8.179e3
776.2	1.991e4
777.0	6.814e3
777.8	2.114e4
778.8	1.639e4
779.8	9.367e4
780.3	2.970e2
780.8	5.382e4
781.7	2.943e4
782.3	4.170e2
782.8	2.061e4
783.7	1.189e4
784.6	1.854e4
785.1	1.320e2
785.6	1.612e4
786.2	3.819e3
786.9	2.210e4
787.9	1.913e4
788.8	2.528e4
789.8	2.195e4
790.7	1.500e4
791.5	2.622e4
792.4	1.717e4
793.1	8.496e3
793.8	6.969e4
794.8	3.647e4
795.8	3.743e4
796.8	2.860e4
797.7	1.660e4
798.7	1.604e4
799.7	7.707e3
800.6	1.069e4
801.2	1.751e3
801.8	1.533e4
802.4	1.630e2
802.9	1.890e4
803.8	1.222e4
804.3	2.540e2
804.8	1.966e4
805.8	1.344e4
806.4	4.450e2
806.9	1.336e4
807.8	3.738e4
808.8	2.185e4
809.8	6.132e4
810.8	3.216e4
811.8	1.883e4
812.4	1.377e3
813.0	1.255e4
813.9	6.265e3
814.7	1.471e4
815.3	4.300e1
815.8	1.219e4
816.7	1.171e4
817.6	1.458e4
818.2	1.438e3
818.8	2.313e4
819.8	1.923e4
820.7	1.353e4
821.2	8.500e2
821.8	1.689e4
822.3	1.361e3
822.9	1.170e4
823.8	6.840e4
824.8	3.939e4
825.8	2.229e4
826.8	1.381e4
827.4	1.312e3
828.0	1.032e4
828.5	6.480e2
829.1	1.311e4
829.6	5.300e2
830.1	1.258e4
830.9	7.746e3
831.8	1.381e4
832.4	1.383e3
832.9	1.883e4
833.9	1.722e4
834.8	1.002e4
835.6	1.955e4
836.5	1.288e4
837.2	2.348e3
837.8	5.074e4
838.4	4.890e2
838.9	3.287e4
839.9	2.521e4
840.8	1.584e4
841.8	1.438e4
842.4	1.418e3
843.0	1.101e4
843.8	9.286e3
844.3	2.210e2
844.8	8.065e3
845.4	2.730e2
845.9	1.052e4
846.8	1.031e4
847.7	1.819e4
848.3	4.640e2
848.8	1.947e4
849.5	7.346e3
850.3	1.252e4
851.1	4.445e3
851.8	2.497e4
852.8	1.682e4
853.8	3.975e4
854.8	2.505e4
855.4	6.300e2
855.9	1.418e4
856.8	9.503e3
857.8	9.563e3
858.8	1.137e4
859.4	2.740e2
859.9	1.044e4
860.7	4.863e3
861.5	1.229e4
862.1	2.070e3
862.8	1.829e4
863.8	1.675e4
864.7	9.136e3
865.4	3.068e3
866.0	1.521e4
866.9	9.656e3
867.9	4.368e4
868.9	2.941e4
869.9	1.538e4
870.6	3.755e3
871.3	1.163e4
872.2	8.664e3
873.1	9.789e3
873.6	1.860e2
874.1	1.010e4
874.9	5.409e3
875.6	1.645e4
876.2	2.293e3
876.8	1.549e4
877.3	2.760e2
877.9	1.637e4
878.8	1.038e4
879.3	6.070e2
879.9	1.495e4
880.8	9.962e3
881.3	8.720e2
881.9	3.363e4
882.4	5.940e2
883.0	2.023e4
883.9	2.055e4
884.8	1.544e4
885.6	5.811e3
886.4	1.054e4
887.1	2.591e3
887.8	6.933e3
888.4	8.660e2
889.0	7.081e3
890.0	1.142e4
890.9	7.360e3
891.7	1.216e4
892.3	2.771e3
893.0	1.250e4
893.9	1.027e4
894.9	9.844e3
895.9	1.973e4
896.9	1.547e4
897.4	4.320e2
897.9	3.206e4
898.9	2.060e4
899.9	1.052e4
900.8	8.115e3
901.8	1.055e4
902.8	7.998e3
903.7	6.301e3
904.6	9.737e3
905.2	1.266e3
905.8	1.106e4
906.4	2.238e3
907.0	1.351e4
907.5	6.700e2
908.1	1.436e4
908.9	5.946e3
909.8	1.065e4
910.3	1.460e2
910.8	1.110e4
911.4	6.000e2
911.9	3.568e4
912.4	2.340e2
912.9	2.243e4
913.8	1.431e4
914.8	9.168e3
915.8	9.008e3
916.7	4.218e3
917.6	7.711e3
918.2	1.166e3
918.9	8.319e3
919.9	8.174e3
920.9	1.214e4
921.9	1.055e4
922.5	2.937e3
923.1	8.278e3
924.1	9.712e3
925.0	5.730e3
925.9	2.785e4
926.5	9.760e2
927.0	1.638e4
927.9	1.310e4
928.9	1.033e4
929.5	1.517e3
930.2	1.118e4
931.0	3.998e3
931.7	7.447e3
932.4	1.367e3
932.9	9.627e3
933.9	8.018e3
934.5	7.160e2
935.0	9.523e3
936.0	1.271e4
937.0	8.832e3
937.9	1.005e4
938.9	6.337e3
939.8	1.487e4
940.3	2.580e2
940.9	1.301e4
941.4	1.940e2
941.9	2.182e4
942.9	1.644e4
943.9	1.036e4
944.8	6.447e3
945.3	6.690e2
945.9	8.286e3
946.5	2.111e3
947.2	1.029e4
948.0	4.692e3
948.9	9.934e3
949.4	3.630e2
949.9	9.284e3
950.9	1.030e4
951.8	6.198e3
952.7	8.652e3
953.3	5.070e2
953.9	9.874e3
954.4	3.410e2
954.9	8.442e3
955.5	1.000e1
956.0	2.630e4
956.9	1.495e4
957.7	7.987e3
958.5	1.029e4
959.4	5.084e3
960.2	8.419e3
961.0	6.112e3
961.8	8.503e3
962.8	8.952e3
963.3	1.274e3
963.9	1.028e4
964.4	1.550e2
964.9	1.012e4
965.8	6.333e3
966.8	8.552e3
967.4	4.200e2
967.9	1.071e4
968.9	9.819e3
969.4	5.960e2
970.0	2.206e4
970.9	1.189e4
971.7	1.547e4
972.7	8.586e3
973.2	3.400e2
973.7	9.011e3
974.6	4.754e3
975.4	1.204e4
976.2	3.636e3
977.1	7.829e3
977.9	5.377e3
978.8	1.018e4
979.3	1.570e3
979.9	8.877e3
980.9	8.862e3
981.6	3.253e3
982.3	9.518e3
983.2	5.289e3
983.9	1.469e4
984.9	1.079e4
985.4	2.170e2
985.9	2.061e4
986.4	4.910e2
987.0	1.645e4
987.9	9.592e3
988.5	1.849e3
989.2	1.007e4
990.0	4.842e3
990.9	5.492e3
991.9	7.516e3
992.4	4.170e2
993.0	7.746e3
993.7	2.489e3
994.3	1.060e4
995.1	6.523e3
996.0	1.029e4
996.8	7.723e3
997.4	1.390e3
998.0	8.510e3
999.0	5.636e3
1000.0	1.587e4
1000.5	1.023e3
1001.1	1.197e4
1002.0	7.020e3
1002.6	5.350e2
1003.1	9.726e3
1003.8	1.863e3
1004.4	6.986e3
1005.1	2.598e3
1005.8	6.724e3
1006.8	9.350e3
1007.7	7.547e3
1008.6	3.457e3
1009.4	1.145e4
1010.0	7.080e2
1010.5	6.377e3
1011.4	8.959e3
1012.1	1.272e3
1012.7	8.817e3
1013.4	1.680e3
1014.0	1.640e4
1015.0	1.141e4
1015.9	1.202e4
1016.4	3.080e2
1017.0	1.125e4
1017.8	5.998e3
1018.9	6.466e3
1019.4	3.990e2
1020.0	7.131e3
1020.5	8.150e2
1021.2	8.570e3
1022.1	5.322e3
1023.1	7.653e3
1023.6	4.460e2
1024.2	9.755e3
1024.9	1.304e3
1025.4	9.290e3
1026.2	2.656e3
1026.9	6.760e3
1027.9	1.108e4
1028.8	9.950e3
1029.3	2.010e2
1029.9	1.201e4
1030.4	6.520e2
1030.9	1.067e4
1031.6	3.806e3
1032.3	8.418e3
1033.1	4.884e3
1033.8	1.286e3
1034.4	8.077e3
1034.9	8.590e2
1035.5	8.237e3
1036.3	5.634e3
1037.2	8.091e3
1038.1	6.984e3
1039.0	8.501e3
1039.6	7.990e2
1040.2	1.015e4
1041.1	4.744e3
1042.0	6.389e3
1042.6	4.230e2
1043.1	8.594e3
1044.1	1.802e4
1044.7	1.939e3
1045.2	9.497e3
1046.1	6.835e3
1046.8	1.855e3
1047.4	7.009e3
1048.2	7.540e3
1048.8	1.194e3
1049.4	9.594e3
1050.1	1.207e3
1050.6	8.080e3
1051.4	3.865e3
1052.3	7.937e3
1052.8	3.110e2
1053.4	8.103e3
1054.4	7.245e3
1055.3	7.602e3
1055.8	3.100e2
1056.4	9.912e3
1057.2	6.135e3
1058.1	1.409e4
1058.6	4.760e2
1059.1	8.404e3
1060.1	8.375e3
1060.6	2.940e2
1061.1	7.804e3
1061.8	2.267e3
1062.4	5.403e3
1063.4	7.810e3
1064.3	4.237e3
1065.2	7.520e3
1065.7	2.680e2
1066.2	6.545e3
1066.9	1.220e3
1067.6	8.621e3
1068.2	1.589e3
1068.8	8.823e3
1069.4	1.020e3
1070.0	6.786e3
1070.9	4.532e3
1071.8	8.920e3
1072.7	9.714e3
1073.3	1.224e3
1073.9	7.401e3
1074.8	8.952e3
1075.4	1.627e3
1076.0	9.159e3
1076.6	1.706e3
1077.2	1.099e4
1077.8	6.980e2
1078.4	9.859e3
1078.9	2.850e2
1079.4	8.823e3
1080.4	6.342e3
1080.9	1.380e2
1081.4	5.786e3
1082.4	9.834e3
1083.0	4.900e1
1083.5	7.616e3
1084.2	4.023e3
1085.0	7.785e3
1085.9	4.247e3
1086.8	8.386e3
1087.4	2.026e3
1088.1	1.050e4
1089.1	1.028e4
1090.1	8.948e3
1090.9	5.569e3
1091.7	9.902e3
1092.6	2.694e3
1093.4	7.530e3
1094.0	1.511e3
1094.6	6.079e3
1095.4	7.620e3
1096.3	5.439e3
1097.2	8.098e3
1097.9	2.029e3
1098.5	5.241e3
1099.4	8.195e3
1100.2	4.818e3
1101.1	8.221e3
1102.0	6.391e3
1102.9	8.190e3
1103.5	4.120e2
1104.0	8.146e3
1105.0	6.810e3
1106.0	6.415e3
1106.7	1.998e3
1107.4	8.340e3
1108.4	6.070e3
1108.9	6.770e2
1109.5	4.989e3
1110.1	7.290e2
1110.7	4.583e3
1111.6	8.029e3
1112.4	4.909e3
1113.3	8.549e3
1114.2	5.282e3
1115.1	4.543e3
1115.7	9.520e2
1116.3	9.118e3
1117.2	5.117e3
1118.1	1.058e4
1119.1	8.316e3
1120.0	6.131e3
1120.8	2.870e3
1121.5	8.034e3
1122.1	2.104e3
1122.8	6.288e3
1123.7	3.742e3
1124.5	6.831e3
1125.1	3.190e2
1125.6	5.113e3
1126.2	3.220e2
1126.7	7.403e3
1127.4	1.831e3
1128.0	6.411e3
1128.5	4.160e2
1129.1	6.634e3
1129.9	5.434e3
1130.8	7.137e3
1131.5	2.020e3
1132.2	8.450e3
1132.9	2.078e3
1133.6	8.219e3
1134.4	2.775e3
1135.2	5.236e3
1136.2	7.748e3
1137.0	3.943e3
1137.8	5.923e3
1138.6	1.925e3
1139.3	6.604e3
1140.3	5.090e3
1141.2	3.837e3
1142.0	7.618e3
1142.8	1.224e3
1143.4	9.899e3
1144.1	3.520e3
1144.7	1.047e4
1145.5	2.594e3
1146.2	8.717e3
1147.1	6.564e3
1147.9	3.104e3
1148.6	7.361e3
1149.1	4.100e2
1149.6	8.061e3
1150.2	9.800e1
1150.7	7.553e3
1151.3	2.180e3
1152.1	6.599e3
1153.0	5.321e3
1153.5	8.000e1
1154.0	5.525e3
1154.6	6.300e1
1155.1	5.500e3
1155.7	1.780e2
1156.2	4.318e3
1157.2	4.602e3
1158.0	1.264e4
1159.0	9.705e3
1159.6	5.280e2
1160.1	1.173e4
1161.1	5.676e3
1162.0	6.328e3
1163.0	7.030e3
1163.6	7.810e2
1164.1	7.844e3
1165.1	6.569e3
1165.9	5.773e3
1166.8	7.717e3
1167.5	2.250e3
1168.3	4.287e3
1169.2	4.021e3
1169.7	1.400e1
1170.2	5.687e3
1170.8	1.250e2
1171.3	5.544e3
1172.1	2.011e3
1172.8	6.345e3
1173.3	2.480e2
1173.9	6.336e3
1174.9	5.369e3
1175.4	5.360e2
1176.1	8.281e3
1176.6	1.270e2
1177.1	8.230e3
1178.1	8.139e3
1178.8	2.147e3
1179.4	6.819e3
1180.3	3.591e3
1181.3	6.261e3
1182.2	5.809e3
1183.0	2.726e3
1183.8	4.827e3
1184.4	2.240e2
1184.9	5.839e3
1185.6	2.160e3
1186.3	7.670e3
1187.2	2.907e3
1187.9	4.302e3
1188.7	6.114e3
1189.4	1.069e3
1190.1	6.126e3
1191.0	6.278e3
1191.6	2.000e1
1192.2	5.606e3
1193.1	6.431e3
1193.6	1.070e2
1194.1	4.608e3
1194.7	3.180e2
1195.2	6.605e3
1195.8	6.230e2
1196.4	5.894e3
1197.3	4.440e3
1198.1	2.752e3
1198.8	5.677e3
1199.5	9.170e2
1200.1	5.815e3
1200.9	3.203e3
1201.7	6.129e3
1202.7	5.445e3
1203.5	3.939e3
1204.4	7.925e3
1205.2	5.506e3
1206.1	4.371e3
1207.1	6.614e3
1207.6	4.380e2
1208.2	6.621e3
1208.7	3.650e2
1209.4	6.797e3
1210.3	5.345e3
1210.9	5.210e2
1211.5	7.219e3
1212.4	4.587e3
1213.0	1.401e3
1213.8	6.028e3
1214.7	2.881e3
1215.6	7.088e3
1216.2	7.690e2
1216.9	5.979e3
1217.9	6.388e3
1218.8	4.023e3
1219.7	7.238e3
1220.7	6.271e3
1221.7	4.678e3
1222.3	9.660e2
1222.9	5.762e3
1223.9	4.957e3
1224.8	5.577e3
1225.8	3.494e3
1226.8	4.100e3
1227.6	6.924e3
1228.1	6.920e2
1228.8	5.655e3
1229.4	4.930e2
1230.0	4.827e3
1231.0	6.310e3
1232.0	4.371e3
1232.5	2.030e2
1233.0	4.974e3
1233.6	6.640e2
1234.2	7.326e3
1235.0	2.041e3
1235.8	7.040e3
1236.3	1.890e2
1236.9	5.020e3
1237.7	2.323e3
1238.4	6.351e3
1239.0	1.220e2
1239.5	3.503e3
1240.4	2.301e3
1241.2	4.651e3
1241.8	7.060e2
1242.5	5.698e3
1243.0	9.900e1
1243.5	6.197e3
1244.3	1.465e3
1245.0	4.090e3
1245.9	3.974e3
1246.9	4.576e3
1247.8	4.426e3
1248.8	6.404e3
1249.5	1.129e3
1250.1	8.169e3
1251.1	8.895e3
1252.0	6.416e3
1253.0	5.976e3
1253.7	2.263e3
1254.5	5.960e3
1255.4	5.223e3
1256.5	6.132e3
1257.2	2.991e3
1258.0	5.560e3
1258.5	7.900e1
1259.0	4.885e3
1260.0	8.440e3
1260.9	5.463e3
1261.5	7.800e1
1262.0	5.482e3
1262.7	4.440e2
1263.3	5.482e3
1264.2	4.463e3
1264.7	1.000e2
1265.2	4.934e3
1266.2	4.548e3
1266.8	7.070e2
1267.4	4.682e3
1268.4	4.058e3
1269.4	3.729e3
1270.3	5.249e3
1271.0	2.019e3
1271.7	7.022e3
1272.7	4.220e3
1273.3	2.270e2
1273.8	4.740e3
1274.3	6.100e1
1274.8	3.885e3
1275.8	3.629e3
1276.6	5.758e3
1277.3	8.520e2
1277.9	6.558e3
1278.9	3.738e3
1279.7	6.160e3
1280.7	6.480e3
1281.5	2.808e3
1282.2	5.730e3
1282.7	1.860e2
1283.2	6.908e3
1283.8	3.790e2
1284.3	3.808e3
1285.3	5.457e3
1286.3	4.716e3
1287.2	6.378e3
1288.2	4.684e3
1289.0	3.529e3
1289.9	4.811e3
1290.5	1.595e3
1291.3	4.796e3
1292.3	5.614e3
1292.8	5.640e2
1293.4	7.007e3
1294.3	7.425e3
1294.9	3.960e2
1295.5	5.933e3
1296.1	1.580e2
1296.6	6.269e3
1297.1	1.760e2
1297.6	4.761e3
1298.5	4.408e3
1299.1	8.450e2
1299.7	4.493e3
1300.3	1.233e3
1301.0	4.181e3
1301.6	1.284e3
1302.2	6.941e3
1302.8	9.220e2
1303.4	4.608e3
1304.3	5.129e3
1305.0	1.581e3
1305.7	5.367e3
1306.5	2.179e3
1307.1	7.090e3
1308.1	5.936e3
1308.6	5.260e2
1309.2	5.717e3
1310.2	4.500e3
1310.9	1.376e3
1311.5	6.568e3
1312.1	5.970e2
1312.7	5.411e3
1313.6	5.908e3
1314.4	3.169e3
1315.2	7.361e3
1316.1	3.503e3
1316.9	5.524e3
1317.5	9.410e2
1318.2	3.682e3
1319.1	6.721e3
1320.1	3.724e3
1321.1	4.144e3
1322.0	7.382e3
1322.9	4.108e3
1323.7	3.555e3
1324.2	1.300e2
1324.8	5.084e3
1325.4	6.670e2
1326.0	5.224e3
1326.9	3.962e3
1327.9	3.703e3
1328.7	6.507e3
1329.2	5.200e2
1329.9	4.406e3
1330.8	4.838e3
1331.4	1.112e3
1332.0	4.341e3
1332.7	6.030e2
1333.3	3.360e3
1333.8	2.400e1
1334.4	4.611e3
1335.1	1.659e3
1335.7	4.085e3
1336.3	8.320e2
1337.0	5.113e3
1337.8	2.513e3
1338.7	3.676e3
1339.5	3.247e3
1340.3	4.705e3
1341.2	3.381e3
1342.1	5.302e3
1343.1	3.941e3
1344.0	4.944e3
1344.6	1.940e2
1345.1	3.879e3
1346.0	4.843e3
1346.7	1.710e2
1347.2	5.890e3
1348.2	3.328e4
1349.2	3.463e4
1350.3	1.861e4
1351.3	7.702e3
1351.8	2.130e2
1352.3	6.149e3
1353.1	2.184e3
1353.8	5.942e3
1354.8	5.473e3
1355.8	6.130e3
1356.8	4.066e3
1357.7	8.246e3
1358.7	4.856e3
1359.6	1.487e3
1360.3	5.389e3
1361.2	4.023e3
1362.1	4.380e3
1363.0	2.327e3
1363.9	5.497e3
1364.7	3.233e3
1365.5	5.773e3
1366.1	1.120e2
1366.6	6.322e3
1367.2	6.990e2
1367.8	4.959e3
1368.6	2.408e3
1369.4	3.687e3
1370.0	3.930e2
1370.5	1.969e3
1371.3	5.639e3
1371.8	8.540e2
1372.4	4.317e3
1373.3	3.857e3
1373.9	4.700e1
1374.4	5.696e3
1375.2	2.560e3
1376.0	5.193e3
1377.0	2.762e3
1377.8	4.615e3
1378.4	6.640e2
1379.1	4.491e3
1379.9	5.558e3
1380.9	5.351e3
1381.5	1.207e3
1382.2	5.300e3
1382.9	6.210e2
1383.5	5.182e3
1384.1	1.014e3
1384.7	4.530e3
1385.7	3.166e3
1386.6	4.482e3
1387.1	3.470e2
1387.6	2.778e3
1388.5	5.988e3
1389.5	2.662e3
1390.3	4.608e3
1391.0	1.388e3
1391.7	4.446e3
1392.3	1.480e2
1392.8	4.201e3
1393.6	2.680e3
1394.5	3.640e3
1395.1	8.780e2
1395.8	4.246e3
1396.3	4.000e2
1396.9	3.973e3
1397.4	2.900e1
1397.9	6.467e3
1398.6	1.491e3
1399.5	4.604e3
1400.0	2.160e2
1400.5	6.232e3
1401.3	9.270e2
1401.9	3.419e3
1402.9	4.124e3
1403.9	3.081e3
1404.8	4.528e3
1405.8	3.091e3
1406.5	7.880e2
1407.2	3.900e3
1408.1	3.392e3
1409.0	3.231e3
1410.0	2.837e3
1410.9	4.157e3
1411.6	1.773e3
1412.4	3.719e3
1413.0	4.000e1
1413.6	5.417e3
1414.5	4.608e3
1415.1	6.200e1
1415.6	4.644e3
1416.5	3.974e3
1417.1	2.550e2
1417.7	4.931e3
1418.4	2.631e3
1419.2	3.652e3
1419.8	1.700e2
1420.3	3.026e3
1421.0	8.960e2
1421.8	3.957e3
1422.7	4.344e3
1423.7	4.078e3
1424.2	2.900e2
1424.8	4.841e3
1425.7	4.163e3
1426.3	5.870e2
1426.9	4.902e3
1427.8	3.845e3
1428.7	5.287e3
1429.4	1.206e3
1430.0	5.283e3
1430.9	2.275e3
1431.8	3.834e3
1432.6	2.178e3
1433.4	5.189e3
1433.9	1.630e2
1434.4	4.070e3
1435.5	3.938e3
1436.5	6.043e3
1437.2	1.200e3
1437.9	5.331e3
1438.5	4.970e2
1439.2	3.539e3
1440.1	2.718e3
1441.0	2.939e3
1441.8	6.346e3
1442.4	2.600e2
1442.9	3.984e3
1443.6	8.950e2
1444.3	4.429e3
1445.1	1.571e3
1446.0	4.063e3
1446.9	3.061e3
1447.9	4.947e3
1448.5	3.660e2
1449.1	2.977e3
1449.7	2.180e2
1450.3	4.415e3
1451.3	6.479e3
1452.3	3.895e3
1452.8	3.200e2
1453.3	3.369e3
1454.2	3.248e3
1455.2	4.928e3
1456.2	3.485e3
1457.2	4.325e3
1458.0	1.710e3
1458.7	4.731e3
1459.2	1.370e2
1459.8	5.057e3
1460.4	1.500e2
1461.0	3.439e3
1461.7	1.842e3
1462.5	4.752e3
1463.1	6.720e2
1463.7	5.349e3
1464.7	5.109e3
1465.6	3.184e3
1466.6	4.472e3
1467.2	9.160e2
1468.0	4.063e3
1468.8	3.388e3
1469.7	3.964e3
1470.7	3.280e3
1471.6	2.687e3
1472.5	5.006e3
1473.4	4.495e3
1474.3	2.346e3
1475.1	4.317e3
1476.0	3.305e3
1476.8	2.207e3
1477.6	2.420e3
1478.6	2.750e3
1479.2	5.510e2
1479.9	3.093e3
1480.4	2.440e2
1481.0	3.804e3
1481.5	2.030e2
1482.1	2.197e3
1482.9	3.630e3
1483.6	8.710e2
1484.3	3.621e3
1485.3	3.667e3
1486.0	5.430e2
1486.7	5.030e3
1487.4	1.460e3
1488.2	4.298e3
1489.2	3.942e3
1490.2	3.413e3
1490.8	6.000e2
1491.5	3.261e3
1492.2	1.072e3
1492.9	3.581e3
1493.5	8.420e2
1494.1	4.129e3
1495.1	3.523e3
1496.0	5.461e3
1496.5	6.800e1
1497.1	3.573e3
1498.1	2.601e3
1498.9	4.467e3
1499.7	3.769e3
1500.3	3.400e1
1500.8	4.254e3
1501.5	1.118e3
1502.2	5.177e3
1503.1	2.076e3
1503.9	5.386e3
1504.5	1.750e2
1505.0	2.500e3
1506.0	4.622e3
1506.6	5.280e2
1507.2	3.903e3
1507.7	3.800e1
1508.2	3.817e3
1509.2	4.431e3
1509.8	5.600e1
1510.3	4.244e3
1511.1	1.170e3
1511.8	3.012e3
1512.8	3.534e3
1513.4	2.800e2
1513.9	1.471e3
1514.6	4.718e3
1515.2	5.460e2
1515.8	3.995e3
1516.4	1.008e3
1517.0	5.008e3
1517.6	2.790e2
1518.1	2.874e3
1519.0	4.378e3
1520.0	3.002e3
1520.7	1.557e3
1521.4	4.240e3
1522.4	2.934e3
1522.9	1.930e2
1523.4	3.992e3
1524.4	2.602e3
1525.0	6.300e2
1525.6	2.300e3
1526.4	4.849e3
1527.2	9.980e2
1527.9	2.935e3
1528.4	6.000e1
1529.0	3.623e3
1529.6	8.390e2
1530.3	4.178e3
1531.0	7.910e2
1531.7	3.506e3
1532.5	1.612e3
1533.2	3.350e3
1533.8	7.510e2
1534.4	3.464e3
1535.1	1.186e3
1535.6	4.226e3
1536.6	3.898e3
1537.6	2.580e3
1538.5	3.053e3
1539.1	5.260e2
1539.8	4.349e3
1540.6	9.800e2
1541.3	4.423e3
1541.8	3.900e1
1542.3	3.140e3
1543.1	1.692e3
1544.0	3.444e3
1544.6	1.020e2
1545.1	6.233e3
1546.0	2.045e3
1546.8	4.097e3
1547.6	2.217e3
1548.5	6.352e3
1549.0	1.780e2
1549.6	2.872e3
1550.5	2.829e3
1551.5	3.700e3
1552.4	3.478e3
1553.2	7.070e2
1553.8	4.134e3
1554.5	4.090e2
1555.2	4.557e3
1556.2	2.363e3
1557.2	4.558e3
1558.0	2.976e3
1559.0	2.905e3
1559.6	1.105e3
1560.3	3.892e3
1560.8	1.600e2
1561.4	4.482e3
1561.9	2.270e2
1562.4	4.598e3
1563.3	2.117e3
1564.2	3.648e3
1564.7	1.100e2
1565.3	3.092e3
1565.8	3.270e2
1566.4	3.846e3
1567.4	3.882e3
1568.5	2.898e3
1569.5	2.508e3
1570.0	2.050e2
1570.7	4.114e3
1571.3	5.140e2
1571.9	3.418e3
1572.5	4.420e2
1573.1	4.244e3
1573.7	9.390e2
1574.5	4.404e3
1575.1	7.460e2
1575.7	4.151e3
1576.6	2.273e3
1577.4	2.691e3
1578.1	8.500e2
1578.8	3.719e3
1579.9	4.354e3
1580.7	1.033e3
1581.6	2.524e3
1582.5	9.980e2
1583.2	4.560e3
1584.0	8.470e2
1584.6	4.376e3
1585.3	5.950e2
1586.0	3.634e3
1587.0	3.662e3
1587.6	3.030e2
1588.2	3.850e3
1589.2	2.000e3
1590.1	3.175e3
1590.7	6.210e2
1591.4	2.175e3
1592.4	4.398e3
1592.9	1.400e1
1593.5	4.717e3
1594.3	2.067e3
1595.1	3.657e3
1596.1	2.679e3
1596.9	1.998e3
1597.7	3.616e3
1598.6	1.286e3
1599.3	4.754e3
1600.2	1.184e3
1601.0	4.180e3
1601.6	4.620e2
1602.3	3.710e3
1602.9	8.500e2
1603.7	3.058e3
1604.6	3.615e3
1605.4	1.669e3
1606.3	3.420e3
1607.1	2.272e3
1608.1	3.308e3
1608.8	6.000e1
1609.3	3.957e3
1610.3	2.079e3
1611.1	2.254e3
1612.0	3.729e3
1612.9	1.683e3
1613.8	2.602e3
1614.8	2.540e3
1615.6	1.227e3
1616.4	3.798e3
1617.3	3.096e3
1618.3	3.814e3
1619.2	1.673e3
1620.1	3.417e3
1621.1	1.796e3
1621.9	2.349e3
1622.8	4.665e3
1623.6	2.604e3
1624.5	2.494e3
1625.4	3.385e3
1626.4	3.554e3
1627.2	9.820e2
1627.9	2.935e3
1628.9	4.565e3
1629.7	2.607e3
1630.5	1.136e3
1631.2	4.426e3
1632.2	3.263e3
1632.8	9.100e1
1633.3	3.247e3
1634.2	1.015e3
1634.9	2.555e3
1635.6	1.066e3
1636.4	3.004e3
1637.1	5.660e2
1637.8	3.495e3
1638.5	7.910e2
1639.3	2.540e3
1639.8	5.000e1
1640.4	3.014e3
1641.4	3.877e3
1642.3	2.006e3
1643.3	2.684e3
1644.2	6.075e3
1645.0	9.110e2
1645.6	2.422e3
1646.3	1.090e2
1646.9	2.735e3
1647.8	1.463e3
1648.5	3.998e3
1649.5	2.894e3
1650.5	2.473e3
1651.3	1.728e3
1652.2	2.324e3
1653.1	2.267e3
1653.9	3.831e3
1654.8	2.646e3
1655.7	2.733e3
1656.7	3.527e3
1657.5	1.545e3
1658.2	3.712e3
1658.9	1.206e3
1659.7	3.000e3
1660.5	1.717e3
1661.4	2.687e3
1662.4	3.612e3
1663.0	5.380e2
1663.6	2.211e3
1664.5	5.340e2
1665.4	3.911e3
1666.1	1.530e3
1666.9	3.717e3
1667.7	1.156e3
1668.4	3.898e3
1669.1	1.286e3
1669.9	2.959e3
1670.6	1.778e3
1671.5	3.272e3
1672.5	2.192e3
1673.4	2.926e3
1674.1	1.135e3
1674.9	2.478e3
1675.8	3.891e3
1676.5	1.369e3
1677.4	1.467e3
1678.2	2.276e3
1679.1	2.869e3
1679.9	1.465e3
1680.8	4.186e3
1681.4	1.410e2
1682.0	2.820e3
1682.9	4.048e3
1683.6	5.710e2
1684.2	3.202e3
1684.8	1.363e3
1685.6	3.182e3
1686.6	4.061e3
1687.5	2.498e3
1688.4	1.932e3
1689.3	2.770e3
1689.9	4.580e2
1690.5	3.313e3
1691.4	2.410e3
1692.4	2.708e3
1693.1	7.760e2
1693.8	2.675e3
1694.9	3.452e3
1695.8	1.084e3
1696.5	2.195e3
1697.5	2.749e3
1698.3	1.435e3
1698.9	2.080e2
1699.5	3.112e3
1700.5	2.373e3
1701.2	1.128e3
1701.9	2.930e3
1702.5	1.290e2
1703.0	2.519e3
1703.7	5.460e2
1704.3	2.197e3
1705.2	2.589e3
1706.2	2.920e3
1707.0	1.168e3
1707.7	3.809e3
1708.5	1.636e3
1709.6	3.897e3
1710.5	1.815e3
1711.6	3.502e3
1712.3	1.578e3
1713.0	3.856e3
1713.6	1.330e2
1714.1	3.611e3
1715.0	2.051e3
1715.9	2.207e3
1716.7	1.149e3
1717.4	2.730e3
1718.1	5.140e2
1718.8	2.892e3
1719.4	5.620e2
1720.0	2.116e3
1721.0	2.127e3
1721.8	5.340e2
1722.5	2.317e3
1723.1	6.040e2
1723.7	3.813e3
1724.4	1.147e3
1725.2	2.742e3
1726.2	3.856e3
1726.8	4.040e2
1727.4	3.256e3
1728.4	1.560e3
1729.3	2.414e3
1730.0	6.380e2
1730.7	3.579e3
1731.5	8.490e2
1732.3	2.879e3
1733.1	1.755e3
1733.8	8.090e2
1734.5	3.689e3
1735.2	8.000e2
1735.9	3.043e3
1736.9	3.539e3
1737.6	3.800e2
1738.2	2.719e3
1738.9	6.630e2
1739.5	2.764e3
1740.2	7.220e2
1740.8	3.822e3
1741.7	3.198e3
1742.5	1.022e3
1743.3	3.753e3
1744.2	1.730e3
1745.1	3.670e3
1745.7	4.550e2
1746.5	4.574e3
1747.4	3.293e3
1748.1	7.820e2
1748.8	3.090e3
1749.5	9.800e2
1750.2	3.388e3
1750.8	2.890e2
1751.5	3.314e3
1752.2	1.715e3
1753.0	2.529e3
1753.9	1.211e3
1754.6	2.930e2
1755.2	3.370e3
1755.9	5.940e2
1756.7	2.439e3
1757.4	6.050e2
1758.1	2.675e3
1759.1	2.771e3
1759.9	1.711e3
1760.7	3.205e3
1761.5	1.774e3
1762.4	2.151e3
1763.3	1.803e3
1764.2	2.830e3
1764.8	3.300e2
1765.5	3.282e3
1766.3	1.414e3
1767.1	2.605e3
1767.7	2.650e2
1768.3	3.065e3
1768.8	9.200e1
1769.4	2.075e3
1770.2	1.561e3
1771.1	2.815e3
1771.8	1.922e3
1772.6	2.574e3
1773.5	2.772e3
1774.1	3.260e2
1774.7	3.856e3
1775.6	1.946e3
1776.5	2.936e3
1777.3	1.495e3
1777.8	3.200e2
1778.4	3.958e3
1779.1	3.330e2
1779.7	2.534e3
1780.5	7.940e2
1781.3	2.930e3
1781.9	2.400e2
1782.5	3.429e3
1783.4	2.525e3
1784.0	3.820e2
1784.6	1.878e3
1785.4	1.667e3
1786.3	2.667e3
1787.0	1.340e3
1787.9	4.514e3
1788.8	9.910e2
1789.7	4.009e3
1790.6	1.957e3
1791.5	3.919e3
1792.5	2.038e3
1793.2	5.500e2
1793.9	2.146e3
1794.9	2.907e3
1795.7	1.335e3
1796.3	7.060e2
1797.0	3.657e3
1797.6	4.390e2
1798.3	1.624e3
1799.2	3.052e3
1799.7	1.860e2
1800.3	1.700e3
1801.2	2.223e3
1801.8	3.020e2
1802.4	1.803e3
1803.3	2.450e3
1803.9	4.820e2
1804.6	3.068e3
1805.5	1.757e3
1806.4	1.269e3
1807.2	1.201e3
1808.0	2.109e3
1808.8	4.250e3
1809.6	5.300e2
1810.4	3.204e3
1811.4	2.715e3
1812.6	2.993e3
1813.2	3.400e2
1814.0	1.502e3
1814.8	3.647e3
1815.8	2.523e3
1816.6	1.142e3
1817.4	1.950e3
1818.4	1.887e3
1819.4	1.910e3
1820.3	1.573e3
1820.8	9.700e1
1821.3	1.147e3
1822.1	3.841e3
1822.8	3.400e2
1823.5	3.361e3
1824.4	1.463e3
1825.2	7.920e2
1826.2	2.573e3
1826.7	1.410e2
1827.3	2.427e3
1827.9	3.990e2
1828.5	2.832e3
1829.5	1.854e3
1830.0	6.000e1
1830.5	2.913e3
1831.1	4.070e2
1831.7	3.584e3
1832.5	2.030e2
1833.1	2.115e3
1833.9	1.220e2
1834.5	2.271e3
1835.0	3.910e2
1835.6	2.434e3
1836.5	1.689e3
1837.3	2.070e3
1838.3	1.639e3
1839.0	2.768e3
1839.8	1.173e3
1840.7	2.837e3
1841.4	7.850e2
1842.0	3.099e3
1842.6	1.590e2
1843.2	1.935e3
1843.7	3.200e1
1844.3	2.117e3
1845.0	1.589e3
1845.9	3.009e3
1846.9	1.396e3
1847.7	6.400e2
1848.6	3.453e3
1849.5	2.392e3
1850.5	1.904e3
1851.1	3.890e2
1851.8	2.312e3
1852.8	1.974e3
1853.4	1.930e2
1854.0	2.141e3
1854.8	1.276e3
1855.5	2.570e3
1856.5	1.394e3
1857.2	3.126e3
1858.2	1.450e3
1858.7	4.600e1
1859.2	2.599e3
1860.1	2.998e3
1861.2	2.612e3
1861.7	2.310e2
1862.3	2.102e3
1863.3	2.149e3
1863.9	7.600e1
1864.5	2.470e3
1865.5	2.278e3
1866.3	6.550e2
1867.2	1.328e3
1868.1	2.490e3
1868.7	1.770e2
1869.4	2.040e3
1870.2	1.426e3
1871.0	2.808e3
1871.7	1.346e3
1872.4	3.455e3
1873.3	2.121e3
1873.8	1.890e2
1874.3	3.037e3
1875.3	3.346e3
1876.2	3.980e2
1876.9	2.569e3
1877.6	1.252e3
1878.6	3.370e3
1879.2	4.110e2
1879.9	2.148e3
1880.7	1.029e3
1881.7	2.286e3
1882.6	2.751e3
1883.4	7.780e2
1884.1	2.484e3
1884.9	1.170e3
1885.8	2.238e3
1886.5	6.390e2
1887.2	3.132e3
1888.0	1.212e3
1888.8	4.340e2
1889.5	2.914e3
1890.0	5.000e0
1890.5	2.276e3
1891.0	3.600e1
1891.7	2.448e3
1892.7	2.294e3
1893.5	1.086e3
1894.2	1.602e3
1895.1	2.189e3
1895.8	1.550e2
1896.3	2.987e3
1897.2	1.046e3
1898.1	2.314e3
1899.1	1.594e3
1899.6	1.020e2
1900.2	1.554e3
1900.9	6.160e2
1901.5	2.114e3
1902.5	2.839e3
1903.3	1.178e3
1904.2	2.273e3
1905.0	1.891e3
1906.0	3.209e3
1906.7	5.200e2
1907.5	2.097e3
1908.2	3.340e2
1908.8	2.091e3
1909.6	1.122e3
1910.5	2.262e3
1911.2	4.080e2
1911.9	1.668e3
1912.5	1.730e2
1913.1	1.072e3
1913.9	2.567e3
1914.9	9.520e2
1915.6	3.004e3
1916.3	2.690e2
1916.9	9.400e2
1917.8	1.764e3
1918.4	4.090e2
1919.1	1.453e3
1919.7	3.270e2
1920.3	1.407e3
1921.2	2.197e3
1922.1	6.700e2
1922.9	2.629e3
1923.7	1.120e3
1924.5	2.310e3
1925.5	1.418e3
1926.4	2.747e3
1927.1	9.800e2
1927.9	2.428e3
1928.9	1.155e3
1929.7	2.238e3
1930.7	3.499e3
1931.6	1.889e3
1932.4	8.780e2
1933.2	2.288e3
1934.1	2.020e3
1934.6	9.400e1
1935.2	1.501e3
1936.1	2.512e3
1936.9	6.550e2
1937.7	1.586e3
1938.6	1.739e3
1939.5	1.531e3
1940.3	9.370e2
1941.2	1.409e3
1942.1	1.891e3
1943.1	1.550e3
1944.0	2.041e3
1945.0	1.633e3
1946.1	1.524e3
1947.0	2.041e3
1947.5	6.000e0
1948.0	1.136e3
1948.9	2.908e3
1949.6	6.650e2
1950.3	2.554e3
1951.3	2.347e3
1952.3	2.123e3
1952.9	1.680e2
1953.8	2.168e3
1954.7	1.807e3
1955.4	9.260e2
1956.0	2.859e3
1956.6	9.400e1
1957.1	2.576e3
1958.0	5.980e2
1958.7	1.401e3
1959.3	1.580e2
1959.8	1.778e3
1960.7	1.385e3
1961.5	2.584e3
1962.3	9.530e2
1962.9	2.270e2
1963.5	2.157e3
1964.4	1.444e3
1965.2	8.740e2
1966.1	1.451e3
1966.8	2.658e3
1967.9	1.181e3
1968.9	2.590e3
1969.6	3.590e2
1970.3	1.850e3
1970.8	5.000e1
1971.3	2.077e3
1972.2	1.431e3
1973.2	2.196e3
1974.0	1.082e3
1975.0	1.582e3
1975.6	5.460e2
1976.3	2.201e3
1977.2	1.553e3
1978.1	8.680e2
1979.0	1.236e3
1979.8	3.390e2
1980.4	2.915e3
1981.4	2.140e3
1982.0	5.180e2
1982.6	2.948e3
1983.6	2.043e3
1984.4	9.490e2
1985.2	2.325e3
1985.9	6.140e2
1986.7	1.607e3
1987.7	2.661e3
1988.7	2.039e3
1989.5	1.022e3
1990.3	1.277e3
1991.2	2.179e3
1991.9	6.360e2
1992.6	1.703e3
1993.1	1.300e2
1993.7	1.165e3
1994.9	2.614e3
1995.4	5.000e2
1996.1	1.615e3
1997.1	2.188e3
1998.0	1.435e3
1999.0	1.807e3
1999.8	7.620e2
