100.3	1.470e2
100.9	5.118e4
102.0	1.640e4
103.0	1.431e4
104.0	6.790e2
105.1	3.963e3
106.1	5.380e2
106.9	9.210e2
107.7	5.560e2
108.2	2.070e2
108.8	2.244e3
109.9	5.810e2
111.0	2.692e3
112.1	4.550e2
113.0	5.554e4
114.1	1.882e3
115.0	1.055e4
115.9	4.870e3
116.9	1.739e5
117.9	2.520e4
118.5	7.600e1
119.0	1.027e4
119.9	1.966e3
121.0	2.760e2
122.0	1.797e3
123.1	7.300e1
123.9	1.647e3
124.9	1.680e3
125.9	2.036e3
127.2	1.014e3
128.0	2.789e3
129.0	6.440e3
130.0	7.651e3
131.0	3.888e3
132.0	1.448e3
133.1	1.647e4
134.1	1.852e3
135.0	2.146e4
136.0	4.622e3
137.0	3.356e3
138.1	2.160e3
139.0	8.150e2
140.2	5.150e2
141.1	9.740e2
141.9	1.077e3
143.1	4.128e3
144.0	4.334e3
145.1	1.280e4
146.0	3.167e4
147.0	2.539e4
148.0	1.894e3
149.0	2.075e3
149.9	3.700e2
151.0	1.412e3
151.9	1.765e3
152.4	1.660e2
153.2	2.235e3
153.9	1.140e3
155.1	7.194e3
155.9	3.598e3
157.1	5.685e3
158.0	2.315e3
159.1	5.065e3
160.0	1.490e3
160.9	7.837e3
161.5	1.400e2
162.0	3.119e3
163.0	1.128e4
164.0	2.095e3
165.0	5.733e3
166.0	1.008e3
167.0	1.029e3
168.0	7.650e2
169.1	1.114e3
170.0	1.125e3
170.9	2.048e3
172.1	2.095e3
173.0	7.142e3
174.0	9.041e3
175.0	3.037e4
176.0	2.030e3
177.0	1.054e4
177.9	1.200e3
179.0	7.883e3
180.0	5.491e3
181.1	1.100e4
182.1	1.896e3
183.2	3.209e3
184.1	1.047e3
185.0	4.367e3
185.5	5.100e1
186.1	8.270e2
187.1	6.068e3
187.9	3.743e3
189.0	3.596e3
190.0	4.097e3
191.0	2.078e4
192.0	4.669e3
192.9	3.679e3
193.6	4.803e3
194.3	6.370e2
195.0	1.503e4
195.9	3.926e4
196.4	1.960e2
197.0	8.947e3
197.9	4.221e4
199.0	3.203e3
199.9	2.390e4
200.5	1.750e2
201.1	1.326e4
202.0	6.887e3
203.0	1.748e3
203.9	1.205e3
204.5	5.300e1
205.0	2.362e3
206.0	4.743e3
207.0	3.643e3
208.0	2.054e4
209.0	3.546e3
210.0	2.767e3
211.1	1.319e3
212.1	2.691e4
213.1	5.841e3
214.0	3.273e3
214.6	1.000e2
215.1	2.933e3
216.1	3.032e3
217.0	1.008e4
218.0	4.200e3
219.0	5.120e3
220.0	4.230e3
220.9	1.391e3
221.9	6.820e3
223.0	1.890e3
223.9	1.390e3
224.4	6.600e1
224.9	1.103e3
225.9	6.084e3
227.0	4.132e3
228.0	2.364e3
229.0	4.396e3
230.0	3.784e3
231.0	2.970e3
232.0	5.580e3
233.0	2.024e3
234.1	7.098e3
234.9	2.030e3
236.0	2.954e4
237.0	4.552e3
238.0	3.594e3
239.0	2.569e3
239.5	2.990e2
240.0	3.602e4
241.1	7.664e3
241.9	6.744e3
243.1	6.320e3
244.0	5.193e3
245.1	3.868e3
246.0	2.139e3
246.9	2.626e3
247.5	6.331e3
248.2	8.840e2
249.1	1.526e4
250.1	1.809e3
250.9	2.047e3
252.0	1.031e3
253.1	2.832e3
254.1	1.202e3
255.1	2.207e3
256.0	2.883e3
257.0	4.701e3
258.0	5.510e3
259.0	4.027e3
260.0	6.031e3
261.0	3.936e3
262.0	1.128e4
263.0	5.903e3
263.9	3.998e3
264.4	6.300e1
265.0	4.366e3
266.0	3.551e3
267.0	3.365e3
268.0	2.669e3
269.0	4.444e3
269.9	1.078e3
270.9	1.384e3
272.0	1.133e3
273.1	2.642e3
274.0	1.762e3
275.0	4.462e3
276.0	1.233e3
277.1	4.242e3
277.9	4.811e3
279.0	7.703e3
280.0	3.542e3
281.0	4.117e3
282.1	3.443e3
283.0	1.915e3
283.9	6.202e3
284.5	1.930e2
285.0	3.100e3
286.0	4.720e3
286.9	4.007e3
287.9	3.608e3
289.0	3.833e3
289.6	7.600e1
290.1	7.426e3
291.0	2.534e3
292.0	8.097e3
293.0	2.478e3
294.1	1.604e3
295.0	2.694e3
295.9	4.636e3
296.9	2.039e3
297.7	6.981e3
298.4	2.020e2
299.1	2.752e3
299.9	2.946e3
300.9	2.231e3
302.0	3.634e3
303.1	2.006e3
304.0	3.044e3
305.0	7.002e3
306.0	4.510e3
307.0	5.420e3
308.1	8.595e3
309.0	3.521e3
309.9	4.932e3
310.5	1.430e2
311.0	5.066e3
312.0	5.352e3
313.0	5.486e3
314.0	3.771e3
315.0	5.386e3
315.9	2.032e3
317.0	1.255e4
318.1	3.897e3
318.8	1.065e3
319.4	3.616e3
320.1	1.127e3
321.0	5.005e3
321.9	1.340e3
322.9	5.296e3
323.6	3.500e1
324.1	1.220e4
325.0	5.333e3
326.0	2.997e3
326.9	2.895e3
327.9	5.794e3
328.9	3.395e3
330.0	5.187e3
330.5	9.700e1
331.0	7.037e3
332.0	3.653e3
333.0	6.117e3
334.0	7.006e3
334.9	4.289e3
335.4	1.800e2
336.0	5.211e3
336.6	4.660e2
337.1	6.407e3
337.9	2.225e3
338.5	1.390e2
339.0	3.790e3
340.0	6.041e3
341.1	5.192e3
342.1	3.634e3
343.0	3.956e3
343.9	4.008e3
345.0	5.002e3
345.9	3.149e3
346.8	6.598e3
347.3	1.010e2
348.1	3.042e3
349.0	5.360e3
349.9	2.413e3
350.9	4.992e3
352.0	3.459e3
353.0	1.876e4
354.0	2.740e3
354.5	1.120e2
355.1	5.713e3
356.0	4.456e3
356.5	2.260e2
357.0	1.080e4
358.0	5.705e3
358.9	3.152e3
360.0	6.001e3
361.0	3.112e3
361.9	4.075e3
362.4	2.080e2
363.0	6.144e3
363.5	7.100e1
364.0	7.458e3
365.0	1.921e3
366.0	4.414e3
367.0	2.421e3
368.0	2.429e3
369.0	2.982e3
370.0	3.360e3
370.9	1.980e3
371.9	2.858e3
373.0	4.628e3
374.1	2.471e3
375.0	3.700e3
376.0	4.322e3
377.0	3.963e3
378.0	5.213e3
378.5	4.230e2
379.1	8.069e3
380.0	2.914e3
380.9	3.438e3
381.9	4.792e3
383.0	3.772e3
384.0	2.535e3
384.9	8.225e3
386.0	3.077e3
386.9	3.302e3
388.0	3.798e3
388.9	2.657e3
390.0	1.156e3
391.0	2.859e3
391.9	5.389e3
392.9	3.067e3
393.6	1.140e2
394.1	3.949e3
395.0	3.419e3
395.8	5.439e3
396.5	5.560e2
397.1	4.255e3
398.1	4.538e3
399.0	3.533e3
399.9	2.017e3
400.6	4.060e2
401.2	8.436e3
402.0	3.281e3
403.0	3.800e3
403.9	2.221e3
404.5	5.570e2
405.1	5.060e3
406.0	2.756e3
407.0	3.210e3
407.7	9.110e2
408.3	3.238e3
409.2	2.651e3
410.0	1.496e3
411.0	3.828e3
412.0	4.783e3
412.8	8.670e2
413.4	5.197e3
414.1	2.327e3
414.9	2.918e3
415.8	2.622e3
417.0	8.114e3
418.0	4.664e3
419.0	3.638e3
419.9	2.913e3
420.9	7.937e3
421.5	1.150e2
422.1	4.003e3
423.0	2.365e3
423.9	2.979e3
424.5	1.330e2
425.0	6.773e3
425.6	5.010e2
426.1	3.769e3
427.0	1.886e3
427.9	5.081e3
428.5	1.820e2
429.1	5.158e3
430.0	5.373e3
430.6	5.860e2
431.2	3.278e3
432.1	3.352e3
433.0	3.806e3
434.0	4.742e3
435.0	4.719e3
436.0	3.048e3
437.0	2.272e3
438.0	3.378e3
439.1	2.532e3
440.0	3.535e3
440.5	2.400e1
441.0	3.269e3
442.0	2.807e3
443.0	3.675e3
444.0	9.735e3
444.9	2.881e3
445.6	2.300e1
446.1	5.785e3
447.0	6.300e3
448.1	3.681e3
449.0	2.314e3
449.9	1.932e3
451.0	3.116e3
451.9	5.514e3
453.0	5.096e3
454.0	3.415e3
455.0	3.280e3
455.9	2.129e3
456.4	2.430e2
457.0	5.353e3
457.9	3.131e3
459.0	2.193e3
459.8	5.243e3
460.8	4.449e3
461.3	1.960e2
461.9	3.218e3
462.9	5.502e3
464.1	5.340e3
464.9	3.435e3
466.0	7.590e3
467.0	3.232e3
467.6	7.500e1
468.1	4.363e3
468.9	7.528e3
469.9	3.833e3
470.9	3.543e3
471.8	2.698e3
472.9	2.888e3
473.7	4.534e3
474.5	6.500e1
475.0	3.035e3
476.0	2.639e3
477.0	3.722e3
477.9	2.353e3
478.9	3.462e3
479.9	2.364e3
480.4	7.800e1
480.9	4.013e3
482.0	2.997e3
483.0	4.442e3
483.9	5.339e3
484.5	4.600e2
485.0	8.245e3
485.6	9.640e2
486.3	5.533e3
487.0	2.486e3
488.0	1.081e3
489.0	5.858e3
489.8	2.689e3
490.4	6.000e2
491.0	6.471e3
491.8	3.205e3
492.4	1.950e2
493.0	3.968e3
493.9	3.146e3
494.9	3.767e3
495.9	3.581e3
496.7	5.487e3
497.3	5.640e2
497.9	3.664e3
498.6	6.240e2
499.2	2.776e3
500.1	2.562e3
500.7	2.800e2
501.2	6.440e3
502.1	2.469e3
503.0	3.505e3
504.1	4.192e3
504.6	3.740e2
505.2	4.122e3
506.0	3.238e3
506.9	4.093e3
507.4	4.070e2
508.1	3.780e3
509.1	4.034e3
510.0	5.010e2
510.7	4.001e3
511.5	5.740e2
512.2	3.312e3
512.9	3.610e2
513.5	3.225e3
514.1	1.288e3
515.0	3.874e3
516.0	3.206e3
517.0	5.635e3
517.5	4.500e1
518.0	2.618e3
519.0	4.216e3
519.9	3.129e3
520.4	1.400e1
520.9	5.221e3
521.9	3.827e3
522.8	3.020e3
523.8	5.224e3
524.4	1.850e2
525.0	3.176e3
525.9	3.605e3
526.9	2.926e3
527.9	2.977e3
528.7	3.930e3
529.7	3.642e3
530.2	3.230e2
530.9	3.645e3
531.5	1.000e2
532.0	4.376e3
532.5	3.100e1
533.0	4.644e3
534.1	3.752e3
534.9	3.890e3
535.9	2.522e3
536.5	5.400e1
537.0	5.945e3
537.9	3.899e3
538.6	1.600e2
539.2	3.730e3
540.2	3.403e3
541.1	2.630e3
542.1	3.606e3
543.0	1.365e3
543.8	5.498e3
544.4	1.470e2
545.0	4.624e3
546.0	2.866e3
546.9	3.640e3
547.9	2.955e3
549.0	2.963e3
550.0	2.706e3
551.0	3.838e3
551.9	2.986e3
553.0	5.479e3
553.5	3.200e1
554.0	3.294e3
554.7	3.970e2
555.2	6.525e3
556.1	1.716e3
556.9	4.363e3
557.9	3.810e3
558.4	1.010e2
559.0	3.023e3
559.9	2.818e3
560.9	2.201e3
561.7	3.121e3
562.4	5.200e1
562.9	3.782e3
563.9	4.664e3
564.8	1.629e3
565.7	3.672e3
566.6	3.430e3
567.3	8.510e2
568.0	3.374e3
568.6	4.900e2
569.1	5.341e3
570.0	2.383e3
570.5	2.800e1
571.0	4.457e3
571.9	2.711e3
572.9	5.214e3
573.9	3.750e3
574.4	5.800e1
575.0	3.780e3
575.9	3.929e3
576.8	3.192e3
577.3	2.650e2
577.9	1.855e3
578.8	5.389e3
579.3	2.220e2
579.9	3.887e3
580.9	2.838e3
581.9	3.881e3
582.9	4.625e3
583.8	3.237e3
584.4	1.130e2
584.9	3.462e3
585.9	2.225e3
586.9	1.171e3
587.8	4.551e3
588.4	1.890e2
589.0	5.821e3
589.9	4.579e3
590.9	2.543e3
591.6	3.658e3
592.3	1.296e3
593.0	2.863e3
593.6	6.000e1
594.1	4.603e3
595.0	2.548e3
595.8	6.228e3
596.6	2.516e3
597.3	2.272e3
598.1	3.881e3
599.0	3.549e3
600.0	2.900e3
600.6	5.030e2
601.3	3.694e3
602.1	3.760e2
602.8	4.555e3
603.4	2.760e2
604.0	3.080e3
605.0	5.912e3
605.8	1.909e3
606.6	4.342e3
607.4	2.812e3
608.3	4.677e3
609.1	1.556e3
609.9	1.911e3
610.7	3.720e3
611.3	7.600e1
611.8	4.060e3
612.8	3.978e3
613.8	4.020e3
614.8	3.643e3
615.8	4.449e3
616.5	6.080e2
617.2	4.340e3
618.0	1.621e3
618.8	3.069e3
619.7	2.735e3
620.3	7.130e2
621.0	4.076e3
621.6	3.050e2
622.1	3.764e3
623.0	3.607e3
623.9	3.593e3
624.9	2.450e3
626.0	4.103e3
626.9	2.353e3
627.7	3.677e3
628.6	1.475e3
629.6	4.129e3
630.2	3.470e2
630.9	1.606e3
631.9	2.533e3
632.8	4.624e3
633.7	2.424e3
634.3	1.590e2
634.9	2.734e3
635.6	3.797e3
636.2	4.950e2
636.9	5.967e3
637.9	2.317e3
638.4	1.020e2
639.0	2.700e3
639.6	2.450e2
640.2	2.001e3
641.0	3.642e3
642.0	1.342e3
642.7	2.098e3
643.5	4.718e3
644.3	8.490e2
644.9	5.065e3
646.0	2.876e3
646.5	1.740e2
647.1	2.909e3
648.1	2.109e3
649.0	1.874e3
649.6	4.480e2
650.1	2.013e3
651.2	5.425e3
652.1	1.205e3
652.9	5.029e3
653.4	2.820e2
654.0	4.236e3
655.0	2.248e3
656.0	2.145e3
657.1	4.548e3
657.6	8.200e1
658.2	3.045e3
659.3	3.755e3
659.9	7.460e2
660.6	5.194e3
661.5	2.735e3
662.3	5.990e2
663.0	3.840e3
663.9	2.517e3
664.5	4.730e2
665.1	2.400e3
666.1	2.834e3
667.0	1.949e3
667.9	4.371e3
668.8	3.251e3
669.7	4.669e3
670.7	2.510e3
671.5	1.608e3
672.2	6.690e2
672.9	4.542e3
673.9	2.383e3
674.8	2.133e3
675.4	1.050e2
676.0	1.441e3
676.9	4.108e3
677.9	5.325e3
678.4	2.020e2
679.0	4.824e3
680.0	4.822e3
680.8	1.632e3
681.8	2.441e3
682.8	3.890e3
683.9	4.361e3
684.8	3.003e3
685.4	5.430e2
686.1	3.045e3
686.8	6.190e2
687.6	3.412e3
688.2	5.510e2
688.9	6.038e3
690.0	3.228e3
690.6	3.220e2
691.1	4.348e3
691.7	3.400e2
692.3	2.820e3
693.1	1.328e3
693.9	4.130e3
694.9	2.914e3
695.9	2.008e3
696.7	2.439e3
697.4	3.480e2
698.1	3.375e3
698.6	1.140e2
699.1	5.321e3
699.9	3.133e3
700.4	1.290e2
701.0	2.536e3
701.5	3.090e2
702.1	4.321e3
703.0	2.172e3
703.9	3.873e3
704.8	3.373e3
705.7	4.172e3
706.8	4.352e3
707.4	7.300e2
708.0	5.543e3
708.9	1.818e3
709.7	2.941e3
710.4	8.400e2
711.1	4.154e3
711.9	2.256e3
712.5	5.750e2
713.2	2.822e3
713.9	6.890e2
714.6	3.831e3
715.3	9.550e2
715.9	3.100e3
716.9	3.487e3
717.9	2.192e3
718.7	3.100e3
719.6	6.950e2
720.3	3.342e3
721.2	3.633e3
722.1	2.537e3
722.9	4.614e3
723.7	2.306e3
724.3	5.990e2
725.1	3.198e3
726.0	3.677e3
726.9	3.530e3
728.0	1.930e3
728.8	2.266e3
729.4	1.770e2
730.1	1.799e3
731.0	3.433e3
731.5	4.890e2
732.1	4.018e3
732.7	5.020e2
733.4	2.159e3
734.0	3.040e2
734.7	2.357e3
735.3	2.630e2
735.9	1.635e3
736.8	3.342e3
737.3	7.330e2
738.0	3.078e3
739.0	1.341e3
739.8	2.860e3
740.4	3.000e2
741.0	4.569e3
742.0	3.544e3
742.6	6.040e2
743.2	3.229e3
743.9	1.645e3
745.0	4.278e3
745.5	3.250e2
746.1	2.839e3
747.0	2.964e3
747.9	1.824e3
748.8	2.978e3
749.3	8.100e1
749.8	3.245e3
750.8	4.189e3
751.9	3.168e3
752.9	1.991e3
753.9	2.537e3
754.6	5.200e2
755.4	1.956e3
756.3	1.214e3
757.2	4.392e3
758.0	1.333e3
759.0	2.476e3
759.5	9.100e1
760.1	2.660e3
761.1	2.884e3
761.7	1.010e2
762.2	1.373e3
763.1	2.835e3
763.6	1.900e1
764.1	1.669e3
765.0	2.522e3
765.9	3.552e3
766.7	2.459e3
767.8	2.500e3
768.7	4.140e3
769.5	4.290e2
770.2	2.883e3
771.0	2.158e3
771.6	2.090e2
772.1	1.116e3
772.9	4.010e3
773.8	1.145e3
774.7	1.850e3
775.6	4.529e3
776.5	1.977e3
777.3	3.025e3
777.9	4.120e2
778.4	4.410e3
779.1	6.910e2
779.7	2.785e3
780.7	3.506e3
781.8	1.821e3
782.8	4.065e3
783.5	8.980e2
784.3	2.169e3
785.1	1.881e3
786.0	3.214e3
786.6	3.970e2
787.2	3.211e3
788.1	1.323e3
788.9	3.387e3
790.0	3.994e3
790.7	7.210e2
791.3	5.732e3
792.1	1.367e3
792.8	2.631e3
793.7	4.314e3
794.4	2.940e2
795.0	2.438e3
795.9	1.888e3
796.8	4.434e3
797.7	1.917e3
798.4	2.884e3
799.0	8.900e2
799.7	3.176e3
800.6	2.558e3
801.3	2.200e2
802.0	3.105e3
803.1	2.802e3
803.9	4.776e3
804.5	1.690e2
805.0	3.324e3
805.9	2.577e3
806.8	1.799e3
807.5	3.830e2
808.3	1.936e3
809.2	3.338e3
809.9	5.320e2
810.5	4.770e3
811.3	7.920e2
811.9	2.737e3
812.7	4.330e2
813.3	2.936e3
813.9	8.980e2
814.7	9.710e2
815.5	3.845e3
816.4	3.536e3
817.2	6.170e2
817.9	1.936e3
818.9	3.323e3
819.8	2.462e3
820.6	4.670e2
821.3	2.182e3
822.1	1.483e3
822.9	1.796e3
823.5	2.460e2
824.1	2.121e3
824.9	3.448e3
825.8	2.128e3
826.9	3.091e3
827.8	3.295e3
828.3	1.710e2
828.8	2.618e3
829.8	1.651e3
830.8	1.891e3
831.8	1.546e3
832.7	2.091e3
833.6	4.470e2
834.2	2.106e3
835.0	1.109e3
835.7	3.990e3
836.7	2.030e3
837.8	2.940e3
838.4	3.040e2
839.1	3.181e3
840.1	1.019e3
840.9	1.884e3
842.0	3.318e3
842.9	8.470e2
843.7	3.831e3
844.8	2.958e3
845.3	3.040e2
845.9	6.420e2
846.8	7.950e2
847.7	1.853e3
848.6	1.134e3
849.2	2.800e2
849.9	1.063e3
850.8	2.494e3
851.4	2.700e1
851.9	2.050e3
852.8	2.861e3
853.4	3.180e2
854.2	3.442e3
854.9	1.361e3
855.8	3.080e3
856.4	2.190e2
857.0	1.847e3
858.0	1.466e3
858.8	2.930e3
859.6	6.610e2
860.4	3.623e3
861.0	1.090e2
861.6	3.558e3
862.2	4.890e2
862.8	2.793e3
863.8	2.655e3
864.5	3.320e2
865.1	2.734e3
865.6	1.340e2
866.1	2.079e3
866.9	1.103e3
867.8	3.419e3
868.4	6.150e2
868.9	1.672e3
869.7	2.578e3
870.6	6.300e2
871.4	3.772e3
872.1	1.690e2
872.7	2.717e3
873.6	5.370e2
874.3	2.771e3
875.4	2.406e3
876.4	2.447e3
877.0	7.560e2
877.7	3.076e3
878.7	1.783e3
879.2	3.250e2
879.8	2.412e3
880.9	2.158e3
881.4	1.050e2
881.9	1.965e3
882.8	1.819e3
883.5	8.920e2
884.2	2.239e3
885.1	2.575e3
885.9	5.530e2
886.8	2.109e3
887.4	2.270e2
888.0	2.313e3
888.9	1.220e3
889.6	2.189e3
890.5	3.137e3
891.2	4.290e2
891.8	2.999e3
892.7	7.160e2
893.5	2.530e3
894.1	1.650e2
894.8	2.370e3
895.5	3.000e1
896.0	1.436e3
896.9	6.400e2
897.9	1.345e3
898.9	2.317e3
899.8	2.195e3
900.8	2.452e3
901.7	8.840e2
902.5	2.230e2
903.0	3.183e3
903.8	1.350e3
904.8	2.561e3
905.6	3.250e2
906.3	1.488e3
907.2	1.282e3
908.1	2.092e3
908.8	6.040e2
909.3	2.392e3
910.2	1.056e3
911.1	2.533e3
912.0	1.148e3
912.9	8.720e2
913.8	2.821e3
914.8	3.841e3
915.8	1.015e3
916.7	3.827e3
917.5	7.170e2
918.4	1.965e3
919.0	5.630e2
919.8	2.499e3
920.7	1.793e3
921.6	7.710e2
922.5	2.735e3
923.3	8.020e2
923.9	3.335e3
925.0	2.419e3
926.0	1.636e3
926.9	3.127e3
927.8	2.668e3
928.5	1.402e3
929.3	1.767e3
930.2	2.320e3
931.1	1.883e3
932.0	1.801e3
933.1	3.041e3
934.0	1.414e3
934.9	2.530e3
935.9	1.730e3
936.8	1.212e3
937.5	1.901e3
938.5	2.030e3
939.3	5.070e2
940.0	1.138e3
940.9	1.760e3
941.8	2.819e3
942.7	2.418e3
943.3	4.060e2
943.9	1.643e3
944.4	4.600e1
945.0	1.722e3
946.2	1.772e3
947.0	8.740e2
947.8	2.498e3
948.5	3.310e2
949.1	1.002e3
949.9	2.281e3
950.8	1.286e3
951.4	3.290e2
952.2	2.211e3
953.2	5.650e2
954.0	2.770e2
954.6	2.626e3
955.8	2.153e3
956.7	1.970e3
957.8	2.012e3
958.7	4.920e2
959.5	2.015e3
960.3	4.160e2
961.0	1.873e3
961.6	1.730e2
962.1	1.217e3
963.0	1.664e3
963.7	1.364e3
964.3	4.740e2
965.0	2.547e3
966.0	1.731e3
966.8	4.226e3
967.8	2.362e3
968.7	8.770e2
969.3	1.140e2
969.9	3.363e3
970.8	2.158e3
971.5	2.320e2
972.1	1.563e3
972.9	1.866e3
973.5	2.540e2
974.1	1.148e3
974.8	9.610e2
975.6	2.576e3
976.5	9.610e2
977.3	3.773e3
978.1	6.550e2
979.0	2.376e3
979.8	1.294e3
980.8	1.574e3
981.6	1.603e3
983.1	2.242e3
984.0	1.042e3
985.0	1.405e3
985.8	2.196e3
986.6	2.274e3
987.6	1.283e3
988.7	1.536e3
989.4	1.065e3
990.0	2.310e2
990.6	8.670e2
991.7	1.938e3
992.2	2.350e2
992.9	1.482e3
993.9	2.356e3
995.2	2.336e3
995.8	2.190e2
996.4	2.447e3
997.2	2.542e3
998.1	5.450e2
999.0	1.810e3
1000.2	2.345e3
1001.1	4.672e3
1002.4	1.585e3
1003.1	8.740e2
1003.9	1.824e3
1004.7	1.108e3
1005.6	2.157e3
1006.3	1.890e2
1006.9	2.000e2
1007.6	8.620e2
1008.3	2.260e2
1009.0	1.856e3
1009.9	1.596e3
1010.5	8.600e1
1011.0	2.361e3
1012.1	1.251e3
1012.8	5.200e2
1013.7	1.912e3
1014.4	1.040e3
1015.2	1.973e3
1016.1	1.572e3
1017.0	1.920e3
1017.8	2.032e3
1018.8	1.449e3
1019.8	1.569e3
1020.3	7.900e1
1020.9	1.679e3
1021.6	1.161e3
1022.5	1.859e3
1023.1	4.510e2
1023.9	2.022e3
1024.8	5.960e2
1025.4	2.680e3
1026.2	8.860e2
1026.8	4.330e2
1027.5	2.964e3
1028.2	1.747e3
1028.7	1.150e2
1029.3	3.027e3
1029.9	7.860e2
1030.8	1.442e3
1031.5	3.730e2
1032.3	8.100e1
1032.9	9.450e2
1033.6	1.823e3
1034.2	1.860e2
1034.8	1.789e3
1035.6	1.277e3
1036.7	3.191e3
1037.3	5.840e2
1038.3	1.487e3
1039.0	6.820e2
1039.5	2.731e3
1040.2	8.110e2
1040.8	2.225e3
1041.4	3.390e2
1042.2	1.956e3
1042.8	6.200e1
1043.3	2.025e3
1044.3	1.608e3
1044.8	4.700e1
1045.3	2.238e3
1046.1	3.720e2
1046.6	3.057e3
1047.7	9.440e2
1048.7	1.761e3
1049.7	1.183e3
1050.8	1.005e3
1051.7	9.570e2
1052.8	1.080e3
1053.9	1.156e3
1054.9	2.025e3
1055.9	1.645e3
1056.8	1.374e3
1057.8	2.598e3
1059.0	2.161e3
1059.7	3.130e2
1060.9	3.233e3
1062.1	1.643e3
1062.8	2.310e2
1063.8	1.778e3
1064.8	1.637e3
1065.7	9.870e2
1066.6	2.178e3
1067.2	1.180e2
1067.7	1.139e3
1068.9	8.480e2
1069.8	1.364e3
1070.6	1.234e3
1071.3	6.500e1
1071.9	1.225e3
1072.7	2.687e3
1073.7	3.150e3
1074.6	1.233e3
1075.4	2.270e2
1076.1	2.016e3
1077.2	2.809e3
1078.0	1.887e3
1078.5	1.780e2
1079.3	2.010e3
1080.2	5.390e2
1081.0	2.168e3
1082.0	1.158e3
1083.1	2.636e3
1083.9	2.861e3
1084.7	1.792e3
1085.6	1.305e3
1086.3	6.250e2
1087.0	3.147e3
1088.0	1.353e3
1088.9	4.880e2
1089.6	8.630e2
1090.6	1.390e3
1091.7	5.730e2
1092.5	1.020e2
1093.2	2.660e3
1094.0	3.040e2
1094.7	3.156e3
1095.5	9.940e2
1096.1	5.300e2
1096.8	2.003e3
1097.8	8.830e2
1098.6	3.770e2
1099.1	7.500e1
1099.6	1.918e3
1100.2	2.320e2
1100.7	5.900e2
1101.5	4.600e2
1102.1	1.300e1
1102.6	1.456e3
1103.3	2.000e1
1103.8	1.330e3
1104.6	1.538e3
1105.4	1.532e3
1106.0	3.900e1
1106.5	1.370e3
1107.2	5.870e2
1107.9	2.027e3
1108.6	2.200e2
1109.5	2.398e3
1110.3	3.370e2
1111.0	3.399e3
1111.7	2.030e2
1112.4	2.086e3
1113.2	3.280e2
1113.7	2.670e3
1114.5	5.430e2
1115.0	2.101e3
1116.1	1.586e3
1116.9	3.590e2
1117.8	6.570e2
1118.7	1.417e3
1119.6	2.149e3
1120.6	9.760e2
1121.4	1.589e3
1122.3	2.662e3
1122.8	1.620e2
1123.5	6.690e2
1124.3	1.900e1
1124.9	5.490e2
1125.6	9.700e2
1126.3	3.800e1
1126.9	1.700e1
1127.5	2.308e3
1128.7	2.068e3
1129.4	2.880e2
1130.3	2.710e2
1130.9	1.437e3
1132.0	1.086e3
1132.9	3.860e2
1133.7	1.363e3
1134.2	1.390e2
1134.7	1.361e3
1135.4	5.200e1
1136.0	1.393e3
1136.5	4.700e1
1137.1	1.627e3
1137.9	2.419e3
1138.6	2.970e2
1139.5	1.024e3
1140.4	4.780e2
1141.4	7.980e2
1142.4	1.529e3
1143.1	1.600e2
1143.6	1.019e3
1144.7	1.566e3
1145.4	5.190e2
1146.2	1.246e3
1147.2	1.548e3
1148.1	1.320e2
1148.7	1.723e3
1149.5	1.384e3
1150.2	2.220e2
1150.7	1.929e3
1151.7	1.474e3
1152.4	3.330e2
1152.9	1.200e1
1153.6	6.100e2
1154.3	1.632e3
1155.2	1.773e3
1155.7	8.700e1
1156.3	8.990e2
1157.1	7.670e2
1157.8	2.561e3
1158.5	8.500e2
1159.3	1.843e3
1160.0	6.470e2
1160.7	1.399e3
1161.4	2.840e2
1161.9	2.370e2
1162.5	1.821e3
1163.2	1.220e2
1163.8	1.414e3
1164.7	1.526e3
1165.6	1.042e3
1166.3	3.430e2
1167.0	2.491e3
1167.7	1.064e3
1168.6	6.400e2
1169.4	8.400e2
1170.1	5.660e2
1171.0	1.584e3
1171.9	1.543e3
1172.5	3.110e2
1173.2	1.600e3
1173.9	5.290e2
1174.6	1.641e3
1175.6	1.233e3
1176.4	2.480e2
1176.9	9.760e2
1178.0	4.530e2
1178.7	1.810e2
1179.3	1.930e3
1179.9	3.820e2
1180.5	2.150e2
1181.1	2.142e3
1182.0	9.470e2
1182.7	8.730e2
1183.6	1.136e3
1184.6	1.260e2
1185.3	1.053e3
1186.3	2.066e3
1186.9	2.290e2
1187.5	9.310e2
1188.2	6.210e2
1189.2	1.184e3
1189.9	1.260e2
1190.8	2.210e2
1191.4	7.870e2
1192.2	1.319e3
1193.0	1.882e3
1193.6	1.740e2
1194.3	1.120e2
1194.9	1.860e3
1195.5	7.910e2
1196.3	1.980e2
1197.0	2.451e3
1197.5	3.420e2
1198.1	1.569e3
1199.1	9.900e2
1200.0	1.700e2
1200.5	4.560e2
1201.3	1.329e3
1202.0	7.890e2
1202.7	1.771e3
1203.7	4.970e2
1205.0	2.335e3
1205.7	1.880e2
1206.2	3.890e2
1207.1	1.624e3
1208.0	8.430e2
1208.7	1.793e3
1209.9	9.680e2
1210.9	1.726e3
1211.8	2.622e3
1212.7	2.350e2
1213.3	9.570e2
1214.2	2.880e2
1215.2	8.500e2
1216.2	1.360e2
1216.7	4.960e2
1217.3	1.330e2
1218.1	1.504e3
1219.3	8.680e2
1220.2	1.971e3
1221.0	4.520e2
1221.8	1.526e3
1222.6	4.770e2
1223.7	8.200e2
1224.5	1.343e3
1225.5	1.591e3
1226.2	1.400e1
1226.8	1.613e3
1227.8	1.813e3
1228.4	1.400e1
1228.9	3.106e3
1229.8	5.290e2
1230.5	1.765e3
1231.4	1.125e3
1232.5	4.640e2
1233.7	1.327e3
1234.3	1.420e2
1234.9	1.332e3
1235.7	4.230e2
1236.5	1.408e3
1237.6	1.007e3
1238.3	1.760e2
1238.9	1.257e3
1240.0	1.336e3
1240.8	7.440e2
1241.6	2.490e2
1242.3	5.960e2
1243.0	4.240e2
1243.6	1.782e3
1244.3	6.200e1
1244.9	1.061e3
1246.0	8.600e2
1246.5	1.200e1
1247.0	5.180e2
1247.8	8.400e2
1248.6	1.123e3
1249.3	2.760e2
1250.0	4.690e2
1250.7	1.400e1
1251.6	1.470e3
1253.1	1.590e3
1254.6	1.299e3
1255.4	5.080e2
1256.1	3.270e2
1256.9	2.213e3
1257.6	4.210e2
1258.3	1.790e2
1259.3	5.750e2
1260.1	1.823e3
1261.0	4.270e2
1261.9	1.087e3
1262.6	5.000e2
1263.1	1.340e2
1263.6	4.420e2
1264.5	8.770e2
1265.3	2.362e3
1266.2	1.140e3
1266.8	7.730e2
1267.6	1.312e3
1269.0	1.497e3
1270.4	1.995e3
1271.3	3.180e2
1272.0	1.211e3
1273.1	8.400e2
1274.1	9.160e2
1274.8	9.200e1
1275.5	6.510e2
1276.3	1.686e3
1277.2	2.474e3
1277.8	1.500e1
1278.5	7.010e2
1279.5	1.300e3
1280.5	1.082e3
1281.2	3.160e2
1282.4	5.830e2
1283.2	1.937e3
1283.9	2.290e2
1284.9	9.370e2
1285.5	1.700e1
1286.3	5.490e2
1286.8	8.900e1
1287.4	3.330e2
1288.2	1.512e3
1289.6	1.047e3
1290.4	3.190e2
1291.3	1.817e3
1292.2	3.600e2
1292.7	1.697e3
1293.8	5.050e2
1294.8	1.602e3
1295.5	4.640e2
1296.7	1.952e3
1297.7	6.390e2
1298.7	4.620e2
1299.6	1.146e3
1300.4	2.247e3
1301.2	4.180e2
1302.1	5.490e2
1302.7	3.090e2
1303.7	1.145e3
1304.4	2.640e2
1305.1	1.123e3
1305.9	5.440e2
1306.9	2.750e2
1307.6	4.750e2
1308.5	5.000e2
1309.3	1.560e2
1310.0	1.513e3
1310.9	5.660e2
1311.7	1.098e3
1312.3	3.170e2
1312.8	1.412e3
1313.7	2.170e2
1314.5	9.870e2
1315.2	5.870e2
1316.0	2.320e3
1316.9	7.490e2
1317.7	4.290e2
1318.5	2.790e2
1319.2	1.079e3
1320.3	1.116e3
1320.9	2.680e2
1321.8	1.696e3
1322.6	1.510e2
1323.1	1.349e3
1323.8	1.557e3
1324.4	3.300e1
1324.9	1.332e3
1325.9	4.840e2
1326.8	2.410e2
1327.6	9.180e2
1328.4	1.866e3
1329.0	4.700e2
1329.5	1.706e3
1330.6	8.770e2
1331.2	1.210e2
1331.9	6.330e2
1332.8	1.600e2
1333.3	1.601e3
1334.0	1.441e3
1334.6	5.660e2
1335.5	1.489e3
1336.1	9.900e1
1336.6	1.403e3
1337.3	2.640e2
1338.3	5.320e2
1339.3	2.602e3
1340.0	1.025e3
1341.0	1.558e3
1341.9	6.750e2
1342.6	1.688e3
1343.2	2.920e2
1343.9	9.370e2
1344.9	1.354e3
1345.5	9.220e2
1346.0	9.500e1
1346.8	2.520e2
1347.5	1.137e3
1348.3	8.680e2
1349.4	8.200e1
1350.2	3.130e2
1351.1	1.156e3
1352.0	6.480e2
1352.6	1.120e2
1353.8	1.616e3
1354.8	9.690e2
1355.5	2.060e2
1356.1	9.250e2
1357.0	6.400e1
1357.7	8.850e2
1358.8	1.180e3
1359.5	2.650e2
1360.3	2.170e2
1361.2	4.760e2
1361.9	1.780e2
1362.9	2.370e2
1363.6	1.079e3
1364.9	1.053e3
1366.0	1.980e2
1366.5	9.330e2
1367.4	1.570e2
1368.5	1.401e3
1369.1	1.400e2
1369.8	1.196e3
1370.6	9.140e2
1371.5	6.950e2
1373.9	1.006e3
1375.0	1.038e3
1375.6	6.110e2
1376.2	1.200e1
1376.8	2.990e2
1377.6	9.180e2
1378.2	7.200e1
1378.8	3.440e2
1379.5	1.371e3
1381.0	8.570e2
1382.2	1.510e3
1383.0	1.760e2
1383.7	9.210e2
1384.5	1.460e2
1385.1	3.100e1
1385.9	4.640e2
1386.7	2.670e2
1387.6	1.364e3
1388.9	5.810e2
1389.5	3.200e1
1390.5	1.607e3
1391.5	5.660e2
1392.3	6.980e2
1392.9	4.200e1
1393.4	1.077e3
1394.3	1.040e2
1394.9	5.880e2
1396.1	4.650e2
1396.8	3.490e2
1397.8	1.005e3
1398.7	9.240e2
1400.0	7.350e2
1401.0	7.760e2
1401.9	1.330e2
1402.5	5.860e2
1404.3	7.420e2
1405.2	4.380e2
1405.8	4.590e2
1406.6	6.130e2
1407.6	1.540e2
1408.2	1.425e3
1409.2	2.430e2
1410.2	2.355e3
1410.9	8.640e2
1411.8	8.860e2
1412.6	9.360e2
1413.2	3.590e2
1413.8	1.610e2
1414.4	4.620e2
1415.1	4.920e2
1416.0	1.220e3
1416.7	3.320e2
1417.6	1.005e3
1418.2	5.600e1
1418.9	1.427e3
1419.5	2.700e1
1420.1	1.117e3
1421.1	8.630e2
1421.8	7.200e2
1422.4	8.500e1
1423.0	1.580e2
1424.2	1.455e3
1425.3	1.820e2
1425.8	3.260e2
1426.6	1.619e3
1427.6	7.490e2
1428.3	5.440e2
1429.0	3.410e2
1429.8	1.033e3
1430.5	1.980e2
1431.1	9.690e2
1432.0	4.200e1
1432.9	1.140e3
1434.1	5.350e2
1434.7	2.130e2
1435.2	7.500e1
1436.1	2.280e2
1437.0	3.520e2
1437.6	8.600e1
1438.4	2.910e2
1439.0	7.110e2
1439.8	1.127e3
1440.3	3.300e1
1441.1	8.390e2
1442.2	5.010e2
1443.4	6.040e2
1444.1	6.530e2
1445.1	5.630e2
1445.8	1.090e3
1446.9	5.120e2
1447.6	1.446e3
1448.4	4.390e2
1449.4	1.734e3
1450.3	2.580e2
1450.9	9.900e1
1451.6	1.370e3
1452.3	2.910e2
1453.2	1.301e3
1453.8	1.350e2
1454.5	5.590e2
1455.3	1.157e3
1456.1	1.438e3
1456.8	8.330e2
1458.0	6.550e2
1459.0	8.160e2
1459.9	3.700e2
1460.6	3.350e2
1461.8	4.370e2
1462.5	1.716e3
1463.5	4.610e2
1464.7	5.830e2
1465.9	7.720e2
1467.2	7.930e2
1468.4	7.070e2
1469.7	2.620e2
1470.5	7.800e1
1471.0	1.537e3
1471.6	2.480e2
1472.2	2.300e1
1472.8	6.480e2
1473.5	1.370e2
1474.1	3.930e2
1474.8	1.890e2
1475.4	1.150e2
1476.1	1.968e3
1477.3	5.030e2
1478.0	1.468e3
1478.6	1.070e2
1479.1	1.024e3
1479.7	3.910e2
1480.3	1.250e2
1480.8	5.540e2
1481.6	2.780e2
1482.3	2.156e3
1483.2	1.980e2
1484.5	1.740e2
1485.3	1.242e3
1487.0	7.460e2
1487.8	1.514e3
1488.8	5.260e2
1489.7	1.630e2
1491.0	9.710e2
1491.9	1.650e2
1492.9	8.340e2
1493.9	2.500e1
1494.6	1.372e3
1495.2	8.100e1
1496.0	3.810e2
1496.7	7.020e2
1497.3	7.100e1
1497.9	3.120e2
1499.1	8.680e2
1499.9	1.600e2
1500.5	1.840e2
1501.4	5.480e2
1502.2	7.320e2
1502.7	1.380e2
1503.4	8.440e2
1503.9	3.200e1
1505.6	1.763e3
1506.4	3.170e2
1507.5	7.080e2
1508.9	6.360e2
1510.3	6.300e2
1511.0	4.480e2
1511.8	4.110e2
1512.5	8.860e2
1513.3	3.560e2
1514.4	3.610e2
1515.1	6.500e1
1515.9	9.600e1
1516.5	6.300e2
1517.2	2.430e2
1518.3	1.550e3
1519.9	7.390e2
1520.6	2.740e2
1521.3	7.210e2
1522.2	6.290e2
1523.1	9.550e2
1524.2	9.890e2
1525.1	4.040e2
1526.0	2.460e2
1526.7	1.690e3
1527.5	1.253e3
1528.4	9.500e1
1530.0	5.650e2
1530.9	5.650e2
1532.2	9.100e1
1533.0	6.990e2
1533.5	3.350e2
1534.0	5.100e1
1534.7	5.800e1
1535.4	3.500e1
1536.1	1.008e3
1537.0	1.860e2
1537.9	1.246e3
1539.1	2.311e3
1540.5	1.584e3
1541.2	1.150e2
1541.8	3.170e2
1542.6	1.008e3
1543.6	1.496e3
1544.6	3.640e2
1545.4	7.720e2
1546.1	4.250e2
1547.9	2.930e2
1548.6	1.432e3
1549.4	7.390e2
1550.3	6.510e2
1551.8	5.730e2
1552.7	3.130e2
1553.2	1.807e3
1554.3	1.008e3
1555.7	1.440e2
1556.4	8.900e1
1557.0	1.463e3
1557.8	1.284e3
1558.5	7.280e2
1559.5	2.160e2
1560.7	2.760e3
1561.9	4.110e2
1562.6	1.780e3
1564.3	3.200e1
1564.9	1.190e2
1565.6	2.590e2
1566.3	5.530e2
1567.2	2.360e2
1568.8	8.850e2
1569.8	4.750e2
1570.8	8.400e2
1572.3	2.950e2
1572.8	7.700e1
1573.5	6.410e2
1574.3	1.042e3
1575.2	9.060e2
1576.0	5.490e2
1577.2	1.610e2
1577.8	3.360e2
1578.5	2.520e2
1579.5	3.300e1
1580.4	1.279e3
1581.1	4.860e2
1582.6	1.200e1
1583.1	1.430e2
1584.0	3.980e2
1584.6	3.340e2
1585.3	3.820e2
1586.0	7.090e2
1586.8	3.110e2
1587.3	6.600e1
1587.9	4.490e2
1588.6	6.130e2
1589.3	4.230e2
1590.1	4.860e2
1590.9	5.020e2
1592.2	1.933e3
1592.7	1.310e2
1593.5	1.547e3
1594.8	3.840e2
1595.6	9.000e1
1596.6	2.140e2
1597.2	3.410e2
1597.9	9.500e1
1598.5	5.300e2
1599.2	5.900e1
1599.9	4.400e2
1600.5	1.200e1
1601.4	4.380e2
1602.1	1.200e2
1602.6	2.120e2
1603.3	3.280e2
1605.2	1.049e3
1606.1	2.790e2
1607.6	2.010e2
1608.4	3.500e1
1609.3	1.400e1
1610.0	3.270e2
1610.9	1.810e2
1611.5	1.770e3
1612.1	3.380e2
1614.1	1.072e3
1614.8	1.460e2
1615.4	2.240e2
1616.4	2.500e2
1617.2	1.690e2
1617.9	1.810e3
1618.8	5.000e1
1619.4	5.070e2
1620.0	1.600e1
1620.5	1.457e3
1621.7	7.500e1
1622.5	1.140e2
1624.1	7.050e2
1624.8	8.600e1
1626.0	5.310e2
1627.3	8.900e2
1627.9	3.410e2
1628.6	6.230e2
1629.4	2.010e2
1630.7	4.000e2
1631.2	8.100e1
1631.8	6.630e2
1632.7	5.380e2
1633.3	1.030e2
1634.3	6.410e2
1635.0	1.870e2
1635.7	1.345e3
1636.2	1.200e1
1636.8	1.298e3
1638.5	8.360e2
1639.1	2.380e2
1639.9	4.800e2
1640.5	1.550e2
1641.1	6.720e2
1642.1	6.440e2
1642.7	1.140e2
1643.4	2.890e2
1644.0	9.250e2
1644.6	1.200e1
1645.8	6.000e1
1646.7	3.190e2
1647.5	6.390e2
1648.3	2.560e2
1649.2	3.080e2
1650.0	1.539e3
1650.9	3.250e2
1651.9	2.730e2
1653.0	3.100e1
1654.0	2.620e2
1654.7	4.860e2
1655.3	1.545e3
1656.0	3.310e2
1656.8	5.880e2
1657.6	1.208e3
1658.6	1.149e3
1659.4	5.200e1
1660.4	7.010e2
1661.3	2.000e1
1661.9	1.190e2
1662.7	1.814e3
1663.8	3.390e2
1664.8	6.230e2
1665.6	7.700e1
1666.7	1.310e2
1668.0	1.500e2
1669.1	9.890e2
1669.7	7.300e1
1670.9	2.860e2
1671.5	7.400e2
1672.2	7.760e2
1672.8	4.950e2
1673.7	3.190e2
1674.7	7.800e2
1675.2	1.040e2
1676.2	2.760e2
1677.0	6.900e2
1678.4	1.670e2
1678.9	8.770e2
1679.6	2.010e2
1680.4	1.224e3
1681.1	2.090e2
1682.2	2.480e2
1683.0	1.199e3
1683.7	1.360e2
1684.7	5.100e2
1686.3	1.031e3
1687.6	5.050e2
1689.0	9.510e2
1690.2	1.327e3
1691.4	8.720e2
1692.5	4.670e2
1693.1	1.500e1
1695.4	9.640e2
1696.4	5.870e2
1697.3	7.500e1
1698.6	1.500e1
1699.8	3.860e2
1700.9	5.380e2
1703.5	1.270e3
1704.2	1.370e2
1704.8	3.550e2
1706.9	3.300e2
1707.7	4.660e2
1708.4	2.610e2
1709.3	1.390e2
1710.2	5.790e2
1711.1	7.420e2
1712.6	8.200e2
1713.3	9.310e2
1714.1	1.080e2
1714.8	2.018e3
1715.5	2.150e2
1716.5	5.480e2
1717.8	6.440e2
1718.7	7.470e2
1719.6	2.560e2
1720.4	1.469e3
1721.1	1.270e2
1721.8	5.600e1
1723.0	8.900e1
1723.9	2.290e2
1724.8	1.280e2
1725.5	5.460e2
1726.0	3.100e1
1726.6	1.344e3
1727.5	5.300e2
1728.3	2.800e1
1729.2	4.000e2
1730.2	7.100e2
1731.4	3.680e2
1733.8	7.650e2
1734.9	9.700e1
1736.0	3.210e2
1736.8	3.700e2
1737.9	6.300e1
1738.7	5.030e2
1739.6	1.240e3
1740.5	6.400e2
1741.1	1.670e2
1741.7	4.680e2
1742.4	6.680e2
1743.1	6.700e1
1744.4	4.100e2
1745.2	2.240e2
1745.9	2.040e2
1747.6	6.270e2
1748.3	3.110e2
1749.1	1.604e3
1749.9	1.482e3
1750.6	3.100e1
1751.2	5.880e2
1752.0	2.960e2
1753.1	1.178e3
1753.6	6.000e1
1754.1	1.421e3
1754.9	2.370e2
1755.7	2.890e2
1756.8	1.420e2
1757.4	3.660e2
1758.1	2.250e2
1758.9	1.800e1
1759.6	5.810e2
1760.5	3.020e2
1761.3	1.980e2
1761.9	3.020e2
1762.6	2.600e2
1763.7	1.440e2
1764.3	1.630e2
1765.3	4.070e2
1766.2	8.500e1
1768.0	6.200e1
1770.4	8.400e1
1771.6	9.020e2
1772.6	4.930e2
1773.1	1.490e2
1774.7	1.514e3
1775.3	3.000e2
1776.7	7.090e2
1777.8	7.550e2
1778.6	1.300e1
1779.1	5.900e1
1782.0	4.020e2
1782.9	1.210e2
1783.8	3.370e2
1784.7	3.920e2
1785.2	2.170e2
1785.9	1.200e1
1787.0	6.000e1
1787.6	8.090e2
1788.1	1.770e2
1788.7	5.990e2
1789.4	5.650e2
1790.2	1.300e1
1791.6	1.700e2
1792.5	1.079e3
1795.1	5.070e2
1796.4	6.590e2
1797.5	7.390e2
1798.6	1.146e3
1799.2	2.380e2
1800.5	1.329e3
1801.5	8.220e2
1803.0	2.300e1
1803.8	1.780e2
1804.5	5.630e2
1805.2	6.320e2
1805.7	1.370e2
1807.1	3.810e2
1807.8	6.300e1
1808.6	2.050e2
1809.4	8.200e1
1810.0	7.450e2
1811.0	1.540e2
1811.9	1.700e2
1812.5	4.880e2
1813.1	1.200e1
1813.7	3.340e2
1814.3	4.300e1
1815.8	5.180e2
1817.4	2.600e1
1818.0	3.250e2
1819.0	8.840e2
1819.8	5.610e2
1821.0	2.160e2
1821.5	1.154e3
1822.6	3.330e2
1823.3	3.500e2
1825.4	3.990e2
1826.3	1.400e1
1827.5	1.350e2
1828.2	1.100e2
1828.8	4.740e2
1829.6	2.600e1
1830.2	1.241e3
1831.1	3.550e2
1832.2	1.036e3
1833.6	5.440e2
1834.6	9.200e1
1835.4	6.840e2
1836.6	3.320e2
1837.4	7.430e2
1838.4	3.100e1
1839.4	5.000e1
1840.3	4.190e2
1840.8	1.425e3
1841.5	4.810e2
1842.9	2.950e2
1843.7	1.420e2
1844.5	3.350e2
1846.4	3.800e1
1846.9	3.710e2
1847.6	5.290e2
1848.2	1.360e2
1849.1	3.900e1
1849.7	1.410e2
1850.5	5.700e1
1851.6	2.140e2
1852.3	9.600e1
1853.0	6.350e2
1854.1	2.290e2
1854.9	2.190e2
1856.1	5.860e2
1857.4	7.000e1
1858.1	1.780e2
1859.7	5.070e2
1860.6	6.300e2
1861.3	3.600e2
1862.0	1.300e1
1862.6	7.900e1
1863.3	1.366e3
1864.3	3.750e2
1864.9	1.330e2
1865.4	8.050e2
1866.4	4.180e2
1867.2	4.500e1
1868.5	2.460e2
1870.7	1.200e1
1871.8	1.970e2
1872.7	2.204e3
1873.4	4.560e2
1874.0	1.500e1
1874.8	3.860e2
1875.6	4.550e2
1876.3	4.500e1
1876.9	1.760e2
1877.8	2.210e2
1878.4	2.270e2
1880.6	8.510e2
1881.7	7.200e2
1882.8	3.980e2
1884.6	8.390e2
1885.9	6.920e2
1887.0	2.810e2
1887.6	2.860e2
1888.6	1.200e1
1889.7	3.470e2
1890.9	3.460e2
1892.3	5.200e2
1893.0	5.300e2
1894.5	6.020e2
1895.4	1.031e3
1896.8	4.810e2
1897.7	5.520e2
1899.2	3.770e2
1900.5	4.910e2
1901.9	3.940e2
1902.8	1.800e1
1903.7	3.860e2
1904.4	1.200e1
1905.0	7.900e1
1905.9	8.400e1
1906.6	1.560e2
1908.0	3.810e2
1910.4	4.370e2
1911.9	6.470e2
1912.8	5.110e2
1913.4	4.150e2
1914.3	1.980e2
1916.4	7.900e1
1917.8	1.383e3
1918.6	2.080e2
1919.3	1.820e2
1920.8	4.070e2
1921.5	2.720e2
1922.8	3.570e2
1923.8	2.440e2
1924.6	9.350e2
1925.6	3.360e2
1926.1	1.660e2
1927.7	1.910e2
1928.6	1.147e3
1930.5	4.400e2
1933.1	7.730e2
1934.0	9.400e1
1934.7	1.312e3
1935.4	1.890e2
1936.0	4.660e2
1936.6	6.090e2
1938.2	2.900e2
1939.4	3.080e2
1940.6	7.820e2
1941.6	2.470e2
1942.3	6.770e2
1942.9	1.800e1
1944.5	3.230e2
1945.1	1.220e2
1946.7	9.610e2
1947.3	1.900e2
1948.9	4.070e2
1950.1	1.130e2
1950.9	6.160e2
1951.5	1.210e2
1952.0	2.360e2
1952.8	5.030e2
1953.6	3.010e2
1954.9	8.800e1
1955.7	1.920e2
1956.5	1.470e2
1957.4	5.640e2
1958.7	4.040e2
1959.8	9.780e2
1960.7	7.800e1
1962.0	7.540e2
1964.2	7.000e1
1965.1	1.300e1
1965.9	1.700e2
1967.4	1.580e3
1968.9	1.127e3
1970.1	4.700e1
1971.2	1.400e1
1972.4	2.500e2
1974.7	4.000e1
1975.6	7.030e2
1978.6	1.350e2
1980.5	1.010e2
1981.7	5.720e2
1982.3	1.400e1
1986.2	7.250e2
1987.3	9.850e2
1988.4	1.300e1
1989.1	2.470e2
1990.2	6.480e2
1991.6	1.270e2
1992.7	2.380e2
1993.7	2.800e2
1994.2	1.200e1
1995.1	4.880e2
1996.7	9.520e2
1997.8	3.400e2
1998.8	8.190e2
