100.4	6.501e4
101.2	8.225e5
101.7	1.418e3
102.2	6.789e5
103.2	1.290e6
103.7	1.189e3
104.2	5.319e6
105.2	1.051e6
106.2	5.198e5
106.8	1.627e4
107.3	3.862e5
108.2	2.593e5
109.0	5.549e5
109.6	1.996e4
110.2	2.575e6
110.7	1.117e3
111.2	1.872e6
112.2	5.732e5
113.2	6.247e5
114.2	6.128e5
114.7	7.758e3
115.2	6.345e5
115.7	5.710e2
116.2	9.133e5
117.2	1.405e6
117.7	1.744e3
118.3	9.616e5
119.1	8.759e5
119.7	3.019e3
120.3	9.526e5
121.3	2.273e5
122.3	6.052e5
123.1	6.687e5
123.6	1.044e4
124.2	1.318e5
125.2	2.759e5
126.2	5.098e5
126.7	4.080e2
127.2	1.822e6
128.2	1.277e6
129.2	2.659e6
129.7	2.333e3
130.3	2.506e6
131.2	6.761e5
131.7	1.192e4
132.3	3.064e6
133.3	1.578e6
134.3	4.686e5
135.3	2.293e5
136.2	3.677e5
137.1	3.179e5
137.7	1.642e4
138.3	1.057e6
138.8	4.040e3
139.3	4.181e5
140.2	2.878e5
141.2	2.541e5
142.2	1.732e6
142.7	5.322e3
143.2	8.217e5
144.2	4.787e5
144.7	1.994e3
145.3	1.504e6
145.8	7.500e2
146.3	4.999e5
147.3	2.200e6
148.3	2.822e5
149.2	4.098e5
149.7	3.613e3
150.3	2.678e5
151.3	8.466e5
151.8	3.340e3
152.3	2.888e5
153.3	2.174e5
154.2	1.451e5
155.2	3.186e5
155.8	4.562e3
156.3	2.821e6
157.3	7.548e5
158.2	4.979e5
159.2	9.720e5
160.2	6.404e5
161.3	4.417e5
162.2	1.469e5
162.8	9.875e3
163.3	1.203e6
163.8	1.105e3
164.3	2.289e5
165.2	1.670e5
165.7	1.328e3
166.3	2.710e6
166.9	5.990e3
167.4	4.928e5
168.3	3.084e5
169.3	3.112e5
170.3	1.755e5
170.8	3.040e3
171.3	4.779e5
172.3	2.149e5
173.3	3.014e5
173.8	1.653e3
174.3	1.464e5
175.3	1.425e6
176.3	4.315e5
177.3	2.733e5
178.3	1.277e5
178.8	6.070e2
179.3	1.293e5
179.8	3.834e3
180.3	2.745e5
181.3	1.836e5
182.3	3.021e5
183.2	1.316e6
183.8	6.424e3
184.3	2.502e5
185.2	8.994e5
186.2	2.619e5
186.7	4.416e3
187.2	7.056e5
187.8	8.500e2
188.3	1.350e6
189.3	5.058e5
190.3	1.788e5
191.3	3.701e5
192.3	2.226e5
193.2	3.749e5
193.8	6.394e3
194.3	3.258e5
195.3	1.428e5
195.9	5.382e3
196.4	1.447e6
197.4	3.603e5
198.4	6.897e5
199.3	3.465e5
200.2	3.956e5
200.7	3.226e3
201.3	3.373e5
202.3	1.966e5
202.8	4.723e3
203.3	8.679e5
204.3	3.420e5
204.8	1.791e3
205.3	4.675e6
205.8	7.990e2
206.3	7.503e5
207.3	4.505e5
208.3	1.786e5
209.2	2.261e5
209.7	3.080e2
210.3	4.374e5
211.3	1.833e5
212.1	4.186e5
212.6	1.178e4
213.2	1.884e5
214.3	5.950e6
215.3	1.518e6
216.3	5.592e5
217.3	5.457e5
217.8	5.190e2
218.4	2.764e5
219.3	3.749e6
220.2	8.112e5
221.3	7.888e5
221.8	4.295e3
222.3	2.142e5
223.3	1.584e5
224.3	4.548e5
225.3	2.568e5
226.2	2.065e5
226.7	3.671e3
227.3	2.215e5
228.3	1.889e5
229.3	1.163e6
230.3	2.253e5
231.2	2.125e6
231.7	8.676e3
232.3	3.156e5
233.3	4.013e5
234.3	2.353e5
235.3	1.925e5
235.8	1.779e3
236.3	7.880e5
237.3	3.596e5
237.8	2.950e3
238.3	1.743e5
239.2	1.220e5
239.8	3.250e3
240.3	1.072e5
241.3	1.264e5
242.3	3.163e5
242.8	1.184e3
243.3	3.630e5
244.3	1.962e5
245.3	8.555e5
246.3	1.836e5
247.3	2.610e5
248.3	1.088e5
249.3	1.401e5
249.8	3.592e3
250.3	1.183e5
251.3	1.733e5
252.3	3.275e5
253.3	1.498e5
253.8	2.302e3
254.3	1.621e5
255.3	1.175e5
256.3	1.275e5
257.3	1.093e5
257.9	3.877e3
258.4	3.574e5
259.4	3.509e5
259.9	2.226e3
260.4	1.252e5
261.3	2.375e5
261.8	2.027e3
262.3	1.305e5
263.3	1.536e5
264.3	1.178e5
264.8	1.965e3
265.3	2.333e5
266.3	1.095e5
267.3	1.058e5
267.8	4.354e3
268.4	9.452e5
269.4	2.271e5
269.9	1.600e3
270.4	1.125e5
271.4	1.151e5
272.4	1.794e5
273.3	2.142e5
274.3	1.420e5
274.8	4.759e3
275.4	1.653e5
276.3	1.908e5
277.3	1.141e5
278.3	8.675e4
279.3	1.760e5
280.3	1.586e5
280.8	8.770e3
281.4	3.197e5
282.4	1.436e5
282.9	2.591e3
283.4	9.252e4
284.4	1.412e5
285.4	1.143e5
285.9	4.605e3
286.4	1.218e5
287.4	3.131e5
288.3	1.802e5
288.8	5.793e3
289.4	2.734e5
290.3	1.458e5
291.2	1.633e5
291.7	6.059e3
292.3	1.287e5
293.3	1.466e5
293.8	1.639e3
294.4	2.314e5
295.3	1.560e5
295.8	8.291e3
296.4	1.907e5
296.9	1.833e3
297.4	8.293e4
298.4	4.165e5
298.9	3.379e3
299.4	1.272e5
300.4	1.269e5
301.4	1.063e5
302.4	1.794e5
303.4	9.773e4
304.3	1.166e5
304.8	5.623e3
305.4	1.030e5
306.2	1.715e5
306.8	3.713e3
307.3	1.334e5
308.3	1.225e5
309.3	9.844e4
310.3	9.997e4
311.3	7.262e4
312.3	9.221e4
312.9	4.699e3
313.5	8.062e4
314.5	1.532e5
315.5	8.668e4
316.4	1.376e5
317.4	8.578e4
318.4	1.963e5
318.9	4.574e3
319.5	1.406e5
320.4	7.861e4
321.2	2.724e5
321.7	4.314e3
322.3	1.879e5
323.2	1.605e5
323.8	3.800e3
324.3	1.365e5
324.9	1.094e3
325.4	2.245e5
325.9	8.300e2
326.4	2.150e5
327.4	1.102e5
328.0	2.135e3
328.5	9.823e4
329.4	8.056e4
330.3	1.290e5
330.9	2.552e3
331.4	1.175e5
331.9	6.305e3
332.5	1.783e5
333.4	9.217e4
334.4	8.802e4
334.9	1.297e3
335.4	1.368e5
336.4	1.215e5
337.3	1.152e5
337.8	2.532e3
338.3	1.086e5
339.3	9.338e4
340.3	6.667e4
341.3	1.169e5
342.3	8.982e4
342.9	2.222e3
343.5	1.179e5
344.4	9.754e4
345.4	1.110e5
346.4	1.392e5
347.4	9.442e4
348.3	1.114e5
349.3	1.242e5
350.3	1.237e5
351.3	1.296e5
351.8	2.154e3
352.4	1.175e5
353.3	1.004e5
353.9	1.150e4
354.5	5.266e5
355.3	3.471e5
356.2	10.000e4
356.8	4.858e3
357.4	9.527e4
358.3	8.582e4
358.9	1.055e3
359.4	1.331e5
360.4	3.768e5
361.4	1.096e5
361.9	1.055e4
362.4	6.207e5
363.3	1.432e5
364.3	1.050e5
364.9	4.530e2
365.4	2.356e6
365.9	2.523e3
366.4	4.228e5
367.4	1.723e5
368.4	1.565e5
369.4	1.259e5
370.3	2.271e5
371.3	1.807e5
371.8	2.908e3
372.4	1.332e5
373.3	1.000e5
374.3	1.053e5
375.4	8.696e4
375.9	6.020e2
376.4	7.649e4
377.4	1.020e5
378.4	9.498e4
378.9	3.655e3
379.4	1.054e5
380.4	8.582e4
381.4	9.037e6
382.4	1.757e6
383.3	1.425e6
383.9	6.177e3
384.4	4.043e5
385.4	1.529e5
385.9	2.026e3
386.5	2.005e5
387.5	1.441e5
388.4	9.549e4
389.4	9.890e4
390.4	7.345e4
390.9	3.900e3
391.4	9.147e4
392.3	7.109e4
393.3	8.638e4
394.3	1.122e5
394.8	5.791e3
395.4	1.412e5
396.3	1.436e5
396.8	2.226e3
397.3	1.709e5
397.9	3.376e3
398.4	7.386e4
399.1	1.368e4
399.7	1.157e5
400.5	6.053e4
401.4	9.198e4
401.9	2.969e3
402.4	8.102e4
403.4	1.022e5
404.4	1.038e5
405.3	1.018e5
405.8	2.297e3
406.3	6.821e4
407.3	1.616e5
408.3	9.029e4
408.8	3.520e3
409.3	1.065e5
410.3	7.343e4
410.8	7.280e2
411.3	9.797e4
411.9	2.799e3
412.4	7.191e4
413.3	4.960e4
414.3	5.514e4
414.9	7.964e3
415.4	7.355e4
416.5	8.169e4
417.0	1.960e2
417.5	6.459e4
418.4	7.660e4
419.4	6.113e4
419.9	4.280e2
420.4	5.770e4
421.4	7.040e4
422.3	5.866e4
422.9	4.605e3
423.4	9.775e4
424.4	6.936e4
425.3	8.236e4
426.3	9.453e4
427.3	1.563e5
427.8	7.760e2
428.3	6.136e4
428.9	4.180e3
429.5	8.758e4
430.0	8.230e2
430.5	8.622e4
431.4	6.012e4
432.3	8.354e4
432.9	9.014e3
433.4	1.197e5
434.4	5.756e4
435.4	1.518e5
436.3	7.541e4
437.3	8.113e4
437.8	8.570e2
438.3	1.326e5
439.3	1.544e5
439.8	9.100e2
440.3	6.426e4
441.3	9.953e4
442.3	5.106e4
442.9	3.605e3
443.5	1.149e5
444.0	7.600e1
444.5	7.017e4
445.5	8.365e4
446.5	1.811e5
447.4	7.418e4
448.0	2.753e3
448.5	1.125e5
449.4	7.448e4
449.9	3.030e2
450.5	4.885e4
451.4	6.823e4
452.3	6.085e4
453.3	8.739e4
453.8	8.890e2
454.4	3.565e4
454.9	7.030e2
455.5	1.238e5
456.5	5.815e4
457.4	4.537e4
458.1	1.132e3
458.6	6.152e4
459.5	4.954e4
460.4	1.254e5
460.9	1.389e3
461.4	6.518e4
462.4	9.023e4
463.4	6.854e4
464.4	5.829e4
464.9	9.780e2
465.4	6.234e4
466.4	4.867e4
467.4	5.560e4
468.3	4.512e4
469.3	4.831e4
469.9	5.658e3
470.4	4.866e4
471.5	5.163e4
472.0	2.280e3
472.6	5.369e4
473.4	3.574e4
474.0	2.852e3
474.5	3.511e5
475.5	2.071e5
476.5	1.389e5
477.5	6.938e4
478.3	2.777e4
479.1	6.697e4
479.8	1.797e4
480.5	3.888e4
481.4	4.292e4
481.9	6.470e2
482.5	5.660e4
483.0	4.260e2
483.5	3.991e4
484.5	2.521e4
485.4	4.635e4
485.9	1.349e3
486.5	6.563e4
487.0	5.610e2
487.6	5.024e4
488.4	5.199e4
489.3	7.252e4
489.9	1.219e4
490.5	5.869e4
491.5	6.173e4
492.5	5.263e4
493.4	4.524e4
494.4	5.694e4
495.4	1.037e5
496.4	4.160e4
497.3	5.540e4
497.8	5.810e2
498.4	3.056e4
498.9	5.850e2
499.4	6.562e4
499.9	1.650e3
500.4	4.218e4
501.4	7.681e4
502.0	3.663e3
502.6	5.510e4
503.5	3.624e4
504.0	7.703e3
504.6	4.104e4
505.5	2.773e4
506.4	4.432e4
507.4	3.934e4
507.9	1.921e3
508.5	2.451e5
509.5	9.466e4
510.4	5.281e4
511.1	8.679e3
511.7	4.574e4
512.7	2.965e4
513.6	5.450e4
514.4	2.961e4
515.3	4.996e4
516.3	5.613e4
516.9	3.782e3
517.4	7.790e4
518.3	4.818e4
519.2	7.963e4
519.7	3.210e2
520.2	4.404e4
521.1	6.347e4
521.8	1.255e4
522.4	4.833e4
523.4	5.361e4
523.9	4.132e3
524.5	8.841e4
525.1	5.527e3
525.6	7.067e5
526.5	2.885e5
527.4	1.419e5
528.0	8.043e3
528.6	4.794e4
529.6	4.592e4
530.5	3.787e4
531.4	5.507e4
532.4	5.291e4
533.0	5.265e3
533.5	2.961e5
534.3	9.437e4
534.9	3.368e3
535.4	5.334e4
536.3	3.613e4
537.3	5.784e4
537.9	8.348e3
538.5	7.268e4
539.5	5.122e4
540.4	4.819e4
541.4	1.552e5
542.4	9.071e4
543.4	3.119e5
544.5	1.368e5
545.4	8.769e4
546.4	5.678e4
546.9	5.632e3
547.5	2.656e5
548.5	1.018e5
549.4	5.319e4
550.4	3.888e4
550.9	1.928e3
551.5	8.317e4
552.4	4.109e4
552.9	1.530e3
553.4	4.346e4
554.3	2.642e4
555.2	3.770e4
555.8	1.702e3
556.3	3.369e4
556.8	2.770e2
557.4	2.467e5
557.9	1.454e3
558.5	1.237e5
559.0	2.455e3
559.5	1.321e5
560.4	7.422e4
561.4	5.660e4
562.3	3.622e4
562.9	1.210e3
563.4	3.923e4
563.9	1.892e3
564.5	2.741e4
565.0	6.900e2
565.6	3.951e4
566.5	2.937e4
567.3	2.594e4
568.1	4.158e4
568.9	8.225e3
569.5	5.043e4
570.0	7.880e2
570.5	3.119e4
571.4	5.951e4
572.0	1.200e3
572.5	4.971e4
573.4	1.091e5
574.3	3.628e4
575.2	5.142e4
575.8	1.732e3
576.4	4.362e4
577.4	4.978e4
578.3	2.548e4
579.2	3.468e4
580.1	2.037e4
581.0	3.957e4
581.6	1.759e3
582.1	3.857e4
582.7	5.561e3
583.3	4.399e4
584.4	4.294e4
584.9	8.260e2
585.4	3.910e4
586.3	2.600e4
586.9	8.590e2
587.4	6.497e4
588.4	5.889e4
588.9	4.340e2
589.4	2.512e5
590.3	7.625e4
591.4	8.974e4
591.9	4.340e2
592.4	4.472e4
593.4	4.600e4
593.9	1.725e3
594.4	1.954e4
595.4	5.017e4
595.9	8.000e0
596.4	3.257e4
597.4	2.245e4
598.2	2.966e4
599.2	3.287e4
599.8	5.679e3
600.4	3.380e4
600.9	7.450e2
601.4	3.666e4
602.4	4.196e4
603.4	9.621e4
604.4	4.355e4
605.3	4.762e4
606.1	3.927e3
606.7	8.322e4
607.7	5.545e4
608.4	1.855e4
609.4	3.028e4
610.4	2.730e4
611.4	5.253e4
612.1	1.037e4
612.7	3.591e4
613.5	1.759e4
614.4	3.271e4
615.4	2.857e4
616.3	2.364e4
616.9	1.763e3
617.4	3.329e4
618.3	1.366e4
619.1	2.218e4
620.0	2.051e4
620.6	7.304e3
621.3	2.511e4
621.8	1.688e3
622.4	2.479e4
623.4	1.894e4
624.4	2.621e4
625.4	3.193e4
626.3	2.510e4
626.9	9.390e2
627.4	2.878e4
628.3	2.330e4
629.0	2.770e3
629.5	3.380e4
630.5	3.863e4
631.0	1.496e3
631.6	2.699e4
632.1	1.580e3
632.7	5.108e4
633.3	9.399e3
634.0	3.463e4
634.7	3.798e3
635.2	3.004e4
636.0	7.173e3
636.7	3.682e4
637.4	9.017e3
638.2	2.102e4
639.1	2.473e4
639.6	7.590e2
640.2	1.830e4
641.1	3.607e4
641.7	5.278e3
642.3	2.590e4
643.3	2.602e4
643.9	1.685e3
644.4	1.576e4
645.1	2.205e3
645.7	1.987e4
646.5	1.135e4
647.3	1.577e4
647.8	8.790e2
648.4	2.254e4
649.0	4.590e3
649.5	2.889e4
650.4	2.420e4
651.4	2.757e4
652.4	1.977e4
653.0	5.057e3
653.6	1.743e4
654.6	1.168e4
655.4	1.913e4
656.3	3.273e4
656.9	2.007e3
657.5	3.345e4
658.4	1.106e4
659.1	2.027e4
660.1	2.327e4
660.8	6.188e3
661.6	1.712e4
662.5	2.679e4
663.1	3.255e3
663.7	2.264e4
664.5	7.365e3
665.1	2.631e4
665.8	3.048e3
666.4	2.823e4
666.9	6.570e2
667.5	2.607e4
668.1	1.402e3
668.7	1.675e4
669.6	2.212e4
670.1	7.900e2
670.6	1.945e4
671.4	1.295e4
672.3	1.653e4
672.8	3.970e2
673.3	1.757e4
673.9	2.653e3
674.6	1.343e4
675.5	1.876e4
676.4	7.427e3
677.4	1.371e4
678.3	2.023e4
678.9	3.647e3
679.6	2.164e4
680.6	1.549e4
681.4	1.525e4
682.1	3.032e4
682.7	6.760e2
683.3	1.941e4
683.9	1.997e3
684.6	2.048e4
685.1	7.390e2
685.7	2.137e4
686.6	2.034e4
687.3	5.514e3
688.0	2.592e4
688.8	7.052e3
689.5	2.374e4
690.5	2.337e4
691.4	1.129e4
692.3	1.810e4
692.9	1.460e3
693.5	2.601e4
694.0	6.220e2
694.7	2.160e4
695.2	5.236e3
695.9	1.451e4
696.7	1.364e5
697.6	8.303e4
698.5	3.493e4
699.3	1.479e4
700.0	5.933e3
700.7	1.874e4
701.6	1.272e4
702.6	6.446e3
703.3	1.945e4
704.1	5.285e3
704.8	5.235e4
705.7	2.864e4
706.6	1.595e4
707.5	4.127e4
708.0	4.870e2
708.6	2.154e4
709.5	2.529e4
710.5	1.130e4
711.4	1.922e4
712.0	1.979e3
712.6	3.280e4
713.5	1.660e4
714.3	2.735e4
714.8	9.040e2
715.4	1.896e4
715.9	1.045e3
716.4	1.676e4
717.4	1.576e4
718.4	1.392e4
718.9	4.190e2
719.5	2.251e4
720.4	1.574e4
721.3	1.580e4
721.9	1.795e3
722.5	1.775e4
723.4	3.295e4
724.4	2.585e4
725.3	7.761e3
726.0	2.039e4
726.6	8.180e3
727.4	1.979e4
728.0	1.857e3
728.7	1.715e4
729.7	2.655e4
730.5	1.044e4
731.4	3.143e4
732.3	1.785e4
733.2	1.076e4
734.0	1.867e4
734.5	4.120e2
735.1	2.382e4
736.1	1.277e4
737.0	2.154e4
737.5	1.654e3
738.1	1.825e4
738.8	7.721e3
739.6	5.799e4
740.2	1.389e3
740.7	3.891e4
741.3	4.716e3
742.0	2.596e4
742.5	3.170e2
743.0	1.737e4
744.0	1.927e4
744.8	6.457e3
745.5	1.916e4
746.4	2.087e4
747.4	2.187e4
748.0	6.020e3
748.7	1.517e4
749.4	9.277e3
750.2	1.422e4
750.7	1.028e3
751.3	2.047e4
752.0	9.953e3
752.7	1.308e4
753.2	8.630e2
753.8	1.099e4
754.6	5.488e3
755.3	1.472e4
755.9	3.492e3
756.5	2.548e4
757.5	1.873e4
758.6	1.774e4
759.5	1.803e4
760.7	1.536e4
761.4	7.075e3
762.1	1.514e4
763.1	1.388e4
764.0	1.359e4
764.8	4.210e3
765.5	1.753e4
766.4	9.143e3
767.4	1.127e4
768.2	1.521e4
768.9	3.559e3
769.4	2.024e4
770.3	1.476e4
771.3	1.766e4
772.0	5.207e3
772.8	2.229e4
773.6	9.667e3
774.3	2.043e4
775.0	1.909e3
775.6	2.384e4
776.5	1.192e4
777.5	2.704e4
778.5	1.925e4
779.0	3.100e2
779.5	1.838e4
780.1	3.602e3
780.7	1.768e4
781.5	1.181e4
782.4	8.599e3
783.0	1.468e3
783.5	1.731e4
784.3	8.088e3
785.1	2.388e4
785.8	4.257e3
786.5	1.296e4
787.5	2.019e4
788.4	1.583e4
789.4	2.403e4
790.1	2.605e3
790.7	1.034e4
791.5	2.371e4
792.5	1.594e4
793.5	1.139e4
794.5	1.528e4
795.4	1.454e4
796.4	1.401e4
796.9	4.280e2
797.4	1.928e4
798.0	6.100e2
798.5	1.984e4
799.2	3.734e3
799.8	1.720e4
800.4	1.531e3
800.9	1.210e4
801.7	3.788e3
802.5	1.438e4
803.0	1.326e3
803.5	2.169e4
804.0	1.510e2
804.6	1.990e4
805.1	1.360e2
805.6	5.637e4
806.2	8.800e2
806.7	3.366e4
807.6	1.975e4
808.5	1.466e4
809.2	2.544e3
809.8	1.564e4
810.7	1.513e4
811.6	8.717e3
812.4	1.466e4
813.0	3.187e3
813.7	1.249e4
814.6	1.726e4
815.5	1.030e4
816.4	1.062e4
817.2	1.506e4
817.7	4.980e2
818.3	2.027e4
818.8	1.112e3
819.4	2.090e4
820.1	3.781e3
820.8	1.101e4
821.6	3.590e4
822.6	2.069e4
823.2	1.417e3
823.9	2.174e4
824.7	5.680e3
825.5	1.807e4
826.4	9.038e3
827.2	1.573e4
828.1	1.525e4
828.8	4.901e3
829.6	1.496e4
830.6	1.099e4
831.4	9.065e3
832.4	8.776e3
833.0	3.560e2
833.5	1.852e4
834.4	9.436e3
835.3	1.289e4
836.2	1.582e4
836.8	2.010e3
837.5	2.424e4
838.5	2.337e4
839.5	1.500e4
840.4	1.741e4
840.9	8.000e0
841.5	1.550e4
842.5	1.189e4
843.1	2.890e2
843.6	1.307e4
844.2	1.031e3
844.8	7.777e3
845.4	6.590e2
846.0	1.351e4
846.9	1.391e4
847.6	3.074e3
848.2	8.128e3
849.1	1.159e4
849.8	1.743e3
850.3	1.460e4
851.0	2.287e3
851.6	1.201e4
852.5	9.273e3
853.5	1.307e4
854.3	7.585e3
854.8	3.060e2
855.4	1.346e4
855.9	1.072e3
856.5	1.318e4
857.4	1.332e4
858.0	3.920e2
858.5	7.869e3
859.1	7.980e2
859.6	1.456e4
860.2	5.270e2
860.7	1.070e4
861.3	4.370e2
861.9	1.353e4
862.6	2.592e3
863.3	1.129e4
863.8	5.190e2
864.4	1.526e4
865.4	1.151e4
866.3	1.317e4
866.9	2.480e2
867.5	1.566e4
868.4	1.048e4
868.9	7.400e2
869.4	1.170e4
870.3	6.728e3
871.2	1.606e4
871.7	1.470e2
872.5	1.077e4
873.0	8.000e0
873.6	6.071e3
874.5	1.210e4
875.5	7.387e3
876.3	8.143e3
877.3	7.439e3
878.3	5.266e3
879.1	1.069e4
879.8	3.714e3
880.5	1.075e4
881.2	1.342e3
881.8	1.162e4
882.5	3.288e3
883.3	1.062e4
884.1	1.034e4
885.1	1.012e4
885.9	7.885e3
886.6	5.649e3
887.5	1.496e4
888.3	7.281e3
889.2	1.218e4
890.1	8.430e3
890.6	7.900e1
891.1	1.754e4
891.7	3.333e3
892.4	7.037e3
893.3	1.351e4
894.2	1.147e4
895.1	4.659e3
895.7	4.960e2
896.2	1.425e4
897.0	3.722e3
897.7	1.033e4
898.6	6.823e3
899.4	1.409e4
900.0	1.353e3
900.6	1.170e4
901.5	1.048e4
902.4	1.850e4
903.3	5.281e3
904.3	1.060e4
904.8	9.000e0
905.3	8.638e3
906.1	3.470e3
907.0	1.210e4
908.0	9.818e3
908.7	2.343e3
909.3	1.135e4
910.2	1.125e4
911.1	3.303e3
911.7	2.144e3
912.3	7.047e3
913.0	3.215e3
913.7	1.210e4
914.7	1.241e4
915.6	2.570e4
916.4	8.065e3
917.3	1.632e4
917.9	1.601e3
918.6	1.043e4
919.2	1.795e3
919.7	1.204e4
920.7	8.818e3
921.3	5.050e2
921.9	1.059e4
922.4	3.500e1
922.9	1.060e4
923.7	3.475e3
924.4	9.349e3
925.0	3.009e3
925.7	8.712e3
926.3	2.025e3
926.9	1.247e4
927.8	8.009e3
928.5	7.381e3
929.4	1.679e4
930.3	1.359e4
931.1	4.455e3
932.0	1.055e4
932.7	5.062e3
933.4	7.318e3
934.0	5.880e2
934.5	1.250e4
935.1	6.100e1
935.6	7.921e3
936.5	1.032e4
937.0	4.240e2
937.6	1.429e4
938.1	1.020e3
938.7	7.890e3
939.6	1.008e4
940.2	4.420e2
940.7	1.056e4
941.6	7.604e3
942.6	1.258e4
943.5	6.981e3
944.5	1.124e4
945.4	1.039e4
946.2	5.062e3
946.8	2.000e1
947.3	1.138e4
948.0	4.262e3
948.6	5.810e2
949.2	8.221e3
950.1	2.662e3
950.9	6.449e3
951.7	2.585e3
952.5	1.294e4
953.3	7.161e3
954.4	1.089e4
954.9	2.970e2
955.5	6.734e3
956.5	9.744e3
957.5	5.895e3
958.4	7.094e3
959.3	1.592e4
959.9	1.946e3
960.7	9.905e3
961.6	4.757e3
962.3	6.147e3
963.1	1.164e4
963.8	3.366e3
964.5	1.249e4
965.5	1.037e4
966.3	6.027e3
967.3	8.710e3
968.1	5.138e3
969.0	1.525e4
969.7	6.801e3
970.7	5.066e3
971.7	1.415e4
972.4	3.228e3
973.2	1.059e4
974.3	8.280e3
975.2	1.163e4
975.9	3.172e3
976.6	1.212e4
977.5	2.236e3
978.1	1.268e4
979.1	8.689e3
979.7	1.282e3
980.3	6.551e3
981.3	3.374e3
982.1	1.368e4
982.7	1.005e3
983.3	1.230e4
983.9	1.881e3
984.6	1.294e4
985.5	1.063e4
986.5	7.823e3
987.1	1.861e3
987.7	8.543e3
988.5	7.503e3
989.2	5.300e2
989.7	7.967e3
990.5	8.440e3
991.4	1.264e4
992.4	8.261e3
993.0	5.400e1
993.6	1.136e4
994.7	1.161e4
995.6	8.254e3
996.3	2.327e3
997.2	4.572e3
997.8	1.050e4
998.8	6.864e3
999.7	8.888e3
1000.7	9.545e3
1001.6	1.213e4
1002.5	6.644e3
1003.5	6.507e3
1004.4	7.218e3
1005.0	7.160e2
1005.6	8.555e3
1006.1	1.636e3
1006.9	1.087e4
1007.4	4.320e2
1008.0	7.015e3
1008.8	4.585e3
1009.7	1.014e4
1010.4	3.628e3
1011.1	7.150e3
1012.1	7.489e3
1012.7	2.680e2
1013.2	8.868e3
1013.8	1.100e1
1014.3	6.849e3
1015.3	9.453e3
1016.0	4.016e3
1016.8	9.916e3
1017.5	1.876e3
1018.2	8.982e3
1018.7	1.810e2
1019.2	8.383e3
1020.1	8.753e3
1021.1	9.891e3
1021.7	2.251e3
1022.3	5.972e3
1023.2	9.974e3
1024.1	4.883e3
1024.8	6.151e3
1025.7	4.857e3
1026.5	9.894e3
1027.0	3.370e2
1027.5	5.128e3
1028.1	2.550e2
1028.7	3.679e3
1029.6	1.019e4
1030.4	4.878e3
1031.5	8.710e3
1032.2	2.011e3
1032.9	8.311e3
1033.6	2.022e3
1034.4	8.356e3
1035.2	2.089e3
1035.8	7.982e3
1036.6	2.346e3
1037.5	7.900e3
1038.5	6.865e3
1039.5	1.179e4
1040.5	7.071e3
1041.4	1.166e4
1042.3	7.949e3
1042.9	2.160e2
1043.4	1.120e4
1044.5	9.948e3
1045.2	3.295e3
1045.9	8.845e3
1047.0	7.894e3
1047.7	3.737e3
1048.3	7.384e3
1048.8	2.410e2
1049.4	6.635e3
1050.0	8.590e2
1050.5	8.245e3
1051.4	3.871e3
1052.2	1.090e4
1053.3	5.446e3
1054.2	7.803e3
1055.1	7.905e3
1055.6	9.000e0
1056.2	7.538e3
1057.0	2.466e3
1057.7	8.892e3
1058.3	9.990e2
1058.9	1.083e4
1059.8	6.471e3
1060.6	8.028e3
1061.2	6.250e2
1061.7	7.397e3
1062.4	1.735e3
1063.0	6.259e3
1063.5	2.710e2
1064.4	9.467e3
1065.1	3.724e3
1065.7	1.717e3
1066.3	9.859e3
1067.1	2.280e3
1067.7	8.041e3
1068.6	7.371e3
1069.5	8.410e3
1070.4	1.060e4
1070.9	1.071e3
1071.6	4.046e3
1072.3	7.975e3
1073.3	8.391e3
1074.1	3.397e3
1074.8	1.331e4
1075.6	2.198e3
1076.4	6.520e3
1077.0	9.860e2
1077.8	8.060e3
1078.4	1.676e3
1079.2	1.064e4
1080.2	6.837e3
1081.3	7.416e3
1082.0	1.528e4
1082.8	4.866e3
1083.7	1.779e4
1084.5	1.013e4
1085.2	2.391e3
1085.9	1.047e4
1086.5	8.000e0
1087.0	9.669e3
1087.8	5.357e3
1088.7	7.132e3
1089.5	3.335e3
1090.6	8.383e3
1091.1	2.920e2
1091.6	7.195e3
1092.4	2.700e3
1093.2	7.879e3
1094.2	6.000e3
1094.8	1.512e3
1095.6	6.391e3
1096.4	1.229e4
1097.4	7.890e3
1098.3	1.577e3
1098.9	9.369e3
1100.0	8.013e3
1101.0	9.940e3
1101.5	8.220e2
1102.1	8.075e3
1103.0	2.610e3
1103.9	6.149e3
1105.0	6.737e3
1105.5	1.870e2
1106.1	5.034e3
1106.9	9.372e3
1107.8	1.856e3
1108.4	9.468e3
1109.2	1.076e4
1110.0	4.727e3
1110.8	6.980e3
1111.5	1.083e3
1112.1	1.557e4
1112.7	1.862e3
1113.5	6.360e3
1114.2	2.960e3
1114.8	7.994e3
1115.4	1.170e2
1115.9	9.296e3
1117.0	5.471e3
1117.5	2.740e2
1118.1	7.095e3
1119.0	1.316e4
1120.0	1.220e4
1120.9	3.928e3
1121.8	5.453e3
1122.7	9.391e3
1123.3	1.754e3
1124.1	5.732e3
1124.9	1.123e4
1125.6	1.928e3
1126.3	8.845e3
1126.8	1.013e3
1127.5	9.203e3
1128.4	4.155e3
1128.9	1.250e2
1129.5	9.860e3
1130.2	2.066e3
1130.8	8.991e3
1131.7	6.482e3
1132.2	1.555e3
1132.9	8.473e3
1133.9	5.106e3
1134.8	3.199e3
1135.6	4.453e3
1136.5	5.952e3
1137.4	1.150e4
1138.0	2.067e3
1138.7	4.641e3
1139.6	2.812e3
1140.4	1.077e4
1141.4	7.644e3
1141.9	1.100e2
1142.4	4.710e3
1143.1	2.478e3
1144.1	6.548e3
1144.6	7.690e2
1145.2	9.319e3
1146.1	8.570e3
1146.9	4.854e3
1147.5	9.320e2
1148.0	1.163e4
1148.8	3.306e3
1149.7	5.695e3
1150.6	4.723e3
1151.4	7.023e3
1152.0	2.710e2
1152.5	7.003e3
1153.1	9.670e2
1153.7	1.473e4
1154.4	2.013e3
1155.1	5.255e3
1155.8	4.553e3
1156.6	9.687e3
1157.5	6.702e3
1158.0	4.570e2
1158.6	5.083e3
1159.1	4.420e2
1159.7	2.440e3
1160.3	1.860e2
1160.8	6.284e3
1161.7	6.683e3
1162.5	7.728e3
1163.1	1.007e3
1163.7	1.293e4
1164.6	1.020e4
1165.2	1.042e3
1165.9	9.103e3
1166.5	9.410e2
1167.1	5.092e3
1168.0	5.527e3
1169.0	1.062e4
1169.8	4.079e3
1170.7	3.603e3
1171.3	5.310e2
1171.8	4.075e3
1172.7	2.491e3
1173.4	7.153e3
1174.4	7.689e3
1175.4	7.428e3
1175.9	1.000e1
1176.5	2.809e3
1177.1	1.226e3
1177.7	1.037e4
1178.5	2.525e3
1179.6	7.259e3
1180.7	7.613e3
1181.6	4.337e3
1182.7	6.517e3
1183.2	8.170e2
1183.7	8.362e3
1184.3	1.300e1
1184.8	6.307e3
1185.5	4.728e3
1186.4	8.706e3
1187.4	2.355e3
1188.6	7.346e3
1189.6	2.148e3
1190.5	6.630e3
1191.3	3.402e3
1192.1	1.166e4
1192.7	6.710e2
1193.2	5.576e3
1194.1	7.649e3
1195.1	5.305e3
1196.1	5.747e3
1197.0	6.488e3
1197.9	4.996e3
1198.8	1.015e4
1199.8	4.727e3
1200.5	2.377e3
1201.3	8.665e3
1202.2	4.124e3
1203.0	5.530e3
1203.9	3.753e3
1204.6	6.494e3
1205.1	1.500e1
1205.7	5.342e3
1206.5	5.442e3
1207.2	6.955e3
1208.0	6.908e3
1208.8	2.095e3
1209.6	6.601e3
1210.3	5.040e2
1211.0	7.991e3
1211.6	7.690e2
1212.1	7.599e3
1212.6	1.640e2
1213.1	4.315e3
1214.2	5.973e3
1215.0	2.961e3
1215.6	1.985e3
1216.2	7.860e3
1216.9	3.700e1
1217.5	6.284e3
1218.0	1.500e3
1218.6	3.864e3
1219.6	6.142e3
1220.1	4.200e1
1220.7	6.646e3
1221.8	3.891e3
1222.5	6.613e3
1223.5	4.475e3
1224.4	3.814e3
1224.9	1.300e1
1225.4	6.157e3
1226.3	6.321e3
1227.0	6.490e2
1227.6	3.621e3
1228.2	5.120e2
1228.8	3.738e3
1229.4	3.990e2
1229.9	1.372e4
1230.9	4.388e3
1231.7	4.526e3
1232.2	8.000e0
1232.8	5.092e3
1233.7	4.161e3
1234.7	7.549e3
1235.5	4.443e3
1236.5	4.282e3
1237.5	6.050e3
1238.0	1.096e3
1238.6	2.057e3
1239.3	4.583e3
1239.9	1.983e3
1240.7	8.266e3
1241.3	7.680e2
1242.0	2.350e3
1242.7	1.794e3
1243.6	6.535e3
1244.8	1.214e4
1245.5	8.480e2
1246.2	6.954e3
1247.3	7.581e3
1248.0	1.640e3
1248.6	2.560e2
1249.2	4.127e3
1250.2	5.614e3
1251.0	8.394e3
1251.8	3.201e3
1252.5	7.385e3
1253.1	8.480e2
1253.9	7.660e3
1254.8	4.232e3
1255.6	5.407e3
1256.9	2.874e3
1257.7	2.304e3
1258.4	9.018e3
1259.0	1.380e2
1259.5	5.333e3
1260.4	7.166e3
1261.0	1.100e2
1261.5	7.818e3
1262.6	4.273e3
1263.7	2.331e3
1264.5	8.086e3
1265.5	7.355e3
1266.5	3.274e3
1267.4	6.733e3
1268.1	1.788e3
1268.8	4.685e3
1269.8	4.984e3
1270.4	6.520e2
1271.0	8.120e3
1272.0	8.423e3
1272.9	1.200e3
1273.6	7.004e3
1274.1	5.100e1
1274.7	3.809e3
1275.4	1.164e3
1276.1	5.100e3
1276.7	1.380e2
1277.2	5.600e3
1277.7	3.660e2
1278.3	5.609e3
1279.1	2.911e3
1279.8	5.417e3
1280.6	2.486e3
1281.2	1.340e3
1281.9	7.872e3
1282.5	1.576e3
1283.1	8.800e3
1283.7	1.226e3
1284.4	5.888e3
1285.2	5.741e3
1286.2	6.518e3
1286.9	1.053e3
1287.6	3.094e3
1288.5	5.356e3
1289.2	2.975e3
1289.9	5.645e3
1290.6	1.946e3
1291.4	7.367e3
1291.9	4.540e2
1292.5	6.088e3
1293.4	2.825e3
1294.2	4.281e3
1295.1	3.211e3
1296.0	7.527e3
1296.5	6.720e2
1297.1	4.664e3
1298.0	6.159e3
1298.6	3.400e2
1299.1	6.204e3
1300.0	2.309e3
1300.7	6.468e3
1301.6	2.983e3
1302.2	1.072e3
1302.8	6.753e3
1303.7	2.733e3
1304.6	3.568e3
1305.6	5.256e3
1306.5	6.648e3
1307.4	5.713e3
1308.1	1.931e3
1308.8	8.950e3
1309.4	2.120e2
1310.0	5.061e3
1310.5	3.770e2
1311.3	4.221e3
1311.8	4.550e2
1312.3	2.736e3
1313.5	6.368e3
1314.1	1.400e1
1314.7	4.136e3
1315.3	2.000e1
1316.0	9.312e3
1316.8	1.159e3
1317.6	3.087e3
1318.5	4.191e3
1319.3	5.984e3
1320.0	1.117e3
1320.8	2.748e3
1321.3	2.800e1
1321.9	3.030e3
1322.8	5.336e3
1323.6	1.761e3
1324.6	3.097e3
1325.3	6.288e3
1326.3	7.127e3
1326.9	3.500e1
1327.6	4.361e3
1328.6	1.895e3
1329.4	2.061e3
1330.2	2.086e3
1330.9	7.300e3
1331.7	3.921e3
1332.7	4.981e3
1333.7	5.468e3
1334.7	5.944e3
1335.8	4.435e3
1336.8	4.276e3
1337.8	4.898e3
1338.5	1.376e3
1339.4	7.807e3
1340.4	7.725e3
1341.2	2.891e3
1341.9	6.584e3
1342.7	1.730e3
1343.2	2.740e2
1343.7	5.534e3
1344.3	1.436e3
1344.8	2.417e3
1345.6	1.726e3
1346.2	7.400e3
1346.8	1.300e2
1347.6	4.985e3
1348.4	2.682e3
1348.9	4.110e2
1349.5	3.347e3
1350.4	2.590e3
1351.3	1.414e3
1352.2	6.920e3
1353.2	7.835e3
1354.2	7.778e3
1355.1	3.116e3
1355.9	5.333e3
1356.8	3.462e3
1357.5	3.472e3
1358.4	5.408e3
1359.4	4.035e3
1360.3	3.481e3
1361.0	8.810e2
1361.7	5.643e3
1362.3	1.682e3
1363.0	6.978e3
1364.0	4.083e3
1364.9	6.973e3
1366.0	7.977e3
1366.5	8.000e0
1367.0	6.375e3
1368.0	4.332e3
1368.7	3.735e3
1369.5	6.489e3
1370.1	1.527e3
1370.8	9.756e3
1371.6	3.375e3
1372.4	1.091e3
1373.2	6.635e3
1374.2	5.614e3
1374.8	2.375e3
1375.4	8.510e2
1376.0	6.010e3
1376.7	1.771e3
1377.5	3.105e3
1378.5	6.239e3
1379.3	2.993e3
1380.0	9.020e2
1380.9	6.087e3
1381.7	3.080e3
1382.6	3.159e3
1383.5	3.568e3
1384.4	9.111e3
1385.4	4.902e3
1385.9	1.540e2
1386.4	4.015e3
1387.3	3.986e3
1388.4	5.733e3
1389.0	1.962e3
1389.5	9.190e2
1390.3	4.732e3
1390.9	5.930e2
1391.4	4.665e3
1392.4	4.109e3
1393.0	4.330e2
1393.5	4.104e3
1394.1	5.420e2
1394.9	5.430e3
1395.6	3.123e3
1396.7	1.564e3
1397.4	4.447e3
1398.1	9.260e2
1398.8	5.294e3
1399.4	2.639e3
1400.3	6.548e3
1400.9	2.022e3
1401.7	3.338e3
1402.4	1.293e3
1403.0	1.337e3
1403.8	5.065e3
1404.4	8.990e2
1405.2	5.181e3
1405.7	3.120e2
1406.2	5.212e3
1406.8	1.229e3
1407.4	4.535e3
1408.3	1.620e3
1409.1	4.928e3
1409.8	1.964e3
1410.5	5.410e3
1411.4	2.037e3
1412.2	6.152e3
1413.0	3.176e3
1414.0	1.932e3
1414.9	6.482e3
1415.9	4.300e3
1416.9	4.301e3
1418.0	6.005e3
1418.5	3.600e1
1419.1	6.070e3
1419.8	1.730e2
1420.6	5.274e3
1421.5	3.967e3
1422.0	8.000e0
1422.5	4.435e3
1423.6	4.590e3
1424.1	6.670e2
1424.7	1.700e3
1425.5	7.278e3
1426.1	1.018e3
1426.9	4.678e3
1427.9	6.171e3
1429.0	3.403e3
1429.5	9.040e2
1430.1	5.807e3
1430.9	1.988e3
1431.7	5.136e3
1432.3	1.490e2
1432.8	5.723e3
1433.5	2.069e3
1434.2	3.870e3
1434.9	5.700e2
1435.6	5.219e3
1436.5	6.366e3
1437.1	3.670e2
1437.7	6.185e3
1438.2	2.900e1
1438.7	4.853e3
1439.7	2.580e3
1440.4	9.180e2
1441.2	6.823e3
1442.1	2.783e3
1442.6	8.560e2
1443.3	2.813e3
1444.0	9.000e0
1444.6	4.105e3
1445.2	4.160e2
1445.9	8.220e3
1446.6	1.823e3
1447.3	4.394e3
1448.2	3.229e3
1449.1	5.910e3
1449.7	3.770e2
1450.6	5.321e3
1451.5	4.550e3
1452.0	1.040e2
1452.6	3.544e3
1453.2	1.287e3
1453.9	1.594e3
1454.6	4.564e3
1455.5	1.939e3
1456.3	3.251e3
1457.0	7.832e3
1457.9	1.665e3
1458.8	6.872e3
1459.8	5.174e3
1460.6	2.456e3
1461.5	5.921e3
1462.4	5.731e3
1463.3	5.345e3
1464.1	5.712e3
1464.9	5.868e3
1465.9	4.475e3
1466.8	2.391e3
1467.4	6.260e2
1468.0	7.252e3
1468.5	1.600e2
1469.0	7.816e3
1469.8	3.377e3
1470.5	5.469e3
1471.3	2.306e3
1472.1	2.777e3
1472.6	8.000e0
1473.2	5.603e3
1473.8	2.972e3
1474.3	2.580e2
1474.8	3.094e3
1475.5	1.048e3
1476.2	6.461e3
1477.0	3.905e3
1478.0	5.334e3
1478.8	9.730e2
1479.8	5.463e3
1480.4	9.000e0
1481.1	4.494e3
1481.8	1.243e3
1482.7	6.430e2
1483.3	3.424e3
1484.2	3.856e3
1485.0	8.409e3
1485.5	1.700e1
1486.1	6.218e3
1487.1	2.168e3
1488.0	3.384e3
1489.1	3.749e3
1489.7	7.420e2
1490.6	2.780e3
1491.5	9.700e2
1492.4	5.169e3
1493.0	2.560e2
1493.7	2.904e3
1494.6	2.031e3
1495.2	4.954e3
1496.2	3.203e3
1497.3	1.921e3
1498.1	7.082e3
1499.1	3.818e3
1500.1	2.906e3
1500.9	1.359e3
1501.7	3.305e3
1502.7	5.562e3
1503.3	8.190e2
1504.0	2.233e3
1504.8	2.262e3
1505.6	5.100e3
1506.2	3.710e2
1506.8	2.008e3
1507.6	1.444e3
1508.3	8.613e3
1509.0	8.000e0
1509.5	3.277e3
1510.4	5.182e3
1511.1	1.151e3
1511.8	5.456e3
1512.5	1.509e3
1513.2	2.522e3
1514.3	3.137e3
1515.3	6.523e3
1516.0	1.495e3
1516.9	3.009e3
1517.5	1.120e2
1518.0	2.284e3
1518.8	3.575e3
1519.6	4.341e3
1520.4	3.841e3
1521.0	5.260e2
1521.6	3.187e3
1522.5	8.420e2
1523.2	3.032e3
1524.1	3.739e3
1525.1	3.956e3
1526.0	3.586e3
1527.0	1.224e3
1527.7	2.932e3
1528.3	1.830e2
1529.0	7.472e3
1529.8	6.590e2
1530.6	5.552e3
1531.2	2.000e1
1531.7	6.771e3
1532.3	1.181e3
1533.1	3.123e3
1534.0	6.480e3
1534.6	8.000e0
1535.1	1.965e3
1536.2	2.370e3
1536.9	4.020e2
1537.7	8.799e3
1538.3	8.970e2
1539.2	5.201e3
1540.1	4.371e3
1540.9	5.708e3
1541.6	2.038e3
1542.4	2.091e3
1543.0	3.130e2
1543.6	3.757e3
1544.6	2.802e3
1545.5	2.050e2
1546.3	1.222e3
1547.2	3.981e3
1547.9	8.000e0
1548.5	7.167e3
1549.5	2.242e3
1550.6	7.687e3
1551.3	1.279e3
1552.0	2.815e3
1553.0	2.756e3
1553.9	4.110e3
1554.6	1.513e3
1555.1	5.746e3
1555.7	1.560e2
1556.3	3.479e3
1557.2	2.417e3
1558.1	5.120e2
1558.7	7.215e3
1559.6	5.360e2
1560.5	2.551e3
1561.3	4.653e3
1562.4	3.628e3
1563.5	5.931e3
1564.1	1.440e3
1564.9	9.300e2
1565.6	3.641e3
1566.5	1.580e3
1567.3	1.868e3
1568.0	2.909e3
1569.1	4.874e3
1570.0	3.068e3
1570.9	2.998e3
1571.9	1.662e3
1572.6	6.399e3
1573.3	3.990e2
1573.8	4.773e3
1574.6	6.560e3
1575.1	6.540e2
1575.9	5.115e3
1576.9	1.899e3
1577.7	3.370e3
1578.8	3.756e3
1579.5	1.290e3
1580.2	3.462e3
1580.7	2.140e2
1581.3	4.404e3
1582.5	1.751e3
1583.2	5.061e3
1583.9	8.620e2
1584.5	3.185e3
1585.3	1.825e3
1586.1	5.546e3
1587.0	2.511e3
1587.8	3.005e3
1588.8	2.032e3
1589.5	4.763e3
1590.4	2.402e3
1591.1	3.632e3
1591.6	5.160e2
1592.5	7.125e3
1593.4	3.096e3
1594.2	5.220e2
1594.9	5.664e3
1595.6	2.226e3
1596.5	2.345e3
1597.1	5.300e2
1597.7	4.159e3
1598.3	1.800e1
1598.9	3.376e3
1600.0	3.964e3
1600.8	1.118e3
1601.6	2.380e3
1602.2	2.780e2
1602.7	2.873e3
1603.7	2.929e3
1604.6	3.236e3
1605.5	7.137e3
1606.1	5.850e2
1606.8	3.681e3
1607.5	6.780e2
1608.4	4.330e3
1609.2	4.025e3
1610.1	4.207e3
1610.8	9.440e2
1611.6	1.368e3
1612.1	5.050e2
1612.9	3.602e3
1613.6	6.070e2
1614.2	2.121e3
1615.0	3.094e3
1615.8	1.519e3
1616.5	3.885e3
1617.3	2.770e3
1618.2	2.130e3
1619.0	2.717e3
1619.9	4.305e3
1620.9	3.760e3
1621.7	7.200e2
1622.4	2.458e3
1623.1	7.470e2
1623.8	1.965e3
1624.7	4.114e3
1625.5	5.460e2
1626.2	4.862e3
1627.3	6.139e3
1628.2	2.729e3
1629.0	1.543e3
1629.5	4.320e2
1630.1	3.576e3
1630.7	4.260e2
1631.5	2.499e3
1632.2	3.401e3
1633.0	8.000e0
1633.7	2.964e3
1634.2	2.210e2
1635.1	5.750e2
1635.8	5.137e3
1636.8	1.507e3
1637.5	4.110e3
1638.6	5.249e3
1639.2	1.580e3
1640.0	3.199e3
1640.7	2.780e2
1641.2	3.306e3
1642.1	5.292e3
1642.7	1.600e1
1643.4	3.587e3
1644.2	3.945e3
1644.9	1.200e1
1645.4	4.314e3
1646.3	4.096e3
1647.2	4.606e3
1648.3	2.408e3
1648.9	4.920e2
1649.6	3.458e3
1650.5	2.199e3
1651.2	3.769e3
1652.0	6.030e2
1652.6	3.001e3
1653.2	9.000e0
1653.8	3.659e3
1654.8	3.072e3
1655.5	1.982e3
1656.3	2.831e3
1657.1	1.307e3
1657.9	3.412e3
1658.9	2.524e3
1659.8	9.310e2
1660.5	9.880e2
1661.1	3.993e3
1661.8	1.700e1
1662.5	2.937e3
1663.5	3.235e3
1664.3	3.700e2
1665.1	4.404e3
1665.8	1.900e2
1666.5	3.416e3
1667.4	4.786e3
1668.2	4.760e2
1668.8	5.140e3
1669.6	3.181e3
1670.5	3.163e3
1671.3	2.408e3
1672.1	1.120e3
1672.9	1.901e3
1673.8	3.488e3
1674.8	2.694e3
1675.5	3.730e2
1676.2	2.951e3
1677.4	9.440e2
1678.3	3.271e3
1679.1	3.750e2
1680.0	1.282e3
1681.0	1.180e2
1681.5	3.244e3
1682.4	4.619e3
1683.3	2.508e3
1684.1	3.290e3
1685.3	4.450e3
1685.9	1.790e2
1686.5	1.782e3
1687.4	4.658e3
1688.2	3.501e3
1689.1	2.288e3
1690.2	8.170e2
1691.3	3.020e3
1692.3	2.560e3
1692.8	9.000e0
1693.5	2.504e3
1694.0	2.800e1
1694.6	3.600e3
1695.5	3.101e3
1696.0	7.240e2
1696.6	3.633e3
1697.1	9.000e0
1697.8	3.409e3
1698.5	3.961e3
1699.4	6.550e2
1700.0	4.316e3
1701.0	3.522e3
1701.7	1.049e3
1702.5	1.339e3
1703.4	2.238e3
1704.1	2.652e3
1704.8	6.180e2
1705.4	4.337e3
1705.9	7.530e2
1706.5	2.490e3
1707.1	1.210e2
1708.0	3.932e3
1708.5	4.260e2
1709.1	3.041e3
1710.0	2.937e3
1711.0	3.810e3
1711.7	5.936e3
1712.7	2.362e3
1713.4	7.250e2
1714.1	1.590e3
1715.0	7.600e2
1715.6	2.051e3
1716.6	5.160e3
1717.6	2.421e3
1718.4	1.493e3
1719.1	2.012e3
1719.7	4.440e2
1720.3	1.128e3
1721.1	6.488e3
1722.1	2.324e3
1723.0	1.894e3
1723.8	5.910e3
1724.3	3.040e2
1724.9	5.311e3
1725.7	7.700e2
1726.4	3.051e3
1727.2	4.690e3
1727.8	9.120e2
1728.6	3.390e3
1729.7	8.160e2
1730.5	1.610e2
1731.1	3.953e3
1732.2	3.396e3
1732.9	2.440e2
1733.6	1.130e2
1734.3	2.805e3
1734.8	9.000e0
1735.4	2.394e3
1736.2	1.406e3
1736.9	7.000e2
1737.6	4.732e3
1738.4	2.331e3
1739.2	3.297e3
1740.0	4.710e2
1740.6	2.624e3
1741.4	3.869e3
1742.0	6.470e2
1742.7	4.842e3
1743.3	1.870e2
1743.9	6.731e3
1744.8	2.811e3
1745.8	2.675e3
1746.5	8.370e2
1747.5	6.480e2
1748.2	2.332e3
1748.9	1.464e3
1749.5	1.800e1
1750.1	4.202e3
1751.0	4.800e1
1751.6	2.787e3
1752.2	7.900e1
1752.7	6.461e3
1753.8	2.959e3
1754.6	2.038e3
1755.5	4.402e3
1756.2	2.483e3
1757.1	1.127e3
1758.5	1.963e3
1759.1	1.310e3
1759.7	3.077e3
1760.4	6.340e2
1761.2	5.114e3
1762.2	2.096e3
1763.2	4.994e3
1764.0	8.510e2
1764.7	8.610e2
1765.3	2.791e3
1766.3	3.232e3
1767.3	3.005e3
1768.2	2.774e3
1769.0	7.120e2
1769.9	1.534e3
1770.8	2.617e3
1771.4	7.190e2
1772.2	2.130e3
1773.1	3.590e3
1773.9	3.210e2
1774.6	2.370e3
1775.5	7.310e2
1776.1	1.613e3
1777.1	1.580e3
1777.6	9.000e0
1778.1	1.500e2
1778.7	2.329e3
1779.3	9.000e0
1779.9	2.004e3
1780.6	1.098e3
1781.4	1.675e3
1782.1	2.717e3
1782.8	1.101e3
1783.4	1.579e3
1784.1	2.511e3
1785.2	3.176e3
1785.9	1.056e3
1787.0	4.399e3
1787.8	3.592e3
1788.6	4.003e3
1789.4	7.910e2
1790.0	5.269e3
1790.7	2.137e3
1791.6	2.261e3
1792.4	4.794e3
1793.0	6.000e2
1793.8	1.394e3
1794.5	3.719e3
1795.7	3.771e3
1796.7	3.668e3
1797.3	9.000e0
1797.9	3.089e3
1798.5	8.240e2
1799.2	2.470e3
1799.8	1.080e2
1800.5	2.379e3
1801.1	5.970e2
1801.8	3.709e3
1802.7	1.497e3
1803.7	4.002e3
1804.5	1.385e3
1805.1	5.870e2
1805.7	2.520e3
1806.5	1.700e1
1807.1	2.238e3
1807.8	3.900e1
1808.7	1.411e3
1809.2	1.490e2
1809.8	1.546e3
1810.7	2.569e3
1811.5	9.340e2
1812.2	1.617e3
1813.2	1.244e3
1814.0	2.022e3
1815.0	3.133e3
1816.0	2.109e3
1816.8	2.479e3
1817.4	4.030e2
1818.0	1.097e3
1818.8	2.820e3
1819.5	1.442e3
1820.3	2.622e3
1820.9	8.000e0
1821.5	1.392e3
1822.4	3.190e2
1823.0	2.724e3
1824.1	1.154e3
1825.0	2.660e3
1825.6	8.690e2
1826.7	1.649e3
1827.5	1.815e3
1828.0	8.000e0
1828.6	2.333e3
1829.5	5.540e2
1830.4	1.990e2
1830.9	1.734e3
1831.9	1.503e3
1832.5	2.060e2
1833.2	3.692e3
1834.0	8.260e2
1834.7	3.847e3
1835.6	2.667e3
1836.4	1.758e3
1837.0	2.230e2
1838.0	3.038e3
1839.0	2.115e3
1839.6	3.070e2
1840.1	2.351e3
1840.8	1.700e1
1841.6	3.354e3
1842.5	1.913e3
1843.3	9.290e2
1844.1	3.097e3
1845.0	2.161e3
1845.9	9.570e2
1847.3	2.355e3
1848.5	1.579e3
1849.3	3.606e3
1849.9	7.560e2
1850.6	1.027e3
1851.2	4.160e3
1851.9	4.050e2
1852.6	3.108e3
1853.5	1.843e3
1854.4	2.265e3
1855.2	1.037e3
1856.0	3.226e3
1857.0	1.945e3
1857.5	1.220e2
1858.1	3.378e3
1858.8	9.900e1
1859.4	2.547e3
1860.5	1.268e3
1861.4	3.177e3
1862.4	1.877e3
1863.3	1.700e1
1863.9	3.558e3
1864.5	6.280e2
1865.4	2.038e3
1866.0	1.000e1
1866.6	3.002e3
1867.5	7.220e2
1868.2	1.869e3
1869.2	2.328e3
1870.0	2.490e2
1870.6	2.218e3
1871.2	1.800e1
1871.7	3.814e3
1872.8	1.589e3
1873.4	1.570e2
1874.1	4.029e3
1875.0	8.710e2
1875.6	2.203e3
1876.7	3.533e3
1877.3	5.070e2
1878.1	8.700e2
1878.7	3.490e3
1879.7	3.199e3
1880.6	4.055e3
1881.3	1.411e3
1882.2	5.158e3
1882.9	4.540e3
1884.0	1.652e3
1884.9	3.433e3
1885.7	1.349e3
1886.3	7.140e2
1887.0	1.870e3
1887.5	3.190e2
1888.1	1.211e3
1888.8	1.590e3
1889.4	8.370e2
1890.1	1.436e3
1890.9	1.381e3
1891.5	1.600e1
1892.0	3.132e3
1892.9	8.440e2
1893.7	2.422e3
1894.5	3.850e2
1895.2	1.703e3
1896.0	2.258e3
1896.6	9.000e0
1897.2	3.225e3
1898.1	7.300e2
1899.0	4.733e3
1899.6	1.000e1
1900.1	2.390e3
1901.0	3.403e3
1902.0	1.617e3
1902.7	8.000e0
1903.2	4.100e2
1903.8	2.484e3
1904.7	5.390e2
1905.5	1.166e3
1906.4	3.566e3
1906.9	4.710e2
1907.5	1.260e3
1908.2	1.096e3
1908.8	3.012e3
1909.9	1.638e3
1910.9	4.015e3
1911.9	5.590e2
1912.7	1.181e3
1913.3	2.480e2
1913.9	2.865e3
1914.4	6.000e2
1914.9	2.456e3
1915.8	2.564e3
1916.8	2.130e3
1917.5	7.470e2
1918.5	1.880e3
1919.5	8.680e2
1920.1	2.340e3
1921.1	3.113e3
1922.0	2.081e3
1923.0	1.380e3
1923.7	9.000e0
1924.3	1.179e3
1924.9	9.000e0
1925.5	1.815e3
1926.4	6.430e2
1927.0	1.370e2
1927.5	1.782e3
1928.6	2.922e3
1929.3	6.560e2
1930.0	9.980e2
1930.5	5.594e3
1931.5	5.110e2
1932.6	1.532e3
1933.3	2.310e2
1934.1	2.195e3
1934.9	3.770e2
1935.6	2.178e3
1937.0	2.059e3
1938.0	3.615e3
1938.8	5.500e2
1939.5	3.900e1
1940.2	1.052e3
1941.0	2.357e3
1941.6	3.270e2
1942.2	1.097e3
1943.0	3.266e3
1943.9	2.029e3
1944.6	9.830e2
1945.3	7.900e1
1946.0	1.608e3
1946.9	6.191e3
1947.4	1.800e2
1948.3	3.713e3
1949.0	6.700e1
1949.8	1.943e3
1950.3	9.000e0
1950.9	2.101e3
1952.1	4.007e3
1952.9	3.208e3
1954.1	1.839e3
1954.6	1.900e1
1955.3	1.285e3
1956.3	1.153e3
1956.9	2.220e2
1957.9	1.789e3
1958.5	4.670e2
1959.2	3.010e3
1960.0	2.160e2
1960.7	2.843e3
1961.5	1.602e3
1962.3	1.608e3
1963.0	4.790e2
1964.1	1.445e3
1964.8	4.220e2
1965.5	2.576e3
1966.1	1.363e3
1966.7	4.100e1
1967.2	1.155e3
1967.9	5.510e2
1968.8	2.773e3
1970.0	2.611e3
1971.1	3.483e3
1972.1	1.661e3
1972.9	3.769e3
1973.6	6.660e2
1974.5	2.623e3
1975.4	1.872e3
1976.0	1.200e1
1976.5	2.285e3
1977.3	8.080e2
1978.3	2.429e3
1979.3	3.004e3
1979.9	4.600e2
1980.7	4.281e3
1981.4	2.630e2
1982.3	5.454e3
1983.6	2.965e3
1984.4	2.400e3
1985.1	2.934e3
1986.2	1.332e3
1987.2	2.511e3
1988.0	1.468e3
1988.7	4.084e3
1989.4	8.250e2
1990.0	1.402e3
1990.8	4.402e3
1991.3	5.100e1
1992.1	3.897e3
1993.1	2.530e3
1993.7	2.700e2
1994.3	2.015e3
1994.9	1.000e1
1995.6	3.073e3
1996.4	6.970e2
1997.2	9.660e2
1998.0	8.860e2
1998.9	2.668e3
1999.6	5.250e2
