100.3	1.069e5
101.0	8.525e5
101.6	9.080e2
102.1	2.232e6
103.0	1.544e5
103.5	1.317e3
104.0	1.149e5
104.6	3.980e2
105.1	6.675e5
105.6	1.175e3
106.1	1.076e5
106.6	7.388e3
107.2	1.332e5
107.8	2.012e4
108.3	6.876e5
109.1	2.573e5
110.0	2.118e6
110.6	2.130e3
111.1	6.144e6
112.1	2.146e6
113.1	4.710e5
113.6	1.475e3
114.1	3.440e5
115.1	1.507e5
115.6	1.101e3
116.1	9.478e4
117.1	8.241e4
118.1	2.313e5
119.0	2.210e5
119.6	1.893e3
120.1	6.333e5
121.1	1.727e5
121.6	2.651e3
122.2	1.363e6
123.1	2.877e5
123.6	2.051e3
124.2	1.178e5
125.1	6.418e4
126.0	2.997e5
126.6	2.056e3
127.1	9.621e4
128.1	4.449e4
129.1	9.878e4
129.7	4.995e3
130.2	2.368e5
131.2	8.458e5
132.1	2.585e5
133.1	5.028e5
134.1	9.288e4
135.1	5.409e4
136.1	5.170e5
137.1	1.041e5
137.6	1.290e3
138.2	1.165e6
139.2	1.585e5
140.1	2.182e5
141.1	1.474e5
142.1	3.164e5
143.0	7.502e4
143.6	1.007e3
144.1	1.483e5
145.1	5.397e5
146.1	8.454e4
147.1	3.234e5
148.1	6.646e4
149.1	2.499e5
149.6	9.310e2
150.2	2.843e5
151.2	6.550e4
152.2	3.823e4
153.1	3.577e4
154.1	1.027e5
154.6	1.090e3
155.2	2.145e5
156.2	9.658e4
157.1	1.972e5
158.1	3.603e5
159.1	1.587e6
160.1	1.983e5
161.1	6.337e4
162.1	7.513e4
162.6	5.010e2
163.1	1.488e5
164.1	1.664e5
164.6	7.890e2
165.2	8.600e4
166.0	1.329e4
166.6	6.597e4
167.5	3.882e5
168.3	9.536e4
169.2	4.707e4
170.1	8.946e4
170.7	1.274e3
171.2	7.534e5
172.1	3.821e5
173.1	1.798e5
173.6	1.063e3
174.2	1.053e5
174.9	2.412e4
175.6	1.761e5
176.3	4.726e4
176.9	5.047e5
177.9	1.326e5
178.5	2.145e4
179.2	1.307e5
180.2	7.028e4
181.2	8.516e4
182.1	8.769e4
182.6	8.960e2
183.1	3.821e5
183.7	2.681e3
184.3	1.040e5
185.1	9.493e5
186.0	2.041e5
186.5	3.044e3
187.1	7.808e5
187.6	4.270e2
188.2	4.481e5
189.1	1.125e5
189.6	8.970e2
190.2	7.778e4
191.1	6.370e4
191.7	5.520e2
192.2	9.682e4
192.7	6.900e2
193.2	5.515e4
194.2	2.605e5
195.2	1.652e5
195.7	2.920e2
196.3	2.262e6
197.2	7.222e5
198.3	1.034e6
199.2	1.755e5
200.1	4.391e5
200.6	1.384e3
201.1	1.067e5
202.1	6.656e4
203.1	1.306e5
204.1	5.979e4
204.6	7.670e2
205.1	9.258e4
205.7	1.629e3
206.2	8.449e4
207.2	5.961e4
208.2	5.844e4
209.1	1.166e5
209.6	1.417e3
210.2	9.216e4
211.2	4.423e4
212.2	7.609e4
213.1	3.454e4
214.2	7.791e6
215.2	9.806e5
216.2	5.585e5
217.2	2.410e5
218.3	7.702e5
219.3	1.592e5
220.2	1.423e5
221.2	8.295e4
222.2	4.764e4
223.1	3.683e4
224.1	1.146e5
224.7	1.494e3
225.2	6.269e4
226.1	8.834e4
227.1	4.211e5
227.6	1.468e3
228.1	1.339e5
228.7	1.276e3
229.2	7.972e4
230.2	3.964e4
231.2	9.175e4
232.1	5.353e4
233.2	4.857e4
234.2	7.451e4
235.1	5.228e4
235.7	1.246e3
236.2	1.096e6
237.2	2.601e5
237.7	2.310e2
238.2	1.152e5
239.2	7.227e4
239.7	1.235e3
240.2	3.029e4
241.2	4.201e4
242.1	5.061e4
242.7	3.819e3
243.2	8.340e4
244.2	4.710e4
245.2	4.862e4
246.2	3.049e4
247.2	2.526e4
248.1	3.670e4
248.7	9.720e2
249.2	2.765e4
250.2	7.980e4
250.7	2.350e2
251.2	4.080e4
252.2	6.255e4
253.1	6.197e4
254.1	9.628e4
254.6	2.356e3
255.2	6.561e4
256.1	3.946e4
257.1	5.007e4
257.7	1.094e3
258.2	2.751e4
258.7	8.200e2
259.3	1.953e5
259.8	1.238e3
260.3	5.183e4
261.3	7.749e4
261.9	1.718e4
262.6	5.657e4
263.6	4.011e4
264.4	1.639e4
265.2	2.422e4
266.1	8.871e4
266.6	1.021e3
267.2	4.455e4
268.1	1.823e4
269.1	2.039e4
270.0	2.187e4
271.0	3.702e4
271.5	4.735e3
272.1	2.867e4
272.7	3.300e2
273.2	3.123e4
274.2	4.558e4
275.1	3.229e4
276.1	4.570e4
276.7	1.634e3
277.2	7.172e4
278.1	5.169e4
278.7	1.572e3
279.2	7.330e4
280.2	3.056e4
281.1	4.554e4
281.6	2.720e2
282.2	4.963e4
283.2	6.898e4
284.1	3.644e4
284.9	5.257e4
285.5	4.206e3
286.1	2.712e4
287.1	3.109e4
287.6	2.190e2
288.1	2.031e4
288.6	6.700e1
289.2	4.570e4
289.7	4.620e2
290.2	2.054e4
291.1	1.947e4
291.6	6.200e1
292.1	2.443e4
293.2	1.532e4
294.1	2.500e4
295.1	7.147e4
295.7	1.070e3
296.2	2.495e4
296.7	3.210e2
297.2	2.593e4
298.2	2.534e4
299.2	2.326e4
299.7	3.870e2
300.2	2.535e4
300.8	2.940e2
301.3	6.915e4
302.2	3.285e4
303.2	3.413e4
304.1	7.787e4
304.6	1.519e3
305.1	6.428e4
306.1	2.382e4
307.1	4.407e4
307.6	6.460e2
308.2	2.914e4
309.1	3.008e4
309.7	3.350e2
310.2	2.147e4
310.8	2.900e3
311.3	3.761e4
312.3	2.773e4
312.8	9.570e2
313.3	4.940e4
314.2	3.545e4
314.7	2.730e2
315.2	2.336e4
316.2	2.775e4
316.7	1.800e2
317.2	2.519e4
318.2	2.387e4
319.2	2.216e4
320.2	1.865e4
321.2	4.446e4
322.1	2.403e4
322.7	1.048e3
323.2	1.961e4
324.2	2.414e4
324.8	2.012e3
325.3	5.396e4
326.2	7.254e4
327.2	4.628e4
328.2	3.228e4
329.2	3.361e4
329.7	5.650e2
330.2	2.309e4
330.8	1.401e3
331.3	1.497e5
332.2	6.076e4
333.2	4.717e4
334.2	4.292e4
334.7	7.850e2
335.2	2.920e4
335.8	5.460e2
336.3	2.131e4
336.8	4.150e2
337.3	3.779e4
337.8	6.520e2
338.3	3.345e4
338.9	1.702e3
339.4	7.019e4
340.3	3.160e4
340.8	2.081e3
341.4	4.595e4
342.3	3.159e4
343.2	2.609e4
344.1	4.022e4
344.6	1.053e3
345.2	2.888e4
346.1	2.133e4
346.7	8.590e2
347.2	3.680e4
348.2	3.854e4
349.2	8.931e4
350.1	3.481e4
350.7	5.420e2
351.2	2.956e4
352.2	3.320e4
352.7	5.220e2
353.3	4.971e4
354.2	2.144e5
354.7	9.760e2
355.2	1.100e5
356.2	4.385e4
357.2	4.681e4
357.7	2.108e3
358.3	2.825e4
359.3	1.333e5
360.2	4.841e4
361.2	4.045e4
362.2	2.112e4
363.1	1.081e5
363.6	1.106e3
364.2	2.381e4
364.7	1.489e3
365.3	3.972e4
366.2	2.419e4
366.8	2.290e3
367.3	2.829e4
368.3	2.767e4
368.9	2.351e3
369.4	1.236e5
370.4	4.718e4
371.3	2.560e4
372.2	3.946e4
373.2	2.813e4
374.2	1.821e4
375.2	3.725e4
376.2	2.345e4
377.2	3.816e4
378.2	2.331e4
379.1	4.160e4
380.1	3.404e4
380.7	5.855e3
381.3	3.902e4
382.3	2.114e4
382.9	2.312e3
383.4	6.804e4
384.4	2.830e4
385.3	2.862e4
386.3	2.270e4
386.8	3.490e3
387.4	3.030e4
388.3	1.193e4
389.0	3.031e4
389.7	2.960e3
390.3	1.817e4
390.8	8.150e2
391.4	3.740e4
392.3	2.579e4
392.9	4.306e3
393.5	5.169e4
394.5	4.662e4
395.4	2.977e4
396.3	1.986e4
396.9	2.428e3
397.5	3.939e4
398.4	2.528e4
399.4	5.648e4
400.3	2.952e4
401.1	1.422e4
401.8	7.020e4
402.8	2.676e4
403.4	8.833e3
404.1	2.139e4
404.8	3.894e3
405.4	3.111e4
406.2	1.476e4
407.1	2.669e4
407.8	4.475e3
408.5	3.948e4
409.4	7.713e4
409.9	5.150e2
410.4	2.486e4
411.4	2.673e4
411.9	2.386e3
412.5	2.254e4
413.5	1.112e5
414.0	4.570e2
414.5	4.283e4
415.5	3.347e4
416.0	9.250e2
416.5	7.049e4
417.4	2.071e4
418.2	1.467e4
418.8	1.598e3
419.4	1.786e4
420.3	1.925e4
421.2	3.180e4
421.8	1.566e3
422.3	2.352e4
422.9	2.962e3
423.5	7.765e4
424.3	3.100e4
425.3	2.543e4
426.3	1.665e4
426.9	4.461e3
427.5	7.928e4
428.5	3.693e4
429.4	2.936e4
430.4	3.592e4
431.2	1.491e5
432.1	3.861e4
432.7	2.228e3
433.3	2.301e4
434.0	6.107e3
434.7	2.204e4
435.7	3.303e4
436.5	1.552e4
437.3	3.026e4
438.0	6.394e3
438.5	7.961e4
439.4	2.698e4
440.3	1.251e4
440.9	2.571e3
441.5	4.834e4
442.0	1.173e3
442.5	2.746e4
443.4	5.853e4
444.0	3.637e3
444.6	3.138e4
445.6	9.196e4
446.5	4.077e4
447.5	2.262e4
448.4	1.578e4
449.4	5.615e4
450.3	2.621e4
451.2	3.742e4
451.8	7.272e3
452.5	7.100e4
453.5	5.772e4
454.4	2.075e4
455.0	3.804e3
455.5	2.433e4
456.1	1.736e3
456.6	2.312e4
457.5	9.012e4
458.0	9.010e2
458.5	3.870e4
459.1	3.209e3
459.7	4.227e4
460.7	7.632e4
461.5	2.821e4
462.3	6.572e3
463.1	2.378e4
464.1	1.946e4
464.7	4.277e3
465.2	3.294e4
466.0	6.861e3
466.7	2.399e4
467.6	9.504e4
468.6	2.586e4
469.3	1.465e4
470.1	4.207e4
470.8	1.422e4
471.6	9.096e4
472.6	3.932e4
473.5	3.041e4
474.1	3.622e3
474.7	6.702e4
475.6	4.839e4
476.4	2.617e4
477.4	1.734e4
478.0	2.658e3
478.6	1.572e4
479.5	4.057e4
480.5	2.739e4
481.5	3.694e4
482.5	7.629e4
483.3	4.159e4
484.2	1.837e4
484.9	4.482e3
485.6	5.599e4
486.5	2.743e4
487.4	6.310e4
488.0	4.660e3
488.7	2.655e4
489.6	9.516e4
490.5	3.071e4
491.4	1.482e4
492.3	1.201e4
493.1	1.889e4
494.0	3.281e4
494.7	8.788e3
495.4	4.306e4
496.0	3.642e3
496.5	7.330e4
497.5	5.374e4
498.3	1.630e4
499.1	8.797e4
499.8	1.052e4
500.5	2.501e4
501.6	1.054e5
502.5	4.194e4
503.1	2.800e2
503.6	3.901e4
504.6	7.307e4
505.4	2.420e4
506.3	1.339e4
507.3	1.530e4
508.1	1.892e4
509.1	4.999e4
509.7	5.409e3
510.4	2.643e4
511.0	4.105e3
511.6	9.610e4
512.5	3.459e4
513.5	2.156e4
514.5	1.425e4
515.0	1.677e3
515.6	9.803e4
516.1	4.090e2
516.6	4.581e4
517.4	1.511e4
518.1	2.900e4
518.9	6.916e4
519.9	2.937e4
520.8	1.549e4
521.6	9.728e3
522.4	1.658e4
523.3	2.856e4
524.2	3.415e4
524.9	1.042e4
525.6	4.669e4
526.6	7.732e4
527.4	3.622e4
528.4	1.814e4
529.0	3.365e3
529.6	5.681e4
530.1	1.498e3
530.6	3.010e4
531.5	6.206e4
532.0	1.598e3
532.5	2.739e4
533.1	2.524e3
533.7	7.857e4
534.5	2.930e4
535.4	1.242e4
536.3	1.009e4
537.1	2.096e4
538.1	4.716e4
539.0	2.725e4
539.9	1.352e4
540.7	6.023e4
541.6	4.299e4
542.6	1.795e4
543.6	3.286e4
544.2	1.353e3
544.7	1.967e4
545.6	9.014e4
546.6	3.456e4
547.1	4.830e2
547.6	3.207e4
548.1	6.960e2
548.6	5.079e4
549.5	2.360e4
550.5	1.517e4
551.1	7.370e2
551.6	1.599e4
552.6	2.485e4
553.5	2.862e4
554.1	2.907e3
554.7	2.955e4
555.7	6.128e4
556.6	2.967e4
557.5	2.165e4
558.0	6.600e2
558.6	1.457e4
559.6	8.135e4
560.1	1.040e2
560.6	5.103e4
561.6	2.655e4
562.1	8.930e2
562.7	3.636e4
563.6	2.944e4
564.6	1.290e4
565.5	1.318e4
566.4	7.836e3
567.1	5.736e4
567.7	4.091e3
568.2	2.611e4
568.9	8.703e3
569.6	3.025e4
570.7	4.689e4
571.6	2.372e4
572.5	1.275e4
573.1	7.530e2
573.6	4.589e4
574.1	6.630e2
574.7	2.907e4
575.6	5.303e4
576.5	2.103e4
577.5	6.111e4
578.4	2.967e4
579.3	1.843e4
580.0	5.951e3
580.8	1.171e4
581.7	2.283e4
582.7	2.375e4
583.6	1.473e4
584.2	8.870e2
584.7	4.146e4
585.7	3.139e4
586.7	1.086e4
587.6	2.257e4
588.1	8.070e2
588.7	1.788e4
589.6	6.656e4
590.2	5.200e1
590.7	3.450e4
591.6	1.830e4
592.2	3.014e3
592.8	3.820e4
593.7	1.764e4
594.6	1.044e4
595.2	6.140e2
595.7	1.652e4
596.5	5.308e3
597.1	2.267e4
597.9	9.214e3
598.7	2.042e4
599.6	5.567e4
600.5	1.878e4
601.1	2.940e3
601.7	1.610e4
602.2	4.900e2
602.8	8.331e3
603.6	6.352e4
604.2	1.876e3
604.7	3.568e4
605.3	5.471e3
606.0	3.626e4
606.9	2.230e4
607.9	1.694e4
608.4	1.708e3
609.0	1.346e4
609.7	5.168e3
610.5	1.176e4
611.2	3.526e3
611.8	2.015e4
612.7	1.414e4
613.3	1.532e3
613.9	1.987e4
614.9	3.049e4
615.9	1.624e4
616.8	8.343e3
617.7	3.714e4
618.2	6.610e2
618.7	2.307e4
619.6	3.305e4
620.6	1.924e4
621.2	9.840e2
621.7	2.125e4
622.6	1.252e4
623.1	3.190e2
623.6	1.273e4
624.2	7.170e2
624.8	8.695e3
625.7	1.789e4
626.3	3.898e3
627.0	1.674e4
627.9	1.045e4
628.9	2.308e4
629.7	1.634e4
630.6	1.172e4
631.1	7.290e2
631.7	1.890e4
632.7	1.224e4
633.7	4.948e4
634.4	7.639e3
635.0	5.813e4
635.9	1.497e4
636.8	2.301e4
637.7	1.253e4
638.6	9.701e3
639.6	1.073e4
640.6	8.263e3
641.5	1.445e4
642.0	1.259e3
642.6	1.616e4
643.6	2.208e4
644.3	5.728e3
645.0	1.784e4
645.8	6.794e3
646.8	9.593e3
647.7	5.559e4
648.7	3.189e4
649.7	1.411e4
650.3	1.969e3
650.9	1.566e4
651.5	2.702e3
652.1	9.699e3
652.9	4.828e3
653.8	1.165e4
654.7	6.734e3
655.6	1.717e4
656.1	2.160e2
656.6	1.793e4
657.1	3.020e2
657.6	1.380e4
658.3	2.085e3
659.0	1.694e4
659.8	9.324e3
660.8	7.791e3
661.7	3.744e4
662.2	9.610e2
662.8	1.602e4
663.7	9.854e4
664.7	4.896e4
665.3	1.637e3
665.8	2.484e4
666.4	7.300e2
667.0	1.514e4
667.9	1.203e4
668.8	8.055e3
669.6	1.579e4
670.1	1.003e3
670.7	1.737e4
671.2	3.140e2
671.7	1.276e4
672.7	2.077e4
673.4	2.879e3
674.0	2.316e4
674.9	7.352e3
675.7	2.027e4
676.2	5.030e2
676.7	1.300e4
677.7	4.223e4
678.7	1.972e4
679.2	1.840e2
679.8	1.095e4
680.3	2.600e2
680.8	1.392e4
681.7	1.058e4
682.4	9.090e2
683.0	5.992e3
683.8	8.006e3
684.7	1.193e4
685.7	5.476e5
686.7	2.711e5
687.7	7.849e4
688.6	2.506e4
689.2	2.731e3
689.8	1.413e4
690.7	7.866e3
691.7	4.889e4
692.3	1.850e2
692.8	2.892e4
693.8	1.334e4
694.3	4.590e2
694.9	9.757e3
695.8	7.525e3
696.8	1.056e4
697.3	6.000e2
697.9	8.379e3
698.4	7.680e2
699.0	7.282e3
699.9	1.501e4
700.8	1.067e4
701.6	4.237e4
702.3	3.301e3
702.9	4.836e4
703.8	2.006e4
704.7	1.482e4
705.2	3.540e2
705.8	3.174e4
706.7	1.663e4
707.7	2.667e4
708.2	1.052e3
708.8	1.009e5
709.3	3.590e2
709.8	5.560e4
710.7	2.117e4
711.3	6.870e2
711.8	1.104e4
712.8	8.960e3
713.7	1.305e4
714.7	1.042e4
715.3	9.410e2
715.9	1.385e4
716.4	8.100e1
716.9	1.468e4
717.9	1.049e4
718.8	1.134e4
719.3	3.090e2
719.9	1.871e4
720.8	1.171e4
721.7	4.348e4
722.7	2.313e4
723.5	7.287e3
724.3	2.390e4
724.9	4.459e3
725.5	2.947e4
726.1	3.830e3
726.7	1.142e5
727.2	5.830e2
727.7	6.175e4
728.7	2.786e4
729.7	1.594e4
730.2	7.610e2
730.8	1.212e4
731.8	1.486e4
732.3	9.920e2
732.9	8.517e3
733.8	1.153e4
734.8	1.228e4
735.8	3.924e4
736.8	2.672e4
737.3	2.210e2
737.8	1.762e4
738.8	9.171e3
739.6	5.589e3
740.6	7.250e3
741.3	3.622e3
742.0	1.940e4
742.7	4.015e3
743.5	1.110e4
744.2	1.866e3
744.8	1.162e4
745.7	1.532e4
746.7	1.104e4
747.6	7.391e3
748.4	1.495e4
749.1	2.621e3
749.7	3.479e4
750.7	2.532e4
751.3	5.200e2
751.8	2.260e4
752.7	1.281e4
753.7	3.617e4
754.2	6.510e2
754.7	2.073e4
755.7	1.219e4
756.2	4.390e2
756.7	9.511e3
757.7	1.015e4
758.6	9.816e3
759.5	1.255e4
760.1	1.494e3
760.8	1.614e4
761.5	3.292e3
762.2	1.289e4
763.0	3.946e3
763.7	1.490e4
764.3	1.580e2
764.8	1.377e4
765.8	3.136e4
766.3	1.300e2
766.8	1.734e4
767.8	1.117e4
768.4	1.712e3
769.1	1.051e4
770.0	8.777e3
770.6	2.840e2
771.1	2.350e4
771.9	9.764e3
772.8	9.275e3
773.3	2.880e2
773.8	1.034e4
774.7	1.155e4
775.2	4.600e1
775.7	9.124e3
776.6	6.778e3
777.5	1.036e4
778.0	4.240e2
778.6	1.014e4
779.2	1.453e3
779.8	2.842e4
780.3	2.830e2
780.8	2.092e4
781.8	1.323e4
782.3	6.190e2
782.9	1.091e4
783.4	5.480e2
784.0	1.138e4
784.7	2.784e3
785.4	1.080e4
786.2	4.303e3
787.0	1.203e4
787.9	6.009e3
788.7	1.273e4
789.5	6.942e3
790.3	1.071e4
791.3	1.195e4
792.0	3.527e3
792.7	1.651e4
793.2	7.490e2
793.8	2.424e4
794.8	1.404e4
795.3	1.009e3
795.8	1.461e4
796.3	1.280e2
796.8	1.102e4
797.4	6.630e2
797.9	1.138e4
798.7	5.060e3
799.5	8.999e3
800.1	1.011e3
800.8	9.060e3
801.7	9.152e3
802.3	5.820e2
802.9	1.236e4
803.9	7.318e3
804.9	1.181e4
805.8	7.522e3
806.7	9.133e3
807.7	1.305e4
808.3	1.713e3
808.9	1.070e4
809.9	2.475e4
810.8	1.496e4
811.3	8.200e1
811.9	8.448e3
812.8	7.454e3
813.8	8.302e3
814.4	4.490e2
814.9	5.763e3
815.5	7.030e2
816.1	7.655e3
817.0	8.621e3
817.9	3.908e3
818.5	5.920e2
819.0	8.956e3
819.9	9.391e3
820.8	4.666e3
821.7	7.048e3
822.3	6.840e2
822.9	7.386e3
823.8	1.909e4
824.8	1.242e4
825.3	9.700e1
825.8	7.680e3
826.5	2.161e3
827.2	7.888e3
827.9	2.779e3
828.7	6.711e3
829.2	3.390e2
829.8	7.366e3
830.4	5.640e2
831.0	6.714e3
831.5	1.260e2
832.0	1.119e4
833.1	8.577e3
833.9	9.481e3
834.9	9.600e3
835.7	5.764e3
836.5	7.938e3
837.2	1.303e3
837.8	1.326e4
838.5	4.670e2
839.1	2.356e4
839.9	1.002e4
840.8	9.704e3
841.8	1.202e4
842.8	6.066e3
843.3	3.450e2
843.8	7.566e3
844.4	6.740e2
844.9	8.677e3
845.5	6.400e1
846.0	8.307e3
846.7	2.956e3
847.4	1.089e4
848.2	5.959e3
849.1	9.238e3
849.7	9.150e2
850.3	6.178e3
851.0	2.946e3
851.8	1.031e4
852.4	1.012e3
852.9	7.401e3
853.9	1.181e4
854.9	1.050e4
855.4	4.530e2
855.9	9.375e3
856.8	3.904e3
857.6	8.410e3
858.2	1.647e3
858.9	8.574e3
859.9	8.937e3
860.9	7.627e3
861.4	5.900e1
861.9	9.082e3
862.4	4.710e2
863.0	8.180e3
863.7	3.120e3
864.5	7.165e3
865.5	8.434e3
866.3	2.576e3
867.1	5.247e3
868.0	1.435e4
868.9	9.129e3
869.4	3.850e2
870.0	7.671e3
871.1	6.677e3
872.0	5.897e3
872.6	3.580e2
873.1	8.481e3
873.7	1.582e3
874.3	8.417e3
875.0	2.442e3
875.7	7.531e3
876.2	1.177e3
876.9	7.449e3
877.7	3.425e3
878.4	1.273e4
879.0	1.281e3
879.6	9.310e3
880.2	1.170e3
880.8	9.432e3
881.8	1.411e4
882.7	8.040e3
883.4	8.830e2
884.0	7.983e3
885.0	7.994e3
885.5	8.200e1
886.0	8.016e3
886.9	6.386e3
887.4	8.200e1
887.9	7.208e3
888.9	5.898e3
889.6	2.075e3
890.2	7.485e3
891.0	3.494e3
891.8	5.884e3
892.7	8.517e3
893.3	1.859e3
894.1	6.730e3
895.0	5.456e3
896.0	7.093e3
896.5	6.800e1
897.0	6.159e3
897.9	9.997e3
898.9	7.078e3
899.8	6.880e3
900.7	8.552e3
901.3	3.980e2
901.8	5.225e3
902.3	1.050e2
902.9	7.043e3
903.4	2.480e2
903.9	8.829e3
904.4	2.750e2
904.9	8.062e3
905.9	6.742e3
906.5	7.010e2
907.1	1.490e4
908.0	7.654e3
908.9	4.972e3
909.6	8.560e2
910.2	8.558e3
911.2	3.683e3
912.0	1.448e4
913.0	6.907e3
913.5	3.350e2
914.1	6.175e3
914.7	1.028e3
915.3	3.596e3
916.2	5.889e3
917.2	6.412e3
918.1	5.138e3
919.0	3.322e3
919.8	6.612e3
920.8	4.741e3
921.8	6.667e3
922.7	5.030e3
923.4	1.304e3
924.0	5.549e3
924.9	1.974e3
925.6	8.572e3
926.2	5.040e2
926.9	9.633e3
927.5	1.678e3
928.1	7.828e3
929.0	4.333e3
929.9	5.058e3
930.6	1.654e3
931.3	6.949e3
932.0	2.146e3
932.8	7.715e3
933.7	6.033e3
934.3	9.810e2
934.9	7.769e3
935.9	5.268e3
936.4	9.920e2
937.0	5.817e3
937.5	4.800e1
938.1	5.191e3
939.1	6.095e3
940.1	6.757e3
940.6	7.800e1
941.1	6.035e3
942.0	8.572e3
942.9	8.033e3
943.6	9.990e2
944.3	6.468e3
945.1	3.928e3
946.1	1.451e4
946.9	5.565e3
947.8	7.624e3
948.3	1.570e2
948.9	7.739e3
949.5	1.248e3
950.2	6.525e3
950.7	2.520e2
951.2	5.875e3
951.9	1.220e3
952.5	6.643e3
953.1	1.950e2
953.7	6.101e3
954.4	2.623e3
955.2	5.970e3
956.1	7.720e3
956.9	5.094e3
957.8	6.613e3
958.8	6.266e3
959.7	6.999e3
960.2	5.620e2
960.8	7.372e3
961.7	4.038e3
962.6	5.750e3
963.2	7.780e2
963.9	5.624e3
964.4	6.200e1
964.9	7.205e3
965.6	1.238e3
966.2	7.872e3
966.7	3.760e2
967.2	6.836e3
967.9	1.105e3
968.6	4.958e3
969.1	5.430e2
969.7	8.691e3
970.6	9.445e3
971.2	6.800e2
972.0	7.893e3
972.6	9.030e2
973.3	6.799e3
974.2	4.517e3
975.2	1.265e4
975.8	8.100e2
976.4	5.503e3
977.3	4.207e3
977.8	4.300e1
978.3	6.014e3
979.2	3.660e3
980.0	7.977e3
980.9	4.490e3
981.9	6.074e3
982.7	1.938e3
983.4	8.386e3
984.1	2.666e3
984.9	1.033e4
985.4	3.920e2
986.0	6.502e3
986.9	7.151e3
987.6	9.000e2
988.2	7.221e3
989.2	6.241e3
989.7	2.710e2
990.3	7.103e3
991.3	7.059e3
992.0	2.247e3
992.7	8.716e3
993.3	8.770e2
994.0	4.369e3
994.8	6.174e3
995.4	9.970e2
996.0	7.006e3
996.6	3.110e2
997.1	5.531e3
997.9	2.350e3
998.7	6.530e3
999.3	4.740e2
999.9	6.080e3
1000.9	9.111e3
1001.5	2.610e2
1002.0	7.266e3
1003.0	5.601e3
1003.5	3.830e2
1004.1	4.792e3
1005.0	5.472e3
1005.6	3.340e2
1006.1	4.274e3
1006.7	3.060e2
1007.3	5.925e3
1007.8	2.500e2
1008.3	5.317e3
1009.3	6.594e3
1009.9	1.632e3
1010.5	6.443e3
1011.2	2.219e3
1011.9	5.420e3
1012.8	7.805e3
1013.4	1.295e3
1014.1	1.134e4
1015.0	6.658e3
1015.9	7.333e3
1016.9	5.824e3
1017.5	6.300e1
1018.0	4.933e3
1018.9	4.824e3
1019.7	2.594e3
1020.5	5.222e3
1021.1	1.580e2
1021.6	6.394e3
1022.5	4.257e3
1023.4	7.287e3
1024.1	2.928e3
1024.8	6.508e3
1025.4	5.620e2
1026.0	5.109e3
1027.0	6.124e3
1027.9	8.942e3
1028.9	6.611e3
1029.5	1.131e3
1030.1	7.172e3
1030.9	3.959e3
1031.7	5.560e3
1032.2	3.290e2
1032.7	7.590e3
1033.6	2.244e3
1034.3	7.903e3
1034.8	1.790e2
1035.4	6.728e3
1036.1	1.862e3
1036.9	5.264e3
1037.4	8.900e1
1037.9	8.432e3
1038.8	3.458e3
1039.5	4.138e3
1040.5	5.185e3
1041.3	4.629e3
1042.2	7.396e3
1042.8	9.310e2
1043.3	1.364e4
1044.1	6.101e3
1045.0	7.586e3
1045.8	2.117e3
1046.5	6.683e3
1047.2	2.259e3
1048.0	6.062e3
1048.8	2.271e3
1049.6	6.252e3
1050.4	2.806e3
1051.2	5.945e3
1052.2	4.501e3
1053.2	7.225e3
1054.0	2.940e3
1054.9	4.874e3
1055.5	1.200e3
1056.1	9.494e3
1057.1	7.784e3
1058.1	7.042e3
1058.7	2.007e3
1059.3	8.150e3
1060.0	2.923e3
1060.7	5.861e3
1061.6	4.138e3
1062.6	3.793e3
1063.4	6.296e3
1064.2	5.009e3
1065.2	4.229e3
1066.1	5.538e3
1066.7	5.400e2
1067.3	5.025e3
1068.2	6.237e3
1068.8	7.450e2
1069.4	5.615e3
1070.1	1.079e3
1070.8	8.026e3
1071.4	9.200e2
1072.0	4.788e3
1072.8	7.552e3
1073.6	1.897e3
1074.2	6.330e3
1075.1	5.328e3
1076.0	8.123e3
1076.5	1.830e2
1077.0	7.242e3
1078.0	4.660e3
1078.9	7.308e3
1079.8	4.643e3
1080.4	8.290e2
1081.1	5.730e3
1082.0	6.954e3
1083.0	3.730e3
1084.0	6.665e3
1084.5	2.220e2
1085.0	3.301e3
1085.7	1.095e3
1086.4	4.980e3
1087.2	1.996e3
1087.9	4.614e3
1088.4	2.380e2
1088.9	5.955e3
1089.5	1.330e2
1090.0	4.857e3
1090.6	1.860e2
1091.1	4.589e3
1092.1	5.251e3
1092.8	2.114e3
1093.6	6.009e3
1094.4	2.053e3
1095.1	5.046e3
1096.1	5.801e3
1097.0	5.500e3
1097.7	7.960e2
1098.3	5.968e3
1098.9	1.293e3
1099.5	6.465e3
1100.1	2.080e2
1100.6	5.876e3
1101.5	3.883e3
1102.3	6.864e3
1103.1	3.559e3
1104.0	4.771e3
1104.9	3.210e3
1105.8	5.049e3
1106.8	2.656e3
1107.6	4.320e3
1108.3	1.057e3
1108.9	3.968e3
1109.7	6.103e3
1110.5	1.306e3
1111.1	7.820e3
1112.1	4.441e3
1113.0	5.737e3
1113.6	5.400e1
1114.1	3.934e3
1115.0	5.319e3
1115.6	5.830e2
1116.2	5.673e3
1117.2	7.017e3
1117.8	6.500e2
1118.3	5.559e3
1118.9	4.770e2
1119.5	5.739e3
1120.1	8.250e2
1120.7	5.494e3
1121.2	2.040e2
1121.7	7.222e3
1122.7	5.643e3
1123.3	3.130e2
1123.9	4.833e3
1124.4	7.100e2
1125.0	5.641e3
1125.7	6.960e2
1126.3	4.368e3
1127.3	4.085e3
1128.3	4.995e3
1128.8	5.060e2
1129.4	5.385e3
1130.2	7.091e3
1130.8	1.047e3
1131.4	5.144e3
1132.1	5.460e2
1132.7	5.324e3
1133.4	2.593e3
1134.1	6.471e3
1135.0	5.691e3
1135.9	4.745e3
1136.8	5.849e3
1137.8	5.607e3
1138.8	2.850e3
1139.4	7.810e2
1140.0	5.868e3
1140.6	3.770e2
1141.1	5.639e3
1141.7	1.086e3
1142.3	6.516e3
1143.1	4.292e3
1144.0	3.652e3
1144.6	6.300e1
1145.1	6.653e3
1145.8	3.697e3
1146.6	5.057e3
1147.4	4.540e3
1148.3	4.655e3
1149.3	3.474e3
1150.2	8.845e3
1150.8	2.040e2
1151.3	4.412e3
1151.8	1.400e2
1152.3	4.475e3
1153.2	6.398e3
1153.9	9.330e2
1154.5	4.289e3
1155.3	3.676e3
1156.1	2.846e3
1157.0	5.428e3
1157.9	6.276e3
1158.8	7.872e3
1159.5	1.499e3
1160.2	6.226e3
1160.7	8.200e1
1161.2	3.950e3
1162.2	6.007e3
1163.1	5.554e3
1164.1	5.584e3
1164.9	2.666e3
1165.7	7.844e3
1166.5	3.372e3
1167.3	3.612e3
1168.1	7.604e3
1168.8	3.485e3
1169.6	5.224e3
1170.3	1.225e3
1171.0	5.628e3
1171.7	1.272e3
1172.3	5.144e3
1173.2	3.941e3
1174.1	3.812e3
1175.1	6.305e3
1176.0	6.686e3
1176.7	1.550e3
1177.3	2.951e3
1178.3	5.519e3
1179.3	8.384e3
1180.1	2.652e3
1181.0	2.656e3
1181.8	4.160e3
1182.8	4.116e3
1183.4	3.010e2
1184.0	5.277e3
1184.6	8.050e2
1185.2	6.274e3
1185.8	1.864e3
1186.5	7.176e3
1187.0	3.180e2
1187.6	5.128e3
1188.4	2.230e3
1189.1	5.203e3
1190.1	5.850e3
1190.8	7.080e2
1191.4	5.912e3
1191.9	3.200e2
1192.4	4.864e3
1193.5	4.531e3
1194.3	2.437e3
1195.1	4.126e3
1196.0	4.695e3
1196.9	3.041e3
1197.7	7.238e3
1198.7	3.636e3
1199.6	4.650e3
1200.4	6.642e3
1201.3	1.637e3
1202.0	4.309e3
1202.8	3.154e3
1203.7	5.058e3
1204.6	3.693e3
1205.6	5.723e3
1206.5	4.906e3
1207.5	5.990e3
1208.4	5.099e3
1209.3	2.926e3
1210.2	4.829e3
1211.2	3.669e3
1212.0	5.368e3
1212.7	1.073e3
1213.3	4.514e3
1214.2	7.736e3
1215.1	3.748e3
1216.0	4.630e3
1217.1	5.270e3
1217.6	3.410e2
1218.2	5.596e3
1218.8	2.780e2
1219.4	5.023e3
1220.1	1.547e3
1220.9	4.314e3
1221.9	4.200e3
1222.5	5.730e2
1223.0	6.184e3
1223.7	1.377e3
1224.5	5.624e3
1225.0	3.340e2
1225.5	5.903e3
1226.1	2.450e2
1226.6	4.475e3
1227.2	8.870e2
1228.0	4.849e3
1228.8	9.265e3
1229.6	3.201e3
1230.5	5.248e3
1231.0	3.870e2
1231.6	5.226e3
1232.5	3.911e3
1233.2	1.653e3
1233.9	6.590e3
1234.4	3.260e2
1235.0	4.576e3
1235.7	1.312e3
1236.4	4.431e3
1237.2	2.068e3
1237.8	8.350e3
1238.5	7.530e2
1239.1	6.237e3
1240.1	1.713e3
1241.0	3.578e3
1241.6	6.440e2
1242.2	6.509e3
1243.0	2.846e3
1243.8	5.177e3
1244.7	6.168e3
1245.2	3.390e2
1245.8	5.278e3
1246.5	8.550e2
1247.1	8.064e3
1248.1	3.823e3
1248.7	7.580e2
1249.2	5.361e3
1249.8	3.440e2
1250.4	5.935e3
1251.3	3.125e3
1252.2	4.650e3
1253.2	4.926e3
1253.7	8.460e2
1254.3	4.136e3
1255.3	4.187e3
1255.8	4.910e2
1256.4	6.504e3
1257.3	4.580e3
1258.4	4.507e3
1259.1	1.538e3
1259.8	4.876e3
1260.7	6.787e3
1261.2	4.860e2
1261.8	4.648e3
1262.4	4.310e2
1263.0	6.254e3
1263.9	3.067e3
1264.9	5.664e3
1265.8	6.207e3
1266.7	3.912e3
1267.5	7.523e3
1268.3	1.978e3
1268.9	5.400e3
1269.5	5.210e2
1270.1	5.690e3
1270.7	9.710e2
1271.3	5.762e3
1272.2	4.151e3
1273.2	4.892e3
1274.1	5.138e3
1274.7	4.820e2
1275.3	3.916e3
1275.8	1.260e2
1276.4	2.589e3
1276.9	2.320e2
1277.5	5.388e3
1278.0	4.540e2
1278.6	7.569e3
1279.5	3.898e3
1280.3	6.156e3
1280.9	5.390e2
1281.4	4.359e3
1282.0	7.810e2
1282.6	5.218e3
1283.3	1.784e3
1284.1	3.518e3
1284.9	2.426e3
1285.7	5.870e3
1286.5	5.524e3
1287.1	7.340e2
1287.7	5.060e3
1288.5	1.090e3
1289.2	6.973e3
1290.1	4.169e3
1290.8	2.328e3
1291.7	5.006e3
1292.3	5.950e2
1292.9	4.871e3
1293.8	6.143e3
1294.8	3.965e3
1295.5	1.979e3
1296.3	5.820e3
1297.2	4.079e3
1298.1	3.765e3
1299.0	4.399e3
1299.8	2.583e3
1300.6	4.796e3
1301.3	1.273e3
1302.0	5.004e3
1302.6	1.170e2
1303.1	3.770e3
1303.7	1.045e3
1304.4	4.668e3
1305.4	5.391e3
1306.1	2.350e3
1306.8	6.312e3
1307.7	2.970e3
1308.7	5.786e3
1309.7	5.765e3
1310.5	2.528e3
1311.2	5.945e3
1312.2	3.064e3
1313.2	4.245e3
1314.1	6.178e3
1315.0	8.873e3
1315.8	4.526e3
1316.6	6.231e3
1317.5	4.880e3
1318.5	4.953e3
1319.3	3.228e3
1320.1	4.932e3
1320.7	1.520e2
1321.2	6.185e3
1322.2	4.681e3
1322.8	9.410e2
1323.4	5.838e3
1324.3	1.841e3
1324.9	6.969e3
1325.8	4.286e3
1326.4	7.300e2
1327.2	4.791e3
1328.0	3.102e3
1328.8	3.587e3
1329.7	5.456e3
1330.3	1.490e3
1331.0	4.800e3
1331.5	1.030e2
1332.0	6.111e3
1332.8	9.980e2
1333.5	4.446e3
1334.1	2.000e2
1334.6	5.478e3
1335.6	5.393e3
1336.5	5.930e3
1337.4	5.935e3
1338.4	3.264e3
1339.3	5.647e3
1340.3	3.859e3
1341.1	5.568e3
1342.0	1.496e3
1342.8	6.503e3
1343.3	3.800e1
1343.8	6.223e3
1344.6	1.041e3
1345.3	4.406e3
1345.9	4.310e2
1346.5	5.677e3
1347.4	3.655e3
1348.2	6.442e4
1349.3	6.469e4
1350.2	3.311e4
1351.2	1.539e4
1352.2	8.290e3
1353.1	5.571e3
1354.0	7.992e3
1354.6	1.638e3
1355.3	4.811e3
1355.9	8.820e2
1356.5	3.667e3
1357.4	6.779e3
1358.2	2.233e3
1359.0	6.084e3
1359.6	7.590e2
1360.2	7.262e3
1361.2	2.982e3
1361.8	2.160e2
1362.3	4.708e3
1362.8	1.500e2
1363.4	4.306e3
1364.3	8.008e3
1365.2	5.695e3
1366.1	7.842e3
1366.6	3.930e2
1367.2	5.769e3
1368.1	2.302e3
1368.9	7.251e3
1369.8	3.577e3
1370.7	8.524e3
1371.5	3.149e3
1372.3	6.444e3
1373.0	1.949e3
1373.9	5.635e3
1374.8	2.292e3
1375.6	5.984e3
1376.6	5.143e3
1377.1	1.600e2
1377.6	6.409e3
1378.2	4.600e1
1378.7	4.663e3
1379.5	3.327e3
1380.5	3.604e3
1381.6	3.639e3
1382.3	1.206e3
1383.0	2.755e3
1383.9	6.949e3
1384.9	4.514e3
1385.5	9.540e2
1386.1	4.449e3
1386.7	2.000e2
1387.2	4.064e3
1387.8	1.880e2
1388.3	4.616e3
1389.0	1.357e3
1389.7	3.946e3
1390.6	6.175e3
1391.4	1.823e3
1392.1	4.860e3
1392.8	9.130e2
1393.5	5.461e3
1394.2	1.193e3
1394.9	4.092e3
1395.8	5.302e3
1396.6	1.629e3
1397.3	4.624e3
1398.2	2.706e3
1398.9	1.365e3
1399.6	5.628e3
1400.2	9.400e1
1400.7	6.147e3
1401.3	3.690e2
1401.8	4.481e3
1402.8	5.622e3
1403.6	1.938e3
1404.4	6.049e3
1405.1	5.580e2
1405.8	5.252e3
1406.5	2.136e3
1407.2	4.048e3
1408.0	4.241e3
1409.0	5.921e3
1410.0	5.844e3
1411.0	6.342e3
1411.9	4.670e3
1413.0	4.750e3
1413.9	1.800e3
1414.8	5.544e3
1415.6	3.362e3
1416.5	3.765e3
1417.4	4.498e3
1418.0	2.430e2
1418.6	5.039e3
1419.2	3.410e2
1419.8	6.418e3
1420.3	6.080e2
1420.9	3.972e3
1421.7	2.409e3
1422.5	4.893e3
1423.1	5.900e2
1423.7	5.223e3
1424.4	8.250e2
1425.0	4.804e3
1425.6	1.147e3
1426.2	3.933e3
1427.1	2.713e3
1428.0	2.479e3
1428.8	5.165e3
1429.6	3.029e3
1430.6	7.728e3
1431.3	2.031e3
1432.0	5.877e3
1432.7	9.800e1
1433.2	4.912e3
1434.2	3.868e3
1434.8	7.390e2
1435.5	4.192e3
1436.5	6.574e3
1437.4	3.511e3
1438.0	6.500e1
1438.6	4.801e3
1439.1	2.720e2
1439.7	4.629e3
1440.7	3.827e3
1441.7	5.079e3
1442.2	5.840e2
1442.8	3.276e3
1443.4	7.000e1
1444.0	6.681e3
1444.6	1.352e3
1445.2	4.164e3
1446.2	3.408e3
1447.0	4.968e3
1447.7	1.771e3
1448.5	3.912e3
1449.0	7.000e0
1449.5	4.427e3
1450.3	1.539e3
1451.1	4.858e3
1452.0	6.109e3
1452.6	2.070e2
1453.2	3.426e3
1454.1	3.889e3
1455.0	6.051e3
1455.9	3.643e3
1456.8	5.858e3
1457.7	6.035e3
1458.5	2.939e3
1459.0	7.970e2
1459.6	4.934e3
1460.3	1.505e3
1460.9	2.697e3
1461.5	5.220e2
1462.2	4.933e3
1462.9	1.692e3
1463.7	8.067e3
1464.5	3.998e3
1465.0	8.180e2
1465.6	4.084e3
1466.5	4.354e3
1467.5	6.002e3
1468.0	3.830e2
1468.5	5.162e3
1469.1	6.910e2
1469.7	5.368e3
1470.2	2.460e2
1470.7	4.617e3
1471.3	2.700e1
1471.8	3.751e3
1472.7	5.303e3
1473.7	5.079e3
1474.5	2.914e3
1475.4	6.908e3
1475.9	5.000e0
1476.5	3.746e3
1477.0	1.710e2
1477.5	2.962e3
1478.5	6.798e3
1479.3	3.669e3
1480.0	1.899e3
1480.7	4.553e3
1481.4	1.158e3
1482.1	3.848e3
1483.0	4.724e3
1483.6	2.790e2
1484.2	3.906e3
1484.9	1.692e3
1485.7	3.559e3
1486.6	1.979e3
1487.3	5.584e3
1488.2	3.402e3
1488.7	1.420e2
1489.2	4.950e3
1490.2	6.684e3
1491.1	3.528e3
1491.8	7.760e2
1492.4	4.990e3
1493.3	4.132e3
1494.3	4.998e3
1495.3	5.331e3
1496.2	6.359e3
1496.7	2.110e2
1497.3	4.278e3
1498.1	3.298e3
1499.1	3.121e3
1499.8	5.089e3
1500.5	7.170e2
1501.2	3.400e3
1502.1	6.029e3
1502.8	1.805e3
1503.5	5.198e3
1504.2	1.165e3
1505.0	4.406e3
1505.6	6.810e2
1506.2	3.311e3
1507.2	3.942e3
1507.8	2.450e2
1508.4	4.182e3
1509.1	2.200e3
1509.8	4.705e3
1510.4	6.850e2
1511.1	4.959e3
1512.1	3.119e3
1512.7	7.160e2
1513.4	4.003e3
1514.3	4.565e3
1515.2	5.382e3
1516.2	3.331e3
1517.2	4.717e3
1518.0	1.905e3
1519.0	7.194e3
1520.0	4.414e3
1520.9	4.592e3
1521.9	4.882e3
1522.7	1.662e3
1523.5	3.503e3
1524.0	4.900e1
1524.6	5.717e3
1525.2	1.372e3
1526.1	5.214e3
1526.9	1.104e3
1527.6	4.463e3
1528.3	1.372e3
1529.0	4.509e3
1530.0	4.870e3
1530.5	4.770e2
1531.1	5.864e3
1531.7	4.540e2
1532.3	2.896e3
1533.1	3.412e3
1534.1	2.560e3
1534.9	6.396e3
1535.7	1.957e3
1536.5	5.237e3
1537.2	1.893e3
1538.0	4.310e3
1539.1	4.550e3
1539.8	6.280e2
1540.3	4.480e3
1541.3	1.911e3
1542.0	5.850e3
1542.6	7.020e2
1543.2	3.553e3
1543.8	3.550e2
1544.4	3.332e3
1545.2	2.264e3
1546.1	4.307e3
1546.8	8.410e2
1547.4	4.613e3
1548.4	2.629e3
1549.3	3.648e3
1550.3	2.817e3
1551.2	5.918e3
1552.0	2.631e3
1552.8	4.136e3
1553.5	2.940e2
1554.2	3.332e3
1554.9	9.090e2
1555.6	4.680e3
1556.7	4.576e3
1557.3	1.020e3
1557.9	4.119e3
1558.6	1.012e3
1559.2	3.878e3
1560.2	2.497e3
1561.1	2.282e3
1562.0	4.966e3
1562.6	2.020e2
1563.1	5.560e3
1563.8	1.425e3
1564.6	3.346e3
1565.5	1.722e3
1566.4	3.045e3
1567.0	6.530e2
1567.6	3.389e3
1568.6	5.386e3
1569.3	5.990e2
1569.9	3.885e3
1570.5	1.043e3
1571.2	3.344e3
1572.3	4.018e3
1572.9	7.000e1
1573.5	5.624e3
1574.2	1.894e3
1574.9	5.422e3
1575.8	2.472e3
1576.6	2.526e3
1577.4	4.380e3
1578.3	6.125e3
1579.1	2.415e3
1580.0	3.888e3
1580.6	6.190e2
1581.2	5.138e3
1581.9	9.260e2
1582.6	3.220e3
1583.5	2.501e3
1584.0	9.800e1
1584.5	4.153e3
1585.1	2.800e2
1585.7	3.144e3
1586.6	3.867e3
1587.6	4.399e3
1588.3	1.472e3
1589.1	3.181e3
1590.0	2.896e3
1590.7	3.620e2
1591.2	4.254e3
1592.1	2.693e3
1593.0	2.188e3
1594.1	3.592e3
1595.0	3.960e3
1595.6	1.640e2
1596.2	3.279e3
1596.9	1.716e3
1597.6	5.265e3
1598.1	3.200e1
1598.7	3.379e3
1599.7	4.344e3
1600.6	3.794e3
1601.2	8.140e2
1601.8	5.261e3
1602.4	1.079e3
1603.0	3.781e3
1604.0	4.232e3
1604.6	1.615e3
1605.3	2.897e3
1605.9	7.700e1
1606.4	4.990e3
1607.4	3.470e3
1608.2	2.882e3
1609.1	5.022e3
1609.7	3.930e2
1610.3	4.119e3
1611.3	3.826e3
1612.1	1.607e3
1613.0	4.493e3
1613.6	2.490e2
1614.2	4.263e3
1614.9	6.950e2
1615.6	5.847e3
1616.5	3.327e3
1617.2	8.650e2
1617.9	3.823e3
1618.6	1.239e3
1619.3	3.639e3
1620.0	1.067e3
1620.6	4.576e3
1621.5	1.012e3
1622.2	3.523e3
1623.1	2.794e3
1624.1	2.889e3
1624.9	1.223e3
1625.8	4.382e3
1626.7	3.510e3
1627.7	2.843e3
1628.5	3.830e3
1629.1	1.500e2
1629.6	3.616e3
1630.3	4.850e2
1630.9	3.834e3
1631.7	1.174e3
1632.4	4.969e3
1633.0	6.170e2
1633.6	3.192e3
1634.6	3.823e3
1635.5	2.135e3
1636.3	3.082e3
1637.2	5.506e3
1637.8	1.052e3
1638.5	4.924e3
1639.1	6.890e2
1639.7	3.026e3
1640.6	3.775e3
1641.5	2.517e3
1642.4	3.767e3
1643.2	1.431e3
1643.9	4.400e3
1644.4	4.450e2
1645.0	3.967e3
1645.6	1.840e2
1646.2	3.792e3
1646.8	1.800e2
1647.3	2.678e3
1648.3	2.204e3
1649.2	3.160e3
1650.0	1.149e3
1650.8	4.493e3
1651.3	2.630e2
1651.9	2.365e3
1652.5	2.300e1
1653.0	2.752e3
1653.8	4.640e2
1654.4	2.895e3
1655.4	2.610e3
1656.0	9.190e2
1656.6	3.074e3
1657.6	2.863e3
1658.6	4.625e3
1659.6	3.716e3
1660.2	6.150e2
1660.9	2.237e3
1661.5	2.240e2
1662.0	3.793e3
1662.7	1.065e3
1663.3	3.407e3
1663.9	3.280e2
1664.6	3.933e3
1665.5	1.589e3
1666.5	4.881e3
1667.4	2.948e3
1668.3	2.088e3
1669.1	3.130e3
1670.0	1.765e3
1670.9	2.849e3
1671.4	2.660e2
1672.0	3.900e3
1672.8	9.500e2
1673.5	3.593e3
1674.1	1.790e2
1674.7	2.663e3
1675.5	1.587e3
1676.2	4.375e3
1676.8	1.465e3
1677.6	3.781e3
1678.2	1.350e3
1678.9	3.572e3
1679.7	1.184e3
1680.6	3.873e3
1681.5	4.582e3
1682.1	1.080e3
1682.8	3.501e3
1683.7	2.397e3
1684.7	2.526e3
1685.4	1.697e3
1686.2	2.856e3
1686.8	2.360e2
1687.4	3.780e3
1688.2	1.489e3
1688.9	4.264e3
1690.0	2.856e3
1690.8	2.440e3
1691.5	6.060e2
1692.1	2.879e3
1692.8	1.790e3
1693.6	4.642e3
1694.4	1.826e3
1695.3	3.712e3
1695.9	7.990e2
1696.5	2.854e3
1697.5	3.245e3
1698.2	2.950e2
1698.7	3.530e3
1699.3	3.200e1
1699.9	2.887e3
1700.6	1.515e3
1701.4	3.197e3
1702.0	4.810e2
1702.6	2.500e3
1703.4	5.014e3
1704.1	1.246e3
1704.7	3.253e3
1705.4	3.790e2
1706.0	3.094e3
1706.6	2.610e2
1707.3	2.044e3
1708.2	3.562e3
1709.2	3.215e3
1709.9	6.180e2
1710.5	4.099e3
1711.0	2.400e2
1711.6	3.039e3
1712.6	2.985e3
1713.5	3.219e3
1714.3	6.610e2
1715.0	3.030e3
1716.1	3.512e3
1716.9	2.401e3
1717.9	2.961e3
1718.7	9.950e2
1719.5	3.686e3
1720.5	2.624e3
1721.1	2.140e2
1721.6	3.600e3
1722.2	5.300e2
1722.8	4.484e3
1723.4	8.810e2
1724.1	3.895e3
1724.7	3.950e2
1725.3	2.130e3
1725.8	1.450e2
1726.4	3.691e3
1727.4	3.353e3
1728.2	2.811e3
1729.1	5.041e3
1729.8	1.817e3
1730.4	7.070e2
1731.0	3.072e3
1731.7	5.350e2
1732.3	2.098e3
1733.1	2.527e3
1733.9	1.930e3
1734.5	5.300e1
1735.0	2.779e3
1735.7	1.007e3
1736.4	3.126e3
1737.1	5.330e2
1737.8	2.629e3
1738.9	2.322e3
1739.9	3.698e3
1740.7	2.144e3
1741.7	2.087e3
1742.5	4.031e3
1743.5	4.075e3
1744.4	1.695e3
1745.2	3.435e3
1746.0	1.219e3
1746.9	3.489e3
1747.8	1.414e3
1748.6	3.020e3
1749.1	1.940e2
1749.7	2.967e3
1750.5	1.932e3
1751.4	3.139e3
1752.2	1.951e3
1753.1	2.681e3
1754.2	3.211e3
1754.9	1.093e3
1755.6	4.064e3
1756.3	5.300e2
1756.9	3.190e3
1757.4	2.700e1
1758.0	2.995e3
1758.6	4.630e2
1759.2	4.437e3
1760.2	1.948e3
1761.0	3.675e3
1761.8	2.340e3
1762.7	4.468e3
1763.5	2.125e3
1764.0	5.600e1
1764.5	2.718e3
1765.2	6.200e2
1765.9	3.566e3
1766.5	4.140e2
1767.1	4.379e3
1767.7	4.240e2
1768.3	4.695e3
1768.8	2.050e2
1769.5	2.831e3
1770.1	2.350e2
1770.6	3.785e3
1771.3	2.800e2
1771.9	2.823e3
1772.5	4.160e2
1773.0	2.853e3
1774.0	3.976e3
1774.5	4.500e1
1775.0	2.427e3
1776.0	1.902e3
1776.6	7.500e1
1777.1	1.670e3
1777.8	3.117e3
1778.7	2.030e3
1779.4	5.380e2
1780.0	3.488e3
1781.0	2.694e3
1781.9	3.661e3
1782.7	2.184e3
1783.5	4.234e3
1784.1	5.700e1
1784.7	2.656e3
1785.4	7.680e2
1786.1	2.952e3
1786.8	3.640e2
1787.4	2.048e3
1788.3	1.257e3
1789.0	2.480e3
1789.6	1.810e2
1790.1	2.527e3
1791.0	1.715e3
1791.7	3.230e2
1792.3	3.347e3
1793.0	8.060e2
1793.8	2.813e3
1794.5	7.150e2
1795.1	1.974e3
1795.6	4.600e1
1796.1	2.570e3
1796.9	1.183e3
1797.6	2.737e3
1798.3	5.040e2
1799.0	2.928e3
1800.0	1.463e3
1800.7	1.293e3
1801.3	2.500e1
1801.8	2.648e3
1802.4	4.090e2
1803.1	3.146e3
1803.8	7.780e2
1804.6	2.098e3
1805.4	4.749e3
1805.9	1.120e2
1806.4	1.442e3
1807.2	3.711e3
1808.2	1.820e3
1808.7	1.400e1
1809.2	1.665e3
1810.1	2.984e3
1810.8	6.610e2
1811.5	2.270e3
1812.3	5.550e2
1813.1	1.720e3
1813.7	3.270e2
1814.2	2.836e3
1815.0	9.750e2
1815.7	3.821e3
1816.3	2.500e2
1817.0	2.137e3
1817.8	2.783e3
1818.6	9.390e2
1819.4	3.475e3
1820.0	7.000e0
1820.5	2.321e3
1821.4	2.542e3
1822.2	1.510e3
1823.1	2.681e3
1824.0	1.943e3
1824.6	4.540e2
1825.3	3.589e3
1826.0	9.250e2
1826.8	3.901e3
1827.7	1.751e3
1828.4	1.454e3
1829.5	1.279e3
1830.3	2.868e3
1831.0	7.240e2
1831.7	3.014e3
1832.5	2.187e3
1833.2	2.253e3
1834.0	2.996e3
1834.7	1.044e3
1835.4	2.394e3
1836.1	6.410e2
1836.7	3.494e3
1837.6	1.730e3
1838.2	2.680e2
1838.8	2.313e3
1839.4	1.700e2
1839.9	2.239e3
1840.5	8.300e1
1841.0	2.625e3
1841.8	1.499e3
1842.6	3.187e3
1843.3	1.425e3
1844.1	1.788e3
1845.1	2.410e3
1845.8	1.617e3
1846.5	2.243e3
1847.1	1.930e2
1847.7	2.351e3
1848.6	1.596e3
1849.3	3.250e2
1849.8	1.761e3
1850.7	4.420e2
1851.4	2.027e3
1852.2	1.006e3
1853.1	3.505e3
1854.0	1.201e3
1854.7	3.118e3
1855.4	2.590e2
1856.0	1.717e3
1857.0	1.442e3
1857.9	2.857e3
1858.8	2.100e3
1859.4	9.540e2
1860.1	2.353e3
1860.9	8.180e2
1861.5	6.300e1
1862.0	3.011e3
1862.9	1.811e3
1863.6	8.700e2
1864.2	2.179e3
1865.2	2.321e3
1865.7	9.800e1
1866.3	3.346e3
1867.1	2.016e3
1867.7	2.170e2
1868.3	2.177e3
1868.9	3.060e2
1869.5	3.410e3
1870.4	1.808e3
1871.2	1.829e3
1872.0	2.753e3
1873.0	1.757e3
1873.7	5.400e2
1874.4	1.745e3
1875.2	1.141e3
1876.1	2.108e3
1877.2	1.330e3
1878.1	2.649e3
1878.8	8.340e2
1879.5	3.261e3
1880.5	1.895e3
1881.1	4.270e2
1881.7	2.648e3
1882.6	2.044e3
1883.6	2.609e3
1884.5	1.233e3
1885.3	3.401e3
1886.0	2.780e2
1886.7	2.272e3
1887.4	6.940e2
1888.1	2.443e3
1888.8	2.360e2
1889.3	9.880e2
1890.2	1.924e3
1891.1	1.992e3
1891.9	2.475e3
1892.6	5.050e2
1893.4	1.281e3
1894.3	3.419e3
1895.3	1.930e3
1896.1	1.614e3
1896.7	9.300e1
1897.2	1.516e3
1898.2	2.528e3
1899.3	2.802e3
1900.2	2.912e3
1901.1	1.291e3
1902.0	9.320e2
1902.7	3.593e3
1903.5	8.510e2
1904.3	2.029e3
1905.2	9.470e2
1906.0	2.174e3
1906.6	1.310e2
1907.1	1.628e3
1908.0	3.450e3
1908.8	9.090e2
1909.6	1.992e3
1910.3	6.400e1
1910.8	2.658e3
1911.8	2.725e3
1912.5	1.053e3
1913.0	2.570e2
1913.6	2.612e3
1914.4	4.810e2
1915.1	9.830e2
1915.9	2.574e3
1916.6	9.000e2
1917.5	2.646e3
1918.4	1.490e3
1919.2	2.187e3
1919.7	7.400e1
1920.3	2.501e3
1920.8	7.500e1
1921.4	3.551e3
1921.9	7.700e1
1922.4	2.555e3
1923.0	1.660e2
1923.7	2.832e3
1924.2	5.100e1
1924.7	3.153e3
1925.7	2.496e3
1926.4	5.690e2
1927.1	2.474e3
1928.1	1.941e3
1928.9	2.591e3
1929.8	1.207e3
1930.4	3.880e2
1931.1	2.574e3
1932.0	1.492e3
1932.9	2.648e3
1933.8	1.023e3
1934.4	5.800e1
1935.0	1.946e3
1935.5	2.990e2
1936.2	1.352e3
1937.1	3.089e3
1937.9	1.480e3
1938.9	1.398e3
1939.4	5.300e1
1940.0	2.583e3
1941.0	1.724e3
1941.7	5.910e2
1942.4	3.099e3
1943.3	2.112e3
1944.3	1.619e3
1945.2	1.924e3
1946.0	5.930e2
1946.9	2.430e3
1947.8	2.135e3
1948.7	1.149e3
1949.6	1.751e3
1950.6	2.657e3
1951.2	1.900e1
1951.7	2.219e3
1952.3	3.550e2
1953.0	1.802e3
1953.9	2.590e3
1954.5	5.110e2
1955.0	2.888e3
1955.7	7.340e2
1956.4	2.003e3
1957.2	1.478e3
1958.2	1.786e3
1958.7	3.300e1
1959.4	1.705e3
1960.0	4.450e2
1960.7	3.478e3
1961.8	2.686e3
1962.7	2.117e3
1963.5	5.200e2
1964.2	2.284e3
1965.1	9.880e2
1966.1	1.870e3
1966.9	1.099e3
1967.4	6.200e1
1967.9	2.919e3
1968.9	2.945e3
1969.7	9.880e2
1970.5	2.407e3
1971.1	6.000e0
1971.7	2.452e3
1972.5	8.990e2
1973.3	1.771e3
1973.9	1.200e1
1974.4	2.863e3
1975.2	1.119e3
1976.0	2.799e3
1976.6	9.000e1
1977.3	1.634e3
1978.1	1.435e3
1979.0	3.277e3
1979.8	1.777e3
1980.8	1.660e3
1981.9	1.734e3
1982.5	4.170e2
1983.1	1.645e3
1984.0	2.054e3
1984.6	1.140e2
1985.1	1.739e3
1986.0	3.085e3
1987.0	2.068e3
1987.9	2.914e3
1988.6	9.190e2
1989.4	2.310e3
1990.3	2.347e3
1990.9	4.240e2
1991.6	3.082e3
1992.1	5.300e1
1992.8	1.448e3
1993.6	2.072e3
1994.3	4.890e2
1995.0	3.041e3
1995.6	6.200e1
1996.2	1.612e3
1997.1	1.528e3
1998.0	1.666e3
1998.9	4.790e2
1999.6	1.783e3
