100.3	2.450e2
100.9	7.132e4
101.9	2.532e4
103.0	1.759e4
103.9	1.411e3
105.0	5.790e3
105.8	6.550e2
107.1	5.420e2
108.1	2.760e2
109.1	1.019e3
109.8	1.940e2
111.0	3.870e3
111.8	4.190e2
112.4	1.160e2
113.0	5.269e4
114.1	2.214e3
114.9	1.112e4
115.5	4.600e1
116.1	5.865e3
116.9	1.792e5
118.0	2.633e4
119.0	1.457e4
119.9	3.041e3
121.0	3.070e2
121.8	9.770e2
122.9	9.750e2
123.7	1.040e3
125.0	8.320e2
125.9	2.983e3
126.8	9.290e2
127.8	3.239e3
128.3	7.300e1
129.1	1.616e4
130.0	8.325e3
131.0	4.997e3
132.2	3.710e2
133.1	2.410e4
134.1	1.197e3
135.0	1.328e4
135.9	2.588e3
137.0	4.743e3
138.0	2.377e3
138.9	1.210e3
139.4	1.400e1
140.1	2.980e2
141.0	1.205e3
141.8	1.070e2
142.9	3.325e3
143.9	5.274e3
145.0	1.321e4
145.5	3.520e2
146.0	3.577e4
147.0	3.781e4
147.6	7.900e1
148.1	4.229e3
149.0	3.065e3
150.1	9.570e2
151.1	1.295e3
151.9	2.936e3
152.9	3.744e3
154.0	1.948e3
155.0	4.028e3
155.9	3.629e3
157.0	5.554e3
158.0	2.211e3
159.1	5.472e3
159.9	2.317e3
160.9	5.872e3
162.0	5.752e3
163.0	9.589e3
163.9	2.571e3
164.5	1.300e1
165.0	7.795e3
166.0	2.105e3
167.0	1.579e3
168.2	5.910e2
169.2	1.671e3
169.9	1.017e3
170.5	3.140e2
171.0	2.897e3
172.0	3.552e3
173.0	5.717e3
174.0	7.979e3
175.0	3.408e4
176.1	2.936e3
177.0	1.664e4
178.0	1.657e3
179.0	1.457e4
180.0	6.537e3
181.0	1.240e4
181.9	2.058e3
183.0	1.870e3
184.0	1.606e3
185.1	4.084e3
186.0	3.088e3
186.9	6.047e3
188.0	4.833e3
189.0	4.388e3
189.9	3.411e3
191.0	3.617e4
192.0	3.602e3
193.1	6.009e3
194.0	3.683e3
194.5	1.420e2
195.0	2.337e4
195.9	3.813e4
196.9	1.528e4
197.9	4.521e4
198.9	4.405e3
199.9	2.154e4
201.0	6.292e3
201.9	8.753e3
203.1	3.625e3
204.0	2.250e3
204.9	2.610e3
206.0	4.728e3
206.9	4.147e3
208.0	3.566e4
209.0	7.003e3
209.9	4.674e3
210.5	5.280e2
211.1	1.838e3
212.1	1.968e4
213.0	4.223e3
214.1	4.487e3
215.0	2.530e3
215.6	1.970e2
216.1	3.666e3
217.0	1.086e4
217.5	1.610e2
218.0	7.208e3
219.0	4.702e3
219.9	4.233e3
220.5	7.900e1
221.0	1.618e3
221.9	6.228e3
222.4	2.420e2
223.0	3.721e3
223.9	3.533e3
224.9	1.724e3
225.9	3.405e3
227.0	5.644e3
227.6	2.940e2
228.1	1.861e3
229.1	5.084e3
229.9	5.095e3
230.5	1.420e2
231.0	3.669e3
232.0	6.137e3
233.0	4.404e3
234.0	6.876e3
235.0	3.589e3
236.0	3.913e4
237.0	7.008e3
238.0	4.357e3
239.0	2.554e3
240.0	4.670e4
241.0	7.606e3
241.9	9.434e3
243.0	7.591e3
243.5	7.100e1
244.0	3.418e3
245.0	1.956e3
246.1	2.131e3
247.0	4.618e3
248.0	5.466e3
249.0	1.477e4
250.0	1.495e3
250.9	2.931e3
252.0	2.026e3
253.1	3.759e3
254.0	8.770e2
254.5	1.800e1
255.0	1.761e3
256.0	1.619e3
257.0	4.113e3
257.9	6.404e3
259.1	5.672e3
259.9	3.829e3
260.5	3.800e1
261.0	4.403e3
261.9	1.417e4
263.0	8.864e3
263.9	7.374e3
265.0	6.922e3
266.0	5.192e3
266.9	2.694e3
268.0	4.010e3
269.0	5.245e3
269.9	1.826e3
271.0	3.223e3
272.1	2.320e3
273.0	2.440e3
274.1	2.962e3
274.6	1.730e2
275.1	3.070e3
276.0	3.110e3
277.0	3.740e3
278.0	2.509e3
279.0	6.981e3
280.0	2.694e3
280.6	6.290e2
281.1	3.303e3
282.1	5.615e3
283.0	1.915e3
284.0	3.169e3
285.0	2.896e3
286.0	6.758e3
287.0	3.062e3
288.0	4.435e3
288.9	3.767e3
290.0	9.754e3
290.9	5.908e3
291.9	7.957e3
292.5	5.190e2
293.1	6.878e3
293.9	2.841e3
294.9	5.903e3
295.8	4.298e3
296.9	4.390e3
297.8	8.955e3
298.4	6.620e2
299.0	2.856e3
299.9	5.252e3
301.0	2.724e3
301.9	2.789e3
303.0	1.471e3
303.9	3.508e3
304.9	5.506e3
306.0	6.099e3
307.0	4.059e3
308.0	1.191e4
309.1	3.658e3
310.0	6.151e3
311.0	4.981e3
311.9	1.090e4
312.4	1.930e2
313.0	5.458e3
313.5	1.930e2
314.1	4.480e3
314.9	8.401e3
315.5	2.290e2
316.0	2.753e3
317.0	1.684e4
318.0	5.072e3
318.9	3.276e3
319.8	4.268e3
320.4	1.840e2
321.0	6.395e3
321.9	2.284e3
322.4	1.100e1
323.0	5.402e3
323.6	1.850e2
324.1	1.351e4
325.0	5.652e3
326.0	4.318e3
327.0	6.357e3
327.9	5.726e3
328.5	9.500e1
329.0	5.124e3
330.0	5.462e3
330.8	6.437e3
331.7	4.852e3
332.3	4.330e2
333.0	8.728e3
334.0	6.656e3
335.0	4.240e3
335.9	5.567e3
336.9	5.381e3
337.9	3.093e3
338.4	1.100e1
339.0	7.554e3
340.0	5.777e3
340.6	3.200e2
341.1	9.516e3
342.0	7.421e3
343.0	4.406e3
343.5	8.600e1
344.0	5.004e3
345.0	4.604e3
345.9	7.126e3
346.9	5.548e3
347.9	3.257e3
348.9	6.745e3
349.4	9.700e1
350.0	1.850e3
351.0	7.439e3
352.0	4.285e3
353.0	1.935e4
353.9	5.090e3
355.1	6.167e3
356.0	2.534e3
357.0	1.448e4
357.9	4.863e3
358.9	4.792e3
359.4	4.800e1
359.9	7.616e3
360.9	4.026e3
361.9	5.301e3
362.9	2.782e3
363.5	1.600e1
364.0	4.295e3
365.0	4.712e3
365.9	7.547e3
366.9	3.215e3
367.7	4.360e3
368.4	9.100e2
369.1	3.825e3
369.9	3.021e3
370.4	6.400e1
371.0	2.561e3
371.9	3.214e3
372.8	2.779e3
373.5	1.500e2
374.1	3.274e3
374.9	3.760e3
375.9	5.674e3
376.4	1.110e2
377.0	4.520e3
377.5	9.400e1
378.1	2.978e3
379.0	1.207e4
379.9	4.808e3
380.8	4.170e3
381.4	1.330e2
381.9	5.111e3
382.7	2.170e3
383.8	3.339e3
384.4	2.220e2
385.1	9.126e3
386.0	5.006e3
387.0	4.114e3
387.6	6.200e1
388.1	4.711e3
389.0	2.583e3
390.0	2.037e3
390.9	4.971e3
392.0	6.506e3
393.0	3.837e3
393.6	5.780e2
394.2	4.170e3
395.1	3.283e3
396.0	7.137e3
396.5	1.630e2
397.0	5.127e3
397.9	4.857e3
398.9	2.605e3
399.9	2.815e3
401.0	4.749e3
401.9	2.798e3
402.5	1.770e2
403.0	4.454e3
403.9	3.639e3
404.5	1.080e2
405.0	2.686e3
406.0	4.337e3
406.9	3.756e3
407.9	3.464e3
408.9	4.503e3
409.5	5.550e2
410.1	3.730e3
411.0	3.012e3
411.9	4.447e3
412.4	1.970e2
413.0	6.132e3
414.0	3.257e3
414.6	1.040e2
415.1	4.753e3
416.0	2.339e3
416.8	4.677e3
417.4	7.400e1
418.0	4.033e3
418.5	2.090e2
419.0	4.992e3
420.0	3.440e3
420.9	1.071e4
422.0	2.198e3
422.9	4.889e3
423.9	3.603e3
425.0	9.847e3
425.9	2.519e3
426.9	3.666e3
427.9	5.629e3
428.9	6.271e3
429.9	5.447e3
430.5	2.870e2
431.0	5.021e3
432.0	2.426e3
433.1	3.513e3
433.9	3.350e3
434.9	4.140e3
435.9	4.276e3
436.9	3.611e3
437.8	4.628e3
438.4	1.990e2
438.9	3.668e3
439.9	4.591e3
440.9	2.899e3
441.9	5.586e3
442.4	7.600e1
443.0	3.095e3
443.9	1.555e4
444.8	6.306e3
446.0	6.563e3
447.0	7.184e3
447.9	8.334e3
448.8	4.791e3
449.3	2.460e2
449.9	4.862e3
450.9	7.027e3
451.8	3.053e3
452.5	9.100e1
453.1	7.194e3
453.9	3.680e3
454.8	4.029e3
455.8	5.903e3
457.0	6.643e3
457.9	4.482e3
458.6	1.240e2
459.2	6.911e3
460.0	3.384e3
460.9	4.516e3
461.9	5.318e3
462.9	5.218e3
464.0	6.875e3
465.0	5.736e3
465.5	3.470e2
466.1	8.738e3
467.0	5.360e3
468.0	3.613e3
469.0	8.023e3
469.5	6.700e1
470.1	5.081e3
471.0	3.225e3
472.0	3.099e3
473.0	6.086e3
474.0	3.844e3
475.0	3.344e3
475.5	3.240e2
476.0	6.906e3
477.0	5.144e3
478.0	3.416e3
478.8	3.908e3
479.8	5.044e3
480.3	5.370e2
481.0	5.261e3
482.0	2.840e3
483.0	9.747e3
483.9	5.774e3
485.0	7.201e3
485.6	3.110e2
486.2	5.389e3
487.0	5.586e3
488.1	5.243e3
489.0	6.795e3
489.9	3.588e3
490.9	4.418e3
491.9	6.743e3
492.9	7.480e3
493.9	3.783e3
494.8	3.387e3
495.8	4.839e3
496.3	1.360e2
496.9	5.084e3
497.8	4.124e3
498.4	5.550e2
499.0	2.287e3
499.8	3.817e3
500.8	2.909e3
501.6	7.911e3
502.3	1.557e3
503.0	5.016e3
504.0	2.500e3
504.8	5.937e3
506.0	5.896e3
506.8	3.338e3
507.3	1.960e2
507.9	3.680e3
508.9	5.312e3
509.7	2.695e3
510.8	3.228e3
511.3	2.130e2
511.9	4.038e3
512.9	3.307e3
513.9	3.675e3
514.4	1.290e2
514.9	5.735e3
516.0	3.616e3
516.8	2.480e3
517.6	5.496e3
518.2	2.110e2
518.7	3.379e3
519.5	4.969e3
520.3	1.724e3
521.1	6.213e3
521.9	2.769e3
522.4	4.220e2
523.0	4.755e3
523.9	4.169e3
524.9	6.645e3
525.9	3.933e3
526.8	4.253e3
527.8	7.307e3
528.4	8.000e2
528.9	4.772e3
529.9	4.725e3
531.0	4.829e3
531.9	5.680e3
532.4	9.600e1
532.9	7.886e3
534.0	6.589e3
534.9	3.390e3
535.9	3.597e3
537.0	8.697e3
537.9	5.912e3
538.9	6.435e3
540.0	5.112e3
540.7	3.561e3
541.8	5.182e3
542.9	3.474e3
543.8	4.131e3
544.8	4.519e3
545.4	4.940e2
546.0	4.765e3
546.9	3.362e3
547.7	2.807e3
548.2	1.830e2
548.7	5.293e3
549.8	3.270e3
550.3	7.100e1
550.9	6.794e3
551.4	1.160e2
552.0	4.647e3
553.0	6.247e3
554.0	2.011e3
555.0	5.686e3
556.0	3.868e3
556.9	4.534e3
557.8	2.821e3
558.9	3.618e3
559.8	1.795e3
560.7	4.726e3
561.2	5.980e2
561.8	4.473e3
562.8	3.060e3
563.7	7.829e3
564.3	6.020e2
565.0	2.432e3
565.9	5.283e3
567.0	5.449e3
568.0	4.188e3
569.0	4.975e3
569.5	7.500e1
570.0	3.502e3
570.6	6.800e1
571.1	4.474e3
572.1	3.156e3
573.0	4.307e3
573.8	4.279e3
574.4	3.110e2
574.9	4.169e3
575.9	4.392e3
577.0	6.033e3
578.0	2.416e3
579.0	4.951e3
579.9	7.527e3
580.8	4.125e3
581.8	2.426e3
582.8	4.131e3
583.8	5.334e3
584.4	6.590e2
585.1	4.516e3
586.0	2.398e3
586.8	5.126e3
587.8	3.338e3
588.5	1.135e3
589.2	5.715e3
590.0	3.749e3
591.1	5.760e3
591.8	2.580e3
592.7	1.744e3
593.5	3.387e3
594.2	6.180e2
594.7	4.820e3
595.7	4.248e3
596.4	7.820e2
597.1	3.497e3
598.0	4.344e3
598.9	5.743e3
599.5	1.850e2
600.0	6.522e3
600.9	2.479e3
601.8	2.621e3
602.7	5.151e3
603.3	1.009e3
603.9	4.813e3
604.6	2.120e2
605.1	6.826e3
606.0	5.079e3
607.0	5.305e3
607.8	2.968e3
608.3	5.600e1
608.9	4.128e3
609.9	4.033e3
610.4	3.000e1
611.0	2.299e3
611.9	4.157e3
612.9	4.719e3
613.9	2.915e3
614.4	2.990e2
615.0	2.871e3
615.9	3.173e3
616.8	4.007e3
617.9	4.598e3
618.4	2.590e2
619.0	5.671e3
619.8	3.308e3
620.4	9.880e2
621.0	9.154e3
621.7	4.088e3
622.8	5.133e3
623.3	2.480e2
624.0	2.805e3
625.0	5.626e3
625.8	2.515e3
626.7	3.977e3
627.3	3.180e2
628.0	4.134e3
628.7	3.062e3
629.5	5.736e3
630.1	6.710e2
630.9	4.847e3
631.8	3.807e3
632.3	3.190e2
632.9	2.836e3
633.7	3.328e3
634.3	1.080e2
634.8	4.121e3
636.1	5.034e3
637.0	6.132e3
637.5	7.450e2
638.1	5.139e3
639.0	5.040e3
639.7	1.450e2
640.2	3.564e3
641.0	3.328e3
642.0	4.066e3
643.0	6.561e3
643.9	3.283e3
644.7	5.624e3
645.6	3.987e3
646.3	1.710e3
647.0	4.559e3
647.8	1.927e3
648.8	3.563e3
649.7	3.590e3
650.7	3.685e3
651.3	5.570e2
651.9	4.568e3
652.8	3.763e3
653.6	2.971e3
654.5	3.513e3
655.4	2.123e3
656.0	8.530e2
656.6	5.410e3
657.1	1.030e2
657.6	4.981e3
658.2	6.370e2
658.9	4.988e3
659.9	4.967e3
660.8	5.126e3
661.8	4.533e3
662.6	1.730e3
663.5	5.791e3
664.1	5.080e2
664.7	4.146e3
665.7	1.372e3
666.6	3.794e3
667.3	1.120e2
667.8	3.934e3
668.4	7.940e2
669.0	3.431e3
670.0	5.830e3
670.9	3.502e3
671.6	2.979e3
672.7	7.022e3
673.3	4.120e2
673.9	4.884e3
674.4	1.890e2
674.9	3.545e3
675.9	3.852e3
676.6	2.453e3
677.4	5.340e3
678.0	9.360e2
678.7	4.833e3
679.7	4.128e3
680.3	3.300e2
680.9	4.273e3
682.0	5.501e3
682.7	3.244e3
683.7	6.359e3
684.6	2.845e3
685.3	8.780e2
685.8	4.840e3
686.8	6.720e3
687.7	3.539e3
688.3	7.240e2
688.9	7.760e3
689.8	4.276e3
690.3	7.100e1
691.0	4.934e3
691.9	5.048e3
692.8	5.989e3
693.6	2.153e3
694.3	3.629e3
695.1	1.980e3
695.9	4.843e3
696.6	4.130e2
697.3	5.668e3
698.1	9.820e2
698.7	8.187e3
699.3	8.120e2
699.9	2.735e3
700.9	4.045e3
701.9	4.302e3
702.5	2.830e2
703.1	2.578e3
703.9	3.796e3
704.7	4.547e3
705.5	2.217e3
706.2	4.007e3
707.3	6.272e3
707.9	3.680e2
708.6	2.234e3
709.3	4.145e3
710.0	5.900e2
710.7	3.857e3
711.7	3.564e3
712.6	4.437e3
713.2	1.025e3
713.8	3.469e3
714.4	3.760e2
715.0	5.318e3
715.7	5.160e2
716.3	4.696e3
717.3	3.544e3
718.0	8.260e2
718.7	3.829e3
719.6	4.573e3
720.3	3.910e2
721.0	4.626e3
722.0	3.591e3
722.5	1.530e2
723.1	4.383e3
723.9	2.791e3
724.8	4.203e3
725.8	4.501e3
726.5	3.830e2
727.0	4.420e3
727.5	3.220e2
728.1	5.720e3
728.9	3.449e3
729.9	4.707e3
730.9	2.287e3
731.7	3.725e3
732.6	3.127e3
733.2	7.660e2
733.8	4.014e3
734.4	4.350e2
734.9	3.050e3
735.4	6.500e1
736.0	3.877e3
737.0	1.891e3
737.8	3.378e3
738.7	3.472e3
739.9	3.480e3
740.8	4.483e3
741.8	3.257e3
742.7	2.389e3
743.7	2.823e3
744.7	2.369e3
745.6	1.938e3
746.3	5.670e2
746.9	4.022e3
747.8	2.529e3
748.8	3.628e3
749.7	2.460e3
750.4	7.330e2
751.1	4.433e3
751.7	5.560e2
752.3	3.246e3
753.2	2.104e3
754.0	2.623e3
754.7	2.098e3
755.6	4.785e3
756.5	1.541e3
757.3	5.704e3
758.0	9.520e2
758.8	2.060e3
759.8	3.993e3
760.4	3.550e2
761.0	2.721e3
762.0	2.067e3
762.8	1.780e3
763.7	1.943e3
764.2	5.200e1
764.8	3.595e3
765.5	3.690e2
766.1	2.990e3
766.9	2.577e3
767.5	5.900e1
768.0	6.329e3
768.7	8.790e2
769.6	4.246e3
770.4	2.115e3
771.2	3.830e3
771.9	9.990e2
772.5	3.390e3
773.3	6.815e3
774.3	2.599e3
775.0	1.859e3
775.6	5.630e2
776.3	4.091e3
777.1	1.922e3
777.7	1.161e3
778.6	1.876e3
779.5	4.537e3
780.5	3.013e3
781.1	4.620e2
781.8	2.534e3
782.3	6.300e1
782.9	2.344e3
783.8	2.438e3
784.5	4.287e3
785.1	3.370e2
785.9	2.496e3
786.8	1.130e3
787.7	3.677e3
788.4	6.910e2
789.1	4.126e3
790.0	8.220e2
790.7	3.779e3
791.7	3.045e3
792.7	3.298e3
793.4	8.090e2
794.1	3.574e3
794.8	2.377e3
795.8	3.257e3
796.6	2.580e3
797.2	4.190e2
797.9	3.325e3
798.6	1.800e1
799.1	2.271e3
800.1	3.496e3
800.8	1.016e3
801.6	3.369e3
802.4	5.950e2
803.1	4.829e3
803.8	2.574e3
804.7	4.030e3
805.5	6.000e2
806.2	3.093e3
806.9	1.007e3
807.6	4.444e3
808.3	1.549e3
808.9	3.412e3
809.9	2.654e3
810.8	1.769e3
811.5	3.662e3
812.2	4.260e2
812.9	3.355e3
813.8	4.507e3
814.4	3.190e2
815.0	1.905e3
816.0	3.116e3
816.5	4.990e2
817.1	2.631e3
817.8	3.566e3
818.4	1.900e1
819.0	3.481e3
819.7	2.057e3
820.7	2.741e3
821.7	2.623e3
822.3	4.680e2
822.9	4.681e3
823.5	3.510e2
824.0	2.794e3
825.0	3.891e3
825.9	1.620e3
826.9	1.431e3
827.4	2.540e2
827.9	4.092e3
828.7	2.464e3
829.7	1.454e3
830.5	2.086e3
831.1	1.410e2
831.6	3.492e3
832.2	4.130e2
832.8	3.253e3
833.5	1.433e3
834.1	5.910e2
834.8	2.586e3
835.7	4.286e3
836.7	2.435e3
837.5	4.627e3
838.1	2.060e2
838.7	2.067e3
839.6	2.874e3
840.2	1.480e2
840.9	2.207e3
841.9	1.991e3
842.4	1.200e1
843.0	2.452e3
843.8	1.523e3
844.8	4.067e3
845.7	2.636e3
846.3	8.500e1
846.9	3.801e3
847.7	1.791e3
848.3	1.990e2
848.8	2.868e3
849.7	1.197e3
850.6	2.164e3
851.4	9.710e2
852.1	3.366e3
853.1	2.840e3
853.6	5.000e1
854.1	3.998e3
855.0	1.477e3
855.7	2.580e2
856.3	2.793e3
857.1	1.734e3
858.0	3.659e3
858.9	3.606e3
859.9	2.424e3
860.5	8.900e2
861.2	1.325e3
862.0	3.596e3
862.8	1.276e3
863.7	2.350e3
864.8	4.133e3
865.8	3.928e3
866.7	2.985e3
867.5	5.150e2
868.2	2.114e3
869.1	3.229e3
870.0	1.917e3
870.9	2.269e3
871.7	1.054e3
872.6	4.039e3
873.4	2.813e3
874.6	3.466e3
875.6	2.291e3
876.4	2.943e3
877.3	1.769e3
878.0	1.165e3
878.8	3.715e3
879.7	2.399e3
880.9	2.998e3
881.7	1.439e3
882.5	3.122e3
883.1	6.540e2
883.7	2.826e3
884.4	4.560e2
885.2	3.805e3
885.8	6.290e2
886.7	3.441e3
887.6	2.580e3
888.6	2.865e3
889.6	3.433e3
890.3	2.030e2
890.8	3.331e3
891.5	5.670e2
892.2	3.740e3
893.2	3.626e3
894.1	2.005e3
895.0	2.965e3
895.9	1.577e3
896.7	3.114e3
897.6	6.010e2
898.3	4.035e3
899.1	1.324e3
900.0	2.245e3
900.8	2.003e3
901.4	2.620e2
901.9	2.568e3
902.7	2.645e3
903.7	3.183e3
904.8	1.779e3
905.7	4.393e3
906.4	2.600e2
907.1	1.136e3
907.9	2.409e3
908.9	2.409e3
909.8	2.356e3
910.8	3.199e3
911.9	2.315e3
912.8	3.798e3
913.4	1.780e2
913.9	1.684e3
914.7	2.384e3
915.4	1.448e3
916.5	2.779e3
917.2	1.239e3
918.2	2.782e3
919.1	2.088e3
919.6	9.700e1
920.1	1.282e3
921.0	1.193e3
921.8	4.487e3
922.8	2.894e3
923.8	2.443e3
924.3	3.160e2
924.8	2.283e3
925.4	2.490e2
926.0	2.570e3
927.0	3.350e3
927.7	1.118e3
928.5	2.785e3
929.6	1.355e3
930.8	1.695e3
931.6	2.829e3
932.5	1.217e3
933.4	3.435e3
934.1	4.940e2
934.9	1.545e3
935.9	1.880e3
936.8	3.974e3
937.4	1.250e2
938.0	2.307e3
939.1	1.470e3
940.0	2.442e3
941.0	4.610e3
942.0	6.110e2
942.8	3.300e3
943.6	9.550e2
944.6	3.739e3
945.2	3.520e2
945.8	1.772e3
946.4	3.194e3
947.1	1.730e3
948.0	4.819e3
948.7	6.190e2
949.4	2.381e3
950.4	1.757e3
951.1	1.870e2
952.0	2.551e3
952.9	1.289e3
953.7	1.533e3
954.4	3.513e3
954.9	6.500e1
955.5	3.692e3
956.1	4.550e2
956.8	1.754e3
957.5	8.420e2
958.3	4.331e3
958.9	8.270e2
959.5	4.700e1
960.0	1.653e3
961.0	3.708e3
961.9	2.932e3
962.6	8.950e2
963.2	1.030e3
964.0	4.826e3
964.8	1.358e3
965.7	3.058e3
966.6	2.448e3
967.1	1.400e1
967.7	2.456e3
968.6	2.868e3
969.6	8.760e2
970.3	2.434e3
971.4	2.042e3
972.1	1.049e3
972.9	2.683e3
973.7	1.577e3
974.3	3.870e2
974.9	3.745e3
975.7	1.065e3
976.2	2.520e2
977.0	3.111e3
977.8	1.801e3
978.9	4.650e2
979.8	2.556e3
980.8	1.392e3
981.8	2.543e3
982.9	1.143e3
983.8	2.092e3
985.0	2.712e3
985.5	2.170e2
986.1	1.508e3
987.0	9.270e2
987.8	2.797e3
988.9	2.387e3
989.7	1.286e3
990.2	8.740e2
990.9	2.578e3
991.9	2.543e3
992.8	1.730e3
993.7	1.610e3
994.6	4.207e3
995.1	1.170e2
995.7	2.163e3
996.7	1.746e3
997.5	3.110e2
998.2	1.178e3
999.1	2.530e3
999.7	6.700e1
1000.2	2.977e3
1000.9	2.720e2
1001.6	3.185e3
1002.3	1.400e2
1003.1	1.175e3
1003.9	2.679e3
1004.9	1.525e3
1005.8	8.160e2
1006.5	1.303e3
1007.0	6.690e2
1007.7	3.209e3
1008.6	1.815e3
1009.1	2.000e2
1009.7	2.650e3
1010.7	1.180e3
1011.4	3.240e2
1012.0	1.601e3
1012.6	3.030e2
1013.1	1.985e3
1013.9	7.700e1
1014.4	1.276e3
1015.2	2.690e2
1015.9	1.775e3
1016.8	6.140e2
1017.6	1.827e3
1018.7	6.720e2
1019.5	2.069e3
1020.4	2.424e3
1021.5	2.264e3
1022.3	1.598e3
1023.1	2.494e3
1024.0	8.970e2
1024.7	3.169e3
1025.9	2.674e3
1026.4	6.170e2
1027.1	2.141e3
1028.0	1.466e3
1028.6	2.010e2
1029.2	4.764e3
1029.9	1.173e3
1030.8	1.888e3
1031.4	2.360e2
1031.9	1.616e3
1033.3	2.481e3
1034.2	2.335e3
1034.9	7.270e2
1035.7	1.447e3
1036.6	1.265e3
1037.1	1.020e2
1037.6	1.950e3
1038.4	1.124e3
1039.0	1.762e3
1039.8	3.048e3
1040.7	1.301e3
1041.8	2.673e3
1042.3	1.490e2
1042.8	3.363e3
1043.6	5.730e2
1044.2	1.928e3
1044.8	1.940e2
1045.5	3.930e3
1046.4	1.274e3
1047.3	1.864e3
1048.1	2.246e3
1049.1	8.550e2
1049.8	1.996e3
1050.3	1.850e2
1050.9	1.468e3
1051.7	1.822e3
1052.3	5.140e2
1053.0	9.730e2
1053.7	2.664e3
1054.3	1.900e1
1054.9	2.112e3
1055.6	5.170e2
1056.2	2.181e3
1056.9	1.483e3
1057.7	1.454e3
1058.6	2.195e3
1059.6	2.248e3
1060.6	3.701e3
1061.2	6.600e1
1061.7	2.535e3
1062.4	2.230e2
1063.0	1.797e3
1063.9	1.985e3
1064.7	1.932e3
1065.4	9.500e1
1066.5	2.933e3
1067.2	5.580e2
1067.9	2.046e3
1068.8	3.900e1
1069.4	1.131e3
1070.4	1.759e3
1071.4	9.720e2
1072.2	3.600e1
1072.8	2.296e3
1073.8	1.884e3
1074.5	1.097e3
1075.6	2.330e3
1076.4	8.880e2
1077.1	2.078e3
1077.9	1.212e3
1079.1	1.407e3
1079.9	8.530e2
1080.7	1.793e3
1081.3	2.660e3
1082.1	4.160e2
1082.8	3.343e3
1083.5	5.660e2
1084.6	2.538e3
1085.1	2.150e2
1085.7	1.889e3
1086.5	1.343e3
1087.5	1.708e3
1088.1	7.000e1
1088.9	3.328e3
1089.6	9.090e2
1090.5	3.290e3
1091.1	1.920e2
1091.8	1.901e3
1092.3	1.280e2
1092.9	3.413e3
1093.7	3.700e1
1094.2	1.629e3
1094.9	4.000e1
1095.5	2.297e3
1096.4	2.653e3
1097.4	2.222e3
1098.2	5.540e2
1099.2	1.101e3
1100.1	2.310e2
1100.7	1.563e3
1101.7	2.415e3
1102.7	1.609e3
1103.6	2.375e3
1104.3	5.660e2
1105.1	1.775e3
1105.7	3.970e2
1106.4	1.799e3
1107.2	1.715e3
1108.0	6.750e2
1108.9	2.340e3
1109.8	1.307e3
1110.7	1.253e3
1111.7	3.788e3
1112.3	1.690e2
1113.1	3.599e3
1114.1	8.920e2
1114.8	1.150e3
1115.6	7.610e2
1116.2	3.910e2
1116.8	4.570e2
1117.8	1.045e3
1118.4	5.310e2
1119.2	1.568e3
1119.9	4.700e1
1120.5	5.000e2
1121.2	2.268e3
1121.8	1.490e2
1122.5	1.086e3
1123.0	8.800e1
1123.6	7.780e2
1124.7	1.226e3
1125.6	1.500e3
1126.1	2.480e2
1126.7	2.750e3
1127.4	1.349e3
1128.2	1.152e3
1129.1	1.756e3
1129.8	1.438e3
1130.7	1.900e2
1131.4	1.641e3
1132.2	1.409e3
1132.8	3.350e2
1133.7	1.625e3
1134.5	9.700e2
1135.3	3.023e3
1136.3	1.401e3
1137.3	1.698e3
1138.0	3.700e1
1138.7	2.098e3
1139.8	2.402e3
1140.7	1.534e3
1141.2	1.670e2
1141.7	1.805e3
1142.7	2.044e3
1143.7	6.030e2
1144.5	1.861e3
1145.0	5.300e1
1145.5	9.090e2
1146.5	1.820e3
1147.1	9.000e1
1147.8	1.009e3
1148.5	1.020e3
1149.3	1.210e3
1149.9	5.110e2
1151.0	1.369e3
1151.8	6.300e1
1152.3	2.472e3
1153.1	1.492e3
1154.0	3.412e3
1155.0	1.987e3
1155.8	1.375e3
1156.4	1.200e1
1156.9	3.493e3
1157.9	4.020e2
1158.7	1.997e3
1159.3	1.600e1
1159.9	2.509e3
1160.8	1.219e3
1162.2	1.823e3
1163.2	1.785e3
1164.2	1.498e3
1165.0	1.728e3
1165.7	2.330e2
1166.3	8.040e2
1167.6	2.365e3
1168.5	1.602e3
1169.1	3.110e2
1169.9	1.465e3
1170.6	6.630e2
1171.3	3.053e3
1172.3	2.121e3
1173.2	8.960e2
1174.4	1.362e3
1175.7	1.065e3
1176.6	5.500e2
1177.5	2.466e3
1178.2	1.073e3
1179.0	3.672e3
1179.9	1.480e3
1180.9	1.811e3
1181.5	6.360e2
1182.1	1.969e3
1183.0	9.300e2
1183.9	2.243e3
1185.0	1.263e3
1186.1	1.371e3
1187.0	2.308e3
1187.8	5.630e2
1188.9	1.808e3
1189.9	1.895e3
1190.8	1.534e3
1191.9	9.400e2
1192.6	7.690e2
1193.2	1.539e3
1194.1	2.437e3
1194.8	3.500e2
1195.5	1.963e3
1196.4	6.220e2
1197.1	3.780e3
1197.8	6.580e2
1198.5	1.629e3
1199.2	1.950e2
1200.1	1.470e3
1200.9	1.527e3
1202.1	1.208e3
1203.4	1.479e3
1204.4	2.424e3
1205.2	1.651e3
1205.7	9.100e1
1206.4	1.822e3
1207.1	1.300e1
1207.7	8.570e2
1208.5	2.846e3
1209.0	5.150e2
1209.7	2.433e3
1210.4	1.940e2
1211.0	2.304e3
1211.6	1.200e1
1212.6	1.090e3
1213.4	3.317e3
1214.5	2.404e3
1215.1	6.610e2
1215.9	2.456e3
1216.6	5.990e2
1217.6	4.100e2
1218.3	1.531e3
1219.2	2.871e3
1219.9	1.138e3
1220.9	6.060e2
1221.8	1.705e3
1222.7	1.340e3
1223.6	2.704e3
1224.3	2.186e3
1225.1	8.490e2
1226.0	4.610e2
1226.8	2.110e3
1227.7	5.220e2
1228.6	1.615e3
1229.4	1.039e3
1230.2	2.342e3
1230.8	7.200e2
1232.1	1.887e3
1233.0	4.000e1
1233.6	6.450e2
1234.3	8.980e2
1235.0	2.422e3
1236.1	9.880e2
1236.7	1.850e2
1237.3	2.046e3
1238.1	1.689e3
1238.9	1.262e3
1239.5	2.010e2
1240.1	3.274e3
1241.0	9.150e2
1241.6	1.760e2
1242.1	1.167e3
1242.9	2.046e3
1244.2	1.902e3
1245.1	1.791e3
1246.1	1.296e3
1246.7	2.370e2
1247.3	1.763e3
1248.1	1.461e3
1248.8	1.717e3
1249.4	1.650e2
1250.0	1.688e3
1250.8	1.305e3
1251.4	9.600e1
1252.3	2.012e3
1253.2	3.512e3
1254.0	3.270e2
1254.9	9.450e2
1255.8	7.540e2
1256.7	4.030e2
1257.4	1.176e3
1258.5	1.234e3
1259.4	7.160e2
1260.5	1.628e3
1261.4	1.133e3
1262.2	2.802e3
1262.9	1.080e3
1263.8	6.970e2
1264.6	3.010e3
1265.6	1.644e3
1266.4	4.280e2
1267.6	7.080e2
1268.5	2.763e3
1269.5	1.513e3
1270.1	2.880e2
1270.7	1.164e3
1271.3	5.200e1
1271.8	9.610e2
1272.5	5.030e2
1273.0	1.980e2
1273.6	1.108e3
1274.1	8.100e1
1274.6	8.510e2
1275.3	8.630e2
1276.0	1.133e3
1276.5	1.910e2
1277.1	1.629e3
1277.9	9.050e2
1278.6	1.300e1
1279.2	3.100e2
1279.8	3.082e3
1280.4	8.300e1
1281.2	1.684e3
1281.9	7.240e2
1282.7	8.120e2
1283.5	6.400e1
1284.2	7.190e2
1284.8	2.200e1
1285.3	1.417e3
1286.3	1.801e3
1287.3	2.301e3
1288.1	3.380e2
1289.3	9.550e2
1290.3	1.136e3
1291.0	6.760e2
1292.1	6.540e2
1292.9	1.530e2
1293.7	9.270e2
1294.9	2.775e3
1295.8	3.660e2
1296.5	1.220e2
1297.0	2.349e3
1297.8	3.980e2
1298.5	2.730e2
1299.3	9.600e1
1300.1	8.130e2
1301.0	2.341e3
1301.8	2.580e2
1302.5	8.680e2
1303.4	7.520e2
1304.1	3.600e1
1304.7	1.446e3
1305.5	2.680e2
1306.8	1.034e3
1307.4	7.740e2
1308.2	1.885e3
1308.9	4.570e2
1309.6	1.030e3
1310.5	2.197e3
1311.6	1.504e3
1312.3	5.780e2
1312.9	8.400e1
1313.5	1.363e3
1314.3	3.210e2
1315.1	9.040e2
1315.7	5.600e2
1316.5	1.277e3
1317.6	2.236e3
1318.2	1.430e2
1319.0	8.160e2
1319.9	3.630e2
1320.8	9.740e2
1321.7	9.430e2
1322.7	1.668e3
1323.6	4.840e2
1324.6	2.290e3
1325.5	2.030e2
1326.3	1.228e3
1327.0	2.130e2
1327.5	9.640e2
1328.4	1.930e2
1329.1	1.636e3
1330.1	1.117e3
1331.1	1.087e3
1331.6	2.500e1
1332.2	1.036e3
1333.3	1.496e3
1334.1	1.159e3
1335.0	2.202e3
1335.8	1.590e2
1336.5	3.610e2
1337.1	7.940e2
1338.1	1.064e3
1338.8	4.650e2
1339.7	1.580e2
1340.5	5.450e2
1341.1	1.282e3
1341.8	9.020e2
1342.4	2.460e2
1343.9	4.730e2
1344.7	2.172e3
1345.7	6.360e2
1346.5	1.370e2
1347.2	5.740e2
1348.1	2.170e2
1348.7	7.880e2
1349.5	1.211e3
1350.5	2.826e3
1351.5	2.165e3
1352.2	1.200e1
1352.9	1.247e3
1353.9	4.560e2
1354.6	8.030e2
1355.2	1.750e2
1356.0	6.500e2
1357.1	1.795e3
1357.8	2.090e2
1358.7	7.050e2
1359.8	1.030e3
1360.8	4.570e2
1361.5	1.687e3
1362.1	2.730e2
1362.8	1.087e3
1363.5	6.900e2
1364.1	1.734e3
1364.9	3.710e2
1365.6	8.080e2
1366.4	1.523e3
1367.3	1.434e3
1367.9	5.610e2
1368.6	2.880e2
1370.2	1.368e3
1370.8	7.900e1
1371.5	1.655e3
1372.2	6.220e2
1372.8	6.400e2
1373.5	7.790e2
1374.1	2.020e2
1375.2	1.221e3
1375.9	1.600e1
1376.5	7.820e2
1377.2	1.284e3
1378.2	8.860e2
1379.0	3.020e2
1379.7	9.410e2
1380.4	7.610e2
1381.0	6.400e1
1381.8	3.930e2
1382.6	8.820e2
1383.5	1.333e3
1384.2	1.650e2
1385.1	1.922e3
1385.7	4.880e2
1386.7	3.460e2
1387.2	7.800e1
1387.8	1.748e3
1388.3	1.120e2
1389.1	6.840e2
1390.4	1.200e1
1390.9	1.787e3
1391.4	1.200e1
1392.1	1.251e3
1392.9	1.490e2
1393.5	9.610e2
1394.3	5.750e2
1395.0	8.580e2
1395.7	8.790e2
1396.4	2.090e2
1396.9	8.600e1
1397.5	1.765e3
1398.2	6.170e2
1398.9	1.200e1
1399.4	1.132e3
1400.2	5.480e2
1401.1	8.180e2
1401.6	7.600e1
1402.2	8.360e2
1402.9	1.884e3
1403.8	3.750e2
1404.5	1.662e3
1405.2	7.410e2
1405.9	1.260e2
1406.5	6.450e2
1407.0	1.700e1
1407.8	1.045e3
1408.6	4.040e2
1409.6	5.470e2
1410.3	1.853e3
1410.9	2.200e2
1411.6	1.291e3
1412.3	2.900e2
1413.5	9.030e2
1414.3	1.404e3
1414.8	5.400e1
1415.4	1.518e3
1416.4	6.750e2
1417.6	4.740e2
1418.3	7.120e2
1419.1	1.046e3
1419.7	9.600e1
1420.2	9.200e2
1421.8	1.333e3
1422.7	4.830e2
1423.4	1.432e3
1424.6	1.215e3
1425.6	1.705e3
1426.8	2.740e2
1427.6	8.600e2
1428.3	2.360e2
1429.1	2.686e3
1430.1	2.162e3
1430.9	4.870e2
1431.8	1.660e2
1432.4	1.641e3
1433.5	1.748e3
1434.3	4.580e2
1434.9	1.300e1
1435.5	9.050e2
1436.2	6.870e2
1437.0	9.570e2
1437.6	1.650e2
1438.2	1.180e2
1438.9	2.387e3
1439.4	1.300e1
1440.1	4.270e2
1441.1	7.500e2
1442.2	1.150e2
1442.9	1.180e3
1443.5	8.900e1
1444.2	6.100e2
1445.2	7.780e2
1445.9	5.920e2
1446.7	1.126e3
1447.5	1.533e3
1448.7	1.398e3
1449.7	1.662e3
1450.5	1.080e2
1451.2	4.330e2
1452.0	1.036e3
1452.9	2.070e2
1453.4	2.344e3
1454.2	1.111e3
1455.0	5.200e1
1455.7	1.612e3
1456.2	1.540e2
1456.9	5.390e2
1457.6	1.404e3
1458.2	4.830e2
1458.9	1.916e3
1459.4	1.370e2
1460.4	4.050e2
1461.5	4.050e2
1462.1	1.049e3
1462.7	5.100e1
1463.2	1.569e3
1464.2	1.930e2
1464.7	9.840e2
1465.6	2.020e2
1466.4	5.310e2
1467.1	1.544e3
1467.9	2.971e3
1468.5	1.300e1
1469.3	9.250e2
1470.2	3.600e1
1470.7	4.540e2
1471.2	1.763e3
1472.1	1.600e1
1472.6	8.430e2
1473.3	6.660e2
1474.3	1.155e3
1475.6	2.660e2
1476.5	1.175e3
1477.6	6.600e2
1478.1	1.200e1
1479.1	6.080e2
1479.9	5.010e2
1480.6	6.470e2
1481.3	1.636e3
1481.8	1.200e1
1482.7	1.320e3
1483.4	7.220e2
1484.2	3.070e2
1484.9	6.060e2
1485.6	1.978e3
1486.4	4.540e2
1487.2	4.500e2
1487.8	7.620e2
1488.7	1.305e3
1489.7	1.349e3
1490.5	1.580e2
1491.1	6.930e2
1492.3	9.400e2
1493.0	7.890e2
1493.6	2.670e2
1494.3	1.638e3
1495.0	1.180e2
1495.8	2.700e2
1496.9	1.658e3
1497.9	2.176e3
1498.7	4.970e2
1499.6	1.414e3
1500.3	1.040e2
1500.8	1.660e2
1501.5	2.150e2
1502.1	2.900e1
1502.7	5.040e2
1503.4	6.030e2
1504.2	5.230e2
1504.9	5.280e2
1505.7	9.270e2
1506.7	9.570e2
1507.2	6.700e1
1507.8	1.350e3
1508.8	6.030e2
1509.3	1.400e1
1509.8	5.360e2
1510.5	4.300e2
1511.5	5.960e2
1512.3	1.027e3
1513.3	1.100e2
1514.3	2.200e2
1515.7	1.238e3
1516.3	7.500e1
1516.9	1.470e2
1517.7	1.076e3
1518.8	1.015e3
1519.5	7.240e2
1520.5	1.763e3
1521.6	9.970e2
1522.3	1.200e1
1522.8	2.450e3
1523.5	8.900e1
1524.6	5.560e2
1525.3	1.043e3
1525.8	4.830e2
1526.5	1.010e2
1527.0	1.034e3
1527.8	1.576e3
1528.5	8.770e2
1529.3	3.260e2
1530.1	9.530e2
1531.0	5.570e2
1531.7	1.373e3
1532.3	1.400e1
1532.8	4.670e2
1533.9	6.680e2
1534.4	1.460e2
1535.2	8.060e2
1535.9	3.950e2
1536.5	1.152e3
1537.7	1.387e3
1538.4	1.300e1
1539.0	9.100e2
1539.8	2.110e3
1540.9	1.220e3
1541.8	8.510e2
1542.5	7.850e2
1543.4	4.860e2
1544.2	5.490e2
1545.1	1.121e3
1545.8	3.320e2
1546.6	5.310e2
1547.5	1.862e3
1548.3	4.800e1
1549.3	1.740e2
1549.9	4.500e1
1550.5	5.680e2
1551.4	3.750e2
1552.3	1.076e3
1552.9	2.340e2
1553.5	3.030e2
1554.1	7.320e2
1555.2	1.981e3
1556.1	3.660e2
1556.9	1.610e2
1557.6	8.340e2
1558.7	1.608e3
1559.6	1.169e3
1560.3	4.000e1
1561.3	1.700e2
1562.6	7.040e2
1563.5	1.423e3
1564.1	3.030e2
1565.1	7.370e2
1566.2	2.240e2
1566.9	1.707e3
1567.6	1.500e1
1568.4	4.240e2
1569.0	2.200e1
1569.5	9.540e2
1570.2	4.240e2
1571.3	1.480e3
1571.8	3.130e2
1572.3	6.750e2
1573.2	4.860e2
1573.7	1.731e3
1575.3	1.318e3
1577.1	3.050e2
1577.7	4.400e1
1578.5	4.660e2
1579.6	7.100e2
1580.6	7.260e2
1581.6	1.150e2
1582.1	7.810e2
1583.2	9.160e2
1583.8	4.600e2
1584.5	9.000e2
1585.5	1.120e2
1586.5	8.300e1
1587.4	4.870e2
1588.1	9.930e2
1589.1	5.200e2
1590.3	1.079e3
1590.8	1.200e1
1591.8	8.860e2
1592.8	9.960e2
1593.7	1.374e3
1594.3	3.600e2
1594.9	3.560e2
1595.6	2.160e2
1596.4	1.520e2
1596.9	6.300e1
1597.7	4.140e2
1598.2	1.200e2
1598.9	7.450e2
1599.6	4.450e2
1600.7	1.193e3
1601.9	1.690e3
1603.3	1.106e3
1604.0	3.420e2
1604.6	1.990e2
1605.5	1.542e3
1606.4	5.900e1
1607.0	4.440e2
1607.6	1.030e2
1608.3	8.290e2
1609.3	2.210e3
1609.8	5.000e1
1610.4	1.810e2
1611.4	6.570e2
1612.4	8.220e2
1613.1	7.560e2
1614.0	5.630e2
1614.9	6.900e2
1616.5	3.970e2
1617.4	4.650e2
1618.3	1.420e2
1618.8	5.840e2
1619.7	1.231e3
1620.7	1.900e1
1621.3	4.980e2
1621.8	2.800e1
1622.5	9.800e1
1623.8	1.608e3
1624.5	3.390e2
1625.5	4.850e2
1626.6	2.266e3
1627.1	2.100e1
1627.6	6.590e2
1628.2	1.200e1
1628.9	7.970e2
1629.8	6.630e2
1630.6	7.570e2
1631.4	3.400e1
1632.1	1.393e3
1633.2	1.020e2
1634.5	4.500e2
1635.5	1.382e3
1636.9	2.400e1
1637.8	1.320e2
1638.5	1.200e1
1639.1	5.940e2
1640.2	1.080e2
1640.9	4.820e2
1641.8	1.916e3
1642.5	6.600e1
1643.5	1.150e3
1644.0	2.220e2
1644.6	3.750e2
1645.2	1.018e3
1646.1	3.060e2
1646.7	1.405e3
1647.3	1.100e1
1647.9	1.184e3
1648.8	1.250e2
1649.3	1.146e3
1650.5	9.340e2
1651.0	1.400e1
1652.1	1.176e3
1653.5	1.038e3
1654.0	1.500e1
1654.7	1.510e2
1655.7	6.530e2
1656.7	6.000e2
1657.6	1.663e3
1658.2	7.800e1
1659.1	1.341e3
1659.9	5.980e2
1661.0	2.000e3
1661.7	1.430e2
1662.3	4.240e2
1663.1	9.300e2
1664.1	7.330e2
1665.1	1.893e3
1666.4	5.290e2
1667.2	1.300e2
1667.7	5.370e2
1668.5	1.044e3
1670.2	4.260e2
1671.0	5.600e1
1671.6	9.610e2
1672.8	9.320e2
1673.5	4.530e2
1674.1	1.500e1
1674.9	1.244e3
1676.0	2.090e2
1676.9	1.579e3
1677.9	1.220e2
1678.6	1.262e3
1679.3	1.410e2
1680.0	7.670e2
1680.6	3.100e1
1681.7	1.690e2
1682.4	3.190e2
1683.1	7.700e2
1683.8	1.640e2
1684.4	8.880e2
1685.4	1.331e3
1686.2	1.300e1
1686.7	6.850e2
1687.6	1.860e2
1688.7	1.442e3
1690.0	1.275e3
1690.6	1.460e2
1691.2	1.622e3
1692.0	4.760e2
1693.3	3.860e2
1694.1	5.470e2
1695.2	4.460e2
1695.9	4.700e1
1696.8	1.570e2
1697.6	2.870e2
1698.4	7.800e1
1699.3	3.630e2
1700.2	3.080e2
1700.7	7.300e2
1702.3	5.080e2
1703.8	2.500e2
1704.5	8.640e2
1705.4	1.917e3
1706.2	1.617e3
1707.2	1.200e1
1708.0	6.020e2
1708.8	4.390e2
1709.6	5.050e2
1710.4	4.580e2
1711.5	4.400e1
1712.3	3.880e2
1713.2	1.025e3
1714.0	1.820e2
1714.6	4.900e2
1715.4	8.000e1
1717.8	1.002e3
1718.5	6.310e2
1719.9	6.200e1
1720.4	6.350e2
1721.1	2.670e2
1721.8	1.509e3
1722.6	4.060e2
1723.1	1.920e2
1724.1	2.110e2
1724.6	1.900e1
1725.2	1.820e3
1725.9	3.410e2
1726.7	1.440e2
1727.5	9.040e2
1728.2	3.000e1
1729.3	5.220e2
1730.4	1.480e2
1731.4	1.560e2
1732.8	1.354e3
1733.3	3.830e2
1734.7	1.426e3
1735.5	4.570e2
1736.1	1.290e2
1736.8	1.938e3
1737.6	7.930e2
1738.3	1.200e1
1738.8	1.057e3
1739.9	3.060e2
1740.7	2.400e2
1741.5	2.500e1
1742.0	4.370e2
1742.5	7.600e1
1743.3	1.098e3
1744.1	1.150e2
1744.8	9.040e2
1745.7	1.335e3
1746.8	3.660e2
1747.7	6.890e2
1748.6	7.200e1
1749.8	9.100e2
1750.5	5.800e2
1752.3	1.450e2
1752.9	5.050e2
1753.8	1.702e3
1754.8	6.940e2
1756.0	2.390e2
1757.0	8.460e2
1758.3	6.260e2
1759.4	1.543e3
1760.5	3.700e2
1761.3	1.200e1
1761.8	8.900e1
1762.8	1.223e3
1764.2	6.500e2
1764.8	1.840e2
1766.0	4.350e2
1766.8	3.390e2
1767.6	1.163e3
1768.8	1.230e2
1769.6	2.350e2
1770.5	2.110e2
1771.1	1.672e3
1772.3	1.300e1
1773.1	5.530e2
1773.6	2.370e2
1774.6	8.630e2
1775.4	1.598e3
1776.0	2.920e2
1777.1	9.060e2
1778.4	7.720e2
1779.7	9.730e2
1780.2	8.600e2
1781.6	7.750e2
1782.3	1.300e2
1783.0	6.500e2
1783.9	1.660e2
1784.7	2.390e2
1785.7	2.090e2
1787.1	2.520e2
1788.1	1.177e3
1789.1	8.710e2
1790.5	1.600e1
1791.2	3.630e2
1791.9	1.776e3
1792.8	8.200e1
1793.5	1.750e2
1794.2	1.870e2
1795.4	4.400e2
1796.0	1.200e1
1796.8	9.100e1
1797.5	1.330e2
1798.3	2.850e2
1799.0	5.390e2
1799.5	1.700e1
1800.1	5.400e1
1801.7	3.590e2
1802.7	8.650e2
1804.1	1.750e2
1804.6	1.337e3
1805.2	1.280e2
1806.0	4.900e1
1806.6	8.600e1
1807.2	5.380e2
1807.8	6.080e2
1808.6	3.580e2
1809.2	7.850e2
1810.0	3.270e2
1811.1	9.600e2
1812.4	2.400e1
1813.4	1.730e2
1813.9	7.130e2
1814.6	1.060e2
1815.3	6.610e2
1815.9	8.060e2
1816.9	1.385e3
1818.4	3.300e1
1819.3	7.830e2
1820.1	4.290e2
1820.9	1.340e3
1821.5	4.780e2
1822.3	3.600e1
1823.6	9.020e2
1824.8	9.900e1
1825.8	7.120e2
1826.4	5.650e2
1827.3	3.510e2
1827.9	4.700e1
1829.5	1.450e2
1830.1	5.900e1
1830.6	2.280e2
1831.3	3.020e2
1833.1	4.820e2
1833.9	1.060e2
1834.4	6.170e2
1835.2	6.700e1
1835.9	2.700e1
1836.8	1.773e3
1837.7	4.930e2
1838.4	4.150e2
1839.6	1.420e2
1840.5	7.510e2
1841.3	4.510e2
1842.4	1.107e3
1843.7	1.072e3
1844.3	2.700e1
1845.2	2.980e2
1846.0	1.397e3
1847.6	6.050e2
1848.4	2.220e2
1849.6	7.300e1
1850.4	1.500e1
1851.2	7.660e2
1852.1	5.600e2
1852.7	1.780e2
1853.5	4.870e2
1854.4	1.460e2
1855.0	3.770e2
1855.7	3.850e2
1856.9	6.390e2
1857.7	1.296e3
1859.6	1.930e2
1860.8	2.920e2
1861.9	9.250e2
1862.9	1.840e2
1864.0	1.300e1
1865.0	2.020e2
1865.9	3.090e2
1867.7	2.160e2
1869.0	8.000e1
1869.7	4.660e2
1870.2	6.900e1
1870.8	1.756e3
1871.9	1.554e3
1872.6	2.030e2
1873.6	1.500e2
1874.2	2.910e2
1875.0	9.300e1
1875.6	2.800e1
1876.5	2.980e2
1878.3	4.690e2
1879.0	7.160e2
1880.0	1.200e1
1880.5	5.350e2
1881.5	7.400e1
1882.3	1.158e3
1884.3	7.480e2
1885.2	1.670e2
1885.8	1.040e2
1886.5	3.100e1
1887.7	1.685e3
1888.7	1.300e1
1889.2	1.127e3
1890.6	1.390e2
1891.5	4.410e2
1892.1	2.200e1
1892.7	3.860e2
1893.4	4.070e2
1894.3	1.000e2
1894.9	1.900e1
1895.6	8.540e2
1896.3	1.200e1
1897.7	2.389e3
1898.6	8.600e1
1900.0	4.500e1
1900.5	7.400e2
1901.3	1.720e2
1901.9	5.260e2
1902.8	5.540e2
1903.4	5.670e2
1904.1	3.710e2
1904.7	8.820e2
1905.4	3.020e2
1907.0	1.300e1
1908.0	5.420e2
1908.6	2.000e2
1909.3	5.190e2
1910.6	3.090e2
1911.1	1.200e2
1911.7	4.680e2
1912.3	4.180e2
1914.0	4.980e2
1915.7	3.850e2
1916.3	1.260e2
1917.2	1.243e3
1917.9	1.590e2
1918.6	7.800e1
1919.5	4.720e2
1921.0	3.730e2
1921.6	1.984e3
1922.2	1.830e2
1923.5	3.670e2
1925.1	4.750e2
1925.7	2.400e2
1926.5	1.450e2
1927.5	3.500e1
1928.7	1.300e1
1929.4	3.170e2
1930.1	2.170e2
1930.9	2.350e2
1932.6	2.600e1
1933.5	1.640e2
1934.1	4.610e2
1935.2	1.280e2
1935.8	2.700e1
1936.7	6.050e2
1937.2	1.500e1
1938.1	2.870e2
1939.5	6.000e2
1940.7	6.780e2
1941.7	5.020e2
1942.7	1.500e1
1943.3	1.410e3
1944.2	1.143e3
1944.7	3.400e1
1947.3	8.810e2
1949.0	1.416e3
1950.1	7.420e2
1951.1	2.290e2
1952.0	2.890e2
1952.7	1.220e2
1953.4	2.000e1
1953.9	9.700e1
1954.6	1.123e3
1956.4	2.500e1
1957.5	3.400e1
1958.5	9.460e2
1959.6	4.830e2
1960.6	8.360e2
1961.2	2.470e2
1962.1	3.930e2
1962.6	5.130e2
1964.0	3.770e2
1965.3	5.070e2
1966.6	6.320e2
1967.8	3.710e2
1968.8	2.420e2
1969.5	2.400e1
1970.4	8.260e2
1971.0	2.330e2
1971.8	2.500e1
1972.6	1.860e2
1973.5	1.530e2
1974.2	1.140e2
1974.8	1.200e1
1975.7	7.970e2
1976.4	1.630e2
1977.1	3.910e2
1977.9	6.560e2
1979.1	1.400e1
1979.6	6.190e2
1980.1	7.000e1
1981.6	1.730e2
1982.5	5.100e2
1983.1	1.300e1
1984.3	2.600e1
1985.0	5.690e2
1985.6	1.600e1
1986.5	5.850e2
1987.2	6.700e1
1988.0	5.340e2
1990.2	4.680e2
1991.2	6.900e1
1993.4	9.260e2
1994.6	2.240e2
1995.8	5.100e2
1997.1	4.640e2
1998.1	6.090e2
1998.7	5.860e2
1999.7	1.300e1
