100.3	2.580e2
100.9	8.782e4
101.5	8.100e1
102.0	1.678e4
103.0	1.483e4
103.5	6.000e0
104.0	1.326e3
105.0	2.435e3
106.0	3.610e2
107.0	3.930e2
108.0	9.673e3
109.1	1.619e3
110.0	2.550e2
111.0	3.109e3
111.6	7.300e1
112.3	8.310e2
113.0	1.591e5
113.5	8.700e1
114.1	3.349e3
115.0	6.617e3
115.5	2.000e1
116.0	3.533e3
117.0	9.524e4
117.5	5.900e1
118.0	1.381e4
118.5	2.700e1
119.0	4.594e3
120.0	1.329e3
121.0	1.503e3
122.0	5.590e2
123.0	2.900e2
124.0	1.041e3
124.6	5.000e0
125.1	1.322e3
125.9	7.070e2
127.0	1.002e3
128.0	9.830e2
129.1	1.509e3
130.0	8.881e3
131.0	3.142e3
132.0	5.970e2
133.0	8.773e3
133.6	1.900e1
134.1	1.317e3
134.9	5.836e3
135.5	4.000e0
136.0	2.145e3
137.0	2.950e3
137.5	4.800e1
138.1	3.217e3
139.1	1.011e3
139.9	1.073e3
140.5	6.000e0
141.1	1.055e3
142.1	6.180e2
143.1	1.710e3
144.1	1.428e3
145.0	1.306e4
146.0	1.591e4
147.0	2.117e4
148.1	2.162e3
149.1	1.981e3
150.1	7.740e2
151.0	1.324e3
152.1	4.453e3
153.0	3.103e3
154.0	8.620e2
154.6	4.000e0
155.1	2.499e3
156.0	2.620e3
157.1	1.563e3
158.1	4.022e3
159.1	2.009e3
160.0	1.520e3
161.0	1.987e3
162.0	1.766e3
163.0	3.355e3
164.0	1.547e3
165.0	3.711e3
166.2	4.390e2
167.1	8.910e2
167.9	4.910e2
169.1	2.030e3
170.0	4.490e2
171.0	1.489e3
172.0	6.590e2
173.1	1.327e3
174.0	2.516e3
175.0	4.576e4
175.5	5.000e0
176.1	3.346e3
177.0	3.030e3
178.0	1.074e3
179.0	3.738e3
180.0	2.692e3
181.1	2.434e4
182.0	1.562e3
183.1	2.498e3
184.1	1.639e3
185.1	4.093e3
186.1	2.195e3
187.1	2.507e3
188.0	2.269e3
189.1	1.824e3
190.0	1.787e3
190.5	1.730e2
191.1	9.486e3
192.1	2.238e3
193.0	4.506e3
194.0	1.500e3
195.0	7.906e3
195.9	1.205e4
196.4	2.310e2
197.0	2.883e3
197.9	1.498e4
198.4	5.100e1
199.0	1.877e3
199.9	6.423e3
200.5	4.900e1
201.0	2.197e3
201.9	2.416e3
202.5	4.000e1
203.1	1.076e3
203.9	1.097e3
205.1	1.172e3
206.0	1.839e3
206.6	4.000e0
207.1	3.207e3
208.0	1.430e4
209.1	2.518e3
210.1	1.849e3
211.1	1.970e3
211.6	1.500e1
212.2	3.027e4
213.1	5.747e3
214.1	3.420e3
215.1	1.733e3
216.0	1.485e3
217.0	3.550e3
217.9	1.980e3
218.7	3.130e2
219.3	3.925e3
220.1	2.737e3
221.1	4.173e3
221.9	1.869e3
222.5	1.300e1
223.1	2.488e3
224.1	1.125e3
225.1	2.506e3
226.0	1.155e3
227.0	2.312e3
227.5	9.000e0
228.1	9.100e2
229.0	1.140e3
230.0	1.743e3
230.6	2.000e1
231.1	1.740e3
232.0	2.611e3
233.1	3.108e3
234.0	4.094e3
235.1	1.406e3
236.0	2.430e4
237.0	3.610e3
238.1	3.108e3
239.1	3.732e3
240.0	2.043e4
241.0	5.522e3
241.5	6.100e1
242.1	4.248e3
243.1	1.214e4
244.0	4.981e3
245.0	1.565e3
245.9	8.220e2
247.0	3.421e3
247.6	3.200e1
248.1	1.600e3
249.1	6.071e4
249.6	8.900e1
250.1	3.917e3
251.1	2.154e3
252.1	1.003e3
252.6	3.000e0
253.1	1.350e3
254.2	5.410e2
255.1	2.969e3
256.0	1.033e3
257.1	2.551e3
258.1	2.062e3
259.1	2.437e3
260.1	1.516e3
261.1	2.842e3
261.9	4.125e3
263.0	3.538e3
264.0	1.870e3
264.8	5.020e2
265.5	2.973e3
266.2	1.323e3
267.1	1.914e3
268.0	9.850e2
268.6	1.020e2
269.1	2.880e3
270.0	6.070e2
271.1	1.005e3
272.1	9.960e2
273.1	1.713e3
273.6	2.400e1
274.1	1.067e3
275.0	3.690e3
275.5	7.400e1
276.1	2.199e3
277.1	1.642e3
278.1	1.363e3
279.1	4.037e3
280.1	2.111e3
281.1	2.356e3
282.1	2.971e3
283.2	2.062e3
284.1	1.244e3
284.6	3.400e1
285.2	1.461e3
286.0	3.430e3
286.6	1.320e2
287.2	2.359e3
288.1	8.531e3
289.1	3.687e3
290.0	5.567e3
291.1	3.612e3
292.0	4.356e3
292.6	1.620e2
293.2	2.502e3
294.1	1.190e3
295.1	2.504e3
296.0	1.156e3
296.5	1.000e1
297.1	1.900e3
297.9	3.473e3
298.5	1.920e2
299.2	1.266e3
300.2	9.480e2
301.0	1.909e3
302.0	1.905e3
303.0	1.542e3
304.1	1.962e3
305.1	5.824e3
306.0	1.634e3
307.1	5.330e3
308.1	4.395e3
309.1	3.949e3
310.1	2.986e3
311.1	1.032e4
312.0	5.425e3
313.0	2.850e3
313.6	1.500e2
314.1	1.550e3
315.1	2.512e3
315.6	1.200e1
316.1	1.165e3
317.1	7.585e4
318.1	5.462e3
319.1	3.767e3
319.6	1.600e1
320.1	1.825e3
321.1	4.196e3
322.1	2.150e3
323.1	3.440e3
324.1	3.877e3
325.1	3.513e3
326.0	2.401e3
327.1	5.809e3
328.0	1.793e3
329.1	8.709e3
329.9	3.274e3
330.5	1.040e2
331.1	4.912e3
332.0	2.655e3
332.6	1.040e2
333.2	4.967e3
334.1	4.345e3
335.1	2.233e3
336.0	2.239e3
337.1	4.160e3
338.1	2.130e3
338.7	3.080e2
339.4	4.424e3
340.1	3.129e3
341.1	3.383e3
342.1	1.877e3
343.1	8.153e3
344.0	2.711e3
344.6	6.700e1
345.1	2.551e3
346.0	2.041e3
346.5	4.000e0
347.1	4.808e3
348.1	2.185e3
349.1	3.173e3
350.1	2.700e3
351.1	2.757e3
352.0	1.823e3
353.0	5.951e3
353.6	3.910e2
354.2	1.693e3
355.1	3.357e3
356.1	1.276e4
357.0	7.393e3
357.9	2.344e3
358.5	2.400e1
359.1	2.989e3
360.0	2.396e3
360.5	4.000e0
361.1	2.264e3
362.1	1.437e3
363.1	3.170e3
364.0	2.088e3
364.6	1.000e1
365.1	1.399e3
366.0	5.328e3
366.5	2.530e2
367.2	2.453e3
368.1	1.483e3
368.6	2.200e1
369.1	1.821e4
370.1	3.396e3
371.0	1.757e3
371.5	5.800e1
372.0	2.762e3
373.0	2.058e3
373.8	1.471e3
374.7	8.380e2
375.3	1.066e4
376.1	4.271e3
376.8	8.450e2
377.4	6.703e3
378.2	2.325e3
379.1	1.120e4
380.0	4.433e3
380.9	1.723e3
381.7	2.740e3
382.4	3.190e2
383.1	2.983e3
384.1	1.473e3
385.1	4.920e4
386.1	5.644e3
387.0	3.291e3
388.0	1.343e3
388.9	2.085e3
389.8	8.560e2
390.6	1.538e3
391.4	6.265e3
392.2	2.325e3
392.7	1.610e2
393.2	3.216e3
394.1	1.084e3
395.1	4.746e3
396.1	2.202e3
397.0	7.572e3
397.5	5.500e1
398.0	4.412e3
399.0	4.845e3
399.7	3.040e2
400.3	1.669e3
401.4	8.476e3
402.1	4.064e3
403.1	2.405e3
404.0	1.232e3
405.0	3.062e3
405.9	1.659e3
406.5	1.250e2
407.1	1.876e3
408.0	2.455e3
408.7	2.880e2
409.2	3.629e3
410.1	1.289e3
411.0	6.630e3
412.0	2.542e3
412.6	1.250e2
413.1	3.211e3
414.1	1.923e3
414.7	8.700e1
415.2	2.640e3
416.1	1.383e3
417.1	4.369e3
418.0	2.772e3
418.6	3.350e2
419.2	3.261e3
420.0	1.284e3
421.0	4.343e3
422.0	2.741e3
422.7	4.420e2
423.3	4.002e3
424.1	9.785e3
425.0	5.140e3
426.0	1.606e3
427.1	3.631e3
428.1	4.126e3
428.6	8.800e1
429.1	2.736e3
430.1	1.759e3
431.1	2.067e3
432.1	1.396e3
432.7	1.500e1
433.2	2.301e3
434.0	3.378e3
434.9	1.209e3
435.7	3.643e3
436.4	6.210e2
437.2	4.462e3
437.8	9.000e1
438.3	2.908e3
439.1	1.183e3
440.1	3.460e3
440.6	9.400e1
441.1	3.387e3
442.0	1.665e3
443.1	3.850e3
443.9	5.624e3
444.5	1.060e2
445.1	4.095e3
446.0	1.991e3
446.5	5.600e1
447.1	7.270e3
448.0	4.025e3
448.8	6.210e2
449.6	2.323e3
450.3	1.222e3
451.1	3.350e3
452.0	1.478e3
452.6	1.900e1
453.1	4.596e4
454.0	6.319e3
454.6	2.120e2
455.1	3.458e3
456.0	1.607e3
456.8	1.089e3
457.5	4.398e3
458.4	2.653e3
459.3	5.878e3
459.9	1.340e2
460.4	3.576e3
461.2	2.559e3
462.0	1.454e3
463.0	3.495e3
463.8	3.863e3
464.7	2.158e3
465.5	2.791e4
466.4	1.165e4
467.3	3.903e3
468.1	1.217e3
469.1	3.521e3
470.0	4.298e3
471.0	2.099e3
471.5	2.100e1
472.0	1.426e3
472.7	3.030e2
473.3	2.755e3
474.0	1.099e3
474.8	1.877e3
475.7	4.517e3
476.2	4.710e2
476.9	2.518e3
477.9	2.025e3
478.5	2.300e2
479.1	7.450e3
480.0	3.721e3
481.0	3.308e3
481.6	3.300e1
482.1	2.645e3
483.1	3.775e3
484.0	2.021e3
484.6	6.100e1
485.1	4.783e3
486.0	1.767e3
486.9	3.463e3
487.5	1.020e2
488.0	2.243e3
488.5	6.400e1
489.1	2.768e3
489.9	1.341e3
490.7	1.656e3
491.6	1.937e4
492.5	1.095e4
493.4	6.540e3
494.1	2.298e3
495.0	5.002e3
496.0	3.469e3
496.5	1.340e2
497.1	2.598e3
497.9	2.887e3
499.0	2.493e3
499.9	1.186e3
500.4	1.550e2
501.0	2.651e3
501.9	4.646e3
502.5	9.500e1
503.0	3.439e3
503.5	3.500e1
504.1	2.411e3
504.6	7.000e0
505.2	4.326e3
506.1	2.774e3
507.0	2.481e3
508.0	3.076e3
508.5	1.450e2
509.1	4.029e3
510.0	3.117e3
510.6	1.530e2
511.2	7.139e3
512.0	2.356e3
513.0	3.927e3
513.9	2.645e3
514.5	1.220e2
515.1	7.288e3
515.9	2.652e3
516.5	3.520e2
517.2	2.304e3
518.1	1.925e3
519.1	3.176e3
520.0	2.115e3
521.1	4.403e4
522.0	8.086e3
522.5	2.610e2
523.0	5.463e3
523.8	1.125e3
524.4	4.717e3
525.0	4.360e2
525.6	3.760e3
526.3	5.670e2
527.0	2.352e3
527.9	3.051e3
528.4	2.180e2
529.1	3.056e3
530.0	2.343e3
530.5	7.900e1
531.1	3.736e3
531.6	1.280e2
532.1	2.734e3
533.0	2.381e3
533.7	6.964e3
534.3	8.360e2
534.8	3.561e3
535.8	2.035e3
536.4	5.550e2
537.1	4.169e3
538.0	4.044e3
539.0	1.971e3
539.5	6.000e1
540.0	1.694e3
540.9	3.312e3
541.4	9.700e1
542.0	2.830e3
543.0	1.655e3
544.0	3.260e3
544.5	2.090e2
545.1	2.873e3
546.2	2.006e3
547.0	4.710e3
547.9	2.734e3
548.4	4.540e2
549.1	2.809e3
550.0	1.977e3
551.0	3.683e3
552.0	2.317e3
553.0	3.245e3
553.5	2.880e2
554.1	2.223e3
554.7	4.500e2
555.3	2.883e3
556.1	1.101e3
557.0	2.854e3
557.9	2.118e3
558.5	1.340e2
559.1	2.473e3
560.1	9.003e3
561.1	3.834e3
562.0	1.527e3
562.9	4.153e3
563.4	2.120e2
563.9	3.169e3
564.9	2.397e3
565.5	1.680e2
566.1	3.253e3
567.1	2.850e3
568.0	1.822e3
568.9	2.092e3
569.9	2.882e3
570.8	1.579e3
571.8	2.298e3
572.5	2.870e2
573.2	3.174e3
574.0	2.402e3
575.0	2.209e3
575.9	3.071e3
576.5	2.690e2
577.1	3.872e3
578.0	2.169e3
578.5	9.300e1
579.0	4.309e3
580.0	3.261e3
581.0	2.666e3
581.9	2.129e3
582.5	2.970e2
583.1	6.589e3
583.6	8.500e1
584.1	1.895e3
585.0	2.118e3
586.0	2.481e3
586.6	3.280e2
587.1	3.249e3
588.0	1.677e3
588.6	1.000e1
589.1	3.886e4
590.0	6.087e3
590.6	4.000e0
591.1	4.679e3
591.9	2.295e3
592.8	1.333e3
593.6	3.655e3
594.2	4.560e2
594.8	1.613e3
595.7	3.760e3
596.4	8.050e2
597.2	3.001e3
597.9	9.590e2
598.6	1.008e3
599.3	5.753e3
600.1	2.380e3
600.9	1.943e3
601.6	5.436e3
602.2	6.160e2
602.8	3.805e3
603.4	2.170e2
603.9	2.118e3
604.5	1.200e1
605.1	4.386e3
606.0	3.996e3
606.6	2.270e2
607.2	2.541e3
608.1	1.679e3
609.0	2.417e3
610.0	2.310e3
611.0	2.557e3
611.5	2.500e1
612.0	1.904e3
612.8	2.336e3
613.9	2.067e3
614.4	7.300e1
615.0	5.243e3
615.5	5.200e1
616.1	2.827e3
617.0	1.471e3
617.6	4.800e1
618.1	2.792e3
619.1	3.277e3
620.0	1.799e3
621.0	3.864e3
622.0	2.217e3
622.9	1.107e3
623.7	1.991e3
624.4	5.510e2
625.1	2.896e3
626.0	1.437e3
627.0	2.341e3
627.5	7.700e1
628.1	1.035e4
629.1	4.128e3
630.0	1.668e3
630.5	7.000e1
631.1	4.015e3
632.1	2.699e3
632.9	2.102e3
633.7	9.970e2
634.4	2.614e3
635.0	3.920e2
635.6	2.344e3
636.3	8.240e2
637.1	2.322e3
638.1	1.526e3
639.1	2.669e3
640.0	1.656e3
640.5	5.600e1
641.1	3.067e3
642.0	2.626e3
642.9	1.142e3
643.6	2.154e3
644.3	3.770e2
645.0	3.095e3
645.5	1.300e1
646.1	2.563e3
646.6	1.480e2
647.1	4.247e3
648.1	2.251e3
648.8	6.970e2
649.4	3.510e3
650.3	1.437e3
651.1	5.084e3
652.0	2.213e3
653.0	2.117e3
653.9	2.273e3
654.8	1.263e3
655.6	2.001e3
656.3	9.360e2
657.1	2.967e4
658.1	4.809e3
659.1	3.844e3
659.9	1.418e3
660.8	3.085e3
661.3	5.800e1
661.9	2.525e3
662.5	2.620e2
663.1	2.503e3
664.0	2.489e3
664.5	1.590e2
665.1	2.285e3
665.6	3.500e1
666.1	1.771e3
666.7	3.390e2
667.2	4.068e3
668.2	1.798e3
668.7	2.200e1
669.2	4.351e3
670.1	3.233e3
671.0	3.351e3
671.9	2.704e3
672.5	7.200e1
673.1	4.036e3
674.1	3.256e3
675.1	3.292e3
676.0	2.032e3
677.0	3.139e3
678.0	2.736e3
678.6	4.000e0
679.1	2.779e3
680.0	3.367e3
681.0	3.096e3
681.6	1.840e2
682.2	1.941e3
683.1	4.936e3
683.7	9.600e2
684.4	2.889e3
685.1	1.376e3
685.9	4.035e3
686.4	2.230e2
686.9	1.849e3
687.8	2.721e3
688.4	1.150e2
689.0	3.708e3
689.9	3.060e3
690.7	1.650e3
691.5	2.755e3
692.1	5.670e2
692.9	3.773e3
693.9	2.916e3
694.9	2.293e3
695.5	7.840e2
696.2	8.861e3
697.1	3.014e3
698.0	2.711e3
698.9	6.756e3
699.8	3.086e3
700.8	2.568e3
701.8	2.415e3
702.4	4.120e2
703.0	2.319e3
703.9	2.221e3
704.5	2.000e1
705.0	2.435e3
705.8	8.800e2
706.6	2.430e3
707.6	2.949e3
708.1	1.830e2
708.7	3.208e3
709.6	2.001e3
710.2	8.950e2
710.8	3.296e3
711.9	2.747e3
712.9	2.283e3
713.6	3.908e3
714.3	3.780e2
714.9	6.454e3
715.9	3.551e3
716.8	1.975e3
717.6	3.177e3
718.3	7.500e2
719.0	4.508e3
719.5	1.870e2
720.1	2.554e3
721.0	1.554e3
721.7	3.089e3
722.5	1.457e3
723.2	3.117e3
724.1	1.482e3
725.1	2.219e4
726.0	5.336e3
726.6	5.350e2
727.2	3.228e3
727.7	8.100e1
728.2	4.012e3
729.2	2.245e3
730.1	3.334e3
730.8	1.720e3
731.6	3.283e3
732.4	2.522e3
733.1	9.590e2
733.9	3.350e3
734.5	3.510e2
735.1	3.937e3
736.0	2.355e3
737.0	3.169e3
738.0	4.110e3
739.0	3.290e3
739.5	8.200e1
740.0	2.161e3
740.9	3.365e3
741.7	4.179e3
742.7	2.712e3
743.3	2.900e2
743.8	2.015e3
744.6	5.436e3
745.1	1.300e1
745.7	4.324e3
746.3	3.660e2
746.8	3.373e3
747.7	2.867e3
748.3	2.000e1
748.8	2.738e3
749.7	3.377e3
750.4	6.730e2
751.1	4.036e3
752.0	2.307e3
752.5	4.100e1
753.0	2.183e3
754.0	2.476e3
755.0	2.950e3
755.9	2.698e3
756.5	1.110e2
757.0	3.450e3
758.0	2.391e3
759.0	2.884e3
759.9	1.663e3
760.9	3.649e3
761.8	2.205e3
762.4	1.340e2
763.0	3.129e3
763.5	1.430e2
764.0	8.651e3
765.0	2.991e3
766.0	1.559e3
766.6	1.630e2
767.1	5.330e3
768.0	2.941e3
768.5	1.500e1
769.0	2.441e3
769.7	8.160e2
770.4	1.716e3
771.3	2.030e3
771.9	2.350e2
772.6	3.298e3
773.6	1.825e3
774.3	6.280e2
775.0	2.674e3
775.6	9.700e1
776.1	2.611e3
777.0	3.322e3
777.9	2.648e3
778.5	1.870e2
779.0	2.649e3
780.0	3.069e3
781.0	2.998e3
781.5	5.520e2
782.1	1.706e3
782.8	1.003e3
783.5	3.568e3
784.3	1.285e3
785.1	4.074e3
786.1	2.683e3
786.9	3.366e3
787.9	1.874e3
788.8	1.929e3
789.6	3.216e3
790.3	9.270e2
791.1	3.276e3
792.0	2.854e3
792.5	2.580e2
793.1	1.661e4
794.0	4.289e3
794.7	9.070e2
795.4	3.867e3
796.2	1.641e3
797.1	2.992e3
798.1	2.966e3
798.8	5.430e2
799.5	3.346e3
800.2	1.375e3
801.1	2.447e3
802.0	1.944e3
802.6	7.300e1
803.1	3.289e3
804.0	2.367e3
804.9	3.337e3
805.4	3.510e2
805.9	3.342e3
806.9	2.079e3
807.8	3.264e3
808.4	3.420e2
809.1	3.669e3
810.0	3.051e3
811.0	2.620e3
812.0	2.128e3
812.8	3.204e3
813.8	2.769e3
814.4	5.290e2
815.1	2.855e3
816.0	1.568e3
816.9	2.521e3
817.5	7.100e1
818.0	2.456e3
819.0	5.023e3
820.0	2.475e3
820.6	2.750e2
821.2	3.130e3
822.1	2.094e3
823.1	3.720e3
824.0	2.001e3
824.9	4.348e3
825.5	1.760e2
826.1	2.851e3
826.7	1.810e2
827.3	3.820e3
828.0	1.909e3
828.9	2.427e3
829.9	2.103e3
830.5	4.930e2
831.1	3.298e3
832.1	5.237e3
832.9	3.076e3
833.5	2.300e2
834.0	2.317e3
834.6	6.000e1
835.1	2.930e3
836.1	2.640e3
836.7	1.300e2
837.3	1.946e3
838.0	5.820e2
838.7	3.279e3
839.4	4.980e2
840.1	2.773e3
841.1	2.952e3
842.1	2.161e3
843.0	1.815e3
843.9	2.354e3
844.5	1.520e2
845.0	3.111e3
845.7	1.199e3
846.5	2.903e3
847.1	1.397e3
847.9	3.801e3
848.4	1.060e2
849.0	2.970e3
849.8	1.954e3
850.5	4.430e2
851.2	4.826e3
852.1	1.613e3
853.1	2.448e3
854.0	1.972e3
854.5	8.100e1
855.0	2.872e3
855.9	2.204e3
856.9	2.287e3
857.4	1.580e2
857.9	2.912e3
858.5	2.900e1
859.0	2.327e3
860.0	2.411e3
860.6	9.700e1
861.1	1.105e4
862.1	4.665e3
862.8	1.212e3
863.5	3.234e3
864.2	4.280e2
864.8	4.165e3
865.3	6.600e1
865.9	3.051e3
866.4	8.200e1
867.0	3.421e3
867.5	2.510e2
868.1	2.831e3
869.1	2.614e3
869.7	4.390e2
870.3	1.809e3
871.2	3.416e3
872.1	2.289e3
872.7	2.930e2
873.3	4.173e3
874.1	1.523e3
874.8	2.441e3
875.8	2.034e3
876.4	2.790e2
877.0	3.529e3
878.0	2.718e3
878.9	3.073e3
879.8	1.420e3
880.7	5.309e3
881.3	6.400e1
881.8	2.072e3
882.3	2.340e2
882.9	2.240e3
883.6	7.680e2
884.3	2.944e3
884.9	4.420e2
885.5	3.155e3
886.3	1.484e3
887.1	4.203e3
887.9	1.737e3
888.6	3.142e3
889.3	6.070e2
890.0	2.609e3
890.6	1.570e2
891.2	2.706e3
891.9	1.405e3
892.7	1.869e3
893.5	4.199e3
894.3	1.283e3
895.2	3.652e3
896.1	2.101e3
896.8	2.360e2
897.5	2.943e3
898.4	2.424e3
899.3	1.830e3
900.1	5.721e3
901.2	3.521e3
901.7	7.000e0
902.2	2.195e3
903.2	3.715e3
904.0	1.392e3
904.8	3.449e3
905.6	1.457e3
906.5	3.160e3
907.5	2.303e3
908.0	7.000e1
908.5	4.035e3
909.4	2.167e3
910.4	2.879e3
911.1	8.390e2
911.8	1.920e3
912.3	9.900e1
912.9	3.260e3
913.5	4.720e2
914.1	3.084e3
915.1	2.604e3
916.0	2.953e3
917.0	2.624e3
917.6	1.860e2
918.1	2.405e3
918.8	3.220e2
919.3	5.000e3
920.2	2.118e3
921.0	2.076e3
922.0	2.975e3
922.5	7.800e1
923.0	3.260e3
923.6	3.800e1
924.1	2.768e3
924.8	6.280e2
925.4	2.197e3
926.1	1.117e3
926.8	2.621e3
927.4	4.060e2
928.0	2.883e3
928.5	3.550e2
929.1	1.197e4
930.1	3.933e3
930.8	6.030e2
931.4	3.795e3
932.2	1.312e3
933.0	2.953e3
933.6	1.430e2
934.1	3.251e3
934.7	1.090e2
935.2	2.529e3
936.2	3.231e3
936.9	4.740e2
937.5	2.460e3
938.2	5.440e2
939.0	3.949e3
939.9	2.702e3
940.6	3.340e2
941.3	3.224e3
941.9	1.640e2
942.5	2.094e3
943.4	2.957e3
944.3	1.349e3
945.0	3.477e3
945.5	6.400e1
946.1	2.350e3
947.1	3.198e3
947.7	1.790e2
948.2	2.681e3
949.1	3.744e3
950.1	3.750e3
950.7	4.980e2
951.3	2.829e3
952.2	1.860e3
953.1	2.706e3
954.1	1.501e3
955.0	5.207e3
955.9	3.523e3
956.5	2.270e2
957.1	3.308e3
957.6	7.700e1
958.2	2.773e3
959.1	1.905e3
960.0	3.416e3
960.5	5.600e1
961.0	2.571e3
962.0	3.143e3
962.7	6.160e2
963.3	5.107e3
964.2	2.218e3
965.1	1.983e3
965.8	1.513e3
966.4	1.510e2
966.9	3.378e3
967.5	1.240e2
968.1	4.811e3
969.0	3.603e3
969.6	1.980e2
970.1	2.440e3
970.7	2.010e2
971.2	4.500e3
971.9	7.760e2
972.6	3.289e3
973.3	4.840e2
973.9	3.287e3
974.6	1.021e3
975.3	3.231e3
976.1	2.238e3
976.7	1.080e2
977.2	2.660e3
977.9	6.950e2
978.4	3.460e3
979.0	2.520e2
979.6	3.027e3
980.3	1.118e3
981.2	3.320e3
981.9	7.910e2
982.7	5.327e3
983.7	3.808e3
984.3	1.588e3
985.1	3.019e3
986.0	1.282e3
986.9	3.104e3
987.9	3.197e3
988.5	4.320e2
989.1	2.903e3
990.0	2.519e3
990.9	1.755e3
991.8	2.822e3
992.4	8.530e2
993.2	3.153e3
994.0	1.500e3
994.8	2.321e3
995.7	2.978e3
996.5	1.073e3
997.2	8.057e3
998.1	3.695e3
999.0	2.481e3
999.6	4.230e2
1000.2	2.631e3
1001.1	2.176e3
1002.1	2.378e3
1003.0	3.272e3
1003.7	8.740e2
1004.4	2.984e3
1005.1	6.160e2
1005.8	2.797e3
1006.4	4.480e2
1007.0	2.856e3
1007.9	2.454e3
1008.8	2.136e3
1009.4	2.290e2
1010.1	2.853e3
1010.7	8.200e1
1011.2	3.929e3
1011.7	3.800e1
1012.2	2.570e3
1013.1	4.426e3
1014.1	2.331e3
1014.7	2.760e2
1015.3	3.081e3
1016.0	6.220e2
1016.6	3.403e3
1017.2	1.820e2
1017.7	3.848e3
1018.3	2.410e2
1018.9	2.700e3
1019.6	9.900e2
1020.3	2.918e3
1021.3	3.307e3
1022.3	2.188e3
1023.1	4.812e3
1023.9	1.774e3
1024.6	2.829e3
1025.4	5.770e2
1026.0	3.153e3
1027.0	4.141e3
1027.9	1.840e3
1028.8	1.972e3
1029.7	3.388e3
1030.3	2.580e2
1030.8	1.751e3
1031.6	3.906e3
1032.2	3.120e2
1032.7	2.773e3
1033.5	2.000e3
1034.5	3.668e3
1035.3	1.308e3
1036.0	4.888e3
1037.0	2.288e3
1038.1	2.592e3
1039.1	3.643e3
1039.6	1.350e2
1040.2	2.923e3
1041.2	2.844e3
1042.0	1.316e3
1043.0	2.140e3
1044.0	3.449e3
1044.9	3.318e3
1045.4	1.540e2
1046.0	2.594e3
1046.8	1.177e3
1047.7	2.283e3
1048.7	1.686e3
1049.7	2.068e3
1050.6	3.873e3
1051.3	7.860e2
1052.0	2.447e3
1052.9	2.428e3
1053.9	3.851e3
1054.5	5.950e2
1055.1	4.083e3
1056.0	1.762e3
1056.5	2.530e2
1057.1	2.172e3
1057.9	2.793e3
1059.0	3.004e3
1059.7	8.390e2
1060.3	2.593e3
1061.3	2.777e3
1061.9	6.560e2
1062.5	4.262e3
1063.3	1.412e3
1064.1	2.396e3
1065.1	7.848e3
1066.0	3.684e3
1067.0	3.294e3
1067.8	1.269e3
1068.6	3.211e3
1069.6	3.181e3
1070.2	1.218e3
1070.9	3.407e3
1071.8	1.249e3
1072.6	2.914e3
1073.3	8.750e2
1073.9	2.693e3
1074.5	4.400e2
1075.1	2.503e3
1076.1	2.237e3
1077.0	3.498e3
1077.6	5.230e2
1078.2	3.296e3
1079.0	1.560e3
1080.1	2.366e3
1081.1	3.325e3
1081.7	5.040e2
1082.3	2.963e3
1083.3	2.078e3
1084.0	9.000e2
1084.7	4.350e3
1085.4	1.369e3
1086.1	2.601e3
1087.0	3.134e3
1087.9	2.222e3
1088.5	2.340e2
1089.2	1.320e3
1090.2	2.452e3
1091.0	1.804e3
1091.8	3.020e3
1092.4	1.000e1
1092.9	3.533e3
1093.7	1.047e3
1094.4	3.597e3
1095.3	2.413e3
1095.9	2.140e2
1096.6	2.019e3
1097.6	1.431e3
1098.4	2.915e3
1099.4	5.289e3
1100.3	3.647e3
1101.2	2.329e3
1101.9	1.182e3
1102.8	2.935e3
1103.5	9.830e2
1104.3	4.330e3
1105.2	2.698e3
1106.3	2.468e3
1106.9	5.390e2
1107.6	3.566e3
1108.1	2.580e2
1108.7	2.900e3
1109.2	2.760e2
1109.8	2.041e3
1110.6	3.456e3
1111.5	1.829e3
1112.4	3.677e3
1113.2	2.017e3
1114.1	1.997e3
1115.0	3.537e3
1115.8	1.068e3
1116.5	2.682e3
1117.1	9.100e1
1117.6	2.738e3
1118.3	4.480e2
1118.9	3.934e3
1119.9	3.500e3
1120.7	1.346e3
1121.5	2.929e3
1122.2	1.011e3
1123.0	2.911e3
1123.9	2.655e3
1124.5	2.030e2
1125.1	2.284e3
1125.7	7.000e1
1126.2	2.954e3
1126.7	2.030e2
1127.3	2.588e3
1128.3	3.129e3
1129.3	2.209e3
1130.2	2.204e3
1131.2	2.700e3
1131.8	8.500e1
1132.3	2.977e3
1133.3	6.607e3
1134.1	2.196e3
1135.0	3.205e3
1135.5	1.530e2
1136.0	3.050e3
1137.0	2.719e3
1137.6	1.990e2
1138.1	2.833e3
1138.8	6.990e2
1139.5	2.850e3
1140.5	2.493e3
1141.1	2.490e2
1141.7	2.485e3
1142.3	5.900e1
1142.9	2.789e3
1143.5	5.010e2
1144.1	2.368e3
1144.8	2.620e2
1145.4	3.715e3
1146.4	2.731e3
1147.2	2.282e3
1148.1	3.212e3
1148.6	5.300e1
1149.1	3.098e3
1150.1	2.675e3
1150.6	6.800e1
1151.2	1.348e3
1152.0	2.676e3
1152.9	3.238e3
1153.5	2.130e2
1154.1	3.974e3
1155.0	3.056e3
1156.0	3.008e3
1156.9	1.884e3
1157.8	3.668e3
1158.4	5.510e2
1159.1	2.921e3
1159.9	1.124e3
1160.8	3.262e3
1161.5	1.366e3
1162.3	4.626e3
1163.1	1.368e3
1163.9	1.547e3
1164.9	1.605e3
1165.4	1.130e2
1166.0	1.760e3
1166.9	2.998e3
1167.9	2.566e3
1168.6	1.316e3
1169.4	2.660e3
1169.9	4.070e2
1170.5	1.767e3
1171.4	3.072e3
1172.3	4.668e3
1173.2	1.052e3
1174.0	2.807e3
1174.5	2.100e1
1175.0	2.542e3
1175.7	7.560e2
1176.4	2.552e3
1176.9	6.000e0
1177.4	3.731e3
1178.1	1.884e3
1179.1	1.915e3
1179.7	6.710e2
1180.3	2.112e3
1181.1	1.017e3
1182.0	3.121e3
1182.6	5.630e2
1183.2	2.203e3
1184.2	3.632e3
1185.1	2.925e3
1185.8	1.047e3
1186.5	4.609e3
1187.0	6.100e1
1187.5	3.163e3
1188.2	1.133e3
1189.0	3.268e3
1189.9	1.755e3
1190.9	2.961e3
1191.4	1.860e2
1192.0	2.717e3
1192.5	1.660e2
1193.0	2.869e3
1193.9	1.877e3
1194.5	6.400e1
1195.1	2.964e3
1195.8	1.386e3
1196.6	3.324e3
1197.2	1.440e2
1197.9	2.533e3
1198.6	2.690e2
1199.1	3.010e3
1200.0	1.211e3
1200.6	2.880e2
1201.2	5.482e3
1201.7	6.580e2
1202.4	4.717e3
1203.4	1.979e3
1204.0	4.840e2
1204.6	3.256e3
1205.2	5.190e2
1205.8	2.636e3
1206.8	2.129e3
1207.8	2.661e3
1208.5	1.166e3
1209.3	2.936e3
1210.3	3.902e3
1211.0	1.340e3
1211.7	2.131e3
1212.7	2.711e3
1213.7	2.738e3
1214.6	3.700e3
1215.2	3.440e2
1215.9	2.545e3
1216.5	6.850e2
1217.3	2.611e3
1218.2	1.744e3
1218.9	5.700e2
1219.5	2.471e3
1220.2	8.680e2
1220.9	2.702e3
1221.9	2.478e3
1222.6	9.960e2
1223.2	3.410e3
1223.8	3.270e2
1224.4	2.350e3
1225.0	5.960e2
1225.6	2.976e3
1226.4	1.422e3
1227.2	3.227e3
1228.2	1.228e3
1229.1	2.873e3
1230.1	2.641e3
1230.9	1.072e3
1231.6	2.459e3
1232.5	2.643e3
1233.5	2.648e3
1234.0	6.500e1
1234.7	3.031e3
1235.6	2.096e3
1236.3	1.353e3
1237.3	2.649e3
1237.9	4.880e2
1238.6	2.511e3
1239.3	2.020e2
1239.9	2.816e3
1240.8	2.949e3
1241.4	1.240e2
1241.9	1.954e3
1242.6	1.299e3
1243.4	2.965e3
1244.4	2.005e3
1245.0	3.200e2
1245.5	2.268e3
1246.3	1.054e3
1247.0	2.579e3
1247.9	1.953e3
1248.8	2.983e3
1249.4	5.690e2
1250.0	2.639e3
1251.0	1.842e3
1251.6	3.490e2
1252.2	2.726e3
1252.8	3.380e2
1253.4	2.016e3
1254.1	1.283e3
1254.9	3.895e3
1255.6	7.360e2
1256.3	2.665e3
1256.8	6.000e1
1257.3	2.289e3
1258.0	2.740e2
1258.7	3.806e3
1259.3	2.450e2
1259.9	3.109e3
1260.8	2.417e3
1261.5	2.870e2
1262.1	2.216e3
1263.1	2.954e3
1263.9	1.636e3
1264.9	2.456e3
1265.8	1.515e3
1266.6	5.480e2
1267.3	2.271e3
1268.2	1.933e3
1269.2	5.071e3
1270.1	2.813e3
1270.6	1.100e2
1271.1	2.713e3
1271.7	5.090e2
1272.4	2.469e3
1272.9	8.900e1
1273.4	3.471e3
1274.0	3.530e2
1274.6	2.439e3
1275.4	9.780e2
1276.1	2.548e3
1276.8	6.850e2
1277.6	2.634e3
1278.3	5.270e2
1279.0	2.439e3
1280.0	2.374e3
1281.0	2.529e3
1281.7	4.260e2
1282.2	3.297e3
1283.2	2.235e3
1283.8	1.730e2
1284.3	1.821e3
1285.1	1.303e3
1286.0	3.015e3
1286.6	8.040e2
1287.3	2.600e3
1287.9	3.400e2
1288.5	3.696e3
1289.2	8.010e2
1290.0	2.008e3
1290.9	2.916e3
1292.0	2.085e3
1292.5	9.000e1
1293.0	3.163e3
1293.9	1.783e3
1294.5	1.110e2
1295.0	2.965e3
1295.5	5.800e1
1296.0	2.930e3
1296.5	1.900e1
1297.0	2.312e3
1298.0	2.375e3
1298.6	4.110e2
1299.3	2.447e3
1300.2	2.784e3
1300.7	6.000e0
1301.2	2.766e3
1301.8	1.960e2
1302.4	2.468e3
1303.0	1.910e2
1303.5	3.118e3
1304.5	2.564e3
1305.5	2.802e3
1306.1	5.030e2
1306.7	3.485e3
1307.6	1.229e3
1308.3	3.038e3
1309.4	2.843e3
1310.0	3.860e2
1310.8	2.866e3
1311.7	2.405e3
1312.3	5.200e2
1312.9	2.595e3
1313.5	4.000e2
1314.2	3.152e3
1315.0	1.429e3
1315.9	3.011e3
1316.9	2.508e3
1317.5	4.890e2
1318.1	1.948e3
1319.0	7.380e2
1319.7	3.418e3
1320.5	1.553e3
1321.4	1.670e3
1322.4	2.435e3
1323.1	1.156e3
1323.9	3.006e3
1324.8	1.831e3
1325.7	2.932e3
1326.6	1.498e3
1327.4	3.172e3
1328.2	8.420e2
1328.9	2.789e3
1329.5	2.970e2
1330.0	1.822e3
1330.9	2.740e3
1331.6	9.680e2
1332.3	2.748e3
1332.9	3.550e2
1333.5	3.208e3
1334.5	2.152e3
1335.2	8.850e2
1335.9	2.549e3
1336.6	4.880e2
1337.2	3.249e3
1338.2	2.391e3
1339.1	2.376e3
1339.8	9.760e2
1340.7	2.125e3
1341.4	9.420e2
1342.0	3.278e3
1342.7	5.700e2
1343.4	2.525e3
1344.0	1.600e1
1344.5	2.457e3
1345.3	8.340e2
1345.9	1.921e3
1346.7	5.470e2
1347.4	1.892e3
1348.0	2.550e2
1348.6	3.018e3
1349.4	9.030e2
1350.0	2.020e3
1350.8	4.620e2
1351.5	3.241e3
1352.0	3.950e2
1352.7	2.860e3
1353.6	1.376e3
1354.6	3.792e3
1355.4	8.500e2
1356.2	2.544e3
1356.8	3.800e1
1357.4	2.307e3
1358.0	1.260e3
1358.8	2.114e3
1359.4	2.200e1
1359.9	2.710e3
1360.8	2.593e3
1361.8	2.617e3
1362.3	4.200e1
1362.8	3.692e3
1363.6	1.574e3
1364.5	1.817e3
1365.3	2.667e3
1366.1	7.410e2
1366.9	2.000e3
1367.8	2.420e3
1368.8	1.821e3
1369.7	2.976e3
1370.6	2.360e3
1371.6	2.828e3
1372.2	8.140e2
1372.9	2.491e3
1374.0	2.341e3
1374.7	1.416e3
1375.4	1.164e3
1376.2	3.503e3
1376.8	7.040e2
1377.5	3.680e3
1378.0	3.700e1
1378.6	2.023e3
1379.5	2.375e3
1380.1	4.010e2
1380.8	2.831e3
1381.7	1.429e3
1382.5	3.227e3
1383.1	6.900e1
1383.6	2.613e3
1384.1	2.260e2
1384.7	3.084e3
1385.5	1.265e3
1386.4	1.619e3
1387.3	2.779e3
1387.9	6.040e2
1388.6	2.628e3
1389.2	2.200e2
1389.7	2.110e3
1390.4	5.400e1
1390.9	3.361e3
1391.5	3.400e2
1392.1	2.432e3
1393.1	1.443e3
1394.0	2.185e3
1394.7	7.450e2
1395.5	3.211e3
1396.0	2.980e2
1396.5	1.467e3
1397.4	2.532e3
1398.3	2.044e3
1399.2	2.942e3
1400.1	1.936e3
1400.9	8.710e2
1401.6	2.493e3
1402.2	1.490e2
1402.8	2.185e3
1403.3	1.100e1
1403.8	2.743e3
1404.4	3.490e2
1405.0	3.509e3
1406.0	2.034e3
1406.9	1.548e3
1407.8	2.445e3
1408.4	5.010e2
1409.0	1.884e3
1409.6	2.500e2
1410.2	2.212e3
1411.1	2.087e3
1412.1	2.850e3
1413.2	2.439e3
1414.1	2.140e3
1415.0	2.526e3
1415.8	1.870e3
1416.4	4.670e2
1417.1	2.378e3
1418.0	3.132e3
1418.5	2.520e2
1419.0	2.152e3
1419.9	1.998e3
1420.6	5.000e2
1421.2	2.801e3
1422.2	1.061e3
1423.0	2.809e3
1423.9	1.877e3
1424.5	2.820e2
1425.0	3.253e3
1425.9	1.898e3
1426.8	3.157e3
1427.4	3.630e2
1428.1	2.446e3
1429.0	2.688e3
1429.8	8.460e2
1430.6	1.372e3
1431.5	2.845e3
1432.1	1.070e2
1432.6	2.051e3
1433.6	2.751e3
1434.1	5.400e1
1434.6	2.303e3
1435.2	5.530e2
1435.8	3.006e3
1436.4	3.050e2
1437.0	2.509e3
1437.8	9.410e2
1438.6	1.571e3
1439.4	1.524e3
1440.3	2.492e3
1441.2	2.112e3
1442.2	1.628e3
1442.7	6.000e1
1443.3	2.126e3
1444.2	2.172e3
1445.1	1.382e3
1445.8	2.287e3
1446.4	8.400e1
1446.9	2.678e3
1447.5	3.480e2
1448.2	2.365e3
1448.9	1.123e3
1449.7	2.932e3
1450.6	2.394e3
1451.3	6.980e2
1452.0	2.220e3
1452.9	1.520e3
1453.7	2.341e3
1454.6	1.513e3
1455.5	1.589e3
1456.5	2.075e3
1457.1	1.920e2
1457.8	3.383e3
1458.5	7.050e2
1459.2	1.824e3
1460.1	2.391e3
1461.1	2.584e3
1462.0	1.011e3
1462.8	3.230e3
1463.5	1.277e3
1464.3	3.304e3
1465.2	2.931e3
1466.1	1.313e3
1467.1	2.385e3
1468.0	1.474e3
1468.5	4.000e0
1469.0	2.398e3
1470.0	1.990e3
1470.9	1.639e3
1471.4	3.300e1
1472.0	2.385e3
1472.6	7.560e2
1473.3	3.367e3
1473.8	8.400e1
1474.4	2.176e3
1475.1	7.480e2
1475.7	2.744e3
1476.5	1.275e3
1477.3	2.048e3
1478.3	2.804e3
1478.9	2.500e1
1479.4	2.432e3
1480.2	2.143e3
1481.1	1.787e3
1481.7	2.890e2
1482.3	2.335e3
1483.4	2.099e3
1484.3	3.823e3
1484.9	2.470e2
1485.4	2.119e3
1486.4	1.062e3
1487.3	2.981e3
1488.1	1.001e3
1488.8	2.956e3
1489.5	9.320e2
1490.3	2.510e3
1491.2	1.948e3
1491.8	4.050e2
1492.4	2.602e3
1493.1	9.350e2
1493.8	2.256e3
1494.4	3.840e2
1495.1	2.473e3
1495.7	1.000e2
1496.3	2.747e3
1497.1	1.862e3
1498.1	2.232e3
1499.1	1.503e3
1499.9	1.258e3
1500.7	2.433e3
1501.5	1.264e3
1502.4	2.927e3
1503.3	1.371e3
1504.0	1.510e2
1504.5	2.805e3
1505.2	5.250e2
1505.9	2.970e3
1506.5	2.180e2
1507.1	2.334e3
1507.7	2.560e2
1508.3	1.842e3
1509.3	1.590e3
1510.1	3.178e3
1510.6	7.500e1
1511.1	2.394e3
1512.1	2.579e3
1512.9	1.598e3
1513.5	5.590e2
1514.3	2.522e3
1515.0	4.090e2
1515.7	2.408e3
1516.2	3.300e1
1516.7	1.956e3
1517.6	2.494e3
1518.6	2.517e3
1519.6	2.621e3
1520.1	1.460e2
1520.8	2.392e3
1521.8	2.010e3
1522.6	1.513e3
1523.3	2.547e3
1524.1	8.320e2
1524.8	2.212e3
1525.9	1.540e3
1526.4	1.700e1
1526.9	2.059e3
1527.9	2.435e3
1528.5	2.870e2
1529.1	2.950e3
1529.9	1.296e3
1530.8	2.533e3
1531.5	7.450e2
1532.3	2.359e3
1533.1	1.183e3
1534.1	2.661e3
1534.7	2.390e2
1535.4	1.258e3
1536.2	2.407e3
1536.8	3.940e2
1537.5	2.386e3
1538.4	1.790e3
1539.0	4.230e2
1539.6	2.547e3
1540.4	6.100e2
1541.1	3.244e3
1541.7	6.970e2
1542.5	2.620e3
1543.1	6.530e2
1544.1	1.784e3
1544.8	5.150e2
1545.5	1.730e3
1546.0	3.700e1
1546.5	1.316e3
1547.4	3.048e3
1547.9	9.000e0
1548.4	2.129e3
1549.4	1.461e3
1550.2	1.121e3
1551.1	2.160e3
1551.6	2.700e1
1552.1	2.163e3
1553.1	2.186e3
1554.1	1.993e3
1554.9	1.089e3
1555.7	2.370e3
1556.4	2.760e2
1557.0	2.427e3
1557.7	5.060e2
1558.3	2.106e3
1559.2	1.879e3
1559.7	5.300e1
1560.3	9.700e2
1561.0	1.690e3
1562.0	1.144e3
1562.7	1.923e3
1563.7	1.582e3
1564.5	2.397e3
1565.5	1.593e3
1566.4	2.415e3
1567.0	4.720e2
1567.7	2.493e3
1568.8	2.922e3
1569.6	1.379e3
1570.6	3.069e3
1571.6	1.539e3
1572.6	2.106e3
1573.3	5.100e2
1574.0	1.797e3
1574.7	2.090e2
1575.3	2.358e3
1576.0	6.880e2
1576.8	2.255e3
1577.7	1.663e3
1578.2	5.200e1
1578.7	1.978e3
1579.7	2.195e3
1580.7	2.225e3
1581.5	4.920e2
1582.1	2.041e3
1582.8	2.510e2
1583.6	2.654e3
1584.5	1.160e3
1585.3	8.470e2
1586.1	2.345e3
1586.8	5.010e2
1587.6	2.144e3
1588.5	9.540e2
1589.2	8.660e2
1590.0	1.225e3
1590.8	2.423e3
1591.9	2.747e3
1592.5	7.290e2
1593.2	1.578e3
1593.8	2.290e2
1594.5	2.017e3
1595.4	1.741e3
1596.0	3.100e1
1596.5	1.614e3
1597.1	1.980e2
1597.6	2.563e3
1598.2	4.430e2
1598.8	2.090e3
1599.6	1.203e3
1600.4	2.311e3
1601.0	7.090e2
1601.8	2.430e3
1602.3	2.240e2
1602.9	2.088e3
1603.9	2.156e3
1604.5	4.510e2
1605.2	1.988e3
1605.7	3.930e2
1606.3	2.481e3
1607.0	3.580e2
1607.7	1.861e3
1608.5	7.850e2
1609.3	3.445e3
1610.1	6.700e2
1610.9	2.238e3
1611.8	1.605e3
1612.7	1.334e3
1613.5	2.731e3
1614.1	3.710e2
1614.7	3.202e3
1615.2	9.300e1
1615.8	1.636e3
1616.4	2.930e2
1617.1	1.484e3
1617.9	2.398e3
1618.5	3.420e2
1619.2	2.211e3
1620.2	1.937e3
1620.7	1.530e2
1621.3	2.353e3
1622.1	1.155e3
1622.9	2.067e3
1623.6	2.470e2
1624.1	1.825e3
1625.0	2.007e3
1625.5	3.800e1
1626.1	1.990e3
1626.9	1.113e3
1627.5	2.140e2
1628.1	2.389e3
1629.0	2.038e3
1629.6	3.800e2
1630.3	2.211e3
1630.8	3.140e2
1631.4	2.515e3
1631.9	5.400e1
1632.5	2.191e3
1633.0	4.810e2
1633.7	1.662e3
1634.4	9.840e2
1635.2	1.890e3
1635.8	3.500e1
1636.3	2.929e3
1637.1	5.220e2
1637.9	1.773e3
1638.8	2.847e3
1639.6	1.192e3
1640.5	2.231e3
1641.4	1.697e3
1642.4	1.472e3
1643.3	1.719e3
1644.3	1.763e3
1645.2	1.316e3
1646.1	1.520e3
1646.7	4.170e2
1647.4	2.226e3
1648.0	1.190e2
1648.7	1.647e3
1649.2	2.090e2
1649.8	1.164e3
1650.5	4.210e2
1651.3	1.621e3
1652.2	1.517e3
1653.2	1.497e3
1654.0	1.382e3
1654.5	2.400e1
1655.1	1.854e3
1655.6	1.090e2
1656.2	1.428e3
1656.7	7.900e1
1657.3	1.441e3
1658.3	1.195e3
1659.0	8.010e2
1659.6	5.500e1
1660.3	1.541e3
1661.2	1.016e3
1662.0	2.133e3
1663.1	1.424e3
1663.7	1.490e2
1664.2	2.800e3
1664.9	9.520e2
1665.5	1.550e2
1666.1	2.041e3
1667.0	2.016e3
1667.7	4.060e2
1668.4	1.383e3
1669.3	2.415e3
1670.2	1.402e3
1670.7	4.400e1
1671.2	1.886e3
1672.1	9.240e2
1673.1	1.408e3
1674.0	2.780e3
1674.8	1.043e3
1675.7	2.049e3
1676.6	1.106e3
1677.5	1.968e3
1678.0	2.270e2
1678.6	2.607e3
1679.3	7.560e2
1680.0	1.834e3
1680.7	5.660e2
1681.3	1.219e3
1682.3	1.001e3
1683.1	8.180e2
1683.8	2.460e3
1684.5	3.580e2
1685.1	1.188e3
1686.1	1.663e3
1686.7	3.170e2
1687.3	2.130e3
1688.3	1.058e3
1689.1	2.071e3
1689.8	2.540e2
1690.4	1.979e3
1691.0	8.300e1
1691.6	1.799e3
1692.3	5.450e2
1693.3	1.316e3
1693.8	1.240e2
1694.4	2.233e3
1695.5	1.244e3
1696.0	1.590e2
1696.5	1.651e3
1697.5	6.320e2
1698.3	2.020e3
1699.0	3.960e2
1699.7	2.163e3
1700.6	8.730e2
1701.4	1.493e3
1702.1	3.410e2
1702.8	2.015e3
1703.4	2.600e2
1703.9	1.322e3
1704.9	1.586e3
1705.9	1.827e3
1706.9	2.157e3
1707.8	1.104e3
1708.5	2.143e3
1709.1	2.990e2
1709.7	1.847e3
1710.3	3.700e1
1710.8	2.023e3
1711.8	1.414e3
1712.8	1.560e3
1713.7	7.060e2
1714.5	1.567e3
1715.1	1.580e2
1715.6	1.376e3
1716.5	1.959e3
1717.5	2.257e3
1718.4	1.835e3
1719.7	1.164e3
1720.4	2.980e2
1721.1	2.082e3
1721.9	3.840e2
1722.6	1.675e3
1723.5	1.275e3
1724.5	2.100e3
1725.4	6.980e2
1726.2	1.998e3
1727.0	1.000e3
1727.6	1.710e2
1728.3	9.650e2
1729.2	1.367e3
1730.2	2.004e3
1730.7	7.100e1
1731.3	1.528e3
1732.3	1.419e3
1733.2	1.285e3
1734.2	1.610e3
1734.8	2.160e2
1735.4	1.823e3
1736.2	1.736e3
1736.9	3.550e2
1737.6	1.063e3
1738.5	8.550e2
1739.5	2.931e3
1740.3	1.678e3
1741.0	3.930e2
1741.8	2.212e3
1742.5	1.080e2
1743.1	1.669e3
1743.7	2.500e1
1744.2	1.823e3
1744.8	1.730e2
1745.3	2.314e3
1746.1	1.079e3
1747.0	1.307e3
1748.1	1.259e3
1748.9	1.524e3
1749.7	5.290e2
1750.5	1.907e3
1751.1	6.500e1
1751.6	2.032e3
1752.2	2.230e2
1752.8	1.899e3
1753.8	1.995e3
1754.7	9.980e2
1755.5	2.012e3
1756.1	3.340e2
1756.8	1.891e3
1757.5	5.840e2
1758.1	1.320e3
1758.8	5.650e2
1759.4	2.125e3
1760.0	3.220e2
1760.7	8.650e2
1761.6	1.952e3
1762.3	4.410e2
1762.9	2.597e3
1763.7	1.027e3
1764.6	1.668e3
1765.2	2.830e2
1765.9	1.050e3
1766.7	1.518e3
1767.8	1.649e3
1768.8	2.173e3
1769.6	9.690e2
1770.2	1.450e2
1770.8	1.064e3
1771.3	3.400e1
1772.0	1.359e3
1772.7	3.380e2
1773.3	1.943e3
1774.0	2.250e2
1774.6	1.477e3
1775.3	4.060e2
1776.0	7.370e2
1776.8	2.008e3
1777.9	2.218e3
1778.8	7.480e2
1779.4	2.150e2
1780.2	1.258e3
1781.1	1.233e3
1781.7	2.980e2
1782.3	1.171e3
1782.9	6.900e1
1783.4	1.787e3
1784.5	1.895e3
1785.4	1.873e3
1786.3	1.176e3
1787.2	1.224e3
1788.2	1.132e3
1788.9	5.800e2
1789.6	7.630e2
1790.2	8.800e1
1790.8	1.703e3
1791.3	1.020e2
1791.9	9.910e2
1792.8	5.490e2
1793.8	1.332e3
1794.4	1.820e2
1795.0	1.370e3
1796.1	1.923e3
1796.8	2.980e2
1797.5	9.960e2
1798.3	1.080e3
1799.0	2.860e2
1799.8	9.600e2
1800.6	1.315e3
1801.2	2.750e2
1801.8	1.179e3
1802.6	1.307e3
1803.4	1.607e3
1804.4	1.077e3
1805.3	1.244e3
1806.2	9.500e2
1807.1	1.210e3
1808.0	1.148e3
1809.1	5.290e2
1809.6	1.200e1
1810.1	9.890e2
1811.2	1.457e3
1811.9	2.830e2
1812.5	8.970e2
1813.3	1.399e3
1814.3	2.136e3
1815.0	2.420e2
1815.6	2.334e3
1816.5	6.450e2
1817.4	1.551e3
1818.5	1.968e3
1819.2	7.770e2
1819.9	1.688e3
1820.6	2.150e2
1821.4	8.940e2
1822.2	1.432e3
1823.1	1.200e3
1823.7	6.000e1
1824.2	1.125e3
1825.0	1.652e3
1825.5	6.200e1
1826.1	1.152e3
1826.8	6.010e2
1827.5	1.277e3
1828.2	5.220e2
1829.1	1.191e3
1830.0	1.004e3
1830.6	1.180e2
1831.1	1.332e3
1831.6	4.800e1
1832.2	9.120e2
1832.9	5.680e2
1833.7	1.225e3
1834.5	1.562e3
1835.5	1.142e3
1836.1	1.500e1
1836.7	2.158e3
1837.4	3.670e2
1838.0	1.189e3
1838.6	2.580e2
1839.3	9.240e2
1839.9	2.840e2
1840.5	1.965e3
1841.4	9.420e2
1842.0	5.390e2
1842.5	1.456e3
1843.5	1.397e3
1844.5	1.621e3
1845.6	9.680e2
1846.6	8.020e2
1847.3	2.154e3
1847.9	1.200e2
1848.5	1.309e3
1849.1	4.700e1
1849.6	1.903e3
1850.3	1.860e2
1850.9	1.474e3
1851.5	2.900e1
1852.0	2.334e3
1852.9	5.510e2
1853.8	1.470e3
1854.8	1.417e3
1855.7	1.737e3
1856.7	5.760e2
1857.3	1.770e2
1857.9	9.500e2
1858.9	1.565e3
1859.8	1.363e3
1860.7	6.400e2
1861.4	4.930e2
1862.1	1.372e3
1863.0	5.480e2
1863.7	4.590e2
1864.4	1.291e3
1865.3	7.510e2
1866.1	1.869e3
1867.0	1.118e3
1867.9	1.059e3
1868.7	6.620e2
1869.6	7.390e2
1870.2	6.700e1
1870.8	1.350e3
1871.4	5.400e1
1872.0	1.511e3
1873.0	7.940e2
1873.9	1.383e3
1874.8	8.560e2
1875.8	8.930e2
1876.7	1.049e3
1877.5	4.830e2
1878.2	1.817e3
1878.9	7.000e1
1879.5	1.080e3
1880.0	4.000e0
1880.7	1.058e3
1881.4	2.730e2
1882.2	1.643e3
1882.8	4.410e2
1883.6	1.218e3
1884.5	1.090e3
1885.3	8.520e2
1886.2	1.327e3
1886.9	5.350e2
1887.6	2.163e3
1888.1	5.100e1
1888.7	1.571e3
1889.2	2.110e2
1889.8	1.079e3
1890.8	1.127e3
1891.7	9.060e2
1892.4	5.870e2
1893.1	1.480e3
1894.2	1.929e3
1894.8	8.460e2
1895.4	1.100e2
1896.0	1.061e3
1896.5	1.200e2
1897.1	4.150e2
1897.8	9.050e2
1898.6	5.810e2
1899.5	9.060e2
1900.4	1.245e3
1901.3	1.659e3
1902.2	1.740e3
1902.8	5.300e1
1903.3	1.206e3
1904.2	6.530e2
1905.1	6.390e2
1906.0	1.130e3
1906.9	1.367e3
1907.6	8.110e2
1908.4	2.169e3
1909.2	3.580e2
1909.9	9.370e2
1910.5	1.250e2
1911.2	1.280e3
1912.1	5.750e2
1913.1	1.736e3
1913.7	1.950e2
1914.4	7.450e2
1915.2	9.090e2
1916.1	2.083e3
1916.7	1.430e2
1917.4	1.027e3
1917.9	4.000e0
1918.5	1.152e3
1919.5	1.343e3
1920.3	3.030e2
1920.9	1.278e3
1921.9	1.574e3
1922.5	1.830e2
1923.2	1.818e3
1923.9	2.840e2
1924.6	1.087e3
1925.3	1.000e2
1925.9	9.120e2
1926.9	6.220e2
1927.4	4.200e1
1928.0	1.615e3
1928.7	1.770e2
1929.3	2.086e3
1930.0	1.960e2
1930.7	1.404e3
1931.6	5.200e2
1932.5	2.035e3
1933.0	2.400e2
1933.6	1.434e3
1934.3	2.770e2
1935.0	1.056e3
1936.0	1.677e3
1936.6	1.090e2
1937.2	1.722e3
1937.8	1.670e2
1938.5	1.602e3
1939.3	1.181e3
1939.8	2.300e1
1940.4	1.008e3
1941.4	1.399e3
1942.3	1.700e3
1942.9	1.960e2
1943.6	1.690e3
1944.5	2.940e2
1945.3	1.539e3
1946.2	1.062e3
1947.1	8.100e2
1947.6	1.860e2
1948.3	1.335e3
1949.0	3.190e2
1949.8	9.380e2
1950.5	2.200e2
1951.1	1.223e3
1951.7	8.000e0
1952.2	1.813e3
1953.0	1.091e3
1953.7	5.480e2
1954.3	1.560e2
1954.9	1.260e3
1955.5	3.000e1
1956.0	1.040e3
1956.5	2.770e2
1957.1	1.724e3
1957.7	2.160e2
1958.6	1.190e3
1959.5	6.360e2
1960.3	1.381e3
1961.0	3.080e2
1961.7	1.117e3
1962.4	1.000e2
1963.0	1.579e3
1963.7	4.630e2
1964.5	1.658e3
1965.2	2.860e2
1965.9	1.780e3
1966.8	1.124e3
1967.5	8.880e2
1968.3	7.340e2
1969.2	4.190e2
1970.0	1.479e3
1970.9	8.330e2
1971.7	1.136e3
1972.6	1.367e3
1973.3	1.610e2
1973.8	1.369e3
1974.7	1.033e3
1975.6	8.640e2
1976.6	1.311e3
1977.4	8.120e2
1978.5	1.190e3
1979.3	1.168e3
1980.0	2.070e2
1980.5	1.104e3
1981.1	4.000e0
1981.7	1.144e3
1982.4	4.080e2
1983.1	1.303e3
1983.8	7.700e1
1984.4	8.320e2
1985.4	8.670e2
1986.1	4.450e2
1987.0	1.818e3
1988.2	2.038e3
1988.8	1.490e2
1989.5	1.269e3
1990.4	5.030e2
1991.2	1.999e3
1991.7	5.900e1
1992.2	1.817e3
1992.8	5.440e2
1993.6	8.190e2
1994.7	1.333e3
1995.3	1.070e2
1995.8	1.891e3
1996.4	8.400e1
1997.1	9.810e2
1997.6	3.810e2
1998.2	1.873e3
1999.1	7.980e2
1999.8	3.170e2
