100.3	1.129e5
101.0	7.424e5
101.5	2.639e3
102.1	2.428e6
103.1	1.514e5
104.1	1.496e5
104.6	1.930e3
105.1	6.753e5
105.6	3.830e2
106.1	1.135e5
106.8	2.138e4
107.3	2.043e5
108.3	7.380e5
109.1	3.071e5
110.0	2.842e6
111.1	6.075e6
112.1	2.161e6
113.1	4.548e5
114.1	3.696e5
115.1	2.049e5
115.6	2.036e3
116.1	1.592e5
117.1	1.008e5
118.1	2.400e5
119.0	2.200e5
119.6	3.114e3
120.1	6.129e5
121.1	1.975e5
121.7	4.060e2
122.2	1.466e6
123.1	3.171e5
123.6	7.510e2
124.2	1.224e5
125.2	8.480e4
126.0	2.860e5
126.6	9.940e2
127.1	1.058e5
128.1	5.149e4
129.1	1.028e5
129.7	5.529e3
130.2	2.473e5
131.2	8.130e5
132.1	2.228e5
133.1	4.106e5
134.1	8.327e4
134.6	1.805e3
135.1	5.929e4
136.1	4.366e5
137.1	1.012e5
137.6	1.242e3
138.2	1.231e6
138.7	1.098e3
139.2	1.444e5
140.1	1.883e5
141.1	1.586e5
142.1	3.393e5
142.6	1.405e3
143.1	8.704e4
144.1	1.373e5
145.1	6.472e5
146.1	9.258e4
146.6	2.500e2
147.1	3.544e5
148.1	7.977e4
148.6	8.100e2
149.1	2.409e5
149.7	2.815e3
150.2	2.764e5
150.7	1.597e3
151.2	7.379e4
152.2	3.435e4
153.0	4.815e4
153.5	1.245e3
154.1	9.398e4
154.6	2.080e2
155.1	1.911e5
155.7	1.558e3
156.2	9.921e4
157.1	2.072e5
157.6	2.430e2
158.1	4.300e5
159.1	1.590e6
159.6	2.380e2
160.1	2.053e5
160.6	3.930e2
161.1	6.695e4
162.1	7.228e4
163.1	1.644e5
164.1	1.334e5
164.6	5.960e2
165.2	9.333e4
166.1	4.572e4
166.9	7.542e4
167.6	4.202e5
168.4	8.563e4
169.2	5.142e4
170.2	1.035e5
170.7	2.330e2
171.2	6.409e5
172.1	4.026e5
173.1	1.956e5
173.7	1.542e3
174.2	1.103e5
175.0	4.819e4
175.7	2.359e5
176.3	3.658e4
176.9	5.166e5
177.5	1.266e4
178.0	1.263e5
178.6	9.168e3
179.2	1.472e5
180.2	7.626e4
181.2	1.139e5
182.1	7.518e4
183.1	4.634e5
183.7	3.899e3
184.3	1.227e5
185.1	9.585e5
186.0	2.106e5
186.6	2.180e3
187.1	7.121e5
187.6	1.042e3
188.2	4.795e5
189.1	1.294e5
189.6	2.656e3
190.1	7.360e4
191.1	7.359e4
191.6	5.550e2
192.1	1.295e5
192.7	1.913e3
193.2	7.947e4
193.7	1.020e3
194.2	3.091e5
195.2	1.551e5
195.8	9.530e2
196.3	2.515e6
197.2	7.612e5
198.3	1.135e6
199.3	1.929e5
200.1	4.275e5
200.6	8.760e2
201.1	1.239e5
201.7	5.310e2
202.2	7.725e4
203.1	1.482e5
203.6	8.420e2
204.1	6.110e4
205.1	8.382e4
205.7	9.560e2
206.2	8.196e4
207.2	6.336e4
208.2	5.554e4
209.1	1.309e5
209.7	9.200e2
210.2	9.529e4
211.1	5.742e4
211.7	1.429e3
212.2	9.059e4
213.1	4.170e4
214.2	8.799e6
215.2	1.121e6
216.2	6.016e5
217.2	2.355e5
217.7	7.640e2
218.3	7.449e5
219.3	1.610e5
220.2	1.565e5
221.2	9.175e4
222.2	5.469e4
223.2	4.254e4
224.1	1.249e5
224.6	6.940e2
225.2	5.225e4
226.1	9.119e4
227.1	3.860e5
227.6	1.469e3
228.1	1.359e5
228.6	6.510e2
229.2	1.065e5
230.2	5.140e4
231.2	1.021e5
232.1	5.952e4
232.6	6.290e2
233.1	6.244e4
233.6	5.940e2
234.2	8.340e4
235.1	6.597e4
235.6	2.720e2
236.2	1.081e6
237.2	2.708e5
237.7	6.260e2
238.2	1.245e5
239.1	8.560e4
239.7	3.520e2
240.2	3.160e4
241.2	4.352e4
242.1	6.920e4
242.6	2.174e3
243.2	9.372e4
244.1	5.022e4
244.7	1.313e3
245.2	6.053e4
246.2	3.438e4
247.2	3.686e4
248.1	3.620e4
248.7	1.106e3
249.2	3.353e4
250.2	7.563e4
250.7	8.290e2
251.2	4.353e4
252.2	7.444e4
253.2	6.484e4
254.1	1.125e5
255.1	6.618e4
256.1	4.461e4
256.6	3.403e3
257.2	5.880e4
257.7	4.600e2
258.2	2.960e4
259.3	2.011e5
260.2	5.601e4
260.8	1.440e3
261.3	8.220e4
261.9	9.983e3
262.5	7.143e4
263.3	4.504e4
264.2	3.606e4
264.7	3.040e2
265.2	2.960e4
266.1	8.315e4
266.7	1.284e3
267.2	4.899e4
268.2	2.323e4
269.2	2.465e4
269.8	4.248e3
270.4	3.320e4
271.3	4.381e4
272.2	2.751e4
272.7	1.504e3
273.3	3.650e4
274.3	5.808e4
275.2	3.150e4
276.1	4.270e4
276.7	2.152e3
277.2	7.770e4
278.2	4.351e4
278.7	8.050e2
279.2	8.636e4
280.2	4.730e4
281.2	4.580e4
281.7	6.570e2
282.2	6.295e4
283.2	7.882e4
283.7	3.213e3
284.3	7.125e4
285.2	4.963e4
286.2	3.097e4
287.2	3.599e4
287.7	4.410e2
288.2	3.185e4
289.2	5.851e4
289.8	1.010e3
290.3	3.162e4
291.2	2.280e4
292.2	3.091e4
293.2	2.171e4
294.1	3.113e4
295.1	7.040e4
295.7	4.330e2
296.2	2.705e4
297.2	2.946e4
298.2	3.076e4
299.2	3.026e4
299.7	2.460e2
300.2	2.308e4
301.2	9.816e4
302.2	3.326e4
303.2	4.243e4
304.1	7.018e4
304.6	8.150e2
305.2	6.436e4
305.7	7.450e2
306.2	2.584e4
307.1	4.408e4
307.6	5.180e2
308.1	3.102e4
308.7	4.380e2
309.2	3.574e4
309.7	7.340e2
310.2	3.195e4
310.8	8.970e2
311.3	5.221e4
311.8	4.720e2
312.3	3.897e4
313.3	5.904e4
314.2	4.088e4
315.3	2.750e4
316.2	2.848e4
316.7	5.610e2
317.3	2.950e4
318.2	2.414e4
319.2	2.983e4
320.2	2.336e4
321.1	4.449e4
322.1	3.233e4
322.7	1.077e3
323.2	2.682e4
324.2	2.800e4
324.8	2.048e3
325.3	5.806e4
326.2	8.421e4
327.1	4.981e4
327.7	4.660e2
328.2	3.363e4
329.2	4.162e4
329.7	2.173e3
330.3	2.762e4
331.3	1.449e5
332.2	5.879e4
333.2	4.939e4
334.1	4.873e4
334.7	2.941e3
335.3	3.785e4
336.2	3.179e4
336.8	3.182e3
337.3	4.500e4
338.3	3.346e4
338.8	1.911e3
339.3	8.452e4
340.3	4.452e4
340.8	1.526e3
341.4	5.561e4
342.3	3.631e4
343.2	2.841e4
344.1	3.936e4
345.1	2.716e4
346.0	2.529e4
346.6	6.917e3
347.3	5.575e4
348.2	3.763e4
349.2	8.261e4
350.2	4.230e4
350.7	5.140e2
351.2	3.274e4
352.2	4.205e4
352.7	1.218e3
353.3	5.684e4
354.2	2.336e5
354.7	2.634e3
355.3	1.447e5
356.2	6.081e4
357.3	6.842e4
357.8	1.810e2
358.3	3.751e4
359.3	1.548e5
359.8	5.250e2
360.3	5.785e4
360.8	2.760e2
361.3	4.903e4
362.2	2.128e4
363.1	1.191e5
363.7	5.105e3
364.3	2.940e4
364.8	1.482e3
365.3	3.286e4
366.2	2.960e4
366.8	7.400e1
367.3	3.075e4
368.3	2.856e4
368.9	4.052e3
369.4	1.375e5
370.4	5.091e4
371.3	3.616e4
372.3	5.447e4
373.2	3.518e4
373.7	7.540e2
374.2	2.195e4
374.7	8.840e2
375.3	4.427e4
376.3	3.069e4
377.2	5.354e4
378.0	1.104e4
378.7	5.257e4
379.2	3.951e3
379.8	4.880e4
380.5	2.023e4
381.4	5.399e4
382.3	2.431e4
382.9	2.417e3
383.4	1.030e5
384.4	3.825e4
384.9	1.871e3
385.5	4.033e4
386.5	2.849e4
387.4	4.673e4
388.3	1.637e4
389.1	2.962e4
389.8	4.744e3
390.4	3.256e4
390.9	9.660e2
391.4	5.645e4
392.4	2.783e4
393.4	6.749e4
394.0	3.306e3
394.5	7.280e4
395.4	3.358e4
396.4	2.073e4
396.9	1.866e3
397.5	6.032e4
398.4	3.906e4
399.4	7.648e4
400.4	3.356e4
401.1	1.386e4
401.7	9.389e4
402.5	3.753e4
403.4	1.866e4
404.2	2.415e4
404.8	2.790e3
405.4	5.221e4
406.4	3.130e4
407.3	3.171e4
407.9	2.970e3
408.5	5.795e4
409.4	9.675e4
410.3	3.077e4
410.8	5.570e2
411.3	3.424e4
412.3	3.688e4
413.0	5.747e3
413.5	1.588e5
414.4	5.467e4
415.4	4.072e4
416.0	2.415e3
416.5	1.184e5
417.4	4.538e4
418.2	2.094e4
418.9	4.759e3
419.5	3.056e4
420.4	2.288e4
421.2	5.994e4
421.9	7.138e3
422.5	3.175e4
423.6	1.470e5
424.5	4.906e4
425.4	3.618e4
426.0	3.458e3
426.6	2.172e4
427.5	1.308e5
428.5	5.344e4
429.4	5.771e4
430.2	4.303e4
431.0	1.718e5
431.8	6.115e4
432.6	2.698e4
433.5	2.881e4
434.0	1.966e3
434.5	3.583e4
435.3	1.943e4
436.0	6.377e4
436.8	1.990e4
437.5	5.894e4
438.0	3.818e3
438.6	1.513e5
439.4	4.004e4
440.4	2.341e4
441.0	1.647e3
441.5	8.348e4
442.5	4.472e4
443.4	1.074e5
444.4	4.102e4
445.0	6.580e3
445.6	1.697e5
446.5	6.451e4
447.3	3.755e4
448.3	2.569e4
448.9	4.788e3
449.4	8.566e4
450.3	5.064e4
451.2	6.456e4
452.0	1.147e4
452.6	1.418e5
453.6	1.010e5
454.4	3.673e4
454.9	2.562e3
455.5	4.470e4
456.0	4.911e3
456.6	5.088e4
457.6	1.621e5
458.6	7.290e4
459.6	7.805e4
460.6	1.660e5
461.4	5.544e4
462.4	2.340e4
463.4	3.743e4
464.3	3.213e4
465.2	8.610e4
465.7	2.602e3
466.2	5.984e4
466.9	1.704e4
467.7	1.953e5
468.5	5.077e4
469.2	1.001e4
469.8	6.125e4
470.7	3.047e4
471.6	1.689e5
472.6	8.323e4
473.4	5.187e4
474.0	3.475e3
474.6	1.384e5
475.6	9.400e4
476.4	4.991e4
477.3	2.604e4
477.9	6.910e2
478.4	3.000e4
479.2	6.121e4
480.1	9.745e4
480.8	1.488e4
481.5	8.145e4
482.1	4.275e3
482.6	1.595e5
483.4	6.143e4
484.4	2.602e4
485.0	3.302e3
485.5	9.090e4
486.5	5.035e4
487.3	1.544e5
487.9	7.573e3
488.5	5.696e4
489.1	2.577e3
489.6	1.798e5
490.5	6.594e4
491.4	2.966e4
491.9	4.510e2
492.4	2.229e4
493.3	3.872e4
494.2	7.715e4
494.8	1.223e4
495.4	8.431e4
495.9	4.551e3
496.6	1.714e5
497.5	8.819e4
498.4	5.236e4
499.2	9.764e4
500.0	1.676e4
500.6	5.906e4
501.6	1.823e5
502.5	9.041e4
503.0	2.861e3
503.6	7.505e4
504.1	4.782e3
504.7	1.674e5
505.6	5.159e4
506.5	2.022e4
507.4	3.324e4
508.3	3.209e4
509.2	1.055e5
509.8	1.730e4
510.5	5.470e4
511.1	2.932e3
511.6	1.827e5
512.4	7.628e4
513.4	4.689e4
514.1	7.975e3
514.7	2.577e4
515.6	1.787e5
516.6	9.787e4
517.5	4.604e4
518.1	1.901e3
518.6	1.301e5
519.5	9.044e4
520.4	4.494e4
521.4	2.724e4
522.3	3.046e4
523.2	6.503e4
523.7	1.972e3
524.3	9.316e4
525.0	1.870e4
525.6	7.731e4
526.1	1.713e3
526.6	1.598e5
527.5	5.489e4
528.4	2.920e4
529.0	3.898e3
529.6	1.032e5
530.6	6.281e4
531.4	1.440e5
532.4	5.098e4
533.0	1.110e4
533.7	1.792e5
534.5	5.070e4
535.4	2.681e4
535.9	1.710e2
536.4	2.542e4
537.4	3.728e4
538.2	1.003e5
539.1	5.159e4
539.8	1.759e4
540.7	1.293e5
541.6	8.112e4
542.4	3.855e4
543.0	3.073e3
543.5	5.326e4
544.1	3.531e3
544.7	3.935e4
545.6	1.595e5
546.5	7.207e4
547.1	2.063e3
547.6	6.139e4
548.1	2.563e3
548.7	1.149e5
549.5	4.458e4
550.4	2.380e4
551.4	2.537e4
552.2	3.543e4
553.2	8.092e4
553.9	2.019e4
554.6	5.703e4
555.2	4.984e3
555.7	1.577e5
556.6	6.254e4
557.6	4.099e4
558.1	2.120e2
558.6	2.479e4
559.6	1.404e5
560.6	9.259e4
561.5	4.588e4
562.1	6.096e3
562.7	8.829e4
563.6	6.037e4
564.5	2.802e4
565.4	1.589e4
566.2	2.360e4
567.2	7.824e4
567.8	1.149e4
568.4	6.546e4
569.0	9.976e3
569.6	5.380e4
570.2	3.983e3
570.7	9.840e4
571.6	3.791e4
572.6	2.423e4
573.6	9.316e4
574.6	5.438e4
575.5	9.784e4
576.5	4.696e4
577.5	1.365e5
578.4	6.382e4
579.3	2.814e4
580.2	2.589e4
580.9	8.423e3
581.6	3.425e4
582.5	5.993e4
583.4	3.302e4
584.1	5.332e3
584.7	8.729e4
585.6	5.675e4
586.5	2.488e4
587.1	3.877e3
587.6	4.215e4
588.2	1.458e3
588.7	3.401e4
589.6	1.189e5
590.6	6.212e4
591.1	1.523e3
591.6	4.055e4
592.6	6.328e4
593.4	3.922e4
594.4	2.090e4
594.9	3.661e3
595.6	4.002e4
596.5	2.872e4
597.3	6.025e4
598.0	1.124e4
598.6	4.385e4
599.6	1.056e5
600.5	4.258e4
601.0	1.890e2
601.5	2.952e4
602.1	4.347e3
602.7	1.690e4
603.7	1.121e5
604.2	3.233e3
604.7	6.280e4
605.6	4.144e4
606.6	5.638e4
607.5	3.671e4
608.4	2.405e4
609.4	1.921e4
610.0	3.011e3
610.6	2.351e4
611.1	3.523e3
611.7	3.141e4
612.6	4.301e4
613.1	8.340e2
613.7	2.849e4
614.7	6.418e4
615.6	3.553e4
616.1	5.260e2
616.7	1.697e4
617.2	9.800e1
617.7	7.507e4
618.2	8.270e2
618.7	3.980e4
619.6	7.345e4
620.1	9.740e2
620.6	2.898e4
621.2	1.893e3
621.7	5.403e4
622.7	2.639e4
623.3	4.585e3
623.9	1.381e4
624.6	3.452e3
625.3	1.997e4
626.2	4.536e4
626.8	8.902e3
627.4	3.259e4
628.1	4.004e3
628.7	5.046e4
629.6	3.852e4
630.6	1.834e4
631.1	9.280e2
631.6	4.046e4
632.2	8.260e2
632.7	2.159e4
633.7	9.566e4
634.2	1.633e3
634.8	6.897e4
635.7	3.160e4
636.3	5.219e3
636.9	4.271e4
637.7	1.715e4
638.6	1.040e4
639.5	1.745e4
640.5	1.485e4
641.4	2.977e4
642.1	4.265e3
642.7	3.520e4
643.7	5.187e4
644.6	1.963e4
645.4	2.838e4
646.1	5.108e3
646.7	1.527e4
647.7	9.255e4
648.7	5.497e4
649.6	2.405e4
650.2	1.544e3
650.7	3.192e4
651.3	8.010e2
651.8	2.199e4
652.7	8.417e3
653.6	1.189e4
654.1	3.890e2
654.7	1.159e4
655.7	2.997e4
656.2	2.037e3
656.8	3.316e4
657.7	2.436e4
658.3	2.751e3
658.8	3.369e4
659.7	1.922e4
660.7	1.279e4
661.7	6.905e4
662.3	5.880e2
662.8	3.515e4
663.7	1.544e5
664.7	7.266e4
665.2	2.320e2
665.8	4.450e4
666.8	2.259e4
667.4	1.746e3
668.0	1.361e4
668.8	8.772e3
669.6	3.059e4
670.1	7.350e2
670.6	3.287e4
671.6	1.929e4
672.2	2.343e3
672.8	3.805e4
673.8	3.428e4
674.7	1.332e4
675.7	4.067e4
676.2	4.430e2
676.7	2.064e4
677.7	8.159e4
678.7	3.804e4
679.7	2.207e4
680.2	4.300e2
680.7	2.551e4
681.6	1.320e4
682.6	1.084e4
683.1	7.090e2
683.7	1.555e4
684.7	1.768e4
685.7	4.933e5
686.2	5.230e2
686.7	2.624e5
687.2	4.170e2
687.7	9.102e4
688.6	2.820e4
689.7	2.525e4
690.6	1.297e4
691.2	2.053e3
691.7	8.569e4
692.2	1.130e2
692.7	4.277e4
693.7	2.176e4
694.3	2.141e3
694.9	2.143e4
695.7	9.705e3
696.6	1.248e4
697.5	6.874e3
698.3	1.289e4
699.0	5.548e3
699.7	1.920e4
700.7	2.630e4
701.6	4.829e4
702.4	7.925e3
703.0	5.079e4
703.8	2.507e4
704.8	1.567e4
705.7	6.553e4
706.2	7.970e2
706.7	3.238e4
707.7	4.685e4
708.2	2.033e3
708.7	1.023e5
709.7	5.837e4
710.7	2.404e4
711.7	1.940e4
712.6	1.168e4
713.6	1.946e4
714.2	1.795e3
714.8	2.150e4
715.7	1.624e4
716.3	1.259e3
716.8	2.906e4
717.7	1.990e4
718.3	2.012e3
718.8	1.452e4
719.7	3.409e4
720.2	2.290e2
720.8	1.829e4
721.7	7.215e4
722.7	4.330e4
723.7	1.757e4
724.5	3.534e4
725.5	4.473e4
726.1	1.360e3
726.7	1.161e5
727.2	2.200e2
727.7	6.304e4
728.7	3.874e4
729.6	2.210e4
730.2	2.493e3
730.8	3.136e4
731.7	2.154e4
732.7	1.676e4
733.2	1.560e3
733.8	1.710e4
734.8	1.238e4
735.7	7.866e4
736.2	6.650e2
736.8	5.666e4
737.7	2.922e4
738.3	2.296e3
738.9	1.981e4
739.8	1.396e4
740.8	1.128e4
741.4	1.736e3
742.0	2.065e4
742.9	9.709e3
743.7	1.641e4
744.3	2.025e3
744.9	2.965e4
745.8	2.152e4
746.8	1.874e4
747.3	2.414e3
747.9	1.827e4
748.7	1.359e4
749.7	7.304e4
750.7	4.545e4
751.2	1.277e3
751.8	3.912e4
752.7	1.696e4
753.5	3.059e4
754.1	2.262e3
754.6	4.290e4
755.6	2.762e4
756.6	1.565e4
757.2	8.690e2
757.8	1.829e4
758.7	1.508e4
759.6	7.332e4
760.1	1.238e3
760.6	6.036e4
761.7	3.035e4
762.2	1.092e3
762.7	1.533e4
763.8	3.150e4
764.7	1.864e4
765.7	5.480e4
766.2	4.980e2
766.8	3.504e4
767.3	3.190e2
767.8	1.557e4
768.6	3.919e3
769.3	1.530e4
770.2	6.104e3
771.0	2.680e4
771.9	1.431e4
772.8	1.324e4
773.7	1.395e4
774.3	1.770e3
774.8	2.673e4
775.7	1.885e4
776.6	1.358e4
777.6	1.556e4
778.2	1.485e3
778.8	1.417e4
779.3	4.950e2
779.8	6.449e4
780.8	3.940e4
781.8	2.033e4
782.3	3.550e2
782.9	1.687e4
783.4	1.250e2
783.9	1.199e4
784.8	1.062e4
785.8	8.610e3
786.8	1.928e4
787.8	1.496e4
788.8	1.899e4
789.3	3.810e2
789.8	1.879e4
790.8	1.615e4
791.6	2.273e4
792.6	1.740e4
793.2	1.655e3
793.8	4.465e4
794.8	2.533e4
795.3	3.670e2
795.8	2.673e4
796.4	4.980e2
797.0	1.842e4
797.9	9.941e3
798.8	1.219e4
799.8	1.286e4
800.8	1.057e4
801.8	1.599e4
802.3	2.850e2
802.8	2.524e4
803.8	1.810e4
804.3	2.190e2
804.8	1.911e4
805.4	1.415e3
805.9	1.242e4
806.9	8.908e3
807.8	2.834e4
808.3	1.357e3
808.9	1.981e4
809.9	4.301e4
810.9	2.008e4
811.8	1.041e4
812.4	1.913e3
813.0	1.100e4
814.0	9.889e3
814.8	7.300e3
815.7	1.167e4
816.3	4.980e2
816.8	9.489e3
817.3	1.460e2
817.9	1.219e4
818.8	1.352e4
819.6	1.734e4
820.2	5.160e2
820.7	1.061e4
821.7	1.787e4
822.2	3.700e1
822.8	9.424e3
823.8	4.551e4
824.3	4.290e2
824.8	2.830e4
825.8	1.477e4
826.7	1.118e4
827.6	9.659e3
828.2	7.190e2
828.8	8.882e3
829.8	6.267e3
830.8	8.135e3
831.3	3.830e2
831.8	9.593e3
832.4	2.430e2
832.9	1.290e4
833.8	1.298e4
834.8	1.192e4
835.8	1.475e4
836.8	9.335e3
837.3	1.600e2
837.8	2.746e4
838.6	8.195e3
839.3	3.168e4
840.0	6.023e3
840.8	1.793e4
841.8	1.512e4
842.7	1.030e4
843.6	5.023e3
844.5	8.783e3
845.2	2.701e3
845.9	1.092e4
846.9	9.507e3
847.8	1.194e4
848.8	1.115e4
849.7	1.553e4
850.3	1.240e3
850.8	1.060e4
851.8	1.730e4
852.8	1.105e4
853.8	2.494e4
854.4	7.590e2
854.9	1.414e4
855.8	7.320e3
856.7	9.694e3
857.3	1.279e3
857.9	6.988e3
858.9	1.200e4
859.5	4.130e2
860.0	9.494e3
861.0	6.977e3
862.0	7.621e3
862.9	1.556e4
863.8	1.122e4
864.6	3.770e3
865.3	1.277e4
865.9	2.499e3
866.5	8.255e3
867.1	1.398e3
867.8	2.606e4
868.3	4.820e2
868.9	1.568e4
869.4	2.080e2
869.9	1.102e4
870.5	8.160e2
871.1	7.969e3
871.9	3.860e3
872.8	7.261e3
873.7	9.356e3
874.7	5.546e3
875.6	9.786e3
876.2	2.730e2
876.7	1.114e4
877.5	5.193e3
878.2	1.653e4
879.1	8.789e3
880.0	9.470e3
881.0	6.593e3
881.9	2.443e4
882.9	1.236e4
883.7	8.081e3
884.5	1.817e4
885.4	2.509e4
886.3	9.149e3
887.1	7.531e3
887.8	2.754e3
888.5	7.490e3
889.1	1.960e3
889.7	1.030e4
890.3	1.318e3
891.0	7.450e3
891.9	8.852e3
892.9	1.327e4
893.8	6.403e3
894.6	9.183e3
895.2	1.303e3
895.9	1.192e4
896.9	9.091e3
897.4	9.200e1
897.9	1.835e4
898.4	3.030e2
899.0	1.425e4
899.9	9.506e3
900.5	1.881e3
901.1	8.826e3
901.8	1.887e3
902.5	7.482e3
903.1	8.020e2
903.8	6.736e3
904.8	6.457e3
905.7	1.085e4
906.4	2.530e3
907.0	1.750e4
908.0	1.155e4
908.9	6.540e3
909.9	6.977e3
910.9	9.269e3
911.4	7.100e1
911.9	2.217e4
912.9	1.463e4
913.9	1.036e4
914.9	6.780e3
915.9	4.515e3
916.4	2.020e2
916.9	7.199e3
917.8	6.405e3
918.6	6.437e3
919.2	1.551e3
919.9	8.486e3
920.5	1.722e3
921.1	9.827e3
922.0	6.849e3
922.8	3.749e3
923.6	7.664e3
924.2	2.077e3
924.8	7.892e3
925.3	1.760e2
925.9	1.651e4
926.8	7.084e3
927.6	1.257e4
928.2	3.610e2
928.8	1.007e4
929.7	6.710e3
930.6	5.134e3
931.6	6.123e3
932.2	1.362e3
932.9	5.711e3
933.8	7.989e3
934.7	9.479e3
935.6	5.018e3
936.5	9.313e3
937.2	3.054e3
937.9	1.667e4
938.9	1.091e4
939.9	1.997e4
940.9	1.294e4
941.9	1.397e4
942.9	1.188e4
943.4	2.670e2
944.0	8.209e3
944.5	2.740e2
945.1	5.030e3
946.0	1.139e4
946.6	2.810e2
947.1	6.611e3
948.0	3.188e3
948.9	6.505e3
949.8	1.006e4
950.4	1.772e3
951.1	9.498e3
952.0	6.144e3
952.9	6.930e3
953.5	6.650e2
954.1	6.897e3
954.9	5.249e3
955.9	1.812e4
956.9	1.003e4
957.8	7.610e3
958.6	8.371e3
959.3	8.160e2
960.0	6.084e3
960.9	7.436e3
961.6	2.017e3
962.3	8.068e3
963.1	2.763e3
963.8	1.163e4
964.4	1.459e3
965.0	1.054e4
965.9	8.260e3
966.5	5.600e2
967.1	8.635e3
968.0	1.014e4
969.0	6.181e3
969.9	1.580e4
970.4	4.960e2
970.9	9.740e3
971.4	9.100e1
971.9	9.360e3
973.0	6.279e3
973.7	4.161e3
974.4	1.674e3
975.0	1.438e4
976.0	5.513e3
976.9	6.890e3
977.7	2.987e3
978.5	9.875e3
979.2	2.568e3
979.8	6.977e3
980.9	8.071e3
981.8	7.575e3
982.4	9.800e2
983.1	5.323e3
984.0	1.064e4
985.0	8.468e3
985.9	1.158e4
986.4	1.300e2
987.0	7.931e3
987.9	8.918e3
988.9	6.260e3
989.9	7.798e3
990.4	7.490e2
991.0	5.127e3
991.9	8.429e3
992.7	7.330e3
993.7	6.730e3
994.8	1.212e4
995.7	6.036e3
996.3	7.680e2
996.9	8.621e3
997.4	1.970e2
998.0	7.193e3
998.9	5.922e3
999.9	1.264e4
1000.9	1.022e4
1001.8	6.687e3
1002.8	6.878e3
1003.6	2.977e3
1004.4	6.063e3
1005.2	2.783e3
1006.0	5.492e3
1006.5	2.860e2
1007.1	6.398e3
1007.6	8.530e2
1008.3	7.194e3
1009.3	9.492e3
1010.2	6.097e3
1011.0	4.066e3
1011.8	6.656e3
1012.5	7.700e2
1013.1	7.783e3
1014.1	1.575e4
1015.0	5.102e3
1015.8	9.234e3
1016.4	1.366e3
1017.0	8.081e3
1017.9	6.263e3
1018.8	3.977e3
1019.7	6.823e3
1020.6	7.400e3
1021.5	2.481e3
1022.2	5.347e3
1023.2	5.421e3
1023.9	2.711e3
1024.7	8.060e3
1025.4	1.661e3
1026.0	7.764e3
1026.6	8.610e2
1027.2	9.606e3
1027.8	3.590e2
1028.3	9.278e3
1029.1	5.336e3
1030.0	1.082e4
1030.8	5.972e3
1031.7	6.541e3
1032.7	6.166e3
1033.6	7.267e3
1034.2	3.000e2
1034.7	9.138e3
1035.2	2.100e2
1035.7	5.752e3
1036.5	3.368e3
1037.4	8.309e3
1038.1	2.323e3
1038.9	6.699e3
1039.9	6.329e3
1040.8	7.628e3
1041.8	8.166e3
1042.4	1.062e3
1043.0	1.234e4
1044.0	1.132e4
1044.6	1.411e3
1045.3	9.639e3
1046.0	2.210e3
1046.7	7.745e3
1047.2	2.300e2
1047.7	5.556e3
1048.7	5.957e3
1049.4	1.563e3
1050.1	6.796e3
1050.9	3.508e3
1051.7	6.211e3
1052.3	4.810e2
1052.8	6.636e3
1053.4	1.017e3
1054.0	5.513e3
1054.6	6.850e2
1055.1	5.143e3
1056.1	1.439e4
1057.1	1.010e4
1058.0	1.021e4
1059.0	6.407e3
1059.9	9.056e3
1060.5	2.920e2
1061.0	6.063e3
1061.7	1.174e3
1062.3	6.874e3
1063.0	2.686e3
1063.7	5.818e3
1064.2	5.500e1
1064.8	5.486e3
1065.7	7.191e3
1066.3	9.100e2
1066.9	7.151e3
1067.9	4.563e3
1068.4	2.750e2
1069.0	8.000e3
1069.6	2.934e3
1070.4	6.551e3
1070.9	1.680e2
1071.6	6.160e3
1072.1	6.790e2
1072.9	7.982e3
1073.9	8.957e3
1074.9	6.079e3
1075.5	8.480e2
1076.1	7.994e3
1077.1	8.564e3
1077.7	2.348e3
1078.3	8.584e3
1078.9	4.510e2
1079.4	5.507e3
1079.9	3.800e2
1080.5	4.793e3
1081.5	8.903e3
1082.3	6.643e3
1083.3	7.430e3
1083.8	3.530e2
1084.4	7.688e3
1085.3	5.611e3
1086.1	3.161e3
1087.0	6.143e3
1087.6	8.570e2
1088.2	9.611e3
1089.1	5.317e3
1090.0	8.463e3
1090.5	1.177e3
1091.1	7.326e3
1091.9	3.398e3
1092.7	3.681e3
1093.5	6.787e3
1094.1	4.240e2
1094.7	5.118e3
1095.2	2.380e2
1095.7	5.992e3
1096.4	1.270e3
1097.0	5.476e3
1098.0	5.469e3
1099.0	8.260e3
1099.8	8.854e3
1100.4	5.580e2
1101.0	6.621e3
1101.9	5.117e3
1102.5	5.810e2
1103.1	7.123e3
1104.1	5.346e3
1104.9	5.319e3
1105.9	5.857e3
1106.4	2.700e1
1106.9	5.821e3
1107.9	3.773e3
1108.4	8.100e1
1109.0	5.636e3
1109.9	4.737e3
1110.5	4.420e2
1111.0	1.121e4
1111.7	9.290e2
1112.3	6.870e3
1112.9	1.033e3
1113.6	8.718e3
1114.3	2.478e3
1115.1	7.090e3
1115.6	1.650e2
1116.2	6.322e3
1116.8	6.440e2
1117.3	7.254e3
1117.9	3.900e2
1118.4	7.505e3
1119.4	4.586e3
1120.3	5.193e3
1121.3	9.396e3
1121.8	2.700e2
1122.4	3.706e3
1123.3	5.603e3
1124.3	5.282e3
1125.0	9.090e2
1125.6	5.682e3
1126.5	6.183e3
1127.0	2.300e2
1127.6	6.175e3
1128.1	2.510e2
1128.7	5.629e3
1129.5	1.582e3
1130.2	4.624e3
1131.1	4.712e3
1131.7	4.330e2
1132.2	6.659e3
1132.8	1.401e3
1133.5	7.330e3
1134.2	2.163e3
1135.0	4.603e3
1135.6	3.610e2
1136.2	7.512e3
1136.7	1.100e2
1137.2	4.875e3
1137.7	1.500e2
1138.2	6.305e3
1139.1	7.109e3
1140.0	3.990e3
1141.0	4.828e3
1141.9	7.894e3
1142.5	2.370e2
1143.0	8.373e3
1143.6	3.880e2
1144.1	5.061e3
1144.7	4.310e2
1145.2	6.862e3
1146.0	2.219e3
1146.6	1.031e4
1147.5	5.938e3
1148.2	1.337e3
1148.8	5.577e3
1149.4	4.350e2
1150.0	8.725e3
1151.0	7.979e3
1151.7	3.259e3
1152.5	7.617e3
1153.2	2.967e3
1154.0	5.516e3
1154.7	7.770e2
1155.4	6.723e3
1156.1	2.244e3
1156.8	7.154e3
1157.4	1.298e3
1158.1	1.110e4
1158.6	1.430e2
1159.1	1.061e4
1160.0	7.356e3
1160.6	2.520e2
1161.1	6.523e3
1161.6	3.180e2
1162.2	7.499e3
1162.9	2.507e3
1163.7	5.622e3
1164.2	2.480e2
1164.7	6.971e3
1165.6	3.696e3
1166.4	6.078e3
1167.0	2.380e2
1167.6	4.852e3
1168.2	1.031e3
1168.8	4.311e3
1169.5	9.640e2
1170.1	6.551e3
1171.0	6.419e3
1171.7	1.341e3
1172.4	6.949e3
1173.2	4.517e3
1174.2	5.573e3
1174.7	5.300e2
1175.4	6.405e3
1176.1	1.120e3
1176.7	6.775e3
1177.7	4.857e3
1178.4	2.084e3
1179.2	8.679e3
1180.2	4.848e3
1180.7	4.920e2
1181.2	5.409e3
1182.2	7.343e3
1183.0	2.359e3
1183.9	4.421e3
1184.7	4.024e3
1185.5	9.013e3
1186.1	1.148e3
1186.8	7.885e3
1187.5	2.186e3
1188.3	5.580e3
1189.3	4.909e3
1190.3	3.444e3
1190.9	6.220e2
1191.5	6.867e3
1192.5	5.823e3
1193.5	7.099e3
1194.4	5.087e3
1195.4	5.357e3
1196.4	6.518e3
1197.0	5.270e2
1197.6	6.214e3
1198.4	3.723e3
1199.4	5.193e3
1200.3	3.248e3
1201.2	4.562e3
1201.9	1.557e3
1202.6	6.151e3
1203.2	1.600e2
1203.7	6.918e3
1204.2	3.600e1
1204.7	5.389e3
1205.3	3.960e2
1205.8	5.763e3
1206.4	3.550e2
1207.0	6.960e3
1207.5	1.850e2
1208.0	7.466e3
1208.8	2.901e3
1209.6	6.954e3
1210.2	2.600e1
1210.7	6.547e3
1211.3	1.542e3
1212.0	5.956e3
1213.0	5.508e3
1214.0	6.164e3
1214.9	5.610e3
1215.7	1.520e3
1216.4	5.142e3
1217.3	4.441e3
1218.2	6.667e3
1219.1	4.328e3
1220.0	7.849e3
1220.6	2.660e2
1221.1	5.376e3
1221.8	1.385e3
1222.4	4.871e3
1223.3	6.385e3
1224.2	5.023e3
1225.0	1.818e3
1225.7	5.383e3
1226.6	5.973e3
1227.2	3.200e2
1227.7	7.874e3
1228.7	7.382e3
1229.3	7.260e2
1229.9	5.812e3
1230.6	2.093e3
1231.3	5.299e3
1232.3	4.322e3
1233.2	4.792e3
1234.0	2.853e3
1234.8	5.356e3
1235.4	5.190e2
1235.9	6.020e3
1236.5	2.980e2
1237.1	5.960e3
1237.9	5.207e3
1238.5	8.730e2
1239.1	5.583e3
1240.1	5.798e3
1241.0	4.449e3
1241.8	2.376e3
1242.4	5.799e3
1243.0	2.720e2
1243.5	7.777e3
1244.3	2.608e3
1245.1	7.008e3
1245.6	1.060e2
1246.1	5.542e3
1247.1	7.468e3
1248.0	4.626e3
1248.7	2.424e3
1249.4	4.338e3
1250.3	6.848e3
1250.8	3.330e2
1251.4	5.351e3
1252.3	4.895e3
1253.2	6.663e3
1253.7	3.660e2
1254.3	7.375e3
1254.8	1.090e2
1255.4	4.582e3
1256.0	1.173e3
1256.6	6.676e3
1257.6	4.264e3
1258.2	3.290e2
1258.7	4.354e3
1259.7	3.200e3
1260.4	6.246e3
1261.0	7.630e2
1261.6	5.385e3
1262.4	2.710e3
1263.2	5.828e3
1264.2	4.004e3
1265.1	6.215e3
1266.1	3.520e3
1267.0	9.196e3
1267.9	4.241e3
1268.4	1.150e2
1268.9	3.478e3
1269.9	5.441e3
1270.4	7.700e2
1271.0	4.733e3
1271.8	8.203e3
1272.8	4.988e3
1273.3	7.300e1
1273.9	4.341e3
1274.8	5.199e3
1275.9	6.023e3
1276.6	6.610e2
1277.2	5.822e3
1277.9	1.047e3
1278.6	6.404e3
1279.2	1.867e3
1279.9	7.178e3
1280.6	1.751e3
1281.3	8.151e3
1282.1	3.765e3
1282.9	7.013e3
1283.8	3.228e3
1284.6	5.931e3
1285.2	5.800e1
1285.7	5.291e3
1286.3	1.011e3
1286.9	9.273e3
1287.4	5.200e1
1288.0	5.751e3
1288.5	1.000e1
1289.0	4.423e3
1290.0	5.475e3
1290.6	9.400e2
1291.2	4.611e3
1291.8	1.571e3
1292.6	5.374e3
1293.1	4.710e2
1293.7	5.203e3
1294.5	2.168e3
1295.2	6.369e3
1295.8	1.286e3
1296.5	5.788e3
1297.2	3.121e3
1297.9	2.500e3
1298.6	6.440e3
1299.6	3.754e3
1300.6	7.975e3
1301.1	4.060e2
1301.6	7.963e3
1302.5	1.843e3
1303.1	6.727e3
1304.1	7.985e3
1304.9	1.692e3
1305.6	6.818e3
1306.4	1.120e3
1307.1	4.713e3
1307.7	4.930e2
1308.3	5.994e3
1309.1	4.163e3
1310.0	5.776e3
1310.6	2.300e1
1311.1	7.743e3
1311.7	7.000e2
1312.3	5.820e3
1313.0	3.380e3
1313.8	5.896e3
1314.7	1.047e4
1315.4	1.659e3
1316.1	4.837e3
1317.1	6.924e3
1317.8	8.580e2
1318.5	5.919e3
1319.5	7.933e3
1320.2	2.185e3
1321.0	8.774e3
1321.5	2.960e2
1322.1	7.194e3
1322.9	4.192e3
1323.8	6.525e3
1324.5	8.880e2
1325.1	6.609e3
1325.7	9.550e2
1326.4	5.419e3
1327.0	1.338e3
1327.6	4.391e3
1328.5	6.666e3
1329.1	7.580e2
1329.8	7.336e3
1330.4	1.273e3
1331.1	7.982e3
1331.7	2.663e3
1332.5	5.336e3
1333.0	1.870e2
1333.6	3.335e3
1334.1	2.040e2
1334.6	8.448e3
1335.4	1.321e3
1336.0	5.023e3
1336.7	1.383e3
1337.3	6.861e3
1338.1	3.060e3
1339.0	5.144e3
1339.5	1.210e2
1340.0	6.907e3
1340.9	2.036e3
1341.6	5.520e3
1342.2	1.500e1
1342.8	4.816e3
1343.8	6.597e3
1344.5	1.702e3
1345.2	6.150e3
1346.0	2.072e3
1346.9	6.429e3
1347.6	1.748e3
1348.3	4.934e4
1349.2	5.429e4
1349.7	3.600e2
1350.3	2.968e4
1351.3	1.520e4
1352.2	7.529e3
1352.8	1.600e1
1353.3	6.245e3
1354.3	6.414e3
1355.0	9.980e2
1355.6	4.895e3
1356.5	7.488e3
1357.0	8.490e2
1357.6	7.898e3
1358.5	4.907e3
1359.2	2.267e3
1360.1	6.567e3
1361.0	3.688e3
1362.0	7.427e3
1362.7	3.616e3
1363.5	5.757e3
1364.2	2.347e3
1364.9	6.519e3
1365.7	2.351e3
1366.3	8.496e3
1367.3	5.060e3
1368.1	2.963e3
1369.0	7.640e3
1369.6	8.250e2
1370.3	5.617e3
1370.8	8.380e2
1371.4	7.744e3
1372.1	2.182e3
1372.9	6.752e3
1373.8	3.442e3
1374.6	6.857e3
1375.3	1.888e3
1376.1	7.485e3
1377.1	4.886e3
1377.7	3.600e2
1378.3	6.533e3
1379.3	7.929e3
1379.9	1.292e3
1380.5	4.933e3
1381.0	3.700e1
1381.5	7.861e3
1382.1	3.960e2
1382.6	5.455e3
1383.5	4.497e3
1384.3	5.988e3
1385.1	1.930e3
1385.9	5.856e3
1386.4	1.510e2
1386.9	4.823e3
1387.6	1.903e3
1388.2	5.979e3
1388.9	2.362e3
1389.6	6.716e3
1390.5	4.125e3
1391.0	1.440e2
1391.5	5.305e3
1392.2	3.097e3
1392.9	5.744e3
1393.9	4.561e3
1394.4	5.300e2
1395.0	9.978e3
1395.6	1.518e3
1396.3	6.609e3
1396.8	7.440e2
1397.4	5.340e3
1398.0	2.190e2
1398.5	6.422e3
1399.5	3.372e3
1400.4	6.535e3
1401.3	7.610e3
1402.1	1.125e3
1402.8	3.651e3
1403.4	6.550e2
1404.0	4.393e3
1405.0	5.627e3
1406.0	6.402e3
1407.1	3.128e3
1408.0	5.983e3
1408.8	4.934e3
1409.6	5.862e3
1410.6	3.509e3
1411.5	5.236e3
1412.1	5.890e2
1412.6	4.294e3
1413.5	6.741e3
1414.4	2.028e3
1415.2	5.002e3
1415.9	2.322e3
1416.7	4.387e3
1417.7	5.670e3
1418.2	1.210e2
1418.8	5.545e3
1419.6	2.097e3
1420.4	7.542e3
1421.1	1.854e3
1421.8	7.177e3
1422.5	3.117e3
1423.4	6.875e3
1424.3	5.087e3
1425.3	7.233e3
1425.9	1.134e3
1426.5	6.183e3
1427.1	1.680e3
1428.0	5.097e3
1428.5	1.300e1
1429.0	4.722e3
1429.8	7.887e3
1430.6	1.755e3
1431.4	4.531e3
1432.3	4.361e3
1432.9	1.050e2
1433.4	5.998e3
1434.0	4.710e2
1434.6	7.012e3
1435.2	4.080e2
1435.8	5.515e3
1436.3	2.480e2
1436.8	5.335e3
1437.4	2.100e2
1438.0	4.849e3
1438.8	4.011e3
1439.7	3.617e3
1440.5	4.900e3
1441.3	3.091e3
1442.2	7.226e3
1442.7	7.300e1
1443.2	5.785e3
1444.0	2.532e3
1444.7	4.886e3
1445.5	2.292e3
1446.2	7.351e3
1446.7	2.230e2
1447.3	5.002e3
1448.0	2.781e3
1448.8	5.162e3
1449.4	4.200e1
1449.9	4.911e3
1450.7	3.197e3
1451.4	6.009e3
1452.3	4.502e3
1453.0	1.637e3
1453.6	5.620e3
1454.6	4.675e3
1455.2	8.150e2
1455.9	4.193e3
1456.7	5.011e3
1457.5	2.775e3
1458.3	5.343e3
1459.3	8.494e3
1460.0	1.084e3
1460.6	7.150e3
1461.1	3.800e1
1461.7	4.149e3
1462.7	7.397e3
1463.6	4.674e3
1464.2	2.730e2
1464.8	3.871e3
1465.8	6.501e3
1466.7	6.794e3
1467.5	3.733e3
1468.4	7.399e3
1469.2	2.405e3
1470.0	2.669e3
1470.8	3.875e3
1471.7	4.538e3
1472.6	4.511e3
1473.6	3.059e3
1474.1	9.800e1
1474.6	5.746e3
1475.6	6.140e3
1476.2	1.427e3
1477.0	9.263e3
1478.0	4.068e3
1478.9	5.000e3
1479.8	7.213e3
1480.8	4.493e3
1481.8	4.782e3
1482.6	1.711e3
1483.3	5.926e3
1484.3	4.488e3
1484.9	3.050e2
1485.4	5.123e3
1486.1	1.048e3
1486.8	8.352e3
1487.7	4.994e3
1488.8	5.048e3
1489.6	2.767e3
1490.4	8.417e3
1491.2	3.894e3
1491.8	1.650e2
1492.3	5.005e3
1493.3	5.953e3
1494.2	6.180e3
1494.7	3.260e2
1495.3	7.174e3
1495.9	1.240e2
1496.5	5.773e3
1497.2	2.137e3
1498.0	5.541e3
1499.0	6.529e3
1500.0	5.689e3
1500.7	1.178e3
1501.3	7.355e3
1502.2	2.676e3
1503.2	4.192e3
1504.1	5.924e3
1505.0	4.177e3
1506.0	5.635e3
1506.6	9.740e2
1507.4	5.722e3
1508.2	2.179e3
1508.9	5.341e3
1509.6	1.141e3
1510.2	7.164e3
1510.8	9.900e1
1511.3	5.930e3
1511.9	1.047e3
1512.5	5.902e3
1513.4	4.612e3
1514.4	6.819e3
1515.3	4.272e3
1516.3	7.134e3
1517.2	4.881e3
1517.7	1.010e2
1518.2	5.705e3
1519.0	3.186e3
1519.9	7.177e3
1520.9	7.060e3
1521.9	4.665e3
1522.5	1.200e2
1523.1	5.230e3
1523.8	1.472e3
1524.5	5.037e3
1525.4	2.179e3
1526.3	5.287e3
1527.2	3.095e3
1527.8	2.340e2
1528.3	4.774e3
1529.0	8.120e2
1529.6	5.026e3
1530.5	2.541e3
1531.4	5.376e3
1531.9	1.920e2
1532.4	3.816e3
1533.0	3.330e2
1533.5	4.423e3
1534.1	7.960e2
1534.7	5.093e3
1535.3	7.640e2
1536.0	5.879e3
1536.9	3.173e3
1537.5	5.550e2
1538.0	4.403e3
1538.9	4.902e3
1539.7	1.772e3
1540.5	4.803e3
1541.4	5.745e3
1542.2	3.339e3
1543.1	6.816e3
1543.9	2.121e3
1544.7	4.767e3
1545.5	1.592e3
1546.3	5.308e3
1547.1	2.746e3
1548.0	5.731e3
1548.6	4.540e2
1549.1	2.615e3
1550.0	4.503e3
1550.6	3.150e2
1551.1	5.766e3
1552.1	5.023e3
1553.1	5.528e3
1553.6	1.330e2
1554.2	4.513e3
1554.7	2.010e2
1555.2	6.764e3
1556.1	3.152e3
1557.0	2.821e3
1558.0	3.807e3
1558.9	3.559e3
1559.7	4.675e3
1560.7	6.965e3
1561.5	1.519e3
1562.3	6.814e3
1562.8	2.330e2
1563.4	4.401e3
1563.9	5.000e2
1564.5	6.114e3
1565.0	1.320e2
1565.5	5.193e3
1566.1	2.430e2
1566.6	4.970e3
1567.6	5.741e3
1568.2	2.410e2
1568.7	5.062e3
1569.7	3.508e3
1570.7	2.465e3
1571.7	3.075e3
1572.2	2.200e1
1572.7	7.406e3
1573.7	6.081e3
1574.2	6.180e2
1574.8	2.480e3
1575.5	5.396e3
1576.5	5.272e3
1577.3	1.017e3
1578.0	4.132e3
1578.5	1.110e2
1579.0	5.217e3
1580.0	3.453e3
1580.6	3.330e2
1581.2	5.207e3
1582.1	3.286e3
1583.0	2.984e3
1584.0	4.556e3
1585.0	6.624e3
1586.1	3.427e3
1587.0	4.834e3
1587.8	1.385e3
1588.6	4.208e3
1589.6	6.138e3
1590.4	3.387e3
1591.1	4.288e3
1591.9	4.115e3
1592.8	4.389e3
1593.4	1.153e3
1593.9	5.663e3
1594.8	4.303e3
1595.5	2.180e3
1596.3	2.892e3
1597.0	4.391e3
1597.7	1.067e3
1598.4	8.783e3
1599.4	1.138e4
1600.2	4.807e3
1601.0	1.024e4
1601.9	5.231e3
1602.8	4.587e3
1603.4	1.550e2
1603.9	5.887e3
1604.8	2.037e3
1605.7	6.361e3
1606.6	3.311e3
1607.4	3.029e3
1608.3	6.752e3
1609.3	4.228e3
1610.3	4.077e3
1610.8	2.430e2
1611.4	7.090e3
1612.3	4.251e3
1612.8	1.810e2
1613.4	4.566e3
1613.9	3.370e2
1614.5	3.382e3
1615.2	3.871e3
1616.1	7.105e3
1617.0	4.334e3
1618.0	3.955e3
1618.9	4.429e3
1619.6	1.262e3
1620.3	5.053e3
1620.9	4.860e2
1621.5	7.773e3
1622.2	2.755e3
1623.0	4.950e3
1623.9	6.944e3
1624.8	5.084e3
1625.8	2.796e3
1626.4	1.117e3
1627.2	3.610e3
1628.1	4.186e3
1628.8	8.200e2
1629.5	4.723e3
1630.1	8.240e2
1630.7	4.753e3
1631.6	1.447e3
1632.4	5.031e3
1633.3	3.583e3
1634.4	5.870e3
1635.3	2.305e3
1636.2	3.666e3
1637.1	5.795e3
1637.8	1.598e3
1638.8	3.794e3
1639.4	3.650e2
1639.9	7.266e3
1640.9	2.058e3
1641.8	5.599e3
1642.5	1.964e3
1643.2	5.818e3
1643.9	1.538e3
1644.6	5.077e3
1645.2	5.970e2
1645.8	3.392e3
1646.8	4.977e3
1647.5	1.515e3
1648.2	4.527e3
1649.2	2.885e3
1650.2	3.614e3
1651.1	4.947e3
1651.8	8.450e2
1652.3	5.695e3
1653.1	1.534e3
1653.8	3.907e3
1654.6	1.386e3
1655.5	5.368e3
1656.3	1.975e3
1657.2	3.155e3
1658.2	4.276e3
1659.2	5.204e3
1660.0	6.169e3
1660.6	2.040e2
1661.2	4.684e3
1662.0	1.789e3
1662.8	4.212e3
1663.5	1.769e3
1664.4	3.892e3
1665.3	4.925e3
1665.9	7.580e2
1666.5	3.125e3
1667.4	5.992e3
1668.2	2.880e3
1669.2	3.980e3
1670.1	3.529e3
1670.6	1.660e2
1671.1	4.175e3
1672.1	3.051e3
1673.1	4.309e3
1673.7	5.940e2
1674.3	5.402e3
1675.1	3.945e3
1675.6	4.000e2
1676.1	7.645e3
1676.8	4.930e2
1677.3	5.699e3
1678.4	6.025e3
1679.1	1.888e3
1680.1	4.369e3
1680.8	4.570e2
1681.4	4.139e3
1681.9	6.400e1
1682.6	5.419e3
1683.3	4.270e2
1683.9	3.587e3
1684.4	4.020e2
1684.9	4.036e3
1685.5	5.800e1
1686.0	4.597e3
1687.0	5.669e3
1687.7	2.273e3
1688.5	4.000e3
1689.4	1.516e3
1690.1	5.587e3
1690.7	9.310e2
1691.4	5.466e3
1692.2	1.850e3
1693.1	5.183e3
1693.7	7.910e2
1694.3	5.155e3
1694.9	8.010e2
1695.5	3.959e3
1696.5	3.966e3
1697.1	1.840e2
1697.6	3.391e3
1698.5	4.072e3
1699.0	2.040e2
1699.6	4.146e3
1700.3	2.270e2
1700.8	5.696e3
1701.8	4.073e3
1702.6	2.618e3
1703.4	4.246e3
1704.2	2.143e3
1705.0	2.699e3
1706.0	3.116e3
1706.7	1.270e3
1707.4	2.847e3
1708.3	4.458e3
1709.3	5.041e3
1710.1	3.455e3
1711.1	2.769e3
1711.7	1.051e3
1712.4	4.685e3
1712.9	5.060e2
1713.6	3.308e3
1714.6	4.522e3
1715.6	3.779e3
1716.5	5.671e3
1717.1	7.980e2
1717.6	2.862e3
1718.5	4.693e3
1719.3	1.957e3
1720.2	3.333e3
1721.1	3.308e3
1721.7	2.660e2
1722.2	5.235e3
1722.8	1.171e3
1723.6	4.913e3
1724.6	4.386e3
1725.3	1.639e3
1726.1	5.212e3
1726.8	9.170e2
1727.5	3.384e3
1728.2	3.530e2
1728.7	2.977e3
1729.4	1.236e3
1730.0	5.194e3
1730.9	2.903e3
1731.9	1.998e3
1732.8	4.211e3
1733.6	2.031e3
1734.5	4.013e3
1735.1	2.000e2
1735.7	3.195e3
1736.6	3.542e3
1737.6	4.681e3
1738.1	2.730e2
1738.6	6.051e3
1739.4	7.560e2
1740.1	3.154e3
1740.6	1.410e2
1741.2	4.451e3
1742.0	1.182e3
1742.8	3.890e3
1743.7	3.250e3
1744.6	2.341e3
1745.6	4.644e3
1746.6	3.199e3
1747.5	3.517e3
1748.0	2.640e2
1748.5	2.746e3
1749.4	3.419e3
1750.0	2.330e2
1750.5	4.425e3
1751.4	2.222e3
1752.3	1.372e3
1752.9	8.220e2
1753.6	3.603e3
1754.5	5.758e3
1755.2	8.040e2
1755.8	4.127e3
1756.5	7.180e2
1757.2	3.706e3
1758.1	2.608e3
1758.6	4.690e2
1759.3	4.020e3
1759.9	2.500e2
1760.5	4.193e3
1761.5	3.431e3
1762.3	2.809e3
1763.2	4.431e3
1764.2	3.147e3
1765.2	2.863e3
1765.8	1.130e3
1766.5	2.717e3
1767.3	2.528e3
1768.3	3.343e3
1769.1	2.825e3
1770.1	2.853e3
1771.0	5.670e3
1771.6	8.170e2
1772.4	3.051e3
1773.2	1.484e3
1774.0	3.336e3
1774.8	8.650e2
1775.5	2.250e3
1776.4	4.389e3
1776.9	1.800e2
1777.5	2.587e3
1778.3	3.436e3
1778.9	1.800e1
1779.5	5.108e3
1780.2	8.880e2
1780.8	1.997e3
1781.6	8.100e2
1782.3	4.444e3
1783.2	4.658e3
1784.1	1.606e3
1784.8	1.531e3
1785.6	3.114e3
1786.5	2.364e3
1787.4	5.275e3
1788.0	2.010e2
1788.5	2.725e3
1789.4	3.300e3
1790.2	1.869e3
1790.8	5.090e2
1791.3	4.527e3
1792.1	1.223e3
1792.9	4.596e3
1793.7	1.448e3
1794.4	3.097e3
1795.3	1.830e3
1795.8	1.930e2
1796.4	3.465e3
1797.3	4.447e3
1798.2	3.110e3
1798.9	7.910e2
1799.6	3.368e3
1800.4	1.794e3
1801.3	2.428e3
1801.9	2.170e2
1802.4	3.228e3
1803.1	4.890e2
1803.7	2.865e3
1804.6	3.853e3
1805.6	3.767e3
1806.4	8.950e2
1807.0	3.949e3
1807.6	3.990e2
1808.2	3.375e3
1808.8	7.460e2
1809.7	3.813e3
1810.6	2.236e3
1811.2	7.640e2
1811.9	2.761e3
1812.7	9.440e2
1813.4	3.139e3
1814.0	1.550e2
1814.5	3.825e3
1815.2	8.350e2
1815.8	4.406e3
1816.5	1.262e3
1817.4	3.385e3
1818.3	3.425e3
1819.2	3.194e3
1820.3	2.561e3
1821.1	9.020e2
1821.8	2.910e3
1822.7	2.600e3
1823.2	2.310e2
1823.7	2.885e3
1824.5	4.483e3
1825.4	3.669e3
1826.1	8.720e2
1826.9	2.293e3
1827.8	2.745e3
1828.5	1.080e3
1829.1	2.554e3
1829.7	5.070e2
1830.4	3.030e3
1831.2	1.398e3
1832.0	2.910e3
1832.6	2.760e2
1833.2	3.526e3
1834.0	1.288e3
1834.6	4.626e3
1835.5	1.860e3
1836.3	4.099e3
1837.3	3.074e3
1838.3	1.904e3
1839.3	2.625e3
1840.2	4.004e3
1840.9	1.428e3
1841.6	2.588e3
1842.4	1.304e3
1843.3	3.575e3
1844.1	1.080e3
1844.7	3.340e3
1845.3	1.270e2
1845.8	2.138e3
1846.5	5.410e2
1847.3	2.575e3
1848.2	3.106e3
1848.9	8.090e2
1849.5	2.277e3
1850.2	3.690e2
1850.8	1.927e3
1851.6	6.530e2
1852.2	2.286e3
1853.2	3.312e3
1853.8	6.050e2
1854.5	3.771e3
1855.0	8.200e1
1855.5	1.059e3
1856.3	4.197e3
1857.1	1.000e3
1857.8	2.422e3
1858.4	3.700e1
1859.0	2.697e3
1859.8	2.312e3
1860.7	1.688e3
1861.2	2.550e2
1861.8	2.690e3
1862.4	2.570e2
1863.0	4.318e3
1863.7	9.560e2
1864.4	3.446e3
1865.3	1.351e3
1866.0	1.970e2
1866.7	2.439e3
1867.4	5.910e2
1868.0	2.615e3
1868.5	1.910e2
1869.1	3.188e3
1870.0	2.503e3
1870.9	3.075e3
1871.6	1.249e3
1872.3	2.819e3
1873.3	1.760e3
1874.0	4.820e2
1874.6	2.942e3
1875.6	2.863e3
1876.3	2.540e2
1876.9	3.081e3
1877.8	2.575e3
1878.5	6.300e2
1879.1	3.560e3
1880.0	1.195e3
1880.9	2.829e3
1881.5	4.620e2
1882.2	3.085e3
1882.9	7.370e2
1883.6	3.258e3
1884.2	5.090e2
1884.8	3.350e3
1885.7	1.547e3
1886.6	2.579e3
1887.4	1.558e3
1888.4	2.199e3
1889.5	2.725e3
1890.5	1.839e3
1891.6	3.619e3
1892.5	1.752e3
1893.5	3.844e3
1894.5	2.899e3
1895.0	6.500e1
1895.6	2.818e3
1896.2	4.340e2
1896.9	2.833e3
1897.4	2.200e2
1898.2	2.110e3
1899.1	3.172e3
1899.6	7.400e1
1900.2	2.423e3
1901.0	9.180e2
1901.9	2.435e3
1902.9	2.675e3
1903.4	6.700e1
1903.9	3.130e3
1904.8	2.046e3
1905.7	1.490e3
1906.5	2.819e3
1907.2	4.400e2
1907.8	1.857e3
1908.3	6.000e1
1908.9	2.119e3
1909.5	4.000e1
1910.0	3.880e3
1910.6	6.000e1
1911.1	2.368e3
1912.1	3.360e3
1913.0	2.070e3
1913.6	4.240e2
1914.2	2.847e3
1915.1	1.584e3
1916.0	1.980e3
1916.9	1.643e3
1917.5	6.880e2
1918.1	2.533e3
1918.7	9.300e1
1919.2	3.555e3
1920.2	2.578e3
1920.7	1.140e2
1921.3	2.529e3
1921.9	1.380e2
1922.4	1.692e3
1923.4	2.205e3
1924.4	2.267e3
1924.9	5.590e2
1925.5	1.543e3
1926.3	3.671e3
1927.4	2.060e3
1928.4	2.077e3
1929.0	9.700e1
1929.5	1.950e3
1930.1	1.210e2
1930.6	3.281e3
1931.1	4.000e0
1931.7	2.001e3
1932.5	3.210e2
1933.1	2.623e3
1933.7	3.900e1
1934.2	4.112e3
1935.0	1.896e3
1935.6	3.160e2
1936.2	2.955e3
1937.1	1.868e3
1938.0	1.895e3
1938.9	2.083e3
1939.6	8.050e2
1940.2	2.929e3
1941.3	2.391e3
1941.9	8.900e1
1942.5	2.674e3
1943.4	3.692e3
1944.1	5.500e2
1944.8	3.143e3
1945.8	3.384e3
1946.8	2.365e3
1947.7	2.261e3
1948.6	2.327e3
1949.6	3.312e3
1950.5	2.523e3
1951.5	2.370e3
1952.3	1.352e3
1953.3	2.858e3
1954.3	2.372e3
1955.2	3.398e3
1955.9	9.950e2
1956.6	1.279e3
1957.5	2.516e3
1958.5	2.223e3
1959.2	9.750e2
1960.1	2.361e3
1960.8	6.350e2
1961.6	2.887e3
1962.2	3.680e2
1963.0	2.749e3
1963.8	1.521e3
1964.8	2.399e3
1965.8	2.714e3
1966.7	1.297e3
1967.6	1.063e3
1968.4	2.753e3
1969.3	1.216e3
1969.8	4.800e1
1970.3	3.260e3
1971.2	7.880e2
1972.1	1.834e3
1973.0	1.285e3
1973.6	3.020e2
1974.3	2.466e3
1975.0	1.130e3
1975.7	3.344e3
1976.7	1.727e3
1977.6	8.560e2
1978.4	2.029e3
1979.3	1.957e3
1980.2	1.753e3
1980.8	2.950e2
1981.5	2.076e3
1982.0	3.670e2
1982.6	2.008e3
1983.3	1.054e3
1984.1	2.241e3
1985.1	2.252e3
1985.6	2.300e1
1986.2	2.724e3
1987.1	1.131e3
1988.0	2.352e3
1988.7	1.147e3
1989.4	2.271e3
1990.2	2.039e3
1990.8	3.270e2
1991.4	4.460e3
1992.3	2.047e3
1993.1	2.050e3
1993.9	5.880e2
1994.6	1.175e3
1995.4	1.766e3
1996.2	6.490e2
1997.1	3.383e3
1998.0	1.560e3
1998.8	5.910e2
1999.6	2.127e3
