100.3	7.308e4
101.1	1.245e6
102.1	2.437e5
103.0	2.517e5
103.6	1.457e3
104.1	1.187e6
105.1	1.912e5
106.1	2.719e5
107.1	1.907e5
108.0	1.062e6
108.9	2.693e5
109.5	1.536e4
110.0	5.699e5
111.1	1.180e6
112.1	4.264e5
113.0	2.456e5
113.6	1.513e3
114.1	3.955e5
115.1	4.314e5
115.6	1.256e3
116.1	4.827e5
117.1	1.768e5
118.1	8.839e5
119.0	7.244e5
120.1	4.109e5
121.1	1.527e5
121.6	5.650e2
122.1	6.256e5
123.1	1.713e5
124.1	8.754e4
125.0	1.043e5
126.0	5.857e5
127.1	2.758e5
128.1	1.826e5
129.1	3.024e5
129.6	5.170e2
130.1	2.596e5
131.0	1.055e6
131.5	9.380e2
132.2	1.317e6
133.2	5.637e5
134.1	3.247e5
135.1	1.253e5
136.0	1.540e6
136.6	6.096e3
137.1	3.373e5
138.2	8.366e5
139.2	3.701e5
140.1	1.807e5
141.1	4.623e5
142.0	8.720e5
143.1	1.737e5
144.1	2.761e5
145.1	2.186e5
146.1	2.523e5
146.6	1.290e3
147.1	3.651e5
148.1	3.040e5
149.1	4.853e5
150.1	2.371e5
151.1	1.250e5
152.1	1.139e5
152.6	1.010e3
153.1	9.852e4
154.0	3.532e5
154.6	7.470e2
155.2	3.645e5
156.1	2.108e5
157.1	4.673e5
158.1	4.768e5
159.1	2.539e6
160.1	5.381e5
161.1	1.171e5
162.1	1.942e5
162.6	6.830e2
163.1	2.149e5
164.1	5.965e5
164.6	1.227e3
165.1	1.986e5
166.2	3.666e5
167.0	4.748e4
167.6	2.808e5
168.6	1.459e5
169.3	4.583e4
170.2	8.756e4
170.7	1.180e3
171.2	2.647e5
172.1	4.052e5
173.1	4.097e5
174.2	1.909e5
174.8	2.982e4
175.5	3.681e5
176.2	1.486e5
177.0	6.738e5
178.0	1.552e5
178.6	1.565e4
179.3	1.631e5
180.1	1.185e5
181.1	1.267e5
182.1	2.308e5
183.1	6.869e5
183.7	3.815e3
184.2	2.255e5
185.1	1.214e6
186.0	2.562e5
187.1	1.426e6
188.1	2.609e5
189.2	1.902e5
190.1	1.032e5
191.1	1.393e5
191.6	4.460e2
192.1	2.747e5
193.1	1.335e5
193.7	3.643e3
194.2	2.826e5
195.2	1.416e5
196.3	2.019e6
197.2	4.450e5
198.3	7.035e5
199.3	1.745e5
200.1	3.711e5
201.2	1.903e5
202.1	1.212e5
203.1	6.148e5
204.2	2.609e5
205.1	3.325e5
206.2	1.674e5
207.2	1.022e5
208.1	1.176e5
209.1	1.694e5
209.6	2.667e3
210.1	1.344e5
211.1	8.171e4
212.1	1.013e5
213.1	6.096e4
214.2	8.765e6
215.2	1.277e6
216.2	6.207e5
217.2	3.013e5
218.3	3.849e5
219.2	2.868e5
220.2	2.341e5
221.2	1.491e5
222.1	1.251e5
222.7	1.754e3
223.2	6.031e4
224.1	2.172e5
224.6	1.067e3
225.2	8.244e4
226.1	8.548e4
227.1	1.154e5
228.1	1.421e5
228.7	2.631e3
229.2	1.067e5
230.1	7.803e4
231.2	2.136e5
232.1	1.450e5
232.6	1.550e3
233.1	1.390e5
234.1	1.790e5
235.1	8.661e4
236.2	1.847e6
237.2	4.446e5
238.1	2.234e5
239.1	9.851e4
240.1	5.559e4
240.6	4.010e2
241.2	7.707e4
242.1	1.301e5
243.1	1.794e5
243.6	6.800e2
244.1	8.399e4
245.1	9.819e4
246.1	6.841e4
246.6	6.300e2
247.2	8.934e4
248.1	8.806e4
248.7	1.417e3
249.2	6.296e4
250.1	1.106e5
251.2	5.848e4
252.2	1.962e5
253.1	8.619e4
254.1	1.507e5
255.1	8.670e4
255.6	2.166e3
256.2	6.736e4
257.1	4.761e4
258.2	1.255e5
259.2	2.526e5
260.2	9.372e4
260.7	1.290e3
261.2	1.068e5
262.2	1.133e5
263.1	8.270e4
264.1	1.392e5
264.6	1.213e3
265.1	7.448e4
265.6	1.432e3
266.2	7.115e4
266.7	4.610e2
267.3	5.930e4
268.2	3.970e4
269.2	6.200e4
269.7	1.171e3
270.3	5.568e4
271.2	7.090e4
272.2	1.101e5
272.8	2.912e3
273.3	7.398e4
274.2	7.702e4
275.1	5.849e4
276.1	1.123e5
276.6	3.500e2
277.2	1.325e5
278.2	6.463e4
279.2	9.630e4
279.7	4.710e2
280.2	1.221e5
281.2	1.350e5
282.2	7.530e4
283.1	9.481e4
284.1	7.322e4
284.7	1.631e3
285.2	6.948e4
286.2	5.176e4
287.2	6.815e4
288.2	6.888e4
289.2	8.262e4
290.2	1.026e5
291.2	5.314e4
292.1	2.477e5
293.2	7.541e4
294.2	9.500e4
295.1	5.981e4
295.7	3.800e1
296.2	7.199e4
296.7	1.314e3
297.2	4.505e4
298.2	5.727e4
299.2	3.483e4
300.1	6.306e4
300.6	1.167e3
301.2	5.253e4
302.2	5.377e4
303.1	1.282e5
304.1	1.650e5
305.0	7.230e4
306.0	7.753e4
306.6	1.997e3
307.1	8.713e4
307.6	1.063e3
308.1	6.730e4
309.1	6.075e4
309.7	7.830e2
310.2	8.496e4
311.1	4.571e4
312.2	5.748e4
312.7	5.050e2
313.2	6.954e4
314.2	9.313e4
315.2	4.770e4
316.2	6.650e4
317.1	3.919e4
318.2	5.671e4
319.2	5.085e4
319.7	7.300e2
320.2	4.458e4
321.1	1.224e5
322.2	7.359e4
323.2	5.437e4
324.2	8.045e4
325.2	5.730e4
326.2	1.144e5
326.7	4.235e3
327.3	5.516e4
328.2	4.284e4
329.1	6.394e4
329.6	1.607e3
330.2	6.155e4
331.2	2.987e5
332.2	1.208e5
333.1	6.614e4
334.0	5.939e4
334.5	3.181e3
335.1	6.937e4
336.1	7.933e4
336.6	1.605e3
337.2	5.326e4
337.7	2.560e2
338.2	6.287e4
339.1	5.791e4
340.0	6.147e4
340.6	2.562e3
341.1	5.189e4
342.1	7.441e4
342.6	1.929e3
343.2	4.845e4
344.1	7.744e4
344.7	1.551e3
345.2	8.435e4
346.2	5.013e4
347.2	7.986e4
348.1	7.944e4
348.6	5.462e3
349.1	1.899e5
349.7	9.810e2
350.2	6.733e4
351.2	6.009e4
352.1	6.631e4
353.1	4.865e4
354.2	3.446e5
355.1	1.712e5
356.1	7.207e4
356.6	3.690e2
357.1	1.049e5
358.1	4.000e4
359.1	2.981e5
360.1	8.749e4
360.7	4.656e3
361.2	6.448e4
362.2	7.499e4
363.2	6.210e4
364.1	4.518e4
364.7	1.267e3
365.2	2.483e5
365.7	1.288e3
366.2	6.766e4
367.2	3.979e4
368.2	5.763e4
369.2	3.877e4
369.7	2.840e2
370.2	5.396e4
371.1	5.777e4
372.1	5.914e4
373.0	6.546e4
373.6	5.732e3
374.2	4.124e4
375.2	7.469e4
376.2	4.504e4
377.2	1.051e5
378.1	4.606e4
379.2	6.279e4
380.1	3.878e4
380.7	1.769e3
381.2	1.467e5
382.2	5.951e4
382.7	1.627e3
383.2	5.541e4
383.8	1.072e3
384.3	3.644e4
385.0	1.522e4
385.7	4.788e4
386.3	1.163e4
387.0	3.444e4
388.0	3.849e4
388.7	5.730e3
389.3	4.515e4
390.2	2.936e4
391.1	4.580e4
391.6	4.230e2
392.1	5.210e4
393.1	5.233e4
394.2	6.364e4
395.2	4.090e4
396.2	6.946e4
396.7	1.827e3
397.2	4.745e4
398.1	3.777e4
399.1	5.127e4
400.1	3.955e4
400.7	1.912e3
401.2	4.830e4
402.2	2.747e4
403.2	4.133e4
404.2	3.869e4
404.7	1.150e2
405.2	4.557e4
405.7	2.920e2
406.2	2.934e4
407.2	4.121e4
408.2	3.066e4
409.1	6.794e4
410.1	3.875e4
410.6	1.754e3
411.1	4.084e4
411.7	6.044e3
412.2	3.799e4
413.2	3.379e4
414.2	4.981e4
415.1	4.432e4
415.7	1.690e3
416.3	3.883e4
417.2	2.019e4
418.2	2.807e4
419.0	2.245e4
420.0	2.438e4
421.0	3.383e4
421.8	1.222e4
422.6	3.119e4
423.3	9.110e3
424.0	2.434e4
424.9	3.610e4
425.6	9.326e3
426.2	3.592e4
427.1	5.072e4
428.2	2.844e4
429.1	2.643e4
430.0	3.809e4
430.6	6.833e3
431.3	5.745e4
432.3	3.036e4
433.3	3.287e4
434.2	2.414e4
435.2	4.617e4
436.1	2.054e4
437.0	2.609e4
437.6	2.979e3
438.1	6.599e4
438.7	2.833e3
439.3	5.961e4
440.2	2.561e4
441.1	2.739e4
442.0	2.774e4
442.6	2.368e3
443.3	3.673e4
444.3	3.064e4
445.2	3.203e4
446.2	2.850e4
447.2	4.212e4
448.2	4.013e4
448.7	3.170e2
449.3	1.482e5
449.8	1.554e3
450.3	6.229e4
451.3	4.657e4
451.8	7.420e2
452.3	3.888e4
453.1	1.955e4
453.9	3.046e4
454.6	6.948e3
455.3	4.849e4
456.1	2.769e4
457.0	3.066e4
457.5	6.290e2
458.1	3.153e4
459.1	2.821e4
459.7	2.512e3
460.2	3.954e4
461.2	2.361e4
461.7	7.270e2
462.2	3.307e4
463.2	2.030e4
464.3	2.277e4
465.2	1.202e4
466.0	3.161e4
466.5	5.120e2
467.1	2.176e4
467.7	6.900e2
468.2	2.430e4
469.1	2.429e4
469.6	2.361e3
470.2	3.194e4
471.3	2.174e4
472.2	4.397e4
473.1	1.886e4
473.8	7.064e3
474.5	3.294e4
475.3	1.972e4
476.2	5.572e4
477.2	4.012e4
478.1	2.170e4
479.1	2.928e4
480.1	2.242e4
480.6	2.384e3
481.2	3.295e4
481.8	1.475e3
482.4	3.367e4
483.3	2.539e4
484.3	1.972e4
485.1	1.529e4
486.1	2.820e4
487.1	1.564e4
487.7	9.670e2
488.2	1.716e4
489.3	2.203e4
490.3	3.610e4
491.2	1.828e4
492.1	2.807e4
492.7	4.850e3
493.4	2.648e4
494.0	1.535e3
494.6	2.554e4
495.2	1.357e4
496.2	2.494e4
497.2	3.574e4
498.2	2.869e4
499.1	2.743e4
500.0	1.874e4
500.9	2.780e4
501.5	7.880e2
502.2	3.852e4
502.7	2.800e2
503.3	1.935e4
504.2	1.773e4
505.2	1.857e4
506.2	2.281e4
507.1	1.952e4
507.7	6.480e2
508.2	2.095e4
509.2	2.452e4
510.1	1.888e4
511.0	1.608e4
512.0	2.174e4
512.7	1.103e4
513.5	2.785e4
514.3	1.900e4
515.2	1.273e4
515.8	2.271e3
516.4	2.989e4
516.9	1.367e3
517.5	2.367e4
518.2	7.334e3
519.0	2.018e4
520.0	2.263e4
520.6	4.241e3
521.3	1.769e4
522.1	1.223e4
522.7	1.094e3
523.3	1.569e4
523.8	3.980e2
524.3	2.924e4
525.2	2.320e4
526.2	4.950e4
526.7	2.286e3
527.3	2.320e5
527.8	4.247e3
528.4	9.283e4
529.3	2.505e4
530.1	2.130e4
531.1	2.554e4
531.6	4.570e2
532.1	2.626e4
533.0	2.686e4
534.1	1.902e4
535.1	1.598e4
535.6	1.639e3
536.2	1.945e4
537.1	2.815e4
538.0	1.130e4
539.0	1.934e4
540.0	8.610e3
540.8	1.665e4
541.3	2.610e2
541.9	2.372e4
542.6	6.222e3
543.3	7.020e4
543.8	2.460e2
544.4	2.920e4
545.3	2.416e4
546.2	1.392e4
546.9	4.169e3
547.5	1.887e4
548.5	2.197e4
549.3	1.505e4
550.3	1.437e4
551.3	1.909e4
551.9	4.857e3
552.7	1.829e4
553.7	1.365e4
554.2	5.640e2
554.7	1.556e4
555.5	6.510e3
556.3	1.921e4
557.3	1.940e4
558.3	3.965e4
559.2	2.967e4
560.2	1.317e4
561.2	2.049e4
562.1	1.713e4
562.8	3.946e3
563.4	1.696e4
564.2	6.121e3
564.9	2.412e4
565.9	1.250e4
566.4	7.030e2
566.9	1.503e4
567.8	4.057e3
568.4	1.855e4
569.2	5.371e3
569.9	1.914e4
570.5	2.632e3
571.2	2.129e4
572.1	1.812e4
573.2	1.616e4
573.9	5.932e3
574.6	1.944e4
575.3	6.623e3
576.2	2.890e4
577.1	2.511e4
577.7	2.781e3
578.3	1.367e4
579.1	1.025e4
579.7	3.354e3
580.3	8.816e3
581.2	1.418e4
582.1	1.509e4
582.8	5.670e3
583.6	1.022e4
584.5	1.938e4
585.0	2.640e2
585.6	1.953e4
586.4	8.610e3
587.3	1.545e4
588.0	4.045e3
588.7	1.712e4
589.5	7.945e3
590.3	1.893e4
591.2	1.033e4
592.2	1.581e4
593.1	1.779e4
594.1	1.567e4
594.6	8.680e2
595.3	1.341e4
596.1	1.289e4
597.0	3.295e3
597.6	1.628e4
598.1	2.399e3
598.7	1.505e4
599.8	1.363e4
600.5	4.138e3
601.1	1.135e4
601.8	2.553e3
602.5	1.526e4
603.5	1.279e4
604.6	1.408e4
605.5	1.313e4
606.5	1.072e4
607.2	1.955e4
607.8	2.170e3
608.3	1.003e4
609.3	1.237e4
609.8	3.490e2
610.3	1.440e4
611.3	9.119e3
612.2	1.347e4
613.1	7.529e3
613.9	1.004e4
614.9	1.032e4
615.9	1.363e4
616.5	9.010e2
617.0	1.236e4
618.0	6.776e3
618.9	1.048e4
619.6	1.559e3
620.2	1.563e4
620.9	5.640e3
621.7	6.795e3
622.5	2.221e4
623.4	7.061e3
624.3	2.000e4
625.1	1.099e4
626.1	1.431e4
626.7	2.572e3
627.3	1.275e4
628.0	1.295e3
628.7	6.827e3
629.5	1.718e4
630.2	9.480e2
630.8	1.008e4
631.5	2.799e3
632.3	1.272e4
633.2	1.508e4
634.1	7.429e3
634.9	2.601e3
635.6	5.332e3
636.4	1.509e4
637.0	1.036e3
637.5	1.744e4
638.5	1.704e4
639.4	1.055e4
640.3	1.496e4
641.3	7.955e3
641.9	1.855e3
642.5	1.860e4
643.5	1.165e4
644.2	4.026e3
645.2	1.200e4
645.8	2.121e3
646.5	1.605e4
647.3	1.241e4
648.1	3.118e3
648.9	2.467e4
649.5	1.362e3
650.4	8.979e3
650.9	2.940e2
651.5	5.274e3
652.4	1.754e4
653.4	9.268e3
654.4	1.623e4
655.2	7.995e3
655.8	1.120e3
656.4	1.063e4
657.4	8.629e3
658.0	1.008e3
658.6	8.479e3
659.5	1.212e4
660.3	4.862e3
661.3	8.409e3
662.1	5.129e3
663.0	6.607e3
663.9	1.361e4
664.8	1.390e4
665.5	4.100e2
666.0	1.184e4
667.0	7.410e3
667.8	1.377e4
668.4	2.873e3
669.1	1.068e4
670.1	1.236e4
670.6	4.220e2
671.1	1.044e4
672.1	9.400e3
673.0	9.265e3
673.9	7.692e3
674.5	6.060e2
675.1	8.390e3
676.0	3.700e3
677.1	1.262e4
678.0	5.035e3
679.0	1.354e4
680.0	1.008e4
681.2	1.223e4
681.8	4.580e2
682.3	7.720e3
683.1	6.233e3
684.0	9.563e3
684.7	3.291e3
685.3	1.808e4
686.2	8.499e3
687.1	1.009e4
687.9	2.309e3
688.5	1.255e4
689.4	1.558e4
690.1	2.960e3
690.8	1.193e4
691.5	2.156e3
692.2	1.039e4
693.3	1.102e4
694.2	1.502e4
694.7	5.250e2
695.3	9.871e3
696.2	8.549e3
696.7	2.910e2
697.3	1.427e4
698.2	6.349e3
699.2	1.069e4
700.0	3.343e3
700.9	8.031e3
701.9	6.398e3
702.5	8.870e2
703.2	1.131e4
704.1	7.021e3
705.0	1.428e4
705.6	3.156e3
706.3	6.525e3
707.2	1.315e4
708.1	1.148e4
708.7	2.630e2
709.2	1.125e4
710.1	4.682e3
710.9	3.757e3
711.8	1.332e4
712.7	8.006e3
713.3	2.215e3
714.0	1.023e4
715.1	7.932e3
716.1	8.147e3
716.7	2.570e2
717.2	8.700e3
718.2	1.342e4
718.8	7.700e2
719.4	2.381e3
720.2	1.013e4
720.9	2.777e3
721.6	1.377e4
722.6	8.686e3
723.3	4.290e2
723.8	7.484e3
724.4	7.390e2
725.0	1.032e4
726.1	9.426e3
726.8	4.116e3
727.9	1.239e4
728.8	1.260e4
729.4	2.340e2
730.0	5.804e3
730.7	1.540e2
731.2	1.265e4
731.9	1.483e3
732.5	1.244e4
733.5	8.650e3
734.3	7.225e3
734.9	6.550e2
735.9	8.340e3
736.6	8.100e1
737.2	1.148e4
738.2	1.418e4
739.1	1.069e4
740.0	9.153e3
741.0	6.944e3
741.5	1.270e3
742.0	4.468e3
742.8	1.589e4
743.4	5.380e2
743.9	1.081e4
744.5	2.054e3
745.3	8.548e3
746.0	1.054e3
746.8	7.489e3
747.8	3.654e3
748.5	9.270e2
749.1	1.045e4
750.1	7.509e3
750.9	9.324e3
751.6	4.986e3
752.5	8.938e3
753.1	7.510e2
753.6	9.423e3
754.6	4.698e3
755.5	5.682e3
756.2	7.562e3
757.2	8.000e3
758.0	3.640e3
759.2	8.656e3
760.0	2.970e3
760.6	8.022e3
761.1	3.410e2
761.8	9.887e3
762.4	3.342e3
763.0	7.733e3
764.0	9.045e3
764.6	5.770e2
765.1	1.245e4
766.1	7.097e3
767.0	9.877e3
767.5	1.504e3
768.2	1.060e4
768.8	2.795e3
769.6	7.822e3
770.6	1.315e4
771.5	8.326e3
772.4	7.358e3
772.9	3.740e2
773.7	8.183e3
774.3	8.640e2
775.0	3.229e3
775.8	2.510e3
776.5	1.040e4
777.0	2.210e2
777.5	7.190e3
778.3	2.262e3
779.1	5.407e3
780.0	6.630e2
780.5	1.178e4
781.6	1.815e3
782.6	1.114e4
783.5	5.784e3
784.5	1.630e4
785.2	2.322e3
785.9	1.067e4
786.8	1.016e4
787.4	1.151e3
788.1	2.952e3
788.9	1.134e4
789.7	4.106e3
790.5	1.693e3
791.2	8.077e3
791.8	1.819e3
792.8	7.171e3
793.6	5.057e3
794.4	9.882e3
795.2	3.790e3
796.1	8.836e3
797.1	5.530e3
798.0	9.186e3
799.0	6.618e3
799.8	4.041e3
800.6	8.256e3
801.1	6.340e2
801.8	8.993e3
802.3	1.321e3
802.9	7.119e3
803.6	3.072e3
804.2	3.850e2
804.8	5.379e3
805.4	6.500e1
805.9	7.230e3
807.0	4.783e3
807.8	1.963e3
808.6	1.014e4
809.5	2.616e3
810.2	7.854e3
811.1	3.451e3
812.0	7.108e3
812.7	2.063e3
813.4	5.878e3
813.9	1.480e2
814.4	5.393e3
815.1	1.014e3
815.8	6.240e3
816.5	1.704e3
817.2	7.268e3
818.1	4.154e3
818.8	9.096e3
820.0	3.389e3
821.0	3.163e3
821.6	1.900e1
822.1	1.119e4
822.8	5.610e2
823.5	6.076e3
824.4	2.499e3
825.3	7.880e3
826.3	1.544e3
827.0	7.022e3
827.6	7.750e2
828.4	4.414e3
829.2	4.050e3
830.0	3.880e3
830.9	9.316e3
831.5	1.054e3
832.3	9.347e3
833.4	9.506e3
833.9	9.910e2
834.6	3.153e3
835.4	1.726e3
836.2	4.502e3
836.8	1.600e1
837.4	3.433e3
838.1	1.016e3
838.9	6.513e3
839.9	7.056e3
840.6	8.800e2
841.3	3.686e3
841.9	7.430e2
842.4	7.448e3
843.4	4.521e3
844.0	1.281e3
844.8	4.836e3
845.9	5.322e3
847.4	7.263e3
848.4	3.069e3
849.4	1.589e3
850.1	3.300e2
850.6	5.775e3
851.4	1.236e4
852.1	4.359e3
853.2	7.375e3
854.2	3.518e3
855.3	8.148e3
855.9	1.357e3
856.6	7.764e3
857.5	6.241e3
858.4	3.222e3
859.1	7.079e3
859.7	6.670e2
860.3	5.868e3
861.3	4.931e3
862.0	1.172e3
863.0	4.449e3
864.0	1.108e3
864.9	6.256e3
866.0	3.450e3
866.7	6.906e3
867.4	1.599e3
868.1	1.062e4
869.1	2.927e3
870.1	6.280e3
871.0	2.091e3
871.6	7.210e2
872.2	3.745e3
873.0	8.834e3
873.7	1.715e3
874.9	4.603e3
875.8	8.480e3
876.5	4.250e2
877.1	7.080e3
878.0	5.546e3
878.6	5.750e2
879.2	4.669e3
880.0	2.352e3
880.9	4.939e3
881.4	9.140e2
882.1	1.659e3
882.8	4.785e3
883.4	1.160e3
884.0	8.139e3
884.9	3.804e3
885.6	8.464e3
886.3	4.890e2
886.9	5.169e3
887.6	1.100e3
888.3	5.970e3
889.1	4.856e3
889.8	2.295e3
890.5	6.681e3
891.3	4.543e3
892.2	1.821e3
892.7	7.500e2
893.3	4.677e3
894.1	1.578e3
894.7	4.753e3
895.7	5.405e3
896.7	1.679e3
897.5	4.904e3
898.2	1.088e3
899.1	4.715e3
899.9	3.590e3
900.8	9.573e3
901.5	3.779e3
902.0	7.760e2
902.6	9.385e3
903.6	3.057e3
904.3	6.210e2
904.9	6.197e3
905.6	3.050e2
906.2	7.828e3
906.8	4.510e2
907.4	3.271e3
908.3	4.868e3
909.1	1.822e3
909.9	4.516e3
910.8	6.582e3
911.5	2.475e3
912.1	1.982e3
912.8	7.934e3
913.6	3.402e3
914.4	2.604e3
915.3	9.638e3
916.0	3.204e3
917.0	4.426e3
917.8	5.145e3
918.6	2.834e3
919.4	8.741e3
920.1	4.840e2
920.7	2.821e3
921.6	3.298e3
922.4	1.624e3
923.3	2.002e3
924.0	3.413e3
924.9	3.908e3
925.6	2.320e3
926.3	1.520e3
927.2	2.070e3
927.8	4.235e3
928.5	2.590e2
929.3	2.110e3
930.0	7.405e3
930.9	2.825e3
931.8	3.762e3
932.6	2.642e3
933.2	4.020e2
933.7	5.458e3
935.0	4.632e3
936.0	7.247e3
936.8	3.109e3
937.4	5.753e3
938.2	3.908e3
938.8	5.890e3
939.8	1.541e3
940.5	4.915e3
941.5	5.786e3
942.2	2.603e3
943.0	8.190e2
943.6	4.255e3
944.5	4.470e2
945.3	5.647e3
945.8	2.310e2
946.3	4.202e3
947.0	6.080e2
947.6	6.392e3
948.2	2.245e3
948.9	6.401e3
949.7	1.126e3
950.4	7.760e3
951.1	1.510e3
951.8	4.964e3
952.3	5.710e2
952.9	4.370e3
953.9	1.293e4
954.8	5.664e3
955.5	1.325e3
956.2	3.642e3
957.1	4.887e3
957.9	2.059e3
958.7	7.240e2
959.3	6.871e3
959.8	7.820e2
960.5	3.843e3
961.4	1.578e3
962.3	2.753e3
963.1	1.989e3
964.0	9.141e3
964.9	4.067e3
965.5	9.120e2
966.2	9.638e3
967.1	1.280e3
967.9	4.601e3
968.5	2.680e2
969.0	7.274e3
969.6	5.830e2
970.5	1.140e4
971.6	1.855e3
972.6	3.883e3
973.3	3.026e3
974.0	1.628e3
974.7	3.628e3
975.6	3.514e3
976.6	1.806e3
977.4	1.962e3
978.3	3.605e3
979.2	1.136e3
980.0	4.906e3
981.0	1.154e3
981.7	3.530e2
982.3	4.087e3
983.4	5.270e3
984.3	3.729e3
985.1	3.465e3
986.0	4.618e3
986.8	7.240e2
987.4	2.481e3
988.2	4.844e3
989.3	3.272e3
990.2	5.288e3
991.0	8.970e2
992.0	2.646e3
992.7	3.130e2
993.6	3.758e3
994.6	7.403e3
995.7	2.735e3
996.6	8.859e3
997.2	3.020e2
997.9	3.875e3
999.0	3.761e3
1000.0	1.164e3
1000.6	3.609e3
1001.7	5.205e3
1002.9	4.511e3
1003.8	3.501e3
1004.7	7.240e3
1005.4	1.090e3
1006.5	7.463e3
1007.3	2.240e3
1008.3	1.419e3
1009.0	7.452e3
1009.6	4.680e2
1010.1	2.310e2
1010.7	3.005e3
1011.5	2.610e3
1012.1	5.280e2
1012.6	7.152e3
1013.6	4.002e3
1014.7	7.005e3
1015.3	2.703e3
1016.0	4.065e3
1017.0	1.949e3
1017.9	5.180e3
1018.5	1.520e3
1019.3	4.902e3
1020.3	5.172e3
1021.3	8.005e3
1022.3	4.591e3
1023.0	1.920e3
1023.6	3.213e3
1024.5	4.696e3
1025.3	1.346e3
1026.3	5.201e3
1027.2	2.758e3
1027.7	5.020e2
1028.4	1.940e3
1029.2	2.985e3
1029.9	3.976e3
1030.8	6.866e3
1031.5	1.534e3
1032.2	2.528e3
1033.1	6.056e3
1034.1	2.681e3
1034.9	7.800e3
1035.7	1.210e3
1036.3	8.785e3
1037.3	2.947e3
1038.1	6.305e3
1038.8	2.535e3
1039.4	2.060e2
1040.0	3.077e3
1041.0	4.076e3
1041.7	2.121e3
1042.3	2.660e2
1042.9	4.603e3
1043.6	2.015e3
1044.2	4.340e3
1045.1	5.043e3
1045.9	2.100e3
1046.5	4.735e3
1047.4	5.720e2
1048.1	3.616e3
1049.3	4.513e3
1050.2	1.331e3
1050.9	8.990e3
1051.6	7.330e2
1052.2	2.442e3
1052.9	1.357e3
1053.6	4.196e3
1054.5	6.879e3
1055.8	4.856e3
1056.3	4.060e2
1056.9	3.801e3
1057.5	4.870e2
1058.3	2.562e3
1059.2	4.612e3
1059.9	1.288e3
1060.6	3.903e3
1061.5	1.159e3
1062.1	8.410e3
1062.7	5.130e2
1063.3	3.276e3
1064.1	8.568e3
1064.7	5.220e2
1065.3	5.290e3
1066.0	2.495e3
1066.9	4.604e3
1067.8	3.340e2
1068.4	5.336e3
1069.3	1.685e3
1070.0	3.134e3
1070.7	1.073e3
1071.5	4.702e3
1072.9	3.820e2
1073.6	4.969e3
1074.6	3.847e3
1075.4	2.580e3
1076.2	5.450e2
1077.1	2.431e3
1077.8	1.110e3
1078.5	1.905e3
1079.6	4.906e3
1080.7	5.672e3
1081.6	3.514e3
1082.3	7.300e2
1083.2	1.425e3
1084.0	1.618e3
1084.7	4.627e3
1085.5	4.938e3
1086.5	2.279e3
1087.3	3.795e3
1088.3	2.614e3
1089.1	3.627e3
1090.0	3.006e3
1090.9	3.226e3
1091.9	1.901e3
1093.1	4.260e3
1094.0	1.173e3
1094.6	1.220e2
1095.2	8.000e2
1096.0	4.966e3
1096.9	2.259e3
1097.8	5.239e3
1098.7	3.142e3
1099.6	5.776e3
1100.2	9.350e2
1100.8	3.989e3
1101.9	1.222e3
1102.7	4.509e3
1103.5	5.840e3
1104.4	4.322e3
1105.4	6.580e2
1106.0	1.123e3
1106.5	3.570e2
1107.3	6.091e3
1108.4	4.687e3
1110.0	3.305e3
1111.2	3.745e3
1111.9	4.235e3
1112.4	3.050e2
1113.3	4.460e3
1114.2	2.936e3
1114.9	1.032e3
1115.6	3.593e3
1116.4	1.448e3
1117.0	6.700e3
1117.8	1.365e3
1118.6	1.474e3
1119.2	6.705e3
1119.8	2.330e2
1120.3	1.721e3
1121.1	3.367e3
1121.7	8.610e2
1122.4	3.637e3
1123.4	4.021e3
1124.3	5.107e3
1124.9	5.100e1
1125.7	8.790e2
1126.3	1.942e3
1127.1	3.128e3
1127.7	5.210e2
1128.6	4.255e3
1129.4	1.418e3
1130.1	6.120e2
1130.8	5.378e3
1131.5	3.870e2
1132.0	2.520e3
1132.6	2.830e3
1133.4	2.426e3
1134.4	2.074e3
1135.4	2.590e3
1136.1	8.650e2
1136.7	3.819e3
1137.3	2.690e2
1137.9	4.947e3
1138.7	3.973e3
1139.4	4.540e2
1140.0	3.422e3
1141.0	1.985e3
1141.7	6.170e3
1142.3	1.571e3
1143.6	5.104e3
1144.6	5.277e3
1145.6	3.566e3
1146.1	6.870e2
1147.0	4.980e3
1147.8	1.084e3
1148.7	5.191e3
1149.3	4.240e2
1149.9	3.415e3
1150.5	4.800e1
1151.1	3.554e3
1152.4	2.545e3
1153.3	2.683e3
1154.0	1.860e2
1154.7	4.071e3
1155.4	5.450e2
1155.9	2.180e2
1156.5	5.575e3
1157.5	3.590e3
1158.3	2.626e3
1159.0	1.308e3
1159.6	6.909e3
1160.6	3.297e3
1161.3	8.210e2
1161.9	6.563e3
1163.0	3.088e3
1164.2	2.410e3
1165.1	3.044e3
1165.8	4.528e3
1166.4	3.254e3
1167.5	1.784e3
1168.3	2.368e3
1168.8	5.680e2
1169.4	2.934e3
1170.2	2.081e3
1170.9	2.678e3
1171.7	3.168e3
1172.7	5.120e2
1173.6	2.993e3
1174.2	2.470e2
1174.9	8.000e2
1175.7	4.996e3
1176.4	1.145e3
1177.4	4.650e3
1178.0	6.570e2
1178.7	3.199e3
1179.3	2.640e2
1179.9	2.414e3
1180.7	6.366e3
1181.7	2.254e3
1182.5	1.568e3
1183.4	1.050e3
1184.6	1.741e3
1185.6	2.249e3
1186.5	4.657e3
1187.4	8.920e2
1188.4	8.640e2
1189.4	5.152e3
1190.3	4.863e3
1191.0	2.151e3
1192.0	1.347e3
1192.5	1.920e2
1193.3	5.585e3
1194.1	1.727e3
1194.7	1.131e3
1195.6	4.128e3
1196.4	1.858e3
1197.2	5.357e3
1197.9	8.520e2
1198.6	1.070e3
1199.6	9.750e2
1200.5	4.231e3
1201.8	9.940e2
1202.8	4.289e3
1203.9	3.508e3
1204.9	3.183e3
1206.0	3.974e3
1207.0	2.040e2
1207.8	1.792e3
1208.5	7.400e2
1209.7	6.443e3
1210.6	2.903e3
1211.2	9.900e2
1211.9	5.208e3
1212.8	6.190e2
1213.7	5.867e3
1214.3	8.030e2
1214.9	4.540e2
1215.5	7.360e2
1216.3	4.966e3
1217.3	7.732e3
1218.2	9.700e2
1219.0	5.090e3
1220.2	1.427e3
1220.9	9.780e2
1221.5	7.620e2
1222.4	4.267e3
1223.5	4.411e3
1224.3	2.855e3
1225.3	1.103e3
1226.2	2.476e3
1226.8	1.180e3
1227.5	2.957e3
1228.4	2.733e3
1229.4	2.656e3
1230.0	1.211e3
1230.9	3.985e3
1231.9	2.073e3
1232.9	1.239e3
1233.7	2.555e3
1234.8	1.421e3
1235.7	3.451e3
1236.2	3.090e2
1237.0	2.200e3
1237.7	3.660e2
1238.4	1.422e3
1239.2	5.922e3
1240.0	1.422e3
1241.0	1.051e3
1241.7	2.189e3
1242.4	5.713e3
1243.2	5.515e3
1244.0	2.549e3
1245.0	5.295e3
1246.0	1.870e3
1246.7	8.370e2
1247.5	4.611e3
1248.4	1.248e3
1249.7	3.784e3
1250.4	3.170e2
1251.0	3.172e3
1251.8	9.600e1
1252.5	1.448e3
1253.8	2.712e3
1254.7	1.500e3
1255.5	6.102e3
1256.1	1.920e2
1256.7	5.113e3
1257.4	7.230e2
1258.3	1.136e3
1259.0	3.046e3
1260.0	2.117e3
1260.8	1.595e3
1261.4	4.934e3
1262.0	3.490e2
1263.0	2.857e3
1263.9	5.697e3
1265.2	1.314e3
1266.0	3.374e3
1266.9	1.517e3
1267.7	6.730e2
1268.8	2.384e3
1269.4	6.300e2
1270.0	2.734e3
1271.1	2.318e3
1271.8	1.800e1
1272.3	7.868e3
1273.1	1.058e3
1274.0	2.517e3
1275.1	4.521e3
1275.8	3.592e3
1276.4	7.800e2
1277.4	2.728e3
1278.6	5.210e2
1279.2	2.044e3
1280.2	2.238e3
1281.0	4.220e2
1281.8	6.930e2
1283.0	1.807e3
1283.6	3.720e3
1284.5	3.823e3
1285.4	1.880e2
1285.9	5.794e3
1286.8	1.377e3
1288.7	4.180e2
1289.4	3.035e3
1290.1	7.650e2
1290.7	3.159e3
1291.6	2.166e3
1292.5	9.980e2
1293.2	1.857e3
1294.0	9.810e2
1294.9	2.990e3
1295.9	1.701e3
1296.9	1.310e3
1297.5	2.380e2
1298.2	8.230e2
1299.3	2.317e3
1300.5	1.777e3
1301.3	2.626e3
1302.6	4.729e3
1303.5	6.730e2
1304.3	1.826e3
1305.3	2.260e2
1306.2	3.590e3
1306.7	5.750e2
1307.7	2.661e3
1308.5	5.761e3
1309.4	2.966e3
1309.9	4.920e2
1310.7	1.188e3
1311.4	9.600e2
1312.7	3.521e3
1313.5	1.760e3
1314.5	1.385e3
1315.4	1.433e3
1316.2	2.620e3
1317.1	2.266e3
1318.0	1.904e3
1318.6	9.320e2
1319.4	4.615e3
1320.2	4.090e2
1320.8	1.346e3
1321.7	2.938e3
1322.4	7.250e2
1322.9	2.930e2
1323.7	1.740e2
1324.4	2.343e3
1325.2	1.177e3
1326.1	1.502e3
1327.0	1.950e2
1327.8	2.357e3
1328.7	6.730e2
1329.6	1.246e3
1330.7	2.216e3
1331.5	8.710e2
1332.4	2.834e3
1333.2	4.138e3
1334.2	9.880e2
1334.9	1.653e3
1336.1	5.490e2
1337.0	2.813e3
1337.9	2.400e2
1338.4	5.410e2
1339.0	2.151e3
1339.5	3.100e2
1340.6	1.423e3
1341.5	2.579e3
1342.7	1.837e3
1343.4	7.040e2
1344.2	1.826e3
1345.5	2.345e3
1346.3	3.630e3
1347.3	2.923e3
1348.2	1.829e3
1349.0	2.262e3
1349.9	1.117e3
1350.9	8.160e2
1351.6	2.017e3
1352.5	3.521e3
1353.3	7.740e2
1354.3	2.890e2
1355.1	1.600e2
1356.1	1.148e3
1357.0	4.860e2
1357.8	3.025e3
1359.1	1.834e3
1359.8	1.024e3
1360.4	1.546e3
1361.1	5.620e2
1362.0	2.019e3
1362.6	3.850e2
1363.5	3.343e3
1364.7	8.460e2
1365.7	3.276e3
1367.1	1.958e3
1368.0	1.656e3
1368.9	2.173e3
1369.7	7.750e2
1370.4	2.704e3
1370.9	1.420e2
1371.6	9.050e2
1372.4	1.655e3
1373.4	5.167e3
1374.2	6.020e2
1375.6	1.872e3
1376.8	5.130e3
1377.6	8.570e2
1378.7	1.744e3
1379.6	7.140e2
1380.5	2.889e3
1381.3	3.290e3
1383.0	6.580e2
1383.8	1.883e3
1384.3	3.930e2
1385.0	1.396e3
1385.8	4.446e3
1386.8	1.314e3
1389.0	1.517e3
1389.8	2.830e2
1390.9	7.120e2
1391.7	1.801e3
1392.4	7.930e2
1393.1	1.727e3
1394.1	2.134e3
1394.7	2.830e3
1396.5	1.290e2
1397.3	3.647e3
1398.3	2.944e3
1399.2	2.193e3
1399.9	1.902e3
1400.5	1.450e2
1401.0	1.612e3
1402.1	3.400e3
1403.1	1.583e3
1403.8	8.320e2
1404.7	2.417e3
1405.3	4.770e2
1406.0	2.017e3
1406.8	5.369e3
1407.9	9.520e2
1408.6	1.915e3
1409.8	1.686e3
1410.6	4.192e3
1411.3	4.820e2
1412.5	1.160e3
1413.4	2.581e3
1414.1	3.510e2
1414.6	4.337e3
1415.7	3.210e2
1416.5	2.192e3
1417.3	8.040e2
1418.4	3.840e2
1419.5	1.463e3
1420.4	3.415e3
1421.4	2.234e3
1422.1	3.550e3
1422.7	1.700e1
1423.2	3.698e3
1423.9	5.320e2
1424.9	3.370e2
1425.9	3.632e3
1427.1	2.351e3
1428.7	9.000e2
1429.5	9.270e2
1430.2	2.670e2
1431.2	1.978e3
1432.6	1.686e3
1433.6	2.960e3
1434.2	4.500e2
1435.3	8.890e2
1436.5	1.050e3
1437.1	5.830e2
1437.8	2.216e3
1438.6	1.440e3
1440.2	2.469e3
1441.4	3.976e3
1442.3	1.811e3
1443.1	1.893e3
1443.9	3.830e2
1444.4	3.126e3
1445.4	1.055e3
1446.2	4.290e2
1446.8	1.632e3
1447.8	1.276e3
1449.2	5.380e2
1450.0	1.921e3
1451.0	9.780e2
1452.3	2.372e3
1453.5	3.163e3
1454.4	2.118e3
1455.4	1.474e3
1456.5	2.032e3
1457.6	2.122e3
1458.1	1.630e2
1458.7	8.950e2
1459.7	6.050e2
1460.5	3.774e3
1461.1	3.600e1
1461.7	5.000e2
1463.0	1.072e3
1463.6	6.240e2
1464.6	1.850e2
1465.3	2.606e3
1467.3	1.409e3
1468.2	4.282e3
1468.9	7.330e2
1469.7	7.830e2
1470.3	3.410e2
1471.0	2.939e3
1472.2	7.640e2
1472.9	7.320e2
1473.7	3.986e3
1474.4	3.451e3
1475.3	5.300e2
1476.0	8.970e2
1477.5	2.640e2
1478.3	7.410e2
1479.4	2.408e3
1480.2	2.280e2
1481.9	8.560e2
1482.7	1.374e3
1483.5	5.610e2
1484.4	2.220e2
1485.0	1.041e3
1486.3	1.476e3
1487.1	4.868e3
1487.7	6.250e2
1488.3	1.371e3
1489.6	1.945e3
1490.7	1.516e3
1491.4	4.200e2
1492.3	1.781e3
1493.7	2.374e3
1494.5	1.587e3
1495.2	6.200e1
1495.7	1.921e3
1496.6	1.128e3
1497.3	3.532e3
1498.3	2.274e3
1498.8	5.000e2
1499.5	3.365e3
1500.6	1.850e3
1501.4	9.680e2
1502.2	1.374e3
1502.7	3.240e2
1503.3	6.050e2
1504.3	1.360e3
1505.7	1.468e3
1506.9	1.497e3
1507.9	1.005e3
1508.5	9.870e2
1509.7	1.334e3
1510.4	5.310e2
1511.9	2.070e3
1512.5	1.470e2
1513.0	8.750e2
1514.2	7.020e2
1514.7	8.100e1
1515.4	1.475e3
1516.5	1.371e3
1517.4	1.390e2
1518.1	7.630e2
1519.0	6.210e2
1519.9	2.034e3
1520.6	8.570e2
1521.4	2.436e3
1522.6	1.066e3
1523.6	4.908e3
1524.8	3.621e3
1525.8	1.043e3
1526.6	6.710e2
1527.5	2.576e3
1528.1	4.670e2
1529.1	3.626e3
1530.9	2.590e2
1532.1	4.927e3
1532.8	1.740e2
1533.3	4.880e3
1534.0	1.570e2
1535.8	2.290e2
1536.8	1.309e3
1538.3	7.520e2
1540.1	6.880e2
1540.7	1.434e3
1542.0	9.040e2
1542.6	7.890e2
1543.3	1.319e3
1544.1	2.270e3
1545.3	3.225e3
1546.5	1.356e3
1547.2	1.512e3
1548.5	4.123e3
1549.2	1.534e3
1549.8	3.600e2
1550.5	9.570e2
1551.7	3.660e2
1552.6	2.878e3
1553.5	7.060e2
1554.2	2.459e3
1554.8	3.100e2
1555.4	4.090e2
1556.5	2.582e3
1557.6	3.150e2
1558.2	1.623e3
1559.5	2.016e3
1561.3	2.380e3
1562.2	1.623e3
1563.7	1.085e3
1564.7	5.240e2
1565.4	3.530e3
1566.2	4.740e2
1567.3	2.740e2
1567.8	6.120e2
1568.9	2.230e3
1569.8	2.330e2
1570.4	2.080e2
1571.0	6.520e2
1572.0	8.260e2
1572.8	1.390e3
1573.8	3.149e3
1575.0	2.873e3
1575.6	6.900e1
1576.2	1.677e3
1576.8	6.060e2
1577.5	4.830e2
1578.2	1.350e3
1579.0	1.656e3
1579.7	1.326e3
1580.3	1.150e2
1580.9	3.377e3
1581.8	1.124e3
1582.5	7.380e2
1583.4	7.950e2
1584.5	3.031e3
1585.6	6.530e2
1587.1	1.441e3
1587.9	1.800e2
1588.5	9.850e2
1589.4	1.670e3
1591.2	1.102e3
1591.7	3.720e2
1592.4	4.293e3
1594.1	3.920e2
1594.7	8.010e2
1596.3	5.370e2
1597.0	3.750e2
1597.7	2.471e3
1598.5	8.230e2
1599.5	1.469e3
1600.5	3.378e3
1601.2	7.860e2
1602.1	3.370e2
1602.8	6.530e2
1603.9	1.050e2
1604.8	4.610e2
1605.8	7.400e2
1606.7	1.133e3
1608.2	1.417e3
1609.0	8.180e2
1609.6	1.187e3
1610.5	4.508e3
1611.2	1.779e3
1611.9	5.380e2
1612.5	9.200e2
1613.3	8.220e2
1614.0	2.667e3
1614.9	1.922e3
1615.7	4.340e2
1616.5	4.530e2
1617.2	1.580e2
1617.8	4.000e2
1618.9	4.300e2
1619.7	1.462e3
1620.6	3.649e3
1621.6	1.570e3
1622.5	1.499e3
1623.4	1.700e1
1624.0	1.854e3
1624.9	1.940e3
1626.1	9.240e2
1626.8	1.305e3
1628.2	2.446e3
1629.4	1.154e3
1629.9	4.090e2
1630.6	1.204e3
1633.3	8.670e2
1634.1	1.700e1
1634.9	1.769e3
1636.0	4.320e2
1637.5	2.680e2
1638.3	8.710e2
1639.9	4.485e3
1641.0	1.998e3
1641.9	2.400e2
1642.7	1.730e2
1644.2	4.540e2
1645.5	3.950e2
1646.7	1.550e2
1647.3	5.890e2
1648.0	2.140e2
1649.4	1.723e3
1650.7	6.330e2
1651.6	1.048e3
1653.9	1.223e3
1654.6	3.690e2
1655.8	1.701e3
1657.0	9.510e2
1657.9	1.085e3
1658.8	7.340e2
1659.4	2.447e3
1660.5	1.073e3
1662.1	5.050e2
1662.7	8.290e2
1664.3	7.350e2
1665.3	1.013e3
1666.5	9.570e2
1667.2	2.490e2
1668.0	1.350e2
1668.7	5.170e2
1669.9	1.197e3
1670.5	8.030e2
1671.1	1.077e3
1672.6	2.180e2
1673.2	5.950e2
1674.1	3.500e1
1675.0	1.265e3
1675.6	1.160e2
1676.3	7.160e2
1677.0	2.283e3
1678.0	2.581e3
1678.7	2.020e2
1679.2	1.194e3
1680.1	8.340e2
1681.3	2.083e3
1681.9	3.280e2
1683.1	2.151e3
1683.6	1.800e1
1684.6	4.421e3
1685.5	1.346e3
1686.9	1.430e3
1687.4	5.800e1
1690.0	6.130e2
1690.9	8.320e2
1693.1	9.170e2
1695.4	6.230e2
1696.3	2.014e3
1697.6	1.320e2
1698.4	2.520e2
1699.0	2.599e3
1700.7	2.804e3
1701.8	8.090e2
1702.5	7.540e2
1703.9	6.090e2
1704.7	4.390e2
1705.7	8.860e2
1707.3	1.686e3
1708.5	6.800e2
1709.5	6.440e2
1710.3	1.110e3
1711.4	1.838e3
1712.7	2.160e3
1715.8	1.560e3
1716.4	5.510e2
1717.1	6.720e2
1717.9	2.202e3
1718.7	3.400e2
1719.7	2.650e2
1720.3	5.500e1
1721.4	7.830e2
1722.0	1.215e3
1722.8	1.109e3
1724.4	1.633e3
1725.0	1.500e2
1725.7	8.920e2
1726.4	8.480e2
1727.3	3.137e3
1728.2	2.073e3
1728.9	6.700e2
1729.8	1.648e3
1730.6	2.066e3
1731.2	3.840e2
1732.0	6.860e2
1732.7	6.530e2
1734.2	4.240e2
1734.9	3.250e2
1735.6	7.060e2
1736.6	1.284e3
1737.8	7.800e2
1738.5	2.230e2
1739.1	1.170e3
1740.2	1.240e2
1741.6	6.470e2
1742.7	5.410e2
1743.2	7.100e1
1743.8	2.089e3
1745.1	8.620e2
1745.8	1.999e3
1747.2	1.002e3
1748.7	6.390e2
1751.6	5.960e2
1752.4	1.800e1
1753.1	1.250e2
1754.1	1.509e3
1754.8	3.200e2
1755.7	1.338e3
1757.1	1.068e3
1758.2	2.572e3
1758.7	2.070e2
1759.3	1.591e3
1762.8	1.202e3
1763.7	9.110e2
1764.7	2.303e3
1765.8	1.645e3
1766.8	2.590e2
1768.1	1.840e3
1769.5	8.480e2
1770.4	5.900e2
1771.1	1.336e3
1772.1	6.970e2
1772.9	8.790e2
1773.7	1.210e2
1774.3	1.212e3
1775.2	4.310e2
1776.3	6.610e2
1777.8	5.120e2
1779.4	1.556e3
1780.5	1.496e3
1781.6	1.930e2
1782.6	1.339e3
1783.5	1.610e2
1784.2	1.387e3
1784.8	3.980e2
1786.5	3.770e2
1787.3	7.610e2
1788.1	4.080e2
1788.9	8.770e2
1789.5	1.700e1
1791.7	1.055e3
1792.4	4.400e2
1793.8	2.330e2
1794.3	7.500e2
1795.3	8.090e2
1796.5	1.683e3
1797.4	1.205e3
1798.4	2.000e1
1799.0	7.610e2
1800.3	1.302e3
1801.4	3.320e2
1802.6	2.420e2
1803.1	1.466e3
1804.1	5.230e2
1804.7	1.038e3
1805.4	1.579e3
1806.1	3.650e2
1807.6	1.476e3
1808.5	5.420e2
1811.0	5.300e2
1812.0	1.047e3
1812.7	7.300e1
1813.3	9.320e2
1816.0	1.716e3
1817.1	4.510e2
1818.8	1.604e3
1819.8	2.000e1
1821.3	6.890e2
1822.1	5.950e2
1823.6	4.286e3
1824.4	6.600e1
1825.3	1.270e3
1826.3	2.970e2
1827.9	1.236e3
1828.5	2.340e2
1829.5	3.050e2
1830.7	1.082e3
1831.3	1.870e2
1832.0	3.929e3
1833.5	3.290e2
1834.7	1.321e3
1836.6	6.200e1
1838.1	1.900e1
1838.8	2.255e3
1839.4	5.370e2
1840.3	4.680e2
1841.9	6.210e2
1842.8	2.990e2
1845.0	9.220e2
1846.5	8.190e2
1847.7	4.310e2
1848.3	1.731e3
1849.3	2.044e3
1850.1	1.131e3
1852.8	9.130e2
1853.5	5.370e2
1854.1	2.950e2
1854.7	5.720e2
1857.4	3.880e2
1858.1	4.490e2
1859.8	1.131e3
1860.5	6.640e2
1861.5	2.071e3
1862.4	6.600e2
1863.0	7.300e1
1863.5	5.258e3
1865.4	9.940e2
1866.5	4.050e2
1867.5	1.460e2
1868.1	8.890e2
1870.6	4.080e2
1871.6	5.790e2
1872.4	8.740e2
1873.3	6.440e2
1874.0	4.860e2
1875.2	8.820e2
1877.2	4.740e2
1877.9	4.720e2
1878.9	2.305e3
1879.7	1.920e2
1881.0	1.553e3
1881.6	8.850e2
1883.3	8.050e2
1883.9	7.700e1
1885.6	5.620e2
1886.2	4.800e1
1887.0	4.200e1
1887.8	4.600e2
1888.7	4.630e2
1889.5	2.873e3
1890.2	1.154e3
1892.2	1.089e3
1892.8	1.074e3
1894.0	7.400e2
1894.6	1.990e2
1895.2	1.502e3
1896.4	2.120e2
1897.3	5.210e2
1898.3	1.272e3
1899.4	6.530e2
1900.6	1.723e3
1901.3	4.320e2
1902.5	4.460e2
1903.5	8.090e2
1904.8	1.011e3
1906.4	1.061e3
1907.2	2.250e2
1908.1	4.280e2
1909.4	9.260e2
1911.3	1.140e2
1912.0	5.810e2
1912.8	6.910e2
1913.4	2.411e3
1914.3	1.660e2
1914.9	9.700e1
1917.6	4.590e2
1918.8	4.310e2
1920.7	3.400e2
1922.7	8.130e2
1923.4	9.600e1
1924.4	1.070e2
1925.4	9.860e2
1926.7	2.832e3
1927.6	5.720e2
1928.3	1.755e3
1929.1	4.030e2
1930.2	6.300e2
1930.9	1.939e3
1932.6	6.810e2
1934.7	6.320e2
1935.6	5.380e2
1936.2	4.770e2
1936.9	5.140e2
1939.8	1.483e3
1940.7	7.340e2
1941.8	8.370e2
1942.7	2.080e2
1943.6	4.770e2
1944.2	2.300e1
1945.1	2.780e2
1945.7	9.370e2
1946.3	1.600e1
1947.6	1.700e1
1948.4	2.720e2
1949.2	5.260e2
1949.9	1.900e1
1951.0	6.700e1
1951.6	2.890e2
1953.3	6.690e2
1954.1	5.710e2
1954.7	6.500e1
1955.5	1.730e3
1956.3	2.980e2
1957.3	2.660e2
1957.9	1.733e3
1960.9	7.480e2
1962.4	6.090e2
1963.2	1.359e3
1963.8	3.010e2
1964.8	2.448e3
1965.9	6.850e2
1966.4	3.050e2
1968.0	5.360e2
1970.0	1.287e3
1970.7	9.200e2
1971.7	1.685e3
1972.5	2.322e3
1973.3	2.580e2
1974.0	2.000e1
1975.5	3.560e2
1977.0	5.890e2
1978.7	4.350e2
1981.5	1.473e3
1984.1	5.150e2
1986.1	1.434e3
1986.6	3.200e1
1988.2	2.440e2
1989.2	4.580e2
1991.0	2.000e1
1991.6	2.400e2
1992.2	1.550e2
1993.2	5.120e2
1994.1	3.240e2
1995.1	4.020e2
1996.1	1.064e3
1996.9	3.600e2
1997.9	6.290e2
