100.1	6.736e3
101.0	5.076e4
102.0	1.712e4
102.5	8.300e1
103.0	3.797e4
104.0	4.846e3
105.0	4.374e3
105.9	9.830e2
107.0	3.175e3
108.0	5.398e3
109.1	5.394e4
110.1	3.413e3
111.0	2.425e4
112.1	4.188e3
113.0	3.437e4
114.0	3.018e3
115.0	1.414e4
116.1	8.367e3
116.9	1.090e5
117.4	6.700e1
118.0	1.921e4
119.0	1.350e4
119.9	2.008e3
121.1	3.640e3
122.1	1.759e3
123.0	2.207e3
124.1	2.893e3
125.2	7.350e3
126.0	6.275e3
127.0	4.854e4
128.1	1.309e4
129.0	1.836e4
129.6	5.600e1
130.1	8.624e3
131.1	1.039e4
132.1	3.927e3
133.0	3.496e3
133.7	3.400e1
134.2	1.632e3
135.0	1.050e4
136.1	3.366e3
137.1	9.533e3
138.0	2.543e3
139.0	3.525e3
139.9	2.721e3
140.7	2.510e2
141.3	5.722e3
142.1	2.925e3
143.1	3.992e3
144.0	2.484e3
144.5	8.500e1
145.1	1.080e4
146.0	1.133e4
147.0	2.287e4
148.1	7.224e3
149.1	5.389e3
150.0	8.223e3
151.0	7.998e3
152.0	9.345e3
153.1	1.715e4
154.1	4.967e3
155.1	6.442e3
156.0	1.061e4
157.1	7.458e3
158.0	1.669e3
159.0	1.682e4
160.0	4.498e3
160.9	3.752e4
162.0	4.160e3
162.9	3.547e4
163.5	5.540e2
164.1	4.388e3
165.0	2.641e4
165.5	2.500e1
166.0	5.738e3
166.6	1.250e2
167.1	5.190e3
168.1	5.293e3
169.1	1.214e4
170.0	4.097e3
171.1	7.768e4
172.1	1.215e4
173.0	1.172e4
174.0	9.314e3
175.0	2.425e4
176.1	3.586e3
177.0	6.752e3
178.0	5.628e3
179.0	8.545e3
180.1	5.337e3
181.1	1.533e4
182.1	5.050e3
183.1	8.917e3
184.1	9.536e3
185.0	6.904e3
186.1	1.036e4
187.0	1.052e4
188.0	5.705e3
189.1	1.968e4
190.1	7.569e3
191.1	4.386e4
192.1	5.570e3
193.1	2.176e4
194.0	5.890e3
195.1	8.162e4
196.0	3.879e4
196.5	1.240e2
197.0	1.106e4
197.9	2.235e4
199.0	6.652e3
199.9	1.939e4
201.0	8.615e3
201.5	1.730e2
202.0	8.137e3
203.1	4.718e3
204.0	4.912e3
204.5	1.700e1
205.0	3.872e3
206.0	4.060e3
207.0	8.560e3
208.0	7.282e3
209.0	9.116e3
210.0	8.560e3
210.5	3.180e2
211.1	3.012e3
212.1	2.141e4
213.2	1.032e4
214.0	8.338e3
215.0	5.857e3
215.9	4.279e3
216.5	3.300e1
217.0	1.058e4
218.0	9.017e3
218.6	1.140e2
219.1	9.076e3
220.0	6.331e3
221.0	5.146e3
222.0	1.075e4
222.5	4.490e2
223.1	6.366e3
224.0	7.098e3
225.0	6.293e3
226.0	4.889e3
227.1	1.072e4
228.1	7.143e3
228.6	7.060e2
229.1	6.507e3
230.0	5.934e3
231.1	4.004e3
232.0	4.600e3
233.1	5.065e3
234.1	4.058e3
235.1	5.487e3
236.1	1.301e4
237.1	5.818e3
238.1	6.920e3
239.1	3.635e3
240.1	7.189e3
241.1	7.048e3
242.1	7.815e3
243.1	1.116e4
244.0	1.001e4
244.6	6.900e1
245.1	8.447e3
246.0	8.649e3
247.0	5.809e3
248.0	6.202e3
249.1	1.423e4
250.0	4.261e3
251.0	7.012e3
252.0	5.868e3
253.1	6.997e3
254.0	7.266e3
255.0	4.014e3
256.1	7.432e3
256.6	1.580e2
257.1	5.598e3
258.1	5.857e3
259.0	6.770e3
260.0	6.187e3
260.5	2.680e2
261.1	8.133e3
262.0	8.027e3
262.6	1.920e2
263.1	9.847e3
264.1	1.061e4
264.7	3.180e2
265.3	1.161e4
266.1	8.081e3
267.1	7.045e3
268.1	7.627e3
269.1	6.924e3
270.0	4.382e3
271.0	5.325e3
272.0	3.799e3
273.0	6.143e3
273.5	1.470e2
274.1	6.649e3
275.0	6.113e3
276.1	5.414e3
277.0	4.506e3
278.1	3.751e3
279.1	6.139e3
280.1	5.692e3
281.1	4.809e3
282.0	6.771e3
282.7	5.570e2
283.3	5.484e3
284.2	4.752e3
285.0	2.934e3
286.0	5.447e3
286.5	2.180e2
287.1	7.054e3
287.6	1.210e2
288.1	5.370e3
289.1	5.788e3
290.0	6.247e3
291.0	7.033e3
292.0	7.404e3
292.6	1.840e2
293.2	4.989e3
294.2	4.532e3
295.1	9.173e3
296.1	5.651e3
297.1	5.439e3
298.1	8.983e3
299.1	6.398e3
300.2	4.596e3
301.1	4.452e3
302.1	5.954e3
303.1	5.506e3
304.1	5.206e3
305.1	7.121e3
306.1	4.882e3
307.0	6.677e3
307.9	1.004e4
308.5	1.000e2
309.0	6.198e3
310.0	3.717e3
311.1	9.776e3
312.0	3.808e3
313.0	9.487e3
314.0	5.709e3
315.1	7.406e3
316.1	5.447e3
317.0	9.284e3
318.0	4.747e3
318.5	2.020e2
319.0	7.038e3
320.0	6.693e3
320.8	1.970e3
321.3	9.459e3
322.2	1.813e3
323.2	6.417e3
324.1	7.449e3
324.6	3.120e2
325.2	8.040e3
326.1	4.406e3
327.0	8.369e3
327.9	9.512e3
328.5	2.380e2
329.0	5.751e3
330.0	5.125e3
330.6	1.370e2
331.1	8.492e3
331.6	3.800e1
332.1	4.080e3
333.1	9.964e3
334.1	6.446e3
335.0	9.374e3
335.5	1.160e2
336.1	7.704e3
337.1	6.576e3
338.1	4.947e3
339.1	7.683e3
340.1	6.181e3
341.1	8.245e3
341.9	8.110e3
342.5	8.940e2
343.1	5.551e3
344.1	6.234e3
345.0	3.790e3
345.9	6.828e3
346.4	4.840e2
346.9	9.669e3
348.0	6.046e3
348.5	7.700e1
349.1	9.229e3
350.0	9.430e3
350.5	4.900e1
351.1	1.186e4
352.0	8.798e3
353.0	2.307e4
354.0	6.129e3
354.5	1.000e2
355.1	9.410e3
355.7	2.990e2
356.3	6.444e3
357.1	8.249e3
358.2	5.440e3
359.1	7.833e3
360.1	5.804e3
361.0	3.946e3
362.0	4.086e3
362.9	5.836e3
363.4	1.240e2
364.0	6.952e3
365.1	9.766e3
366.0	6.321e3
366.5	6.200e1
367.0	5.097e3
368.0	5.717e3
368.9	8.358e3
369.5	2.420e2
370.1	3.629e3
371.1	5.706e3
372.1	4.486e3
373.1	5.400e3
374.1	4.840e3
375.0	6.947e3
375.5	7.110e2
376.2	4.526e3
377.1	7.259e3
378.1	5.521e3
379.0	1.101e4
379.9	4.470e3
380.7	7.934e3
381.4	1.624e3
382.2	8.874e3
383.2	9.615e3
383.7	4.600e1
384.2	7.348e3
385.1	8.249e3
386.0	4.807e3
386.7	1.491e3
387.4	6.388e3
388.2	3.259e3
389.0	4.292e3
389.7	8.663e3
390.4	1.193e3
391.1	6.787e3
392.1	5.169e3
393.0	3.402e3
394.0	3.998e3
394.5	2.070e2
395.0	8.305e3
396.0	6.503e3
397.0	6.890e3
398.0	4.566e3
398.6	2.760e2
399.2	7.663e3
400.0	3.987e3
400.6	7.580e2
401.2	1.022e4
402.0	6.012e3
403.1	4.520e3
403.6	5.950e2
404.2	5.805e3
405.1	7.867e3
406.1	3.787e3
406.7	1.350e2
407.2	1.089e4
408.1	5.212e3
409.1	8.557e3
409.9	3.937e3
410.6	3.070e2
411.1	1.243e4
412.0	4.024e3
412.6	6.190e2
413.2	1.369e4
414.1	4.372e3
415.1	7.177e3
416.0	3.034e3
416.5	8.300e1
417.1	7.520e3
418.1	4.634e3
419.0	5.785e3
420.0	4.958e3
420.9	7.609e3
421.9	6.321e3
422.5	1.110e2
423.1	9.611e3
423.8	7.260e2
424.4	7.259e3
425.1	4.838e3
426.1	4.596e3
427.1	8.641e3
428.1	6.570e3
429.1	6.273e3
429.7	1.010e2
430.3	7.472e3
430.8	4.110e2
431.3	6.290e3
432.2	5.359e3
433.1	7.968e3
433.9	3.954e3
434.9	8.976e3
435.5	6.410e2
436.1	5.001e3
437.0	2.952e3
437.9	6.556e3
438.8	5.970e3
439.4	3.840e2
440.0	6.294e3
441.1	5.284e3
442.0	3.576e3
443.0	6.381e3
443.5	4.760e2
444.1	6.504e3
445.0	5.724e3
445.6	5.800e1
446.2	9.858e3
447.2	6.565e3
448.1	7.131e3
449.1	4.981e3
450.1	5.605e3
451.1	5.461e3
452.0	5.299e3
452.5	8.300e1
453.0	5.969e3
454.1	6.363e3
455.1	6.610e3
456.0	4.201e3
457.0	9.462e3
457.5	1.240e2
458.0	4.732e3
459.0	5.061e3
459.5	4.100e1
460.0	7.461e3
460.6	3.150e2
461.2	5.531e3
462.1	7.929e3
462.9	4.162e3
463.5	4.800e1
464.0	4.695e3
465.0	4.794e3
466.0	1.048e4
466.6	7.200e1
467.1	5.729e3
468.0	5.913e3
468.9	6.410e3
470.0	5.965e3
471.0	6.049e3
471.5	1.840e2
472.0	3.425e3
472.5	1.060e2
473.0	4.699e3
474.0	4.561e3
475.0	7.036e3
475.5	4.090e2
476.0	6.345e3
477.1	6.768e3
477.9	3.979e3
478.8	6.769e3
479.4	1.170e3
480.0	7.290e3
480.9	8.739e3
482.0	6.333e3
482.5	1.650e2
483.1	5.607e3
484.0	4.611e3
485.1	9.079e3
486.0	4.917e3
486.9	6.983e3
487.9	6.128e3
488.5	2.560e2
489.0	7.308e3
489.8	4.650e2
490.4	3.202e3
491.2	6.425e3
492.1	2.216e3
492.9	6.133e3
493.9	4.598e3
494.5	2.300e1
495.0	4.675e3
495.5	1.090e2
496.0	8.561e3
497.0	4.598e3
497.6	4.300e1
498.1	5.730e3
499.1	5.437e3
500.0	4.168e3
500.6	1.200e1
501.1	8.837e3
501.6	1.170e2
502.1	6.512e3
502.7	5.000e1
503.2	1.222e4
504.1	5.255e3
505.1	5.309e3
505.9	3.310e3
506.8	5.173e3
507.3	3.820e2
507.9	5.097e3
508.9	6.807e3
509.8	6.751e3
510.4	5.940e2
511.1	6.921e3
512.2	3.367e3
513.2	5.455e3
514.1	3.948e3
515.1	4.267e3
515.7	6.200e1
516.2	5.424e3
516.8	2.520e2
517.3	1.298e4
518.2	5.848e3
519.1	8.049e3
519.9	5.405e3
521.0	5.662e3
521.5	7.200e1
522.1	4.220e3
523.0	5.544e3
524.0	6.082e3
524.8	3.116e3
525.6	5.170e3
526.3	2.169e3
527.1	4.676e3
528.1	5.663e3
529.1	3.149e3
530.1	5.979e3
530.6	2.200e1
531.2	8.201e3
531.9	1.000e3
532.5	2.745e3
533.4	5.137e3
534.1	2.025e3
534.9	5.179e3
535.7	3.108e3
536.3	5.000e2
536.9	5.738e3
537.9	6.498e3
538.4	4.310e2
539.0	8.347e3
539.5	2.590e2
540.1	3.779e3
540.6	3.180e2
541.2	6.496e3
542.0	5.118e3
543.0	4.659e3
543.5	1.560e2
544.0	3.989e3
545.0	7.435e3
546.0	2.417e3
547.0	4.654e3
547.9	6.263e3
548.9	4.605e3
549.5	7.350e2
550.1	5.389e3
551.1	5.831e3
551.6	5.100e1
552.1	3.763e3
552.6	8.200e1
553.2	6.545e3
553.7	2.370e2
554.2	5.128e3
555.2	6.435e3
555.9	1.642e3
556.6	3.919e3
557.5	7.293e3
558.4	1.680e3
559.2	2.186e3
560.1	6.734e3
561.1	4.164e3
562.0	5.259e3
562.6	8.390e2
563.1	5.622e3
564.1	4.444e3
564.7	3.240e2
565.3	3.754e3
566.1	3.398e3
566.6	2.790e2
567.2	6.140e3
568.1	3.301e3
569.0	5.562e3
569.5	5.500e1
570.0	3.641e3
571.0	5.982e3
572.0	4.093e3
572.5	6.300e1
573.1	5.833e3
573.9	4.430e3
575.0	6.685e3
576.0	3.443e3
576.5	5.500e1
577.1	5.861e3
577.7	3.800e1
578.3	6.386e3
579.1	3.871e3
580.0	4.074e3
581.1	7.329e3
582.1	4.786e3
583.0	2.901e3
584.0	5.706e3
585.0	5.409e3
585.6	2.000e2
586.1	6.696e3
586.7	1.430e2
587.3	7.656e3
587.8	1.480e2
588.4	3.851e3
588.9	2.920e2
589.5	5.421e3
590.5	4.918e3
591.4	3.706e3
591.9	1.680e2
592.5	5.653e3
593.5	4.779e3
594.2	1.642e3
595.0	5.058e3
595.5	7.000e1
596.0	4.174e3
597.1	5.496e3
598.0	4.012e3
598.5	6.190e2
599.1	5.603e3
600.2	4.876e3
601.2	5.474e3
601.9	1.478e3
602.6	8.208e3
603.3	9.820e2
603.9	4.494e3
604.5	7.430e2
605.1	4.752e3
606.0	4.056e3
606.8	1.297e3
607.4	5.108e3
608.3	5.172e3
608.9	1.232e3
609.5	6.077e3
610.2	1.005e3
610.9	7.055e3
611.6	2.340e3
612.4	6.583e3
613.1	2.030e3
613.8	4.842e3
614.4	9.270e2
615.0	7.321e3
615.5	1.090e2
616.0	6.895e3
617.0	6.821e3
618.0	2.886e3
618.8	7.204e3
619.4	6.180e2
620.0	4.971e3
621.1	6.310e3
622.1	3.688e3
623.1	3.946e3
624.1	4.702e3
625.2	4.535e3
626.0	5.397e3
627.0	4.342e3
627.6	1.200e2
628.1	5.135e3
628.7	2.020e2
629.2	5.871e3
630.2	4.138e3
630.8	1.498e3
631.5	5.115e3
632.1	1.164e3
632.8	7.084e3
633.3	5.340e2
633.9	6.791e3
635.0	5.119e3
635.6	4.100e2
636.1	3.328e3
637.0	5.681e3
638.0	4.139e3
638.8	8.000e3
639.8	5.126e3
640.3	7.000e1
640.9	5.567e3
641.7	4.036e3
642.3	3.500e1
642.8	6.022e3
643.5	1.805e3
644.2	5.503e3
645.1	5.499e3
645.6	8.500e1
646.1	4.749e3
646.9	7.771e3
647.5	3.050e2
648.1	6.067e3
648.6	1.570e2
649.2	6.542e3
649.8	4.360e2
650.4	5.392e3
651.0	7.830e2
651.6	3.475e3
652.3	2.095e3
653.0	5.186e3
653.6	4.800e2
654.2	7.529e3
654.7	6.120e2
655.3	5.383e3
656.0	1.856e3
656.8	4.621e3
657.6	1.656e3
658.4	7.790e3
658.9	6.800e1
659.4	2.665e3
660.4	6.247e3
661.0	1.332e3
661.8	4.681e3
662.6	2.772e3
663.5	8.584e3
664.3	3.660e3
665.2	4.011e3
666.1	4.196e3
667.1	5.783e3
668.0	5.746e3
668.5	1.430e2
669.1	7.696e3
669.9	3.232e3
670.6	7.810e2
671.2	5.542e3
671.8	3.470e2
672.3	3.546e3
672.9	1.390e2
673.5	7.421e3
674.0	4.590e2
674.6	5.580e3
675.3	2.619e3
676.1	6.199e3
677.0	2.548e3
678.1	6.853e3
678.6	3.350e2
679.1	3.391e3
680.1	5.996e3
680.7	1.012e3
681.3	6.772e3
682.3	5.460e3
683.2	5.393e3
684.1	4.887e3
685.0	7.912e3
685.6	3.060e2
686.2	5.937e3
687.0	3.467e3
687.6	1.909e3
688.2	6.570e3
688.9	8.310e2
689.6	6.440e3
690.4	2.457e3
691.2	3.457e3
691.7	1.260e2
692.2	5.339e3
693.0	3.211e3
693.9	3.444e3
694.5	1.610e2
695.0	4.272e3
696.0	1.419e3
696.8	3.467e3
697.4	2.370e2
698.0	4.132e3
699.0	7.197e3
700.0	6.382e3
700.7	2.633e3
701.4	4.901e3
702.0	9.690e2
702.6	3.990e3
703.5	5.081e3
704.2	1.772e3
705.0	3.372e3
705.9	5.151e3
706.4	2.250e2
707.1	4.674e3
708.0	4.554e3
708.6	2.810e2
709.2	3.975e3
710.2	5.546e3
711.1	2.709e3
711.9	4.194e3
712.9	5.788e3
713.6	1.040e3
714.3	3.167e3
715.2	5.682e3
716.1	2.427e3
716.9	5.375e3
717.4	5.440e2
718.0	4.487e3
718.7	3.500e2
719.3	3.479e3
720.2	2.909e3
721.1	6.498e3
721.8	1.630e3
722.6	4.661e3
723.4	3.751e3
724.5	7.074e3
725.1	8.950e2
725.7	3.811e3
726.7	5.605e3
727.3	6.660e2
728.0	3.518e3
728.9	1.047e3
729.5	5.607e3
730.3	2.749e3
730.9	2.577e3
731.8	4.016e3
732.5	9.290e2
733.2	5.808e3
734.0	2.475e3
734.9	6.157e3
735.7	2.815e3
736.6	5.759e3
737.5	3.630e3
738.1	1.380e3
738.9	5.883e3
739.4	2.720e2
740.1	3.936e3
741.1	4.825e3
742.1	4.626e3
743.0	3.105e3
743.9	5.502e3
744.9	5.243e3
745.4	8.040e2
746.2	5.401e3
747.1	3.942e3
748.1	3.847e3
748.7	2.150e2
749.3	5.246e3
749.8	9.100e1
750.3	4.214e3
751.0	1.850e3
751.8	5.835e3
752.5	1.011e3
753.2	7.688e3
754.1	3.911e3
754.7	4.220e2
755.2	5.370e3
756.2	4.046e3
757.1	1.567e3
757.8	3.816e3
758.4	5.320e2
759.0	2.647e3
760.0	4.397e3
761.0	2.214e3
761.9	4.203e3
762.4	3.420e2
763.0	5.697e3
763.9	2.511e3
764.8	3.694e3
765.7	1.767e3
766.5	5.087e3
767.1	3.800e1
767.6	4.707e3
768.2	1.006e3
768.9	5.807e3
769.5	4.540e2
770.1	4.974e3
771.0	3.822e3
772.0	3.340e3
773.0	3.278e3
774.0	4.191e3
774.8	2.747e3
775.3	5.200e1
775.8	4.178e3
776.4	1.350e2
777.0	3.346e3
777.9	6.773e3
779.0	6.272e3
780.0	3.748e3
780.5	2.590e2
781.0	3.510e3
782.0	2.208e3
782.9	3.176e3
783.9	3.771e3
784.9	5.727e3
785.4	3.010e2
785.9	5.536e3
786.5	6.390e2
787.1	4.647e3
787.6	2.230e2
788.1	2.698e3
789.0	5.083e3
790.0	3.091e3
790.9	4.617e3
791.8	5.360e3
792.7	3.553e3
793.3	8.940e2
793.9	2.759e3
794.9	3.459e3
796.0	3.978e3
796.9	1.499e3
797.6	4.400e3
798.7	2.432e3
799.6	5.855e3
800.5	1.845e3
801.4	3.283e3
802.2	1.142e3
803.1	3.824e3
804.0	3.019e3
804.5	2.380e2
805.1	6.592e3
805.8	5.500e2
806.6	4.524e3
807.1	5.200e1
807.7	3.870e3
808.4	5.720e2
809.0	3.699e3
809.9	1.806e3
810.6	1.531e3
811.2	1.220e2
811.8	1.332e3
812.7	3.090e3
813.3	1.113e3
814.1	3.441e3
815.1	3.414e3
815.9	2.894e3
816.8	1.150e3
817.6	5.386e3
818.5	2.473e3
819.2	1.412e3
820.0	4.284e3
820.5	4.800e1
821.0	3.427e3
822.0	2.764e3
822.6	4.290e2
823.2	3.270e3
824.2	2.202e3
824.9	7.400e1
825.4	5.437e3
826.3	4.375e3
827.1	1.521e3
828.0	2.653e3
828.8	3.237e3
829.7	4.011e3
830.7	4.827e3
831.5	3.415e3
832.1	4.590e2
832.7	4.815e3
833.6	2.391e3
834.5	6.068e3
835.2	9.500e2
835.7	1.060e2
836.2	5.486e3
836.8	5.550e2
837.4	2.994e3
838.1	1.131e3
839.1	3.901e3
839.6	2.290e2
840.3	4.631e3
840.9	4.530e2
841.5	2.532e3
842.2	1.512e3
843.0	2.430e3
844.0	1.951e3
844.5	2.700e1
845.1	2.533e3
845.7	3.560e2
846.2	4.997e3
847.1	1.351e3
847.9	3.422e3
848.8	3.467e3
849.5	1.128e3
850.3	3.550e3
851.1	1.430e3
851.8	5.324e3
852.8	1.812e3
853.8	3.724e3
854.8	3.649e3
855.6	1.025e3
856.3	4.705e3
857.0	4.300e2
857.5	3.698e3
858.3	1.539e3
859.0	3.712e3
859.9	2.639e3
860.6	4.668e3
861.3	3.560e2
861.8	4.013e3
862.4	4.800e2
863.0	5.209e3
863.9	3.818e3
865.0	3.160e3
865.6	2.670e2
866.5	5.128e3
867.4	2.829e3
868.2	1.374e3
869.1	3.257e3
869.8	1.196e3
870.6	4.266e3
871.4	1.286e3
872.2	2.647e3
872.8	1.335e3
873.7	3.220e3
874.3	1.250e2
874.8	3.757e3
875.8	4.786e3
876.9	3.360e3
877.7	8.680e2
878.3	2.857e3
879.0	3.286e3
879.6	2.090e2
880.2	4.679e3
880.9	1.155e3
881.6	2.899e3
882.5	2.439e3
883.2	4.910e2
883.8	3.588e3
884.8	1.729e3
885.6	3.330e3
886.5	1.702e3
887.5	3.193e3
888.0	1.570e2
888.5	4.726e3
889.4	1.778e3
890.1	6.890e2
890.7	4.061e3
891.7	3.825e3
892.3	2.770e2
893.0	3.916e3
893.6	3.300e1
894.1	1.896e3
894.7	5.010e2
895.3	3.769e3
896.2	4.167e3
896.9	3.160e2
897.5	2.888e3
898.6	3.374e3
899.4	2.857e3
899.9	4.050e2
900.5	2.148e3
901.4	4.347e3
902.1	1.709e3
902.6	2.420e2
903.2	3.294e3
904.1	2.184e3
905.1	4.265e3
905.8	1.790e2
906.4	3.510e3
907.1	1.450e2
907.6	2.503e3
908.3	6.920e2
908.9	3.885e3
909.7	1.710e3
910.5	3.381e3
911.0	5.700e1
911.6	2.769e3
912.2	1.940e2
912.8	3.053e3
913.7	1.809e3
914.6	4.730e3
915.3	4.960e2
915.9	3.689e3
916.8	8.040e2
917.5	2.597e3
918.3	2.814e3
918.8	9.900e1
919.4	3.706e3
920.1	8.190e2
920.8	2.877e3
921.6	7.710e2
922.5	6.340e2
923.2	2.219e3
924.2	1.599e3
925.0	3.171e3
926.0	1.417e3
926.6	3.827e3
927.4	8.170e2
928.1	4.020e3
928.7	1.730e2
929.3	2.716e3
930.0	8.320e2
930.7	1.870e3
931.4	7.050e2
932.0	3.019e3
933.1	5.797e3
934.0	1.025e3
935.0	3.025e3
936.2	2.839e3
937.2	2.925e3
938.1	2.873e3
939.0	2.411e3
939.8	2.096e3
940.7	5.380e3
941.6	3.745e3
942.7	5.999e3
943.4	1.894e3
944.1	1.564e3
944.8	5.010e2
945.5	2.327e3
946.5	1.509e3
947.3	1.767e3
948.0	5.410e2
948.6	3.677e3
949.6	2.668e3
950.5	4.941e3
951.3	1.473e3
951.8	4.390e3
952.5	2.970e2
953.1	2.875e3
954.0	2.334e3
955.0	2.739e3
955.6	1.390e3
956.6	3.421e3
957.5	1.683e3
958.5	2.040e3
959.2	5.121e3
960.0	1.345e3
960.9	2.230e3
961.6	4.030e2
962.3	2.519e3
963.1	2.558e3
964.0	2.542e3
964.6	2.210e2
965.1	2.525e3
966.1	2.669e3
966.7	4.930e2
967.3	2.416e3
968.0	1.164e3
968.9	3.225e3
969.7	1.191e3
970.5	4.567e3
971.3	4.160e2
972.0	2.016e3
972.9	1.911e3
973.9	1.735e3
974.8	1.305e3
975.6	3.976e3
976.6	3.942e3
977.1	1.890e2
977.7	9.920e2
978.6	2.260e3
979.6	3.112e3
980.2	1.184e3
980.9	4.197e3
981.7	6.910e2
982.4	2.464e3
983.4	2.173e3
984.2	2.078e3
985.0	1.146e3
985.8	1.778e3
986.3	6.000e1
986.8	2.090e3
987.8	2.163e3
988.6	3.111e3
989.4	1.440e2
990.0	3.778e3
990.9	1.915e3
991.7	3.653e3
992.4	1.599e3
993.2	4.571e3
994.0	8.640e2
994.8	2.695e3
995.7	4.159e3
996.6	3.650e2
997.2	3.249e3
998.1	1.602e3
998.8	3.400e2
999.4	2.451e3
1000.3	2.933e3
1001.0	8.300e1
1001.6	3.219e3
1002.4	5.790e2
1003.2	3.835e3
1004.2	2.608e3
1005.0	2.417e3
1006.0	1.879e3
1007.0	3.124e3
1007.8	1.323e3
1008.5	2.764e3
1009.2	9.640e2
1009.8	6.010e2
1010.4	2.838e3
1011.1	4.330e2
1011.7	1.745e3
1012.2	9.100e1
1012.7	2.949e3
1013.5	2.033e3
1014.3	7.470e2
1015.1	2.320e3
1015.9	1.195e3
1017.0	3.195e3
1017.9	1.763e3
1018.8	3.156e3
1019.5	8.950e2
1020.1	7.120e2
1020.8	2.244e3
1021.9	3.126e3
1022.7	7.600e2
1023.4	1.585e3
1024.2	3.556e3
1025.2	3.344e3
1026.2	3.038e3
1027.1	3.409e3
1028.1	4.147e3
1029.1	1.852e3
1030.0	3.114e3
1031.1	9.760e2
1031.8	3.423e3
1032.5	5.070e2
1033.1	1.783e3
1034.0	1.407e3
1035.0	3.262e3
1036.0	7.960e2
1036.7	1.999e3
1037.5	9.660e2
1038.3	2.740e3
1039.2	1.552e3
1040.0	1.002e3
1040.8	4.450e2
1041.6	2.511e3
1042.8	4.692e3
1043.9	1.661e3
1044.6	1.380e3
1045.6	2.014e3
1046.2	1.270e2
1046.8	2.059e3
1047.5	6.390e2
1048.2	3.199e3
1049.2	1.179e3
1050.1	2.359e3
1050.9	6.490e2
1051.6	3.851e3
1052.7	3.459e3
1053.4	5.150e2
1054.0	2.622e3
1054.9	1.399e3
1055.7	4.696e3
1056.3	1.250e2
1056.8	1.811e3
1057.7	4.374e3
1058.6	6.660e2
1059.4	2.913e3
1060.0	4.340e2
1060.7	3.332e3
1061.5	1.172e3
1062.4	1.739e3
1063.3	1.058e3
1064.0	2.690e2
1064.5	1.849e3
1065.4	5.450e2
1066.1	4.658e3
1066.8	1.458e3
1067.7	1.887e3
1068.5	7.900e2
1069.5	2.941e3
1070.1	8.500e1
1070.6	2.642e3
1071.3	5.440e2
1071.9	2.402e3
1072.4	2.360e2
1073.2	3.757e3
1073.8	3.600e1
1074.6	1.745e3
1075.4	2.700e2
1075.9	2.381e3
1076.9	3.410e3
1077.7	1.897e3
1078.3	1.800e2
1078.9	1.970e3
1079.7	1.158e3
1080.5	4.092e3
1081.8	1.400e3
1082.5	3.776e3
1083.7	3.603e3
1084.7	3.564e3
1085.6	1.869e3
1086.7	1.462e3
1087.5	1.190e2
1088.2	1.661e3
1089.1	2.700e3
1090.2	3.632e3
1091.0	2.106e3
1091.9	2.771e3
1092.9	1.670e3
1093.8	4.055e3
1094.7	1.157e3
1095.3	1.790e2
1095.8	3.103e3
1096.6	9.150e2
1097.3	3.242e3
1097.9	1.820e2
1098.6	3.551e3
1099.3	1.770e2
1100.2	2.849e3
1101.0	1.800e3
1101.8	2.848e3
1102.9	2.896e3
1103.5	1.310e2
1104.0	2.931e3
1104.7	5.780e2
1105.3	3.077e3
1105.9	4.650e2
1106.6	2.993e3
1107.2	4.700e1
1107.7	2.315e3
1108.2	1.850e2
1108.9	3.269e3
1109.9	3.034e3
1110.7	1.997e3
1111.6	1.699e3
1112.2	1.440e2
1112.7	2.465e3
1113.7	1.868e3
1114.5	6.470e2
1115.2	2.221e3
1116.1	3.049e3
1117.0	4.200e2
1117.8	3.711e3
1118.4	4.150e2
1119.4	1.328e3
1120.1	3.195e3
1121.2	1.954e3
1122.1	2.139e3
1123.0	1.983e3
1123.9	3.080e2
1124.5	2.580e3
1125.4	2.658e3
1126.1	1.554e3
1126.6	8.060e2
1127.2	2.176e3
1127.8	6.400e1
1128.4	1.873e3
1129.2	2.164e3
1130.0	3.645e3
1131.0	2.340e3
1132.0	3.282e3
1132.7	6.760e2
1133.4	2.113e3
1134.3	1.770e2
1134.9	2.764e3
1135.9	2.043e3
1136.9	3.889e3
1137.7	2.475e3
1138.3	3.480e2
1138.8	3.362e3
1139.9	2.721e3
1140.9	3.059e3
1142.2	1.949e3
1143.0	9.850e2
1143.6	5.250e2
1144.4	2.194e3
1144.9	3.300e1
1145.4	2.069e3
1146.3	6.140e2
1146.9	1.311e3
1147.7	2.069e3
1148.3	1.940e2
1148.8	1.226e3
1149.8	2.588e3
1150.4	2.350e2
1151.1	2.254e3
1151.8	9.080e2
1152.3	3.435e3
1152.9	4.010e2
1153.8	1.587e3
1154.3	2.100e1
1154.9	1.603e3
1155.4	1.430e2
1156.0	2.816e3
1156.5	1.200e1
1157.1	2.424e3
1157.7	1.320e2
1158.3	2.140e3
1158.8	1.640e2
1159.4	2.146e3
1160.3	1.657e3
1161.3	2.572e3
1162.0	6.150e2
1162.6	2.346e3
1163.2	4.780e2
1163.8	2.715e3
1164.8	1.036e3
1165.5	3.600e1
1166.0	4.615e3
1166.6	2.120e2
1167.2	1.766e3
1168.0	2.911e3
1168.9	1.316e3
1169.9	2.399e3
1170.6	4.910e2
1171.1	4.557e3
1172.3	3.235e3
1172.9	7.420e2
1173.7	2.726e3
1174.5	1.413e3
1175.5	3.657e3
1176.3	3.790e2
1177.1	4.171e3
1178.2	8.650e2
1179.0	3.240e3
1179.6	2.890e2
1180.2	2.023e3
1181.0	3.540e3
1181.8	1.275e3
1182.6	3.171e3
1183.4	3.005e3
1184.5	1.748e3
1185.4	2.704e3
1186.1	6.590e2
1186.9	1.554e3
1187.8	1.226e3
1188.5	5.030e2
1189.2	2.371e3
1190.1	1.881e3
1191.2	1.841e3
1192.2	2.304e3
1192.7	1.070e2
1193.3	3.688e3
1194.3	2.559e3
1194.9	3.690e2
1195.4	1.200e2
1196.0	8.620e2
1196.7	4.424e3
1197.5	3.470e2
1198.2	2.935e3
1198.8	1.210e2
1199.3	1.685e3
1200.2	7.760e2
1200.9	3.287e3
1201.6	1.999e3
1202.4	1.890e2
1203.0	2.868e3
1203.9	1.573e3
1204.9	4.414e3
1205.8	3.226e3
1206.6	6.900e2
1207.3	2.120e3
1208.3	3.048e3
1209.2	1.012e3
1210.1	3.206e3
1210.7	1.760e2
1211.4	4.040e3
1212.0	1.290e2
1212.7	5.330e2
1213.3	2.344e3
1214.2	2.334e3
1215.2	2.428e3
1216.0	1.623e3
1216.7	2.580e2
1217.2	4.872e3
1218.0	7.650e2
1218.8	2.976e3
1219.6	3.438e3
1220.8	1.642e3
1222.0	2.599e3
1223.0	1.442e3
1223.8	9.330e2
1224.6	4.960e2
1225.2	3.367e3
1225.9	2.270e2
1226.5	1.989e3
1227.5	2.898e3
1228.3	8.700e2
1229.3	2.448e3
1230.2	5.148e3
1231.0	7.630e2
1231.6	5.200e1
1232.2	2.053e3
1233.0	9.630e2
1234.0	2.097e3
1234.9	2.077e3
1236.0	1.854e3
1236.8	2.376e3
1237.4	1.960e2
1238.1	2.793e3
1238.9	1.762e3
1239.5	2.630e2
1240.1	3.710e3
1240.9	3.020e3
1241.8	1.385e3
1242.7	2.172e3
1243.7	2.290e3
1244.4	6.910e2
1245.0	1.388e3
1245.9	1.713e3
1247.0	1.603e3
1247.7	1.400e2
1248.5	2.481e3
1249.5	9.980e2
1250.4	3.012e3
1251.3	1.279e3
1251.8	8.600e1
1252.4	1.118e3
1253.2	2.074e3
1254.0	5.500e2
1254.5	1.440e2
1255.0	1.318e3
1255.9	3.685e3
1256.9	2.898e3
1257.7	3.680e2
1258.3	3.987e3
1259.1	1.795e3
1260.0	1.114e3
1260.7	2.216e3
1261.3	6.150e2
1261.9	2.190e3
1262.9	4.552e3
1263.9	4.677e3
1264.7	9.580e2
1265.3	1.947e3
1266.3	9.250e2
1267.1	4.089e3
1268.1	2.580e3
1269.0	9.860e2
1270.0	7.500e2
1270.9	1.932e3
1271.8	1.545e3
1272.9	1.847e3
1273.7	2.426e3
1274.9	1.292e3
1275.9	1.961e3
1277.1	1.537e3
1278.1	1.595e3
1279.0	1.914e3
1279.7	4.840e2
1280.5	2.055e3
1281.2	1.414e3
1282.0	5.720e2
1282.7	2.303e3
1283.7	1.611e3
1284.2	9.300e1
1284.9	2.066e3
1285.8	3.627e3
1286.7	5.920e2
1287.5	1.605e3
1288.7	2.178e3
1289.5	7.640e2
1290.4	1.119e3
1291.0	1.160e2
1291.5	1.588e3
1292.0	1.060e2
1292.5	1.686e3
1293.5	1.816e3
1294.3	1.760e3
1295.0	2.437e3
1295.9	1.721e3
1296.8	1.494e3
1297.4	1.400e2
1298.0	2.563e3
1298.5	3.700e1
1299.1	1.031e3
1300.0	3.134e3
1301.1	2.232e3
1301.9	3.750e2
1302.7	2.507e3
1303.4	1.673e3
1304.0	1.389e3
1305.0	1.421e3
1305.8	3.300e1
1306.6	2.568e3
1307.3	7.810e2
1308.1	3.770e3
1308.8	4.420e2
1309.7	1.853e3
1310.6	3.161e3
1311.8	8.500e2
1312.7	1.325e3
1313.5	1.459e3
1314.3	3.628e3
1315.0	2.371e3
1315.8	5.460e2
1316.5	1.898e3
1317.3	6.360e2
1317.9	1.520e3
1318.6	1.894e3
1319.2	7.930e2
1320.1	1.363e3
1320.7	3.240e2
1321.3	2.562e3
1322.0	8.500e1
1322.8	2.389e3
1323.5	3.500e2
1324.1	2.953e3
1324.8	7.870e2
1325.6	2.102e3
1326.6	8.280e2
1327.3	1.732e3
1328.1	1.344e3
1329.0	1.428e3
1329.6	1.070e2
1330.1	1.550e3
1330.7	2.310e2
1331.2	1.552e3
1332.0	1.564e3
1332.7	1.154e3
1333.7	1.155e3
1334.3	1.890e2
1335.0	2.584e3
1335.5	1.080e2
1336.1	1.768e3
1337.0	6.010e2
1337.7	1.887e3
1338.5	4.240e2
1339.3	1.052e3
1340.0	8.350e2
1340.9	1.421e3
1341.7	2.815e3
1342.7	2.093e3
1343.4	2.120e2
1344.1	1.838e3
1344.9	3.588e3
1345.8	1.817e3
1346.9	2.111e3
1347.8	2.883e3
1348.8	1.106e3
1349.9	2.959e3
1350.6	1.035e3
1351.5	1.299e3
1352.4	2.212e3
1353.3	1.644e3
1354.0	2.800e2
1354.8	9.640e2
1355.7	2.916e3
1356.5	1.043e3
1357.2	8.300e1
1357.9	8.970e2
1358.7	1.601e3
1359.3	2.030e2
1359.9	1.201e3
1360.8	1.322e3
1361.4	1.818e3
1362.2	3.679e3
1362.8	2.410e2
1363.4	1.405e3
1364.6	1.249e3
1365.7	9.500e2
1366.6	1.855e3
1367.6	3.571e3
1368.7	4.065e3
1369.6	1.591e3
1370.9	1.424e3
1371.8	1.373e3
1372.6	1.945e3
1373.4	4.420e2
1374.2	3.399e3
1375.0	5.480e2
1376.0	1.900e3
1376.5	2.610e2
1377.3	8.050e2
1378.1	8.740e2
1378.9	1.275e3
1379.5	4.420e2
1380.2	3.332e3
1381.1	1.475e3
1381.8	3.450e2
1382.6	1.061e3
1383.5	2.091e3
1384.4	1.052e3
1384.9	7.270e2
1385.6	2.491e3
1386.6	2.165e3
1387.2	1.020e2
1387.8	3.776e3
1388.4	6.620e2
1389.0	2.098e3
1389.8	5.310e2
1390.4	1.348e3
1391.0	1.240e2
1391.5	2.684e3
1392.2	1.224e3
1393.1	1.856e3
1393.8	2.660e2
1394.6	1.028e3
1395.5	1.292e3
1396.3	4.220e2
1396.9	2.200e3
1397.9	8.310e2
1398.7	1.693e3
1399.8	1.657e3
1400.5	5.150e2
1401.2	3.417e3
1402.1	8.580e2
1403.0	2.418e3
1403.8	1.750e2
1404.4	1.646e3
1405.3	8.190e2
1406.2	1.643e3
1407.0	1.117e3
1408.1	5.380e2
1408.7	4.926e3
1409.5	1.484e3
1411.0	2.325e3
1412.1	4.064e3
1412.7	1.090e3
1413.4	4.230e2
1414.1	1.941e3
1415.2	1.674e3
1415.9	4.940e2
1416.5	1.536e3
1417.2	5.270e2
1417.9	2.089e3
1418.9	3.110e2
1419.7	1.507e3
1420.6	1.862e3
1421.4	4.320e2
1422.1	8.070e2
1422.9	1.704e3
1423.7	2.481e3
1424.4	5.430e2
1425.0	7.900e1
1425.6	1.443e3
1426.7	1.385e3
1427.5	2.525e3
1428.0	1.200e2
1428.6	5.670e2
1429.4	2.373e3
1430.5	3.264e3
1431.3	1.297e3
1432.1	1.258e3
1432.7	5.720e2
1433.6	1.846e3
1434.5	1.642e3
1435.1	1.091e3
1435.8	2.701e3
1436.5	4.540e2
1437.5	1.588e3
1438.1	3.030e2
1438.6	3.314e3
1439.4	3.925e3
1440.2	1.083e3
1441.0	3.366e3
1441.8	1.280e3
1442.7	1.263e3
1443.5	1.739e3
1444.3	3.131e3
1445.0	8.210e2
1445.9	2.138e3
1446.8	9.140e2
1447.6	2.670e3
1448.6	3.210e2
1449.3	2.151e3
1449.9	9.560e2
1450.7	6.150e2
1451.6	3.331e3
1452.8	2.110e3
1453.6	3.013e3
1454.2	3.730e2
1455.0	1.504e3
1455.8	3.870e2
1456.6	1.402e3
1457.9	1.841e3
1459.0	1.888e3
1460.0	2.794e3
1460.9	8.900e1
1461.5	1.484e3
1462.4	6.050e2
1463.2	1.236e3
1464.1	2.291e3
1464.7	3.000e2
1465.4	1.071e3
1466.5	3.758e3
1467.2	3.560e2
1467.9	1.333e3
1468.5	2.810e2
1469.2	9.820e2
1470.1	7.370e2
1471.1	1.535e3
1472.0	6.680e2
1472.8	1.297e3
1473.8	4.840e2
1474.5	2.058e3
1475.6	1.001e3
1476.6	7.270e2
1477.4	1.510e2
1478.0	7.330e2
1478.6	3.833e3
1479.6	1.835e3
1480.4	6.500e1
1481.0	2.176e3
1481.6	5.170e2
1482.2	1.560e2
1482.9	1.695e3
1483.8	3.010e2
1484.5	2.060e2
1485.2	2.466e3
1485.8	1.325e3
1486.9	3.785e3
1487.7	3.270e2
1488.5	1.385e3
1489.7	5.910e2
1491.0	2.312e3
1491.6	1.120e2
1492.6	1.187e3
1493.3	3.790e2
1494.3	5.600e2
1494.9	2.432e3
1495.7	6.100e2
1496.5	1.857e3
1497.3	7.820e2
1498.3	2.731e3
1499.0	4.640e2
1499.7	7.960e2
1500.5	9.270e2
1501.2	2.498e3
1502.0	2.086e3
1502.8	6.700e1
1503.4	2.857e3
1504.2	4.790e2
1504.8	1.245e3
1505.8	2.230e2
1506.5	1.536e3
1507.4	9.320e2
1508.4	2.038e3
1509.3	7.650e2
1510.0	2.340e2
1510.6	2.873e3
1511.4	2.440e2
1512.1	2.210e2
1512.7	3.467e3
1514.0	8.390e2
1514.9	1.942e3
1515.8	4.350e2
1516.6	1.949e3
1517.3	1.400e2
1518.2	2.134e3
1519.2	2.318e3
1519.9	5.620e2
1520.8	4.570e2
1521.6	9.490e2
1522.2	2.000e1
1522.8	1.887e3
1523.6	1.697e3
1524.6	5.340e2
1525.4	1.685e3
1526.5	1.023e3
1527.6	4.330e2
1528.4	1.541e3
1529.4	2.019e3
1530.0	1.930e2
1530.6	2.038e3
1531.2	4.290e2
1531.8	3.232e3
1533.1	1.776e3
1534.0	1.900e2
1534.6	1.107e3
1535.6	1.268e3
1536.5	2.813e3
1537.1	1.370e2
1537.6	2.479e3
1539.0	1.822e3
1539.9	9.370e2
1540.7	1.813e3
1541.3	1.680e2
1541.9	5.790e2
1542.9	1.243e3
1543.8	6.730e2
1544.6	1.103e3
1545.4	6.560e2
1546.0	1.792e3
1546.9	1.300e1
1547.5	9.600e2
1548.3	4.040e2
1548.9	8.940e2
1549.6	8.370e2
1550.3	1.713e3
1550.9	9.300e1
1551.5	8.400e2
1552.5	1.862e3
1553.4	1.922e3
1554.3	1.268e3
1555.5	9.720e2
1556.2	1.526e3
1557.1	1.410e3
1558.1	1.248e3
1559.0	8.580e2
1559.9	1.080e3
1560.6	5.120e2
1561.4	1.170e3
1562.0	1.370e2
1562.6	7.520e2
1563.4	2.446e3
1563.9	2.080e2
1564.5	1.647e3
1565.3	8.710e2
1566.2	2.768e3
1566.8	4.750e2
1567.7	2.288e3
1568.6	1.216e3
1569.5	6.230e2
1570.1	1.720e2
1570.6	2.680e2
1571.2	9.940e2
1572.0	5.670e2
1572.7	1.072e3
1573.4	2.270e2
1574.0	1.355e3
1574.8	1.112e3
1575.5	1.300e1
1576.0	3.950e2
1576.8	2.449e3
1577.9	1.498e3
1578.7	1.354e3
1579.4	1.022e3
1580.4	3.800e2
1581.0	2.342e3
1581.6	5.150e2
1582.2	2.188e3
1582.7	1.100e1
1583.3	8.570e2
1584.2	1.039e3
1584.9	4.730e2
1585.5	1.724e3
1586.4	7.530e2
1587.0	1.928e3
1587.7	1.240e2
1588.3	1.974e3
1589.0	7.850e2
1589.8	2.419e3
1591.2	7.910e2
1591.8	1.340e2
1592.4	1.850e3
1593.4	1.109e3
1594.0	1.570e2
1594.5	1.640e3
1595.3	7.100e2
1596.2	1.557e3
1597.0	1.361e3
1597.8	1.786e3
1598.6	8.740e2
1599.4	2.870e2
1600.2	2.227e3
1601.0	7.500e2
1602.0	1.416e3
1603.0	1.292e3
1604.0	7.010e2
1604.7	1.550e3
1606.0	1.618e3
1607.0	9.770e2
1607.6	5.080e2
1608.3	6.350e2
1609.4	1.097e3
1610.2	2.630e2
1610.7	1.336e3
1611.7	2.200e2
1612.3	2.041e3
1612.8	1.600e1
1613.4	1.803e3
1614.3	1.500e2
1615.0	1.528e3
1615.6	1.200e2
1616.7	1.425e3
1617.7	3.900e2
1618.8	2.154e3
1619.7	5.580e2
1620.6	9.920e2
1621.5	8.090e2
1622.5	9.240e2
1623.3	8.080e2
1623.9	3.470e2
1624.7	5.260e2
1625.5	9.020e2
1626.5	5.880e2
1627.1	9.090e2
1627.7	1.117e3
1628.3	3.830e2
1629.0	1.999e3
1630.4	3.800e2
1631.3	1.742e3
1632.2	2.877e3
1633.4	3.170e3
1634.4	9.790e2
1635.4	3.130e2
1636.1	3.675e3
1637.0	1.166e3
1637.7	4.100e1
1638.5	1.377e3
1639.3	3.400e2
1640.7	3.990e2
1641.4	3.068e3
1642.2	5.870e2
1642.8	2.570e2
1643.4	1.834e3
1644.6	8.170e2
1645.8	1.877e3
1647.2	1.842e3
1648.2	1.404e3
1649.0	4.380e2
1649.7	1.449e3
1650.4	5.490e2
1651.0	2.400e1
1651.8	4.900e2
1652.7	1.762e3
1653.3	4.670e2
1654.1	2.175e3
1654.7	6.470e2
1655.6	4.150e2
1656.2	1.939e3
1656.9	7.640e2
1657.6	2.054e3
1658.4	2.123e3
1659.4	1.874e3
1660.6	1.170e3
1661.5	7.550e2
1662.5	1.574e3
1663.6	1.619e3
1664.3	2.940e2
1664.9	1.705e3
1666.1	1.711e3
1667.1	1.304e3
1668.2	1.728e3
1668.9	9.530e2
1669.9	7.070e2
1670.7	1.850e2
1671.4	1.767e3
1672.1	1.950e2
1672.7	1.804e3
1673.4	2.290e2
1674.1	1.391e3
1674.8	2.000e1
1675.3	1.080e3
1675.8	1.580e2
1676.4	1.300e1
1677.2	1.867e3
1678.1	2.463e3
1679.0	1.850e3
1679.7	1.130e2
1680.4	7.410e2
1681.1	6.700e1
1681.6	5.670e2
1682.3	1.110e2
1683.3	2.889e3
1684.1	5.890e2
1684.9	2.566e3
1685.7	2.750e2
1686.3	9.520e2
1687.1	7.910e2
1687.9	1.693e3
1688.9	5.400e2
1690.3	1.817e3
1691.5	1.767e3
1692.7	2.229e3
1693.3	8.300e1
1694.0	1.541e3
1694.9	2.292e3
1695.8	1.650e2
1696.9	9.160e2
1697.7	6.670e2
1699.3	7.070e2
1700.0	4.590e2
1701.1	1.326e3
1701.9	6.410e2
1702.8	1.666e3
1704.2	2.407e3
1705.2	1.740e3
1705.8	1.130e2
1706.7	1.144e3
1707.4	4.430e2
1708.3	1.043e3
1708.9	3.420e2
1709.5	1.970e3
1710.3	5.760e2
1711.0	2.435e3
1711.8	1.186e3
1712.6	9.120e2
1713.6	7.200e1
1714.2	1.800e2
1715.0	1.320e2
1715.6	1.278e3
1716.3	6.060e2
1717.2	3.840e2
1718.0	2.470e2
1718.6	3.030e2
1719.2	9.080e2
1719.9	1.508e3
1720.5	2.840e2
1721.1	4.100e2
1722.1	7.740e2
1722.9	1.839e3
1723.9	9.850e2
1724.9	1.517e3
1725.9	8.200e2
1726.8	1.903e3
1727.4	2.820e2
1728.2	1.453e3
1729.0	4.410e2
1729.8	1.214e3
1731.1	1.630e3
1731.8	6.200e1
1732.8	6.010e2
1733.6	1.612e3
1734.7	1.215e3
1735.3	7.740e2
1736.1	1.440e3
1737.0	8.630e2
1737.8	1.400e3
1738.6	4.820e2
1739.5	6.020e2
1740.3	2.260e3
1741.5	1.590e2
1742.2	1.733e3
1743.1	2.397e3
1743.8	2.810e2
1744.6	9.380e2
1745.5	2.970e2
1746.6	1.060e2
1747.5	8.440e2
1748.2	8.720e2
1749.0	2.120e3
1749.6	2.300e2
1750.4	7.920e2
1751.4	3.420e2
1752.1	1.437e3
1753.1	7.480e2
1754.1	9.800e1
1754.7	1.376e3
1755.4	1.460e2
1756.5	8.900e1
1757.1	1.200e1
1757.7	3.368e3
1758.4	4.550e2
1759.3	8.520e2
1760.2	2.303e3
1760.9	6.460e2
1761.6	2.950e2
1762.2	1.752e3
1762.8	4.900e2
1763.5	1.120e2
1764.1	6.540e2
1764.8	5.000e1
1765.6	1.041e3
1766.7	1.120e3
1767.6	8.140e2
1768.5	2.698e3
1769.1	8.030e2
1769.9	1.080e2
1770.5	7.420e2
1771.6	9.570e2
1772.5	1.196e3
1773.4	5.730e2
1774.0	1.443e3
1775.0	3.250e2
1775.8	1.021e3
1776.6	5.440e2
1777.4	1.847e3
1778.3	9.800e1
1778.9	1.607e3
1779.5	6.980e2
1780.1	3.220e2
1780.8	3.527e3
1782.1	6.230e2
1782.8	1.990e2
1783.7	6.680e2
1784.6	1.160e3
1785.5	8.050e2
1786.7	1.550e3
1787.3	1.630e2
1788.0	1.224e3
1788.6	3.270e2
1789.4	8.310e2
1790.1	2.840e3
1790.9	3.950e2
1792.0	2.107e3
1792.8	1.311e3
1793.4	3.020e2
1794.1	5.350e2
1794.8	3.355e3
1795.6	1.030e2
1796.6	6.750e2
1797.4	7.630e2
1798.0	2.153e3
1799.1	5.950e2
1800.2	4.630e2
1801.1	2.203e3
1802.1	7.550e2
1802.8	7.650e2
1803.8	1.551e3
1804.7	6.650e2
1805.5	8.670e2
1806.3	5.390e2
1807.4	1.670e2
1808.4	1.735e3
1809.0	1.760e2
1810.1	2.750e2
1811.1	2.370e2
1811.7	1.293e3
1812.3	2.100e2
1812.9	3.890e2
1813.6	7.860e2
1814.6	2.547e3
1815.4	9.580e2
1816.6	1.078e3
1817.5	1.430e3
1818.2	1.677e3
1819.2	1.800e1
1819.9	1.279e3
1820.7	7.090e2
1821.5	6.930e2
1822.5	5.560e2
1823.7	9.580e2
1824.2	1.500e1
1825.1	3.520e2
1825.8	8.010e2
1826.4	1.800e1
1827.0	8.230e2
1828.4	1.505e3
1829.6	1.504e3
1830.4	9.900e1
1831.2	6.000e1
1832.1	6.140e2
1833.0	6.640e2
1834.2	5.860e2
1835.2	3.700e2
1836.1	4.140e2
1837.1	8.820e2
1838.1	5.640e2
1839.0	1.109e3
1839.7	1.870e2
1840.6	1.659e3
1841.4	6.340e2
1842.4	3.670e2
1843.6	1.003e3
1844.4	1.207e3
1845.2	5.140e2
1845.9	5.220e2
1846.7	1.039e3
1847.8	1.348e3
1848.4	8.220e2
1849.3	1.307e3
1850.0	6.100e2
1851.0	5.840e2
1851.7	2.978e3
1852.2	2.470e2
1853.3	2.112e3
1854.0	1.300e1
1854.6	6.960e2
1855.5	4.190e2
1856.5	7.090e2
1857.3	5.330e2
1858.4	1.030e2
1859.2	1.310e3
1860.2	9.990e2
1860.8	4.360e2
1861.5	1.151e3
1862.2	4.110e2
1863.4	1.963e3
1864.1	5.720e2
1864.8	1.316e3
1865.7	6.900e1
1866.8	2.510e2
1867.4	3.920e2
1868.2	1.052e3
1869.1	6.780e2
1869.9	1.306e3
1871.0	2.130e2
1871.6	5.540e2
1872.5	3.690e2
1873.3	1.360e2
1874.2	3.870e2
1874.7	5.900e1
1875.2	3.950e2
1876.2	2.976e3
1877.3	8.690e2
1879.0	8.540e2
1879.7	1.384e3
1880.5	1.425e3
1881.1	2.190e2
1881.9	7.530e2
1882.5	2.330e2
1883.1	5.740e2
1883.7	2.118e3
1885.0	1.395e3
1885.6	2.060e2
1886.2	1.245e3
1887.0	1.023e3
1887.8	2.800e2
1888.6	6.850e2
1889.4	1.793e3
1890.4	1.260e2
1891.1	7.120e2
1892.0	7.120e2
1892.7	1.367e3
1893.6	2.130e2
1894.4	1.200e1
1894.9	1.724e3
1895.7	2.180e2
1896.8	8.200e2
1897.9	4.420e2
1898.4	7.480e2
1899.1	8.950e2
1899.9	2.080e2
1901.1	8.130e2
1901.8	4.180e2
1902.5	4.840e2
1903.2	4.420e2
1903.8	1.300e1
1904.8	4.950e2
1905.6	2.320e2
1906.2	7.050e2
1906.8	2.080e2
1907.3	1.543e3
1908.3	3.950e2
1909.0	6.390e2
1909.9	7.200e1
1910.6	1.959e3
1911.2	3.890e2
1912.0	1.808e3
1912.6	4.640e2
1913.6	7.370e2
1914.5	1.804e3
1915.2	5.630e2
1916.0	2.190e2
1916.8	1.327e3
1917.7	1.066e3
1918.8	4.550e2
1919.5	1.240e3
1921.0	1.700e2
1921.7	5.940e2
1922.5	1.146e3
1923.5	7.790e2
1924.4	5.050e2
1925.2	2.850e2
1926.3	2.560e2
1927.1	8.720e2
1928.0	1.200e1
1928.9	1.610e2
1929.6	3.090e2
1930.3	7.520e2
1930.9	3.870e2
1931.8	2.970e2
1932.8	3.250e2
1933.8	1.271e3
1934.9	1.570e2
1936.3	1.754e3
1937.0	2.840e2
1938.1	1.610e3
1939.0	6.950e2
1939.6	2.002e3
1940.7	3.760e2
1941.5	1.103e3
1942.1	1.130e2
1942.7	1.714e3
1943.8	8.250e2
1944.5	1.668e3
1945.1	1.270e2
1946.2	1.801e3
1947.4	1.870e2
1947.9	7.510e2
1948.5	1.200e1
1949.0	1.197e3
1949.7	5.530e2
1950.2	2.408e3
1951.4	7.650e2
1952.5	5.390e2
1953.6	1.884e3
1954.3	6.600e1
1955.2	5.990e2
1956.1	2.973e3
1957.1	2.040e2
1957.8	8.650e2
1958.5	1.920e2
1959.3	1.213e3
1960.5	7.870e2
1961.4	9.030e2
1962.0	1.080e2
1962.9	1.790e2
1963.8	5.120e2
1964.7	7.790e2
1965.6	8.510e2
1966.2	1.400e1
1966.9	3.420e2
1968.1	1.620e3
1969.0	1.366e3
1969.7	2.870e2
1970.6	9.880e2
1971.3	1.210e3
1972.2	4.980e2
1973.1	4.170e2
1974.0	1.396e3
1974.6	4.990e2
1975.3	1.305e3
1976.1	2.480e2
1976.9	4.200e2
1977.5	4.400e1
1978.1	4.010e2
1978.8	1.702e3
1979.4	4.800e1
1980.0	9.610e2
1981.0	7.280e2
1981.7	2.720e2
1982.4	8.190e2
1983.3	4.710e2
1984.1	2.540e2
1984.7	1.397e3
1985.7	1.880e2
1987.3	8.030e2
1988.0	1.500e1
1989.1	1.115e3
1989.9	1.112e3
1990.9	1.164e3
1992.2	9.650e2
1993.0	4.400e2
1994.3	1.213e3
1994.8	2.080e2
1995.6	9.870e2
1996.5	1.086e3
1997.0	2.980e2
1997.6	9.800e1
1998.3	5.320e2
1998.9	9.200e1
1999.5	6.710e2
