100.4	4.712e4
101.1	4.430e5
101.7	2.390e3
102.2	3.684e6
103.2	2.288e5
104.2	1.887e5
105.2	2.216e6
105.7	1.783e3
106.2	2.037e5
106.8	2.148e3
107.3	1.788e5
108.3	6.614e5
109.2	4.487e5
110.1	2.773e6
110.6	3.312e3
111.2	6.544e6
111.7	6.776e3
112.2	2.064e6
113.2	5.243e5
114.2	3.303e5
115.2	2.213e5
115.7	9.530e2
116.2	1.533e5
117.2	1.013e5
117.7	5.630e2
118.2	2.265e5
119.1	1.913e5
119.7	3.117e3
120.2	5.602e5
121.2	1.891e5
121.8	8.334e3
122.3	2.850e6
123.2	8.302e5
123.8	2.386e3
124.3	3.611e5
125.2	1.227e5
126.2	3.806e5
126.7	1.042e3
127.2	1.354e5
128.2	6.883e4
129.2	1.356e5
130.2	7.368e5
130.8	7.136e4
131.4	1.062e6
132.3	4.919e5
133.2	2.545e5
134.2	1.103e5
134.7	1.779e3
135.2	7.987e4
136.2	6.333e5
136.7	1.060e3
137.3	1.584e5
138.3	1.285e6
139.3	2.944e5
140.2	1.970e5
141.2	1.906e5
142.2	3.842e5
142.7	1.327e3
143.2	1.138e5
144.2	1.640e5
145.2	1.473e6
145.7	8.930e2
146.2	1.422e5
147.2	7.665e5
147.7	2.433e3
148.2	1.109e5
149.2	2.421e5
149.8	4.331e3
150.3	8.277e5
151.3	1.542e5
152.3	5.593e4
153.3	6.801e4
154.2	9.239e4
154.7	5.660e2
155.2	1.624e5
155.7	1.200e2
156.3	8.612e4
157.2	2.494e5
158.2	3.438e5
159.2	1.947e6
159.7	5.530e2
160.2	2.108e5
160.8	1.503e3
161.3	9.579e4
162.3	8.321e4
163.3	1.596e5
164.2	1.112e5
164.8	1.455e3
165.3	7.502e4
165.8	1.093e3
166.4	5.506e4
167.4	3.757e5
168.2	1.503e5
168.8	7.480e3
169.3	6.800e4
170.3	1.364e5
171.3	6.024e5
172.2	4.607e5
173.3	2.850e5
173.8	5.500e2
174.3	1.280e5
175.3	1.054e5
176.2	1.756e5
177.1	3.293e5
177.7	1.139e4
178.3	1.026e5
178.8	3.025e3
179.3	1.210e5
180.3	6.823e4
180.8	1.684e3
181.3	9.851e4
182.3	7.971e4
183.2	4.992e5
183.8	2.325e3
184.3	1.047e5
185.2	8.793e5
186.2	1.720e5
187.2	7.469e5
187.7	1.980e3
188.3	4.399e5
189.2	1.367e5
189.8	1.178e3
190.3	7.353e4
191.3	7.911e4
191.8	9.230e2
192.3	7.213e4
192.8	1.671e3
193.3	7.179e4
194.4	2.592e5
195.3	1.548e5
195.9	2.124e3
196.4	2.128e6
197.4	5.550e5
198.4	1.018e6
199.3	1.820e5
200.2	6.199e5
200.7	1.583e3
201.3	1.446e5
201.8	5.310e2
202.3	1.379e5
203.3	1.980e5
204.2	7.972e4
204.8	9.730e2
205.3	1.626e5
205.8	5.130e2
206.3	8.418e4
207.3	7.167e4
208.3	7.157e4
209.2	1.190e5
209.8	2.834e3
210.3	9.022e4
211.3	6.279e4
212.3	9.058e4
213.2	6.000e4
213.7	5.350e2
214.3	5.483e6
215.3	7.463e5
216.3	4.361e5
217.3	3.605e5
217.8	2.904e3
218.4	6.426e5
219.3	1.525e5
220.3	1.231e5
221.3	8.756e4
221.8	1.523e3
222.3	6.652e4
223.3	4.883e4
224.3	1.468e5
224.8	1.709e3
225.3	6.858e4
226.2	1.153e5
227.2	1.652e6
227.7	1.661e3
228.3	2.430e5
228.8	1.872e3
229.3	1.227e5
229.8	3.392e3
230.4	1.190e5
231.3	1.243e5
232.3	6.774e4
233.3	6.061e4
234.3	9.390e4
235.3	7.460e4
236.3	6.382e5
237.3	2.852e5
237.8	1.679e3
238.3	9.503e4
239.3	8.746e4
239.8	1.264e3
240.4	3.980e4
241.3	5.387e4
242.3	5.987e4
243.3	1.055e5
244.3	1.007e5
244.8	2.078e3
245.3	8.436e4
245.8	9.610e2
246.4	5.911e4
247.3	3.806e4
248.2	4.729e4
248.8	1.530e3
249.3	4.303e4
250.3	9.786e4
250.8	9.060e2
251.3	4.573e4
252.3	6.353e4
252.9	7.843e3
253.5	6.567e4
254.3	5.109e4
255.2	7.362e4
255.8	2.756e3
256.3	4.991e4
257.3	6.409e4
257.9	4.486e3
258.5	7.776e4
259.4	2.307e5
260.4	6.346e4
261.4	1.251e5
261.9	1.950e3
262.4	6.365e4
263.4	4.821e4
264.3	3.422e4
265.3	3.361e4
266.2	3.945e5
266.7	1.180e3
267.3	7.386e4
267.8	5.610e2
268.3	3.572e4
268.9	1.165e3
269.4	3.243e4
269.9	5.970e2
270.4	2.855e4
271.4	5.722e4
272.4	4.113e4
272.9	1.123e3
273.4	4.301e4
274.0	1.505e3
274.5	1.778e5
275.5	6.607e4
276.3	4.307e4
277.3	8.144e4
278.3	6.092e4
278.8	1.405e3
279.3	7.763e4
279.9	1.011e3
280.4	5.434e4
281.4	4.612e4
282.4	5.099e4
283.3	7.296e4
284.3	3.643e4
285.3	5.080e4
285.9	5.049e3
286.5	4.397e4
287.4	3.672e4
287.9	8.920e2
288.4	4.158e4
289.3	6.868e4
289.9	4.001e3
290.5	9.307e4
291.4	4.008e4
292.3	2.998e4
293.3	3.076e4
294.3	3.901e4
295.2	2.249e5
295.8	2.286e3
296.3	3.737e4
296.8	9.600e2
297.4	3.805e4
298.4	3.215e4
299.4	3.569e4
299.9	4.310e2
300.4	3.252e4
301.4	6.502e4
302.4	4.060e4
303.3	3.492e4
304.2	6.838e4
304.8	1.636e3
305.3	1.344e5
305.9	2.428e3
306.4	4.207e4
307.3	4.883e4
307.8	7.750e2
308.4	2.789e4
309.3	3.625e4
309.9	1.541e3
310.4	3.295e4
311.4	4.503e4
312.3	3.827e4
312.9	9.700e2
313.4	4.079e4
314.4	3.074e4
315.4	3.770e4
316.3	3.236e4
317.3	4.178e4
317.9	1.931e3
318.5	3.492e4
319.4	3.751e4
320.4	2.569e4
321.3	3.930e4
321.8	1.046e3
322.4	3.921e4
322.9	2.390e2
323.4	2.855e4
324.4	4.094e4
325.4	3.707e4
326.3	5.785e4
327.3	8.279e4
327.8	2.629e3
328.4	4.444e4
328.9	7.760e2
329.4	3.307e4
329.9	4.730e2
330.5	3.542e4
331.4	9.139e4
332.4	5.527e4
333.3	5.507e4
334.3	1.329e5
334.8	1.139e3
335.3	4.679e4
335.8	1.795e3
336.4	3.365e4
337.4	4.602e4
338.3	3.685e4
338.9	3.058e3
339.4	6.338e4
340.4	3.621e4
340.9	1.553e3
341.5	4.668e4
342.4	4.093e4
343.4	3.539e4
344.4	5.661e4
345.3	3.395e4
346.3	2.953e4
346.9	7.500e2
347.4	4.422e4
348.3	3.150e4
348.8	5.020e2
349.4	6.692e4
350.4	4.543e4
351.3	4.721e4
352.3	3.906e4
353.3	5.460e4
354.3	1.693e5
354.8	2.879e3
355.3	1.009e5
356.3	4.760e4
357.2	5.066e4
357.8	4.266e3
358.5	3.804e4
359.4	9.507e4
360.4	4.573e4
361.4	3.921e4
362.3	3.567e4
363.2	4.168e5
363.7	1.264e3
364.2	5.059e4
364.8	3.152e3
365.3	9.800e4
366.3	4.995e4
366.8	7.860e2
367.3	4.413e4
368.3	2.817e4
368.9	2.483e3
369.5	6.135e4
370.4	3.294e4
371.4	5.055e4
372.3	4.000e4
373.2	6.876e4
373.7	2.128e3
374.3	3.420e4
374.8	6.230e2
375.3	3.465e4
375.9	3.027e3
376.5	3.144e4
377.5	4.556e4
378.4	2.885e4
379.2	4.486e4
379.7	3.730e3
380.3	5.187e4
380.9	2.745e3
381.4	4.629e4
382.4	2.365e4
382.9	1.332e3
383.5	4.332e4
384.5	2.915e4
385.4	3.301e4
386.0	3.280e2
386.5	2.653e4
387.5	3.705e4
388.1	4.736e3
388.7	3.970e4
389.5	2.922e4
390.4	2.348e4
391.0	1.311e3
391.5	4.147e4
392.4	3.245e4
393.0	1.915e3
393.5	1.471e5
394.0	1.005e3
394.6	8.131e4
395.3	1.977e4
396.0	3.801e4
396.7	7.224e3
397.4	2.932e4
397.9	2.246e3
398.5	2.629e4
399.5	4.402e4
400.4	3.046e4
401.4	2.391e4
402.2	1.750e5
402.7	2.076e3
403.2	3.687e4
403.7	2.970e2
404.3	2.844e4
404.8	6.580e2
405.3	3.054e4
406.3	2.594e4
406.8	1.238e3
407.3	2.977e4
408.0	2.874e3
408.5	2.899e4
409.5	7.011e4
410.4	3.308e4
411.4	3.044e4
412.4	2.688e4
413.0	8.742e3
413.7	5.590e4
414.6	2.365e4
415.5	5.753e4
416.1	2.656e3
416.6	4.349e4
417.3	3.234e3
417.8	2.764e4
418.5	6.880e3
419.2	3.153e4
419.8	2.412e3
420.3	2.005e4
421.2	4.788e4
421.9	8.251e3
422.6	3.877e4
423.5	4.183e4
424.4	2.002e4
425.4	3.949e4
426.0	3.807e3
426.6	2.013e4
427.5	4.106e4
428.4	2.305e4
429.3	3.091e4
429.8	6.280e2
430.4	2.097e4
431.2	3.486e5
431.8	6.890e3
432.4	6.550e4
433.4	3.641e4
433.9	9.110e2
434.4	2.001e4
435.4	2.549e4
436.4	3.445e4
436.9	3.250e3
437.5	1.074e5
438.0	6.490e2
438.5	5.902e4
439.5	2.782e4
440.4	1.968e4
441.3	5.747e4
441.9	3.563e3
442.4	2.465e4
443.4	5.188e4
444.4	2.768e4
444.9	4.621e3
445.6	3.075e4
446.4	1.617e4
447.2	3.090e4
448.2	4.230e4
448.8	3.580e3
449.4	3.182e4
450.4	2.891e4
450.9	2.106e3
451.4	3.439e4
452.0	1.580e3
452.5	2.771e4
453.5	3.945e4
454.4	2.254e4
455.0	2.154e3
455.6	2.697e4
456.2	4.808e3
456.8	2.439e4
457.8	5.150e4
458.6	2.789e4
459.1	7.540e2
459.7	2.711e4
460.6	4.910e4
461.5	2.849e4
462.4	1.434e4
463.1	4.109e4
463.8	8.494e3
464.5	2.433e4
465.5	4.276e4
466.5	2.582e4
467.0	1.335e3
467.6	3.171e4
468.4	1.822e4
469.3	2.587e4
470.2	1.669e5
471.0	1.613e4
471.7	5.115e4
472.5	2.080e4
473.3	3.423e4
474.0	9.267e3
474.8	2.673e4
475.6	1.561e4
476.4	2.886e4
476.9	5.250e2
477.4	2.364e4
478.3	1.682e4
478.8	2.990e2
479.3	2.309e4
480.2	4.207e4
480.9	8.886e3
481.6	3.003e4
482.2	1.590e3
482.7	3.792e4
483.6	2.138e4
484.2	1.794e3
484.7	2.342e4
485.7	2.859e4
486.5	1.625e4
487.3	5.795e4
487.9	3.908e3
488.5	2.506e4
489.5	3.575e4
490.0	2.326e3
490.6	2.946e4
491.6	2.424e4
492.4	1.260e4
493.3	2.115e4
494.2	2.769e4
494.7	5.880e2
495.2	3.046e4
495.9	1.012e4
496.7	3.469e4
497.7	3.058e4
498.4	1.287e4
499.2	2.340e5
500.2	4.473e4
501.1	2.630e4
501.9	6.152e4
502.9	2.394e4
503.7	2.090e4
504.6	3.409e4
505.1	9.360e2
505.6	2.933e4
506.4	1.186e4
507.2	2.181e4
508.1	2.252e4
508.7	2.395e3
509.2	8.702e4
509.9	1.098e4
510.5	3.309e4
511.1	3.318e3
511.7	3.766e4
512.4	1.248e4
513.2	2.911e4
514.1	1.995e4
515.1	2.440e4
516.0	6.037e4
516.6	1.132e4
517.3	3.353e4
518.0	1.129e4
518.8	3.627e4
519.7	3.108e4
520.6	2.725e4
521.2	1.484e3
521.7	2.532e4
522.4	8.210e3
523.1	2.346e4
524.1	3.639e4
524.7	8.760e3
525.4	3.699e4
526.3	2.567e4
527.1	4.174e4
527.8	1.209e4
528.5	3.088e4
529.1	2.837e3
529.7	2.977e4
530.5	1.573e4
531.3	6.476e4
532.3	3.468e4
532.9	7.084e3
533.5	2.877e4
534.2	7.340e3
534.9	2.491e4
535.5	7.227e3
536.2	2.363e4
536.8	1.804e3
537.3	2.495e4
538.2	1.528e5
538.8	1.582e3
539.3	4.414e4
540.0	1.072e4
540.8	4.146e4
541.6	3.452e4
542.4	1.412e4
543.3	2.668e4
544.1	1.244e4
544.9	1.830e4
545.8	4.474e4
546.8	2.802e4
547.6	1.615e4
548.4	4.181e4
549.3	2.241e4
550.2	1.443e4
551.0	2.596e4
551.7	1.011e4
552.5	2.176e4
553.4	3.273e4
554.2	1.455e4
555.0	4.035e4
555.9	2.659e4
556.5	7.196e3
557.2	3.193e4
558.0	1.670e4
558.9	2.105e4
559.8	3.971e4
560.7	1.890e4
561.5	2.761e4
562.1	2.508e3
562.6	2.285e4
563.6	2.530e4
564.2	1.133e3
564.7	2.365e4
565.5	1.298e4
566.3	2.015e4
567.2	2.135e5
567.7	1.556e3
568.2	4.718e4
569.0	2.138e4
569.8	3.175e4
570.7	3.799e4
571.7	2.112e4
572.2	1.600e3
572.8	2.205e4
573.7	2.590e4
574.7	1.830e4
575.7	3.606e4
576.5	1.453e4
577.2	5.873e4
578.2	2.582e4
578.7	1.382e3
579.3	1.962e4
579.8	5.950e2
580.3	2.081e4
580.9	4.054e3
581.5	1.923e4
582.5	2.371e4
583.1	3.894e3
583.6	2.753e4
584.6	3.776e4
585.2	5.080e3
585.8	2.055e4
586.7	1.344e4
587.6	2.180e4
588.2	2.312e3
588.8	1.642e4
589.7	3.259e4
590.7	2.345e4
591.7	1.694e4
592.4	6.340e3
593.0	2.154e4
594.0	1.843e4
594.8	1.320e4
595.8	1.836e4
596.6	1.401e4
597.5	2.680e4
598.2	8.387e3
599.0	3.241e4
599.9	2.298e4
600.8	1.692e4
601.8	1.849e4
602.3	5.250e2
602.8	1.480e4
603.8	3.065e4
604.9	2.387e4
605.5	6.606e3
606.2	1.136e5
607.2	2.606e4
607.9	6.665e3
608.6	2.089e4
609.5	2.870e4
610.5	2.044e4
611.5	2.028e4
612.1	3.181e3
612.7	2.411e4
613.6	1.604e4
614.2	2.371e3
614.8	2.274e4
615.5	9.628e3
616.3	2.389e4
617.0	7.747e3
617.8	2.096e4
618.7	1.250e4
619.6	2.701e4
620.5	1.735e4
621.2	3.817e3
621.9	1.763e4
622.6	7.735e3
623.3	2.280e4
624.2	1.093e4
625.1	2.092e4
625.7	3.900e3
626.4	1.804e4
626.9	8.080e2
627.4	1.928e4
628.2	6.601e3
628.9	2.715e4
629.9	1.422e4
630.4	2.550e2
630.9	1.233e4
631.9	1.813e4
632.8	1.225e4
633.7	2.877e4
634.5	1.020e4
635.2	1.403e5
636.2	2.820e4
637.1	1.689e4
637.6	4.610e2
638.1	2.135e4
638.7	3.263e3
639.4	1.446e4
640.1	7.124e3
640.8	1.376e4
641.7	1.788e4
642.7	2.384e4
643.4	2.598e3
644.0	1.856e4
644.6	4.142e3
645.2	4.349e4
646.2	1.504e4
647.0	7.646e3
647.8	2.983e4
648.4	4.310e2
648.9	2.005e4
649.4	4.830e2
649.9	1.538e4
650.6	2.880e3
651.2	1.365e4
652.1	2.393e4
653.1	1.251e4
653.6	1.193e3
654.2	1.231e4
654.8	2.035e3
655.4	1.925e4
656.0	5.126e3
656.7	2.263e4
657.6	1.898e4
658.3	4.200e3
659.0	1.759e4
659.9	1.192e4
660.4	2.430e2
660.9	1.628e4
661.9	1.953e4
662.9	1.426e4
663.9	2.336e4
664.8	1.273e4
665.5	4.473e3
666.2	1.382e4
667.2	2.156e4
667.7	5.000e1
668.2	1.524e4
668.8	4.200e3
669.5	3.091e4
670.1	3.285e3
670.6	3.441e4
671.6	3.335e4
672.2	1.371e3
672.8	2.641e4
673.5	7.148e3
674.2	8.974e4
675.2	2.208e4
676.0	1.341e4
676.9	1.336e4
677.8	2.942e4
678.8	1.679e4
679.3	4.900e1
679.8	1.368e4
680.4	2.136e3
681.0	1.299e4
681.6	2.365e3
682.2	8.580e3
682.8	7.240e2
683.4	1.355e4
684.4	2.474e4
685.1	5.434e3
685.7	2.122e4
686.3	1.763e3
686.9	2.344e4
687.7	1.634e4
688.3	5.370e2
688.8	1.761e4
689.3	2.723e3
689.9	1.525e4
690.8	1.285e4
691.7	2.821e4
692.4	3.705e3
693.0	2.012e4
694.0	1.363e4
695.0	1.194e4
695.9	9.752e3
696.8	1.257e4
697.7	1.715e4
698.3	7.450e2
698.8	1.234e4
699.4	1.836e3
700.0	1.898e4
701.0	1.686e4
701.9	1.209e4
702.6	4.335e3
703.2	1.264e5
704.1	2.918e4
705.1	1.242e4
705.9	2.257e4
706.9	1.420e4
707.8	2.296e4
708.4	5.110e2
708.9	1.614e4
709.8	1.119e4
710.7	1.171e4
711.6	1.558e4
712.5	9.217e3
713.2	3.987e4
714.2	1.501e4
714.7	1.090e3
715.3	1.640e4
716.0	8.045e3
716.8	1.978e4
717.4	2.371e3
718.0	1.511e4
718.6	2.029e3
719.2	1.492e4
720.1	2.421e4
721.0	1.005e4
721.9	2.234e4
722.8	2.615e4
723.7	1.390e4
724.6	1.728e5
725.6	2.452e5
726.6	2.196e5
727.6	7.807e4
728.1	9.410e2
728.6	6.444e4
729.6	3.281e4
730.1	3.520e3
730.7	2.474e4
731.3	2.484e3
731.9	1.934e4
732.4	1.878e3
733.0	1.735e4
733.9	1.179e4
734.9	1.943e4
735.7	2.468e4
736.4	5.439e3
737.2	2.676e4
738.0	1.197e4
738.6	1.967e3
739.2	1.274e4
739.8	3.844e3
740.4	1.085e4
741.2	1.671e4
742.2	8.911e4
743.2	2.336e4
744.2	1.784e4
745.1	2.491e4
745.9	9.149e3
746.6	2.829e4
747.6	2.986e4
748.1	7.300e2
748.6	4.315e4
749.2	1.616e3
749.7	4.374e4
750.7	3.489e4
751.4	1.233e4
752.1	3.347e4
752.7	5.658e3
753.4	1.913e4
754.0	2.859e3
754.7	1.507e4
755.7	1.716e4
756.2	1.820e2
756.7	2.259e4
757.7	1.577e4
758.5	7.581e3
759.3	2.203e4
760.1	9.294e3
760.9	2.490e4
761.8	1.809e4
762.4	3.530e2
762.9	1.635e4
763.9	1.779e4
764.9	1.409e4
765.9	2.255e4
766.8	1.649e4
767.4	2.698e3
768.1	1.459e4
768.9	6.521e3
769.7	1.275e4
770.5	3.873e3
771.2	1.091e5
772.1	2.856e4
773.1	2.057e4
773.7	1.347e3
774.2	2.553e4
775.1	2.102e4
775.7	4.229e3
776.3	2.225e4
776.8	2.660e2
777.3	1.562e4
778.0	5.216e3
778.7	1.350e4
779.8	2.252e4
780.5	6.566e3
781.3	4.200e4
781.8	2.238e3
782.4	1.682e4
783.0	1.261e3
783.5	1.774e4
784.0	1.209e3
784.6	1.619e4
785.4	9.842e3
786.2	1.671e4
786.8	2.253e3
787.4	2.373e4
788.4	3.014e4
789.0	5.707e3
789.7	2.350e4
790.3	2.272e3
790.8	2.913e4
791.7	1.755e4
792.7	1.227e4
793.3	1.496e3
793.9	1.530e4
794.8	8.794e3
795.7	1.802e4
796.4	5.133e3
797.1	1.540e4
798.0	9.445e3
798.9	1.413e4
799.6	4.496e3
800.3	1.524e4
801.2	1.000e4
802.1	1.377e4
803.1	1.982e4
803.7	1.318e3
804.2	1.476e4
805.1	3.474e4
806.0	1.446e4
806.9	1.161e4
807.9	1.035e4
808.8	1.276e4
809.6	4.175e3
810.2	7.289e4
811.1	2.523e4
811.6	6.380e2
812.1	1.574e4
812.7	1.247e3
813.3	1.858e4
814.0	9.028e3
814.8	1.343e4
815.7	8.932e3
816.6	1.130e4
817.6	1.284e4
818.2	3.656e3
818.9	1.779e4
819.7	1.000e4
820.5	2.119e4
821.6	1.029e4
822.3	2.875e3
823.0	1.040e4
823.9	1.164e4
824.8	2.276e4
825.4	1.718e3
825.9	1.590e4
826.5	1.620e3
827.1	1.772e4
828.0	8.683e3
828.9	1.285e4
829.8	1.889e4
830.5	5.641e3
831.3	1.305e4
832.0	2.820e3
832.7	1.382e4
833.6	1.486e4
834.3	2.534e3
834.9	1.293e4
835.5	1.283e3
836.1	1.111e4
837.0	8.203e3
837.9	1.252e4
838.6	4.369e3
839.2	8.635e4
840.1	2.527e4
840.7	2.407e3
841.3	1.689e4
842.0	6.090e3
842.6	1.871e4
843.4	8.346e3
844.2	2.036e4
845.2	1.417e4
846.0	4.462e3
846.7	8.965e3
847.6	1.591e4
848.5	6.477e3
849.3	3.528e4
850.2	1.553e4
851.0	6.724e3
851.8	1.668e4
852.8	1.549e4
853.8	1.459e4
854.4	3.276e3
855.1	1.483e4
855.6	2.118e3
856.2	1.645e4
857.0	6.563e3
857.7	1.564e4
858.4	4.843e3
858.9	2.598e4
859.8	1.186e4
860.4	1.953e3
860.9	1.365e4
861.5	1.380e2
862.0	1.141e4
862.9	1.267e4
863.8	1.824e4
864.7	1.278e4
865.3	2.241e3
866.0	1.117e4
866.9	1.660e4
867.4	4.550e2
868.0	1.823e4
868.9	1.462e4
869.5	1.829e3
870.1	1.069e4
870.7	5.110e2
871.2	1.614e4
871.8	1.530e3
872.3	1.236e4
873.3	2.472e4
874.2	1.188e4
875.2	1.049e4
876.1	6.165e3
877.0	1.136e4
877.6	2.274e3
878.2	6.089e4
879.1	1.579e4
880.0	1.688e4
880.6	3.065e3
881.2	1.337e4
882.1	1.826e4
882.7	1.480e3
883.2	1.536e4
884.2	1.277e4
885.0	5.238e3
885.7	1.140e4
886.2	3.530e2
886.8	1.175e4
887.5	4.730e3
888.3	1.494e4
888.8	3.740e2
889.3	1.058e4
890.2	6.439e3
891.1	1.038e4
892.0	8.141e3
892.9	2.454e4
893.8	1.348e4
894.4	2.538e3
895.0	1.491e4
895.5	3.560e2
896.1	9.908e3
896.8	2.449e3
897.4	1.385e4
898.3	1.760e4
899.2	8.686e3
900.0	6.989e3
900.9	1.599e4
901.7	9.879e3
902.6	1.458e4
903.4	6.637e3
904.2	1.443e4
904.8	4.220e2
905.3	8.808e3
906.3	1.034e4
907.2	6.328e4
908.2	3.103e4
909.1	1.849e4
909.7	5.990e2
910.2	2.338e4
911.1	1.510e4
911.7	1.566e3
912.2	2.104e4
913.2	1.607e4
914.2	8.931e3
915.1	1.126e4
916.0	8.604e3
916.7	1.013e3
917.2	2.500e4
918.2	1.295e4
918.9	2.850e3
919.6	9.894e3
920.5	1.633e4
921.4	1.280e4
922.0	1.654e3
922.6	1.282e4
923.4	5.795e3
924.3	1.642e4
925.0	3.053e3
925.6	9.149e3
926.6	2.093e4
927.5	2.343e4
928.4	1.206e4
929.3	1.278e4
930.2	1.035e4
931.0	6.706e3
931.9	1.423e4
932.6	2.713e3
933.3	1.270e4
933.8	6.570e2
934.4	1.364e4
935.3	1.195e4
936.3	1.604e4
937.3	9.402e3
938.2	9.381e3
938.8	4.330e2
939.3	1.431e4
940.2	1.157e4
940.7	1.860e2
941.2	1.825e4
941.9	6.381e3
942.7	1.473e4
943.2	5.320e2
943.7	1.172e4
944.4	4.160e3
945.2	9.658e3
945.7	6.510e2
946.3	4.889e4
947.2	1.794e4
948.2	1.061e4
948.8	1.456e3
949.4	1.525e4
950.3	1.097e4
951.2	1.218e4
952.2	9.542e3
952.7	9.600e1
953.3	9.156e3
954.0	3.768e3
954.7	1.199e4
955.3	2.166e3
956.1	1.630e4
956.6	1.293e3
957.2	1.331e4
957.9	5.734e3
958.7	7.732e3
959.6	1.119e4
960.7	2.147e4
961.6	1.326e4
962.4	7.227e3
963.2	1.744e4
963.8	1.027e3
964.3	1.028e4
965.0	3.156e3
965.6	1.706e4
966.3	4.300e3
967.0	1.379e4
967.6	9.930e2
968.1	9.987e3
969.1	1.316e4
969.8	4.466e3
970.5	1.259e4
971.2	5.192e3
971.9	9.866e3
972.6	2.003e3
973.2	1.052e4
973.8	3.010e2
974.3	9.757e3
975.2	5.148e4
976.2	1.779e4
976.9	7.423e3
977.8	1.469e4
978.4	4.571e3
979.1	1.312e4
979.7	1.353e3
980.3	1.978e4
980.9	2.726e3
981.5	1.525e4
982.1	2.352e3
982.7	1.071e4
983.3	3.350e2
983.8	1.390e4
984.5	5.509e3
985.3	2.374e4
986.1	9.374e3
986.9	1.371e4
987.6	3.122e3
988.3	1.187e4
989.2	1.077e4
990.1	8.379e3
991.0	1.182e4
992.0	1.501e4
992.6	2.500e3
993.3	1.122e4
994.1	4.272e3
994.8	2.101e4
995.4	5.025e3
996.1	1.663e4
997.1	1.085e4
997.7	2.553e3
998.4	1.106e4
999.1	4.042e3
999.8	1.696e4
1000.5	2.071e3
1001.1	1.245e4
1001.9	5.323e3
1002.7	1.353e4
1003.2	1.490e2
1003.7	1.256e4
1004.3	1.647e3
1004.9	1.350e4
1005.8	9.911e3
1006.4	1.733e3
1007.1	1.360e4
1007.6	2.270e2
1008.1	1.081e4
1008.7	1.853e3
1009.3	2.183e4
1009.9	8.210e2
1010.5	1.489e4
1011.4	1.021e4
1012.2	6.551e3
1013.0	1.114e4
1013.6	1.639e3
1014.2	5.015e4
1015.1	1.944e4
1016.1	1.203e4
1016.6	5.070e2
1017.1	1.204e4
1018.1	1.274e4
1018.9	5.298e3
1019.6	1.251e4
1020.6	8.965e3
1021.2	1.441e3
1021.8	1.081e4
1022.8	1.273e4
1023.5	4.493e3
1024.3	1.420e4
1025.0	5.248e3
1025.8	1.090e4
1026.3	9.730e2
1026.9	7.281e3
1027.8	8.723e3
1028.7	1.984e4
1029.4	3.659e3
1030.0	1.603e4
1030.7	3.910e3
1031.3	1.424e4
1032.2	5.764e3
1032.9	1.260e4
1033.9	1.614e4
1034.5	2.208e3
1035.2	1.246e4
1035.9	4.933e3
1036.8	1.286e4
1037.5	4.103e3
1038.2	1.233e4
1039.1	1.023e4
1040.1	1.153e4
1040.6	7.460e2
1041.2	1.192e4
1041.7	5.120e2
1042.2	1.051e4
1043.2	4.126e4
1044.2	1.903e4
1045.0	8.274e3
1045.8	1.447e4
1046.4	1.861e3
1047.0	1.166e4
1047.6	3.310e3
1048.3	2.105e4
1049.2	1.138e4
1050.1	8.938e3
1050.8	4.101e3
1051.6	1.167e4
1052.5	4.846e3
1053.2	2.421e4
1054.2	1.245e4
1055.1	7.879e3
1056.0	1.216e4
1056.9	1.080e4
1057.5	1.631e3
1058.1	1.168e4
1059.1	1.281e4
1060.1	1.312e4
1060.8	4.057e3
1061.6	1.018e4
1062.3	5.067e3
1063.0	1.922e4
1063.5	2.870e2
1064.0	1.549e4
1064.7	4.574e3
1065.5	1.010e4
1066.2	3.255e3
1066.9	9.909e3
1067.9	1.716e4
1068.8	1.028e4
1069.3	6.700e2
1069.9	8.838e3
1070.8	1.426e4
1071.5	2.849e3
1072.1	1.349e4
1072.8	5.499e3
1073.6	1.262e4
1074.3	3.702e3
1075.1	1.300e4
1076.0	8.975e3
1077.0	1.773e4
1077.9	7.775e3
1078.7	1.302e4
1079.6	9.213e3
1080.4	7.130e3
1081.3	8.779e3
1082.2	3.238e4
1083.2	1.576e4
1083.8	7.160e2
1084.3	1.140e4
1085.3	1.292e4
1086.2	1.294e4
1087.0	5.590e3
1087.8	1.248e4
1088.5	3.211e3
1089.2	9.033e3
1089.7	1.680e2
1090.2	1.108e4
1091.1	7.658e3
1092.0	1.473e4
1092.5	5.380e2
1093.1	1.249e4
1094.0	8.146e3
1094.8	3.513e3
1095.5	9.939e3
1096.6	1.791e4
1097.5	1.303e4
1098.4	9.898e3
1099.2	1.593e4
1100.2	6.904e3
1101.0	9.434e3
1101.9	1.575e4
1102.6	3.620e3
1103.2	1.138e4
1103.9	2.944e3
1104.6	1.443e4
1105.3	4.644e3
1106.0	1.200e4
1107.0	1.119e4
1108.0	1.104e4
1108.6	1.276e3
1109.2	9.411e3
1110.2	7.562e3
1111.2	3.343e4
1112.0	1.254e4
1112.8	1.469e4
1113.4	1.921e3
1114.0	1.267e4
1114.6	1.035e3
1115.1	1.147e4
1115.8	3.695e3
1116.5	1.697e4
1117.0	6.930e2
1117.5	1.214e4
1118.1	1.872e3
1118.7	1.134e4
1119.7	9.691e3
1120.5	4.491e3
1121.2	2.072e4
1121.7	1.890e2
1122.3	1.224e4
1122.9	1.362e3
1123.5	9.770e3
1124.5	1.284e4
1125.5	8.539e3
1126.3	6.297e3
1127.1	9.950e3
1127.6	1.800e2
1128.1	1.127e4
1129.1	9.687e3
1130.0	6.183e3
1130.8	1.628e4
1131.8	1.182e4
1132.5	3.731e3
1133.2	1.070e4
1134.1	9.198e3
1135.1	4.635e3
1135.8	1.391e4
1136.6	4.491e3
1137.4	1.202e4
1138.0	3.108e3
1138.7	1.065e4
1139.4	4.842e3
1140.2	1.386e4
1140.8	3.237e3
1141.5	9.509e3
1142.3	3.507e3
1142.9	9.414e3
1143.8	1.097e4
1144.5	2.401e3
1145.1	1.359e4
1145.8	4.719e3
1146.6	9.954e3
1147.6	1.167e4
1148.2	1.526e3
1148.8	1.048e4
1149.5	3.013e3
1150.2	2.913e4
1151.1	1.479e4
1152.0	1.200e4
1153.0	1.063e4
1153.9	1.265e4
1154.5	5.620e2
1155.0	1.150e4
1156.0	1.029e4
1156.6	1.935e3
1157.2	8.835e3
1157.9	3.979e3
1158.7	1.037e4
1159.6	5.473e3
1160.3	1.562e4
1161.2	6.463e3
1162.1	7.993e3
1162.8	1.836e3
1163.5	1.036e4
1164.1	2.410e3
1164.8	1.745e4
1165.4	5.500e2
1166.0	1.411e4
1166.6	4.324e3
1167.3	1.202e4
1168.1	3.990e3
1168.8	8.316e3
1169.8	1.325e4
1170.5	4.518e3
1171.2	1.204e4
1172.2	5.634e3
1173.1	1.002e4
1173.6	2.970e2
1174.1	1.120e4
1174.9	4.319e3
1175.7	1.011e4
1176.6	8.981e3
1177.4	5.675e3
1178.2	1.004e4
1179.2	2.423e4
1180.1	1.417e4
1181.1	9.598e3
1181.7	1.984e3
1182.3	1.309e4
1183.2	6.661e3
1184.2	1.646e4
1184.7	1.238e3
1185.3	1.359e4
1186.2	9.739e3
1187.1	7.760e3
1188.1	9.679e3
1188.7	8.980e2
1189.2	1.580e4
1190.0	8.264e3
1190.9	1.095e4
1191.5	1.478e3
1192.1	7.829e3
1193.0	8.735e3
1194.0	8.997e3
1194.6	1.597e3
1195.2	9.654e3
1195.7	7.410e2
1196.2	1.280e4
1197.2	7.985e3
1197.8	1.789e3
1198.4	1.312e4
1199.1	5.822e3
1199.8	1.056e4
1200.7	1.081e4
1201.3	1.920e2
1201.8	1.032e4
1202.8	7.022e3
1203.7	1.271e4
1204.3	2.470e3
1204.9	1.043e4
1205.5	1.010e3
1206.0	9.853e3
1207.0	9.060e3
1207.8	5.469e3
1208.6	1.204e4
1209.3	4.912e3
1210.1	1.040e4
1210.9	5.895e3
1211.8	1.065e4
1212.6	4.314e3
1213.3	1.244e4
1214.2	6.647e3
1215.0	1.250e4
1215.7	3.799e3
1216.5	1.111e4
1217.4	5.767e3
1218.2	2.542e4
1218.8	3.513e3
1219.4	1.245e4
1220.4	7.600e3
1221.3	1.101e4
1222.3	7.780e3
1223.2	9.818e3
1224.2	8.224e3
1225.1	5.963e3
1226.0	8.089e3
1226.9	6.685e3
1227.5	7.390e2
1228.0	1.389e4
1229.0	8.253e3
1229.7	4.287e3
1230.5	8.147e3
1231.0	6.200e2
1231.6	8.873e3
1232.2	1.009e3
1232.8	1.259e4
1233.4	3.710e2
1233.9	8.112e3
1234.8	1.261e4
1235.7	7.702e3
1236.7	9.392e3
1237.7	1.172e4
1238.4	6.817e3
1239.3	8.962e3
1239.9	8.430e2
1240.6	8.496e3
1241.5	6.727e3
1242.4	9.520e3
1243.1	2.614e3
1243.8	9.176e3
1244.5	3.026e3
1245.2	1.000e4
1245.7	4.080e2
1246.3	7.733e3
1247.2	2.260e4
1248.1	1.370e4
1248.8	3.115e3
1249.3	1.302e4
1249.9	3.880e2
1250.4	1.136e4
1251.1	1.603e3
1251.8	1.080e4
1252.7	9.954e3
1253.6	8.950e3
1254.3	3.318e3
1255.0	8.054e3
1255.9	7.837e3
1256.6	2.382e3
1257.2	1.547e4
1258.2	1.038e4
1258.8	1.793e3
1259.5	7.542e3
1260.5	9.436e3
1261.0	1.390e2
1261.5	9.468e3
1262.2	3.441e3
1262.9	9.630e3
1263.9	1.078e4
1264.6	1.386e3
1265.2	9.293e3
1266.0	4.620e3
1266.9	1.483e4
1267.7	7.324e3
1268.5	1.131e4
1269.4	3.878e3
1270.2	8.264e3
1271.1	7.010e3
1272.0	1.292e4
1273.0	9.148e3
1273.7	3.960e3
1274.4	9.101e3
1275.2	4.363e3
1275.9	9.850e3
1276.9	1.264e4
1277.4	8.870e2
1278.0	1.008e4
1278.5	3.400e1
1279.0	9.881e3
1279.5	2.030e2
1280.1	9.868e3
1281.0	1.079e4
1282.0	8.873e3
1282.6	1.113e3
1283.1	1.095e4
1283.7	3.960e2
1284.2	9.088e3
1284.8	3.310e2
1285.3	7.318e3
1286.2	1.973e4
1287.1	1.005e4
1288.0	6.663e3
1288.9	1.188e4
1289.9	8.712e3
1290.5	7.100e2
1291.0	1.079e4
1291.6	1.373e3
1292.2	9.415e3
1292.9	2.820e3
1293.6	7.139e3
1294.5	8.828e3
1295.4	4.718e3
1296.1	1.393e4
1297.0	9.154e3
1297.9	9.792e3
1298.9	1.043e4
1299.6	3.026e3
1300.4	1.162e4
1301.4	1.200e4
1302.1	3.341e3
1302.8	9.314e3
1303.7	6.702e3
1304.6	7.928e3
1305.6	1.076e4
1306.5	8.747e3
1307.2	3.733e3
1307.9	8.870e3
1308.9	9.309e3
1309.6	2.600e3
1310.3	9.501e3
1311.1	3.973e3
1311.8	1.174e4
1312.4	9.980e2
1313.0	1.281e4
1313.6	1.523e3
1314.1	9.823e3
1315.1	1.925e4
1316.0	9.273e3
1316.8	1.125e4
1317.5	3.004e3
1318.2	1.017e4
1318.8	1.976e3
1319.4	1.018e4
1320.0	4.460e2
1320.5	1.326e4
1321.0	7.740e2
1321.5	1.178e4
1322.5	9.889e3
1323.4	6.342e3
1324.2	7.191e3
1325.2	1.474e4
1326.0	8.266e3
1326.9	9.517e3
1327.8	5.238e3
1328.7	9.936e3
1329.7	1.043e4
1330.3	2.378e3
1330.9	9.974e3
1331.5	1.355e3
1332.1	9.781e3
1332.7	7.760e2
1333.3	8.853e3
1334.1	4.793e3
1334.9	1.324e4
1335.9	9.916e3
1336.9	7.346e3
1337.7	7.963e3
1338.3	2.990e2
1338.8	7.818e3
1339.4	5.660e2
1339.9	1.080e4
1340.6	2.865e3
1341.3	1.012e4
1342.3	8.505e3
1343.1	7.056e3
1343.6	3.330e2
1344.2	9.681e3
1344.7	2.790e2
1345.2	9.532e3
1346.1	6.611e3
1347.1	7.581e3
1348.0	8.422e3
1348.6	5.390e2
1349.1	1.168e4
1350.1	8.267e3
1350.6	5.510e2
1351.1	9.854e3
1351.9	3.652e3
1352.6	8.483e3
1353.3	2.296e3
1353.9	1.112e4
1354.7	1.766e4
1355.4	3.178e3
1356.1	1.246e4
1356.9	3.594e3
1357.6	1.003e4
1358.4	4.607e3
1359.2	1.035e4
1360.1	4.487e3
1360.9	9.531e3
1361.7	2.009e3
1362.3	9.339e3
1363.2	8.224e3
1363.8	1.383e3
1364.4	1.112e4
1365.0	4.210e2
1365.5	1.029e4
1366.3	3.890e3
1367.1	1.112e4
1368.0	1.092e4
1369.0	1.222e4
1369.5	1.313e3
1370.1	1.112e4
1371.1	1.100e4
1372.0	7.867e3
1372.8	5.000e3
1373.7	1.078e4
1374.7	9.137e3
1375.7	9.299e3
1376.5	4.157e3
1377.2	8.014e3
1378.0	3.871e3
1378.8	7.671e3
1379.8	9.334e3
1380.4	1.988e3
1381.1	9.557e3
1381.6	1.121e3
1382.2	8.540e3
1383.2	1.675e4
1383.7	4.060e2
1384.2	1.120e4
1385.1	9.009e3
1386.1	9.604e3
1386.7	4.750e2
1387.2	1.051e4
1387.8	1.531e3
1388.4	1.270e4
1389.4	1.037e4
1390.2	4.965e3
1390.9	1.086e4
1391.9	9.007e3
1392.5	2.154e3
1393.2	1.680e4
1394.2	9.195e3
1394.8	1.549e3
1395.4	9.385e3
1396.3	8.489e3
1396.9	1.244e3
1397.5	8.626e3
1398.2	2.227e3
1398.9	9.696e3
1399.9	1.077e4
1400.4	3.630e2
1401.0	7.103e3
1401.8	6.646e3
1402.8	9.861e3
1403.7	1.140e4
1404.6	6.369e3
1405.6	8.137e3
1406.5	6.114e3
1407.4	9.158e3
1408.2	5.545e3
1409.1	8.122e3
1409.7	2.847e3
1410.4	9.985e3
1410.9	6.510e2
1411.5	8.022e3
1412.3	5.836e3
1413.1	1.092e4
1413.8	1.433e3
1414.4	8.677e3
1415.0	1.387e3
1415.5	8.694e3
1416.2	1.954e3
1416.9	9.535e3
1417.4	5.030e2
1418.0	1.050e4
1418.6	2.263e3
1419.2	9.341e3
1420.2	7.320e3
1420.8	7.940e2
1421.3	7.237e3
1422.2	1.700e4
1423.0	5.395e3
1423.8	9.668e3
1424.3	2.400e2
1424.8	1.001e4
1425.8	8.571e3
1426.4	7.390e2
1427.0	9.715e3
1427.6	2.088e3
1428.2	8.927e3
1429.0	4.182e3
1429.8	8.257e3
1430.4	2.670e2
1431.0	8.205e3
1431.5	9.530e2
1432.1	9.744e3
1433.0	6.840e3
1433.6	1.980e3
1434.2	1.041e4
1435.1	6.375e3
1436.0	8.475e3
1437.0	1.203e4
1437.6	2.679e3
1438.3	1.102e4
1439.2	6.915e3
1440.1	8.179e3
1441.1	1.126e4
1441.9	5.748e3
1442.6	8.917e3
1443.4	4.870e3
1444.1	9.983e3
1445.0	5.048e3
1445.8	9.251e3
1446.3	2.270e2
1446.9	8.701e3
1447.9	6.624e3
1448.7	3.952e3
1449.4	6.984e3
1450.4	6.743e3
1451.2	1.258e4
1452.2	8.143e3
1453.1	8.320e3
1453.6	6.800e2
1454.2	9.836e3
1455.1	9.572e3
1456.0	8.396e3
1457.0	1.087e4
1457.7	3.435e3
1458.4	9.410e3
1459.4	9.036e3
1460.0	1.526e3
1460.6	9.652e3
1461.5	1.129e4
1462.2	2.119e3
1462.8	8.789e3
1463.8	5.211e3
1464.7	7.950e3
1465.6	7.859e3
1466.4	5.103e3
1467.2	7.971e3
1468.2	1.000e4
1468.7	1.940e2
1469.3	8.789e3
1470.2	4.887e3
1471.1	1.006e4
1471.9	3.894e3
1472.7	8.627e3
1473.7	7.360e3
1474.2	6.370e2
1474.7	7.514e3
1475.5	4.312e3
1476.3	1.073e4
1477.1	5.806e3
1477.8	9.004e3
1478.5	3.562e3
1479.3	7.859e3
1480.0	2.930e3
1480.7	9.630e3
1481.3	1.458e3
1481.9	8.339e3
1482.5	1.415e3
1483.1	6.940e3
1484.0	8.891e3
1484.6	1.021e3
1485.2	1.052e4
1485.9	4.682e3
1486.7	1.103e4
1487.5	4.739e3
1488.3	7.974e3
1489.2	4.493e3
1490.1	1.222e4
1491.0	1.123e4
1492.0	6.880e3
1492.8	5.242e3
1493.6	1.106e4
1494.4	2.921e3
1495.1	9.479e3
1495.7	1.241e3
1496.3	1.004e4
1496.8	2.040e2
1497.3	8.127e3
1498.3	6.816e3
1498.8	7.990e2
1499.4	8.515e3
1500.4	9.680e3
1500.9	3.020e2
1501.5	8.350e3
1502.4	5.827e3
1503.4	8.937e3
1504.3	6.388e3
1505.2	8.962e3
1506.0	6.464e3
1506.9	8.629e3
1507.9	7.995e3
1508.5	6.740e2
1509.0	9.023e3
1510.0	1.183e4
1510.6	9.680e2
1511.2	9.140e3
1511.8	1.820e3
1512.5	9.446e3
1513.4	8.197e3
1514.2	3.845e3
1515.0	7.527e3
1515.6	1.884e3
1516.2	7.383e3
1517.2	7.753e3
1517.8	2.500e2
1518.3	7.838e3
1518.9	6.110e2
1519.4	1.008e4
1520.0	9.530e2
1520.6	1.049e4
1521.5	6.138e3
1522.3	1.030e4
1523.2	5.751e3
1524.1	8.796e3
1524.8	3.231e3
1525.5	9.381e3
1526.1	2.798e3
1526.7	7.402e3
1527.7	8.469e3
1528.7	6.741e3
1529.5	1.056e4
1530.2	1.627e3
1530.8	8.778e3
1531.6	5.515e3
1532.5	9.663e3
1533.1	3.910e2
1533.6	8.262e3
1534.4	4.436e3
1535.2	6.917e3
1535.7	2.550e2
1536.2	7.601e3
1536.8	8.230e2
1537.4	8.320e3
1538.3	8.040e3
1539.3	1.065e4
1539.9	2.555e3
1540.6	9.004e3
1541.3	2.108e3
1541.9	8.623e3
1542.5	7.810e2
1543.1	7.155e3
1543.6	6.790e2
1544.1	8.525e3
1544.9	4.679e3
1545.7	9.176e3
1546.6	8.028e3
1547.2	6.310e2
1547.7	8.363e3
1548.7	8.245e3
1549.8	8.712e3
1550.3	5.420e2
1550.9	6.862e3
1551.4	1.610e2
1551.9	7.284e3
1552.5	2.560e2
1553.0	7.357e3
1553.9	4.993e3
1554.7	9.689e3
1555.7	6.336e3
1556.4	3.128e3
1557.1	6.270e3
1558.1	1.241e4
1558.6	7.150e2
1559.1	1.030e4
1559.8	2.340e3
1560.4	9.532e3
1561.0	1.640e3
1561.6	9.155e3
1562.2	8.500e2
1562.7	8.719e3
1563.3	7.520e2
1563.9	6.677e3
1564.9	7.299e3
1565.8	4.418e3
1566.6	6.704e3
1567.2	1.071e3
1567.8	8.252e3
1568.3	1.414e3
1569.0	7.897e3
1569.9	5.519e3
1570.8	9.152e3
1571.4	1.174e3
1572.0	6.209e3
1572.8	1.032e4
1573.5	2.093e3
1574.2	1.009e4
1575.1	8.076e3
1575.6	8.700e1
1576.1	8.083e3
1577.0	5.661e3
1578.0	1.083e4
1578.7	1.658e3
1579.3	8.265e3
1579.8	1.720e2
1580.3	8.668e3
1581.1	4.587e3
1581.9	9.030e3
1582.6	3.320e3
1583.3	7.770e3
1584.2	4.099e3
1585.0	6.866e3
1585.6	4.240e2
1586.1	6.227e3
1586.7	7.530e2
1587.3	1.026e4
1588.0	2.885e3
1588.7	9.346e3
1589.6	8.614e3
1590.6	9.352e3
1591.5	6.155e3
1592.5	1.067e4
1593.1	1.582e3
1593.8	8.858e3
1594.3	2.280e2
1594.8	8.348e3
1595.6	4.126e3
1596.4	8.733e3
1597.3	8.824e3
1598.1	3.556e3
1598.9	7.880e3
1599.4	1.510e2
1599.9	8.844e3
1600.7	4.336e3
1601.5	7.615e3
1602.3	4.115e3
1603.1	6.256e3
1603.7	1.240e3
1604.4	7.224e3
1605.0	1.629e3
1605.6	9.345e3
1606.2	5.830e2
1606.7	8.245e3
1607.3	1.296e3
1607.9	8.055e3
1608.4	2.420e2
1609.0	8.138e3
1609.8	4.942e3
1610.6	8.514e3
1611.5	4.866e3
1612.4	7.194e3
1612.9	9.700e2
1613.5	7.333e3
1614.3	4.290e3
1615.1	6.790e3
1616.0	8.566e3
1616.6	1.650e2
1617.1	8.461e3
1617.8	3.131e3
1618.6	7.386e3
1619.1	2.580e2
1619.6	7.510e3
1620.5	4.847e3
1621.3	7.329e3
1621.8	2.270e2
1622.3	9.939e3
1622.9	6.800e2
1623.5	7.314e3
1624.4	6.689e3
1625.3	6.659e3
1626.3	1.012e4
1627.1	4.559e3
1627.9	7.888e3
1628.8	6.353e3
1629.8	8.360e3
1630.3	1.480e2
1630.8	8.146e3
1631.5	1.736e3
1632.2	7.288e3
1632.9	3.875e3
1633.7	7.655e3
1634.3	1.014e3
1634.9	9.364e3
1635.4	1.107e3
1636.1	7.552e3
1636.6	4.940e2
1637.2	5.591e3
1638.1	8.015e3
1638.7	1.507e3
1639.4	6.666e3
1639.9	5.980e2
1640.5	7.132e3
1641.1	2.649e3
1641.8	8.761e3
1642.7	7.074e3
1643.8	7.505e3
1644.5	2.340e3
1645.2	8.855e3
1645.7	4.060e2
1646.3	9.367e3
1646.9	1.692e3
1647.5	8.241e3
1648.4	5.080e3
1649.1	2.036e3
1649.8	7.315e3
1650.3	3.400e2
1650.9	9.508e3
1651.9	7.791e3
1652.9	7.620e3
1653.5	1.303e3
1654.1	6.090e3
1654.8	2.622e3
1655.5	9.783e3
1656.0	2.860e2
1656.5	7.669e3
1657.5	6.555e3
1658.4	8.202e3
1659.4	7.952e3
1660.1	2.422e3
1660.8	9.035e3
1661.7	7.941e3
1662.3	2.326e3
1663.0	8.683e3
1663.5	2.200e1
1664.0	6.107e3
1664.6	9.130e2
1665.2	9.050e3
1665.9	4.081e3
1666.6	7.584e3
1667.4	2.505e3
1668.1	7.774e3
1669.0	5.662e3
1669.7	2.124e3
1670.4	7.887e3
1671.0	1.406e3
1671.6	8.342e3
1672.5	4.329e3
1673.3	7.454e3
1673.8	3.210e2
1674.4	6.634e3
1675.0	9.620e2
1675.6	8.813e3
1676.5	5.072e3
1677.4	7.594e3
1678.2	5.476e3
1679.1	6.533e3
1680.1	7.275e3
1681.1	7.081e3
1681.7	7.030e2
1682.3	7.644e3
1683.3	6.091e3
1683.9	1.532e3
1684.5	5.649e3
1685.4	7.114e3
1686.0	4.620e2
1686.5	6.435e3
1687.3	2.859e3
1688.0	7.388e3
1688.7	3.232e3
1689.4	8.067e3
1690.1	2.661e3
1690.8	9.183e3
1691.8	7.945e3
1692.8	6.483e3
1693.6	3.114e3
1694.4	1.060e4
1695.1	2.771e3
1695.8	7.661e3
1696.3	7.310e2
1696.9	7.343e3
1697.6	3.551e3
1698.3	7.210e3
1698.9	1.057e3
1699.5	7.936e3
1700.2	1.182e3
1700.8	7.964e3
1701.3	8.760e2
1701.9	8.655e3
1702.8	8.204e3
1703.8	7.559e3
1704.4	5.770e2
1705.0	7.870e3
1705.9	5.864e3
1706.6	1.653e3
1707.3	7.176e3
1707.9	2.029e3
1708.6	7.670e3
1709.3	2.118e3
1709.9	6.922e3
1710.9	7.869e3
1711.4	1.570e2
1711.9	7.198e3
1712.4	1.190e2
1713.0	7.453e3
1713.9	7.669e3
1714.7	3.723e3
1715.4	7.468e3
1716.1	1.880e3
1716.8	7.683e3
1717.7	5.231e3
1718.5	7.367e3
1719.1	3.100e2
1719.6	6.713e3
1720.5	4.107e3
1721.5	7.509e3
1722.5	7.148e3
1723.1	1.694e3
1723.8	8.100e3
1724.7	7.233e3
1725.3	1.687e3
1726.0	8.363e3
1726.5	1.431e3
1727.1	6.290e3
1728.1	8.210e3
1728.7	1.484e3
1729.3	7.623e3
1730.1	3.120e3
1730.9	8.016e3
1731.5	3.790e2
1732.1	6.239e3
1732.6	8.300e1
1733.1	8.518e3
1734.1	7.248e3
1735.1	7.417e3
1735.8	2.299e3
1736.5	8.164e3
1737.0	1.680e2
1737.5	6.047e3
1738.2	2.880e3
1739.0	9.335e3
1739.5	5.500e2
1740.0	6.761e3
1740.8	2.441e3
1741.5	7.040e3
1742.3	4.426e3
1743.1	8.831e3
1744.1	5.724e3
1745.0	8.377e3
1746.0	7.036e3
1746.8	3.125e3
1747.6	6.245e3
1748.2	6.760e2
1748.7	8.058e3
1749.4	3.100e3
1750.2	4.958e3
1751.0	7.953e3
1751.9	5.225e3
1752.9	7.066e3
1753.8	5.639e3
1754.6	7.769e3
1755.2	4.500e2
1755.8	5.553e3
1756.6	7.633e3
1757.2	8.130e2
1757.8	7.216e3
1758.3	7.040e2
1758.9	7.877e3
1759.4	1.960e2
1759.9	7.055e3
1760.7	2.535e3
1761.5	7.122e3
1762.4	7.070e3
1763.4	6.744e3
1763.9	1.780e2
1764.4	8.425e3
1765.0	9.470e2
1765.6	6.766e3
1766.1	2.400e2
1766.6	8.482e3
1767.5	5.559e3
1768.1	2.289e3
1768.8	8.603e3
1769.3	2.140e2
1769.8	9.303e3
1770.4	2.166e3
1771.1	7.342e3
1772.1	8.066e3
1772.8	2.133e3
1773.5	5.453e3
1774.5	7.385e3
1775.0	3.260e2
1775.5	6.878e3
1776.5	6.006e3
1777.1	2.760e2
1777.6	5.026e3
1778.2	6.030e2
1778.8	8.075e3
1779.3	3.520e2
1779.9	7.219e3
1780.9	6.347e3
1781.9	8.714e3
1782.5	1.147e3
1783.1	6.982e3
1784.0	7.617e3
1784.9	5.702e3
1785.8	6.011e3
1786.8	6.804e3
1787.5	2.004e3
1788.2	7.263e3
1789.2	6.693e3
1790.2	8.075e3
1791.1	9.134e3
1791.9	4.099e3
1792.7	8.566e3
1793.5	3.885e3
1794.4	5.825e3
1795.1	2.695e3
1795.9	6.648e3
1796.8	6.522e3
1797.3	1.070e2
1797.8	7.611e3
1798.4	7.460e2
1799.1	6.831e3
1800.1	5.180e3
1800.6	8.050e2
1801.2	8.591e3
1802.0	4.980e3
1802.9	7.176e3
1803.5	2.360e2
1804.0	7.512e3
1804.6	9.530e2
1805.1	7.895e3
1805.7	2.410e2
1806.2	5.945e3
1807.1	6.954e3
1807.9	2.489e3
1808.5	5.567e3
1809.5	5.972e3
1810.5	8.513e3
1811.4	6.825e3
1811.9	7.400e1
1812.5	6.867e3
1813.0	3.330e2
1813.6	6.857e3
1814.3	2.865e3
1815.1	7.253e3
1816.0	5.029e3
1816.6	6.210e2
1817.2	6.973e3
1817.7	5.870e2
1818.3	6.258e3
1818.8	8.600e1
1819.3	5.924e3
1819.8	1.090e2
1820.3	5.648e3
1821.3	5.189e3
1822.2	6.564e3
1822.8	1.660e2
1823.3	5.377e3
1824.2	8.183e3
1824.7	2.210e2
1825.3	6.679e3
1825.9	1.638e3
1826.5	6.272e3
1827.5	5.320e3
1828.0	3.770e2
1828.6	5.004e3
1829.5	6.689e3
1830.2	1.769e3
1830.9	6.545e3
1831.7	2.206e3
1832.5	7.078e3
1833.1	1.103e3
1833.7	7.101e3
1834.4	8.270e2
1835.0	5.741e3
1835.6	2.021e3
1836.2	6.876e3
1836.9	1.597e3
1837.5	7.444e3
1838.1	7.240e2
1838.7	6.262e3
1839.3	7.030e2
1839.9	6.145e3
1841.0	5.410e3
1842.0	5.305e3
1842.5	1.580e2
1843.1	5.010e3
1844.0	6.800e3
1844.6	3.910e2
1845.1	6.618e3
1845.6	4.790e2
1846.2	6.475e3
1847.1	3.922e3
1848.1	5.649e3
1849.0	4.781e3
1849.9	8.604e3
1850.9	7.229e3
1851.5	1.276e3
1852.2	6.075e3
1852.8	8.310e2
1853.4	6.061e3
1854.0	3.540e2
1854.5	6.138e3
1855.2	2.007e3
1855.9	5.743e3
1856.8	4.037e3
1857.6	7.060e3
1858.1	3.490e2
1858.7	5.227e3
1859.6	7.726e3
1860.5	7.534e3
1861.4	4.000e3
1862.3	5.622e3
1863.1	5.463e3
1864.1	5.914e3
1864.9	4.057e3
1865.7	6.851e3
1866.5	3.199e3
1867.2	7.198e3
1868.1	4.026e3
1869.0	6.854e3
1870.0	5.840e3
1870.9	3.707e3
1871.8	4.484e3
1872.7	6.421e3
1873.3	1.328e3
1874.0	8.077e3
1874.6	1.231e3
1875.3	5.697e3
1875.8	7.380e2
1876.4	5.511e3
1877.0	1.270e3
1877.7	6.118e3
1878.6	6.210e3
1879.6	5.741e3
1880.5	6.505e3
1881.0	2.730e2
1881.6	5.852e3
1882.2	1.108e3
1882.9	6.814e3
1883.4	1.190e2
1883.9	5.890e3
1884.4	1.560e2
1884.9	6.186e3
1885.6	1.734e3
1886.2	6.866e3
1886.8	3.090e2
1887.4	5.725e3
1888.3	6.312e3
1889.2	4.360e3
1890.0	5.993e3
1890.6	2.160e2
1891.1	6.338e3
1892.1	5.023e3
1892.7	6.800e2
1893.2	6.596e3
1893.9	9.850e2
1894.5	5.139e3
1895.4	5.124e3
1896.1	2.308e3
1896.9	6.282e3
1897.4	7.290e2
1898.1	7.966e3
1898.6	5.840e2
1899.1	6.614e3
1899.9	2.287e3
1900.6	5.764e3
1901.2	2.230e2
1901.7	5.536e3
1902.7	5.150e3
1903.3	1.355e3
1904.0	5.915e3
1904.9	3.865e3
1905.8	6.333e3
1906.7	5.954e3
1907.4	1.163e3
1908.0	5.057e3
1908.8	3.029e3
1909.5	6.980e3
1910.1	5.350e2
1910.7	6.845e3
1911.3	3.690e2
1911.8	5.987e3
1912.7	5.880e3
1913.7	5.002e3
1914.7	6.729e3
1915.5	2.743e3
1916.3	5.029e3
1917.0	2.825e3
1917.8	7.197e3
1918.5	1.086e3
1919.2	6.342e3
1919.9	2.499e3
1920.8	6.812e3
1921.3	1.320e2
1921.8	5.261e3
1922.5	2.510e3
1923.3	7.087e3
1924.2	4.781e3
1925.1	3.518e3
1926.0	6.871e3
1926.8	3.151e3
1927.7	6.834e3
1928.2	2.000e1
1928.7	6.221e3
1929.5	3.685e3
1930.5	6.164e3
1931.0	8.880e2
1931.6	4.820e3
1932.6	7.428e3
1933.3	1.507e3
1934.0	5.188e3
1935.0	5.599e3
1935.9	6.719e3
1936.5	1.065e3
1937.1	6.740e3
1938.0	3.804e3
1939.0	6.846e3
1940.0	3.605e3
1940.9	6.158e3
1941.9	3.226e3
1942.6	6.484e3
1943.3	1.496e3
1943.9	5.323e3
1944.9	4.190e3
1945.7	2.759e3
1946.6	5.942e3
1947.4	2.162e3
1948.1	6.429e3
1949.0	3.994e3
1949.9	5.970e3
1950.9	4.554e3
1951.6	1.366e3
1952.2	5.137e3
1953.2	6.502e3
1954.1	5.901e3
1954.7	4.630e2
1955.3	4.513e3
1955.9	1.277e3
1956.6	5.533e3
1957.3	1.001e3
1957.9	6.087e3
1958.8	3.427e3
1959.8	6.056e3
1960.3	5.070e2
1960.9	6.120e3
1961.7	3.037e3
1962.5	5.242e3
1963.4	4.188e3
1964.3	4.988e3
1965.3	4.120e3
1966.3	6.992e3
1967.3	4.698e3
1968.3	5.068e3
1968.8	1.240e2
1969.3	6.339e3
1970.1	3.086e3
1971.0	5.127e3
1971.9	4.133e3
1972.8	6.315e3
1973.3	3.110e2
1973.9	4.362e3
1974.5	1.032e3
1975.2	4.925e3
1976.2	6.120e3
1977.1	3.669e3
1977.9	5.105e3
1978.6	1.319e3
1979.3	5.945e3
1980.0	1.115e3
1980.6	5.484e3
1981.5	4.976e3
1982.5	3.655e3
1983.0	1.320e2
1983.5	6.077e3
1984.3	3.076e3
1985.1	5.608e3
1986.1	5.493e3
1986.7	4.640e2
1987.2	6.507e3
1988.1	4.818e3
1988.7	7.140e2
1989.3	6.483e3
1989.9	1.396e3
1990.6	6.844e3
1991.1	5.260e2
1991.7	5.894e3
1992.6	4.739e3
1993.1	7.080e2
1993.8	6.006e3
1994.3	2.060e2
1994.8	6.831e3
1995.4	1.292e3
1996.0	5.134e3
1996.6	6.090e2
1997.1	4.953e3
1998.1	5.436e3
1998.8	8.540e2
1999.5	6.693e3
2000.0	1.800e1
