100.4	4.101e4
101.1	4.209e5
101.7	2.080e3
102.2	3.654e6
103.1	2.227e5
103.7	2.787e3
104.2	4.906e5
105.2	2.154e6
105.7	2.318e3
106.2	1.929e5
107.2	1.767e5
108.3	5.975e5
109.2	4.221e5
110.2	2.868e6
110.7	3.618e3
111.2	5.194e6
111.7	5.468e3
112.2	1.507e6
113.2	4.125e5
113.7	1.766e3
114.2	4.830e5
115.2	1.710e5
115.7	2.209e3
116.3	1.567e5
117.2	9.774e4
118.2	2.160e5
119.2	1.931e5
119.7	2.069e3
120.2	4.069e5
121.1	1.424e5
121.8	1.206e4
122.3	2.794e6
123.2	8.277e5
123.8	2.469e3
124.3	3.701e5
125.2	1.108e5
126.2	3.597e5
126.7	2.459e3
127.2	1.548e5
127.7	1.067e3
128.2	6.133e4
129.2	1.491e5
130.2	7.272e5
130.8	4.162e4
131.4	7.108e5
132.3	4.876e5
133.2	2.503e5
134.2	1.096e5
134.7	5.190e2
135.2	8.233e4
136.3	5.965e5
137.3	1.535e5
137.8	3.471e3
138.3	1.284e6
138.8	2.481e3
139.3	1.813e5
140.3	1.726e5
141.2	1.591e5
142.2	3.955e5
142.7	1.719e3
143.2	1.077e5
144.2	1.521e5
145.2	1.737e6
145.7	1.078e3
146.2	1.411e5
147.2	8.907e5
147.7	2.945e3
148.3	1.161e5
149.2	1.821e5
149.8	2.953e3
150.3	7.886e5
150.8	9.390e2
151.4	1.555e5
152.3	6.272e4
153.3	6.849e4
154.2	7.977e4
155.3	1.724e5
156.3	7.139e4
157.2	1.898e5
157.7	8.600e2
158.2	3.356e5
159.2	1.400e6
159.7	1.234e3
160.2	1.994e5
160.8	9.270e2
161.3	8.886e4
162.3	7.271e4
163.3	1.545e5
164.3	9.583e4
164.8	1.013e3
165.3	9.002e4
165.8	5.010e2
166.3	5.590e4
166.9	6.255e3
167.4	3.669e5
168.2	1.249e5
168.7	3.573e3
169.3	7.491e4
169.8	3.239e3
170.3	1.177e5
171.3	5.976e5
172.3	3.314e5
172.8	9.010e2
173.3	2.276e5
173.8	8.160e2
174.3	1.392e5
175.3	1.124e5
176.1	1.742e5
177.1	2.905e5
177.7	1.508e4
178.3	8.941e4
178.8	2.228e3
179.3	1.242e5
180.3	6.530e4
181.3	1.017e5
182.2	7.628e4
183.2	5.505e5
183.8	3.467e3
184.4	1.089e5
185.3	6.726e5
186.2	1.655e5
187.2	5.314e5
187.8	1.932e3
188.3	3.958e5
189.2	1.330e5
189.8	2.005e3
190.3	7.648e4
191.3	9.709e4
191.8	1.275e3
192.3	6.989e4
192.8	6.900e2
193.3	1.135e5
194.4	2.448e5
195.3	1.895e5
195.9	2.525e3
196.4	2.030e6
197.4	4.858e5
198.4	9.326e5
199.4	1.812e5
200.2	4.408e5
200.7	8.130e2
201.3	1.244e5
201.8	9.210e2
202.3	1.072e5
203.3	1.579e5
203.8	7.480e2
204.3	2.341e5
205.3	1.392e5
206.3	8.799e4
206.8	9.960e2
207.3	1.241e5
208.3	8.517e4
209.3	1.609e5
209.8	5.556e3
210.4	1.082e5
211.3	9.560e4
212.3	9.526e4
213.2	7.049e4
213.8	4.130e2
214.3	5.103e6
214.8	3.610e2
215.3	7.097e5
216.3	4.354e5
217.3	3.753e5
217.8	3.702e3
218.4	5.917e5
219.3	1.664e5
219.9	1.851e3
220.4	1.263e5
221.3	9.591e4
222.3	6.883e4
223.3	6.793e4
224.3	1.483e5
225.3	9.641e4
226.3	1.112e5
227.2	1.434e6
227.7	5.239e3
228.3	2.012e5
228.8	1.425e3
229.3	1.745e5
229.9	1.576e3
230.4	1.339e5
231.4	1.331e5
232.3	7.814e4
233.3	8.438e4
233.8	1.261e3
234.3	8.861e4
235.3	8.434e4
236.3	5.667e5
237.3	2.363e5
237.8	1.623e3
238.3	1.056e5
239.3	9.175e4
239.8	2.151e3
240.4	6.740e4
240.9	9.140e2
241.4	8.341e4
242.3	6.519e4
243.3	1.140e5
244.3	1.261e5
245.3	1.036e5
245.9	1.818e3
246.4	6.521e4
247.0	3.260e3
247.5	6.639e4
248.4	4.410e4
249.3	8.824e4
250.3	8.331e4
251.3	5.987e4
252.3	6.459e4
253.3	6.537e4
254.3	7.183e4
254.8	3.262e3
255.4	8.124e4
255.9	1.268e3
256.4	6.525e4
257.3	7.038e4
257.9	4.948e3
258.5	1.299e5
259.4	2.073e5
260.4	6.590e4
261.4	1.294e5
261.9	4.305e3
262.5	6.882e4
263.4	6.527e4
264.3	3.547e4
265.3	5.143e4
266.2	3.812e5
266.8	4.041e3
267.3	7.781e4
268.3	5.393e4
268.9	2.179e3
269.4	4.698e4
270.4	3.687e4
271.4	7.397e4
272.4	6.305e4
272.9	1.012e3
273.4	5.423e4
273.9	2.801e3
274.5	1.250e5
275.4	5.837e4
276.4	4.580e4
277.4	1.143e5
278.4	6.304e4
278.9	4.225e3
279.5	1.617e5
280.4	9.295e4
280.9	6.450e2
281.4	8.471e4
282.4	5.833e4
283.4	8.745e4
283.9	3.843e3
284.5	4.729e4
285.4	4.612e4
285.9	3.196e3
286.5	5.619e4
287.4	5.457e4
288.4	6.875e4
289.3	8.478e4
289.9	3.963e3
290.5	9.534e4
291.5	5.333e4
292.4	3.968e4
292.9	3.950e2
293.4	5.022e4
294.4	4.990e4
295.3	2.718e5
295.8	3.026e3
296.4	5.612e4
296.9	1.140e2
297.5	5.875e4
298.4	3.645e4
298.9	3.800e2
299.4	4.157e4
300.4	4.139e4
301.4	7.997e4
301.9	1.967e3
302.4	5.542e4
303.4	4.311e4
304.3	6.351e4
304.8	1.059e3
305.3	1.376e5
305.9	2.538e3
306.4	4.635e4
307.4	5.668e4
307.9	1.305e3
308.4	4.468e4
309.4	4.833e4
310.4	4.469e4
311.0	2.338e3
311.5	7.180e4
312.4	5.069e4
313.4	5.825e4
314.4	5.522e4
315.4	4.751e4
316.4	4.499e4
316.9	1.736e3
317.5	7.575e4
318.0	1.379e3
318.5	8.013e4
319.5	7.040e4
320.4	3.659e4
321.4	5.715e4
321.9	1.174e3
322.4	5.823e4
323.4	4.718e4
323.9	8.400e2
324.4	5.036e4
325.4	6.656e4
326.4	5.506e4
327.3	7.653e4
327.9	4.178e3
328.4	4.815e4
329.4	5.366e4
329.9	8.980e2
330.4	5.706e4
331.5	1.316e5
332.5	6.032e4
333.4	8.220e4
334.3	1.432e5
334.9	3.761e3
335.4	9.794e4
335.9	8.910e2
336.5	5.262e4
337.4	8.142e4
338.4	5.835e4
339.4	8.008e4
340.4	4.844e4
340.9	2.234e3
341.5	7.231e4
342.4	5.283e4
343.4	4.511e4
344.4	7.367e4
345.4	6.662e4
346.0	3.549e3
346.5	7.497e4
347.5	7.147e4
348.4	4.689e4
349.4	7.657e4
350.4	6.608e4
351.4	9.427e4
351.9	2.548e3
352.5	5.835e4
353.4	1.208e5
354.3	1.303e5
354.9	3.137e3
355.4	1.541e5
356.4	5.906e4
357.4	7.745e4
357.9	4.653e3
358.5	5.828e4
359.5	1.290e5
360.4	7.229e4
361.4	5.261e4
362.3	5.219e4
363.2	4.008e5
363.8	7.871e3
364.3	6.937e4
364.9	1.420e3
365.4	1.986e5
366.4	8.039e4
366.9	2.753e3
367.4	1.041e5
368.4	6.041e4
369.0	4.525e3
369.5	9.912e4
370.5	5.660e4
371.5	9.241e4
372.0	7.980e2
372.5	8.247e4
373.4	7.676e4
374.4	4.723e4
375.4	5.971e4
375.9	1.698e3
376.4	4.302e4
377.4	6.711e4
378.0	3.495e3
378.6	6.083e4
379.5	6.147e4
380.4	6.054e4
381.4	1.014e5
381.9	8.860e2
382.4	5.033e4
382.9	2.123e3
383.5	8.507e4
384.5	5.304e4
385.4	6.438e4
386.0	8.330e2
386.5	4.504e4
387.5	6.454e4
388.0	7.770e2
388.5	4.884e4
389.4	4.802e4
390.4	4.284e4
391.0	1.414e3
391.5	6.089e4
392.5	5.417e4
393.0	2.148e3
393.6	1.473e5
394.6	1.254e5
395.5	7.290e4
396.4	4.710e4
397.0	1.890e3
397.5	5.793e4
398.4	4.277e4
399.0	3.078e3
399.5	8.056e4
400.5	5.012e4
401.4	4.266e4
402.2	1.850e5
403.2	5.556e4
403.8	8.115e3
404.4	5.022e4
405.0	1.593e3
405.5	5.325e4
406.5	4.715e4
407.4	5.582e4
408.0	3.198e3
408.5	5.381e4
409.5	9.629e4
410.5	5.507e4
411.5	5.503e4
412.0	2.399e3
412.5	4.878e4
413.1	4.320e3
413.6	1.003e5
414.6	5.157e4
415.5	9.581e4
416.0	1.190e3
416.6	8.320e4
417.5	5.646e4
418.5	3.987e4
419.4	5.626e4
420.4	4.150e4
421.3	7.387e4
422.0	1.233e4
422.6	6.948e4
423.6	7.499e4
424.6	4.209e4
425.5	6.684e4
426.0	8.440e2
426.5	4.169e4
427.1	4.906e3
427.6	7.454e4
428.5	3.768e4
429.4	6.667e4
429.9	9.060e2
430.4	3.918e4
431.2	3.376e5
431.8	5.624e3
432.4	8.942e4
432.9	3.889e3
433.5	5.188e4
434.1	7.006e3
434.7	4.734e4
435.6	3.638e4
436.4	7.357e4
437.0	2.687e3
437.5	1.469e5
438.1	3.836e3
438.6	1.030e5
439.5	6.766e4
440.5	3.801e4
441.3	8.231e4
441.9	5.144e3
442.5	3.892e4
443.4	9.929e4
444.4	4.465e4
445.0	4.174e3
445.6	6.766e4
446.5	3.272e4
447.4	4.559e4
448.3	5.696e4
448.8	6.410e3
449.4	3.895e4
450.4	5.904e4
451.4	6.229e4
452.0	1.060e4
452.6	6.104e4
453.6	7.326e4
454.6	9.579e4
455.1	1.095e3
455.6	7.312e4
456.6	4.188e4
457.1	5.246e3
457.7	9.684e4
458.6	5.718e4
459.6	4.001e4
460.5	7.417e4
461.4	5.959e4
462.0	1.883e3
462.5	4.045e4
463.4	7.989e4
463.9	6.883e3
464.5	5.129e4
465.4	8.006e4
466.0	6.027e3
466.5	4.530e4
467.1	3.902e3
467.7	7.648e4
468.6	3.345e4
469.4	4.519e4
470.2	1.778e5
471.0	2.242e4
471.7	9.510e4
472.6	6.778e4
473.6	5.551e4
474.5	3.932e4
475.4	4.679e4
476.0	5.145e3
476.6	6.192e4
477.1	1.226e3
477.6	4.388e4
478.6	9.790e4
479.2	1.484e4
479.9	9.286e4
480.7	6.003e4
481.6	5.465e4
482.2	5.009e3
482.7	8.758e4
483.6	4.370e4
484.5	5.133e4
485.1	8.790e2
485.6	6.755e4
486.5	4.498e4
487.5	1.145e5
488.0	6.017e3
488.6	4.315e4
489.6	5.844e4
490.1	2.775e3
490.7	5.449e4
491.6	3.771e4
492.4	4.427e4
493.0	7.842e3
493.7	5.327e4
494.2	1.569e3
494.7	6.654e4
495.6	4.164e4
496.1	1.330e3
496.7	1.737e5
497.6	9.327e4
498.5	3.174e4
499.2	2.485e5
499.8	1.577e4
500.5	7.042e4
501.1	1.772e4
501.8	1.201e5
502.6	6.664e4
503.6	5.838e4
504.1	2.522e3
504.7	7.549e4
505.6	4.946e4
506.6	4.474e4
507.5	5.479e4
508.4	3.111e4
509.3	1.224e5
509.9	1.665e4
510.6	6.197e4
511.2	6.457e3
511.7	7.252e4
512.6	3.728e4
513.6	5.053e4
514.2	1.121e4
514.9	4.072e4
515.9	1.084e5
516.8	6.345e4
517.6	4.497e4
518.1	1.096e3
518.7	1.173e5
519.6	6.992e4
520.6	1.739e5
521.6	8.710e4
522.2	3.145e3
522.7	7.345e4
523.7	5.222e4
524.6	1.078e5
525.5	9.292e4
526.1	1.973e3
526.6	7.044e4
527.4	9.523e4
528.1	1.163e4
528.7	7.001e4
529.7	6.801e4
530.6	4.113e4
531.4	1.159e5
532.0	7.566e3
532.5	6.880e4
533.1	4.800e3
533.7	6.723e4
534.6	5.503e4
535.2	5.488e3
535.8	4.721e4
536.6	2.907e4
537.5	4.796e4
538.3	1.859e5
538.8	7.962e3
539.4	7.875e4
540.0	9.156e3
540.6	6.752e4
541.5	1.012e5
542.0	2.521e3
542.6	1.081e5
543.6	8.934e4
544.6	5.864e4
545.2	7.248e3
545.8	9.967e4
546.7	8.255e4
547.7	5.806e4
548.7	7.052e4
549.6	4.036e4
550.3	1.585e4
550.9	5.651e4
551.8	3.975e4
552.6	3.743e4
553.5	7.875e4
554.1	1.044e4
554.8	6.547e4
555.7	6.105e4
556.5	3.688e4
557.4	5.417e4
558.4	4.659e4
559.0	1.262e4
559.7	8.541e4
560.6	5.201e4
561.5	6.093e4
562.1	8.714e3
562.7	4.741e4
563.2	1.958e3
563.8	4.223e4
564.7	3.612e4
565.7	3.255e4
566.5	1.942e4
567.2	2.093e5
567.8	1.123e4
568.4	7.383e4
569.0	1.642e4
569.7	4.720e4
570.2	9.220e2
570.7	6.108e4
571.7	3.973e4
572.2	1.479e3
572.7	4.169e4
573.7	4.944e4
574.2	1.443e3
574.7	3.873e4
575.6	7.296e4
576.5	2.974e4
577.3	7.942e4
577.8	1.272e3
578.4	4.850e4
578.9	3.177e3
579.4	3.580e4
580.4	4.043e4
581.2	2.213e4
582.0	4.333e4
582.6	3.237e3
583.1	4.888e4
583.8	2.357e4
584.6	6.782e4
585.6	4.301e4
586.6	3.285e4
587.1	2.680e3
587.7	4.109e4
588.3	4.496e3
588.8	3.209e4
589.8	6.875e4
590.7	5.273e4
591.7	3.320e4
592.3	6.098e3
593.0	3.936e4
593.7	1.900e4
594.5	3.576e4
595.0	3.111e3
595.6	3.456e4
596.6	3.122e4
597.5	4.786e4
598.1	6.745e3
598.7	5.232e4
599.6	5.557e4
600.6	4.001e4
601.2	7.460e2
601.7	3.858e4
602.7	2.957e4
603.2	3.322e3
603.8	5.470e4
604.3	4.384e3
604.9	4.501e4
605.5	1.603e4
606.2	1.190e5
606.7	1.106e3
607.3	4.396e4
608.1	1.888e4
608.8	3.767e4
609.7	3.143e4
610.6	3.651e4
611.2	2.023e3
611.7	3.607e4
612.7	3.821e4
613.6	4.246e4
614.1	1.882e3
614.7	5.040e4
615.3	3.274e3
615.8	5.157e4
616.8	3.585e4
617.8	4.629e4
618.7	2.560e4
619.6	5.678e4
620.1	2.223e3
620.7	4.463e4
621.7	4.031e4
622.2	9.010e2
622.8	3.210e4
623.6	2.587e4
624.6	2.174e4
625.5	3.446e4
626.5	2.734e4
627.4	3.169e4
628.2	1.006e4
628.9	4.798e4
629.8	3.460e4
630.7	1.933e4
631.6	3.267e4
632.2	3.740e3
632.8	2.909e4
633.8	5.226e4
634.5	1.702e4
635.2	1.544e5
635.8	1.757e4
636.5	4.571e4
637.0	1.704e3
637.6	3.205e4
638.5	2.892e4
639.0	1.037e3
639.6	2.962e4
640.1	2.053e3
640.7	2.902e4
641.7	3.400e4
642.3	2.408e3
642.8	5.206e4
643.8	3.825e4
644.6	1.340e4
645.3	5.192e4
646.3	2.618e4
647.0	1.261e4
647.8	5.660e4
648.8	3.427e4
649.8	2.563e4
650.3	1.449e3
650.9	2.834e4
651.7	1.498e4
652.5	3.232e4
653.1	3.375e3
653.7	2.464e4
654.2	1.730e3
654.8	2.142e4
655.7	3.218e4
656.7	3.948e4
657.7	3.640e4
658.3	3.477e3
658.9	4.164e4
659.8	2.734e4
660.3	5.500e2
660.8	2.511e4
661.3	6.500e2
661.9	3.786e4
662.8	2.213e4
663.8	4.021e4
664.8	2.570e4
665.3	4.550e2
665.8	2.116e4
666.7	2.510e4
667.6	3.424e4
668.1	6.210e2
668.7	2.586e4
669.7	3.855e4
670.6	3.865e4
671.5	3.951e4
672.2	6.112e3
672.8	4.120e4
673.6	1.191e4
674.2	9.380e4
674.8	9.344e3
675.5	3.512e4
676.4	2.725e4
677.2	1.131e4
677.9	4.440e4
678.8	2.982e4
679.7	2.171e4
680.2	1.258e3
680.8	2.175e4
681.7	1.468e4
682.5	2.031e4
683.5	2.546e4
684.0	8.450e2
684.5	2.696e4
685.2	4.946e3
685.8	4.672e4
686.3	6.030e2
686.8	5.092e4
687.8	3.058e4
688.8	2.577e4
689.3	2.543e3
689.9	3.164e4
690.8	2.352e4
691.7	5.168e4
692.4	5.656e3
693.0	3.508e4
693.9	2.398e4
694.9	2.553e4
695.9	2.203e4
696.4	1.069e3
696.9	4.514e4
697.9	3.120e4
698.9	2.386e4
699.8	3.388e4
700.8	3.557e4
701.7	5.091e4
702.5	1.153e4
703.2	1.328e5
704.0	3.898e4
704.9	2.526e4
705.9	4.253e4
706.8	2.973e4
707.8	3.965e4
708.3	9.320e2
708.8	3.014e4
709.3	7.800e2
709.8	2.101e4
710.8	1.633e4
711.7	2.077e4
712.5	1.330e4
713.3	4.370e4
714.0	1.532e4
714.8	4.029e4
715.7	3.025e4
716.3	3.022e3
716.9	3.778e4
717.4	2.028e3
718.0	2.873e4
718.9	1.723e4
719.7	2.862e4
720.6	3.834e4
721.2	4.431e3
721.9	5.020e4
722.8	4.227e4
723.7	2.245e4
724.6	2.031e5
725.1	1.903e3
725.6	2.698e5
726.6	2.521e5
727.6	8.847e4
728.2	8.190e2
728.7	8.132e4
729.2	7.980e2
729.7	4.655e4
730.2	3.503e3
730.8	4.480e4
731.3	1.101e3
731.8	3.814e4
732.8	2.520e4
733.7	2.251e4
734.4	3.133e3
734.9	2.728e4
735.9	5.204e4
736.4	1.708e3
736.9	2.026e5
737.9	1.060e5
738.9	4.569e4
739.7	1.775e4
740.4	2.004e4
741.3	2.532e4
742.3	8.973e4
742.9	4.424e3
743.4	3.341e4
744.2	1.134e4
744.9	3.694e4
745.8	2.563e4
746.7	4.373e4
747.7	4.410e4
748.2	6.350e2
748.7	5.287e4
749.2	1.374e3
749.8	6.365e4
750.7	5.139e4
751.2	3.241e3
751.8	4.670e4
752.7	3.476e4
753.3	2.375e3
753.9	2.626e4
754.4	1.430e3
754.9	3.304e4
755.8	2.629e4
756.8	3.241e4
757.9	2.604e4
758.5	6.717e3
759.1	3.217e4
760.0	1.938e4
761.0	4.560e4
762.0	3.079e4
762.7	1.188e4
763.4	2.943e4
763.9	1.039e3
764.4	2.643e4
765.2	1.199e4
765.9	4.415e4
766.9	2.763e4
767.8	2.053e4
768.7	1.465e4
769.6	1.942e4
770.4	1.025e4
771.2	1.067e5
772.2	3.398e4
772.7	8.120e2
773.3	2.488e4
774.0	1.744e4
774.9	4.064e4
775.4	2.608e3
776.0	3.570e4
777.0	2.679e4
778.0	2.804e4
778.9	1.994e4
779.9	4.379e4
780.5	6.780e3
781.2	5.455e4
782.0	1.214e4
782.7	2.385e4
783.6	2.141e4
784.6	2.077e4
785.5	2.338e4
786.4	1.339e4
787.3	3.680e4
788.0	1.783e4
788.8	4.081e4
789.8	3.333e4
790.4	6.610e2
790.9	4.229e4
791.8	2.580e4
792.8	2.464e4
793.8	3.292e4
794.8	2.110e4
795.8	3.142e4
796.3	1.716e3
796.9	4.144e4
797.9	4.829e4
798.4	8.200e2
798.9	3.801e4
799.4	5.390e2
799.9	3.251e4
800.9	2.301e4
801.9	2.723e4
802.4	2.193e3
803.0	3.239e4
803.5	2.269e3
804.1	2.395e4
805.1	5.263e4
806.0	2.750e4
806.9	2.088e4
807.9	2.459e4
808.4	2.725e3
809.0	2.049e4
809.6	2.771e3
810.2	8.722e4
811.1	3.914e4
812.1	2.560e4
812.6	2.369e3
813.1	2.874e4
814.0	2.517e4
815.0	2.175e4
815.5	5.440e2
816.0	2.370e4
816.9	1.369e4
817.7	2.043e4
818.3	4.357e3
819.0	3.808e4
820.0	3.305e4
821.0	2.536e4
821.9	1.908e4
822.8	2.422e4
823.4	2.537e3
823.9	2.681e4
824.9	3.759e4
825.4	3.167e3
826.0	2.242e4
826.6	1.857e3
827.1	2.090e4
828.1	1.980e4
828.7	1.590e3
829.3	2.171e4
830.0	1.035e4
830.8	1.979e4
831.4	2.585e3
832.0	1.661e4
832.9	2.532e4
833.5	3.666e3
834.1	2.275e4
834.6	8.190e2
835.1	2.726e4
836.1	1.877e4
837.1	1.446e4
838.0	2.673e4
838.6	2.987e3
839.1	1.140e5
840.1	4.944e4
841.1	2.692e4
841.7	5.948e3
842.3	2.672e4
842.8	1.168e3
843.4	2.109e4
844.3	2.355e4
844.8	5.140e2
845.3	2.002e4
846.2	1.444e4
847.2	2.497e4
847.8	4.022e3
848.4	1.560e4
849.3	4.130e4
850.2	2.100e4
851.1	1.165e4
851.8	3.268e4
852.4	2.773e3
853.0	4.166e4
853.5	4.260e2
854.0	3.531e4
855.0	2.560e4
855.6	1.906e3
856.1	2.144e4
857.0	1.019e4
857.8	1.897e4
858.3	3.730e2
858.9	2.781e4
859.8	1.761e4
860.5	6.585e3
861.2	2.023e4
862.2	1.696e4
863.0	1.662e4
863.8	2.610e4
864.6	8.923e3
865.4	1.812e4
866.2	1.074e4
867.0	3.148e4
868.0	3.043e4
868.9	1.862e4
869.8	1.651e4
870.3	4.340e2
870.8	2.093e4
871.7	1.701e4
872.5	8.370e3
873.2	2.681e4
874.2	1.759e4
875.2	1.496e4
875.7	4.210e2
876.2	1.506e4
877.2	1.787e4
878.2	5.683e4
879.2	2.762e4
880.1	1.543e4
881.0	1.065e4
881.8	2.310e4
882.5	5.008e3
883.2	1.911e4
884.1	1.905e4
885.0	1.029e4
885.9	1.350e4
886.7	1.156e4
887.6	2.028e4
888.6	1.674e4
889.5	1.655e4
890.4	1.236e4
891.4	1.697e4
892.1	7.973e3
892.9	2.893e4
893.8	1.864e4
894.3	2.549e3
894.9	2.128e4
895.5	3.432e3
896.1	1.529e4
897.1	1.832e4
898.0	2.176e4
898.7	4.164e3
899.3	1.698e4
900.1	7.866e3
900.9	1.698e4
901.8	2.252e4
902.4	1.077e3
902.9	1.710e4
903.8	1.328e4
904.8	1.409e4
905.6	6.531e3
906.3	1.824e4
907.2	6.510e4
908.1	2.576e4
909.1	1.573e4
909.7	4.178e3
910.3	2.244e4
911.3	1.248e4
912.2	2.699e4
913.1	1.753e4
914.1	1.347e4
914.6	5.580e2
915.1	1.711e4
915.7	2.772e3
916.3	1.361e4
917.3	2.719e4
918.3	1.312e4
919.1	1.168e4
920.0	1.405e4
920.6	4.020e2
921.1	1.595e4
922.1	1.373e4
923.0	1.659e4
923.6	3.211e3
924.3	2.082e4
924.9	1.863e3
925.4	1.302e4
926.4	2.233e4
927.3	2.672e4
928.2	1.245e4
929.0	1.616e4
929.8	8.789e3
930.6	1.442e4
931.1	5.680e2
931.7	1.890e4
932.3	3.724e3
932.9	1.614e4
933.8	8.920e3
934.7	1.924e4
935.3	4.538e3
936.0	2.087e4
937.0	1.731e4
937.9	3.557e4
939.0	2.724e4
939.5	9.800e2
940.0	4.617e4
941.0	3.950e4
942.0	2.599e4
943.0	1.687e4
943.5	1.454e3
944.1	1.382e4
944.6	2.111e3
945.2	1.081e4
946.2	4.987e4
947.0	1.482e4
947.8	1.906e4
948.5	7.466e3
949.2	1.953e4
950.2	1.450e4
951.2	2.006e4
952.2	1.447e4
953.0	7.301e3
953.9	1.867e4
954.4	8.090e2
954.9	1.739e4
955.5	1.527e3
956.1	2.599e4
957.0	2.196e4
958.0	1.665e4
959.0	1.440e4
959.9	2.756e4
960.9	3.030e4
961.4	9.390e2
962.0	2.384e4
962.5	1.292e3
963.1	1.856e4
964.0	3.561e4
964.6	1.824e3
965.2	3.382e4
966.1	3.386e4
967.1	1.934e4
968.1	2.547e4
969.1	1.656e4
969.9	2.219e4
970.9	1.565e4
971.8	1.294e4
972.8	1.552e4
973.8	1.301e4
974.5	6.163e3
975.2	4.797e4
976.2	2.219e4
977.1	1.492e4
978.0	1.972e4
978.7	4.342e3
979.3	1.557e4
980.2	2.112e4
981.2	2.242e4
982.2	1.617e4
983.0	9.276e3
983.9	1.586e4
984.6	6.164e3
985.3	2.829e4
986.1	1.708e4
987.0	1.824e4
988.0	1.480e4
988.6	9.770e2
989.1	1.640e4
989.6	7.330e2
990.2	1.440e4
991.0	8.362e3
991.8	1.867e4
992.7	1.283e4
993.7	1.481e4
994.3	1.935e3
994.8	2.434e4
995.7	1.411e4
996.6	1.788e4
997.3	5.189e3
997.9	1.543e4
998.6	4.590e3
999.3	1.796e4
1000.2	1.396e4
1001.1	1.486e4
1001.6	3.510e2
1002.1	1.450e4
1002.8	5.818e3
1003.5	1.618e4
1004.2	5.433e3
1004.9	1.581e4
1005.5	1.987e3
1006.0	1.145e4
1006.6	7.320e2
1007.1	1.517e4
1007.6	1.730e2
1008.1	1.688e4
1008.8	4.290e3
1009.4	2.341e4
1010.2	1.351e4
1011.1	1.856e4
1011.7	1.555e3
1012.3	1.544e4
1013.3	1.669e4
1014.2	4.307e4
1015.2	2.483e4
1016.1	1.608e4
1016.7	4.430e2
1017.2	1.653e4
1017.9	7.634e3
1018.8	1.681e4
1019.5	6.744e3
1020.2	1.459e4
1021.0	1.537e4
1021.8	5.637e3
1022.5	1.144e4
1023.5	1.483e4
1024.4	1.921e4
1024.9	5.600e2
1025.5	1.467e4
1026.3	7.432e3
1027.1	1.323e4
1027.8	6.584e3
1028.5	1.628e4
1029.4	2.156e4
1030.4	1.566e4
1031.4	1.829e4
1032.2	6.160e3
1032.9	1.419e4
1033.8	1.703e4
1034.5	3.712e3
1035.1	1.580e4
1035.7	3.630e2
1036.2	1.309e4
1037.2	1.522e4
1038.1	1.585e4
1039.1	1.349e4
1040.0	1.796e4
1040.9	1.125e4
1041.8	1.593e4
1042.5	6.603e3
1043.2	4.498e4
1044.1	1.853e4
1045.0	1.860e4
1045.6	2.860e3
1046.2	1.970e4
1047.2	1.510e4
1047.7	7.310e2
1048.3	2.164e4
1048.9	3.047e3
1049.5	1.529e4
1050.0	1.163e3
1050.6	1.281e4
1051.5	1.288e4
1052.4	8.938e3
1053.3	2.937e4
1054.1	8.008e3
1054.8	1.715e4
1055.8	1.466e4
1056.8	1.540e4
1057.4	3.497e3
1058.0	1.436e4
1058.6	1.545e3
1059.2	1.471e4
1060.1	1.263e4
1061.0	1.458e4
1062.0	1.379e4
1063.0	2.386e4
1063.5	1.226e3
1064.0	1.647e4
1065.0	1.510e4
1065.5	6.260e2
1066.0	1.298e4
1066.9	1.121e4
1067.8	1.788e4
1068.3	4.300e2
1068.8	1.482e4
1069.4	1.442e3
1069.9	1.453e4
1070.9	1.250e4
1071.5	2.899e3
1072.1	1.541e4
1073.0	1.440e4
1074.0	1.355e4
1075.0	1.463e4
1076.1	1.622e4
1076.8	5.892e3
1077.5	2.200e4
1078.2	5.409e3
1078.9	1.554e4
1079.5	1.079e3
1080.0	1.381e4
1080.5	4.030e2
1081.0	1.172e4
1081.6	1.548e3
1082.2	3.457e4
1083.2	1.755e4
1083.9	7.745e3
1084.6	1.699e4
1085.2	1.537e3
1085.7	1.343e4
1086.6	7.141e3
1087.4	1.738e4
1088.0	1.431e3
1088.5	1.319e4
1089.5	1.037e4
1090.4	1.596e4
1091.2	6.983e3
1092.0	1.964e4
1092.7	3.878e3
1093.4	1.306e4
1094.2	6.162e3
1095.0	1.284e4
1095.7	3.041e3
1096.4	1.601e4
1097.2	2.048e4
1098.1	9.669e3
1099.0	1.733e4
1100.0	1.461e4
1100.8	8.937e3
1101.7	1.784e4
1102.3	3.392e3
1102.9	1.411e4
1103.6	4.794e3
1104.4	1.294e4
1105.2	8.415e3
1106.1	1.363e4
1106.9	8.817e3
1107.7	1.625e4
1108.7	1.277e4
1109.7	1.719e4
1110.6	7.929e3
1111.3	3.208e4
1111.9	1.586e3
1112.4	1.950e4
1113.2	1.045e4
1114.1	1.550e4
1115.1	1.320e4
1116.1	1.915e4
1117.0	1.404e4
1118.0	1.556e4
1118.6	3.039e3
1119.3	1.580e4
1120.2	1.245e4
1121.1	2.210e4
1121.7	2.983e3
1122.2	1.913e4
1122.8	5.070e2
1123.3	1.259e4
1124.3	1.604e4
1125.3	1.198e4
1126.2	9.446e3
1127.1	1.331e4
1128.1	1.305e4
1129.1	1.298e4
1130.1	1.182e4
1131.0	1.677e4
1131.5	2.550e2
1132.1	1.286e4
1132.8	4.342e3
1133.6	1.304e4
1134.4	7.079e3
1135.2	1.270e4
1136.2	1.826e4
1137.2	1.150e4
1138.1	1.277e4
1139.0	5.064e3
1139.7	1.262e4
1140.7	1.291e4
1141.7	9.140e3
1142.6	1.675e4
1143.1	4.100e2
1143.7	1.271e4
1144.4	6.652e3
1145.2	1.896e4
1146.0	7.367e3
1146.9	1.373e4
1147.8	1.200e4
1148.4	2.472e3
1149.0	1.150e4
1149.7	3.992e3
1150.3	3.024e4
1150.8	1.758e3
1151.4	1.691e4
1152.1	3.259e3
1152.7	1.534e4
1153.5	4.801e3
1154.2	1.381e4
1154.8	3.203e3
1155.4	1.396e4
1156.2	7.452e3
1157.0	1.215e4
1157.9	7.617e3
1158.7	1.430e4
1159.4	3.945e3
1160.1	1.617e4
1160.6	3.170e2
1161.1	1.205e4
1161.8	4.136e3
1162.5	1.104e4
1163.4	1.245e4
1164.0	2.426e3
1164.7	1.541e4
1165.7	1.448e4
1166.2	9.650e2
1166.7	1.242e4
1167.7	1.303e4
1168.2	2.880e2
1168.7	1.085e4
1169.3	8.920e2
1169.9	1.374e4
1170.8	9.729e3
1171.7	1.386e4
1172.4	4.014e3
1173.1	1.278e4
1173.9	4.032e3
1174.7	1.256e4
1175.4	4.744e3
1176.1	1.339e4
1176.8	3.728e3
1177.4	1.095e4
1178.3	1.189e4
1179.2	2.335e4
1180.2	1.683e4
1181.1	1.115e4
1181.7	5.880e2
1182.2	1.686e4
1182.8	9.870e2
1183.3	1.282e4
1184.3	1.338e4
1185.0	4.933e3
1185.7	1.400e4
1186.7	1.517e4
1187.3	2.762e3
1188.0	1.207e4
1188.5	1.913e3
1189.1	2.091e4
1189.7	1.105e3
1190.2	1.414e4
1191.1	7.876e3
1191.7	2.186e3
1192.3	1.277e4
1193.3	9.162e3
1193.9	1.960e3
1194.5	1.337e4
1195.1	1.447e3
1195.7	1.121e4
1196.3	1.399e3
1196.9	1.206e4
1197.5	2.955e3
1198.1	1.059e4
1199.0	1.681e4
1199.7	3.018e3
1200.3	1.220e4
1201.2	6.049e3
1202.0	1.141e4
1202.7	5.894e3
1203.5	1.466e4
1204.3	5.149e3
1205.0	1.249e4
1205.7	5.535e3
1206.5	1.123e4
1207.4	1.333e4
1208.4	1.230e4
1209.4	1.039e4
1210.2	4.958e3
1211.1	1.418e4
1212.0	1.081e4
1212.6	1.835e3
1213.2	1.414e4
1213.8	1.267e3
1214.4	1.019e4
1215.3	1.492e4
1216.3	9.912e3
1217.2	9.309e3
1217.8	2.080e2
1218.3	2.372e4
1219.2	1.427e4
1220.0	9.202e3
1220.9	1.500e4
1221.6	3.440e3
1222.3	1.219e4
1223.1	7.521e3
1224.0	1.139e4
1224.5	1.137e3
1225.1	9.061e3
1226.1	1.273e4
1226.7	2.357e3
1227.3	1.007e4
1228.3	1.542e4
1229.1	6.432e3
1229.9	1.010e4
1230.7	5.912e3
1231.6	9.847e3
1232.1	1.694e3
1232.8	1.367e4
1233.4	3.516e3
1234.1	1.111e4
1235.1	1.317e4
1236.0	9.358e3
1236.6	1.484e3
1237.1	1.288e4
1238.1	1.383e4
1238.9	9.142e3
1239.8	1.070e4
1240.5	3.069e3
1241.1	1.205e4
1241.7	4.100e1
1242.2	1.077e4
1242.9	4.454e3
1243.6	1.052e4
1244.1	1.660e2
1244.6	1.068e4
1245.5	7.587e3
1246.3	9.740e3
1247.2	2.236e4
1247.8	2.439e3
1248.4	1.575e4
1249.3	9.378e3
1250.3	1.293e4
1251.4	1.224e4
1251.9	2.277e3
1252.5	1.355e4
1253.3	4.493e3
1254.0	1.205e4
1254.9	8.786e3
1255.8	1.211e4
1256.5	2.637e3
1257.1	1.519e4
1257.9	6.738e3
1258.8	9.856e3
1259.5	4.275e3
1260.2	1.080e4
1261.1	9.882e3
1262.0	1.183e4
1262.7	2.476e3
1263.3	1.034e4
1264.2	1.153e4
1265.2	8.703e3
1265.9	5.982e3
1266.8	1.361e4
1267.6	7.966e3
1268.4	1.305e4
1269.0	8.430e2
1269.5	1.083e4
1270.2	2.933e3
1270.8	1.079e4
1271.6	7.937e3
1272.4	1.446e4
1273.3	8.709e3
1274.1	9.259e3
1275.0	1.148e4
1275.6	2.799e3
1276.2	1.001e4
1277.2	1.459e4
1278.1	6.214e3
1279.0	1.057e4
1279.9	1.207e4
1280.5	1.327e3
1281.1	1.227e4
1281.6	6.430e2
1282.1	1.134e4
1283.1	7.714e3
1283.9	1.159e4
1284.9	1.075e4
1285.7	4.056e3
1286.3	2.288e4
1287.0	3.626e3
1287.6	1.303e4
1288.4	4.105e3
1289.0	1.313e4
1290.0	1.079e4
1290.6	1.754e3
1291.2	1.113e4
1292.2	9.191e3
1293.2	1.013e4
1293.9	2.786e3
1294.5	9.069e3
1295.3	4.125e3
1296.0	1.245e4
1296.8	8.447e3
1297.6	1.409e4
1298.6	8.556e3
1299.2	2.834e3
1299.9	9.668e3
1300.9	1.212e4
1301.6	5.072e3
1302.3	1.574e4
1303.2	7.549e3
1304.0	5.921e3
1304.8	1.244e4
1305.8	1.252e4
1306.6	5.422e3
1307.4	9.572e3
1308.4	9.410e3
1308.9	5.480e2
1309.5	1.163e4
1310.4	5.335e3
1311.2	1.112e4
1312.0	5.954e3
1312.8	1.397e4
1313.5	4.784e3
1314.2	1.424e4
1314.7	2.140e2
1315.2	2.343e4
1316.0	7.382e3
1316.8	1.160e4
1317.8	1.153e4
1318.7	1.117e4
1319.3	2.027e3
1319.9	1.367e4
1320.8	1.099e4
1321.7	8.614e3
1322.5	1.215e4
1323.4	6.901e3
1324.2	1.048e4
1324.8	2.479e3
1325.4	1.931e4
1326.4	1.383e4
1326.9	4.970e2
1327.5	1.140e4
1328.3	4.664e3
1329.0	1.417e4
1329.6	1.816e3
1330.2	9.040e3
1331.2	9.934e3
1332.1	1.197e4
1333.1	9.904e3
1333.7	8.250e2
1334.3	1.043e4
1335.2	1.388e4
1335.7	2.380e2
1336.2	1.186e4
1336.8	2.209e3
1337.4	1.302e4
1338.4	8.021e3
1339.2	4.996e3
1339.9	1.370e4
1340.5	2.355e3
1341.2	8.757e3
1342.2	1.088e4
1343.1	7.858e3
1343.9	1.005e4
1344.5	8.310e2
1345.1	1.143e4
1345.6	1.422e3
1346.2	9.218e3
1346.8	1.601e3
1347.4	1.109e4
1348.0	8.540e2
1348.6	1.282e4
1349.3	6.843e3
1350.1	1.080e4
1351.1	9.551e3
1352.0	7.521e3
1352.8	9.778e3
1353.6	4.535e3
1354.3	1.758e4
1355.1	9.973e3
1356.1	1.204e4
1356.7	3.617e3
1357.4	1.265e4
1358.0	2.929e3
1358.7	1.014e4
1359.6	8.557e3
1360.3	3.758e3
1361.0	1.234e4
1361.8	5.928e3
1362.7	1.310e4
1363.3	1.541e3
1363.9	1.006e4
1364.5	1.549e3
1365.1	1.064e4
1366.0	7.252e3
1366.9	1.339e4
1367.7	6.217e3
1368.5	1.538e4
1369.1	4.082e3
1369.7	1.597e4
1370.4	2.707e3
1371.0	1.173e4
1372.0	9.170e3
1372.8	5.479e3
1373.6	1.026e4
1374.6	1.359e4
1375.2	2.119e3
1375.8	1.027e4
1376.4	2.160e2
1376.9	1.158e4
1377.9	8.574e3
1378.9	1.065e4
1379.4	5.940e2
1380.0	9.780e3
1380.5	1.195e3
1381.1	7.538e3
1382.0	9.230e3
1382.7	3.137e3
1383.3	1.878e4
1383.9	4.400e2
1384.4	1.148e4
1385.0	1.606e3
1385.6	1.049e4
1386.5	1.217e4
1387.5	1.050e4
1388.5	1.163e4
1389.4	5.371e3
1390.2	1.110e4
1391.1	8.898e3
1391.7	1.390e3
1392.2	8.757e3
1393.2	1.479e4
1394.2	8.509e3
1395.1	1.185e4
1395.7	9.560e2
1396.3	9.837e3
1396.9	1.367e3
1397.4	9.080e3
1398.0	1.068e3
1398.5	1.050e4
1399.2	3.587e3
1399.9	1.059e4
1400.9	9.376e3
1401.8	9.576e3
1402.4	1.535e3
1403.0	1.156e4
1403.5	7.470e2
1404.1	1.095e4
1404.8	5.395e3
1405.7	9.388e3
1406.3	1.918e3
1406.8	9.525e3
1407.9	9.056e3
1408.6	3.773e3
1409.3	1.143e4
1409.9	1.945e3
1410.5	1.246e4
1411.2	2.016e3
1411.8	1.211e4
1412.7	9.831e3
1413.4	2.826e3
1414.1	8.027e3
1415.0	1.003e4
1416.0	1.037e4
1417.0	1.220e4
1417.6	1.870e3
1418.2	1.182e4
1418.7	1.603e3
1419.4	1.056e4
1420.2	7.147e3
1421.1	1.033e4
1421.7	1.080e2
1422.2	1.645e4
1422.9	4.918e3
1423.7	1.135e4
1424.6	7.925e3
1425.5	9.892e3
1426.1	5.790e2
1426.6	1.014e4
1427.1	2.480e2
1427.6	9.815e3
1428.6	7.536e3
1429.6	1.081e4
1430.1	6.130e2
1430.6	1.164e4
1431.6	6.284e3
1432.4	1.132e4
1433.0	2.340e3
1433.7	9.905e3
1434.6	6.859e3
1435.5	9.387e3
1436.1	1.299e3
1436.7	1.007e4
1437.3	1.064e3
1437.8	1.115e4
1438.8	8.357e3
1439.7	6.470e3
1440.5	1.234e4
1441.2	1.917e3
1441.8	1.358e4
1442.4	2.034e3
1443.0	1.103e4
1444.0	9.844e3
1444.5	1.642e3
1445.1	1.251e4
1445.8	3.169e3
1446.5	1.188e4
1447.4	7.888e3
1448.4	1.066e4
1449.0	1.360e2
1449.5	9.775e3
1450.5	1.062e4
1451.4	1.688e4
1452.3	9.501e3
1452.9	2.354e3
1453.5	9.540e3
1454.5	1.046e4
1455.3	4.013e3
1456.0	8.558e3
1456.9	1.138e4
1457.8	5.576e3
1458.6	9.616e3
1459.2	1.114e3
1459.8	9.420e3
1460.3	5.710e2
1460.8	8.087e3
1461.6	1.371e4
1462.6	9.348e3
1463.3	4.659e3
1464.1	1.026e4
1464.7	1.999e3
1465.4	8.661e3
1466.0	1.653e3
1466.6	8.640e3
1467.1	1.920e2
1467.6	1.059e4
1468.4	6.013e3
1469.3	8.793e3
1469.8	3.320e2
1470.3	8.290e3
1471.2	6.745e3
1472.1	1.073e4
1473.0	5.882e3
1473.9	9.265e3
1474.4	1.498e3
1475.1	8.960e3
1475.7	2.232e3
1476.3	1.143e4
1477.0	4.397e3
1477.8	8.376e3
1478.4	1.931e3
1479.1	8.423e3
1479.7	6.330e2
1480.3	9.570e3
1480.8	9.270e2
1481.4	1.024e4
1482.0	2.322e3
1482.6	8.469e3
1483.6	9.168e3
1484.2	8.560e2
1484.8	9.938e3
1485.5	2.440e3
1486.1	8.428e3
1486.8	3.095e3
1487.5	8.328e3
1488.3	3.803e3
1489.0	7.471e3
1489.5	1.680e2
1490.0	1.319e4
1491.0	1.210e4
1491.5	7.660e2
1492.2	9.976e3
1493.1	9.821e3
1494.0	5.150e3
1494.8	9.764e3
1495.3	1.640e2
1495.9	7.455e3
1496.5	1.711e3
1497.1	7.760e3
1498.0	1.073e4
1498.9	8.131e3
1499.8	9.649e3
1500.8	1.071e4
1501.7	8.543e3
1502.2	8.200e1
1502.8	8.096e3
1503.5	3.924e3
1504.3	1.009e4
1505.1	5.642e3
1506.0	1.028e4
1506.7	2.037e3
1507.3	9.321e3
1508.3	5.026e3
1509.2	1.023e4
1510.1	6.732e3
1510.9	9.195e3
1511.9	4.798e3
1512.8	9.384e3
1513.6	4.470e3
1514.4	9.973e3
1515.0	4.800e2
1515.5	8.944e3
1516.5	1.059e4
1517.4	7.039e3
1518.4	1.162e4
1519.4	1.101e4
1520.0	1.291e3
1520.5	9.649e3
1521.1	7.790e2
1521.7	1.005e4
1522.6	6.384e3
1523.4	8.855e3
1524.2	4.632e3
1524.9	9.763e3
1526.0	7.269e3
1526.9	9.331e3
1527.9	9.473e3
1528.5	1.182e3
1529.1	1.410e4
1530.0	8.414e3
1530.5	3.080e2
1531.0	7.392e3
1531.9	7.514e3
1532.4	5.890e2
1533.0	9.419e3
1533.5	8.050e2
1534.1	8.383e3
1534.7	1.285e3
1535.2	7.639e3
1536.2	9.118e3
1537.1	5.512e3
1538.0	8.939e3
1538.9	8.613e3
1539.8	5.898e3
1540.7	8.123e3
1541.6	5.442e3
1542.5	7.916e3
1543.4	8.353e3
1544.2	3.399e3
1545.0	8.459e3
1545.6	1.522e3
1546.2	1.069e4
1546.8	1.439e3
1547.4	7.831e3
1548.2	4.297e3
1549.1	7.437e3
1549.6	6.300e2
1550.2	8.727e3
1551.0	5.575e3
1551.8	7.476e3
1552.5	1.510e3
1553.1	9.442e3
1553.7	1.506e3
1554.3	8.343e3
1555.3	1.025e4
1556.1	5.650e3
1557.0	8.563e3
1557.6	8.330e2
1558.1	1.218e4
1559.0	1.061e4
1559.7	1.362e3
1560.4	9.286e3
1561.3	5.758e3
1561.8	1.605e3
1562.4	9.266e3
1563.1	3.047e3
1563.9	7.657e3
1564.4	1.398e3
1565.1	7.065e3
1565.9	4.754e3
1566.8	7.949e3
1567.3	5.990e2
1567.9	1.073e4
1568.5	1.807e3
1569.2	7.534e3
1569.7	8.400e1
1570.3	7.285e3
1570.8	1.475e3
1571.4	9.443e3
1572.3	5.896e3
1573.2	1.039e4
1574.0	4.233e3
1574.7	9.236e3
1575.3	1.530e2
1575.8	8.651e3
1576.3	6.840e2
1576.9	8.437e3
1577.9	8.432e3
1578.9	9.747e3
1579.4	8.780e2
1580.0	7.334e3
1580.6	9.880e2
1581.2	8.948e3
1581.8	1.261e3
1582.4	7.311e3
1583.2	5.981e3
1584.1	8.618e3
1585.0	6.375e3
1585.5	2.190e2
1586.1	7.484e3
1586.6	5.550e2
1587.1	9.874e3
1587.7	1.436e3
1588.3	7.778e3
1589.3	7.675e3
1590.2	6.112e3
1591.0	7.729e3
1592.0	9.481e3
1592.8	5.031e3
1593.6	9.302e3
1594.4	3.368e3
1595.1	7.382e3
1595.7	9.700e2
1596.3	7.198e3
1597.2	9.115e3
1597.9	1.774e3
1598.6	7.827e3
1599.3	3.531e3
1600.0	7.650e3
1600.9	4.877e3
1601.7	7.815e3
1602.7	9.201e3
1603.6	5.130e3
1604.4	3.588e3
1605.1	7.657e3
1606.2	6.453e3
1607.0	4.537e3
1607.8	1.005e4
1608.7	7.311e3
1609.6	7.782e3
1610.5	7.122e3
1611.3	4.442e3
1612.1	9.779e3
1612.8	2.647e3
1613.5	9.960e3
1614.0	1.169e3
1614.6	8.170e3
1615.6	7.890e3
1616.2	9.510e2
1616.8	9.561e3
1617.7	7.118e3
1618.7	7.836e3
1619.2	1.470e2
1619.7	8.167e3
1620.3	1.551e3
1620.9	8.942e3
1621.8	5.690e3
1622.6	7.770e3
1623.6	8.328e3
1624.3	1.712e3
1624.9	7.187e3
1625.5	7.690e2
1626.0	1.101e4
1626.8	3.904e3
1627.4	8.921e3
1628.4	7.449e3
1629.0	1.604e3
1629.7	8.078e3
1630.5	4.934e3
1631.3	9.388e3
1632.4	8.483e3
1633.0	1.815e3
1633.6	5.858e3
1634.6	6.577e3
1635.6	8.465e3
1636.1	1.900e1
1636.6	9.212e3
1637.6	7.394e3
1638.1	7.920e2
1638.7	9.486e3
1639.3	2.022e3
1640.0	9.571e3
1640.9	6.461e3
1641.9	8.950e3
1642.5	5.570e2
1643.0	1.070e4
1643.6	1.290e2
1644.1	7.157e3
1644.6	3.860e2
1645.1	8.068e3
1646.1	9.588e3
1646.6	1.130e2
1647.2	7.621e3
1647.8	1.074e3
1648.4	8.070e3
1649.1	3.331e3
1649.8	6.979e3
1650.8	5.246e3
1651.7	7.194e3
1652.7	7.179e3
1653.2	5.580e2
1653.8	6.806e3
1654.3	1.457e3
1655.0	1.053e4
1655.7	2.802e3
1656.3	8.429e3
1657.3	6.544e3
1658.1	2.654e3
1658.7	8.217e3
1659.3	3.110e2
1659.8	1.102e4
1660.7	8.176e3
1661.5	5.303e3
1662.3	7.307e3
1663.0	1.875e3
1663.7	8.150e3
1664.4	2.374e3
1665.0	7.570e3
1665.6	1.381e3
1666.2	8.997e3
1667.0	4.844e3
1667.8	7.358e3
1668.8	6.971e3
1669.7	8.104e3
1670.7	8.022e3
1671.5	4.234e3
1672.3	8.447e3
1672.9	2.003e3
1673.5	7.968e3
1674.2	1.678e3
1674.9	9.049e3
1675.8	7.482e3
1676.5	2.818e3
1677.3	7.655e3
1678.0	2.854e3
1678.7	9.489e3
1679.4	4.817e3
1680.2	8.907e3
1680.8	1.732e3
1681.5	7.740e3
1682.3	4.750e3
1683.2	5.750e3
1684.2	9.068e3
1685.1	8.265e3
1685.9	3.060e3
1686.5	8.267e3
1687.5	8.560e3
1688.4	4.782e3
1689.2	7.530e3
1689.9	2.450e3
1690.5	7.601e3
1691.5	7.724e3
1692.4	6.128e3
1693.4	8.117e3
1694.4	1.014e4
1695.0	1.610e3
1695.6	8.118e3
1696.6	8.562e3
1697.5	7.117e3
1698.1	1.233e3
1698.7	7.701e3
1699.3	2.230e2
1699.8	9.099e3
1700.6	4.445e3
1701.5	7.554e3
1702.4	6.068e3
1703.2	6.245e3
1704.2	9.124e3
1704.8	2.618e3
1705.5	6.890e3
1706.0	2.090e2
1706.5	5.698e3
1707.5	7.982e3
1708.2	2.138e3
1708.9	7.914e3
1709.7	4.664e3
1710.6	7.484e3
1711.4	4.004e3
1712.2	6.900e3
1712.9	1.773e3
1713.5	7.479e3
1714.1	1.767e3
1714.7	8.573e3
1715.4	2.936e3
1716.2	7.668e3
1716.7	2.330e2
1717.3	7.740e3
1717.8	8.480e2
1718.4	6.781e3
1719.3	5.276e3
1719.9	8.810e2
1720.5	9.477e3
1721.0	1.940e2
1721.5	6.547e3
1722.2	2.604e3
1722.9	7.997e3
1723.8	8.438e3
1724.4	2.162e3
1725.0	7.722e3
1725.6	5.100e2
1726.1	7.293e3
1727.1	7.093e3
1727.6	1.000e0
1728.1	7.084e3
1728.8	2.811e3
1729.5	7.663e3
1730.1	1.806e3
1730.7	6.915e3
1731.8	6.228e3
1732.4	1.680e2
1732.9	9.045e3
1733.9	7.968e3
1734.6	3.007e3
1735.4	6.211e3
1736.3	6.809e3
1737.3	7.190e3
1738.0	2.758e3
1738.8	6.582e3
1739.6	3.903e3
1740.4	5.637e3
1741.2	2.425e3
1741.9	1.063e4
1742.8	5.329e3
1743.7	6.949e3
1744.3	1.768e3
1744.9	9.680e3
1745.6	1.536e3
1746.2	7.036e3
1746.7	9.600e1
1747.2	6.906e3
1748.2	7.701e3
1749.0	5.991e3
1750.0	8.409e3
1750.5	3.220e2
1751.0	8.010e3
1752.0	6.074e3
1752.9	8.414e3
1753.6	3.112e3
1754.4	8.103e3
1755.1	2.026e3
1755.8	8.233e3
1756.4	1.931e3
1757.1	7.374e3
1757.9	2.393e3
1758.6	5.761e3
1759.6	5.858e3
1760.6	8.117e3
1761.5	4.899e3
1762.3	9.681e3
1762.9	4.620e2
1763.4	6.056e3
1764.4	6.883e3
1765.4	8.055e3
1765.9	6.030e2
1766.5	5.896e3
1767.0	4.920e2
1767.6	6.997e3
1768.1	6.920e2
1768.7	7.384e3
1769.4	2.266e3
1770.1	6.133e3
1770.6	1.920e2
1771.1	6.071e3
1771.7	1.770e2
1772.2	6.174e3
1773.0	4.819e3
1773.9	7.303e3
1774.8	4.036e3
1775.7	6.995e3
1776.6	8.368e3
1777.6	6.651e3
1778.6	5.495e3
1779.3	2.441e3
1780.1	4.900e3
1781.1	7.166e3
1782.0	4.876e3
1782.9	7.569e3
1783.4	4.890e2
1784.0	6.430e3
1784.6	1.190e3
1785.3	7.803e3
1786.2	7.237e3
1786.9	1.623e3
1787.5	7.006e3
1788.2	1.538e3
1788.8	7.327e3
1789.4	5.360e2
1789.9	5.018e3
1790.9	7.580e3
1791.5	1.515e3
1792.0	6.760e3
1792.8	3.592e3
1793.6	7.623e3
1794.4	3.593e3
1795.2	8.041e3
1795.8	7.370e2
1796.3	6.783e3
1796.9	1.832e3
1797.5	7.580e3
1798.2	1.701e3
1798.9	6.694e3
1799.4	5.010e2
1800.0	6.891e3
1800.5	1.620e2
1801.0	7.534e3
1801.8	4.716e3
1802.6	6.106e3
1803.6	3.628e3
1804.5	6.722e3
1805.1	8.710e2
1805.6	6.292e3
1806.2	7.610e2
1806.8	5.078e3
1807.6	7.386e3
1808.3	2.171e3
1809.1	7.971e3
1809.8	2.272e3
1810.6	7.013e3
1811.2	6.700e2
1811.8	5.963e3
1812.7	7.426e3
1813.3	1.294e3
1813.9	7.039e3
1814.8	2.895e3
1815.6	8.345e3
1816.5	4.092e3
1817.4	6.475e3
1818.4	7.280e3
1819.3	5.506e3
1819.9	1.123e3
1820.5	7.707e3
1821.5	7.717e3
1822.4	3.984e3
1823.0	1.202e3
1823.6	6.032e3
1824.2	7.350e2
1824.8	5.432e3
1825.7	5.907e3
1826.3	1.409e3
1826.9	5.912e3
1827.6	2.784e3
1828.3	4.786e3
1829.3	5.643e3
1830.2	7.629e3
1830.8	4.950e2
1831.3	6.576e3
1832.1	2.354e3
1832.8	6.405e3
1833.4	2.330e2
1833.9	4.959e3
1834.7	5.941e3
1835.6	6.870e3
1836.5	3.562e3
1837.4	6.627e3
1837.9	3.720e2
1838.5	6.676e3
1839.5	6.101e3
1840.1	2.632e3
1840.9	6.561e3
1841.8	5.431e3
1842.7	6.349e3
1843.7	7.222e3
1844.6	4.965e3
1845.1	4.330e2
1845.6	5.330e3
1846.5	4.498e3
1847.3	5.724e3
1848.0	1.277e3
1848.6	6.307e3
1849.5	5.705e3
1850.5	6.486e3
1851.4	5.738e3
1852.1	1.257e3
1852.7	6.504e3
1853.6	5.599e3
1854.2	4.060e2
1854.7	5.168e3
1855.7	5.534e3
1856.4	1.456e3
1857.1	6.221e3
1857.7	1.281e3
1858.4	6.214e3
1859.3	5.258e3
1860.2	4.795e3
1861.0	7.098e3
1861.5	1.180e2
1862.0	8.416e3
1862.6	7.030e2
1863.3	5.591e3
1864.2	5.542e3
1865.2	6.708e3
1865.8	1.669e3
1866.5	6.680e3
1867.1	4.870e2
1867.7	6.691e3
1868.3	9.070e2
1868.8	7.130e3
1869.8	3.964e3
1870.7	5.700e3
1871.2	8.400e1
1871.7	5.287e3
1872.7	6.101e3
1873.2	2.350e2
1873.8	6.373e3
1874.8	4.202e3
1875.6	3.138e3
1876.4	5.703e3
1877.1	1.564e3
1877.8	6.047e3
1878.7	5.258e3
1879.3	5.370e2
1879.8	5.133e3
1880.8	4.753e3
1881.6	3.256e3
1882.4	5.263e3
1883.4	6.754e3
1884.0	2.222e3
1884.7	6.572e3
1885.3	1.889e3
1886.1	6.716e3
1886.8	2.379e3
1887.5	6.166e3
1888.2	1.611e3
1888.9	6.704e3
1889.5	1.258e3
1890.1	5.480e3
1891.1	7.295e3
1892.0	4.440e3
1892.9	5.486e3
1893.8	3.486e3
1894.6	7.018e3
1895.2	9.800e1
1895.7	5.374e3
1896.4	2.208e3
1897.1	4.757e3
1898.1	6.556e3
1898.7	1.083e3
1899.3	5.369e3
1899.9	1.221e3
1900.5	6.170e3
1901.5	6.311e3
1902.1	6.410e2
1902.7	5.262e3
1903.7	5.383e3
1904.2	8.700e1
1904.7	6.502e3
1905.7	5.611e3
1906.5	1.397e3
1907.2	5.869e3
1907.8	6.800e2
1908.4	5.384e3
1909.3	6.627e3
1910.2	3.280e3
1911.1	5.981e3
1911.9	3.895e3
1912.9	4.625e3
1913.8	4.782e3
1914.5	1.242e3
1915.2	6.018e3
1915.9	2.488e3
1916.6	6.125e3
1917.1	2.640e2
1917.6	4.920e3
1918.6	5.263e3
1919.5	5.969e3
1920.4	5.920e3
1921.4	4.756e3
1922.4	6.298e3
1923.3	5.737e3
1923.9	1.038e3
1924.6	6.588e3
1925.5	4.818e3
1926.0	8.000e1
1926.5	4.547e3
1927.5	6.557e3
1928.1	1.070e2
1928.6	5.804e3
1929.3	3.063e3
1930.1	5.519e3
1931.0	4.422e3
1931.9	6.976e3
1932.5	8.520e2
1933.2	4.505e3
1934.1	6.383e3
1935.1	5.254e3
1935.6	7.530e2
1936.3	4.340e3
1937.2	7.105e3
1938.1	5.456e3
1938.6	1.120e2
1939.1	5.484e3
1939.8	1.420e3
1940.5	5.220e3
1941.5	6.156e3
1942.3	2.155e3
1943.1	5.808e3
1943.6	9.100e1
1944.1	4.983e3
1944.9	1.671e3
1945.7	5.741e3
1946.6	3.792e3
1947.4	5.544e3
1948.1	2.035e3
1948.8	5.681e3
1949.4	9.670e2
1950.1	5.080e3
1950.6	3.350e2
1951.2	5.471e3
1952.0	2.865e3
1952.8	7.370e3
1953.8	6.059e3
1954.3	8.200e1
1954.8	4.806e3
1955.3	2.480e2
1955.9	5.050e3
1956.9	5.480e3
1957.8	4.923e3
1958.8	5.587e3
1959.7	5.921e3
1960.4	1.812e3
1961.0	6.032e3
1961.7	1.806e3
1962.5	6.140e3
1963.5	4.360e3
1964.3	2.445e3
1965.0	5.044e3
1966.0	5.998e3
1966.5	7.120e2
1967.1	6.613e3
1968.1	4.298e3
1968.6	6.660e2
1969.2	5.487e3
1969.9	2.182e3
1970.7	6.662e3
1971.6	5.470e3
1972.6	4.160e3
1973.2	8.080e2
1973.8	5.654e3
1974.5	1.772e3
1975.2	4.186e3
1975.7	2.110e2
1976.2	4.817e3
1977.2	5.516e3
1978.0	2.451e3
1978.8	5.933e3
1979.6	3.143e3
1980.4	5.722e3
1980.9	1.390e2
1981.5	5.980e3
1982.0	2.940e2
1982.6	5.885e3
1983.3	2.612e3
1984.1	5.195e3
1985.0	3.771e3
1985.9	6.515e3
1986.4	1.100e2
1987.0	5.802e3
1987.6	1.489e3
1988.3	5.375e3
1989.3	4.434e3
1989.9	6.530e2
1990.5	5.245e3
1991.1	1.169e3
1991.7	6.027e3
1992.6	3.610e3
1993.5	6.957e3
1994.4	4.324e3
1995.0	1.075e3
1995.7	6.124e3
1996.5	3.419e3
1997.3	5.502e3
1998.2	4.639e3
1998.8	3.840e2
1999.3	6.130e3
1999.9	5.100e2
