100.4	3.837e4
101.1	4.110e5
101.7	2.995e3
102.2	3.757e6
103.2	1.962e5
104.2	2.039e5
104.7	1.610e3
105.2	2.179e6
105.7	1.239e3
106.2	2.001e5
107.2	1.926e5
107.8	8.016e3
108.3	6.243e5
109.2	4.201e5
110.1	2.705e6
110.7	3.627e3
111.2	5.871e6
111.7	3.647e3
112.2	1.752e6
113.2	4.469e5
113.7	3.400e3
114.2	3.054e5
115.2	1.651e5
115.7	1.444e3
116.2	2.096e5
117.2	9.325e4
118.2	2.468e5
119.2	1.695e5
119.7	2.149e3
120.2	5.218e5
121.2	1.722e5
121.8	1.140e4
122.3	2.795e6
123.2	8.787e5
123.8	1.352e3
124.3	3.826e5
125.2	1.098e5
126.2	3.786e5
126.7	1.846e3
127.2	9.874e4
128.2	6.181e4
129.2	1.161e5
130.2	7.272e5
131.1	5.899e5
132.0	8.255e5
133.0	3.287e5
133.6	2.359e4
134.2	1.110e5
134.7	1.384e3
135.2	6.433e4
136.2	6.011e5
136.8	2.430e3
137.3	1.518e5
138.3	1.243e6
138.8	1.102e3
139.3	1.950e5
140.3	2.170e5
141.2	1.651e5
142.2	3.704e5
142.7	2.986e3
143.2	9.851e4
144.2	1.581e5
145.2	1.634e6
145.7	1.368e3
146.2	1.350e5
147.2	8.292e5
147.7	2.850e2
148.2	1.246e5
149.2	1.985e5
149.8	4.133e3
150.3	8.051e5
150.8	9.790e2
151.4	1.480e5
152.3	5.155e4
153.2	5.850e4
154.2	7.914e4
154.7	1.415e3
155.3	1.466e5
155.8	6.770e2
156.3	9.229e4
157.2	1.961e5
158.2	3.325e5
159.2	1.692e6
159.7	5.810e2
160.2	1.869e5
160.8	3.000e2
161.3	8.642e4
162.3	6.838e4
163.3	1.328e5
164.2	1.007e5
164.8	1.447e3
165.3	6.727e4
166.3	1.045e5
166.8	6.964e3
167.4	4.175e5
168.2	1.168e5
169.2	6.358e4
169.8	5.330e3
170.3	1.171e5
171.3	5.881e5
172.2	3.945e5
172.8	2.920e3
173.3	2.445e5
173.8	1.530e3
174.3	1.131e5
174.9	3.082e3
175.4	1.202e5
176.2	1.626e5
177.1	3.200e5
177.7	1.906e4
178.3	9.341e4
178.8	1.234e3
179.3	1.150e5
179.8	1.628e3
180.3	6.791e4
181.3	8.376e4
182.3	1.081e5
183.2	4.924e5
183.8	1.984e3
184.4	1.081e5
185.2	7.707e5
186.2	1.594e5
187.2	6.403e5
187.8	2.140e3
188.3	4.181e5
189.2	1.218e5
189.7	2.053e3
190.3	6.730e4
191.3	7.990e4
191.8	1.047e3
192.3	7.245e4
192.8	4.320e2
193.3	6.521e4
194.3	2.484e5
195.3	1.601e5
195.9	2.785e3
196.4	2.047e6
197.4	5.309e5
198.4	9.458e5
199.3	1.792e5
200.2	5.230e5
200.7	1.230e3
201.3	1.196e5
201.8	2.320e2
202.3	9.478e4
203.3	1.405e5
203.8	9.490e2
204.3	6.867e4
205.3	7.906e4
205.8	7.730e2
206.3	6.354e4
207.3	5.991e4
208.3	6.201e4
209.2	1.042e5
209.8	2.809e3
210.3	8.543e4
211.3	5.767e4
212.3	7.622e4
213.3	6.398e4
213.8	1.610e2
214.3	5.186e6
214.8	1.970e2
215.3	7.029e5
216.3	4.225e5
217.3	3.603e5
217.8	3.898e3
218.4	6.330e5
219.3	1.653e5
220.3	1.152e5
221.3	8.364e4
222.3	5.354e4
223.3	4.528e4
224.2	1.355e5
224.8	1.596e3
225.3	6.179e4
226.3	9.243e4
227.2	1.456e6
227.7	4.796e3
228.3	1.882e5
228.8	1.969e3
229.3	1.318e5
229.9	1.818e3
230.4	9.726e4
231.3	1.065e5
232.3	6.656e4
233.3	5.442e4
233.8	9.750e2
234.4	7.411e4
235.3	5.935e4
236.3	5.778e5
237.3	2.641e5
237.8	6.470e2
238.3	8.506e4
239.3	7.590e4
240.2	3.601e4
240.8	3.598e3
241.4	5.373e4
242.3	4.773e4
243.3	1.041e5
244.3	1.028e5
244.8	5.660e2
245.3	8.496e4
245.9	1.644e3
246.4	3.941e4
247.1	8.355e3
247.7	3.775e4
248.5	1.761e4
249.3	3.662e4
250.3	8.496e4
251.3	4.395e4
252.3	7.586e4
252.8	9.630e2
253.3	5.790e4
254.3	6.001e4
255.3	6.286e4
256.3	3.959e4
256.8	1.603e3
257.3	5.440e4
257.9	2.071e3
258.4	5.053e4
259.4	2.238e5
260.4	6.492e4
260.9	6.940e2
261.4	1.257e5
262.4	5.665e4
263.4	5.710e4
264.3	3.101e4
265.3	3.312e4
266.2	4.142e5
266.7	2.023e3
267.3	6.561e4
268.3	3.493e4
268.8	1.000e0
269.3	3.130e4
270.3	2.286e4
270.9	3.800e2
271.4	4.554e4
272.3	3.401e4
272.9	4.240e2
273.4	3.518e4
274.0	2.851e3
274.5	1.250e5
275.4	5.240e4
276.3	4.016e4
277.3	8.150e4
278.3	4.696e4
278.9	1.572e3
279.4	8.256e4
279.9	5.020e2
280.4	3.971e4
281.3	3.941e4
281.8	7.970e2
282.4	4.279e4
283.3	6.925e4
283.8	2.292e3
284.3	3.212e4
285.2	4.272e4
285.7	5.240e2
286.3	2.659e4
287.2	3.374e4
287.8	2.910e3
288.4	3.478e4
289.3	5.774e4
289.9	3.103e3
290.5	8.748e4
291.4	3.528e4
292.4	2.517e4
293.3	3.015e4
294.3	2.853e4
295.2	2.191e5
295.8	3.191e3
296.3	3.999e4
297.3	3.637e4
298.3	2.772e4
298.8	3.710e2
299.3	3.164e4
299.9	6.840e2
300.4	2.561e4
301.4	8.220e4
302.4	3.446e4
303.3	2.943e4
304.2	5.558e4
304.7	7.720e2
305.3	1.321e5
305.8	9.590e2
306.3	3.362e4
307.3	4.393e4
307.8	7.100e2
308.3	3.419e4
309.3	3.599e4
309.8	2.580e2
310.4	3.364e4
311.3	3.206e4
312.3	3.936e4
312.8	9.400e2
313.3	2.753e4
314.3	3.012e4
314.9	1.180e2
315.4	3.082e4
316.3	2.637e4
316.9	9.120e2
317.4	3.520e4
317.9	1.180e3
318.5	3.343e4
319.4	3.325e4
320.4	2.254e4
321.3	4.082e4
322.3	2.839e4
322.9	9.710e2
323.4	2.212e4
323.9	8.170e2
324.5	3.164e4
325.4	2.413e4
326.4	6.897e4
327.3	6.707e4
327.8	6.580e2
328.3	3.480e4
328.8	5.780e2
329.3	2.959e4
330.4	3.107e4
331.3	6.935e4
332.3	4.374e4
333.3	5.127e4
334.3	1.314e5
334.8	4.960e2
335.3	3.525e4
335.8	1.110e3
336.3	2.361e4
336.9	9.040e2
337.4	4.070e4
338.4	2.926e4
338.9	8.800e2
339.4	5.452e4
340.3	2.825e4
340.9	2.258e3
341.4	3.302e4
342.3	4.339e4
343.3	3.416e4
344.3	4.714e4
344.8	1.121e3
345.4	3.372e4
346.3	2.651e4
347.3	3.573e4
348.3	3.972e4
348.8	1.556e3
349.3	5.927e4
350.3	3.099e4
351.3	3.837e4
351.8	7.340e2
352.3	2.823e4
353.2	4.693e4
353.8	1.431e3
354.3	1.387e5
355.3	7.890e4
356.3	4.227e4
357.3	4.184e4
357.8	2.230e3
358.4	2.835e4
359.4	6.818e4
360.3	3.866e4
361.3	3.281e4
361.8	5.860e2
362.3	2.850e4
363.2	4.206e5
363.7	1.252e3
364.2	4.962e4
364.8	3.104e3
365.4	4.404e4
366.3	3.979e4
366.8	7.200e2
367.3	3.284e4
367.9	2.126e3
368.4	2.788e4
369.4	3.528e4
370.4	2.522e4
370.9	9.720e2
371.5	4.172e4
372.4	3.031e4
373.2	6.502e4
374.2	3.178e4
374.8	2.271e3
375.3	3.006e4
375.8	6.830e2
376.4	2.786e4
376.9	7.100e2
377.4	3.813e4
378.3	2.275e4
379.2	3.409e4
380.2	4.648e4
380.8	4.298e3
381.4	3.426e4
382.4	2.748e4
383.4	3.192e4
384.3	2.574e4
384.9	1.660e3
385.5	2.903e4
386.4	1.946e4
386.9	3.940e2
387.4	3.826e4
388.4	2.430e4
389.3	3.576e4
389.9	2.251e3
390.4	2.375e4
390.9	4.250e2
391.5	3.680e4
392.4	2.890e4
393.0	2.266e3
393.6	1.357e5
394.6	5.457e4
395.5	2.998e4
396.4	2.014e4
396.9	4.900e2
397.4	2.216e4
397.9	3.410e2
398.4	2.453e4
399.4	3.155e4
400.4	2.232e4
401.3	1.993e4
402.2	1.728e5
403.2	3.342e4
403.8	1.208e3
404.3	2.974e4
405.3	2.582e4
405.8	7.430e2
406.4	3.348e4
407.3	2.550e4
407.9	2.503e3
408.5	2.297e4
409.5	8.232e4
410.4	3.130e4
411.4	2.946e4
412.3	2.437e4
413.0	4.689e3
413.6	3.820e4
414.4	2.253e4
415.4	3.769e4
416.1	3.966e3
416.7	3.179e4
417.5	1.317e4
418.2	2.123e4
418.8	3.290e2
419.3	3.309e4
419.8	1.703e3
420.3	1.760e4
421.2	3.924e4
421.8	1.965e3
422.4	3.126e4
422.9	1.672e3
423.5	3.344e4
424.4	1.587e4
425.3	3.948e4
426.4	2.107e4
426.9	1.941e3
427.5	2.635e4
428.4	1.792e4
429.4	2.186e4
430.3	1.871e4
431.2	3.425e5
431.8	2.214e3
432.3	5.691e4
433.3	3.193e4
433.9	3.352e3
434.5	1.794e4
435.1	5.106e3
435.8	2.162e4
436.6	1.245e4
437.5	8.013e4
438.0	9.880e2
438.6	4.325e4
439.1	4.400e2
439.6	2.433e4
440.4	1.151e4
441.3	5.752e4
442.2	1.906e4
442.8	4.035e3
443.4	2.929e4
444.2	1.262e4
445.1	1.566e4
446.0	2.942e4
446.6	4.586e3
447.2	2.711e4
448.2	3.668e4
448.8	5.775e3
449.5	2.885e4
450.5	2.216e4
451.0	1.401e3
451.5	2.505e4
452.5	1.554e4
453.4	2.936e4
454.4	1.948e4
455.4	2.201e4
455.9	1.230e3
456.4	1.569e4
457.4	2.308e4
458.3	2.827e4
459.3	1.760e4
459.9	4.426e3
460.5	3.258e4
461.4	2.044e4
462.3	1.577e4
463.2	3.656e4
463.8	5.020e2
464.3	1.830e4
465.3	2.553e4
465.8	2.518e3
466.4	1.607e4
467.1	4.082e3
467.8	2.619e4
468.5	8.349e3
469.3	1.821e4
470.2	1.742e5
470.7	5.430e2
471.2	2.717e4
472.2	2.582e4
473.2	2.664e4
474.2	1.807e4
475.1	2.310e4
475.7	3.688e3
476.3	1.879e4
476.9	2.801e3
477.6	2.069e4
478.4	1.392e4
479.0	1.047e3
479.5	2.640e4
480.4	2.858e4
480.9	3.370e2
481.4	2.610e4
482.3	1.534e4
483.1	2.546e4
483.7	3.631e3
484.3	1.894e4
485.3	1.908e4
486.2	2.021e4
487.2	3.894e4
488.1	1.942e4
488.7	2.597e3
489.3	2.954e4
490.1	1.065e4
490.9	2.273e4
491.8	1.315e4
492.5	8.777e3
493.3	2.244e4
493.8	3.070e2
494.3	2.007e4
495.3	2.707e4
496.2	1.382e4
497.0	2.747e4
497.9	1.794e4
498.6	6.939e3
499.2	2.476e5
500.2	3.500e4
500.7	2.634e3
501.3	2.906e4
502.2	3.182e4
502.8	2.806e3
503.4	1.989e4
504.0	3.960e3
504.6	2.826e4
505.6	2.059e4
506.4	8.449e3
507.1	2.173e4
508.1	1.545e4
508.7	2.947e3
509.2	8.001e4
510.2	2.633e4
510.7	2.388e3
511.3	2.271e4
512.2	2.559e4
512.8	4.662e3
513.4	2.189e4
514.3	1.380e4
515.2	2.181e4
516.2	4.122e4
516.7	4.290e2
517.2	2.353e4
518.2	1.765e4
519.1	1.127e4
519.9	2.228e4
520.8	1.822e4
521.4	4.136e3
522.0	1.873e4
522.5	8.920e2
523.1	1.608e4
524.0	2.595e4
524.6	3.345e3
525.2	2.686e4
525.9	7.661e3
526.6	3.247e4
527.5	1.995e4
528.4	1.978e4
529.3	2.083e4
530.3	1.477e4
531.2	5.100e4
532.2	2.167e4
532.9	9.988e3
533.7	2.192e4
534.7	1.721e4
535.6	1.307e4
536.4	1.977e4
537.4	1.690e4
538.2	1.549e5
539.2	3.544e4
539.7	2.002e3
540.3	1.934e4
541.2	3.265e4
541.7	4.330e2
542.2	1.771e4
542.9	3.944e3
543.5	1.978e4
544.5	1.543e4
545.2	4.577e3
545.9	2.487e4
546.4	3.155e3
547.0	2.572e4
548.0	2.647e4
548.9	2.539e4
549.6	5.493e3
550.3	1.750e4
550.9	4.958e3
551.5	1.779e4
552.4	1.152e4
553.3	2.528e4
554.2	1.648e4
555.1	2.889e4
556.0	2.102e4
556.6	4.089e3
557.2	2.472e4
557.8	7.660e2
558.3	1.680e4
558.8	5.390e2
559.3	2.073e4
560.3	2.060e4
561.3	2.177e4
562.1	8.704e3
562.8	1.777e4
563.3	2.210e2
563.8	2.001e4
564.8	1.421e4
565.8	1.713e4
566.5	5.894e3
567.2	2.171e5
568.2	4.272e4
568.7	1.100e3
569.2	2.422e4
570.2	2.775e4
571.1	2.039e4
571.8	4.850e3
572.5	1.556e4
573.0	8.200e2
573.6	1.467e4
574.5	1.153e4
575.4	2.654e4
576.4	1.446e4
577.2	5.509e4
578.2	2.033e4
578.7	1.161e3
579.2	1.787e4
580.0	6.763e3
580.7	1.489e4
581.5	7.097e3
582.3	1.583e4
583.2	2.097e4
584.2	3.201e4
585.0	1.141e4
585.8	1.611e4
586.4	2.964e3
587.1	1.503e4
588.0	1.609e4
588.5	7.840e2
589.0	1.300e4
590.0	2.306e4
590.9	1.543e4
591.8	1.020e4
592.8	1.898e4
593.4	5.212e3
594.1	1.554e4
594.6	1.497e3
595.2	1.277e4
596.1	1.647e4
596.6	5.090e2
597.1	1.451e4
598.0	1.634e4
598.6	2.539e3
599.2	2.371e4
600.1	1.206e4
601.0	1.473e4
601.5	4.020e2
602.0	1.194e4
603.0	9.643e3
603.9	1.681e4
604.5	3.826e3
605.2	1.552e4
605.7	5.600e2
606.2	1.166e5
607.2	2.654e4
607.7	2.014e3
608.3	1.544e4
609.3	2.390e4
610.1	8.516e3
610.9	1.500e4
611.4	1.226e3
612.0	1.663e4
612.9	1.335e4
613.9	1.076e4
614.4	1.990e2
614.9	1.623e4
615.6	4.949e3
616.2	2.129e4
617.0	5.070e3
617.6	1.428e4
618.6	7.471e3
619.5	1.782e4
620.5	9.591e3
621.2	4.500e3
622.0	1.645e4
622.9	2.134e4
623.5	2.319e3
624.1	1.269e4
624.6	7.980e2
625.2	1.964e4
626.2	1.191e4
627.1	1.571e4
627.9	6.492e3
628.7	1.085e4
629.6	1.158e4
630.3	2.225e3
630.9	1.251e4
631.6	3.323e3
632.3	1.073e4
633.3	1.219e4
634.2	1.596e4
635.2	1.446e5
636.2	2.463e4
637.2	1.563e4
637.8	2.099e3
638.3	1.648e4
639.3	1.012e4
640.3	1.022e4
640.9	3.645e3
641.7	1.350e4
642.7	1.300e4
643.3	1.965e3
643.9	1.288e4
644.6	3.444e3
645.3	3.915e4
646.1	8.236e3
646.9	1.261e4
647.4	5.600e2
647.9	1.730e4
648.8	1.310e4
649.8	1.046e4
650.5	2.648e3
651.1	1.129e4
652.1	1.957e4
653.1	9.109e3
654.0	1.037e4
654.8	5.329e3
655.5	1.731e4
656.5	1.997e4
657.5	1.481e4
658.2	5.590e3
659.0	1.196e4
659.8	5.143e3
660.7	1.120e4
661.3	3.137e3
661.9	1.140e4
662.9	1.048e4
663.5	1.266e3
664.0	1.891e4
665.0	9.668e3
665.6	2.398e3
666.2	9.722e3
667.1	2.052e4
667.7	2.310e2
668.2	1.330e4
668.9	4.970e3
669.6	2.410e4
670.6	2.585e4
671.1	4.380e2
671.6	2.418e4
672.5	1.120e4
673.3	1.192e4
674.2	9.055e4
675.2	2.332e4
676.1	1.246e4
676.8	2.604e3
677.4	1.610e4
678.1	5.082e3
678.8	1.350e4
679.6	6.039e3
680.4	1.045e4
681.4	9.483e3
682.3	7.257e3
683.3	1.193e4
684.3	2.140e4
685.0	4.253e3
685.7	1.717e4
686.4	5.492e3
687.1	1.333e4
687.9	6.845e3
688.7	1.373e4
689.6	1.299e4
690.5	8.963e3
691.4	1.726e4
692.4	1.073e4
692.9	1.869e3
693.5	1.650e4
694.5	1.202e4
695.3	4.902e3
696.0	1.292e4
696.9	8.957e3
697.8	1.335e4
698.8	1.171e4
699.5	2.339e3
700.1	1.339e4
701.0	8.816e3
701.6	6.240e2
702.1	9.768e3
702.7	1.271e3
703.2	1.315e5
704.2	2.649e4
705.1	1.308e4
706.0	1.816e4
706.6	1.659e3
707.2	1.128e4
708.1	1.692e4
709.1	1.157e4
710.1	9.918e3
711.0	6.051e3
711.8	9.128e3
712.6	3.914e3
713.2	3.967e4
714.2	1.517e4
715.1	9.641e3
716.0	1.515e4
716.8	6.252e3
717.5	1.357e4
718.3	6.491e3
719.1	1.492e4
719.6	1.400e2
720.2	1.978e4
720.9	6.978e3
721.8	1.417e4
722.3	1.020e2
722.8	2.441e4
723.7	1.275e4
724.6	1.758e5
725.6	2.405e5
726.1	2.510e2
726.6	2.201e5
727.6	7.735e4
728.1	4.180e2
728.6	5.589e4
729.6	3.050e4
730.3	6.227e3
730.9	2.064e4
732.0	1.781e4
732.7	6.232e3
733.5	1.440e4
734.3	6.364e3
735.1	1.940e4
736.1	1.278e4
736.7	1.919e3
737.2	2.152e4
738.2	9.977e3
738.8	1.508e3
739.4	1.121e4
740.4	8.966e3
740.9	9.500e1
741.4	1.016e4
742.2	9.199e4
743.2	2.482e4
744.0	9.165e3
744.7	1.597e4
745.6	1.916e4
746.6	2.337e4
747.5	3.363e4
748.1	1.440e2
748.6	3.925e4
749.1	4.270e2
749.6	3.602e4
750.6	3.464e4
751.3	4.721e3
752.0	2.870e4
752.8	1.492e4
753.8	1.306e4
754.7	8.924e3
755.6	1.135e4
756.2	2.043e3
756.8	2.133e4
757.5	5.830e3
758.2	1.412e4
759.2	2.175e4
760.2	1.368e4
761.1	2.248e4
762.1	1.488e4
762.8	7.132e3
763.6	1.187e4
764.1	4.220e2
764.6	1.079e4
765.6	1.498e4
766.5	1.486e4
767.2	5.184e3
768.0	1.237e4
768.6	4.510e2
769.1	1.358e4
769.7	2.478e3
770.4	1.156e4
771.2	1.131e5
772.2	2.539e4
773.2	1.673e4
774.2	2.344e4
774.7	2.891e3
775.3	1.592e4
776.2	2.111e4
776.8	1.733e3
777.4	1.505e4
778.3	1.181e4
778.9	1.017e3
779.4	9.421e3
780.3	1.411e4
781.2	4.519e4
781.8	2.154e3
782.4	1.853e4
783.2	9.521e3
784.1	1.476e4
784.9	8.664e3
785.8	1.116e4
786.7	1.305e4
787.6	1.881e4
788.5	2.555e4
789.0	5.130e2
789.5	1.907e4
790.2	3.199e3
790.8	3.196e4
791.7	1.591e4
792.3	4.610e2
792.8	1.137e4
793.4	9.690e2
793.9	1.002e4
794.9	1.093e4
795.9	1.753e4
796.5	1.752e3
797.1	1.310e4
797.8	3.996e3
798.4	1.282e4
799.3	8.996e3
800.3	1.752e4
801.3	1.329e4
801.8	5.400e1
802.3	9.685e3
803.2	1.712e4
804.2	1.284e4
804.7	8.400e1
805.2	2.822e4
806.1	1.374e4
807.1	1.084e4
807.6	1.430e2
808.1	9.200e3
808.7	3.840e2
809.2	1.054e4
810.2	8.040e4
811.1	2.295e4
811.6	3.300e2
812.2	1.360e4
813.2	1.593e4
814.1	1.118e4
815.0	6.872e3
815.8	1.349e4
816.8	7.106e3
817.7	1.093e4
818.3	4.850e2
818.8	1.399e4
819.5	2.399e3
820.1	2.176e4
821.1	1.151e4
821.7	1.334e3
822.3	9.655e3
823.0	4.108e3
823.7	1.069e4
824.3	9.510e2
824.8	2.732e4
825.4	1.593e3
825.9	1.426e4
826.6	4.061e3
827.3	1.559e4
827.8	4.620e2
828.3	9.520e3
829.2	1.429e4
830.1	1.587e4
831.0	8.252e3
831.9	9.092e3
832.6	4.693e3
833.3	1.365e4
834.0	4.342e3
834.7	1.299e4
835.2	1.096e3
835.8	1.199e4
836.4	1.860e3
837.1	1.011e4
838.0	1.147e4
838.6	1.530e3
839.2	8.288e4
840.1	2.309e4
840.6	3.200e2
841.1	1.257e4
841.7	3.980e2
842.2	1.477e4
843.2	1.277e4
843.7	4.730e2
844.2	2.201e4
845.0	6.332e3
845.8	1.142e4
846.5	1.903e3
847.2	1.085e4
848.1	9.926e3
848.7	1.403e3
849.2	3.633e4
850.0	8.310e3
850.8	1.495e4
851.4	1.287e3
851.9	1.763e4
852.9	1.464e4
853.8	1.400e4
854.5	6.530e3
855.3	1.374e4
856.3	1.407e4
857.1	5.215e3
857.8	1.292e4
858.8	2.794e4
859.7	1.454e4
860.6	1.159e4
861.6	7.440e3
862.5	1.052e4
863.2	2.191e3
863.8	1.456e4
864.8	1.143e4
865.5	5.129e3
866.2	1.047e4
867.2	1.653e4
867.7	5.820e2
868.3	1.879e4
868.9	3.981e3
869.6	1.197e4
870.3	5.493e3
871.1	1.499e4
871.7	2.148e3
872.3	1.315e4
873.3	2.285e4
874.0	4.774e3
874.8	1.238e4
875.5	4.640e3
876.3	9.606e3
877.2	7.337e3
877.7	7.330e2
878.2	5.960e4
879.1	1.858e4
880.1	1.401e4
880.6	4.250e2
881.1	1.562e4
882.0	1.483e4
882.9	8.979e3
883.8	1.263e4
884.9	8.269e3
885.5	1.118e3
886.1	1.074e4
886.7	1.741e3
887.3	1.541e4
887.8	1.540e3
888.4	1.866e4
889.3	8.109e3
890.2	9.334e3
890.8	2.004e3
891.4	1.306e4
892.0	2.033e3
892.7	2.088e4
893.3	4.332e3
893.9	1.514e4
894.6	2.637e3
895.2	1.465e4
896.1	8.780e3
896.6	1.290e2
897.3	1.889e4
898.2	1.421e4
899.1	1.161e4
900.0	6.208e3
900.9	1.274e4
901.8	1.098e4
902.7	1.492e4
903.3	1.868e3
903.9	1.147e4
904.8	6.710e3
905.7	1.223e4
906.5	4.523e3
907.2	6.724e4
908.2	2.370e4
909.1	1.076e4
910.0	1.593e4
910.6	2.217e3
911.2	1.169e4
911.7	9.420e2
912.3	2.302e4
912.9	2.985e3
913.5	1.189e4
914.2	3.227e3
914.9	8.543e3
915.8	1.108e4
916.5	4.977e3
917.2	2.598e4
918.1	1.131e4
918.7	1.412e3
919.2	1.210e4
919.8	1.840e2
920.3	1.467e4
920.9	2.179e3
921.5	1.102e4
922.3	6.552e3
923.2	1.382e4
924.0	7.952e3
924.8	1.031e4
925.4	1.275e3
926.0	8.777e3
926.8	2.398e4
927.8	1.577e4
928.4	3.808e3
929.1	1.077e4
929.8	3.084e3
930.4	9.292e3
931.2	3.573e3
931.9	1.594e4
932.4	2.890e2
932.9	9.814e3
933.8	7.609e3
934.7	1.327e4
935.4	2.730e3
936.0	1.158e4
936.9	1.368e4
937.5	1.870e3
938.1	1.059e4
939.1	1.048e4
939.7	1.988e3
940.3	1.151e4
941.3	2.189e4
941.9	1.901e3
942.5	1.253e4
943.1	1.526e3
943.6	9.911e3
944.6	1.173e4
945.4	6.270e3
946.3	4.831e4
947.1	1.872e4
947.7	2.008e3
948.3	1.318e4
949.3	1.339e4
950.2	8.419e3
951.2	1.645e4
952.1	1.120e4
952.9	3.107e3
953.6	9.428e3
954.1	7.170e2
954.6	1.334e4
955.4	6.477e3
956.2	1.658e4
957.1	1.194e4
958.2	9.209e3
958.9	3.198e3
959.6	8.258e3
960.2	1.981e3
960.8	2.309e4
961.8	1.353e4
962.5	2.917e3
963.1	1.597e4
964.1	7.752e3
965.0	9.514e3
965.9	1.513e4
966.6	4.627e3
967.3	1.175e4
968.3	8.142e3
969.2	1.387e4
970.0	8.222e3
970.8	1.265e4
971.8	1.155e4
972.4	1.232e3
972.9	9.267e3
973.5	1.740e3
974.2	1.004e4
975.2	5.298e4
975.7	1.879e3
976.3	2.285e4
977.2	1.524e4
978.2	1.492e4
978.7	1.230e2
979.2	8.782e3
979.7	3.790e2
980.2	1.973e4
981.0	7.675e3
981.8	1.444e4
982.4	1.646e3
983.0	1.469e4
983.9	1.182e4
984.6	3.919e3
985.3	2.991e4
986.2	1.188e4
987.0	5.434e3
987.7	1.120e4
988.6	6.774e3
989.5	1.312e4
990.0	1.660e3
990.6	1.146e4
991.3	2.552e3
991.9	1.324e4
992.5	1.003e3
993.1	1.053e4
993.6	3.840e2
994.1	1.159e4
995.0	1.955e4
996.0	1.191e4
996.5	3.180e2
997.0	1.286e4
997.6	7.310e2
998.1	9.697e3
998.9	4.412e3
999.8	1.800e4
1000.7	1.130e4
1001.3	3.183e3
1002.0	9.060e3
1003.0	1.233e4
1003.5	9.880e2
1004.1	1.372e4
1004.9	6.820e3
1005.7	1.126e4
1006.4	2.720e3
1007.1	1.327e4
1007.7	4.750e2
1008.3	1.183e4
1009.3	2.091e4
1009.8	3.360e2
1010.3	1.522e4
1011.2	9.117e3
1011.9	3.788e3
1012.6	9.024e3
1013.4	6.243e3
1014.2	4.729e4
1014.8	4.490e3
1015.5	2.079e4
1016.4	1.135e4
1017.0	3.719e3
1017.6	1.461e4
1018.4	3.633e3
1019.1	1.406e4
1019.9	4.299e3
1020.7	9.083e3
1021.5	5.703e3
1022.4	1.163e4
1023.3	9.553e3
1024.3	1.742e4
1025.2	1.066e4
1025.9	4.709e3
1026.6	1.089e4
1027.3	2.743e3
1027.9	8.076e3
1028.8	2.107e4
1029.3	6.590e2
1029.9	1.401e4
1030.5	3.369e3
1031.2	1.417e4
1031.8	1.356e3
1032.3	9.469e3
1033.3	1.692e4
1034.3	1.391e4
1035.2	9.271e3
1035.9	3.435e3
1036.7	1.318e4
1037.3	2.978e3
1037.9	1.120e4
1038.5	1.738e3
1039.1	1.146e4
1039.9	5.374e3
1040.7	9.122e3
1041.3	9.130e2
1041.9	1.131e4
1042.5	4.831e3
1043.2	4.784e4
1044.2	1.659e4
1044.7	1.015e3
1045.3	1.452e4
1046.3	1.449e4
1047.3	1.308e4
1047.8	8.180e2
1048.3	2.088e4
1049.2	8.640e3
1050.0	1.299e4
1050.5	8.800e1
1051.0	1.104e4
1051.7	3.736e3
1052.4	9.187e3
1053.3	2.660e4
1054.2	1.172e4
1055.1	6.418e3
1055.9	1.076e4
1056.6	5.274e3
1057.4	1.309e4
1058.3	1.085e4
1059.2	9.171e3
1060.2	1.034e4
1060.9	3.806e3
1061.6	9.822e3
1062.2	2.962e3
1062.8	2.206e4
1063.8	1.551e4
1064.4	6.660e2
1064.9	1.407e4
1065.6	3.673e3
1066.3	1.054e4
1067.0	3.071e3
1067.7	1.602e4
1068.3	1.166e3
1068.8	1.349e4
1069.4	8.800e2
1070.0	1.017e4
1070.9	1.198e4
1071.7	4.067e3
1072.4	1.506e4
1073.0	2.818e3
1073.6	8.683e3
1074.6	1.003e4
1075.1	2.010e2
1075.6	1.031e4
1076.4	4.139e3
1077.1	1.849e4
1078.1	1.297e4
1079.1	1.128e4
1080.0	1.138e4
1080.6	7.260e2
1081.2	9.151e3
1081.7	7.250e2
1082.2	3.697e4
1083.2	1.828e4
1083.8	2.049e3
1084.4	1.472e4
1085.0	1.965e3
1085.6	1.307e4
1086.5	6.223e3
1087.3	1.256e4
1088.1	6.672e3
1088.9	1.154e4
1089.7	3.099e3
1090.4	1.191e4
1091.1	3.318e3
1091.8	1.039e4
1092.6	1.472e4
1093.6	1.006e4
1094.3	2.376e3
1095.0	9.759e3
1095.6	2.195e3
1096.3	1.588e4
1097.2	1.461e4
1098.2	1.268e4
1099.2	1.324e4
1100.2	9.807e3
1101.2	9.929e3
1102.0	1.845e4
1103.0	1.094e4
1103.6	1.376e3
1104.1	9.413e3
1105.0	7.379e3
1105.9	1.052e4
1106.9	9.009e3
1107.5	1.457e3
1108.1	1.004e4
1108.6	6.560e2
1109.2	1.221e4
1109.7	3.420e2
1110.3	9.667e3
1111.2	3.598e4
1112.2	1.779e4
1112.9	2.070e3
1113.5	1.262e4
1114.4	1.015e4
1115.3	7.692e3
1116.2	2.051e4
1117.2	1.173e4
1118.1	8.655e3
1118.9	9.327e3
1119.6	2.016e3
1120.1	9.467e3
1120.7	9.120e2
1121.3	2.123e4
1122.2	9.833e3
1123.1	1.080e4
1123.9	4.925e3
1124.7	1.111e4
1125.5	3.600e3
1126.2	8.897e3
1126.8	5.640e2
1127.3	1.178e4
1128.2	1.039e4
1128.8	2.018e3
1129.5	9.038e3
1130.0	1.800e3
1130.6	1.449e4
1131.5	1.409e4
1132.4	8.641e3
1133.2	6.631e3
1134.2	9.089e3
1135.1	7.630e3
1135.9	1.552e4
1136.5	2.510e3
1137.1	1.222e4
1137.8	1.977e3
1138.4	1.353e4
1138.9	4.250e2
1139.4	1.115e4
1140.4	1.275e4
1141.1	3.606e3
1141.8	1.273e4
1142.5	2.916e3
1143.2	8.476e3
1144.1	1.033e4
1144.6	1.695e3
1145.2	1.151e4
1145.8	6.870e2
1146.4	1.319e4
1147.4	8.064e3
1148.2	5.414e3
1149.0	9.268e3
1149.6	1.092e3
1150.2	3.053e4
1151.2	1.633e4
1151.7	1.352e3
1152.3	1.185e4
1153.1	6.623e3
1153.9	1.076e4
1154.9	1.017e4
1155.4	3.150e2
1155.9	1.039e4
1156.8	6.035e3
1157.7	1.035e4
1158.4	4.237e3
1159.2	1.071e4
1159.7	2.400e2
1160.2	1.349e4
1161.2	1.133e4
1161.8	1.677e3
1162.4	8.235e3
1162.9	5.180e2
1163.5	9.201e3
1164.2	3.169e3
1164.8	1.794e4
1165.4	1.619e3
1166.0	1.103e4
1166.6	1.598e3
1167.2	1.335e4
1167.7	1.370e2
1168.2	8.704e3
1169.0	5.503e3
1169.7	1.592e4
1170.7	1.061e4
1171.7	7.724e3
1172.6	4.710e3
1173.4	9.427e3
1174.1	2.638e3
1174.7	1.019e4
1175.4	1.821e3
1176.0	9.395e3
1177.0	7.916e3
1178.0	1.222e4
1178.6	1.978e3
1179.2	2.792e4
1179.8	1.350e3
1180.3	1.628e4
1181.2	6.836e3
1182.1	1.260e4
1183.1	1.087e4
1183.9	5.787e3
1184.6	1.413e4
1185.3	1.772e3
1185.9	1.002e4
1186.6	3.290e3
1187.4	1.038e4
1188.3	7.010e3
1189.3	1.718e4
1190.2	1.017e4
1191.1	8.850e3
1191.6	3.560e2
1192.2	1.042e4
1192.8	2.105e3
1193.4	1.116e4
1194.1	2.116e3
1194.7	1.249e4
1195.6	1.070e4
1196.5	6.763e3
1197.4	8.300e3
1198.2	3.782e3
1198.9	1.408e4
1199.6	3.490e3
1200.3	1.465e4
1201.3	6.267e3
1202.1	4.936e3
1202.8	9.158e3
1203.8	1.243e4
1204.3	1.562e3
1205.0	9.700e3
1205.9	8.620e3
1206.6	1.763e3
1207.2	9.526e3
1207.7	3.470e2
1208.3	1.227e4
1209.3	9.718e3
1210.2	6.824e3
1211.1	1.098e4
1211.7	1.567e3
1212.3	8.309e3
1213.3	1.586e4
1214.1	8.844e3
1214.6	4.880e2
1215.1	9.391e3
1215.7	1.601e3
1216.2	9.956e3
1217.3	5.574e3
1218.3	2.530e4
1218.8	1.074e3
1219.3	1.282e4
1219.9	1.332e3
1220.5	1.042e4
1221.0	2.280e2
1221.5	1.305e4
1222.4	7.634e3
1222.9	5.400e1
1223.4	9.571e3
1224.2	3.077e3
1224.9	8.448e3
1225.5	2.780e2
1226.0	1.100e4
1227.0	1.030e4
1227.6	1.859e3
1228.2	1.124e4
1229.1	5.887e3
1229.9	8.326e3
1230.5	1.017e3
1231.0	5.625e3
1231.9	8.810e3
1232.4	1.397e3
1233.0	1.556e4
1233.6	2.223e3
1234.2	1.185e4
1234.7	1.186e3
1235.3	1.002e4
1236.1	4.300e3
1236.8	8.291e3
1237.7	1.220e4
1238.5	4.691e3
1239.2	1.114e4
1239.9	3.036e3
1240.6	1.036e4
1241.5	6.033e3
1242.4	1.165e4
1243.4	7.856e3
1244.3	8.694e3
1245.3	6.131e3
1246.1	7.304e3
1247.1	2.275e4
1247.6	4.080e2
1248.1	1.581e4
1249.0	8.610e3
1249.9	1.102e4
1250.6	5.866e3
1251.5	1.018e4
1252.3	7.838e3
1253.1	9.996e3
1254.1	1.196e4
1254.7	2.736e3
1255.3	1.215e4
1256.2	6.766e3
1257.1	1.276e4
1257.9	1.464e4
1258.6	3.290e3
1259.3	8.507e3
1259.9	1.467e3
1260.5	1.106e4
1261.2	2.946e3
1261.9	1.029e4
1262.9	1.135e4
1263.4	1.165e3
1264.0	8.493e3
1264.9	6.692e3
1265.9	7.845e3
1266.9	1.324e4
1267.6	4.815e3
1268.3	9.898e3
1269.0	4.452e3
1269.6	7.540e3
1270.5	9.118e3
1271.1	6.740e2
1271.6	9.027e3
1272.5	1.096e4
1273.3	3.098e3
1274.1	1.012e4
1275.0	7.978e3
1275.9	1.049e4
1276.6	5.266e3
1277.4	1.048e4
1277.9	3.870e2
1278.5	1.016e4
1279.5	7.940e3
1280.4	1.018e4
1281.0	2.690e2
1281.5	1.143e4
1282.1	3.297e3
1282.8	1.082e4
1283.8	9.892e3
1284.5	3.653e3
1285.3	1.031e4
1286.2	2.172e4
1287.2	1.233e4
1288.0	4.840e3
1288.7	9.518e3
1289.3	1.322e3
1289.8	1.127e4
1290.4	9.060e2
1290.9	1.024e4
1291.9	1.093e4
1292.7	4.928e3
1293.5	7.718e3
1294.3	4.192e3
1295.0	1.053e4
1295.7	2.784e3
1296.4	1.158e4
1296.9	9.950e2
1297.5	1.070e4
1298.4	7.571e3
1299.4	8.863e3
1300.1	2.941e3
1300.9	1.258e4
1301.4	1.426e3
1302.0	1.117e4
1302.6	1.625e3
1303.2	1.049e4
1304.1	7.426e3
1305.0	1.078e4
1306.0	9.032e3
1307.0	1.033e4
1308.0	6.979e3
1308.5	1.330e2
1309.0	8.677e3
1309.5	2.660e2
1310.0	8.553e3
1310.6	9.440e2
1311.2	1.004e4
1312.0	9.218e3
1312.6	9.020e2
1313.1	1.255e4
1314.1	8.576e3
1314.6	3.650e2
1315.2	2.004e4
1316.1	1.353e4
1317.0	6.603e3
1317.9	1.146e4
1318.7	5.471e3
1319.5	8.579e3
1320.0	3.570e2
1320.5	1.354e4
1321.3	5.581e3
1322.1	1.015e4
1322.8	3.582e3
1323.5	7.779e3
1324.4	4.630e3
1325.1	1.393e4
1326.1	1.120e4
1326.6	2.350e2
1327.2	8.057e3
1328.2	1.186e4
1329.1	9.982e3
1329.9	5.839e3
1330.7	1.051e4
1331.3	1.829e3
1331.9	9.354e3
1332.9	7.993e3
1333.9	9.014e3
1334.9	1.180e4
1335.9	9.900e3
1336.4	1.097e3
1337.0	7.824e3
1337.5	3.760e2
1338.1	8.511e3
1338.9	4.281e3
1339.7	8.817e3
1340.3	2.850e2
1340.8	1.078e4
1341.7	9.166e3
1342.6	4.592e3
1343.4	9.798e3
1344.0	2.300e3
1344.6	1.078e4
1345.5	7.139e3
1346.1	3.270e2
1346.6	7.329e3
1347.3	2.339e3
1348.0	1.103e4
1348.5	2.030e2
1349.0	1.107e4
1349.9	7.166e3
1350.8	1.063e4
1351.8	6.458e3
1352.6	8.213e3
1353.3	2.547e3
1354.0	1.279e4
1354.8	1.498e4
1355.3	1.880e2
1355.8	1.015e4
1356.5	3.306e3
1357.2	9.597e3
1357.7	1.640e2
1358.2	9.158e3
1358.8	1.816e3
1359.4	1.178e4
1360.3	6.244e3
1361.3	8.940e3
1362.1	3.331e3
1362.9	1.113e4
1363.6	1.931e3
1364.2	1.071e4
1364.9	2.086e3
1365.5	1.059e4
1366.2	4.707e3
1367.0	1.272e4
1367.9	1.124e4
1368.9	1.525e4
1369.5	1.610e2
1370.0	1.269e4
1370.6	3.081e3
1371.3	1.317e4
1372.2	7.498e3
1372.7	4.890e2
1373.3	1.196e4
1374.2	1.063e4
1374.8	2.874e3
1375.5	9.085e3
1376.3	4.432e3
1377.1	1.021e4
1377.9	3.812e3
1378.6	8.210e3
1379.6	9.520e3
1380.5	4.588e3
1381.3	9.485e3
1382.3	5.929e3
1383.1	1.583e4
1383.7	1.078e3
1384.2	1.316e4
1385.1	8.360e3
1386.0	1.086e4
1386.9	7.442e3
1387.8	1.194e4
1388.7	1.090e4
1389.4	2.446e3
1390.1	9.949e3
1391.0	9.999e3
1391.6	1.500e2
1392.1	8.309e3
1392.6	6.060e2
1393.2	1.609e4
1393.7	2.180e2
1394.2	1.028e4
1395.0	3.633e3
1395.7	5.337e3
1396.5	1.080e4
1397.1	3.850e2
1397.6	9.800e3
1398.2	1.009e3
1398.8	8.542e3
1399.5	2.158e3
1400.1	8.342e3
1401.0	4.478e3
1401.8	9.250e3
1402.8	1.358e4
1403.4	1.750e3
1404.0	9.526e3
1404.5	7.930e2
1405.1	8.722e3
1405.6	1.010e2
1406.1	9.031e3
1406.8	2.136e3
1407.4	1.155e4
1407.9	4.440e2
1408.5	1.073e4
1409.2	5.556e3
1410.0	9.812e3
1410.8	4.519e3
1411.5	6.894e3
1412.4	8.913e3
1413.3	1.110e4
1414.4	7.612e3
1415.0	1.719e3
1415.5	9.891e3
1416.2	2.386e3
1416.8	7.309e3
1417.8	9.164e3
1418.3	2.400e2
1418.8	8.031e3
1419.6	5.053e3
1420.5	9.522e3
1421.4	6.455e3
1422.3	1.676e4
1422.9	2.768e3
1423.5	1.203e4
1424.1	2.095e3
1424.8	7.942e3
1425.5	2.186e3
1426.1	9.799e3
1426.9	5.689e3
1427.7	8.296e3
1428.5	3.991e3
1429.3	8.266e3
1430.2	4.869e3
1431.0	1.010e4
1431.7	2.694e3
1432.3	9.872e3
1432.9	2.339e3
1433.6	9.044e3
1434.4	2.896e3
1435.1	7.025e3
1436.0	5.934e3
1436.8	1.120e4
1437.6	4.359e3
1438.3	9.540e3
1439.1	4.558e3
1439.9	9.627e3
1440.9	8.165e3
1441.8	1.134e4
1442.4	1.049e3
1443.0	9.476e3
1443.9	7.847e3
1444.5	1.209e3
1445.1	9.748e3
1446.0	6.095e3
1446.8	9.191e3
1447.3	3.520e2
1447.8	9.469e3
1448.7	7.353e3
1449.7	7.970e3
1450.5	5.147e3
1451.4	1.621e4
1452.1	3.863e3
1452.8	8.599e3
1453.4	9.600e1
1453.9	9.553e3
1454.5	2.749e3
1455.2	8.774e3
1455.8	1.349e3
1456.4	1.002e4
1457.0	1.691e3
1457.6	9.345e3
1458.2	2.658e3
1458.9	1.007e4
1459.8	6.346e3
1460.4	2.366e3
1461.0	1.223e4
1462.0	1.170e4
1462.6	2.480e3
1463.2	8.491e3
1464.2	7.723e3
1465.1	7.351e3
1465.7	3.210e2
1466.2	6.720e3
1467.1	1.016e4
1468.0	6.697e3
1468.5	1.050e2
1469.0	8.389e3
1469.5	5.320e2
1470.1	8.898e3
1471.1	1.104e4
1472.0	8.221e3
1472.8	9.445e3
1473.5	2.393e3
1474.2	9.382e3
1474.8	1.224e3
1475.4	8.809e3
1476.2	4.585e3
1476.9	1.028e4
1477.9	1.012e4
1478.4	1.150e2
1478.9	9.022e3
1480.0	7.573e3
1480.6	3.202e3
1481.3	8.147e3
1482.1	3.796e3
1482.9	9.140e3
1483.9	5.039e3
1484.7	7.476e3
1485.5	4.478e3
1486.2	8.757e3
1486.8	1.332e3
1487.4	8.435e3
1487.9	6.450e2
1488.5	7.558e3
1489.3	3.449e3
1490.1	1.628e4
1491.1	7.907e3
1492.1	8.566e3
1492.7	2.452e3
1493.4	1.098e4
1494.3	5.463e3
1495.1	8.469e3
1495.7	1.485e3
1496.3	7.553e3
1497.0	2.523e3
1497.8	7.667e3
1498.4	8.090e2
1499.0	7.684e3
1499.5	3.430e2
1500.1	1.012e4
1500.6	6.350e2
1501.2	8.637e3
1502.1	7.815e3
1502.6	1.160e2
1503.1	7.353e3
1503.7	3.780e2
1504.2	8.904e3
1505.2	8.638e3
1506.2	9.851e3
1506.9	3.014e3
1507.5	8.844e3
1508.1	7.700e2
1508.7	6.998e3
1509.6	1.012e4
1510.4	4.358e3
1511.3	9.269e3
1512.0	3.321e3
1512.7	9.191e3
1513.3	1.563e3
1513.9	7.051e3
1514.9	7.132e3
1515.5	5.000e2
1516.0	8.519e3
1516.6	1.063e3
1517.2	6.583e3
1518.1	7.546e3
1518.6	8.100e2
1519.2	1.364e4
1520.2	9.332e3
1521.2	6.251e3
1522.1	8.879e3
1522.8	2.692e3
1523.5	6.741e3
1524.4	8.961e3
1525.4	6.739e3
1526.3	9.222e3
1527.2	6.411e3
1528.1	7.606e3
1528.6	6.390e2
1529.2	1.150e4
1529.7	1.923e3
1530.3	8.584e3
1531.3	7.391e3
1532.3	9.211e3
1533.2	6.644e3
1534.1	6.928e3
1535.1	7.627e3
1535.6	1.533e3
1536.3	7.912e3
1537.0	2.713e3
1537.7	7.111e3
1538.6	5.931e3
1539.4	8.024e3
1540.0	3.270e2
1540.5	8.569e3
1541.2	1.267e3
1541.8	7.114e3
1542.5	2.234e3
1543.2	7.732e3
1544.0	4.230e3
1544.9	1.033e4
1545.4	2.350e2
1546.0	8.922e3
1546.6	1.171e3
1547.2	8.893e3
1548.2	8.352e3
1549.1	6.818e3
1549.7	7.400e1
1550.2	8.375e3
1551.0	3.632e3
1551.7	7.970e3
1552.4	3.189e3
1553.2	7.887e3
1554.0	3.658e3
1554.7	7.811e3
1555.4	2.239e3
1556.0	7.692e3
1556.9	5.059e3
1557.8	9.658e3
1558.8	1.205e4
1559.4	1.966e3
1560.0	8.937e3
1561.0	6.153e3
1561.9	8.288e3
1562.5	2.520e3
1563.2	7.439e3
1563.7	1.250e2
1564.2	6.689e3
1565.1	8.675e3
1566.1	6.067e3
1567.0	7.292e3
1567.7	3.681e3
1568.4	8.683e3
1568.9	3.860e2
1569.5	7.967e3
1570.1	1.748e3
1570.8	1.027e4
1571.7	6.062e3
1572.4	3.958e3
1573.2	9.336e3
1574.2	8.951e3
1574.9	4.520e3
1575.7	7.061e3
1576.7	7.776e3
1577.6	8.664e3
1578.2	6.490e2
1578.8	9.014e3
1579.3	4.380e2
1579.8	7.356e3
1580.4	2.040e2
1580.9	6.930e3
1581.9	8.707e3
1582.5	8.130e2
1583.1	8.664e3
1583.6	3.130e2
1584.1	5.804e3
1585.1	7.820e3
1585.8	2.142e3
1586.4	6.792e3
1587.4	1.210e4
1588.2	5.037e3
1589.0	8.358e3
1590.0	7.750e3
1591.0	6.656e3
1592.0	8.167e3
1593.0	1.028e4
1593.7	4.526e3
1594.5	7.486e3
1595.0	2.830e2
1595.6	8.528e3
1596.5	5.274e3
1597.4	9.278e3
1598.3	7.690e3
1599.0	1.546e3
1599.6	8.173e3
1600.4	5.398e3
1601.0	5.580e2
1601.5	6.950e3
1602.4	1.042e4
1603.2	3.274e3
1603.9	6.208e3
1604.6	2.305e3
1605.2	7.949e3
1606.1	5.391e3
1606.8	8.839e3
1607.3	1.310e2
1607.9	8.013e3
1608.6	3.715e3
1609.4	9.651e3
1610.3	6.100e3
1611.3	6.413e3
1612.3	8.572e3
1612.8	4.320e2
1613.4	7.521e3
1614.4	8.222e3
1614.9	2.020e2
1615.4	7.868e3
1616.0	8.970e2
1616.5	1.044e4
1617.2	9.260e2
1617.7	7.196e3
1618.7	7.682e3
1619.6	4.304e3
1620.4	8.840e3
1621.3	7.384e3
1622.0	1.549e3
1622.6	9.323e3
1623.2	1.139e3
1623.9	6.556e3
1624.4	4.680e2
1624.9	6.585e3
1626.0	1.075e4
1626.9	9.688e3
1627.9	7.800e3
1628.4	3.490e2
1628.9	7.576e3
1629.5	5.000e0
1630.0	8.369e3
1630.5	8.300e1
1631.0	8.305e3
1631.8	5.149e3
1632.7	7.326e3
1633.6	6.158e3
1634.4	3.188e3
1635.2	7.899e3
1635.9	3.670e3
1636.6	7.258e3
1637.2	2.589e3
1637.9	9.702e3
1638.6	2.344e3
1639.3	8.908e3
1639.9	7.100e2
1640.5	9.064e3
1641.0	2.570e2
1641.5	7.934e3
1642.5	9.465e3
1643.4	6.078e3
1644.2	3.888e3
1645.0	8.198e3
1646.0	1.115e4
1646.7	2.090e3
1647.4	6.913e3
1647.9	4.500e2
1648.5	7.319e3
1649.0	3.650e2
1649.5	7.385e3
1650.1	1.109e3
1650.7	7.318e3
1651.2	5.000e0
1651.7	6.836e3
1652.6	8.112e3
1653.2	1.440e2
1653.7	5.806e3
1654.2	7.770e2
1654.8	8.048e3
1655.8	8.808e3
1656.7	4.710e3
1657.6	8.433e3
1658.1	6.910e2
1658.7	7.292e3
1659.7	7.519e3
1660.2	1.440e2
1660.7	7.194e3
1661.7	7.479e3
1662.6	6.046e3
1663.2	1.528e3
1663.9	5.638e3
1664.5	1.970e2
1665.0	9.971e3
1665.8	4.132e3
1666.6	7.336e3
1667.2	1.487e3
1667.8	7.423e3
1668.5	2.683e3
1669.1	9.885e3
1670.1	6.388e3
1670.8	3.027e3
1671.6	8.794e3
1672.2	1.512e3
1672.8	7.742e3
1673.7	7.234e3
1674.3	2.600e2
1674.8	9.003e3
1675.8	8.672e3
1676.3	2.110e2
1676.9	8.673e3
1677.8	6.972e3
1678.6	3.070e3
1679.4	8.386e3
1680.3	6.987e3
1681.3	8.086e3
1682.0	2.429e3
1682.7	8.456e3
1683.7	6.194e3
1684.5	6.199e3
1685.4	7.451e3
1686.1	2.185e3
1686.8	6.616e3
1687.8	7.566e3
1688.3	6.500e1
1688.8	7.729e3
1689.8	7.782e3
1690.7	7.990e3
1691.4	2.099e3
1692.1	7.931e3
1692.7	6.020e2
1693.2	8.787e3
1694.0	4.415e3
1694.8	9.713e3
1695.7	6.475e3
1696.2	7.970e2
1696.8	9.155e3
1697.8	8.200e3
1698.6	4.372e3
1699.4	8.597e3
1700.3	6.409e3
1700.9	1.198e3
1701.5	8.567e3
1702.2	1.304e3
1702.8	6.171e3
1703.4	4.090e2
1703.9	7.822e3
1704.5	1.163e3
1705.1	8.193e3
1706.1	7.211e3
1706.6	2.710e2
1707.2	7.052e3
1708.2	6.924e3
1708.7	4.410e2
1709.2	7.644e3
1710.1	4.635e3
1710.9	9.249e3
1711.8	4.941e3
1712.6	6.720e3
1713.5	8.776e3
1714.5	6.876e3
1715.5	7.921e3
1716.1	1.233e3
1716.7	8.337e3
1717.7	7.096e3
1718.4	2.613e3
1719.1	5.700e3
1720.1	1.070e4
1721.0	5.118e3
1721.7	1.691e3
1722.3	6.220e3
1723.2	9.388e3
1724.1	6.902e3
1725.0	5.892e3
1725.9	9.829e3
1726.5	8.510e2
1727.0	7.680e3
1728.0	7.881e3
1728.6	9.480e2
1729.1	9.545e3
1729.8	1.227e3
1730.4	6.992e3
1731.2	4.842e3
1732.0	6.063e3
1733.0	9.100e3
1733.6	1.862e3
1734.3	7.555e3
1734.8	1.670e2
1735.3	5.302e3
1735.9	1.016e3
1736.5	7.519e3
1737.1	8.260e2
1737.6	6.498e3
1738.5	4.742e3
1739.3	6.249e3
1740.1	3.044e3
1740.9	5.794e3
1741.5	2.073e3
1742.2	8.699e3
1743.0	5.634e3
1743.8	7.603e3
1744.7	5.736e3
1745.6	7.805e3
1746.6	6.358e3
1747.1	2.090e2
1747.7	9.609e3
1748.3	4.660e2
1748.8	6.674e3
1749.4	1.500e3
1750.0	8.001e3
1750.6	1.320e3
1751.3	6.985e3
1752.3	7.475e3
1753.2	6.841e3
1753.7	3.750e2
1754.4	7.021e3
1755.0	7.420e2
1755.6	6.060e3
1756.2	7.680e2
1756.7	7.930e3
1757.2	4.910e2
1757.8	6.017e3
1758.8	8.000e3
1759.3	6.070e2
1759.9	7.852e3
1760.4	3.650e2
1761.0	7.160e3
1761.6	6.810e2
1762.1	9.224e3
1763.0	5.681e3
1763.9	8.299e3
1764.5	1.472e3
1765.1	9.188e3
1765.7	1.009e3
1766.3	8.178e3
1767.3	6.479e3
1767.9	7.530e2
1768.5	7.430e3
1769.2	3.889e3
1770.0	6.554e3
1770.9	8.713e3
1771.5	4.100e1
1772.0	8.341e3
1773.0	7.582e3
1773.6	1.613e3
1774.2	7.666e3
1775.1	3.117e3
1775.9	7.047e3
1776.4	2.840e2
1776.9	6.229e3
1777.9	7.191e3
1778.8	3.965e3
1779.8	6.391e3
1780.7	5.715e3
1781.7	7.516e3
1782.5	4.297e3
1783.4	8.272e3
1783.9	5.710e2
1784.5	7.640e3
1785.4	6.877e3
1786.2	3.018e3
1787.0	8.587e3
1787.6	1.286e3
1788.1	4.987e3
1789.1	7.355e3
1789.7	4.890e2
1790.2	6.691e3
1791.2	7.142e3
1792.2	5.866e3
1792.7	6.480e2
1793.3	6.948e3
1793.8	8.180e2
1794.4	7.694e3
1795.4	5.308e3
1795.9	5.510e2
1796.5	7.299e3
1797.2	2.482e3
1797.9	6.993e3
1798.6	2.418e3
1799.3	7.668e3
1800.2	6.226e3
1801.2	7.755e3
1801.9	1.813e3
1802.6	7.073e3
1803.2	1.264e3
1803.8	6.259e3
1804.4	9.310e2
1805.0	6.037e3
1806.0	8.495e3
1806.7	2.973e3
1807.3	5.696e3
1808.2	3.675e3
1809.1	5.767e3
1809.7	3.040e2
1810.2	7.317e3
1811.1	5.202e3
1811.9	7.329e3
1812.5	4.990e2
1813.1	6.084e3
1813.7	7.000e1
1814.2	6.279e3
1814.9	1.929e3
1815.6	6.737e3
1816.4	3.858e3
1817.3	6.537e3
1818.2	4.582e3
1819.1	7.943e3
1819.8	3.084e3
1820.5	7.901e3
1821.4	3.996e3
1822.3	6.587e3
1823.1	3.443e3
1823.9	5.613e3
1824.8	7.078e3
1825.7	5.740e3
1826.6	7.288e3
1827.2	3.580e2
1827.7	5.534e3
1828.3	9.070e2
1828.9	6.865e3
1829.9	5.267e3
1830.4	1.910e2
1830.9	8.507e3
1831.5	1.157e3
1832.1	8.392e3
1832.9	3.036e3
1833.7	7.555e3
1834.2	5.270e2
1834.8	4.928e3
1835.7	5.498e3
1836.7	8.108e3
1837.2	7.940e2
1837.8	6.747e3
1838.8	6.818e3
1839.5	1.935e3
1840.2	5.337e3
1841.1	6.720e3
1842.0	5.404e3
1842.6	5.370e2
1843.1	5.597e3
1844.1	5.068e3
1845.1	6.484e3
1845.6	5.610e2
1846.1	6.656e3
1846.9	1.955e3
1847.6	6.513e3
1848.4	1.925e3
1849.1	5.922e3
1850.1	5.991e3
1851.0	6.494e3
1851.7	1.650e3
1852.4	7.031e3
1853.0	1.282e3
1853.7	5.551e3
1854.2	8.200e1
1854.7	6.321e3
1855.6	3.747e3
1856.5	6.779e3
1857.2	2.597e3
1858.0	5.891e3
1858.5	2.520e2
1859.1	7.659e3
1859.6	3.510e2
1860.2	7.516e3
1861.2	5.545e3
1862.2	6.986e3
1863.2	6.281e3
1864.2	8.039e3
1865.1	6.398e3
1865.8	1.741e3
1866.5	6.530e3
1867.0	1.129e3
1867.6	7.882e3
1868.3	1.295e3
1868.9	7.581e3
1869.6	2.619e3
1870.4	6.852e3
1871.4	5.715e3
1872.1	1.407e3
1872.7	6.371e3
1873.3	5.440e2
1873.9	5.906e3
1874.9	6.831e3
1875.9	6.287e3
1876.9	5.258e3
1877.6	1.936e3
1878.3	7.980e3
1879.1	4.510e3
1880.0	5.615e3
1880.9	6.455e3
1881.5	1.650e2
1882.0	4.766e3
1882.9	5.721e3
1883.9	6.835e3
1884.5	2.490e2
1885.1	6.738e3
1885.6	8.210e2
1886.2	7.793e3
1887.2	5.565e3
1887.7	2.900e2
1888.3	5.904e3
1889.2	5.685e3
1890.0	3.210e3
1890.8	5.246e3
1891.4	2.890e2
1892.0	6.257e3
1892.7	3.604e3
1893.6	5.476e3
1894.5	6.881e3
1895.4	3.607e3
1896.3	6.372e3
1897.0	1.454e3
1897.7	6.857e3
1898.6	4.773e3
1899.4	8.564e3
1900.4	6.083e3
1901.4	5.601e3
1902.4	5.955e3
1902.9	7.630e2
1903.5	6.385e3
1904.0	1.110e2
1904.6	5.865e3
1905.1	3.380e2
1905.7	5.877e3
1906.7	5.064e3
1907.4	2.898e3
1908.2	6.494e3
1909.3	5.071e3
1910.2	7.001e3
1911.1	3.469e3
1912.0	6.034e3
1912.9	4.716e3
1913.8	5.159e3
1914.7	7.587e3
1915.2	3.230e2
1915.8	5.013e3
1916.3	2.040e2
1916.8	4.650e3
1917.8	6.090e3
1918.3	6.200e1
1918.9	5.908e3
1919.8	5.997e3
1920.6	2.233e3
1921.3	5.885e3
1922.1	2.925e3
1922.8	7.396e3
1923.8	4.215e3
1924.3	1.060e2
1924.8	5.313e3
1925.7	2.864e3
1926.5	6.113e3
1927.1	9.520e2
1927.7	7.442e3
1928.6	5.775e3
1929.6	6.103e3
1930.1	3.690e2
1930.7	5.784e3
1931.2	1.680e2
1931.7	7.882e3
1932.3	5.460e2
1932.9	6.208e3
1933.6	1.954e3
1934.3	6.814e3
1934.9	6.000e0
1935.4	5.327e3
1936.2	3.223e3
1937.0	5.084e3
1938.0	6.666e3
1939.0	4.404e3
1939.9	6.638e3
1940.8	6.465e3
1941.6	4.432e3
1942.4	6.176e3
1943.0	3.720e2
1943.5	5.920e3
1944.5	6.029e3
1945.5	6.734e3
1946.1	1.401e3
1946.8	6.059e3
1947.7	3.729e3
1948.6	6.494e3
1949.4	2.256e3
1950.1	6.622e3
1951.1	7.314e3
1951.9	3.097e3
1952.6	6.145e3
1953.4	4.008e3
1954.3	4.960e3
1955.2	7.606e3
1956.1	2.976e3
1956.9	7.304e3
1957.9	5.685e3
1958.5	8.300e2
1959.1	5.608e3
1959.7	1.146e3
1960.4	6.804e3
1961.2	3.314e3
1961.9	6.786e3
1962.9	5.492e3
1963.8	5.060e3
1964.3	1.040e2
1964.8	5.227e3
1965.5	1.553e3
1966.1	5.987e3
1967.1	6.947e3
1967.8	2.514e3
1968.5	6.533e3
1969.3	2.474e3
1970.0	6.125e3
1970.7	1.085e3
1971.3	5.376e3
1971.9	5.020e2
1972.5	6.931e3
1973.2	9.420e2
1973.9	6.440e3
1974.5	4.360e2
1975.1	5.595e3
1976.0	5.828e3
1976.9	5.396e3
1977.7	1.967e3
1978.4	5.237e3
1979.1	1.108e3
1979.7	5.561e3
1980.5	3.061e3
1981.3	6.369e3
1982.2	3.073e3
1983.0	7.075e3
1984.1	6.859e3
1984.9	2.493e3
1985.7	6.883e3
1986.3	7.350e2
1986.8	5.034e3
1987.8	5.917e3
1988.3	1.720e2
1988.8	5.363e3
1989.4	9.530e2
1990.1	5.511e3
1990.6	8.600e1
1991.2	6.867e3
1991.8	1.595e3
1992.4	7.135e3
1993.3	3.673e3
1994.1	4.971e3
1995.1	5.597e3
1996.1	6.362e3
1996.8	2.883e3
1997.6	4.330e3
1998.3	2.498e3
1999.1	5.854e3
1999.8	1.623e3
