100.4	4.252e4
101.2	4.075e5
101.7	2.149e3
102.2	3.886e6
103.2	2.151e5
104.2	2.127e5
105.2	2.177e6
105.7	4.760e2
106.2	1.884e5
107.2	1.941e5
107.8	3.801e3
108.3	5.647e5
109.2	4.017e5
110.2	2.826e6
110.7	5.860e2
111.2	5.144e6
111.7	1.026e4
112.2	1.414e6
113.2	3.847e5
114.2	3.067e5
115.2	2.158e5
115.7	2.303e3
116.2	1.558e5
117.2	9.570e4
117.7	1.465e3
118.2	2.106e5
119.2	1.933e5
119.7	4.253e3
120.2	4.285e5
121.2	1.595e5
121.8	1.557e4
122.3	2.822e6
123.2	9.109e5
123.8	2.948e3
124.3	3.788e5
125.2	1.189e5
126.2	3.943e5
126.7	1.883e3
127.2	1.068e5
128.2	8.068e4
129.2	1.252e5
130.2	7.599e5
130.8	6.584e4
131.4	6.824e5
132.3	4.171e5
133.2	2.392e5
133.7	1.494e3
134.2	1.047e5
134.7	1.349e3
135.2	8.037e4
136.3	5.696e5
137.3	1.554e5
138.3	1.230e6
139.3	2.275e5
140.3	1.980e5
141.2	1.409e5
142.2	3.902e5
142.7	9.300e2
143.2	1.185e5
144.2	1.409e5
145.2	1.838e6
145.7	3.310e2
146.2	1.352e5
147.2	9.083e5
147.7	1.236e3
148.3	1.140e5
149.2	1.737e5
149.8	4.327e3
150.3	7.869e5
151.3	1.666e5
152.3	6.956e4
153.3	7.169e4
154.3	6.893e4
155.2	1.774e5
155.7	1.025e3
156.3	8.758e4
157.2	1.672e5
157.7	1.222e3
158.2	3.391e5
159.2	1.304e6
159.7	7.960e2
160.2	1.684e5
160.8	1.382e3
161.3	9.256e4
162.3	7.375e4
162.8	6.870e2
163.3	1.322e5
164.3	8.632e4
164.8	1.122e3
165.3	7.563e4
165.9	1.375e3
166.4	6.824e4
167.4	4.106e5
168.2	1.221e5
169.2	7.398e4
169.8	2.897e3
170.3	1.142e5
171.3	6.061e5
172.3	2.949e5
173.3	2.371e5
173.8	1.074e3
174.4	1.114e5
175.2	6.727e4
175.9	1.986e5
176.4	1.372e4
177.0	2.856e5
177.6	2.965e4
178.3	9.271e4
178.8	1.567e3
179.3	1.233e5
179.8	4.700e2
180.3	6.599e4
181.3	1.000e5
182.3	7.346e4
183.2	5.131e5
183.8	2.766e3
184.4	1.169e5
185.3	6.819e5
186.2	1.599e5
187.2	4.783e5
187.8	3.977e3
188.3	4.207e5
189.2	1.303e5
189.8	1.852e3
190.3	7.585e4
191.3	8.452e4
191.8	4.540e2
192.3	6.396e4
192.8	6.620e2
193.3	7.399e4
193.8	1.597e3
194.3	2.359e5
195.3	1.744e5
195.9	3.633e3
196.4	2.019e6
197.4	5.692e5
198.4	9.024e5
199.4	1.737e5
200.2	4.053e5
200.7	1.825e3
201.3	1.289e5
201.8	2.960e2
202.3	1.089e5
203.3	1.805e5
204.3	6.372e4
204.8	1.814e3
205.3	1.261e5
205.8	6.510e2
206.3	6.696e4
207.3	7.110e4
208.3	6.524e4
209.2	1.063e5
209.8	3.712e3
210.4	9.443e4
211.3	7.088e4
212.3	8.048e4
213.2	6.462e4
213.8	1.051e3
214.3	5.076e6
214.8	8.700e1
215.4	6.856e5
216.3	4.114e5
217.3	3.668e5
217.8	1.579e3
218.4	6.035e5
219.3	2.142e5
220.3	1.266e5
221.3	1.028e5
221.8	1.375e3
222.3	5.971e4
223.3	5.012e4
224.3	1.331e5
225.3	7.061e4
226.3	8.494e4
227.2	1.522e6
227.8	2.972e3
228.3	1.967e5
229.3	1.222e5
229.9	3.226e3
230.4	1.443e5
231.3	1.333e5
232.3	6.715e4
233.3	6.022e4
233.8	2.633e3
234.3	8.861e4
235.3	7.876e4
236.3	5.790e5
237.3	2.434e5
237.8	1.356e3
238.3	8.258e4
239.3	8.210e4
240.3	4.690e4
240.8	2.149e3
241.4	5.367e4
242.3	6.755e4
243.3	1.008e5
244.3	1.173e5
244.8	1.535e3
245.3	8.332e4
245.8	9.920e2
246.4	5.680e4
247.2	2.538e4
248.1	5.149e4
248.7	7.319e3
249.4	4.384e4
250.3	7.159e4
251.3	4.809e4
252.3	8.314e4
253.3	5.885e4
254.3	5.541e4
254.8	2.280e2
255.3	6.569e4
255.8	1.144e3
256.3	4.839e4
256.8	6.110e2
257.3	5.795e4
257.9	4.024e3
258.5	1.486e5
259.4	2.079e5
260.4	6.048e4
261.4	1.251e5
262.4	7.767e4
263.4	4.572e4
264.3	2.826e4
264.8	1.003e3
265.4	3.957e4
266.2	4.140e5
266.8	2.786e3
267.3	6.992e4
268.3	4.004e4
269.4	3.766e4
270.4	2.652e4
271.3	5.525e4
271.9	1.523e3
272.4	5.621e4
272.9	1.626e3
273.4	4.077e4
274.0	4.715e3
274.6	1.372e5
275.5	5.655e4
276.4	3.177e4
277.3	7.876e4
278.3	5.013e4
278.9	1.903e3
279.4	8.065e4
279.9	1.282e3
280.5	7.171e4
281.4	4.313e4
282.4	5.177e4
283.3	6.903e4
284.3	3.426e4
285.3	3.630e4
285.8	3.518e3
286.5	4.208e4
287.4	3.369e4
288.0	1.935e3
288.5	5.014e4
289.4	6.211e4
290.0	3.755e3
290.5	1.111e5
291.4	4.883e4
292.4	3.176e4
293.3	4.429e4
293.9	1.183e3
294.4	4.666e4
295.2	2.266e5
295.8	3.133e3
296.3	3.907e4
296.9	1.231e3
297.4	4.229e4
298.4	2.938e4
299.4	3.249e4
299.9	7.720e2
300.4	3.521e4
301.4	7.257e4
301.9	1.608e3
302.5	4.362e4
303.4	3.070e4
304.3	5.034e4
304.8	1.160e3
305.3	1.335e5
305.9	3.171e3
306.5	3.726e4
307.4	3.645e4
307.9	9.770e2
308.4	3.762e4
308.9	1.584e3
309.5	3.425e4
310.5	3.635e4
311.5	5.559e4
312.4	3.997e4
312.9	1.192e3
313.4	3.675e4
314.4	3.018e4
315.4	3.204e4
315.9	9.700e2
316.4	3.283e4
317.4	3.882e4
317.9	3.057e3
318.5	6.128e4
319.5	4.266e4
320.4	2.522e4
321.3	4.990e4
321.9	1.780e3
322.5	5.196e4
323.4	3.464e4
323.9	1.988e3
324.5	5.242e4
325.0	1.754e3
325.5	4.552e4
326.4	3.764e4
327.3	6.396e4
327.8	5.440e2
328.3	3.812e4
328.9	1.336e3
329.4	3.243e4
330.4	3.063e4
331.4	6.714e4
332.4	4.289e4
333.4	4.582e4
334.3	1.402e5
334.8	2.855e3
335.4	4.369e4
335.9	1.763e3
336.4	3.341e4
337.4	4.654e4
337.9	1.309e3
338.5	4.710e4
339.4	6.296e4
340.4	3.273e4
340.9	3.380e2
341.4	5.268e4
342.4	3.935e4
343.4	4.021e4
344.4	5.590e4
345.4	3.241e4
345.9	4.780e2
346.4	2.872e4
346.9	2.635e3
347.5	5.013e4
348.4	3.335e4
349.4	6.051e4
349.9	4.268e3
350.5	4.417e4
351.4	4.032e4
352.3	3.933e4
353.3	5.951e4
353.8	1.411e3
354.3	1.093e5
354.9	2.824e3
355.4	1.154e5
356.4	4.729e4
357.3	5.376e4
357.9	2.126e3
358.4	3.292e4
359.4	7.314e4
359.9	1.938e3
360.5	3.875e4
361.4	3.392e4
362.4	3.612e4
363.2	4.147e5
364.2	5.048e4
364.8	3.072e3
365.4	4.417e4
366.3	4.122e4
366.8	8.050e2
367.4	4.881e4
367.9	3.416e3
368.5	3.387e4
369.0	1.398e3
369.5	7.746e4
370.5	3.057e4
371.4	4.776e4
372.4	3.372e4
373.2	6.541e4
373.8	2.389e3
374.3	3.190e4
375.3	3.419e4
375.8	6.700e2
376.4	3.331e4
376.9	3.080e3
377.5	4.590e4
378.4	3.215e4
379.3	3.929e4
380.2	5.202e4
380.8	3.450e3
381.4	3.875e4
381.9	9.730e2
382.4	2.823e4
383.0	1.506e3
383.5	5.086e4
384.5	3.169e4
385.5	4.035e4
386.5	2.612e4
387.5	5.342e4
388.0	1.099e3
388.5	3.396e4
389.5	3.720e4
390.4	2.446e4
391.0	3.518e3
391.6	4.739e4
392.5	2.907e4
393.1	7.660e2
393.6	1.346e5
394.1	9.400e2
394.6	7.370e4
395.6	4.142e4
396.4	2.670e4
397.0	3.137e3
397.5	3.254e4
398.0	8.950e2
398.5	3.145e4
399.5	7.332e4
400.5	3.075e4
401.4	2.938e4
402.2	1.840e5
403.2	4.518e4
403.8	1.333e3
404.3	3.278e4
404.9	2.960e3
405.5	3.625e4
406.4	2.582e4
407.3	4.149e4
407.9	7.364e3
408.5	3.057e4
409.5	1.090e5
410.1	5.899e3
410.7	5.209e4
411.6	3.330e4
412.5	3.667e4
413.1	1.963e3
413.6	8.273e4
414.5	3.931e4
415.5	7.686e4
416.1	2.007e3
416.6	5.934e4
417.5	2.836e4
418.4	2.427e4
419.4	3.697e4
420.4	2.386e4
421.2	6.190e4
421.9	1.237e4
422.6	3.171e4
423.6	5.841e4
424.5	2.627e4
425.4	4.862e4
426.1	5.845e3
426.7	2.814e4
427.2	6.130e2
427.7	5.527e4
428.6	2.387e4
429.4	4.192e4
429.9	2.100e2
430.4	2.600e4
431.2	3.528e5
431.8	5.803e3
432.4	7.261e4
433.3	4.187e4
433.9	1.484e3
434.4	2.703e4
435.4	3.145e4
436.2	5.560e4
436.9	1.063e4
437.5	1.346e5
438.0	1.811e3
438.6	8.022e4
439.5	3.277e4
440.4	3.288e4
441.3	6.718e4
441.9	7.858e3
442.5	2.815e4
443.4	8.376e4
444.1	1.044e4
444.8	3.160e4
445.8	6.787e4
446.5	1.652e4
447.3	4.100e4
448.3	4.615e4
448.8	2.785e3
449.4	3.793e4
450.3	5.103e4
451.3	5.273e4
451.9	4.879e3
452.6	4.195e4
453.5	6.158e4
454.4	3.287e4
455.0	1.845e3
455.6	3.744e4
456.2	7.092e3
456.8	3.203e4
457.7	8.695e4
458.6	4.686e4
459.2	5.353e3
459.8	3.384e4
460.7	6.726e4
461.7	3.151e4
462.3	1.044e4
463.0	4.691e4
463.7	1.465e4
464.4	2.553e4
465.4	7.699e4
466.0	6.983e3
466.6	3.584e4
467.2	4.035e3
467.8	5.224e4
468.5	2.027e4
469.4	3.779e4
470.2	1.748e5
471.0	1.678e4
471.7	8.252e4
472.6	5.555e4
473.5	4.114e4
474.1	9.592e3
474.8	4.746e4
475.4	4.647e3
475.9	3.912e4
476.7	1.787e4
477.5	3.889e4
478.3	1.885e4
479.2	3.709e4
480.1	7.862e4
480.9	4.278e4
481.7	2.763e4
482.2	2.803e3
482.8	6.158e4
483.7	3.139e4
484.2	2.129e3
484.8	4.371e4
485.7	4.122e4
486.6	2.396e4
487.4	1.141e5
488.4	3.767e4
489.0	5.363e3
489.6	6.528e4
490.5	3.656e4
491.5	3.817e4
492.1	9.061e3
492.8	3.330e4
493.5	1.681e4
494.2	5.572e4
494.7	1.646e3
495.2	5.447e4
495.9	1.551e4
496.7	5.752e4
497.6	4.754e4
498.5	2.225e4
499.2	2.551e5
500.1	4.280e4
500.9	4.115e4
501.8	1.010e5
502.7	6.281e4
503.6	3.916e4
504.1	2.118e3
504.6	5.671e4
505.5	3.557e4
506.2	8.878e3
506.9	4.285e4
507.7	2.679e4
508.5	1.655e4
509.3	1.394e5
510.0	1.971e4
510.7	4.681e4
511.2	1.438e3
511.7	6.685e4
512.6	3.338e4
513.1	3.838e3
513.7	4.225e4
514.5	1.802e4
515.2	3.370e4
516.0	1.024e5
517.0	6.064e4
517.7	3.113e4
518.6	2.982e4
519.3	6.419e4
520.3	4.309e4
521.0	9.865e3
521.6	4.245e4
522.5	1.902e4
523.3	4.343e4
524.3	7.252e4
525.2	5.251e4
526.0	1.860e4
526.7	8.396e4
527.6	2.760e4
528.4	4.710e4
529.0	6.108e3
529.6	5.177e4
530.6	2.850e4
531.4	1.145e5
532.4	4.206e4
533.1	1.085e4
533.8	6.218e4
534.7	3.284e4
535.7	3.510e4
536.6	3.269e4
537.5	2.436e4
538.2	1.857e5
539.2	7.244e4
540.1	1.803e4
540.9	8.370e4
541.8	4.677e4
542.7	3.470e4
543.6	4.340e4
544.2	4.085e3
544.8	3.433e4
545.8	8.277e4
546.7	7.035e4
547.6	3.617e4
548.6	5.481e4
549.5	3.566e4
550.1	4.624e3
550.7	3.829e4
551.7	2.874e4
552.5	2.187e4
553.3	7.479e4
554.0	1.606e4
554.7	5.629e4
555.7	5.986e4
556.5	2.453e4
557.3	4.170e4
558.3	3.169e4
559.1	1.829e4
559.9	6.652e4
560.8	5.536e4
561.7	2.986e4
562.3	4.706e3
562.8	3.876e4
563.8	3.455e4
564.6	2.096e4
565.5	3.197e4
566.3	2.440e4
567.2	2.201e5
567.8	6.231e3
568.3	7.537e4
569.3	4.420e4
570.0	1.593e4
570.7	6.093e4
571.7	3.020e4
572.2	9.810e2
572.7	2.875e4
573.7	3.643e4
574.2	1.464e3
574.8	3.294e4
575.6	6.994e4
576.5	2.119e4
577.3	7.521e4
578.2	3.411e4
578.9	1.368e4
579.7	3.012e4
580.6	2.003e4
581.5	2.672e4
582.4	4.838e4
583.1	1.821e4
583.9	4.109e4
584.8	6.119e4
585.8	3.029e4
586.7	2.015e4
587.7	3.449e4
588.3	1.029e4
589.0	2.212e4
589.8	6.245e4
590.7	3.956e4
591.5	1.570e4
592.3	2.470e4
593.2	3.267e4
594.0	9.239e3
594.7	2.661e4
595.4	8.248e3
596.1	2.618e4
596.7	5.163e3
597.3	4.632e4
598.1	1.849e4
598.9	3.966e4
599.8	4.614e4
600.6	2.088e4
601.2	2.089e3
601.8	2.679e4
602.7	1.996e4
603.3	1.985e3
603.8	4.907e4
604.8	3.792e4
605.6	1.174e4
606.2	1.203e5
607.2	3.514e4
607.9	8.350e3
608.6	2.142e4
609.5	3.027e4
610.5	2.314e4
611.5	2.616e4
612.5	4.214e4
613.5	2.579e4
614.1	7.818e3
614.8	4.002e4
615.4	1.612e3
615.9	3.108e4
616.8	2.501e4
617.8	3.029e4
618.3	1.154e3
618.8	1.838e4
619.6	4.543e4
620.6	2.147e4
621.2	1.748e3
621.8	2.674e4
622.6	1.411e4
623.4	2.790e4
624.2	1.407e4
625.1	2.607e4
625.9	9.098e3
626.5	2.857e4
627.1	3.353e3
627.7	2.562e4
628.3	3.822e3
628.9	4.436e4
629.9	2.351e4
630.8	1.792e4
631.3	1.119e3
631.8	2.372e4
632.4	6.980e2
632.9	1.998e4
633.8	4.793e4
634.5	1.538e4
635.2	1.489e5
636.1	2.694e4
636.9	3.182e4
637.9	1.924e4
638.4	3.180e2
638.9	1.804e4
639.9	1.837e4
640.7	1.093e4
641.5	3.075e4
642.1	5.835e3
642.7	2.997e4
643.3	2.906e3
643.9	2.708e4
644.5	4.308e3
645.2	4.776e4
646.2	1.995e4
647.1	1.073e4
647.9	4.595e4
648.4	2.471e3
649.0	2.841e4
649.9	1.620e4
650.6	5.738e3
651.3	1.944e4
652.2	2.719e4
652.9	3.760e3
653.5	1.602e4
654.5	1.578e4
655.0	7.370e2
655.5	2.881e4
656.1	1.790e3
656.6	3.756e4
657.6	2.695e4
658.3	4.611e3
658.9	2.913e4
659.8	1.479e4
660.4	3.730e2
660.9	1.656e4
661.9	2.811e4
662.9	1.709e4
663.7	3.667e4
664.7	1.771e4
665.3	3.731e3
666.0	1.943e4
666.5	2.425e3
667.1	2.593e4
667.9	6.944e3
668.6	1.469e4
669.5	2.559e4
670.0	2.980e2
670.6	2.658e4
671.5	2.801e4
672.2	5.380e3
672.8	3.376e4
673.6	8.253e3
674.2	9.463e4
674.9	9.216e3
675.6	2.678e4
676.2	5.607e3
677.0	1.856e4
677.9	3.990e4
678.9	2.557e4
679.8	1.499e4
680.4	6.130e2
681.0	1.769e4
681.7	5.750e3
682.5	9.384e3
683.3	1.539e4
684.3	2.394e4
685.0	7.270e3
685.7	2.718e4
686.3	2.791e3
686.9	3.709e4
687.8	2.433e4
688.8	2.047e4
689.8	1.618e4
690.4	1.332e3
690.9	1.600e4
691.8	3.813e4
692.4	2.513e3
693.0	3.262e4
693.9	1.554e4
694.7	1.086e4
695.5	1.787e4
696.5	1.281e4
697.5	1.618e4
698.1	4.254e3
698.8	1.441e4
699.4	8.670e2
699.9	1.701e4
700.8	2.393e4
701.8	1.653e4
702.5	6.850e3
703.2	1.351e5
704.2	2.748e4
705.1	1.624e4
706.0	3.393e4
706.9	1.702e4
707.8	2.894e4
708.8	2.004e4
709.5	2.786e3
710.1	1.623e4
711.1	1.026e4
711.7	3.291e3
712.3	1.032e4
713.3	3.945e4
714.1	1.161e4
714.9	2.122e4
715.9	1.783e4
716.4	3.820e2
716.9	3.565e4
717.9	2.213e4
718.5	2.949e3
719.2	1.769e4
720.2	2.672e4
721.0	1.075e4
721.9	3.740e4
722.9	3.619e4
723.7	1.505e4
724.6	1.727e5
725.1	9.950e2
725.6	2.337e5
726.1	1.065e3
726.6	2.198e5
727.6	7.518e4
728.6	6.356e4
729.1	7.070e2
729.6	4.003e4
730.3	5.226e3
730.9	3.899e4
731.9	2.800e4
732.5	2.595e3
733.1	1.598e4
734.1	1.604e4
735.0	1.709e4
735.9	3.679e4
736.5	2.651e3
737.1	3.473e4
738.0	1.686e4
738.5	6.890e2
739.0	1.728e4
740.0	1.217e4
740.7	3.867e3
741.4	9.792e3
742.2	9.332e4
743.2	2.326e4
744.1	1.331e4
745.0	3.046e4
745.9	1.728e4
746.7	3.360e4
747.6	3.108e4
748.6	4.286e4
749.2	2.232e3
749.8	5.174e4
750.7	4.027e4
751.3	3.789e3
751.8	4.007e4
752.7	2.331e4
753.7	1.597e4
754.3	4.324e3
754.9	1.516e4
755.9	1.433e4
756.8	2.610e4
757.5	5.679e3
758.1	2.172e4
759.1	3.008e4
760.0	1.350e4
761.0	3.100e4
761.9	2.308e4
762.9	1.688e4
763.8	2.034e4
764.4	1.039e3
764.9	1.462e4
765.9	2.938e4
766.8	1.991e4
767.8	1.463e4
768.6	5.491e3
769.3	1.224e4
769.8	2.870e2
770.3	1.228e4
771.2	1.081e5
772.1	2.646e4
773.0	1.724e4
773.9	2.250e4
774.9	3.441e4
775.4	3.491e3
776.0	3.192e4
777.0	1.865e4
777.6	2.574e3
778.1	1.573e4
779.0	1.030e4
779.9	3.468e4
780.5	4.084e3
781.2	5.066e4
782.0	2.280e4
783.0	4.649e4
784.0	3.344e4
784.9	1.839e4
785.9	1.502e4
786.4	3.640e2
786.9	1.651e4
787.8	2.358e4
788.7	2.902e4
789.7	2.524e4
790.3	3.440e3
790.9	3.269e4
791.8	1.887e4
792.8	1.491e4
793.4	3.002e3
794.0	2.135e4
794.9	1.235e4
795.8	2.641e4
796.5	4.411e3
797.1	2.053e4
798.0	1.177e4
798.8	1.773e4
799.4	3.527e3
800.1	1.814e4
800.7	1.395e3
801.3	1.711e4
802.2	9.647e3
803.0	1.964e4
803.5	2.650e2
804.1	1.630e4
805.1	5.545e4
806.0	2.991e4
806.8	1.413e4
807.3	3.250e2
807.9	1.675e4
808.8	1.353e4
809.5	6.713e3
810.2	8.696e4
811.1	2.516e4
812.1	1.609e4
812.8	6.372e3
813.5	2.115e4
814.3	6.782e3
815.1	1.754e4
816.0	1.077e4
816.5	5.640e2
817.0	1.203e4
817.5	1.860e2
818.1	1.111e4
819.0	2.529e4
819.6	1.462e3
820.1	2.774e4
821.1	1.728e4
822.1	1.154e4
823.0	1.076e4
823.9	1.640e4
824.8	3.372e4
825.7	1.400e4
826.4	5.254e3
827.1	1.662e4
828.0	8.643e3
829.0	1.162e4
829.8	1.894e4
830.6	7.748e3
831.5	1.385e4
832.3	5.698e3
833.1	2.065e4
834.1	1.536e4
835.1	1.728e4
836.1	1.184e4
837.1	1.368e4
837.6	5.170e2
838.1	1.691e4
838.7	1.490e3
839.2	8.841e4
840.1	2.873e4
841.1	1.926e4
842.2	2.356e4
842.7	2.060e2
843.2	1.481e4
843.7	5.400e2
844.2	2.609e4
845.1	1.134e4
846.1	1.406e4
846.8	4.594e3
847.4	1.618e4
848.3	1.289e4
849.2	4.188e4
850.1	1.606e4
850.9	1.133e4
851.8	2.670e4
852.3	6.810e2
852.9	2.388e4
853.4	1.750e2
853.9	2.305e4
854.9	1.844e4
855.6	5.045e3
856.3	1.863e4
856.8	4.840e2
857.3	1.323e4
858.1	5.350e3
858.8	2.896e4
859.7	1.435e4
860.6	9.558e3
861.5	1.161e4
862.2	5.074e3
863.0	1.752e4
863.5	6.830e2
864.0	1.871e4
864.8	5.425e3
865.5	1.176e4
866.2	5.211e3
866.9	1.348e4
867.5	3.071e3
868.1	2.157e4
868.8	4.839e3
869.4	1.553e4
870.2	7.042e3
871.0	1.668e4
871.6	2.897e3
872.2	1.510e4
873.1	3.373e4
874.0	1.871e4
874.9	1.180e4
875.8	1.422e4
876.5	3.814e3
877.2	1.630e4
877.7	8.650e2
878.3	6.098e4
879.0	1.114e4
879.7	1.980e4
880.4	5.572e3
881.2	1.597e4
882.1	1.710e4
882.6	4.040e2
883.1	1.758e4
883.8	4.388e3
884.5	1.483e4
885.5	1.165e4
886.2	2.628e3
886.8	1.549e4
887.6	4.521e3
888.3	1.955e4
889.2	1.051e4
890.1	1.114e4
890.6	2.540e2
891.1	1.360e4
892.0	8.308e3
892.9	2.450e4
893.8	1.713e4
894.5	6.515e3
895.3	1.692e4
896.1	7.341e3
897.0	1.292e4
897.9	2.140e4
898.5	1.336e3
899.1	1.662e4
899.8	5.429e3
900.5	1.144e4
901.4	1.660e4
902.0	2.602e3
902.6	1.589e4
903.5	1.498e4
904.4	7.163e3
905.2	1.005e4
906.2	1.247e4
906.7	9.420e2
907.2	6.801e4
908.2	2.618e4
909.1	1.357e4
910.0	1.309e4
910.9	1.502e4
911.6	3.662e3
912.2	3.217e4
913.2	1.965e4
913.7	4.810e2
914.2	1.337e4
915.1	9.634e3
915.9	1.407e4
916.6	2.900e3
917.3	2.804e4
918.2	1.498e4
919.1	8.754e3
919.9	1.229e4
920.8	1.942e4
921.4	2.691e3
922.0	1.361e4
922.5	1.127e3
923.1	1.248e4
924.0	1.653e4
924.9	1.205e4
925.5	4.500e2
926.0	1.318e4
926.9	2.880e4
927.7	1.196e4
928.5	1.451e4
929.3	3.823e3
929.9	1.005e4
930.5	1.079e3
931.0	1.210e4
932.0	1.526e4
933.0	1.168e4
934.0	1.058e4
934.9	1.652e4
935.5	2.308e3
936.1	1.717e4
937.1	1.768e4
937.6	1.087e3
938.2	1.305e4
939.1	1.051e4
939.9	1.430e4
940.7	6.329e3
941.4	2.632e4
942.2	1.075e4
943.0	1.821e4
943.7	2.069e3
944.2	1.086e4
944.8	5.450e2
945.3	9.180e3
946.3	5.332e4
947.2	1.893e4
947.8	2.480e2
948.3	1.689e4
949.2	1.425e4
950.0	9.215e3
951.0	1.975e4
951.8	5.978e3
952.5	1.278e4
953.4	8.230e3
954.1	4.047e3
954.8	1.334e4
955.5	4.134e3
956.2	2.428e4
957.2	1.572e4
957.7	4.100e2
958.2	1.275e4
958.8	5.390e2
959.3	1.254e4
960.1	6.234e3
960.9	2.201e4
961.8	9.485e3
962.6	1.573e4
963.3	6.876e3
964.1	1.162e4
965.1	1.602e4
966.1	2.204e4
967.0	1.350e4
968.0	8.411e3
968.9	1.650e4
969.5	3.194e3
970.2	1.774e4
971.1	1.142e4
972.0	1.184e4
973.1	9.793e3
974.0	1.368e4
974.6	2.424e3
975.2	5.473e4
976.2	1.967e4
977.1	1.136e4
978.1	1.882e4
979.1	1.418e4
979.7	2.245e3
980.3	2.070e4
981.2	1.693e4
981.9	5.524e3
982.6	1.579e4
983.2	3.367e3
983.9	1.490e4
984.6	5.538e3
985.2	2.776e4
986.3	2.166e4
987.3	1.524e4
988.0	5.740e3
988.7	1.453e4
989.3	3.383e3
990.0	1.235e4
990.6	2.923e3
991.3	1.184e4
992.3	1.606e4
992.9	4.563e3
993.6	1.430e4
994.2	1.782e3
994.8	2.471e4
995.4	6.858e3
996.1	1.836e4
996.7	5.620e2
997.2	1.048e4
998.2	1.053e4
999.0	6.624e3
999.8	2.074e4
1000.4	1.515e3
1000.9	1.329e4
1001.5	5.910e2
1002.0	1.615e4
1002.6	2.399e3
1003.2	1.240e4
1004.1	1.518e4
1004.6	3.630e2
1005.2	1.317e4
1005.9	4.418e3
1006.6	1.254e4
1007.2	6.810e2
1007.7	1.494e4
1008.5	8.883e3
1009.3	2.311e4
1009.8	1.358e3
1010.4	1.566e4
1011.0	1.966e3
1011.6	1.421e4
1012.5	9.698e3
1013.4	1.057e4
1014.2	4.622e4
1015.2	1.974e4
1015.7	3.200e2
1016.3	1.507e4
1016.8	2.437e3
1017.4	1.783e4
1018.3	8.238e3
1019.3	1.850e4
1020.0	5.400e3
1020.7	1.223e4
1021.7	1.241e4
1022.2	8.670e2
1022.7	1.123e4
1023.5	3.982e3
1024.2	1.843e4
1024.7	1.756e3
1025.3	1.697e4
1026.0	6.761e3
1026.8	1.132e4
1027.4	1.021e3
1028.0	1.235e4
1028.9	2.508e4
1029.4	1.243e3
1030.0	1.946e4
1030.6	2.563e3
1031.2	1.472e4
1031.7	1.330e2
1032.2	1.427e4
1033.0	8.611e3
1033.9	2.027e4
1034.5	5.008e3
1035.2	1.364e4
1035.9	3.346e3
1036.5	1.200e4
1037.2	4.373e3
1037.9	1.559e4
1038.9	1.412e4
1039.5	5.295e3
1040.2	1.330e4
1041.1	1.142e4
1042.1	1.153e4
1042.7	1.465e3
1043.2	4.470e4
1044.2	2.436e4
1044.7	2.700e3
1045.3	1.783e4
1045.9	8.390e2
1046.4	1.562e4
1047.0	2.205e3
1047.6	1.479e4
1048.5	2.082e4
1049.1	9.860e2
1049.7	1.390e4
1050.6	1.144e4
1051.6	1.310e4
1052.3	2.726e3
1053.1	2.684e4
1054.0	1.536e4
1055.0	1.296e4
1055.9	1.369e4
1056.8	1.302e4
1057.4	1.757e3
1058.0	1.442e4
1058.6	1.789e3
1059.1	1.356e4
1059.8	3.827e3
1060.5	1.444e4
1061.1	3.138e3
1061.7	1.321e4
1062.7	2.343e4
1063.6	1.449e4
1064.2	6.940e2
1064.7	1.551e4
1065.3	1.470e3
1065.9	1.117e4
1066.8	1.419e4
1067.4	1.961e3
1068.0	1.708e4
1068.6	9.810e2
1069.2	1.589e4
1070.1	1.127e4
1070.9	1.236e4
1071.5	1.353e3
1072.1	1.332e4
1073.0	1.187e4
1073.5	6.910e2
1074.1	1.160e4
1074.6	1.350e2
1075.1	1.268e4
1075.8	4.128e3
1076.4	1.384e4
1077.4	1.959e4
1077.9	1.534e3
1078.5	1.673e4
1079.1	3.978e3
1079.8	1.310e4
1080.3	5.410e2
1080.9	1.163e4
1081.6	2.433e3
1082.2	3.823e4
1083.2	1.812e4
1084.2	1.474e4
1084.7	3.540e2
1085.2	1.371e4
1086.2	1.324e4
1086.7	6.800e2
1087.2	1.301e4
1088.2	1.204e4
1088.7	8.970e2
1089.3	1.115e4
1090.1	6.659e3
1091.0	1.287e4
1091.5	8.930e2
1092.1	1.798e4
1093.1	1.200e4
1094.1	9.145e3
1095.0	9.615e3
1095.8	1.396e4
1096.3	1.930e2
1096.8	1.738e4
1097.3	2.910e2
1097.8	1.246e4
1098.8	1.782e4
1099.3	3.660e2
1099.8	1.311e4
1100.8	1.102e4
1101.8	1.750e4
1102.6	9.024e3
1103.5	1.533e4
1104.4	6.952e3
1105.2	1.193e4
1106.2	9.671e3
1106.7	3.010e2
1107.2	1.354e4
1108.2	1.032e4
1108.9	4.506e3
1109.6	1.116e4
1110.5	1.022e4
1111.3	3.825e4
1112.3	2.061e4
1113.2	1.068e4
1114.1	1.396e4
1114.7	2.156e3
1115.3	1.330e4
1116.3	2.150e4
1117.3	1.301e4
1118.1	6.097e3
1118.9	1.120e4
1119.5	3.225e3
1120.2	9.637e3
1121.2	2.251e4
1121.8	2.451e3
1122.4	1.410e4
1123.4	8.173e3
1124.3	1.351e4
1125.2	8.376e3
1125.8	1.748e3
1126.4	1.359e4
1127.3	1.149e4
1127.8	2.100e1
1128.4	1.160e4
1129.0	1.280e3
1129.5	1.078e4
1130.2	2.611e3
1130.9	2.179e4
1131.7	1.014e4
1132.6	1.571e4
1133.5	1.135e4
1134.3	5.151e3
1135.1	1.233e4
1136.0	1.855e4
1136.9	9.641e3
1137.6	2.217e3
1138.2	1.277e4
1138.8	1.200e2
1139.3	1.222e4
1140.1	6.914e3
1140.9	1.182e4
1141.5	3.071e3
1142.1	1.337e4
1143.0	1.009e4
1143.9	1.064e4
1144.6	3.003e3
1145.3	1.473e4
1146.0	5.891e3
1146.7	1.327e4
1147.4	3.046e3
1148.0	1.214e4
1149.0	1.137e4
1149.7	2.920e3
1150.3	3.126e4
1151.3	1.788e4
1152.3	1.089e4
1153.2	1.337e4
1154.1	1.194e4
1154.8	3.866e3
1155.5	1.404e4
1156.4	8.715e3
1157.4	1.027e4
1158.1	1.761e3
1158.7	1.094e4
1159.4	3.175e3
1160.1	1.535e4
1161.0	1.237e4
1161.6	1.567e3
1162.2	1.078e4
1163.1	1.007e4
1164.1	1.081e4
1165.0	2.028e4
1165.8	8.300e3
1166.7	1.352e4
1167.6	6.475e3
1168.4	9.952e3
1169.1	4.864e3
1169.7	1.564e4
1170.5	6.654e3
1171.3	1.185e4
1172.2	6.777e3
1173.1	1.107e4
1173.8	2.080e3
1174.4	1.445e4
1175.4	9.913e3
1176.2	4.852e3
1177.0	1.022e4
1177.7	3.157e3
1178.3	9.693e3
1179.3	2.811e4
1179.8	6.100e2
1180.4	1.548e4
1181.0	3.725e3
1181.7	1.469e4
1182.4	4.922e3
1183.2	1.158e4
1183.8	1.639e3
1184.4	1.407e4
1185.3	8.725e3
1186.2	1.232e4
1187.0	3.783e3
1187.7	1.141e4
1188.5	5.282e3
1189.2	1.975e4
1190.1	1.384e4
1190.7	5.600e2
1191.2	1.049e4
1192.1	7.464e3
1193.0	1.028e4
1193.5	9.050e2
1194.1	1.221e4
1195.1	7.727e3
1195.9	1.333e4
1196.6	2.088e3
1197.2	1.116e4
1198.1	6.042e3
1198.9	1.529e4
1199.9	1.203e4
1200.5	2.684e3
1201.1	1.074e4
1201.6	1.730e2
1202.1	1.079e4
1203.0	7.627e3
1203.9	1.137e4
1204.4	2.760e2
1204.9	9.842e3
1205.9	1.081e4
1206.8	8.018e3
1207.7	1.079e4
1208.6	8.651e3
1209.4	1.128e4
1210.4	1.031e4
1211.3	7.321e3
1212.3	1.064e4
1212.8	7.360e2
1213.4	1.478e4
1214.2	4.979e3
1215.0	9.958e3
1215.6	1.442e3
1216.1	9.208e3
1216.7	6.870e2
1217.2	8.630e3
1217.7	9.030e2
1218.3	2.440e4
1219.3	1.642e4
1219.8	6.310e2
1220.3	1.209e4
1221.0	4.495e3
1221.7	1.245e4
1222.2	9.400e2
1222.8	1.145e4
1223.7	1.112e4
1224.3	3.680e2
1224.8	9.972e3
1225.6	2.861e3
1226.4	1.311e4
1227.3	9.054e3
1228.2	1.252e4
1228.9	2.147e3
1229.5	1.339e4
1230.5	8.315e3
1231.4	8.772e3
1232.1	2.565e3
1232.7	1.452e4
1233.5	6.247e3
1234.3	1.247e4
1234.9	1.305e3
1235.5	1.100e4
1236.0	3.670e2
1236.5	8.899e3
1237.5	1.472e4
1238.0	2.114e3
1238.6	1.142e4
1239.1	7.840e2
1239.7	7.108e3
1240.5	3.211e3
1241.1	1.025e4
1241.8	1.249e3
1242.4	1.012e4
1243.4	1.043e4
1243.9	2.150e2
1244.4	9.603e3
1245.3	7.134e3
1246.2	9.831e3
1247.2	2.162e4
1248.1	1.342e4
1249.0	1.132e4
1250.0	9.621e3
1250.9	1.133e4
1251.6	2.584e3
1252.2	1.258e4
1253.0	3.424e3
1253.7	9.647e3
1254.7	7.910e3
1255.6	7.641e3
1256.5	6.703e3
1257.3	1.660e4
1258.3	1.130e4
1259.0	3.424e3
1259.7	8.472e3
1260.2	2.930e2
1260.7	9.879e3
1261.6	1.212e4
1262.6	1.043e4
1263.2	3.145e3
1263.9	1.309e4
1264.9	9.351e3
1265.6	2.187e3
1266.2	9.480e3
1267.1	1.715e4
1268.0	1.065e4
1269.0	9.140e3
1270.0	7.796e3
1270.5	1.250e2
1271.0	9.097e3
1272.0	1.202e4
1272.9	1.029e4
1273.7	5.192e3
1274.5	1.044e4
1275.2	2.222e3
1275.8	9.982e3
1276.6	6.452e3
1277.4	1.151e4
1278.0	1.636e3
1278.6	1.028e4
1279.4	3.592e3
1280.1	7.782e3
1281.1	1.193e4
1282.0	6.366e3
1282.8	1.135e4
1283.5	4.349e3
1284.3	1.055e4
1285.3	8.702e3
1286.2	2.150e4
1286.9	3.879e3
1287.5	1.524e4
1288.3	6.131e3
1289.0	1.303e4
1289.5	7.460e2
1290.1	1.112e4
1290.8	3.170e3
1291.5	1.001e4
1292.0	1.348e3
1292.6	1.112e4
1293.6	9.127e3
1294.3	2.649e3
1294.9	1.000e4
1295.6	3.727e3
1296.3	1.464e4
1297.2	8.343e3
1298.1	1.075e4
1298.6	3.230e2
1299.1	1.039e4
1299.8	4.106e3
1300.6	1.401e4
1301.4	6.162e3
1302.2	1.172e4
1303.2	1.226e4
1304.1	7.374e3
1304.8	5.840e3
1305.6	1.228e4
1306.3	3.102e3
1307.0	1.087e4
1307.7	3.468e3
1308.4	9.124e3
1309.4	9.090e3
1309.9	5.010e2
1310.4	9.811e3
1311.3	5.974e3
1312.1	1.494e4
1313.0	1.008e4
1313.6	3.290e2
1314.1	1.132e4
1314.6	1.171e3
1315.2	2.231e4
1316.2	1.283e4
1316.8	2.680e3
1317.4	1.287e4
1318.3	9.439e3
1319.3	9.099e3
1320.2	1.153e4
1321.2	1.043e4
1322.2	8.773e3
1323.0	4.183e3
1323.8	9.643e3
1324.6	5.038e3
1325.4	1.367e4
1325.9	1.108e3
1326.5	9.526e3
1327.5	1.103e4
1328.1	1.244e3
1328.7	1.186e4
1329.4	4.169e3
1330.2	1.081e4
1331.1	1.164e4
1331.9	6.519e3
1332.8	9.551e3
1333.3	6.660e2
1333.9	6.106e3
1334.8	1.302e4
1335.7	1.125e4
1336.6	8.569e3
1337.2	3.530e2
1337.7	9.530e3
1338.6	8.063e3
1339.1	7.400e2
1339.7	1.243e4
1340.3	3.450e2
1340.8	9.837e3
1341.3	1.320e2
1341.8	8.592e3
1342.6	4.171e3
1343.4	9.435e3
1344.0	2.193e3
1344.6	1.085e4
1345.4	4.831e3
1346.1	7.879e3
1347.1	1.039e4
1347.6	8.500e2
1348.2	9.031e3
1348.7	2.690e2
1349.2	1.136e4
1349.8	1.587e3
1350.4	1.229e4
1351.2	6.595e3
1352.1	8.997e3
1352.6	1.740e2
1353.1	1.058e4
1353.7	7.210e2
1354.3	1.817e4
1355.2	1.211e4
1355.7	1.190e2
1356.3	1.179e4
1357.0	6.061e3
1357.8	1.105e4
1358.4	7.140e2
1358.9	9.640e3
1359.8	1.053e4
1360.4	1.003e3
1361.0	8.892e3
1362.0	1.035e4
1362.9	6.761e3
1363.8	1.070e4
1364.7	1.176e4
1365.6	8.277e3
1366.2	1.753e3
1366.8	1.268e4
1367.4	3.670e2
1368.0	8.761e3
1368.9	1.815e4
1369.6	4.626e3
1370.3	1.231e4
1370.8	1.263e3
1371.4	1.122e4
1372.1	3.546e3
1372.8	9.319e3
1373.8	1.313e4
1374.8	6.669e3
1375.6	1.041e4
1376.1	2.860e2
1376.7	1.016e4
1377.6	7.656e3
1378.6	1.041e4
1379.2	1.456e3
1379.8	8.890e3
1380.4	1.662e3
1381.0	7.363e3
1381.8	3.213e3
1382.6	9.770e3
1383.5	1.648e4
1384.0	3.850e2
1384.5	1.111e4
1385.4	8.161e3
1386.4	1.183e4
1386.9	1.471e3
1387.5	6.996e3
1388.4	1.345e4
1389.0	2.919e3
1389.7	9.290e3
1390.3	4.700e2
1390.8	8.909e3
1391.5	2.868e3
1392.2	9.012e3
1392.7	3.190e2
1393.2	1.567e4
1394.2	1.118e4
1395.2	1.053e4
1395.7	2.270e2
1396.2	1.014e4
1396.9	3.099e3
1397.6	9.364e3
1398.2	4.380e2
1398.7	8.288e3
1399.5	2.991e3
1400.2	9.589e3
1401.0	4.518e3
1401.8	8.334e3
1402.8	1.105e4
1403.6	5.384e3
1404.4	1.189e4
1405.2	5.049e3
1405.9	1.219e4
1406.5	8.890e2
1407.0	8.848e3
1407.9	8.133e3
1408.9	1.010e4
1409.9	1.157e4
1410.8	8.702e3
1411.8	7.509e3
1412.6	1.041e4
1413.5	6.360e3
1414.4	8.139e3
1415.1	3.019e3
1415.8	9.119e3
1416.7	8.065e3
1417.5	1.347e4
1418.1	1.910e3
1418.7	1.165e4
1419.6	6.216e3
1420.5	8.988e3
1421.5	6.296e3
1422.4	1.783e4
1423.2	6.193e3
1424.0	9.962e3
1424.7	2.403e3
1425.3	1.091e4
1426.3	7.943e3
1426.8	8.280e2
1427.3	1.029e4
1428.1	5.096e3
1429.0	8.949e3
1429.5	9.640e2
1430.1	8.160e3
1430.7	3.490e2
1431.2	1.037e4
1432.0	6.470e3
1432.8	1.175e4
1433.7	5.248e3
1434.5	7.685e3
1435.4	1.001e4
1436.1	2.436e3
1436.7	1.117e4
1437.6	5.331e3
1438.3	1.033e4
1438.8	1.980e2
1439.3	9.019e3
1440.3	8.557e3
1440.9	1.588e3
1441.5	9.820e3
1442.3	5.851e3
1443.1	1.038e4
1444.0	7.047e3
1444.9	8.022e3
1445.8	8.550e3
1446.8	1.072e4
1447.7	6.502e3
1448.3	2.121e3
1448.9	6.426e3
1449.4	1.770e2
1449.9	8.248e3
1450.5	1.954e3
1451.2	1.633e4
1451.8	4.033e3
1452.5	1.083e4
1453.4	6.832e3
1454.3	1.009e4
1455.3	8.013e3
1456.3	1.125e4
1457.2	6.570e3
1458.0	1.065e4
1458.6	1.060e2
1459.1	6.738e3
1460.1	7.748e3
1460.8	3.132e3
1461.5	1.199e4
1462.2	2.212e3
1462.9	9.643e3
1463.5	6.200e2
1464.0	9.360e3
1464.8	3.287e3
1465.5	7.765e3
1466.1	1.602e3
1466.7	1.128e4
1467.6	9.394e3
1468.6	7.278e3
1469.1	1.193e3
1469.7	8.379e3
1470.5	5.061e3
1471.3	1.138e4
1472.3	9.245e3
1473.1	5.610e3
1474.0	8.730e3
1474.9	7.301e3
1475.9	9.750e3
1476.5	1.467e3
1477.1	8.775e3
1477.7	7.910e2
1478.2	8.519e3
1479.2	1.053e4
1480.2	9.268e3
1480.8	1.640e2
1481.3	8.675e3
1482.0	3.616e3
1482.8	7.764e3
1483.8	9.493e3
1484.6	7.105e3
1485.5	9.738e3
1486.1	7.290e2
1486.6	8.873e3
1487.4	4.126e3
1488.2	7.616e3
1488.7	3.100e1
1489.2	6.859e3
1490.2	1.314e4
1490.8	2.170e2
1491.3	1.181e4
1491.9	2.363e3
1492.6	8.833e3
1493.5	5.559e3
1494.3	8.786e3
1494.9	6.580e2
1495.4	1.069e4
1496.1	1.613e3
1496.7	9.551e3
1497.7	7.675e3
1498.7	8.783e3
1499.6	6.333e3
1500.4	1.070e4
1501.2	5.912e3
1502.0	7.847e3
1502.9	3.821e3
1503.7	8.368e3
1504.5	4.716e3
1505.3	9.222e3
1506.2	6.367e3
1507.0	9.728e3
1508.0	6.742e3
1508.7	4.265e3
1509.5	9.853e3
1510.0	4.620e2
1510.5	9.697e3
1511.1	2.562e3
1511.8	9.864e3
1512.3	6.870e2
1512.8	7.686e3
1513.6	2.790e3
1514.3	7.490e3
1514.9	8.300e2
1515.4	1.037e4
1516.0	1.071e3
1516.7	8.455e3
1517.2	4.070e2
1517.8	7.847e3
1518.5	3.323e3
1519.2	1.295e4
1520.1	6.308e3
1520.7	9.370e2
1521.2	8.556e3
1522.2	9.053e3
1522.7	5.030e2
1523.3	1.159e4
1523.8	5.200e2
1524.3	1.084e4
1524.9	1.401e3
1525.5	7.917e3
1526.2	2.833e3
1526.9	8.486e3
1527.5	8.710e2
1528.2	7.233e3
1529.1	9.250e3
1530.1	9.262e3
1530.7	8.550e2
1531.2	9.485e3
1532.2	5.692e3
1533.1	8.415e3
1533.6	7.600e1
1534.1	8.082e3
1534.6	2.410e2
1535.1	9.727e3
1536.1	8.037e3
1536.6	1.328e3
1537.2	7.046e3
1537.8	9.620e2
1538.5	6.848e3
1539.4	8.678e3
1540.1	3.357e3
1540.8	7.935e3
1541.4	9.230e2
1542.0	7.510e3
1542.6	1.262e3
1543.2	9.959e3
1543.7	1.009e3
1544.4	7.534e3
1545.2	5.896e3
1546.0	9.148e3
1547.0	9.120e3
1547.9	5.405e3
1548.8	1.080e4
1549.3	1.052e3
1549.9	9.448e3
1550.5	8.710e2
1551.0	1.002e4
1551.8	3.461e3
1552.6	9.982e3
1553.5	8.905e3
1554.2	3.037e3
1554.9	1.168e4
1555.6	2.782e3
1556.4	8.408e3
1557.3	5.179e3
1558.2	1.134e4
1559.0	8.002e3
1560.1	8.897e3
1560.6	1.246e3
1561.2	7.896e3
1562.0	3.704e3
1562.8	7.542e3
1563.3	8.860e2
1563.9	9.236e3
1564.5	1.101e3
1565.0	7.877e3
1566.0	4.876e3
1566.9	7.743e3
1567.6	2.859e3
1568.2	8.936e3
1569.2	7.098e3
1569.9	1.853e3
1570.6	7.659e3
1571.5	5.501e3
1572.3	8.381e3
1573.2	6.172e3
1574.1	8.098e3
1574.6	5.100e1
1575.1	7.733e3
1575.8	2.892e3
1576.5	7.260e3
1577.1	1.693e3
1577.8	1.026e4
1578.3	2.410e2
1578.8	8.498e3
1579.8	9.042e3
1580.4	1.465e3
1581.0	9.211e3
1581.9	5.620e3
1582.8	7.607e3
1583.8	7.964e3
1584.5	3.026e3
1585.2	5.453e3
1586.1	6.974e3
1586.9	4.221e3
1587.6	9.254e3
1588.6	7.478e3
1589.2	1.811e3
1589.8	7.846e3
1590.4	6.100e2
1590.9	8.488e3
1591.6	2.453e3
1592.2	1.031e4
1593.2	6.018e3
1594.0	8.983e3
1594.9	5.098e3
1595.8	7.910e3
1596.8	8.301e3
1597.8	7.884e3
1598.3	6.180e2
1598.9	7.576e3
1599.8	8.512e3
1600.3	1.100e2
1600.9	7.930e3
1601.5	1.785e3
1602.2	7.068e3
1603.1	9.237e3
1603.9	3.343e3
1604.7	8.860e3
1605.3	1.002e3
1605.9	8.463e3
1606.4	1.520e3
1607.0	9.620e3
1607.6	1.427e3
1608.2	8.016e3
1608.9	2.900e3
1609.6	7.419e3
1610.4	3.404e3
1611.2	9.732e3
1611.7	1.110e2
1612.3	9.840e3
1613.2	4.427e3
1614.0	8.090e3
1614.6	3.930e2
1615.1	8.189e3
1615.7	1.672e3
1616.3	9.426e3
1616.9	9.230e2
1617.5	8.762e3
1618.2	2.732e3
1618.9	6.356e3
1619.9	5.989e3
1620.8	7.964e3
1621.4	3.650e2
1621.9	7.664e3
1622.9	8.056e3
1623.4	1.470e2
1623.9	7.362e3
1624.5	3.920e2
1625.1	7.039e3
1625.7	1.570e3
1626.3	1.098e4
1627.3	8.713e3
1628.2	6.927e3
1628.8	4.950e2
1629.3	7.972e3
1630.1	4.704e3
1631.0	7.833e3
1631.6	1.881e3
1632.2	7.050e3
1633.2	7.984e3
1633.8	9.120e2
1634.4	8.401e3
1635.1	3.226e3
1635.9	1.065e4
1636.5	1.199e3
1637.0	8.698e3
1637.9	4.776e3
1638.8	8.479e3
1639.7	4.705e3
1640.5	7.907e3
1641.4	6.527e3
1642.2	8.135e3
1643.0	3.844e3
1643.8	6.966e3
1644.6	4.410e3
1645.5	8.662e3
1646.5	6.088e3
1647.4	8.320e3
1648.2	4.657e3
1649.0	8.533e3
1649.6	8.320e2
1650.1	5.959e3
1651.1	8.465e3
1652.0	4.692e3
1652.8	8.997e3
1653.7	6.057e3
1654.7	8.757e3
1655.7	8.097e3
1656.3	2.344e3
1657.0	9.336e3
1657.5	8.390e2
1658.1	6.803e3
1659.1	9.242e3
1659.8	2.992e3
1660.5	9.169e3
1661.1	4.070e2
1661.6	8.218e3
1662.5	5.612e3
1663.5	6.792e3
1664.3	5.234e3
1665.1	8.976e3
1666.0	4.727e3
1666.9	7.098e3
1667.8	3.289e3
1668.6	7.877e3
1669.2	8.660e2
1669.8	7.146e3
1670.4	9.050e2
1671.0	7.572e3
1672.0	7.532e3
1672.5	3.690e2
1673.0	8.527e3
1673.9	6.440e3
1674.8	8.119e3
1675.7	7.875e3
1676.6	6.717e3
1677.5	6.301e3
1678.1	1.740e2
1678.6	8.405e3
1679.2	5.380e2
1679.7	7.820e3
1680.7	6.287e3
1681.6	7.472e3
1682.4	3.728e3
1683.3	7.174e3
1683.9	4.590e2
1684.4	7.553e3
1685.3	8.458e3
1686.1	1.733e3
1686.8	7.511e3
1687.6	3.998e3
1688.3	7.154e3
1689.3	6.854e3
1690.2	8.412e3
1690.8	5.470e2
1691.3	8.204e3
1692.3	7.270e3
1692.8	3.840e2
1693.4	7.956e3
1694.1	3.980e3
1694.8	8.720e3
1695.3	1.180e2
1695.8	9.049e3
1696.6	3.729e3
1697.4	7.938e3
1698.4	5.894e3
1699.2	6.252e3
1700.1	8.384e3
1701.0	8.903e3
1701.7	1.880e3
1702.4	6.700e3
1702.9	1.156e3
1703.5	8.852e3
1704.1	1.110e3
1704.7	7.714e3
1705.6	6.496e3
1706.3	3.386e3
1707.1	5.102e3
1708.0	7.891e3
1709.0	6.155e3
1709.5	5.330e2
1710.1	8.554e3
1710.7	2.099e3
1711.3	9.435e3
1711.9	9.500e1
1712.4	5.774e3
1712.9	2.420e2
1713.4	7.852e3
1714.1	1.886e3
1714.8	7.725e3
1715.7	8.243e3
1716.2	4.600e1
1716.8	7.768e3
1717.7	5.921e3
1718.7	5.386e3
1719.5	8.166e3
1720.1	8.090e2
1720.7	7.819e3
1721.3	6.450e2
1721.8	8.427e3
1722.6	5.460e3
1723.5	1.016e4
1724.1	9.980e2
1724.6	7.501e3
1725.1	1.900e2
1725.6	7.619e3
1726.5	4.124e3
1727.3	7.478e3
1727.9	1.344e3
1728.5	8.161e3
1729.1	1.373e3
1729.8	6.694e3
1730.8	6.007e3
1731.3	1.087e3
1731.9	6.733e3
1732.9	9.298e3
1733.7	7.042e3
1734.7	7.918e3
1735.4	1.466e3
1736.1	8.291e3
1736.8	3.204e3
1737.5	6.093e3
1738.5	7.898e3
1739.1	1.680e3
1739.7	6.373e3
1740.7	7.588e3
1741.6	5.355e3
1742.5	8.490e3
1743.4	4.270e3
1744.2	8.618e3
1745.1	6.104e3
1746.0	5.105e3
1746.9	7.371e3
1747.8	5.249e3
1748.6	7.503e3
1749.5	5.393e3
1750.2	2.122e3
1750.9	6.441e3
1751.9	5.816e3
1752.8	5.378e3
1753.7	6.379e3
1754.2	2.070e2
1754.8	5.489e3
1755.7	6.911e3
1756.6	6.495e3
1757.4	4.396e3
1758.3	6.429e3
1758.8	6.000e2
1759.4	6.434e3
1760.0	1.514e3
1760.7	7.105e3
1761.3	9.040e2
1761.9	7.391e3
1762.9	9.218e3
1763.8	5.101e3
1764.7	7.049e3
1765.4	1.024e3
1766.0	7.349e3
1767.0	7.055e3
1767.5	3.230e2
1768.0	8.155e3
1768.7	1.952e3
1769.4	7.097e3
1770.0	1.122e3
1770.6	7.076e3
1771.6	5.784e3
1772.5	9.633e3
1773.2	2.310e3
1773.9	7.147e3
1774.5	9.050e2
1775.1	5.950e3
1775.6	1.190e2
1776.2	7.570e3
1776.7	1.193e3
1777.3	7.356e3
1777.9	5.670e2
1778.4	6.522e3
1779.3	4.646e3
1780.2	7.397e3
1780.8	1.007e3
1781.4	8.625e3
1782.4	6.999e3
1783.1	1.885e3
1783.7	7.234e3
1784.7	7.414e3
1785.2	1.630e2
1785.7	7.748e3
1786.8	6.939e3
1787.7	7.371e3
1788.5	3.473e3
1789.3	6.447e3
1790.3	6.644e3
1791.3	8.875e3
1791.9	1.571e3
1792.5	5.513e3
1793.0	8.900e1
1793.5	7.109e3
1794.1	5.420e2
1794.6	6.665e3
1795.4	3.026e3
1796.1	7.724e3
1796.9	2.875e3
1797.7	6.922e3
1798.2	3.900e1
1798.7	5.822e3
1799.3	8.290e2
1799.8	5.740e3
1800.5	1.858e3
1801.1	7.658e3
1801.8	2.726e3
1802.5	7.150e3
1803.5	6.179e3
1804.1	5.280e2
1804.6	7.801e3
1805.5	6.542e3
1806.3	3.346e3
1807.0	6.271e3
1807.5	3.140e2
1808.0	5.947e3
1808.7	1.746e3
1809.4	5.089e3
1810.4	8.156e3
1811.1	4.320e3
1811.9	7.962e3
1812.6	3.476e3
1813.4	6.865e3
1814.4	5.685e3
1815.0	2.219e3
1815.7	7.130e3
1816.3	4.290e2
1816.8	6.404e3
1817.4	1.258e3
1818.0	6.753e3
1818.7	1.239e3
1819.2	8.788e3
1819.8	1.170e2
1820.3	5.129e3
1821.2	6.990e3
1822.0	4.144e3
1822.8	6.375e3
1823.4	1.862e3
1824.0	7.723e3
1824.6	2.790e2
1825.1	8.097e3
1826.0	4.325e3
1826.8	5.961e3
1827.8	6.118e3
1828.3	1.680e2
1828.8	7.437e3
1829.3	9.200e1
1829.8	6.277e3
1830.8	6.662e3
1831.5	1.058e3
1832.0	7.464e3
1832.7	2.008e3
1833.4	8.216e3
1834.2	4.862e3
1835.1	6.421e3
1835.6	1.710e2
1836.1	6.921e3
1836.8	4.010e2
1837.3	5.390e3
1838.2	3.592e3
1839.0	5.079e3
1839.5	6.600e1
1840.0	7.246e3
1841.0	6.051e3
1842.0	6.498e3
1842.8	3.037e3
1843.6	6.141e3
1844.2	8.720e2
1844.8	5.828e3
1845.7	8.031e3
1846.3	6.410e2
1846.9	6.642e3
1847.8	7.317e3
1848.5	1.832e3
1849.1	5.450e3
1850.1	6.759e3
1850.7	7.210e2
1851.3	6.899e3
1852.2	4.817e3
1853.2	6.249e3
1854.2	6.235e3
1854.7	5.880e2
1855.3	5.802e3
1855.9	1.072e3
1856.5	4.882e3
1857.5	6.435e3
1858.2	3.686e3
1859.1	6.369e3
1860.0	7.925e3
1860.9	5.206e3
1861.9	5.817e3
1862.5	1.396e3
1863.2	5.437e3
1863.9	3.160e3
1864.7	6.816e3
1865.7	5.795e3
1866.6	4.595e3
1867.5	6.020e3
1868.1	5.830e2
1868.6	4.533e3
1869.5	6.622e3
1870.1	2.470e2
1870.6	4.742e3
1871.5	7.344e3
1872.3	3.578e3
1873.3	5.964e3
1874.0	3.864e3
1874.8	5.985e3
1875.7	4.477e3
1876.5	6.134e3
1877.5	3.758e3
1878.4	5.696e3
1879.2	4.620e3
1880.1	7.302e3
1880.6	1.330e2
1881.1	5.698e3
1881.7	8.960e2
1882.3	7.234e3
1883.2	5.457e3
1884.0	3.790e3
1884.8	5.293e3
1885.8	7.026e3
1886.7	4.657e3
1887.6	7.808e3
1888.5	6.924e3
1889.5	6.544e3
1890.1	8.090e2
1890.6	4.866e3
1891.1	1.810e2
1891.7	6.426e3
1892.3	1.372e3
1892.9	8.715e3
1893.6	1.743e3
1894.3	6.339e3
1895.2	4.709e3
1896.1	5.884e3
1896.8	1.427e3
1897.5	6.278e3
1898.4	5.402e3
1899.0	1.354e3
1899.6	5.918e3
1900.2	1.203e3
1900.8	7.047e3
1901.8	6.073e3
1902.4	1.256e3
1903.1	8.107e3
1903.8	2.281e3
1904.5	5.700e3
1905.1	5.540e2
1905.7	5.580e3
1906.7	5.946e3
1907.5	2.720e3
1908.2	6.462e3
1909.0	2.551e3
1909.7	7.036e3
1910.4	2.876e3
1911.1	6.324e3
1912.1	5.619e3
1913.0	5.077e3
1913.6	1.180e3
1914.2	7.146e3
1914.9	2.344e3
1915.6	5.434e3
1916.2	9.100e2
1916.8	7.233e3
1917.8	4.636e3
1918.4	6.430e2
1918.9	5.608e3
1919.6	1.994e3
1920.3	5.958e3
1920.9	6.500e2
1921.5	5.645e3
1922.1	4.580e2
1922.7	5.783e3
1923.2	2.100e2
1923.7	4.919e3
1924.7	5.491e3
1925.3	6.270e2
1925.9	4.400e3
1926.8	4.853e3
1927.7	6.429e3
1928.3	1.103e3
1928.9	6.689e3
1929.5	3.420e2
1930.1	5.082e3
1930.6	5.630e2
1931.2	5.517e3
1931.8	7.980e2
1932.4	7.168e3
1933.2	3.261e3
1934.0	6.818e3
1934.7	1.810e3
1935.4	6.407e3
1936.1	2.587e3
1936.9	5.599e3
1937.8	4.691e3
1938.7	5.935e3
1939.3	1.560e3
1940.0	6.599e3
1940.7	1.880e3
1941.4	6.363e3
1942.2	2.446e3
1943.0	5.034e3
1943.9	5.516e3
1944.7	3.438e3
1945.4	6.746e3
1946.0	1.980e2
1946.5	6.558e3
1947.1	4.480e2
1947.6	6.198e3
1948.6	5.381e3
1949.3	1.701e3
1950.0	4.950e3
1950.6	8.370e2
1951.2	4.658e3
1952.2	5.700e3
1953.1	6.501e3
1953.7	4.290e2
1954.2	6.000e3
1955.0	3.502e3
1955.8	5.821e3
1956.4	5.020e2
1957.0	5.113e3
1957.6	3.000e2
1958.1	6.096e3
1958.8	2.448e3
1959.7	4.589e3
1960.2	1.200e2
1960.7	5.005e3
1961.7	4.935e3
1962.7	5.090e3
1963.2	4.630e2
1963.8	4.486e3
1964.4	1.104e3
1965.0	5.916e3
1965.7	2.545e3
1966.5	5.690e3
1967.5	5.070e3
1968.0	7.800e1
1968.5	6.574e3
1969.0	2.350e2
1969.6	6.469e3
1970.2	7.240e2
1970.8	5.819e3
1971.4	1.326e3
1972.1	5.257e3
1972.8	3.698e3
1973.7	6.396e3
1974.4	1.357e3
1975.1	5.858e3
1975.9	4.380e3
1976.4	3.000e2
1977.0	5.162e3
1977.5	3.900e1
1978.0	5.473e3
1978.5	6.410e2
1979.1	5.905e3
1980.1	5.221e3
1981.0	4.861e3
1981.9	6.030e3
1982.7	3.127e3
1983.4	6.619e3
1984.4	4.425e3
1985.3	4.976e3
1985.8	4.900e1
1986.3	6.508e3
1987.0	6.950e2
1987.6	6.295e3
1988.4	2.582e3
1989.1	6.499e3
1990.0	4.479e3
1990.8	2.634e3
1991.5	5.152e3
1992.2	1.676e3
1992.9	5.248e3
1993.6	2.225e3
1994.3	5.943e3
1994.8	4.330e2
1995.4	5.697e3
1996.2	2.666e3
1997.0	5.928e3
1997.7	2.223e3
1998.5	5.524e3
1999.4	4.690e3
1999.9	3.220e2
