100.5	8.270e2
101.1	6.739e4
102.1	1.235e4
103.1	1.064e4
104.1	7.990e2
105.1	2.061e3
106.1	2.203e3
106.7	4.000e0
107.2	9.890e2
108.1	1.619e4
108.7	2.800e1
109.2	1.498e3
109.7	2.300e1
110.2	2.077e3
111.1	1.641e4
111.8	2.720e2
112.4	3.164e3
113.1	3.330e5
113.6	1.220e2
114.2	6.652e3
115.1	3.781e3
116.2	2.357e3
117.1	3.506e4
117.6	1.160e2
118.1	8.143e3
119.1	2.304e3
120.1	6.140e2
120.7	8.300e1
121.2	3.830e3
122.1	1.385e3
122.7	4.000e0
123.2	6.090e2
124.2	1.142e3
125.1	3.336e3
126.1	1.294e3
126.7	2.400e1
127.2	1.051e3
128.1	4.980e2
129.2	2.688e3
130.1	1.405e4
131.1	2.251e3
131.7	6.100e1
132.2	1.795e3
133.1	9.095e3
133.6	8.200e1
134.3	6.920e2
135.1	1.255e4
135.6	5.900e1
136.2	2.074e3
137.1	3.696e3
137.6	3.200e1
138.1	1.179e3
139.2	8.180e2
140.1	1.487e3
140.7	3.700e1
141.2	2.523e3
141.8	5.000e0
142.3	5.260e2
143.2	5.399e3
143.7	7.000e1
144.3	1.885e3
145.1	9.105e4
146.1	1.327e4
146.6	1.400e2
147.2	1.390e4
148.2	2.524e3
149.2	1.336e3
149.7	2.000e0
150.3	5.970e2
150.8	1.000e0
151.3	1.117e3
152.2	5.425e3
153.2	2.975e3
153.7	6.000e0
154.3	5.420e2
155.2	1.272e3
156.1	3.675e3
156.6	3.000e0
157.2	1.317e3
158.2	5.159e3
158.7	1.200e1
159.3	1.194e3
160.2	1.221e3
160.8	1.700e1
161.3	1.617e3
162.1	5.820e2
162.7	1.000e0
163.2	2.218e3
164.2	1.483e3
164.8	1.000e0
165.3	9.723e3
166.2	1.181e3
167.1	5.870e2
168.2	2.250e2
169.2	2.013e3
170.3	4.650e2
171.2	1.346e3
172.1	1.248e3
172.7	1.000e0
173.3	1.391e3
174.1	8.781e3
175.2	1.238e4
175.7	1.000e2
176.2	5.265e3
177.1	9.782e3
178.2	6.600e2
179.2	4.766e3
180.2	1.541e3
181.2	3.113e4
181.7	5.600e1
182.2	1.612e3
183.2	1.702e3
183.7	8.000e0
184.2	5.270e3
184.7	1.000e0
185.2	4.159e3
186.2	1.761e3
187.2	1.952e3
188.1	9.700e2
189.2	1.614e3
189.7	1.000e0
190.2	1.269e3
191.2	1.331e4
192.2	1.513e3
193.2	4.746e3
194.2	1.797e3
195.1	2.649e4
196.1	5.464e3
196.6	4.000e0
197.2	3.129e3
198.1	7.346e3
199.1	1.384e3
200.0	3.927e3
200.6	7.800e1
201.3	1.464e3
202.2	9.450e2
202.7	1.000e1
203.2	9.070e2
204.1	1.108e3
204.7	3.400e1
205.2	2.998e3
206.1	2.229e3
206.7	3.900e1
207.2	2.382e3
208.2	1.332e4
208.7	1.300e1
209.2	3.256e3
210.2	3.029e3
211.2	4.524e3
211.7	6.100e1
212.3	7.644e3
213.2	5.149e3
214.1	2.173e3
214.7	3.800e1
215.2	1.453e3
216.3	1.024e3
217.3	1.285e3
218.2	6.960e2
218.7	9.100e1
219.3	3.026e3
220.2	5.569e3
221.2	3.128e3
222.1	1.146e3
223.2	1.525e3
223.7	9.000e0
224.2	1.359e3
225.1	4.237e3
226.1	1.554e3
227.1	3.380e3
227.6	9.000e1
228.3	1.319e3
229.2	1.380e3
230.2	1.536e3
230.7	2.000e0
231.2	1.737e3
232.1	3.445e3
232.7	1.600e1
233.2	2.612e3
234.2	1.664e3
235.2	1.185e3
236.2	1.692e4
237.2	2.500e3
237.7	3.000e0
238.2	1.477e3
238.7	2.000e0
239.3	3.027e3
240.2	5.092e3
240.7	6.900e1
241.2	2.604e3
242.1	4.023e3
242.7	3.100e1
243.2	6.565e3
244.2	6.730e3
245.2	1.454e3
246.1	3.300e2
247.2	1.650e3
247.7	3.000e1
248.3	2.152e3
249.2	7.568e4
249.7	6.600e1
250.2	3.529e3
250.7	7.000e1
251.3	1.911e3
252.2	1.057e3
252.7	2.300e1
253.2	1.828e3
253.8	1.000e0
254.3	5.410e2
255.2	1.894e3
256.2	7.290e2
257.1	1.686e3
257.7	5.000e1
258.3	9.840e2
259.3	3.088e3
260.2	1.071e3
260.7	6.100e1
261.2	1.626e3
262.1	2.117e3
262.7	4.300e1
263.2	1.558e3
264.1	5.630e2
264.7	2.100e1
265.3	2.125e3
266.2	2.471e3
266.8	2.700e1
267.3	1.042e3
268.3	6.450e2
269.2	1.488e3
269.8	3.500e1
270.3	7.230e2
271.3	1.483e3
272.2	8.050e2
272.7	3.500e1
273.3	6.840e2
274.2	6.240e2
275.2	1.231e3
276.1	1.280e3
276.7	8.000e0
277.3	9.560e2
278.2	9.790e2
279.2	1.508e3
280.2	1.014e3
281.2	1.521e3
282.2	7.710e2
282.7	2.500e1
283.3	6.680e2
284.2	1.251e3
285.2	8.400e2
286.1	2.418e3
286.7	1.600e1
287.3	8.940e2
288.2	1.405e4
289.2	2.962e3
290.2	1.520e3
291.3	1.797e3
292.1	1.164e3
292.7	1.100e1
293.3	2.814e3
294.2	7.070e2
294.7	2.000e0
295.2	1.754e3
296.1	5.520e2
296.7	3.600e1
297.3	1.468e3
298.3	1.056e3
299.3	1.148e3
300.2	1.232e3
300.8	1.630e2
301.3	1.491e3
302.3	8.060e2
303.3	7.090e2
304.3	1.242e3
305.1	1.726e3
305.9	1.942e3
306.5	8.500e1
307.2	6.036e3
308.2	3.761e3
308.7	6.100e1
309.3	2.878e3
310.3	1.725e3
310.8	1.300e1
311.3	6.269e3
312.2	3.719e3
313.1	4.097e3
314.1	1.546e3
314.7	1.200e1
315.2	3.015e3
315.8	5.300e1
316.4	1.269e3
317.2	8.729e4
318.2	5.937e3
318.7	3.100e1
319.2	3.607e3
320.2	2.101e3
321.2	2.954e3
321.7	3.000e0
322.2	1.366e3
322.7	9.700e1
323.3	2.386e3
323.8	2.000e0
324.3	1.475e3
324.9	5.300e1
325.4	3.130e3
326.3	1.022e3
327.2	5.694e3
328.2	1.962e3
328.7	3.000e0
329.2	3.763e3
330.2	1.850e3
331.2	1.867e3
331.7	2.100e1
332.3	1.048e3
333.3	2.630e3
334.2	5.556e3
335.2	2.075e3
336.2	2.250e3
337.1	2.109e3
337.7	5.900e1
338.2	7.810e2
338.8	6.000e0
339.4	3.955e3
340.3	1.915e3
340.9	9.900e1
341.4	2.747e3
342.2	1.281e3
343.2	3.134e3
343.7	2.000e0
344.2	1.457e3
345.2	1.317e3
346.2	1.760e3
347.1	1.765e3
348.2	1.177e3
349.2	2.612e3
350.2	1.461e3
350.7	6.200e1
351.3	1.408e3
352.2	8.210e2
352.7	3.900e1
353.2	4.286e3
354.2	1.836e3
355.3	1.974e3
356.2	2.324e4
357.2	4.236e3
358.2	1.434e3
359.2	1.614e3
360.1	2.136e3
360.7	2.200e1
361.3	1.534e3
361.9	9.700e1
362.5	1.661e3
363.3	1.137e3
364.2	1.144e3
365.2	1.269e3
365.7	1.000e1
366.2	2.062e3
366.7	3.000e0
367.3	1.108e3
368.1	1.371e3
368.7	1.020e2
369.3	2.173e3
370.2	1.332e3
370.7	3.800e1
371.3	1.301e3
372.2	2.329e3
373.2	2.681e3
374.1	1.591e3
375.2	3.366e3
376.1	2.212e3
376.8	2.660e2
377.4	3.760e3
378.3	1.527e3
379.2	6.234e3
380.2	2.128e3
380.7	1.700e1
381.2	1.636e3
382.2	1.332e3
382.8	1.500e1
383.3	1.439e3
383.8	2.000e0
384.4	1.260e3
385.2	6.585e4
386.2	6.071e3
386.8	4.700e1
387.3	3.659e3
388.1	1.742e3
389.2	2.183e3
390.2	1.058e3
391.2	1.367e3
392.2	9.480e2
393.2	2.028e3
394.2	1.302e3
394.7	8.000e0
395.2	6.764e3
396.1	1.471e3
396.7	3.400e1
397.2	3.619e3
397.7	5.200e1
398.2	1.245e3
399.2	1.597e3
400.1	8.600e2
400.6	1.300e1
401.1	1.895e3
401.7	1.610e2
402.2	4.385e3
403.2	1.343e3
403.7	1.100e1
404.2	1.164e3
404.7	2.300e1
405.2	1.586e3
406.3	1.225e3
406.9	1.520e2
407.4	1.733e3
408.3	1.124e3
409.2	7.010e2
410.0	1.401e3
410.6	2.300e2
411.2	3.443e3
412.2	1.198e3
413.1	1.715e3
413.7	4.500e1
414.2	1.495e3
415.2	1.384e3
415.7	1.700e1
416.3	8.520e2
417.1	3.561e3
417.8	2.800e1
418.3	1.892e3
419.1	8.040e2
420.0	1.107e3
420.6	1.170e2
421.3	2.142e3
422.2	1.733e3
423.3	1.911e3
424.2	1.843e4
424.7	5.400e1
425.2	3.160e3
426.2	9.810e2
427.2	2.026e3
428.2	1.072e3
428.7	9.700e1
429.3	1.939e3
429.8	6.000e0
430.3	1.052e3
430.8	2.500e1
431.3	1.692e3
432.3	9.570e2
433.3	1.548e3
434.3	2.086e3
435.1	7.950e2
436.0	1.096e3
436.6	1.350e2
437.2	1.751e3
438.2	1.475e3
439.1	9.160e2
440.2	1.537e3
440.8	5.400e1
441.3	2.642e3
442.2	9.800e2
443.2	3.453e3
444.1	3.737e3
444.6	1.500e1
445.1	2.244e3
445.6	1.240e2
446.2	1.459e3
446.7	1.900e1
447.3	3.947e3
448.2	1.656e3
448.7	2.000e1
449.3	1.225e3
449.9	2.230e2
450.5	9.920e2
451.0	4.100e1
451.5	2.353e3
452.4	1.443e3
453.2	6.040e4
454.2	6.615e3
454.7	8.900e1
455.3	3.218e3
456.1	1.498e3
456.7	3.000e0
457.2	1.321e3
458.2	8.740e2
459.1	1.179e3
459.9	1.644e3
460.5	1.390e2
461.2	9.490e2
462.1	1.017e3
462.7	5.800e1
463.3	4.502e3
464.2	1.297e3
465.1	1.933e3
465.7	1.300e1
466.2	1.181e3
467.2	1.644e3
467.7	1.440e2
468.3	8.090e2
469.2	2.048e3
470.2	3.701e3
471.2	1.148e3
472.2	9.090e2
473.2	1.757e3
474.2	6.630e2
475.1	7.270e2
475.9	1.824e3
476.4	4.800e1
477.0	1.473e3
478.0	1.423e3
478.6	3.500e1
479.1	2.763e3
479.7	6.500e1
480.2	1.392e3
481.3	1.146e3
482.2	1.517e3
483.2	1.491e3
484.1	1.291e3
484.6	2.000e0
485.2	3.181e3
485.7	5.000e0
486.2	1.599e3
486.8	4.000e1
487.3	1.893e3
488.2	1.017e3
489.2	1.663e3
490.0	9.400e2
490.7	1.320e2
491.4	1.174e3
492.2	2.130e4
493.2	4.120e3
494.2	1.066e3
495.1	2.393e3
495.7	4.900e1
496.2	1.312e3
496.8	1.900e1
497.3	2.343e3
498.2	8.960e2
499.1	1.334e3
499.6	2.500e1
500.1	1.194e3
500.8	4.140e2
501.4	2.195e3
502.2	1.410e3
502.7	1.100e1
503.3	2.095e3
504.2	8.550e2
504.7	4.400e1
505.2	2.271e3
505.7	3.000e1
506.2	1.694e3
507.0	1.360e2
507.6	2.420e3
508.3	1.246e3
509.3	2.437e3
510.2	1.069e3
510.7	3.500e1
511.2	5.248e3
512.2	2.063e3
512.7	6.000e1
513.2	1.616e3
513.8	9.400e1
514.3	1.293e3
515.3	3.923e3
516.2	1.820e3
516.8	1.310e2
517.4	1.719e3
518.2	1.017e3
518.8	7.000e1
519.3	1.581e3
520.3	1.520e3
521.2	6.489e4
522.2	7.325e3
522.7	9.700e1
523.3	3.328e3
524.2	1.725e3
525.1	1.370e3
526.1	6.720e2
526.6	3.600e1
527.2	2.599e3
528.1	1.024e3
529.1	1.263e3
529.6	8.000e1
530.2	1.554e3
530.7	3.900e1
531.2	4.541e3
532.2	1.471e3
533.2	2.512e3
534.2	1.270e3
535.2	1.519e3
535.7	4.000e0
536.2	7.740e2
537.2	2.422e3
538.2	4.826e3
539.2	9.420e2
540.2	1.476e3
541.2	1.483e3
542.1	2.327e3
542.7	1.200e2
543.2	1.845e3
544.2	1.542e3
545.1	1.216e3
545.7	1.500e1
546.2	1.336e3
547.2	2.004e3
547.7	1.800e1
548.2	1.603e3
549.2	1.286e3
550.1	1.318e3
551.1	2.022e3
551.6	4.300e1
552.1	9.050e2
552.7	5.600e1
553.2	3.250e3
553.7	1.000e0
554.2	1.402e3
554.9	4.050e2
555.6	1.365e3
556.3	3.550e2
557.0	1.604e3
557.9	1.460e3
558.4	1.300e1
559.0	1.608e3
559.6	2.940e2
560.2	2.020e4
561.2	3.641e3
562.1	1.514e3
562.6	5.100e1
563.1	2.375e3
563.7	6.200e1
564.2	1.685e3
565.1	1.265e3
565.7	1.200e1
566.2	1.701e3
566.7	3.900e1
567.2	1.245e3
568.1	6.140e2
569.0	1.510e3
569.9	1.079e3
570.7	1.700e3
571.6	1.036e4
572.6	4.198e3
573.5	2.751e3
574.2	1.075e3
575.2	1.434e3
576.1	1.593e3
576.7	1.490e2
577.2	2.160e3
578.2	1.330e3
579.2	3.481e3
580.2	1.722e3
580.7	1.000e0
581.2	2.584e3
582.2	1.287e3
583.2	2.840e3
584.0	4.870e2
584.7	1.839e3
585.3	3.130e2
585.9	1.382e3
586.6	2.120e2
587.2	1.551e3
588.2	1.056e3
589.2	5.148e4
590.2	5.727e3
590.7	2.620e2
591.3	2.989e3
592.1	6.760e2
592.8	1.680e3
593.4	2.460e2
594.0	1.508e3
594.8	2.320e2
595.4	2.586e3
596.2	1.514e3
597.1	1.193e3
598.1	1.155e3
598.7	1.150e2
599.3	4.187e3
599.8	1.800e1
600.3	1.855e3
601.2	1.282e3
602.2	1.691e3
602.7	2.000e0
603.2	1.463e3
604.2	1.149e3
604.7	3.600e1
605.2	1.965e3
606.2	4.033e3
606.7	5.500e1
607.3	1.843e3
608.2	7.370e2
608.8	4.400e1
609.3	1.358e3
609.9	1.120e2
610.4	1.103e3
611.3	1.020e3
612.2	1.952e3
613.3	1.567e3
614.1	1.344e3
615.1	2.543e3
616.1	1.360e3
617.1	1.002e3
618.0	1.549e3
618.9	1.085e3
619.9	2.400e3
620.5	4.470e2
621.2	2.416e3
622.2	1.818e3
623.1	1.375e3
623.7	1.220e2
624.2	1.053e3
625.1	1.451e3
626.1	9.540e2
626.9	1.311e3
627.6	3.290e2
628.3	1.631e4
629.3	3.319e3
630.2	1.649e3
631.1	3.951e3
632.0	1.162e3
632.7	3.060e2
633.4	1.047e3
634.2	5.850e2
635.0	1.400e3
635.9	5.820e2
636.4	4.800e1
637.0	1.718e3
637.9	3.400e2
638.6	2.049e3
639.1	6.700e1
639.6	3.511e3
640.6	1.775e3
641.6	1.893e3
642.3	2.980e2
642.9	1.177e3
643.9	1.959e3
644.6	1.760e2
645.3	2.665e3
646.1	5.170e2
647.0	3.776e3
647.6	6.450e2
648.3	1.616e3
648.9	9.100e1
649.4	2.155e3
650.3	1.184e3
651.2	1.958e3
652.1	1.416e3
652.6	1.000e0
653.2	1.970e3
654.2	1.602e3
655.2	1.357e3
655.8	2.400e1
656.3	1.513e3
657.3	3.186e4
658.2	5.063e3
659.1	2.288e3
659.7	9.000e1
660.2	1.599e3
661.2	1.172e3
662.1	1.675e3
662.6	2.800e1
663.1	1.130e3
664.0	1.820e3
664.6	5.020e2
665.2	1.141e3
666.1	1.582e3
666.7	2.800e1
667.2	3.987e3
668.2	1.942e3
668.8	4.000e0
669.3	2.079e3
670.2	1.555e3
671.2	1.817e3
672.2	1.392e3
673.2	1.626e3
674.2	2.763e3
675.2	2.035e3
676.1	1.377e3
676.6	1.300e1
677.1	1.530e3
677.7	1.880e2
678.4	1.566e3
679.2	8.050e2
679.9	1.710e3
680.8	5.630e2
681.5	1.771e3
682.4	7.470e2
683.3	3.203e3
684.3	2.107e3
685.1	1.412e3
686.1	1.956e3
687.1	1.744e3
688.1	1.295e3
688.6	4.000e0
689.1	1.951e3
690.1	2.238e3
690.6	3.400e1
691.1	1.729e3
692.0	1.100e3
693.0	1.766e3
694.0	1.368e3
694.7	3.280e2
695.3	1.251e3
696.2	1.150e4
697.1	2.789e3
698.1	1.842e3
698.7	3.700e2
699.3	3.548e3
700.3	1.835e3
701.3	1.497e3
702.2	1.118e3
703.2	1.012e3
704.0	7.740e2
704.8	9.510e2
705.6	2.053e3
706.5	1.000e3
707.3	2.416e3
708.3	1.250e3
709.3	2.552e3
710.0	3.950e2
710.7	2.076e3
711.5	1.061e3
712.2	2.001e3
712.8	1.150e2
713.3	2.548e3
714.3	1.161e3
715.2	3.662e3
716.1	1.205e3
716.6	7.800e1
717.2	1.961e3
718.1	2.286e3
718.6	1.310e2
719.2	3.546e3
720.0	1.692e3
721.0	1.784e3
722.0	1.975e3
722.5	1.040e2
723.1	8.220e2
724.1	1.783e3
724.7	1.900e2
725.2	2.555e4
726.2	4.747e3
727.2	4.008e3
727.7	1.400e1
728.2	2.439e3
729.2	2.343e3
729.7	8.000e0
730.3	2.184e3
731.0	9.350e2
731.9	1.721e3
732.5	1.700e2
733.1	1.391e3
734.0	2.029e3
734.5	1.050e2
735.1	3.692e3
736.0	1.787e3
736.5	8.900e1
737.1	2.198e3
737.9	2.073e3
738.7	2.159e3
739.7	1.210e3
740.6	3.273e3
741.4	2.610e3
742.2	3.969e3
743.2	2.107e3
743.9	9.010e2
744.7	4.047e3
745.7	2.328e3
746.6	1.385e3
747.5	1.357e3
748.4	2.116e3
749.0	5.690e2
749.8	1.328e3
750.5	3.780e2
751.1	2.407e3
752.1	2.476e3
753.0	2.061e3
753.6	1.470e2
754.1	2.779e3
755.1	2.695e3
755.9	1.192e3
756.9	2.011e3
757.4	1.200e1
757.9	2.206e3
758.6	6.290e2
759.4	4.751e3
760.2	1.677e3
761.0	1.158e3
761.6	1.880e2
762.1	9.790e2
763.1	2.016e3
763.7	1.220e2
764.3	8.554e3
765.2	2.949e3
765.8	5.440e2
766.4	2.506e3
767.4	4.286e3
767.9	2.570e2
768.5	1.985e3
769.5	2.006e3
770.2	6.470e2
770.9	1.273e3
771.6	3.360e2
772.3	2.439e3
773.0	5.470e2
773.7	2.643e3
774.3	5.310e2
774.9	2.347e3
775.8	1.727e3
776.5	4.500e2
777.2	2.360e3
777.7	1.250e2
778.3	1.419e3
779.0	4.043e3
780.0	2.179e3
780.6	2.580e2
781.2	2.592e3
781.7	8.700e1
782.2	1.647e3
782.8	1.660e2
783.3	3.422e3
784.2	1.738e3
784.7	1.030e2
785.3	2.727e3
786.2	1.744e3
787.1	3.328e3
788.1	3.186e3
788.6	5.330e2
789.3	2.871e3
790.2	2.524e3
791.1	1.381e3
791.6	1.900e1
792.1	2.033e3
792.7	3.940e2
793.3	2.035e4
794.2	4.729e3
794.8	2.370e2
795.4	2.999e3
796.3	3.020e3
797.2	2.495e3
797.8	2.420e2
798.3	3.442e3
799.3	2.504e3
800.2	1.811e3
800.9	3.010e2
801.4	2.629e3
802.3	1.236e3
803.2	3.655e3
804.0	9.960e2
804.8	2.471e3
805.5	9.700e2
806.3	2.666e3
806.8	6.000e1
807.3	2.942e3
808.2	1.898e3
808.7	1.570e2
809.3	2.804e3
810.3	3.661e3
810.8	4.700e1
811.4	2.363e3
812.0	4.230e2
812.8	5.563e3
813.7	3.349e3
814.5	2.126e3
815.4	1.577e3
816.2	1.794e3
816.8	1.050e2
817.4	2.047e3
818.3	2.083e3
818.8	1.800e1
819.3	3.263e3
820.3	2.281e3
821.1	3.451e3
821.7	2.340e2
822.2	3.656e3
823.0	1.557e3
823.6	2.940e2
824.1	1.619e3
824.9	9.310e2
825.7	2.590e3
826.6	1.925e3
827.3	6.788e3
828.3	3.021e3
829.2	2.386e3
830.2	1.707e3
830.8	4.030e2
831.4	1.978e3
832.3	6.711e3
832.8	1.940e2
833.4	2.931e3
834.3	1.568e3
834.9	8.720e2
835.6	4.193e3
836.2	3.890e2
836.9	2.300e3
837.4	8.600e1
837.9	2.199e3
838.7	8.740e2
839.4	2.352e3
840.0	3.720e2
840.6	2.271e3
841.6	2.618e3
842.3	1.686e3
843.3	2.006e3
844.2	1.446e3
845.2	7.920e2
845.9	1.772e3
846.8	6.304e3
847.4	4.950e2
848.0	3.395e3
848.9	2.231e3
849.6	5.030e2
850.2	1.959e3
850.8	1.910e2
851.4	3.248e3
852.1	1.396e3
852.9	2.804e3
853.9	1.570e3
854.6	8.100e2
855.2	3.682e3
855.8	2.370e2
856.4	3.053e3
856.9	3.800e1
857.4	2.413e3
858.3	1.456e3
859.3	1.858e3
859.8	2.200e1
860.3	2.067e3
861.3	1.413e4
862.2	4.371e3
863.2	2.090e3
864.1	1.812e3
864.8	8.770e2
865.4	2.803e3
865.9	1.000e0
866.4	4.724e3
867.4	2.151e3
868.1	1.028e3
868.9	1.927e3
869.8	3.671e3
870.6	6.090e2
871.3	2.966e3
872.1	1.610e3
873.0	2.244e3
873.8	5.850e2
874.4	2.657e3
875.0	1.160e2
875.5	3.005e3
876.4	1.962e3
877.4	3.105e3
878.3	1.981e3
879.1	9.510e2
879.8	1.833e3
880.8	7.580e3
881.8	2.696e3
882.6	1.001e3
883.4	2.720e3
884.2	1.137e3
885.0	2.026e3
886.0	2.584e3
886.6	6.040e2
887.2	3.085e3
888.3	1.969e3
889.0	1.450e3
889.6	3.789e3
890.4	1.862e3
891.1	2.718e3
892.0	1.437e3
892.9	2.081e3
893.4	6.500e1
893.9	2.522e3
894.6	5.940e2
895.3	5.960e3
896.2	2.863e3
897.1	2.502e3
898.0	2.107e3
898.5	2.950e2
899.1	2.562e3
899.7	3.980e2
900.3	6.825e3
901.1	2.533e3
901.6	2.200e1
902.1	3.065e3
902.8	2.190e2
903.3	3.632e3
904.2	1.584e3
905.1	1.981e3
905.7	6.450e2
906.4	2.650e3
907.3	1.348e3
908.2	2.796e3
909.1	2.118e3
909.6	6.100e1
910.1	2.556e3
910.6	3.600e1
911.1	2.366e3
911.7	2.260e2
912.2	2.853e3
913.2	2.405e3
914.1	1.783e3
914.9	5.457e3
915.5	2.040e2
916.0	2.906e3
916.7	5.280e2
917.4	1.981e3
918.4	2.185e3
919.4	1.961e3
920.3	2.502e3
920.8	4.500e1
921.4	2.940e3
922.3	1.408e3
923.2	3.585e3
923.7	8.400e1
924.2	3.135e3
925.1	1.690e3
926.0	1.502e3
926.8	1.753e3
927.5	6.790e2
928.1	2.203e3
928.7	3.330e2
929.3	1.205e4
930.2	4.027e3
931.0	1.684e3
931.9	2.225e3
932.4	1.200e1
932.9	2.367e3
933.8	1.286e3
934.5	3.965e3
935.4	1.580e3
936.3	1.652e3
936.8	1.890e2
937.4	2.516e3
938.2	1.573e3
939.2	3.221e3
939.9	1.082e3
940.7	1.886e3
941.5	8.540e2
942.4	4.051e3
943.3	2.387e3
944.3	1.677e3
945.1	2.746e3
946.2	2.587e3
947.2	2.885e3
948.1	1.228e3
948.9	4.837e3
949.6	1.242e3
950.4	3.094e3
951.3	1.921e3
951.9	4.000e1
952.4	2.263e3
953.3	1.248e3
954.1	3.147e3
954.6	2.130e2
955.2	3.120e3
955.7	2.200e1
956.2	2.349e3
956.7	2.000e0
957.2	2.987e3
957.8	1.490e2
958.3	3.375e3
959.3	3.027e3
960.1	1.032e3
961.0	2.591e3
961.9	2.731e3
962.6	6.460e2
963.2	4.784e3
964.2	3.183e3
964.7	5.700e1
965.2	2.316e3
965.9	3.630e2
966.4	2.169e3
967.3	1.441e3
968.3	6.451e3
968.8	4.340e2
969.4	3.121e3
970.0	3.730e2
970.5	1.908e3
971.5	2.313e3
972.2	9.230e2
973.0	2.694e3
973.9	1.943e3
974.4	1.930e2
975.0	2.397e3
975.7	8.330e2
976.5	2.321e3
977.1	7.650e2
977.8	2.680e3
978.4	9.760e2
979.2	2.807e3
980.1	1.710e3
981.1	2.625e3
982.0	1.811e3
982.9	4.783e3
983.6	1.037e3
984.3	2.097e3
984.8	4.200e1
985.3	2.492e3
985.8	2.000e1
986.3	1.565e3
987.2	2.765e3
987.7	2.660e2
988.3	1.994e3
989.2	2.426e3
989.8	4.400e1
990.3	1.881e3
991.3	3.623e3
992.2	3.212e3
993.1	2.010e3
994.1	2.892e3
994.6	2.280e2
995.2	1.448e3
996.1	2.408e3
996.7	1.460e2
997.2	9.266e3
998.1	3.549e3
999.0	1.691e3
999.8	2.628e3
1000.6	1.124e3
1001.4	2.046e3
1002.3	3.994e3
1003.3	2.444e3
1003.8	1.130e2
1004.3	2.473e3
1004.9	3.030e2
1005.5	2.152e3
1006.4	2.865e3
1007.3	2.223e3
1008.3	1.604e3
1008.8	9.000e0
1009.3	1.879e3
1010.4	2.549e3
1011.0	2.040e2
1011.5	2.774e3
1012.4	1.508e3
1013.3	3.201e3
1013.9	3.680e2
1014.5	2.915e3
1015.4	1.575e3
1016.1	4.970e2
1016.8	4.288e3
1017.5	1.545e3
1018.2	2.666e3
1019.1	2.617e3
1019.9	1.451e3
1020.9	2.206e3
1021.8	2.456e3
1022.4	3.500e2
1023.0	2.681e3
1024.0	2.957e3
1024.6	2.910e2
1025.2	3.097e3
1026.1	2.822e3
1027.1	2.173e3
1027.7	5.730e2
1028.2	2.227e3
1028.8	8.500e1
1029.3	2.465e3
1029.8	2.000e1
1030.4	1.797e3
1031.3	5.333e3
1032.2	2.182e3
1033.0	1.740e3
1033.6	5.270e2
1034.4	1.856e3
1035.4	2.147e3
1036.3	4.820e3
1037.0	1.129e3
1037.8	2.280e3
1038.5	8.280e2
1039.2	3.396e3
1040.1	2.750e3
1041.1	2.280e3
1041.9	1.009e3
1042.7	2.341e3
1043.2	1.000e1
1043.7	1.815e3
1044.6	2.093e3
1045.4	1.136e3
1046.2	3.059e3
1046.7	2.900e1
1047.2	1.999e3
1048.2	2.469e3
1048.8	5.010e2
1049.5	1.888e3
1050.2	3.330e2
1050.8	4.770e3
1051.4	7.420e2
1052.1	2.692e3
1052.6	1.670e2
1053.2	2.976e3
1053.9	8.520e2
1054.6	1.769e3
1055.4	2.436e3
1056.0	2.970e2
1056.6	2.978e3
1057.2	1.800e1
1057.7	1.935e3
1058.4	3.660e2
1059.1	2.817e3
1059.6	2.850e2
1060.3	2.977e3
1061.2	2.310e3
1061.7	7.800e1
1062.3	1.835e3
1062.9	1.310e2
1063.4	2.472e3
1064.3	1.483e3
1065.3	6.614e3
1066.2	2.228e3
1067.2	2.550e3
1068.1	1.817e3
1069.0	2.405e3
1069.6	1.200e2
1070.1	2.613e3
1071.0	3.221e3
1071.9	1.789e3
1072.6	7.220e2
1073.3	2.510e3
1073.8	5.900e1
1074.4	2.892e3
1075.4	1.790e3
1075.9	2.000e1
1076.4	2.086e3
1076.9	3.000e0
1077.4	2.320e3
1078.1	6.510e2
1078.7	3.334e3
1079.3	3.830e2
1079.9	2.780e3
1080.5	9.400e1
1081.1	2.829e3
1081.6	4.300e1
1082.1	2.581e3
1082.6	7.300e1
1083.2	2.259e3
1084.1	1.075e3
1084.8	4.374e3
1085.7	2.695e3
1086.4	1.351e3
1087.1	2.651e3
1087.7	8.300e1
1088.2	1.668e3
1089.2	1.071e3
1089.9	2.531e3
1090.9	3.232e3
1091.9	1.727e3
1092.8	2.018e3
1093.6	3.207e3
1094.6	2.618e3
1095.4	8.910e2
1096.1	2.526e3
1096.8	5.940e2
1097.5	2.004e3
1098.4	2.292e3
1099.3	4.328e3
1100.2	2.390e3
1100.7	4.590e2
1101.3	2.540e3
1101.9	2.400e1
1102.4	2.530e3
1103.4	2.039e3
1104.4	4.344e3
1105.1	1.182e3
1105.8	2.683e3
1106.4	8.960e2
1107.0	2.309e3
1107.6	1.990e2
1108.1	2.234e3
1109.1	1.759e3
1109.6	4.200e1
1110.2	2.762e3
1111.0	9.160e2
1111.8	2.330e3
1112.7	2.511e3
1113.7	2.085e3
1114.4	8.400e2
1115.1	2.535e3
1115.6	6.500e1
1116.2	1.664e3
1117.1	2.654e3
1117.9	1.559e3
1118.7	2.422e3
1119.6	3.769e3
1120.6	3.593e3
1121.5	1.499e3
1122.4	2.228e3
1122.9	1.000e1
1123.4	2.569e3
1124.4	3.065e3
1125.2	1.127e3
1126.0	2.532e3
1126.5	3.520e2
1127.1	1.787e3
1128.0	3.096e3
1129.0	1.616e3
1129.6	3.300e2
1130.3	2.964e3
1131.2	1.680e3
1132.2	2.508e3
1132.8	3.010e2
1133.3	6.378e3
1134.3	3.321e3
1135.2	2.086e3
1135.9	7.750e2
1136.5	2.287e3
1137.1	2.070e2
1137.7	1.881e3
1138.6	3.377e3
1139.5	1.581e3
1140.4	2.864e3
1141.2	1.544e3
1142.0	2.882e3
1142.8	8.300e2
1143.5	2.787e3
1144.4	2.317e3
1145.2	9.200e2
1146.0	2.932e3
1147.0	2.059e3
1148.0	2.687e3
1148.5	2.570e2
1149.1	2.042e3
1149.6	9.000e1
1150.2	2.746e3
1150.8	1.590e2
1151.3	1.627e3
1152.1	7.310e2
1152.7	3.528e3
1153.3	5.400e2
1153.9	2.725e3
1154.6	7.750e2
1155.3	2.682e3
1155.8	3.700e1
1156.3	1.994e3
1157.1	1.095e3
1157.8	3.186e3
1158.4	4.000e1
1158.9	2.249e3
1159.7	2.135e3
1160.6	3.231e3
1161.4	1.991e3
1162.3	2.690e3
1162.8	1.150e2
1163.4	2.456e3
1164.2	9.470e2
1164.9	2.751e3
1165.4	3.100e1
1165.9	1.921e3
1166.9	1.828e3
1167.7	4.391e3
1168.4	1.007e3
1169.0	2.807e3
1169.8	1.132e3
1170.5	2.438e3
1171.4	2.058e3
1172.3	4.027e3
1172.9	3.220e2
1173.5	2.226e3
1174.1	3.770e2
1174.8	2.309e3
1175.5	3.794e3
1176.1	2.000e2
1176.6	2.063e3
1177.5	2.673e3
1178.2	9.580e2
1179.0	2.511e3
1179.8	1.126e3
1180.6	2.880e3
1181.5	1.450e3
1182.4	2.725e3
1183.0	1.470e2
1183.5	2.453e3
1184.4	1.074e3
1185.2	2.976e3
1185.9	1.215e3
1186.7	3.413e3
1187.2	3.200e1
1187.8	3.211e3
1188.7	2.260e3
1189.7	2.529e3
1190.5	1.143e3
1191.3	2.637e3
1191.9	1.660e2
1192.4	2.830e3
1192.9	2.900e1
1193.4	3.730e3
1194.1	6.380e2
1194.9	3.152e3
1195.9	2.313e3
1196.9	2.639e3
1197.5	7.920e2
1198.2	2.403e3
1198.8	2.300e2
1199.4	2.175e3
1200.3	2.764e3
1201.3	5.276e3
1202.2	1.858e3
1203.0	2.215e3
1203.9	2.531e3
1204.9	2.805e3
1205.4	5.000e0
1205.9	2.560e3
1206.8	2.679e3
1207.7	1.391e3
1208.5	2.934e3
1209.0	4.000e1
1209.5	3.035e3
1210.0	2.300e1
1210.6	2.518e3
1211.2	5.690e2
1211.9	3.146e3
1212.4	1.000e1
1213.0	1.605e3
1213.9	1.571e3
1214.6	3.326e3
1215.6	2.766e3
1216.2	1.840e2
1216.7	2.566e3
1217.4	9.390e2
1218.1	2.496e3
1219.0	1.090e3
1219.8	2.391e3
1220.8	3.377e3
1221.6	1.644e3
1222.6	2.560e3
1223.3	3.740e2
1223.9	2.914e3
1224.6	3.920e2
1225.2	2.267e3
1226.2	2.426e3
1226.7	3.900e1
1227.2	2.206e3
1228.1	2.169e3
1229.0	2.620e3
1230.0	3.156e3
1230.6	2.970e2
1231.2	2.319e3
1232.0	1.222e3
1232.7	1.681e3
1233.5	2.399e3
1234.4	1.614e3
1235.3	3.992e3
1236.2	2.771e3
1237.2	2.335e3
1237.8	2.090e2
1238.3	2.789e3
1239.3	2.740e3
1240.3	4.113e3
1241.1	2.002e3
1241.9	2.984e3
1242.6	3.540e2
1243.2	2.697e3
1244.0	1.242e3
1244.7	2.423e3
1245.5	7.790e2
1246.2	2.444e3
1247.0	2.045e3
1247.9	1.406e3
1248.7	1.083e3
1249.5	2.407e3
1250.2	9.630e2
1250.9	2.457e3
1251.4	7.500e1
1251.9	1.984e3
1252.6	8.430e2
1253.4	2.341e3
1254.4	2.534e3
1255.0	8.700e1
1255.5	2.687e3
1256.5	3.346e3
1257.3	1.921e3
1258.1	9.200e2
1258.9	1.795e3
1259.7	3.477e3
1260.2	1.080e2
1260.8	3.206e3
1261.5	1.259e3
1262.4	2.769e3
1263.2	1.333e3
1264.0	2.986e3
1264.7	9.540e2
1265.4	2.192e3
1266.0	1.490e2
1266.6	2.759e3
1267.6	2.242e3
1268.4	8.160e2
1269.1	4.219e3
1269.9	2.581e3
1270.4	2.290e2
1271.0	3.256e3
1271.9	1.108e3
1272.6	3.299e3
1273.4	1.579e3
1274.3	3.210e3
1274.8	1.260e2
1275.3	3.215e3
1276.3	1.918e3
1276.8	1.670e2
1277.4	2.891e3
1277.9	6.400e1
1278.5	2.583e3
1279.4	2.269e3
1280.0	7.000e1
1280.5	2.170e3
1281.2	6.010e2
1281.8	1.849e3
1282.8	2.439e3
1283.5	8.080e2
1284.2	2.546e3
1284.7	2.250e2
1285.3	2.303e3
1286.1	1.403e3
1287.0	2.598e3
1287.8	1.662e3
1288.7	2.730e3
1289.4	7.440e2
1290.1	2.178e3
1291.1	2.052e3
1291.6	3.900e1
1292.1	2.475e3
1293.1	3.451e3
1294.1	2.416e3
1295.0	2.583e3
1295.6	2.300e1
1296.1	1.919e3
1296.6	2.090e2
1297.2	3.196e3
1297.9	5.530e2
1298.6	3.469e3
1299.5	1.483e3
1300.3	2.000e3
1300.9	4.240e2
1301.5	2.145e3
1302.4	1.286e3
1303.2	3.301e3
1304.1	3.430e3
1304.9	1.334e3
1305.6	2.764e3
1306.2	2.380e2
1306.7	2.264e3
1307.5	1.321e3
1308.4	4.035e3
1309.1	1.006e3
1309.9	3.079e3
1310.7	1.482e3
1311.5	2.917e3
1312.1	4.140e2
1312.7	2.504e3
1313.4	8.640e2
1314.1	2.283e3
1315.0	2.042e3
1316.0	1.474e3
1316.5	2.100e1
1317.0	2.110e3
1317.6	4.730e2
1318.3	2.584e3
1318.9	8.370e2
1319.6	2.410e3
1320.1	2.140e2
1320.7	3.016e3
1321.6	2.199e3
1322.2	4.460e2
1322.8	3.347e3
1323.7	2.411e3
1324.5	1.306e3
1325.2	2.566e3
1325.9	4.000e2
1326.5	2.475e3
1327.4	1.975e3
1328.2	1.042e3
1328.9	2.843e3
1329.5	4.020e2
1330.2	1.811e3
1331.2	3.010e3
1332.1	2.186e3
1332.7	2.030e2
1333.2	2.914e3
1334.2	1.874e3
1335.2	2.179e3
1336.1	2.624e3
1336.8	7.540e2
1337.4	3.376e3
1338.3	2.741e3
1339.3	3.187e3
1340.2	1.489e3
1341.1	2.595e3
1342.0	1.940e3
1343.0	3.246e3
1343.9	1.907e3
1344.4	6.400e1
1344.9	2.258e3
1345.9	3.150e3
1346.4	6.600e1
1347.0	1.956e3
1347.5	9.300e1
1348.0	2.456e3
1348.7	7.020e2
1349.5	2.427e3
1350.1	3.640e2
1350.7	2.101e3
1351.6	2.940e3
1352.6	2.082e3
1353.5	2.807e3
1354.0	4.900e1
1354.5	2.884e3
1355.3	9.150e2
1356.0	1.597e3
1356.9	2.700e3
1357.6	1.306e3
1358.5	2.595e3
1359.5	2.613e3
1360.1	4.240e2
1360.7	2.803e3
1361.6	1.828e3
1362.5	2.992e3
1363.1	3.420e2
1363.7	1.796e3
1364.4	6.970e2
1365.1	2.458e3
1365.6	1.400e1
1366.1	2.853e3
1367.0	2.023e3
1367.9	2.294e3
1368.9	2.505e3
1369.5	1.290e2
1370.0	1.919e3
1371.0	3.024e3
1371.6	3.980e2
1372.2	2.572e3
1372.7	1.140e2
1373.2	3.054e3
1374.1	1.452e3
1374.9	2.336e3
1375.6	6.390e2
1376.3	3.748e3
1377.1	1.393e3
1377.9	2.891e3
1378.6	8.680e2
1379.4	3.207e3
1380.4	1.868e3
1380.9	1.340e2
1381.4	2.524e3
1382.3	2.328e3
1383.2	2.947e3
1384.0	1.218e3
1384.5	1.630e2
1385.1	2.836e3
1385.6	6.500e1
1386.2	2.862e3
1387.2	1.511e3
1388.1	2.630e3
1388.8	4.530e2
1389.4	2.407e3
1389.9	2.600e1
1390.5	2.968e3
1391.4	2.635e3
1392.3	2.837e3
1393.3	2.309e3
1394.3	1.582e3
1395.1	1.861e3
1396.1	2.034e3
1396.8	5.410e2
1397.4	2.309e3
1398.3	2.527e3
1399.3	1.733e3
1400.1	3.050e3
1400.7	1.980e2
1401.2	2.538e3
1402.2	1.663e3
1403.1	3.713e3
1404.0	2.380e3
1404.6	4.890e2
1405.3	3.681e3
1405.9	8.290e2
1406.6	2.258e3
1407.1	7.600e1
1407.7	2.069e3
1408.3	6.870e2
1409.0	2.897e3
1409.9	2.065e3
1410.8	2.774e3
1411.6	2.052e3
1412.5	2.542e3
1413.0	1.720e2
1413.6	3.130e3
1414.5	2.160e3
1415.3	2.176e3
1416.3	2.495e3
1417.2	2.117e3
1417.9	7.640e2
1418.6	2.789e3
1419.5	2.098e3
1420.5	2.181e3
1421.0	2.930e2
1421.6	3.361e3
1422.5	1.750e3
1423.2	5.840e2
1423.8	2.222e3
1424.3	3.700e1
1424.8	2.882e3
1425.8	2.320e3
1426.6	1.010e3
1427.4	2.017e3
1427.9	5.500e1
1428.5	1.875e3
1429.2	3.900e2
1429.9	2.328e3
1430.4	2.920e2
1431.0	1.569e3
1431.8	2.402e3
1432.6	8.870e2
1433.4	2.518e3
1434.3	2.310e3
1434.8	2.050e2
1435.4	2.590e3
1436.3	2.471e3
1437.0	8.940e2
1437.6	1.236e3
1438.4	2.508e3
1439.0	1.000e0
1439.5	3.114e3
1440.2	1.046e3
1441.0	2.768e3
1441.8	1.309e3
1442.7	2.707e3
1443.4	6.490e2
1444.2	3.258e3
1445.0	1.313e3
1446.0	3.438e3
1446.7	6.240e2
1447.3	2.737e3
1447.9	2.360e2
1448.5	2.624e3
1449.2	1.174e3
1450.1	2.401e3
1450.8	9.730e2
1451.6	2.359e3
1452.3	4.360e2
1453.0	2.400e3
1453.9	1.578e3
1454.6	2.315e3
1455.2	7.800e1
1455.7	2.738e3
1456.2	2.700e1
1456.7	2.414e3
1457.5	1.670e3
1458.4	2.942e3
1459.0	5.260e2
1459.7	2.382e3
1460.5	1.160e3
1461.3	1.643e3
1461.8	2.000e1
1462.3	2.350e3
1463.2	1.307e3
1464.0	2.772e3
1464.6	8.920e2
1465.3	2.005e3
1466.1	1.010e3
1467.1	2.315e3
1467.6	1.790e2
1468.2	2.884e3
1469.2	1.526e3
1470.1	2.127e3
1470.8	1.077e3
1471.7	1.656e3
1472.8	3.455e3
1473.7	2.681e3
1474.6	3.481e3
1475.3	7.930e2
1476.0	3.048e3
1476.6	3.720e2
1477.3	1.141e3
1478.2	2.251e3
1479.1	2.647e3
1480.1	1.737e3
1480.6	2.800e1
1481.2	1.406e3
1482.1	2.394e3
1483.1	1.806e3
1483.9	1.105e3
1484.8	2.093e3
1485.3	2.900e2
1485.9	2.715e3
1486.8	1.759e3
1487.3	1.540e2
1487.9	2.307e3
1488.5	1.690e2
1489.1	2.524e3
1490.1	1.829e3
1491.0	1.872e3
1491.6	3.440e2
1492.3	2.592e3
1492.8	4.180e2
1493.5	3.262e3
1494.1	3.170e2
1494.7	2.099e3
1495.6	2.329e3
1496.5	1.870e3
1497.1	1.280e2
1497.6	3.107e3
1498.6	1.954e3
1499.1	1.120e2
1499.6	2.361e3
1500.2	2.860e2
1500.9	2.579e3
1501.5	7.300e1
1502.1	2.287e3
1502.6	3.440e2
1503.3	1.985e3
1504.1	7.510e2
1504.9	2.135e3
1505.4	2.600e1
1505.9	1.714e3
1506.9	1.477e3
1507.8	1.999e3
1508.8	2.492e3
1509.7	2.542e3
1510.5	1.523e3
1511.2	8.910e2
1511.9	2.643e3
1512.7	1.443e3
1513.5	2.992e3
1514.3	8.540e2
1515.2	2.326e3
1515.8	1.470e2
1516.4	1.764e3
1516.9	7.000e0
1517.4	2.008e3
1518.2	8.500e2
1519.0	2.155e3
1519.6	2.110e2
1520.2	2.220e3
1521.0	7.930e2
1521.8	2.659e3
1522.4	6.400e1
1522.9	2.303e3
1523.8	1.835e3
1524.6	7.940e2
1525.4	2.399e3
1525.9	5.600e1
1526.4	1.478e3
1527.3	2.615e3
1528.2	1.533e3
1529.2	1.742e3
1529.8	6.510e2
1530.6	1.851e3
1531.6	2.305e3
1532.2	6.280e2
1532.9	2.461e3
1533.4	1.210e2
1534.0	2.100e3
1534.7	7.410e2
1535.5	2.278e3
1536.4	1.186e3
1537.2	1.430e3
1538.2	2.723e3
1538.8	1.980e2
1539.4	1.860e3
1540.0	6.180e2
1540.7	2.015e3
1541.5	1.383e3
1542.2	2.821e3
1542.8	1.460e2
1543.5	2.652e3
1544.3	1.912e3
1545.3	1.726e3
1546.2	2.626e3
1547.2	1.617e3
1547.8	3.670e2
1548.5	2.383e3
1549.0	5.070e2
1549.7	2.185e3
1550.2	1.080e2
1550.7	1.196e3
1551.6	1.370e3
1552.2	2.260e2
1552.8	1.520e3
1553.8	1.505e3
1554.7	2.443e3
1555.4	8.940e2
1556.3	2.141e3
1557.3	1.563e3
1558.2	1.406e3
1559.1	1.963e3
1559.8	5.120e2
1560.6	2.038e3
1561.5	1.999e3
1562.1	5.370e2
1562.9	2.863e3
1563.5	2.920e2
1564.1	1.693e3
1565.0	2.274e3
1566.0	2.698e3
1566.9	1.122e3
1567.6	3.270e2
1568.3	1.800e3
1569.0	7.110e2
1569.7	2.056e3
1570.7	2.616e3
1571.2	4.700e1
1571.7	1.698e3
1572.5	9.910e2
1573.5	2.214e3
1574.4	1.484e3
1575.4	1.935e3
1575.9	6.600e1
1576.4	2.277e3
1577.3	1.698e3
1578.1	1.034e3
1579.0	2.353e3
1579.8	7.380e2
1580.5	2.280e3
1581.5	9.820e2
1582.3	2.111e3
1582.9	3.730e2
1583.6	2.685e3
1584.4	3.890e2
1585.0	1.850e3
1585.6	1.290e2
1586.2	1.790e3
1586.7	2.000e0
1587.3	1.425e3
1588.2	2.352e3
1588.8	3.420e2
1589.4	2.002e3
1589.9	4.600e1
1590.5	1.436e3
1591.3	2.372e3
1592.3	1.054e3
1593.2	2.304e3
1593.7	1.950e2
1594.2	2.727e3
1595.2	2.049e3
1596.2	1.156e3
1597.1	1.106e3
1598.0	1.253e3
1599.0	1.573e3
1599.9	1.518e3
1600.4	2.400e1
1601.0	2.127e3
1601.7	4.170e2
1602.4	2.041e3
1603.0	3.040e2
1603.6	1.799e3
1604.3	8.560e2
1605.1	2.415e3
1605.7	5.860e2
1606.4	2.219e3
1607.1	7.500e2
1608.0	1.886e3
1608.7	6.320e2
1609.4	2.158e3
1610.2	1.502e3
1611.1	1.465e3
1611.8	6.250e2
1612.6	2.297e3
1613.4	1.732e3
1614.1	9.510e2
1614.9	1.819e3
1615.7	9.570e2
1616.5	1.477e3
1617.0	4.400e1
1617.6	1.906e3
1618.3	7.160e2
1619.0	2.277e3
1619.9	1.207e3
1620.8	2.281e3
1621.5	5.790e2
1622.2	2.026e3
1623.2	2.187e3
1623.8	2.100e2
1624.3	1.626e3
1624.9	2.100e1
1625.4	2.103e3
1626.3	1.578e3
1627.2	2.347e3
1627.8	8.900e1
1628.4	1.882e3
1629.1	5.390e2
1629.8	2.190e3
1630.5	1.128e3
1631.4	1.822e3
1631.9	2.700e1
1632.4	1.518e3
1633.4	1.740e3
1634.0	6.000e1
1634.5	2.567e3
1635.1	3.300e1
1635.7	1.789e3
1636.4	5.370e2
1637.1	2.151e3
1638.1	1.796e3
1638.7	3.970e2
1639.3	1.741e3
1640.1	1.132e3
1640.8	5.660e2
1641.6	1.944e3
1642.7	1.622e3
1643.6	1.442e3
1644.2	1.400e1
1644.7	2.251e3
1645.4	6.150e2
1646.1	1.693e3
1646.6	4.000e0
1647.1	1.062e3
1647.7	6.100e1
1648.2	2.167e3
1648.7	7.900e1
1649.2	2.101e3
1650.0	1.601e3
1650.9	2.486e3
1651.8	9.440e2
1652.7	2.159e3
1653.6	1.476e3
1654.2	1.810e2
1654.8	1.705e3
1655.7	9.880e2
1656.5	1.672e3
1657.5	1.392e3
1658.3	7.510e2
1659.1	2.450e3
1659.7	4.120e2
1660.3	2.029e3
1660.8	6.000e0
1661.4	1.801e3
1662.0	4.220e2
1662.7	1.861e3
1663.3	1.380e2
1663.8	1.881e3
1664.8	1.834e3
1665.7	1.306e3
1666.7	1.511e3
1667.6	1.284e3
1668.3	3.040e2
1669.0	1.768e3
1669.9	1.910e3
1670.9	1.772e3
1671.5	7.400e1
1672.0	2.066e3
1672.6	3.800e1
1673.1	1.769e3
1673.7	3.240e2
1674.4	1.689e3
1674.9	2.320e2
1675.5	1.953e3
1676.3	7.940e2
1677.1	2.027e3
1677.6	2.200e1
1678.1	1.693e3
1679.1	1.314e3
1679.8	5.560e2
1680.5	1.704e3
1681.3	1.192e3
1682.0	1.779e3
1682.8	9.100e2
1683.5	1.792e3
1684.4	9.440e2
1685.2	1.680e3
1685.9	2.630e2
1686.5	1.284e3
1687.5	1.702e3
1688.0	8.000e0
1688.5	1.435e3
1689.3	1.031e3
1689.9	1.040e2
1690.5	1.591e3
1691.2	2.170e2
1691.8	2.091e3
1692.4	1.530e2
1692.9	2.202e3
1693.9	1.186e3
1694.7	1.327e3
1695.2	2.200e1
1695.8	1.563e3
1696.7	2.121e3
1697.6	1.119e3
1698.3	7.180e2
1699.0	2.066e3
1699.7	4.670e2
1700.4	9.930e2
1701.4	1.281e3
1701.9	1.080e2
1702.5	1.530e3
1703.1	2.500e2
1703.7	1.306e3
1704.2	9.900e1
1704.8	1.037e3
1705.3	6.200e1
1705.9	1.646e3
1706.9	1.146e3
1707.8	1.604e3
1708.7	1.854e3
1709.5	7.440e2
1710.3	1.791e3
1710.9	5.600e1
1711.4	1.514e3
1712.4	1.556e3
1713.1	6.670e2
1714.0	1.058e3
1715.0	2.382e3
1715.9	1.923e3
1716.7	8.440e2
1717.5	1.065e3
1718.3	1.525e3
1719.3	2.054e3
1720.3	1.106e3
1720.9	4.800e2
1721.5	1.488e3
1722.5	1.493e3
1723.0	2.600e1
1723.5	1.605e3
1724.1	8.300e1
1724.6	1.377e3
1725.2	1.660e2
1725.8	1.742e3
1726.7	6.430e2
1727.4	9.510e2
1728.3	1.473e3
1729.2	1.849e3
1729.8	2.070e2
1730.4	2.807e3
1731.2	6.720e2
1731.8	1.814e3
1732.8	1.367e3
1733.4	2.600e1
1733.9	1.647e3
1734.8	6.290e2
1735.5	1.579e3
1736.0	1.000e0
1736.6	1.891e3
1737.5	6.000e2
1738.2	1.789e3
1738.8	2.850e2
1739.4	1.170e3
1740.3	1.278e3
1741.2	5.650e2
1741.9	3.030e2
1742.6	1.571e3
1743.4	3.860e2
1744.1	1.617e3
1744.8	5.950e2
1745.6	2.170e3
1746.2	3.390e2
1746.8	1.813e3
1747.5	2.370e2
1748.2	1.843e3
1748.9	7.880e2
1749.7	9.730e2
1750.6	2.081e3
1751.6	1.580e3
1752.3	1.047e3
1753.0	1.785e3
1754.0	1.428e3
1754.8	1.659e3
1755.8	1.727e3
1756.6	2.820e2
1757.2	1.604e3
1757.8	2.320e2
1758.4	1.204e3
1759.1	2.760e2
1759.6	1.770e3
1760.2	4.400e1
1760.7	1.540e3
1761.3	2.050e2
1761.9	8.140e2
1762.7	1.905e3
1763.3	1.220e2
1763.9	1.823e3
1764.9	7.630e2
1765.8	1.354e3
1766.3	3.300e1
1766.8	1.629e3
1767.8	1.425e3
1768.8	1.693e3
1769.7	1.550e3
1770.6	5.850e2
1771.6	1.851e3
1772.3	6.940e2
1772.9	1.150e3
1773.8	1.766e3
1774.6	9.900e2
1775.6	1.567e3
1776.5	1.694e3
1777.3	5.160e2
1778.1	1.232e3
1779.0	1.511e3
1779.8	1.024e3
1780.8	1.410e3
1781.3	2.000e0
1781.9	1.182e3
1782.7	6.240e2
1783.5	2.470e2
1784.2	1.391e3
1784.8	3.900e1
1785.4	1.594e3
1786.2	8.920e2
1787.0	1.813e3
1787.7	6.690e2
1788.3	1.219e3
1789.2	1.352e3
1790.2	1.660e3
1790.8	1.100e2
1791.4	1.366e3
1792.2	1.757e3
1792.9	3.280e2
1793.6	1.650e3
1794.2	4.900e1
1794.7	1.709e3
1795.4	3.090e2
1796.1	1.813e3
1797.0	1.353e3
1797.5	8.300e1
1798.1	1.915e3
1798.6	3.000e0
1799.1	1.524e3
1799.6	7.200e1
1800.1	1.558e3
1800.7	2.160e2
1801.3	1.796e3
1801.9	2.090e2
1802.4	1.876e3
1803.2	5.900e2
1804.0	1.233e3
1804.6	4.900e1
1805.2	1.752e3
1805.9	5.460e2
1806.7	9.030e2
1807.4	1.806e3
1808.1	5.840e2
1808.8	1.552e3
1809.8	1.635e3
1810.3	2.000e0
1810.9	9.320e2
1811.9	1.718e3
1812.8	1.362e3
1813.6	6.370e2
1814.3	1.600e3
1815.1	3.850e2
1815.8	1.034e3
1816.7	1.614e3
1817.2	1.000e0
1817.7	1.577e3
1818.8	1.857e3
1819.3	1.000e0
1819.8	9.810e2
1820.7	1.519e3
1821.7	1.421e3
1822.3	1.000e0
1822.8	1.985e3
1823.6	5.670e2
1824.3	1.608e3
1825.3	1.287e3
1825.9	5.000e0
1826.4	1.088e3
1827.4	1.098e3
1828.2	1.865e3
1828.9	9.200e2
1829.8	1.344e3
1830.8	1.088e3
1831.7	3.350e2
1832.6	1.580e3
1833.2	3.010e2
1833.8	1.787e3
1834.8	9.470e2
1835.7	1.359e3
1836.3	3.200e1
1836.8	8.590e2
1837.6	1.705e3
1838.5	1.253e3
1839.4	6.680e2
1840.3	1.549e3
1841.1	8.290e2
1841.9	1.472e3
1842.8	9.350e2
1843.7	9.110e2
1844.6	1.353e3
1845.3	1.481e3
1846.0	2.610e2
1846.6	1.246e3
1847.1	1.270e2
1847.8	1.368e3
1848.5	4.610e2
1849.2	1.312e3
1850.2	1.071e3
1850.8	1.810e2
1851.5	1.294e3
1852.0	2.000e0
1852.6	1.397e3
1853.6	1.392e3
1854.6	1.045e3
1855.5	4.110e2
1856.5	1.270e3
1857.3	6.050e2
1858.2	1.460e3
1859.0	4.590e2
1859.7	8.630e2
1860.3	5.640e2
1861.0	1.240e3
1862.0	1.521e3
1862.9	1.284e3
1863.9	1.851e3
1864.6	1.940e2
1865.3	1.426e3
1866.1	1.025e3
1867.1	1.647e3
1867.8	4.220e2
1868.5	1.292e3
1869.1	5.100e1
1869.6	1.435e3
1870.4	6.370e2
1871.4	1.417e3
1872.0	5.820e2
1872.8	9.800e2
1873.6	1.408e3
1874.6	1.332e3
1875.4	8.530e2
1876.3	1.545e3
1876.9	2.180e2
1877.6	1.043e3
1878.1	4.300e1
1878.6	8.020e2
1879.2	9.000e0
1879.8	8.810e2
1880.3	6.800e1
1880.9	1.674e3
1881.5	1.400e2
1882.1	1.018e3
1883.0	9.030e2
1883.9	1.470e3
1884.9	1.296e3
1885.8	1.036e3
1886.7	1.225e3
1887.4	5.080e2
1888.2	1.064e3
1889.0	5.120e2
1889.7	1.318e3
1890.5	2.460e2
1891.3	1.426e3
1892.3	1.467e3
1893.3	1.138e3
1893.8	2.400e1
1894.3	1.290e3
1895.3	1.475e3
1896.0	4.030e2
1896.7	1.580e3
1897.6	1.694e3
1898.5	8.720e2
1899.5	9.790e2
1900.3	2.024e3
1901.2	1.299e3
1901.8	1.230e2
1902.4	1.522e3
1902.9	1.200e1
1903.5	1.007e3
1904.1	2.150e2
1904.7	1.116e3
1905.5	3.160e2
1906.2	1.483e3
1906.8	1.470e2
1907.4	1.470e3
1908.3	1.563e3
1909.4	1.228e3
1910.1	2.150e2
1910.8	1.493e3
1911.5	3.490e2
1912.2	1.162e3
1913.1	1.265e3
1913.8	5.600e2
1914.6	1.088e3
1915.6	1.087e3
1916.5	7.850e2
1917.4	9.160e2
1918.3	1.029e3
1919.0	1.680e2
1919.6	1.322e3
1920.2	2.620e2
1920.8	8.680e2
1921.6	1.443e3
1922.2	1.710e2
1922.8	1.322e3
1923.4	1.700e2
1924.0	7.300e2
1924.8	7.550e2
1925.5	1.287e3
1926.1	5.800e1
1926.6	1.193e3
1927.2	2.000e1
1927.7	1.146e3
1928.4	3.170e2
1929.1	1.264e3
1930.0	9.140e2
1930.7	3.540e2
1931.4	1.176e3
1932.2	6.680e2
1933.1	1.450e3
1933.9	9.110e2
1934.8	1.929e3
1935.7	7.280e2
1936.6	1.063e3
1937.1	1.000e0
1937.7	9.040e2
1938.5	2.900e2
1939.3	1.066e3
1939.8	4.700e1
1940.3	6.740e2
1941.3	1.003e3
1942.1	1.109e3
1943.1	8.760e2
1943.7	1.440e2
1944.2	1.160e3
1945.3	8.220e2
1945.9	1.890e2
1946.5	1.010e3
1947.2	3.740e2
1948.0	1.369e3
1948.9	6.890e2
1949.8	1.634e3
1950.7	7.730e2
1951.6	1.542e3
1952.1	3.000e1
1952.6	4.330e2
1953.3	1.716e3
1953.9	3.000e0
1954.6	1.365e3
1955.3	5.690e2
1956.0	2.219e3
1956.8	5.190e2
1957.6	1.244e3
1958.4	3.410e2
1959.1	1.495e3
1960.1	8.800e2
1961.1	1.441e3
1961.6	2.000e0
1962.1	7.250e2
1962.9	1.018e3
1963.5	2.200e1
1964.1	1.418e3
1964.7	3.200e2
1965.4	9.740e2
1966.3	5.820e2
1967.0	8.300e1
1967.6	8.970e2
1968.2	5.000e1
1968.7	1.468e3
1969.2	2.000e0
1969.8	1.352e3
1970.3	1.800e1
1970.8	1.470e3
1971.4	1.710e2
1971.9	1.213e3
1972.6	4.690e2
1973.5	1.104e3
1974.5	1.187e3
1975.1	2.340e2
1975.7	1.349e3
1976.5	8.080e2
1977.3	8.710e2
1978.3	1.195e3
1978.8	4.700e1
1979.3	4.730e2
1980.1	1.592e3
1980.9	9.540e2
1981.4	1.000e0
1982.0	1.304e3
1982.8	3.310e2
1983.7	1.145e3
1984.5	5.330e2
1985.3	5.150e2
1986.2	9.750e2
1987.0	5.990e2
1987.9	1.427e3
1988.9	1.025e3
1989.4	7.900e1
1990.0	1.217e3
1990.9	7.580e2
1991.7	1.638e3
1992.3	4.000e1
1992.9	9.420e2
1993.4	5.000e1
1994.0	1.192e3
1994.9	1.567e3
1995.4	1.000e0
1996.0	1.369e3
1996.5	2.100e1
1997.1	1.106e3
1998.0	3.390e2
1998.7	7.420e2
1999.5	2.980e2
