100.1	1.880e3
100.9	5.803e4
101.9	2.291e4
102.9	2.134e4
103.4	9.600e1
103.9	1.759e3
105.0	1.954e3
106.0	7.340e2
107.0	9.660e2
107.9	6.730e2
109.0	1.221e3
110.1	5.630e2
110.9	2.228e3
112.0	3.710e2
113.0	3.310e4
114.0	1.683e3
114.9	9.071e3
115.9	7.491e3
116.9	1.625e5
117.9	2.177e4
119.0	1.336e4
119.9	2.313e3
120.9	1.318e3
122.0	6.270e2
123.1	9.360e2
124.1	1.232e3
124.9	1.355e3
125.4	3.200e1
126.0	4.702e3
127.0	1.476e3
127.9	2.469e3
129.0	2.631e3
129.5	5.700e1
130.0	3.958e3
131.0	3.368e3
132.0	8.780e2
133.0	2.789e3
134.0	8.180e2
135.0	9.686e3
135.9	1.966e3
136.9	6.438e3
138.1	1.566e3
139.1	2.454e3
140.0	1.128e3
141.0	2.564e3
142.0	3.292e3
143.1	4.164e3
143.9	1.877e3
144.9	2.005e4
145.9	8.192e3
147.0	2.754e4
147.5	3.120e2
148.1	4.166e3
149.0	3.173e3
149.9	5.011e3
150.9	5.724e3
152.0	1.150e4
152.7	9.900e2
153.3	4.979e3
154.1	5.700e2
154.9	4.277e3
155.9	3.021e3
156.9	5.524e3
158.0	2.336e3
158.9	7.520e3
159.9	2.198e3
160.9	4.341e4
161.9	3.284e3
162.9	4.516e4
163.4	2.910e2
164.0	3.112e3
164.9	1.604e4
166.0	1.999e3
166.9	2.346e3
168.0	3.984e3
169.0	1.586e3
170.0	2.360e3
171.0	3.089e3
171.9	3.779e3
173.0	8.381e3
173.9	1.277e4
174.9	1.946e4
176.0	3.290e3
176.9	6.264e3
177.9	4.454e3
178.9	8.468e3
179.9	4.177e3
180.5	1.550e2
181.0	9.619e3
182.0	4.006e3
183.0	2.620e3
184.0	2.397e3
184.9	4.355e3
185.9	5.057e3
187.0	6.477e3
188.0	4.434e3
189.0	6.888e3
189.9	4.065e3
191.0	2.102e4
192.0	4.991e3
193.0	3.904e3
194.0	1.874e3
195.0	8.532e3
195.8	3.200e4
196.4	5.500e1
197.0	7.839e3
197.8	3.359e4
198.9	5.517e3
199.8	2.545e4
200.8	6.667e3
201.8	6.786e3
202.3	3.330e2
202.9	4.095e3
204.0	4.087e3
205.0	1.179e3
205.9	3.484e3
206.8	4.053e3
207.9	3.641e3
208.9	1.987e3
210.1	3.450e3
210.9	3.093e3
211.5	4.300e1
212.1	1.306e4
213.1	2.902e3
214.0	2.620e3
215.0	1.857e3
215.5	1.680e2
216.1	1.741e3
216.9	9.867e3
217.5	4.500e1
218.0	1.056e4
219.0	6.661e3
219.9	6.492e3
221.0	2.085e3
221.8	7.412e3
222.8	4.982e3
223.8	3.787e3
224.8	5.512e3
225.4	8.600e1
226.0	6.344e3
226.5	1.740e2
227.0	5.733e3
227.9	4.805e3
228.9	4.091e3
229.5	1.510e2
230.0	4.518e3
231.0	4.627e3
231.9	1.692e3
232.9	4.454e3
233.9	4.024e3
234.8	3.418e3
235.5	2.760e2
236.0	1.458e4
237.0	2.616e3
237.9	3.068e3
238.4	1.100e2
239.0	2.740e3
239.9	5.851e3
240.9	4.712e3
241.9	3.022e3
243.0	5.748e3
243.9	1.060e4
245.0	5.593e3
246.0	5.623e3
247.0	3.316e3
247.9	7.901e3
249.0	2.207e4
250.0	3.495e3
251.0	6.763e3
251.8	3.353e3
252.9	6.726e3
253.8	2.873e3
254.9	2.710e3
255.5	1.430e2
256.0	2.379e3
257.0	2.846e3
257.9	2.831e3
258.4	1.080e2
259.0	4.187e3
259.9	3.440e3
261.0	5.907e3
262.0	7.910e3
263.0	1.021e4
263.5	1.560e2
264.0	6.696e3
265.0	7.375e3
266.0	1.211e4
266.9	4.323e3
267.9	7.463e3
268.9	8.345e3
269.9	2.913e3
270.5	1.120e2
271.0	3.284e3
272.0	1.864e3
272.9	5.007e3
274.1	1.363e3
275.0	5.036e3
276.0	2.347e3
277.1	4.641e3
277.9	3.159e3
278.9	6.188e3
279.9	3.186e3
281.0	2.805e3
282.0	4.542e3
283.0	1.777e3
284.0	8.300e3
284.9	3.620e3
285.9	4.130e3
286.5	1.860e2
287.1	3.549e3
287.9	5.138e3
288.8	4.606e3
289.4	6.600e1
289.9	6.648e3
290.9	7.854e3
291.9	5.495e3
292.9	3.404e3
293.9	2.863e3
295.0	5.457e3
295.9	3.221e3
297.0	3.394e3
297.8	4.712e3
298.4	5.200e1
299.0	2.352e3
299.9	2.288e3
300.4	1.430e2
301.0	2.600e3
302.0	3.204e3
302.9	4.792e3
303.9	3.382e3
304.9	8.055e3
305.9	3.229e3
306.9	3.782e3
308.0	9.325e3
308.9	4.226e3
309.9	5.460e3
311.0	5.975e3
311.5	1.010e2
312.0	4.080e3
312.9	1.034e4
313.4	8.300e1
313.9	5.658e3
314.8	4.648e3
315.8	2.505e3
316.4	4.930e2
317.0	1.831e4
317.9	6.412e3
318.4	2.550e2
319.0	3.508e3
319.6	4.000e1
320.1	4.530e3
320.9	4.917e3
321.8	3.118e3
322.3	3.620e2
322.9	5.878e3
323.5	9.130e2
324.1	9.230e3
325.0	6.826e3
325.9	3.279e3
327.0	5.009e3
327.9	1.317e4
328.4	4.520e2
329.0	5.764e3
329.9	4.545e3
330.9	7.839e3
331.9	3.310e3
332.9	8.900e3
333.9	4.520e3
334.4	1.230e2
334.9	4.838e3
335.9	5.673e3
336.9	5.660e3
337.4	7.100e1
338.0	2.998e3
339.0	5.501e3
339.9	7.100e3
340.8	4.923e3
341.5	1.990e2
342.1	3.579e3
342.9	2.547e3
344.0	4.303e3
344.9	4.143e3
345.9	8.644e3
346.9	7.461e3
347.8	4.327e3
348.8	6.621e3
349.3	1.170e2
349.8	7.758e3
350.9	5.490e3
351.8	5.230e3
352.4	4.160e2
352.9	1.692e4
353.8	3.644e3
354.8	5.412e3
355.8	2.801e3
356.9	9.100e3
357.9	5.001e3
358.9	4.977e3
359.9	2.758e3
360.8	3.378e3
362.0	3.829e3
362.9	5.299e3
363.4	1.480e2
363.9	4.653e3
364.9	3.887e3
365.4	1.490e2
365.9	8.453e3
366.9	3.273e3
367.4	5.400e1
368.0	4.578e3
368.9	3.540e3
369.9	3.615e3
370.5	1.780e2
371.0	4.741e3
371.9	4.167e3
372.7	5.332e3
373.8	4.807e3
374.4	2.100e2
374.9	2.509e3
375.9	3.357e3
376.5	1.050e2
377.0	1.189e4
377.9	3.574e3
378.9	1.357e4
379.4	4.500e1
379.9	3.547e3
380.9	4.069e3
381.9	2.486e3
382.7	4.746e3
383.3	8.700e1
383.8	3.608e3
384.9	1.250e4
385.9	3.498e3
386.9	3.923e3
387.9	2.484e3
388.9	4.717e3
389.9	4.082e3
390.8	2.679e3
391.4	1.110e2
391.9	4.510e3
392.9	2.917e3
393.5	8.700e1
394.0	4.118e3
394.9	5.748e3
395.8	4.530e3
396.3	7.500e1
396.8	5.915e3
397.4	1.700e2
397.9	4.554e3
398.6	8.980e2
399.2	2.351e3
400.0	3.925e3
401.0	8.570e3
402.1	3.591e3
403.0	2.769e3
403.9	1.509e3
404.9	3.308e3
405.9	4.639e3
406.9	5.862e3
407.7	1.829e3
408.4	6.700e3
409.4	4.320e3
410.1	1.962e3
410.9	4.973e3
412.1	2.400e3
412.8	1.608e3
413.5	4.798e3
414.1	9.230e2
414.9	2.945e3
415.5	9.900e1
416.0	2.303e3
417.0	2.321e3
417.9	1.611e3
418.5	2.070e2
419.0	3.969e3
420.0	2.543e3
421.0	6.783e3
421.9	5.882e3
422.7	2.587e3
423.5	5.708e3
424.2	1.577e3
424.9	4.503e3
426.0	2.413e3
427.0	4.195e3
428.0	3.161e3
428.8	3.318e3
429.4	2.410e2
430.0	2.419e3
430.9	3.956e3
431.8	3.167e3
432.9	5.340e3
433.8	4.653e3
434.6	1.120e3
435.4	4.527e3
436.1	6.620e2
436.8	2.088e3
437.9	2.967e3
439.0	3.089e3
440.0	5.541e3
440.7	3.550e2
441.3	2.834e3
442.0	1.478e3
442.9	3.750e3
443.4	4.400e1
444.0	6.106e3
444.9	3.086e3
445.9	3.141e3
446.7	1.611e3
447.6	4.720e3
448.1	6.980e2
449.0	5.951e3
449.5	1.360e2
450.0	1.622e3
450.8	5.420e3
451.8	5.798e3
452.4	1.610e2
453.0	7.097e3
453.9	2.114e3
454.7	4.416e3
455.2	1.790e2
455.8	3.201e3
456.9	6.271e3
457.9	4.139e3
458.5	3.290e2
459.0	2.768e3
459.9	5.243e3
460.8	3.580e3
461.9	3.961e3
462.9	2.935e3
463.9	6.018e3
464.9	4.211e3
465.5	5.800e1
466.0	1.003e4
466.7	1.357e3
467.4	4.585e3
468.1	1.888e3
469.0	6.414e3
470.0	7.481e3
471.0	4.177e3
471.9	2.344e3
472.4	1.780e2
472.9	3.600e3
473.8	4.140e3
474.4	1.150e2
474.9	2.735e3
475.9	3.416e3
476.5	4.860e2
477.0	3.861e3
477.8	1.382e3
478.4	2.150e2
479.0	6.669e3
479.8	2.401e3
480.7	4.835e3
481.2	3.030e2
481.8	5.284e3
482.8	5.524e3
483.4	4.200e1
483.9	4.473e3
484.9	7.334e3
485.9	3.410e3
486.8	5.047e3
487.9	6.204e3
488.8	4.661e3
489.7	4.127e3
490.3	3.260e2
490.9	4.208e3
491.9	2.940e3
492.9	4.332e3
493.9	3.811e3
495.0	6.427e3
495.9	8.121e3
496.8	4.639e3
497.4	1.320e2
497.9	5.674e3
498.9	4.916e3
499.8	3.958e3
500.8	4.842e3
501.6	6.374e3
502.3	1.363e3
503.0	5.386e3
503.9	4.270e3
504.8	3.975e3
505.5	1.430e2
506.0	4.472e3
506.9	2.622e3
507.8	5.161e3
508.4	2.200e2
508.9	6.173e3
509.8	4.189e3
510.4	5.350e2
511.0	4.988e3
512.0	2.808e3
512.9	5.136e3
513.9	4.528e3
514.5	4.900e1
515.0	5.919e3
515.6	6.690e2
516.2	1.451e3
517.0	3.680e3
517.9	3.706e3
518.6	1.923e3
519.3	7.161e3
520.0	3.379e3
520.8	8.456e3
521.8	5.049e3
522.8	3.054e3
523.3	3.900e1
523.9	4.524e3
524.8	3.323e3
525.3	1.590e2
525.8	4.920e3
526.4	5.960e2
527.0	3.074e3
528.1	6.180e3
528.9	2.864e3
529.7	4.079e3
530.3	1.780e2
530.9	3.459e3
531.8	4.083e3
532.3	6.400e1
533.0	2.593e3
533.9	3.447e3
534.9	5.813e3
535.4	6.300e1
536.0	3.279e3
536.6	4.230e2
537.2	9.877e3
538.0	2.868e3
538.8	3.983e3
539.9	2.805e3
540.4	2.340e2
540.9	3.325e3
541.9	4.258e3
542.8	2.367e3
543.8	4.650e3
544.8	3.146e3
545.8	3.716e3
546.3	1.100e2
546.9	2.487e3
547.6	7.339e3
548.6	3.801e3
549.2	3.900e2
549.9	3.659e3
550.8	1.960e3
551.9	2.513e3
552.7	6.060e3
553.3	1.630e2
553.9	4.832e3
554.4	2.780e2
554.9	5.064e3
556.0	5.027e3
556.9	3.007e3
557.8	5.263e3
558.7	3.158e3
559.7	4.999e3
560.8	2.708e3
561.8	3.360e3
562.6	6.833e3
563.3	1.785e3
563.9	7.935e3
564.8	3.817e3
565.3	4.180e2
565.9	6.077e3
566.8	4.113e3
567.4	6.400e1
567.9	4.767e3
568.9	4.828e3
569.9	2.802e3
570.9	5.842e3
571.9	1.543e3
572.9	4.154e3
573.7	3.875e3
574.7	2.092e3
575.7	3.183e3
576.6	4.237e3
577.1	2.860e2
577.7	3.957e3
578.3	2.560e2
578.8	4.189e3
579.7	3.905e3
580.8	5.432e3
581.9	3.327e3
582.9	5.287e3
583.8	3.233e3
584.9	3.931e3
585.8	5.062e3
586.8	3.442e3
587.4	4.270e2
588.1	2.765e3
588.8	6.420e2
589.3	7.182e3
590.0	1.636e3
590.7	3.405e3
591.7	5.118e3
592.3	3.900e1
592.8	5.342e3
593.3	2.320e2
593.9	4.244e3
594.9	6.965e3
595.9	4.182e3
596.7	2.424e3
597.6	4.644e3
598.2	7.310e2
598.9	5.468e3
599.5	1.130e2
600.0	6.120e3
600.8	2.227e3
601.7	3.880e3
602.4	1.403e3
603.1	3.192e3
603.9	2.983e3
605.0	6.506e3
605.9	3.556e3
606.9	3.602e3
607.4	3.170e2
607.9	3.636e3
608.8	3.331e3
609.7	3.347e3
610.6	5.793e3
611.1	1.400e1
611.7	2.693e3
612.7	2.187e3
613.2	1.700e2
613.8	5.212e3
614.7	4.319e3
615.3	3.510e2
615.8	3.228e3
616.8	4.244e3
617.8	3.298e3
618.8	3.859e3
619.8	4.187e3
620.4	7.590e2
621.0	4.626e3
621.8	4.594e3
622.4	2.730e2
622.9	4.879e3
623.9	2.584e3
624.8	3.354e3
625.4	7.600e1
626.0	3.254e3
626.9	4.811e3
627.8	4.468e3
628.8	2.690e3
629.3	1.000e2
629.8	3.937e3
630.9	3.098e3
631.8	3.522e3
632.8	3.348e3
633.3	2.010e2
633.9	3.904e3
634.9	3.876e3
635.8	3.743e3
636.6	2.008e3
637.4	5.154e3
637.9	3.260e2
638.6	3.893e3
639.2	2.260e2
639.9	3.471e3
640.9	4.152e3
641.6	1.084e3
642.2	4.810e3
642.9	1.345e3
643.6	3.880e3
644.3	1.078e3
644.9	4.101e3
645.8	3.660e3
646.6	1.555e3
647.3	3.229e3
648.0	1.082e3
648.6	4.009e3
649.1	3.800e1
649.7	5.303e3
650.3	3.250e2
650.9	5.264e3
651.4	2.290e2
652.0	2.978e3
652.9	4.730e3
653.8	4.996e3
654.3	9.100e1
654.9	4.842e3
655.5	3.170e2
656.0	4.337e3
657.0	5.202e3
657.8	3.615e3
658.7	3.053e3
659.9	3.172e3
660.8	4.236e3
661.8	3.447e3
662.7	1.842e3
663.7	3.242e3
664.5	7.780e2
665.1	4.027e3
665.9	1.409e3
666.7	2.540e3
667.8	4.422e3
669.0	1.084e3
669.8	3.706e3
670.4	1.290e2
671.0	3.817e3
672.0	3.844e3
673.0	4.740e3
674.0	3.079e3
674.8	2.446e3
675.6	2.003e3
676.3	2.800e2
676.8	2.834e3
677.8	3.410e3
678.7	2.631e3
679.7	3.026e3
680.7	3.422e3
681.7	3.783e3
682.3	4.880e2
683.0	3.135e3
683.8	2.284e3
684.8	4.588e3
685.6	1.748e3
686.4	4.277e3
687.1	1.740e3
687.7	3.549e3
688.3	3.460e2
689.0	3.567e3
689.9	3.542e3
690.5	9.890e2
691.1	2.763e3
691.8	2.580e3
692.6	4.494e3
693.3	1.105e3
694.0	3.028e3
694.5	4.600e1
695.1	2.698e3
696.0	3.092e3
696.7	4.050e2
697.3	3.625e3
697.9	4.820e2
698.5	2.179e3
699.3	4.260e3
699.9	1.344e3
700.6	3.828e3
701.1	2.850e2
701.8	2.758e3
702.3	2.910e2
702.9	2.826e3
703.8	3.149e3
704.4	1.260e2
705.0	4.506e3
705.8	3.508e3
706.7	2.777e3
707.4	3.257e3
708.0	5.070e2
708.6	2.901e3
709.6	3.490e3
710.1	1.500e1
710.7	2.586e3
711.8	2.240e3
712.6	3.138e3
713.5	4.315e3
714.2	7.240e2
714.8	3.556e3
715.6	5.370e2
716.2	4.221e3
717.1	2.705e3
717.9	1.068e3
718.8	3.887e3
719.5	1.932e3
720.2	3.120e2
720.8	1.603e3
721.5	4.210e2
722.1	2.575e3
723.0	3.171e3
724.0	2.497e3
724.9	3.894e3
725.9	3.287e3
726.5	2.560e2
727.0	4.652e3
727.9	2.930e3
728.9	2.691e3
729.8	3.155e3
730.7	3.014e3
731.8	2.195e3
732.7	3.359e3
733.4	6.080e2
734.0	3.658e3
734.7	1.323e3
735.4	3.208e3
735.9	8.000e1
736.4	2.187e3
737.0	9.090e2
737.7	3.352e3
738.2	2.330e2
738.9	4.079e3
739.5	4.900e2
740.0	1.993e3
740.7	1.119e3
741.4	2.593e3
742.2	3.640e3
743.0	2.885e3
744.0	3.352e3
744.8	1.411e3
745.8	4.493e3
746.8	3.530e3
747.7	3.576e3
748.8	1.558e3
749.7	3.688e3
750.3	2.610e2
750.8	2.904e3
751.4	6.320e2
752.0	4.596e3
753.0	2.680e3
753.9	3.835e3
754.5	8.260e2
755.1	2.505e3
756.0	3.718e3
757.1	2.877e3
758.1	4.428e3
759.0	4.253e3
759.8	9.470e2
760.3	4.200e1
761.0	3.795e3
761.9	1.847e3
763.0	2.805e3
763.9	1.625e3
764.9	2.623e3
765.8	2.471e3
766.8	2.508e3
767.8	2.931e3
768.7	1.215e3
769.7	4.179e3
771.0	2.340e3
771.8	2.509e3
772.8	4.063e3
773.3	1.140e2
773.9	1.377e3
775.0	2.806e3
775.8	1.122e3
776.8	2.473e3
777.6	3.257e3
778.5	2.123e3
779.1	1.400e1
779.7	2.359e3
780.3	5.430e2
780.9	4.337e3
781.9	1.891e3
782.7	2.682e3
783.3	4.050e2
783.9	2.351e3
785.0	2.444e3
785.9	2.527e3
786.8	2.516e3
787.9	2.714e3
788.5	7.100e1
789.1	4.281e3
789.8	9.790e2
790.8	2.553e3
791.5	2.855e3
792.4	7.820e2
793.1	2.724e3
793.9	9.670e2
794.5	4.754e3
795.1	2.370e2
795.7	2.680e3
796.6	1.985e3
797.5	2.425e3
798.4	5.390e2
799.1	2.127e3
799.6	3.220e2
800.2	2.310e3
801.0	1.712e3
801.7	1.607e3
802.8	4.812e3
803.8	1.604e3
804.6	1.453e3
805.6	3.515e3
806.5	1.136e3
807.3	1.757e3
807.8	5.600e1
808.4	3.880e3
809.1	1.150e3
810.0	2.901e3
810.8	5.890e2
811.4	3.996e3
812.0	3.630e2
812.8	3.162e3
813.7	2.191e3
814.7	1.337e3
815.3	7.000e1
815.8	3.527e3
816.3	1.400e2
816.8	3.921e3
817.8	2.011e3
818.6	2.977e3
819.2	5.400e1
819.8	1.131e3
820.6	2.259e3
821.6	1.835e3
822.3	6.780e2
823.2	1.472e3
824.3	3.425e3
825.3	3.654e3
825.9	9.540e2
826.8	2.374e3
827.3	1.100e2
827.8	2.383e3
828.9	2.780e3
829.8	2.828e3
830.8	1.232e3
831.7	2.970e3
832.7	1.966e3
833.5	3.490e3
834.1	1.230e2
834.8	1.879e3
835.8	1.447e3
836.8	3.537e3
837.8	2.212e3
838.8	1.276e3
839.8	1.869e3
840.3	8.000e1
840.8	2.657e3
841.8	2.508e3
842.8	1.472e3
843.6	2.442e3
844.5	2.724e3
845.1	5.540e2
846.0	3.388e3
846.8	2.326e3
848.0	1.552e3
848.6	7.100e2
849.3	1.335e3
850.4	2.547e3
851.0	1.491e3
851.7	1.590e3
852.4	2.921e3
853.1	8.350e2
853.9	1.938e3
854.9	2.556e3
855.9	2.564e3
856.9	2.899e3
857.6	1.210e3
858.4	6.240e2
859.2	1.630e3
859.9	7.820e2
860.6	2.683e3
861.2	1.200e1
861.8	2.580e3
862.7	1.481e3
863.6	2.084e3
864.5	1.560e3
865.2	1.446e3
866.1	1.613e3
866.7	1.100e2
867.3	2.542e3
868.0	5.590e2
868.7	1.900e3
869.8	1.571e3
870.9	2.308e3
871.8	2.100e3
872.7	1.890e3
873.6	1.369e3
874.4	2.888e3
874.9	6.650e2
876.0	1.978e3
876.5	1.320e2
877.1	4.646e3
877.8	8.150e2
878.6	2.011e3
879.2	3.215e3
879.9	3.300e2
880.6	1.425e3
881.4	1.469e3
882.2	2.400e2
882.7	1.455e3
883.7	3.486e3
884.6	1.553e3
885.1	2.800e1
885.7	2.678e3
886.3	2.260e2
886.9	2.828e3
887.6	1.561e3
888.6	3.287e3
889.5	1.711e3
890.2	1.082e3
890.9	2.499e3
892.0	2.659e3
892.6	4.610e2
893.3	3.024e3
894.1	5.010e2
894.8	1.420e3
895.9	1.331e3
896.5	1.952e3
897.2	2.680e2
897.9	2.714e3
898.7	1.213e3
899.3	1.200e2
899.9	2.388e3
900.6	5.600e1
901.1	2.268e3
901.9	7.300e2
902.8	1.333e3
903.3	1.110e2
903.8	2.613e3
904.6	2.810e2
905.1	1.231e3
905.8	2.721e3
906.6	1.188e3
907.3	3.786e3
908.2	5.900e2
908.9	1.488e3
910.0	3.042e3
910.7	4.080e2
911.4	1.579e3
912.3	1.493e3
913.0	3.770e2
913.6	3.964e3
914.4	9.850e2
915.5	1.444e3
916.3	2.400e2
916.9	1.910e3
917.9	1.084e3
918.6	2.890e2
919.2	3.634e3
920.0	1.368e3
920.9	1.848e3
921.9	1.223e3
922.8	2.762e3
923.4	5.800e1
924.0	3.499e3
924.6	2.560e2
925.3	3.881e3
926.3	2.100e3
927.0	1.162e3
927.8	1.827e3
928.9	1.577e3
929.4	5.700e1
930.0	1.307e3
930.9	2.339e3
931.8	2.275e3
932.6	5.220e2
933.5	8.070e2
934.3	2.362e3
935.1	4.980e2
935.9	1.613e3
936.6	8.840e2
937.3	1.772e3
938.1	1.650e2
938.8	1.547e3
939.4	6.460e2
940.1	2.268e3
940.8	2.950e2
941.6	2.886e3
942.4	9.230e2
943.2	2.641e3
944.1	5.960e2
944.8	1.662e3
945.9	1.864e3
946.9	1.744e3
947.6	6.300e1
948.1	1.888e3
949.2	1.058e3
949.9	8.980e2
950.7	2.642e3
951.5	4.150e2
952.4	1.087e3
953.1	6.900e1
953.7	1.362e3
954.2	6.900e1
954.7	6.140e2
955.4	2.837e3
956.8	1.928e3
957.5	7.860e2
958.1	7.200e1
958.7	1.534e3
959.7	1.663e3
960.3	6.900e1
960.8	2.398e3
961.6	3.507e3
962.7	1.557e3
963.6	1.531e3
964.7	2.472e3
965.5	2.290e3
966.7	6.580e2
967.6	2.333e3
968.1	2.280e2
968.8	2.209e3
969.4	5.200e1
970.0	1.902e3
971.0	1.851e3
971.7	8.630e2
972.6	1.701e3
973.4	4.400e2
974.1	3.779e3
975.0	2.086e3
975.9	2.531e3
976.8	1.647e3
977.7	4.130e3
978.7	2.049e3
979.2	3.100e1
979.7	1.616e3
980.7	2.378e3
981.3	3.470e2
981.8	1.878e3
982.9	3.965e3
983.8	6.870e2
984.5	2.094e3
985.3	8.790e2
986.3	3.590e2
987.2	1.661e3
988.0	1.078e3
989.0	1.939e3
990.0	1.257e3
990.9	2.632e3
991.8	1.910e3
992.6	1.015e3
993.4	3.329e3
994.2	7.350e2
995.1	4.569e3
995.9	2.206e3
996.7	1.080e2
997.2	1.406e3
997.9	1.182e3
998.4	2.020e2
999.0	3.600e1
999.6	1.849e3
1000.6	3.360e2
1001.3	2.030e2
1001.9	1.964e3
1002.8	2.422e3
1003.9	1.200e3
1004.9	2.048e3
1005.8	2.001e3
1006.9	1.806e3
1008.0	2.944e3
1009.0	1.878e3
1009.8	1.264e3
1010.8	8.070e2
1011.7	2.375e3
1012.3	6.300e1
1013.0	1.585e3
1013.8	6.380e2
1014.6	9.140e2
1015.6	1.387e3
1016.3	8.760e2
1017.0	8.960e2
1017.6	5.300e1
1018.5	2.817e3
1019.1	1.580e2
1019.8	5.980e2
1020.6	1.098e3
1021.5	1.577e3
1022.2	1.079e3
1022.8	6.400e1
1023.3	4.720e2
1024.0	1.679e3
1024.8	1.182e3
1025.6	1.151e3
1026.4	1.864e3
1027.0	1.520e2
1027.5	3.035e3
1028.1	1.450e2
1028.8	2.053e3
1029.4	2.160e2
1030.2	1.889e3
1031.1	1.311e3
1031.8	7.900e1
1032.6	1.419e3
1033.2	4.680e2
1033.9	1.239e3
1034.9	1.704e3
1036.0	1.197e3
1037.0	8.550e2
1037.8	1.900e2
1038.4	2.856e3
1039.1	2.900e2
1039.6	1.885e3
1040.4	7.490e2
1041.4	2.123e3
1042.2	8.860e2
1043.0	6.400e2
1043.8	3.720e2
1044.5	2.167e3
1045.3	1.284e3
1046.3	5.150e2
1047.2	1.023e3
1048.3	2.181e3
1049.3	1.179e3
1050.3	1.203e3
1051.5	1.481e3
1052.1	7.200e1
1052.6	1.447e3
1053.2	1.100e1
1053.7	8.670e2
1054.6	9.980e2
1055.2	1.583e3
1056.0	3.130e2
1057.1	1.910e2
1057.9	6.430e2
1058.9	5.640e2
1059.7	2.430e3
1060.4	7.820e2
1061.1	1.666e3
1062.0	5.700e2
1062.9	1.445e3
1063.6	6.870e2
1064.5	9.080e2
1065.5	1.098e3
1066.5	1.937e3
1067.2	2.240e2
1067.7	1.752e3
1068.5	1.127e3
1069.1	1.300e1
1069.7	5.770e2
1070.5	1.880e2
1071.1	1.054e3
1071.7	1.380e2
1072.2	1.886e3
1073.1	1.183e3
1074.1	1.627e3
1074.9	1.256e3
1075.9	1.481e3
1076.6	8.550e2
1077.5	1.322e3
1078.3	3.040e2
1078.9	1.832e3
1079.7	2.544e3
1080.5	7.300e2
1081.2	2.143e3
1082.5	2.488e3
1083.1	3.380e2
1083.7	2.484e3
1084.4	7.240e2
1085.1	1.183e3
1086.0	1.883e3
1086.8	1.306e3
1087.7	1.839e3
1088.4	2.720e2
1089.0	2.633e3
1089.8	2.282e3
1091.0	1.317e3
1091.8	1.327e3
1092.5	7.910e2
1093.2	2.154e3
1094.1	1.445e3
1095.2	2.081e3
1096.0	1.074e3
1096.9	1.850e3
1097.7	1.280e3
1098.7	6.120e2
1099.8	1.390e3
1100.8	1.583e3
1101.4	6.240e2
1102.2	1.196e3
1103.1	1.182e3
1103.9	1.198e3
1104.6	1.625e3
1105.4	2.560e2
1106.0	2.157e3
1106.6	3.450e2
1107.2	1.579e3
1108.0	9.390e2
1108.8	1.499e3
1109.7	9.020e2
1110.6	2.260e3
1111.4	1.064e3
1112.5	4.130e2
1113.3	1.900e2
1113.8	1.280e2
1114.8	1.877e3
1115.4	2.040e2
1116.0	1.845e3
1116.8	1.087e3
1117.6	1.380e3
1118.3	4.580e2
1119.2	3.700e2
1120.0	1.719e3
1120.8	3.760e2
1121.4	9.190e2
1122.2	3.570e2
1123.0	1.265e3
1123.6	2.100e1
1124.3	1.646e3
1125.4	1.672e3
1126.5	9.360e2
1127.1	6.360e2
1127.9	1.205e3
1128.5	6.420e2
1129.1	2.830e2
1129.8	1.120e2
1130.4	2.360e3
1131.4	1.330e3
1132.4	7.470e2
1133.0	2.500e2
1133.8	2.433e3
1134.6	6.890e2
1135.4	1.970e3
1136.1	7.700e2
1136.8	9.120e2
1137.7	1.772e3
1138.4	7.140e2
1139.2	1.563e3
1139.8	4.610e2
1140.5	1.467e3
1141.2	7.240e2
1141.9	1.300e2
1142.5	6.310e2
1143.2	1.786e3
1144.0	2.610e2
1144.6	6.300e1
1145.2	1.400e2
1145.9	1.045e3
1146.7	8.450e2
1147.5	2.683e3
1148.1	5.400e1
1148.7	6.130e2
1149.3	3.500e2
1150.0	7.090e2
1150.8	2.220e3
1151.8	1.707e3
1152.6	2.980e2
1153.4	4.010e2
1154.2	2.500e3
1154.8	3.040e2
1155.4	1.567e3
1156.1	5.200e1
1156.9	2.131e3
1157.6	8.660e2
1158.6	1.004e3
1159.5	2.118e3
1160.2	4.740e2
1161.5	1.315e3
1162.4	2.802e3
1163.1	1.091e3
1164.0	1.155e3
1164.6	1.470e2
1165.2	1.539e3
1165.9	7.200e1
1166.5	7.020e2
1167.5	6.650e2
1168.4	1.312e3
1168.9	1.590e2
1169.7	5.430e2
1170.7	6.690e2
1171.6	1.471e3
1172.8	2.398e3
1173.6	2.289e3
1174.4	3.070e2
1175.1	6.000e1
1175.6	1.236e3
1176.6	1.703e3
1177.7	8.690e2
1178.2	1.210e2
1179.0	1.856e3
1180.1	2.309e3
1180.9	7.130e2
1181.8	1.429e3
1182.9	1.599e3
1183.8	1.021e3
1184.8	2.347e3
1185.9	1.239e3
1186.7	3.400e1
1187.5	1.649e3
1188.3	5.270e2
1188.8	3.200e1
1189.6	7.690e2
1190.6	1.701e3
1191.3	2.207e3
1192.7	7.340e2
1193.3	1.823e3
1194.0	2.220e2
1194.7	1.567e3
1195.6	9.170e2
1196.6	1.936e3
1197.7	4.540e2
1198.6	1.877e3
1199.6	3.870e2
1200.2	1.177e3
1201.0	4.900e2
1201.7	5.910e2
1202.7	2.790e2
1203.7	2.334e3
1204.5	4.900e1
1205.2	7.300e2
1206.0	5.450e2
1206.8	2.086e3
1207.6	3.120e2
1208.6	1.360e2
1209.2	1.070e3
1209.9	5.110e2
1210.8	2.032e3
1211.4	3.040e2
1212.5	2.810e3
1213.0	1.400e2
1213.5	7.770e2
1214.8	2.318e3
1215.6	1.444e3
1216.5	1.775e3
1217.2	1.560e2
1217.7	1.881e3
1218.6	6.750e2
1219.6	7.660e2
1220.2	9.300e1
1221.0	1.371e3
1221.7	7.870e2
1222.8	2.400e2
1223.4	8.920e2
1224.4	2.534e3
1225.3	1.156e3
1226.2	1.564e3
1227.1	7.860e2
1228.4	8.680e2
1229.3	3.300e1
1229.9	1.137e3
1230.7	5.750e2
1231.6	2.790e2
1232.2	6.330e2
1233.0	1.461e3
1233.9	1.048e3
1234.8	1.003e3
1236.0	9.560e2
1236.7	4.610e2
1237.5	9.920e2
1238.9	2.770e2
1240.4	6.140e2
1241.1	2.729e3
1241.8	5.470e2
1242.5	4.130e2
1243.2	2.239e3
1243.9	9.100e1
1244.7	1.590e3
1245.6	1.868e3
1246.6	2.264e3
1247.8	1.070e3
1248.6	1.252e3
1249.5	7.570e2
1250.4	1.530e2
1251.1	3.120e2
1251.6	1.230e2
1252.6	1.004e3
1253.7	1.121e3
1254.2	1.140e2
1254.9	1.970e3
1255.6	4.170e2
1256.7	1.791e3
1257.8	1.466e3
1259.0	5.790e2
1259.7	1.949e3
1260.6	1.789e3
1261.6	3.680e2
1262.9	4.530e2
1263.8	1.454e3
1265.0	1.010e3
1265.6	3.150e2
1266.2	6.500e1
1267.1	1.044e3
1267.9	3.120e2
1268.8	2.284e3
1269.4	2.550e2
1270.2	1.435e3
1271.1	1.481e3
1272.1	7.750e2
1272.9	1.679e3
1273.5	1.800e1
1274.1	1.256e3
1275.0	1.380e3
1275.6	2.630e2
1277.0	2.083e3
1277.9	1.349e3
1279.3	1.012e3
1280.1	5.480e2
1281.1	1.811e3
1281.7	5.500e1
1282.4	7.610e2
1283.1	8.270e2
1283.7	1.340e3
1284.4	8.200e1
1285.1	1.509e3
1285.7	7.430e2
1286.6	3.190e2
1287.2	1.800e1
1288.0	3.620e2
1288.7	2.890e2
1289.6	1.775e3
1290.2	3.040e2
1290.8	1.373e3
1291.7	5.970e2
1292.6	8.270e2
1293.7	4.600e2
1295.1	2.180e2
1295.8	8.580e2
1296.5	1.360e2
1297.0	5.860e2
1297.7	5.800e2
1298.4	1.767e3
1298.9	1.950e2
1299.7	9.780e2
1300.4	1.910e2
1301.5	7.600e2
1302.2	5.790e2
1302.8	1.192e3
1303.6	1.271e3
1304.6	1.009e3
1305.5	1.272e3
1306.4	2.002e3
1306.9	1.520e2
1307.7	6.340e2
1308.3	1.440e2
1308.9	1.516e3
1309.8	4.480e2
1310.8	6.150e2
1311.6	2.012e3
1312.4	9.920e2
1313.3	5.150e2
1314.2	1.910e3
1315.2	1.099e3
1316.1	1.914e3
1316.7	9.900e1
1317.2	1.827e3
1317.9	9.420e2
1318.6	1.223e3
1319.2	4.000e1
1319.7	9.700e2
1320.4	1.530e2
1321.2	6.440e2
1322.0	1.660e2
1323.1	6.430e2
1323.8	5.590e2
1324.6	1.545e3
1325.2	2.820e2
1325.8	2.300e1
1326.3	1.663e3
1327.6	1.573e3
1328.6	8.750e2
1329.1	9.800e1
1329.6	1.950e2
1330.2	1.796e3
1330.9	2.790e2
1331.7	1.624e3
1332.5	6.000e2
1333.1	6.200e1
1333.8	5.970e2
1335.1	6.290e2
1336.0	5.750e2
1336.6	3.400e1
1337.2	1.610e2
1337.9	1.556e3
1338.9	1.491e3
1339.9	2.260e2
1341.7	9.010e2
1342.7	5.690e2
1343.6	1.250e3
1344.6	1.237e3
1345.6	3.780e2
1346.4	1.414e3
1347.8	9.110e2
1348.4	2.167e3
1349.2	2.640e3
1350.0	6.730e2
1350.7	7.310e2
1352.0	1.564e3
1352.8	7.640e2
1353.7	2.120e2
1354.3	8.180e2
1355.0	8.300e1
1355.7	1.317e3
1356.4	7.320e2
1357.2	3.760e2
1358.0	7.530e2
1359.6	1.107e3
1360.7	2.353e3
1361.2	3.300e1
1361.8	1.032e3
1362.6	1.188e3
1363.5	1.479e3
1364.2	2.800e1
1364.8	7.280e2
1365.6	6.130e2
1366.5	1.450e3
1367.3	4.350e2
1367.9	3.650e2
1368.8	9.720e2
1369.6	1.900e1
1370.5	4.860e2
1371.2	3.340e2
1371.8	6.400e1
1372.4	3.890e2
1373.4	8.000e2
1374.3	6.280e2
1375.7	9.620e2
1376.8	5.870e2
1377.6	1.415e3
1378.5	2.910e2
1379.4	1.382e3
1380.5	2.070e2
1381.5	1.907e3
1382.1	2.550e2
1382.7	4.600e1
1383.3	3.320e2
1384.6	1.940e3
1385.2	1.570e2
1385.7	7.200e2
1386.5	3.820e2
1387.5	2.021e3
1388.5	4.610e2
1389.1	3.700e2
1389.9	3.980e2
1390.5	9.100e1
1391.3	2.840e2
1392.1	5.480e2
1392.8	2.730e2
1393.7	1.760e3
1394.7	5.390e2
1395.7	5.470e2
1396.5	1.108e3
1397.5	1.104e3
1398.1	7.200e1
1398.7	6.420e2
1399.9	1.003e3
1400.9	7.890e2
1401.5	1.500e2
1402.1	1.743e3
1402.7	2.700e1
1403.6	5.280e2
1404.4	7.860e2
1405.5	6.280e2
1406.2	1.570e2
1407.0	4.080e2
1407.7	1.129e3
1408.6	1.462e3
1409.3	3.360e2
1410.3	2.800e1
1411.1	4.610e2
1411.8	1.440e2
1412.4	1.948e3
1413.3	7.590e2
1414.6	5.810e2
1415.5	1.560e2
1416.4	8.970e2
1417.2	5.990e2
1418.0	9.870e2
1418.5	2.270e2
1419.1	8.640e2
1419.7	3.760e2
1420.3	1.500e1
1421.0	9.270e2
1421.9	1.261e3
1423.0	2.790e2
1423.9	2.370e2
1424.9	6.710e2
1425.8	1.687e3
1426.7	1.069e3
1427.5	7.600e2
1428.7	1.430e2
1429.5	9.490e2
1430.5	1.980e2
1431.2	3.850e2
1431.9	1.400e1
1432.8	3.590e2
1433.5	1.106e3
1434.2	7.580e2
1435.0	1.070e2
1435.8	1.279e3
1437.2	2.290e2
1438.1	4.020e2
1438.7	2.200e2
1439.7	2.960e2
1440.3	1.245e3
1441.3	1.215e3
1442.6	4.550e2
1443.4	8.220e2
1443.9	4.200e1
1444.6	2.402e3
1445.4	4.920e2
1446.2	4.140e2
1447.4	9.460e2
1448.2	1.590e2
1448.9	1.550e3
1449.8	1.370e2
1450.6	1.109e3
1451.3	5.870e2
1452.4	4.820e2
1453.4	9.400e1
1454.5	2.970e2
1455.4	1.398e3
1455.9	1.210e2
1456.5	9.080e2
1457.9	6.960e2
1458.7	1.059e3
1459.6	2.650e2
1460.4	2.360e2
1461.0	2.922e3
1461.8	3.760e2
1462.9	1.302e3
1463.8	5.030e2
1465.2	5.100e2
1465.9	3.170e2
1466.5	1.113e3
1467.3	1.199e3
1468.1	1.480e2
1468.8	1.213e3
1469.5	3.500e1
1470.1	4.200e2
1470.9	4.200e2
1471.7	4.470e2
1473.0	8.460e2
1474.4	1.357e3
1475.2	1.220e2
1475.9	6.820e2
1476.9	1.200e1
1477.5	1.139e3
1478.5	6.710e2
1479.6	1.126e3
1480.8	1.061e3
1481.6	1.440e2
1483.3	1.197e3
1484.3	1.189e3
1485.3	3.480e2
1486.4	2.380e2
1487.5	7.680e2
1488.4	5.590e2
1490.0	2.950e2
1490.7	1.480e3
1491.6	3.600e1
1492.3	9.870e2
1493.3	4.530e2
1494.8	5.500e2
1495.4	2.280e2
1496.0	1.320e2
1496.7	8.830e2
1497.7	6.790e2
1498.5	8.800e1
1499.2	7.580e2
1500.4	6.730e2
1501.3	7.600e2
1502.2	3.230e2
1503.0	6.030e2
1503.9	4.530e2
1504.8	6.350e2
1506.3	1.337e3
1506.9	2.700e1
1507.5	1.266e3
1508.2	3.920e2
1509.5	1.291e3
1510.6	4.770e2
1511.9	3.750e2
1512.9	3.000e1
1513.7	9.350e2
1515.0	1.600e2
1516.0	1.650e2
1517.4	1.498e3
1518.0	3.000e1
1518.8	9.620e2
1519.7	7.740e2
1521.0	1.210e2
1521.5	1.052e3
1522.1	1.000e2
1522.7	3.530e2
1523.8	1.181e3
1524.7	1.246e3
1525.2	6.100e1
1526.0	1.059e3
1527.2	6.490e2
1528.0	8.500e1
1528.6	4.550e2
1529.6	2.900e2
1530.5	1.094e3
1531.1	2.310e2
1531.8	1.324e3
1532.8	3.110e2
1533.4	4.800e1
1534.1	1.218e3
1534.9	1.245e3
1535.9	1.420e2
1537.0	1.080e3
1537.5	6.200e1
1538.2	2.510e2
1539.1	1.710e3
1540.1	1.850e2
1540.9	7.590e2
1541.6	2.800e2
1542.3	7.130e2
1543.0	9.860e2
1543.6	4.300e2
1544.2	4.310e2
1545.0	2.030e2
1545.7	1.800e1
1546.2	1.270e3
1547.3	7.780e2
1547.9	7.700e1
1549.3	3.150e2
1550.2	5.900e1
1551.1	8.710e2
1552.0	1.980e2
1554.6	1.134e3
1555.3	6.130e2
1557.0	1.362e3
1557.7	6.490e2
1558.3	1.190e2
1559.1	1.261e3
1560.0	4.230e2
1561.5	5.430e2
1562.2	1.019e3
1564.1	3.120e2
1565.0	1.440e2
1566.0	7.100e2
1566.7	3.490e2
1567.4	8.900e1
1568.4	1.200e1
1569.0	5.400e2
1569.8	1.278e3
1570.8	9.340e2
1571.3	4.500e1
1572.3	2.090e2
1573.9	2.420e2
1575.0	1.092e3
1575.6	2.250e2
1576.7	1.590e2
1577.4	9.850e2
1578.4	1.075e3
1579.2	1.580e2
1580.1	6.780e2
1580.9	2.150e2
1581.7	4.320e2
1582.5	5.340e2
1583.4	6.220e2
1584.3	1.680e2
1584.8	1.103e3
1586.0	6.930e2
1586.7	4.000e1
1587.5	7.170e2
1588.9	9.310e2
1589.5	1.170e2
1590.1	8.350e2
1591.1	1.580e2
1592.2	3.150e2
1594.5	1.740e2
1595.4	9.250e2
1595.9	1.200e1
1596.5	5.010e2
1597.3	5.080e2
1598.1	3.230e2
1599.4	7.460e2
1600.6	3.310e2
1601.5	2.790e2
1602.7	7.780e2
1603.6	3.950e2
1604.6	9.700e2
1605.5	1.820e2
1606.6	2.590e2
1607.9	1.800e2
1608.8	7.330e2
1609.4	1.100e2
1610.0	5.760e2
1610.8	6.600e1
1611.5	3.780e2
1613.1	9.800e1
1613.8	1.200e1
1614.7	1.014e3
1615.5	2.410e2
1616.2	2.740e2
1617.3	8.100e1
1618.0	3.610e2
1618.8	4.080e2
1619.6	3.010e2
1620.2	5.320e2
1621.0	1.800e2
1622.2	2.890e2
1623.3	3.900e2
1624.2	1.620e2
1625.2	1.372e3
1626.0	1.350e2
1626.7	4.830e2
1627.3	2.960e2
1628.3	3.220e2
1629.2	6.520e2
1630.5	2.950e2
1631.3	4.770e2
1632.1	2.400e1
1633.0	6.390e2
1634.0	6.900e1
1634.9	2.990e2
1635.6	4.600e2
1636.5	9.000e1
1637.5	6.670e2
1638.1	1.340e2
1638.7	8.530e2
1639.8	3.670e2
1640.5	3.410e2
1641.4	1.400e2
1642.6	1.460e2
1643.3	6.190e2
1643.9	5.900e1
1645.4	1.440e3
1646.3	2.320e2
1647.2	4.150e2
1648.7	1.068e3
1649.4	1.099e3
1650.9	5.460e2
1651.8	3.620e2
1652.7	1.550e2
1653.5	3.220e2
1654.3	8.710e2
1654.8	1.200e1
1656.4	7.650e2
1657.2	7.140e2
1659.4	5.470e2
1660.3	8.650e2
1662.2	7.550e2
1663.3	6.840e2
1663.8	6.500e1
1664.9	2.390e2
1665.6	1.054e3
1666.2	2.100e1
1666.8	2.430e2
1667.5	2.000e1
1668.5	2.280e2
1669.5	3.000e2
1670.5	5.540e2
1671.2	9.140e2
1672.6	1.900e2
1673.6	7.170e2
1674.3	2.030e2
1675.0	1.220e2
1675.7	1.800e1
1676.2	5.400e2
1677.1	3.100e1
1677.9	4.240e2
1678.5	2.410e2
1679.1	5.330e2
1679.8	1.960e2
1681.0	1.570e2
1682.1	8.060e2
1683.3	3.430e2
1684.0	6.260e2
1685.2	3.330e2
1686.5	2.110e2
1688.2	6.400e1
1688.8	1.410e2
1689.8	3.140e2
1690.6	6.810e2
1691.2	9.300e1
1692.0	5.500e1
1693.0	6.230e2
1693.6	1.180e2
1694.2	4.740e2
1695.0	1.084e3
1696.0	3.530e2
1696.9	9.800e1
1697.5	1.800e2
1698.3	1.727e3
1699.2	8.740e2
1700.1	4.430e2
1700.8	2.700e1
1701.3	1.114e3
1702.8	3.270e2
1703.6	1.211e3
1704.9	9.510e2
1706.0	1.550e2
1706.8	1.860e2
1707.6	1.160e2
1708.1	2.034e3
1709.1	5.600e1
1710.1	1.355e3
1711.6	2.520e2
1712.2	3.210e2
1713.8	2.940e2
1714.8	8.120e2
1715.7	1.011e3
1717.7	6.260e2
1718.8	1.590e2
1719.8	2.300e2
1721.0	1.220e2
1721.7	4.600e1
1722.2	6.420e2
1723.1	2.780e2
1723.9	3.680e2
1724.9	2.560e2
1725.7	2.700e2
1727.3	4.540e2
1728.0	2.270e2
1728.7	1.031e3
1729.7	1.020e2
1731.0	2.470e2
1731.7	2.670e2
1732.2	8.100e1
1732.8	8.850e2
1734.3	8.180e2
1735.6	1.650e2
1736.9	1.420e2
1737.8	9.720e2
1739.3	2.470e2
1740.6	4.320e2
1741.5	1.600e1
1742.1	8.800e1
1742.7	2.600e1
1743.3	4.100e2
1744.7	2.740e2
1745.5	1.403e3
1746.5	2.940e2
1747.3	2.900e2
1749.5	1.250e2
1750.2	3.530e2
1750.8	4.170e2
1751.5	1.600e1
1752.4	1.292e3
1753.5	2.480e2
1754.4	1.570e2
1755.0	1.500e1
1757.3	6.640e2
1758.7	1.850e2
1759.8	5.040e2
1760.8	6.460e2
1761.4	3.660e2
1762.4	7.460e2
1763.3	3.910e2
1765.3	5.080e2
1766.5	8.990e2
1767.5	4.000e1
1768.6	6.350e2
1769.2	8.430e2
1770.6	2.500e2
1771.9	2.280e2
1772.9	5.810e2
1773.7	9.120e2
1774.6	4.640e2
1775.6	5.350e2
1776.5	9.150e2
1777.3	1.400e1
1778.1	2.400e1
1778.9	1.790e2
1781.0	9.450e2
1782.0	3.970e2
1783.0	1.740e2
1783.8	6.220e2
1785.4	1.190e2
1786.0	2.630e2
1786.9	5.850e2
1787.6	8.700e1
1788.3	2.370e2
1789.0	4.240e2
1789.8	1.520e2
1790.8	1.870e2
1791.4	4.640e2
1792.5	2.590e2
1793.0	1.890e2
1793.8	5.700e2
1794.8	3.400e2
1795.8	1.370e2
1797.4	4.300e1
1798.0	5.920e2
1798.8	3.090e2
1799.4	1.131e3
1800.4	1.350e2
1801.3	2.310e2
1802.5	4.510e2
1803.2	5.740e2
1804.1	6.740e2
1805.2	3.000e2
1805.9	2.770e2
1806.9	5.240e2
1808.4	1.630e2
1809.6	4.280e2
1810.7	3.880e2
1811.7	3.200e1
1812.2	5.230e2
1813.1	9.300e1
1813.7	8.050e2
1814.4	7.300e1
1814.9	1.001e3
1815.7	5.600e1
1816.8	3.180e2
1817.6	4.290e2
1819.0	1.083e3
1819.8	2.090e2
1821.1	8.210e2
1822.1	5.800e1
1823.1	5.460e2
1824.3	5.240e2
1825.4	4.500e2
1826.2	1.770e2
1827.3	4.900e2
1828.3	1.480e2
1832.2	3.480e2
1833.0	8.540e2
1834.1	4.240e2
1835.6	1.010e3
1836.9	5.290e2
1838.8	5.650e2
1839.8	7.070e2
1840.6	2.200e1
1841.1	1.671e3
1842.6	1.220e2
1843.8	9.300e2
1844.9	6.400e2
1845.6	2.520e2
1846.7	1.170e2
1847.4	5.100e1
1848.1	1.420e2
1848.9	1.114e3
1849.8	1.640e2
1851.1	5.170e2
1852.1	1.230e2
1853.0	1.201e3
1854.4	2.180e2
1855.2	2.650e2
1856.4	1.969e3
1857.5	4.400e2
1858.6	2.730e2
1859.4	3.620e2
1860.3	2.670e2
1860.9	7.860e2
1861.7	5.030e2
1862.6	1.723e3
1863.7	3.610e2
1865.1	9.810e2
1866.1	2.840e2
1867.6	8.900e1
1868.7	6.320e2
1869.4	4.400e1
1869.9	2.600e1
1870.5	3.930e2
1871.1	1.157e3
1871.7	1.300e1
1872.3	1.472e3
1872.9	1.440e2
1874.1	6.400e2
1874.6	2.270e2
1875.4	2.190e2
1876.1	2.920e2
1877.8	8.090e2
1878.3	3.840e2
1879.5	6.080e2
1880.4	4.590e2
1881.6	4.780e2
1882.4	5.800e2
1883.3	1.220e2
1884.4	1.238e3
1885.0	2.800e2
1885.9	3.510e2
1886.7	8.800e1
1887.7	9.400e1
1888.2	1.290e2
1888.9	1.057e3
1889.8	7.800e1
1890.4	7.390e2
1892.1	3.750e2
1894.5	1.990e2
1895.3	7.050e2
1896.3	2.800e1
1897.4	9.630e2
1898.1	4.700e1
1899.3	2.230e2
1900.2	7.300e1
1900.8	3.180e2
1901.4	9.600e1
1901.9	4.840e2
1903.6	1.400e1
1904.8	6.950e2
1905.4	2.000e1
1906.1	4.340e2
1908.0	7.100e1
1908.8	1.520e2
1910.1	1.760e2
1913.9	1.800e2
1917.3	5.480e2
1918.0	1.820e2
1918.7	7.700e2
1919.5	2.490e2
1920.5	1.930e2
1921.6	5.800e2
1922.4	1.940e2
1923.7	9.100e1
1924.4	2.600e1
1925.5	1.271e3
1926.7	2.860e2
1927.4	7.580e2
1928.3	1.850e2
1929.2	7.740e2
1930.5	1.087e3
1931.2	5.040e2
1932.6	2.920e2
1934.0	1.700e2
1935.0	1.340e2
1936.9	8.700e1
1937.5	2.010e2
1938.2	2.910e2
1939.6	1.450e2
1940.4	2.750e2
1941.0	5.560e2
1941.7	8.300e1
1942.7	6.930e2
1943.4	2.000e2
1944.0	5.140e2
1944.9	5.560e2
1945.9	5.800e1
1946.6	9.400e1
1947.5	1.390e3
1948.4	1.720e2
1950.3	1.580e2
1950.9	5.290e2
1951.5	4.100e1
1952.4	3.910e2
1953.4	1.830e2
1954.1	1.321e3
1954.9	4.220e2
1956.5	3.070e2
1957.9	3.510e2
1959.4	6.440e2
1961.2	2.290e2
1961.8	2.000e2
1963.5	6.100e1
1964.3	1.197e3
1965.4	3.120e2
1966.4	3.700e2
1967.0	1.880e2
1967.7	3.080e2
1968.8	4.630e2
1970.0	3.940e2
1972.6	1.120e2
1973.9	1.208e3
1974.8	4.230e2
1975.4	2.500e2
1976.4	3.400e1
1977.2	7.110e2
1978.4	6.730e2
1979.9	7.840e2
1982.1	4.900e1
1983.5	2.190e2
1984.2	1.175e3
1985.1	1.750e2
1985.8	2.870e2
1987.0	3.290e2
1987.8	9.390e2
1989.8	8.900e2
1990.6	3.670e2
1991.4	2.830e2
1992.2	7.070e2
1993.0	3.320e2
1995.8	3.700e1
1996.9	9.500e1
1997.5	6.400e2
1998.6	6.900e1
1999.4	7.380e2
