100.2	4.672e3
101.0	7.813e4
102.0	1.844e4
103.0	1.910e4
104.0	1.230e3
105.0	2.868e3
105.9	2.490e2
107.0	1.272e3
107.5	5.500e1
108.1	1.531e4
109.1	2.528e3
110.0	7.390e2
111.0	1.922e3
111.7	3.500e1
112.2	8.790e2
113.0	1.037e5
114.1	2.511e3
115.0	7.296e3
116.1	5.253e3
117.0	1.146e5
118.0	1.479e4
119.0	1.252e4
120.0	1.194e3
120.5	2.100e1
121.0	1.737e3
122.0	6.660e2
123.1	6.530e2
124.1	3.250e3
124.7	2.330e2
125.3	4.473e3
126.0	7.890e2
126.6	9.100e1
127.2	2.114e3
128.0	1.364e3
129.1	1.509e3
130.0	1.069e4
131.0	3.040e3
132.1	7.000e2
133.0	3.988e3
134.1	1.241e3
135.0	6.548e3
136.0	2.266e3
137.0	4.526e3
138.0	1.038e3
139.0	1.964e3
140.0	1.628e3
140.5	1.000e1
141.1	3.166e3
142.0	1.786e3
143.1	1.745e3
144.0	1.404e3
145.0	7.243e3
146.0	4.782e3
147.0	2.261e4
147.6	1.420e2
148.1	2.914e3
149.0	4.157e3
150.0	3.029e3
150.5	7.300e1
151.1	2.826e3
152.1	1.201e4
153.1	5.466e3
154.0	1.174e3
155.1	2.608e3
156.1	3.516e3
157.1	3.659e3
158.1	2.774e3
159.1	2.182e3
160.0	2.122e3
161.0	7.394e3
161.5	6.900e1
162.1	1.293e3
163.0	6.432e3
164.0	1.286e3
164.5	3.500e1
165.0	3.762e3
166.1	1.387e3
167.1	1.370e3
168.0	2.955e3
168.5	1.320e2
169.1	4.975e3
170.0	1.569e3
171.0	2.460e3
172.0	2.039e3
173.1	4.318e3
174.0	4.022e3
174.5	6.200e1
175.0	2.116e4
175.5	9.500e1
176.1	5.412e3
177.0	2.793e3
178.0	1.640e3
178.5	4.600e1
179.1	5.487e3
180.1	1.582e3
181.1	3.361e4
182.0	1.894e3
182.5	4.000e0
183.1	1.875e3
184.0	1.335e3
185.0	3.584e3
186.1	2.200e3
187.1	2.848e3
188.0	2.799e3
189.0	2.489e3
190.0	2.774e3
191.1	2.630e4
192.1	3.737e3
193.1	7.234e3
193.6	4.900e1
194.1	1.690e3
195.1	7.084e3
196.0	5.010e3
197.1	2.927e3
198.0	6.697e3
199.0	1.437e3
199.9	3.419e3
200.5	4.800e1
201.0	3.647e3
202.1	3.667e3
203.0	1.477e3
204.0	1.826e3
204.6	8.100e1
205.1	2.912e3
206.1	7.880e2
207.0	1.200e4
208.0	2.408e3
208.5	7.000e1
209.1	3.470e3
210.1	1.874e3
210.6	3.900e1
211.1	3.753e3
211.7	8.700e1
212.2	2.143e4
213.1	6.545e3
214.1	2.849e3
215.0	2.738e3
216.1	1.814e3
217.0	2.787e3
218.0	5.016e3
219.0	4.991e3
219.5	4.400e1
220.1	7.557e3
221.1	5.932e3
222.0	1.663e3
223.1	4.444e3
224.0	1.548e3
224.5	1.340e2
225.1	4.986e3
226.0	1.943e3
227.0	2.752e3
228.1	2.134e3
229.0	1.800e3
230.1	2.555e3
230.6	1.900e1
231.2	2.499e3
232.1	1.385e3
233.1	3.195e3
234.0	2.373e3
235.1	2.889e3
236.1	6.469e3
237.1	2.054e3
238.0	2.228e3
239.1	4.916e3
239.6	8.100e1
240.1	3.863e3
241.1	3.129e3
242.1	3.302e3
243.0	5.988e3
244.0	8.709e3
245.1	2.914e3
246.0	3.735e3
247.1	3.034e3
248.1	2.547e3
249.1	6.716e4
250.1	5.383e3
251.0	4.118e3
252.0	1.811e3
252.5	1.800e1
253.1	1.672e3
254.1	1.260e3
254.8	1.060e2
255.3	3.856e3
256.1	1.249e3
257.1	1.698e3
258.1	1.539e3
259.1	3.686e3
259.6	6.100e1
260.1	1.699e3
261.0	2.687e3
262.0	3.619e3
263.0	4.589e3
263.5	7.000e0
264.0	3.136e3
264.7	8.700e1
265.2	4.284e3
266.1	5.607e3
266.6	4.300e1
267.1	4.768e3
268.1	2.095e3
269.1	4.303e3
269.6	1.000e2
270.1	1.976e3
271.1	2.570e3
272.0	2.081e3
272.6	5.300e1
273.1	3.375e3
273.9	1.280e3
275.0	1.263e4
275.9	3.005e3
276.6	1.490e2
277.2	3.050e3
278.2	1.819e3
279.1	4.806e3
279.7	7.900e1
280.2	2.673e3
281.2	4.778e3
282.1	3.046e3
282.6	1.200e1
283.2	3.833e3
284.1	2.370e3
285.1	3.578e3
286.1	2.156e3
287.2	3.138e3
288.1	1.496e4
289.1	9.027e3
290.0	3.326e3
291.1	6.667e3
292.0	3.003e3
292.6	9.800e1
293.1	5.624e3
294.0	1.882e3
294.6	1.650e2
295.2	7.382e3
296.1	2.349e3
296.7	3.000e1
297.2	3.625e3
298.0	2.934e3
299.1	3.160e3
300.1	2.010e3
301.1	4.470e3
302.0	1.930e3
303.2	3.374e3
304.1	2.272e3
305.2	4.946e3
306.1	3.266e3
307.1	9.839e3
308.1	5.995e3
309.1	6.483e3
310.0	2.678e3
310.6	8.000e0
311.1	8.269e3
312.1	6.369e3
312.6	2.360e2
313.1	4.944e3
314.0	2.178e3
314.6	4.000e1
315.1	2.709e3
316.0	1.910e3
317.1	8.042e4
318.1	5.407e3
319.0	5.763e3
320.1	3.239e3
320.6	7.000e0
321.2	4.720e3
322.1	2.787e3
322.6	2.600e1
323.1	4.894e3
324.0	3.596e3
324.6	2.170e2
325.2	5.597e3
326.2	2.770e3
327.1	7.337e3
328.1	4.103e3
329.1	9.313e3
330.0	4.665e3
330.6	1.200e1
331.1	5.694e3
332.0	1.820e3
332.6	2.930e2
333.2	6.105e3
334.1	5.276e3
335.1	6.027e3
336.1	3.628e3
336.6	5.800e1
337.1	5.347e3
338.1	2.352e3
338.6	7.700e1
339.1	5.674e3
340.1	4.805e3
340.6	2.160e2
341.2	6.188e3
342.1	2.768e3
343.0	1.276e4
343.5	1.390e2
344.1	3.880e3
344.6	3.300e1
345.1	3.159e3
346.1	3.357e3
347.1	4.325e3
348.0	3.567e3
348.7	7.610e2
349.3	6.611e3
350.2	2.435e3
351.2	8.266e3
352.1	2.466e3
353.1	1.005e4
353.6	2.840e2
354.2	2.723e3
355.2	7.162e3
356.1	1.595e4
356.6	4.000e1
357.1	9.487e3
358.1	2.570e3
359.1	4.165e3
359.6	1.200e2
360.1	2.475e3
361.1	3.823e3
362.1	1.840e3
362.9	3.257e3
363.9	2.156e3
364.5	3.250e2
365.1	2.924e3
366.0	3.657e3
366.5	7.900e1
367.1	3.167e3
368.1	1.694e3
369.1	7.428e3
370.0	2.359e3
370.5	3.700e1
371.1	3.496e3
372.1	2.277e3
373.2	2.821e3
374.0	2.087e3
374.5	8.000e0
375.2	7.472e3
376.1	2.532e3
376.6	4.000e0
377.2	3.752e3
378.1	2.459e3
379.1	8.155e3
379.6	3.440e2
380.2	3.818e3
380.7	7.100e1
381.2	4.838e3
382.2	1.952e3
382.8	1.380e2
383.3	5.611e3
384.2	1.908e3
385.1	4.368e4
386.1	4.876e3
387.1	3.205e3
388.0	1.523e3
388.7	5.060e2
389.4	2.395e3
390.3	1.123e3
391.1	2.703e3
392.0	4.001e3
392.6	9.900e1
393.1	4.749e3
394.1	3.994e3
395.1	6.360e3
396.0	2.903e3
396.6	8.700e1
397.1	8.441e3
398.0	4.462e3
399.1	5.083e3
399.6	1.200e2
400.2	3.088e3
400.7	2.300e2
401.3	4.303e3
402.1	3.296e3
403.1	3.189e3
404.0	1.736e3
404.6	2.680e2
405.2	4.488e3
406.2	2.720e3
407.1	3.172e3
408.0	2.942e3
408.7	4.610e2
409.4	6.128e3
410.2	2.404e3
411.0	8.985e3
412.0	2.704e3
412.6	2.060e2
413.1	3.118e3
414.1	2.018e3
415.2	3.665e3
416.1	2.720e3
417.1	3.873e3
418.1	2.037e3
418.6	1.220e2
419.2	3.790e3
420.1	2.641e3
420.7	1.380e2
421.2	5.566e3
422.2	2.485e3
422.7	8.200e1
423.2	5.319e3
424.1	1.154e4
425.2	4.873e3
426.1	2.229e3
426.6	6.000e1
427.1	7.407e3
428.1	3.892e3
428.7	5.020e2
429.3	4.163e3
430.2	1.838e3
431.3	4.642e3
432.2	2.088e3
432.8	4.630e2
433.4	1.283e4
434.4	7.245e3
434.9	5.700e1
435.4	5.886e3
436.4	9.751e3
437.4	9.747e3
438.3	4.804e3
438.9	2.520e2
439.4	4.036e3
440.2	2.840e3
441.2	3.688e3
442.2	3.396e3
442.8	3.680e2
443.3	6.915e3
444.2	2.543e3
445.2	3.959e3
446.2	2.839e3
446.7	5.300e1
447.2	6.241e3
448.1	3.301e3
449.1	3.638e3
449.6	2.940e2
450.2	3.298e3
450.7	2.420e2
451.3	4.787e3
451.8	3.400e1
452.3	8.454e3
453.1	4.117e4
454.0	6.345e3
455.1	3.716e3
456.1	3.497e3
456.7	6.160e2
457.3	3.978e3
457.9	1.440e2
458.4	2.755e3
459.4	6.916e3
460.3	2.949e3
461.2	3.329e3
461.9	1.295e3
462.5	1.157e4
463.5	6.315e3
464.5	9.539e3
465.4	2.691e4
466.0	5.630e2
466.5	1.067e4
467.4	5.657e3
468.2	2.174e3
469.1	4.950e3
470.0	5.876e3
470.6	7.420e2
471.2	4.286e3
472.1	2.576e3
472.7	7.730e2
473.3	6.478e3
474.3	3.825e3
474.8	1.140e2
475.3	4.626e3
475.8	1.790e2
476.3	4.443e3
477.1	1.149e3
477.7	5.159e3
478.7	1.099e4
479.5	6.208e3
480.4	1.518e4
481.4	8.408e3
482.0	7.890e2
482.5	3.523e3
483.4	1.017e4
484.3	4.409e3
485.2	6.741e3
486.1	2.545e3
487.0	5.451e3
487.6	3.820e2
488.2	2.788e3
489.2	4.282e3
489.8	5.000e2
490.4	4.321e3
491.1	2.968e3
491.9	1.484e4
492.8	7.032e3
493.6	5.280e3
494.3	1.966e3
495.1	6.977e3
496.0	4.548e3
496.7	2.630e2
497.2	4.413e3
497.8	6.230e2
498.4	6.195e3
499.3	4.073e3
500.4	3.051e3
501.0	6.350e2
501.6	6.581e3
502.4	2.639e3
503.3	1.341e4
503.9	2.220e2
504.4	7.306e3
505.4	6.645e3
506.0	4.040e2
506.5	6.506e3
507.5	5.158e3
508.0	1.080e2
508.6	1.006e4
509.5	7.463e3
510.2	1.840e3
511.0	6.594e3
512.0	3.545e3
512.6	3.060e2
513.2	5.942e3
514.1	3.798e3
515.1	7.106e3
515.7	4.830e2
516.3	3.817e3
516.9	2.840e2
517.4	1.051e4
518.3	5.062e3
518.8	2.420e2
519.4	6.986e3
520.2	4.736e3
521.1	3.267e4
521.7	1.281e3
522.3	7.485e3
523.3	3.989e3
523.9	7.050e2
524.5	8.373e3
525.5	5.849e3
526.4	2.864e3
527.3	5.163e3
527.8	1.440e2
528.3	3.996e3
529.2	3.524e3
530.1	3.795e3
530.7	4.660e2
531.3	5.986e3
532.2	3.896e3
532.8	1.173e3
533.4	8.528e3
534.1	2.001e3
534.7	8.099e3
535.5	4.336e3
536.5	5.201e3
537.5	6.737e3
538.4	2.937e3
539.3	3.871e3
539.9	5.960e2
540.5	5.661e3
541.2	1.696e3
541.8	5.100e3
542.5	1.068e3
543.2	3.607e3
544.2	3.544e3
544.7	1.700e1
545.2	4.785e3
546.2	3.705e3
547.0	1.170e4
547.6	1.494e3
548.2	5.253e3
548.8	1.610e2
549.3	4.800e3
550.2	3.157e3
550.8	5.090e2
551.4	4.957e3
552.0	2.940e2
552.6	9.526e3
553.5	5.752e3
554.2	1.051e3
554.9	4.105e3
555.5	6.920e2
556.2	3.072e3
556.7	7.000e0
557.2	4.410e3
558.1	3.223e3
559.1	4.861e3
559.6	1.520e2
560.1	8.351e3
560.6	1.480e2
561.2	5.397e3
562.1	3.402e3
562.7	6.600e2
563.3	5.118e3
563.8	1.210e2
564.4	5.195e3
564.9	1.280e2
565.4	4.633e3
565.9	6.200e1
566.5	5.912e3
567.0	9.100e1
567.5	3.741e3
568.5	4.160e3
569.2	9.730e2
569.8	3.757e3
570.6	2.208e3
571.5	2.735e4
572.0	7.100e1
572.5	1.167e4
573.4	5.682e3
574.0	3.480e2
574.5	7.132e3
575.4	5.842e3
576.0	8.500e1
576.5	5.178e3
577.4	4.841e3
578.3	3.562e3
579.1	6.999e3
579.9	2.241e3
580.7	5.314e3
581.6	4.807e3
582.2	7.110e2
582.8	3.934e3
583.6	3.856e3
584.6	1.874e3
585.4	3.974e3
586.3	2.924e3
587.3	4.514e3
588.2	2.318e3
589.1	2.539e4
590.0	4.663e3
590.6	2.100e1
591.1	3.841e3
592.0	4.877e3
592.6	7.470e2
593.3	4.313e3
594.3	4.702e3
594.9	3.990e2
595.5	5.399e3
596.4	4.186e3
597.4	5.772e3
598.0	6.410e2
598.6	4.018e3
599.4	3.133e3
600.1	3.635e3
601.0	5.537e3
601.7	1.505e3
602.4	5.449e3
603.3	3.693e3
604.2	2.566e3
605.2	6.462e3
605.8	4.740e2
606.3	3.281e3
607.4	4.339e3
607.9	1.260e2
608.5	3.067e3
609.4	5.442e3
610.0	2.510e2
610.6	2.915e3
611.5	6.039e3
612.4	4.676e3
613.4	3.110e3
614.1	1.592e3
614.8	9.216e3
615.3	1.360e2
615.8	5.385e3
616.8	4.744e3
617.5	1.819e3
618.2	5.711e3
618.8	1.190e2
619.3	4.574e3
620.2	2.286e3
621.0	5.265e3
622.0	4.749e3
622.7	1.635e3
623.5	4.200e3
624.4	3.159e3
625.1	1.629e3
625.9	3.717e3
626.5	5.440e2
627.1	5.315e3
628.1	7.523e3
628.6	2.730e2
629.1	5.317e3
629.7	2.900e2
630.2	3.732e3
631.2	5.601e3
631.8	4.320e2
632.4	5.749e3
633.4	5.582e3
634.0	1.153e3
634.6	5.418e3
635.5	2.790e3
636.0	1.240e2
636.6	4.000e3
637.1	1.410e2
637.6	5.338e3
638.5	2.464e3
639.4	5.726e3
640.3	2.978e3
641.2	4.950e3
641.7	2.780e2
642.3	5.093e3
643.2	4.976e3
643.7	6.500e1
644.2	4.321e3
645.0	1.969e3
645.8	4.458e3
646.7	3.423e3
647.5	5.324e3
648.2	9.500e2
648.9	5.287e3
649.4	2.250e2
649.9	4.225e3
650.5	6.080e2
651.1	6.377e3
651.6	7.300e1
652.1	4.601e3
652.9	1.009e3
653.6	3.285e3
654.5	2.795e3
655.3	4.011e3
656.2	3.281e3
657.1	2.024e4
657.7	3.340e2
658.2	6.174e3
658.7	5.310e2
659.3	4.900e3
660.0	2.126e3
660.8	2.697e3
661.6	4.788e3
662.5	2.415e3
663.4	4.978e3
664.4	5.177e3
664.9	2.970e2
665.5	5.232e3
666.3	3.190e3
667.1	4.422e3
668.0	1.721e3
668.9	5.050e3
669.8	2.934e3
670.5	7.830e2
671.2	5.285e3
672.1	3.302e3
672.7	4.330e2
673.3	4.815e3
674.2	5.043e3
674.9	6.460e2
675.5	6.116e3
676.4	4.316e3
676.9	1.690e2
677.5	8.772e3
678.5	4.628e3
679.4	5.665e3
679.9	1.280e2
680.4	4.233e3
681.2	2.436e3
682.2	5.546e3
683.1	8.650e3
683.8	2.017e3
684.4	6.228e3
684.9	1.520e2
685.4	5.963e3
686.3	3.497e3
687.3	4.044e3
688.1	2.036e3
688.9	5.122e3
689.5	1.489e3
690.3	3.806e3
690.8	1.790e2
691.4	4.246e3
692.0	7.810e2
692.6	3.537e3
693.5	4.736e3
694.2	1.345e3
695.0	4.675e3
695.5	8.400e1
696.0	5.976e3
697.0	5.061e3
697.8	1.776e3
698.6	8.386e3
699.6	7.190e3
700.6	5.102e3
701.3	1.351e3
701.9	4.684e3
702.5	3.340e2
703.1	4.037e3
703.9	1.152e3
704.6	3.247e3
705.5	4.294e3
706.1	2.710e2
706.7	3.087e3
707.6	4.648e3
708.5	2.762e3
709.4	5.494e3
710.4	4.432e3
711.2	5.172e3
711.9	1.613e3
712.7	6.728e3
713.7	4.987e3
714.2	5.690e2
714.8	7.954e3
715.7	5.837e3
716.4	1.403e3
717.2	5.338e3
718.0	3.079e3
718.5	5.990e2
719.1	4.508e3
719.9	1.504e3
720.6	4.440e3
721.6	4.705e3
722.2	7.030e2
722.8	3.869e3
723.7	3.222e3
724.4	1.636e3
725.1	1.353e4
726.1	4.708e3
727.1	4.575e3
727.8	1.458e3
728.4	3.534e3
729.4	5.037e3
729.9	2.190e2
730.5	3.676e3
731.5	4.236e3
732.4	3.831e3
733.3	2.106e3
733.9	1.730e2
734.4	2.929e3
735.3	5.556e3
736.3	4.053e3
737.3	5.818e3
737.8	3.750e2
738.5	3.433e3
739.4	3.229e3
740.2	2.413e3
740.7	4.100e1
741.3	5.572e3
741.9	6.400e2
742.5	4.479e3
743.4	4.494e3
744.1	1.491e3
744.9	4.987e3
745.7	2.317e3
746.5	4.253e3
747.4	3.741e3
747.9	4.090e2
748.5	3.859e3
749.3	2.122e3
750.2	3.014e3
751.0	8.452e3
751.7	1.420e3
752.4	4.859e3
753.4	3.459e3
753.9	1.030e2
754.4	4.786e3
755.0	9.770e2
755.7	3.626e3
756.4	4.820e2
757.0	2.803e3
757.9	5.198e3
758.7	3.401e3
759.6	2.857e3
760.2	1.620e2
760.7	3.871e3
761.7	3.098e3
762.4	8.630e2
763.0	4.623e3
764.0	8.850e3
764.9	4.400e3
765.9	3.698e3
766.5	9.120e2
767.2	5.514e3
767.9	1.969e3
768.6	4.518e3
769.3	9.060e2
770.1	3.267e3
770.9	2.126e3
771.7	3.820e3
772.5	9.130e2
773.2	3.494e3
773.8	2.750e2
774.4	3.121e3
775.0	4.430e2
775.6	3.156e3
776.2	5.120e2
776.7	4.021e3
777.7	4.620e3
778.5	1.794e3
779.3	3.780e3
780.1	1.909e3
780.9	3.811e3
781.9	3.241e3
782.4	2.410e2
782.9	3.974e3
783.6	9.880e2
784.3	2.847e3
785.3	3.934e3
785.9	6.290e2
786.5	4.845e3
787.3	2.332e3
788.2	3.138e3
789.1	1.533e3
790.1	4.873e3
791.0	3.035e3
791.8	4.003e3
792.5	8.150e2
793.1	1.255e4
794.0	3.447e3
794.8	7.316e3
795.7	5.407e3
796.2	1.060e2
796.8	4.348e3
797.8	3.398e3
798.3	9.900e1
798.8	4.536e3
799.8	4.672e3
800.7	1.883e3
801.5	4.212e3
802.0	2.100e2
802.6	5.076e3
803.4	2.932e3
804.2	2.139e3
805.1	4.704e3
805.7	1.006e3
806.4	3.931e3
807.3	4.274e3
807.9	4.920e2
808.5	3.053e3
809.5	5.056e3
810.5	3.219e3
811.0	1.070e2
811.5	3.278e3
812.0	9.500e1
812.5	2.512e3
813.4	3.947e3
814.2	1.294e3
815.0	3.699e3
815.9	2.864e3
816.5	2.010e2
817.1	4.819e3
817.6	7.300e1
818.1	2.241e3
819.1	8.253e3
820.0	3.650e3
820.5	2.120e2
821.0	2.332e3
821.9	3.318e3
822.8	1.778e3
823.6	3.472e3
824.2	5.070e2
824.8	6.341e3
825.8	4.937e3
826.7	4.368e3
827.5	1.870e3
828.2	3.371e3
829.1	2.443e3
830.1	2.761e3
831.0	4.336e3
831.6	2.430e2
832.2	7.050e3
833.1	3.923e3
833.7	7.390e2
834.3	2.999e3
834.9	1.260e2
835.4	4.093e3
836.0	4.560e2
836.6	4.025e3
837.5	1.985e3
838.3	2.937e3
838.9	1.450e2
839.4	4.431e3
840.4	2.407e3
840.9	9.000e1
841.4	3.216e3
842.0	2.990e2
842.6	2.853e3
843.1	4.100e1
843.6	3.708e3
844.5	3.760e3
845.5	2.985e3
846.3	3.795e3
846.9	3.700e2
847.5	3.572e3
848.1	3.520e2
848.7	3.592e3
849.7	3.261e3
850.4	8.190e2
851.0	3.762e3
851.8	1.091e3
852.5	2.666e3
853.3	3.548e3
854.3	2.359e3
855.2	4.424e3
856.0	1.694e3
856.9	2.585e3
857.8	4.021e3
858.5	1.019e3
859.2	3.523e3
860.1	2.033e3
861.1	8.777e3
862.1	3.933e3
863.1	3.831e3
864.0	2.875e3
865.0	4.635e3
865.7	9.370e2
866.4	3.612e3
867.0	1.480e2
867.5	2.825e3
868.3	1.579e3
869.2	2.991e3
870.0	2.502e3
870.5	1.420e2
871.1	4.311e3
872.0	3.038e3
872.6	3.440e2
873.1	3.340e3
873.8	3.540e2
874.4	2.237e3
875.4	4.086e3
876.1	1.536e3
876.9	4.244e3
877.9	2.603e3
878.8	2.936e3
879.8	3.923e3
880.5	1.085e3
881.1	2.998e3
882.0	4.765e3
883.0	4.400e3
883.6	1.240e2
884.1	3.118e3
884.6	3.500e1
885.1	3.143e3
886.1	3.484e3
887.0	6.785e3
887.5	2.430e2
888.1	4.539e3
889.1	3.640e3
890.0	2.292e3
890.6	4.590e2
891.2	3.481e3
892.2	2.085e3
893.2	3.562e3
894.2	3.373e3
895.1	3.937e3
895.8	1.546e3
896.6	4.250e3
897.6	2.257e3
898.3	1.355e3
898.9	4.584e3
899.5	8.300e1
900.0	6.254e3
900.6	5.880e2
901.2	3.924e3
901.7	6.500e1
902.2	3.292e3
903.0	1.742e3
903.8	3.479e3
904.8	3.815e3
905.6	1.582e3
906.3	2.141e3
907.3	2.056e3
908.2	3.351e3
908.8	5.840e2
909.4	3.151e3
910.3	3.115e3
911.1	6.430e2
911.8	3.278e3
912.4	5.140e2
913.0	2.809e3
914.0	3.468e3
914.9	3.238e3
915.4	8.500e1
915.9	3.486e3
916.8	3.229e3
917.9	3.906e3
918.6	1.867e3
919.4	5.290e3
920.4	3.691e3
921.3	2.438e3
921.9	3.230e2
922.6	3.041e3
923.5	3.135e3
924.5	4.085e3
925.1	6.610e2
925.8	3.874e3
926.4	6.230e2
927.0	3.581e3
927.6	6.830e2
928.2	2.878e3
929.1	8.277e3
930.0	3.719e3
930.9	2.801e3
931.8	2.812e3
932.5	1.110e3
933.2	3.136e3
933.9	7.240e2
934.6	3.727e3
935.4	1.772e3
936.1	3.505e3
937.2	2.941e3
938.0	1.999e3
938.9	3.737e3
939.5	8.500e2
940.2	3.805e3
940.7	7.000e1
941.2	4.121e3
942.1	2.794e3
943.0	2.438e3
943.8	2.348e3
944.4	4.860e2
945.0	4.464e3
946.0	2.022e3
946.7	4.310e2
947.3	2.912e3
948.0	4.990e2
948.6	3.336e3
949.3	6.280e2
949.9	3.452e3
950.5	2.650e2
951.1	2.992e3
952.0	3.038e3
952.9	4.323e3
953.9	2.628e3
954.4	2.360e2
955.0	5.324e3
955.5	9.100e1
956.0	5.052e3
956.5	3.070e2
957.1	3.243e3
958.0	4.054e3
958.7	4.210e2
959.3	3.788e3
959.8	1.980e2
960.4	2.193e3
961.3	3.771e3
962.1	5.750e2
962.8	3.893e3
963.4	7.130e2
964.1	3.887e3
964.8	1.252e3
965.5	2.999e3
966.3	1.052e3
967.1	3.215e3
967.6	9.700e1
968.1	4.274e3
969.0	2.262e3
969.8	3.047e3
970.4	1.522e3
971.1	3.927e3
972.0	2.386e3
972.9	4.213e3
973.8	2.656e3
974.4	5.230e2
975.0	3.552e3
975.9	2.451e3
976.8	2.495e3
977.7	4.715e3
978.6	3.293e3
979.5	3.560e3
980.1	3.620e2
980.7	3.465e3
981.2	4.170e2
981.8	2.417e3
982.7	3.654e3
983.7	3.321e3
984.6	1.800e3
985.4	3.382e3
986.0	2.320e2
986.5	3.355e3
987.5	2.452e3
988.0	2.880e2
988.5	2.965e3
989.4	4.632e3
990.2	2.269e3
991.0	2.999e3
991.9	2.401e3
992.7	2.454e3
993.4	7.310e2
994.0	4.970e3
994.8	1.599e3
995.6	4.236e3
996.4	9.460e2
997.1	5.737e3
998.0	3.221e3
999.0	2.314e3
999.9	4.318e3
1000.9	2.385e3
1001.8	4.492e3
1002.7	1.016e3
1003.4	3.629e3
1004.2	1.667e3
1005.2	2.448e3
1005.8	1.031e3
1006.5	3.296e3
1007.2	9.590e2
1007.8	3.691e3
1008.4	1.750e2
1008.9	3.851e3
1009.9	3.698e3
1010.4	4.480e2
1011.0	2.724e3
1012.0	3.042e3
1012.8	1.827e3
1013.5	3.413e3
1014.2	1.009e3
1014.8	3.560e3
1015.8	2.452e3
1016.7	3.806e3
1017.3	6.130e2
1017.9	3.590e3
1018.8	2.506e3
1019.6	3.320e3
1020.3	7.700e2
1021.1	3.515e3
1022.0	3.804e3
1023.0	3.725e3
1023.8	4.017e3
1024.5	6.560e2
1025.2	2.946e3
1026.1	2.951e3
1027.0	3.067e3
1027.6	7.800e1
1028.1	3.041e3
1029.1	3.476e3
1029.8	8.810e2
1030.5	3.955e3
1031.5	3.905e3
1032.5	3.124e3
1033.4	1.337e3
1034.0	2.845e3
1035.0	3.476e3
1036.0	3.924e3
1036.6	7.940e2
1037.1	3.465e3
1038.0	2.243e3
1039.0	3.375e3
1039.7	8.460e2
1040.4	3.772e3
1041.3	2.139e3
1042.3	2.102e3
1043.2	4.297e3
1044.1	2.671e3
1045.0	3.167e3
1045.9	1.472e3
1046.8	3.794e3
1047.5	1.395e3
1048.2	4.473e3
1049.2	4.197e3
1049.9	9.790e2
1050.6	3.250e3
1051.6	3.338e3
1052.6	2.864e3
1053.5	2.496e3
1054.1	1.095e3
1054.8	3.727e3
1055.6	1.384e3
1056.3	3.617e3
1056.9	2.200e2
1057.4	3.976e3
1058.0	1.760e2
1058.5	4.522e3
1059.5	3.219e3
1060.0	2.400e1
1060.5	2.492e3
1061.4	3.416e3
1062.1	1.381e3
1062.9	4.256e3
1063.6	8.360e2
1064.3	3.543e3
1065.2	7.193e3
1066.0	2.640e3
1066.8	2.362e3
1067.4	2.190e2
1067.9	4.996e3
1068.8	2.155e3
1069.8	3.178e3
1070.4	8.450e2
1071.1	3.382e3
1072.0	3.833e3
1073.0	2.687e3
1073.7	8.550e2
1074.4	3.070e3
1075.0	7.540e2
1075.6	4.587e3
1076.2	2.400e2
1076.7	3.641e3
1077.2	1.230e2
1077.8	4.290e3
1078.6	2.130e3
1079.4	3.392e3
1080.2	1.674e3
1081.0	3.170e3
1081.8	1.011e3
1082.5	3.366e3
1083.4	2.432e3
1084.2	2.765e3
1084.8	4.490e2
1085.4	3.488e3
1086.1	1.353e3
1086.8	3.966e3
1087.3	8.600e1
1087.8	2.487e3
1088.8	4.549e3
1089.7	2.645e3
1090.4	5.080e2
1091.0	3.992e3
1091.8	2.466e3
1092.6	3.241e3
1093.1	1.850e2
1093.6	3.714e3
1094.5	2.616e3
1095.2	8.400e2
1095.9	3.856e3
1096.4	9.700e1
1096.9	3.224e3
1097.4	1.500e2
1098.0	3.584e3
1098.9	1.826e3
1099.7	3.964e3
1100.5	1.912e3
1101.3	2.936e3
1102.3	4.353e3
1103.2	2.565e3
1104.2	4.047e3
1104.9	4.810e2
1105.5	3.093e3
1106.1	9.220e2
1106.8	4.679e3
1107.7	4.333e3
1108.6	2.098e3
1109.6	3.630e3
1110.4	2.106e3
1111.4	4.237e3
1112.4	3.211e3
1113.0	8.930e2
1113.7	3.104e3
1114.4	2.820e2
1115.0	3.900e3
1115.7	1.678e3
1116.5	2.763e3
1117.4	2.598e3
1117.9	4.200e1
1118.4	3.485e3
1119.0	1.200e2
1119.5	3.204e3
1120.4	3.135e3
1120.9	2.310e2
1121.4	4.017e3
1122.2	1.446e3
1122.9	3.859e3
1123.9	4.509e3
1124.7	1.016e3
1125.5	2.912e3
1126.3	1.902e3
1127.1	3.520e3
1128.1	4.042e3
1129.0	2.830e3
1130.0	3.764e3
1130.8	1.878e3
1131.5	4.319e3
1132.3	2.397e3
1133.2	5.924e3
1134.0	2.681e3
1134.9	2.973e3
1135.8	3.683e3
1136.8	3.072e3
1137.3	1.430e2
1137.9	3.836e3
1138.9	2.726e3
1139.8	3.391e3
1140.9	3.211e3
1141.4	4.480e2
1142.0	3.616e3
1142.8	1.376e3
1143.6	3.641e3
1144.5	2.886e3
1145.0	3.600e2
1145.6	3.550e3
1146.6	4.027e3
1147.3	1.122e3
1147.9	3.005e3
1148.7	2.047e3
1149.5	3.298e3
1150.4	2.126e3
1150.9	4.700e1
1151.5	3.949e3
1152.1	1.330e2
1152.6	2.724e3
1153.5	4.270e3
1154.3	1.201e3
1155.0	3.351e3
1155.9	2.327e3
1156.9	4.640e3
1157.9	4.104e3
1158.7	1.846e3
1159.5	4.127e3
1160.1	6.910e2
1160.8	3.963e3
1161.7	1.884e3
1162.5	2.932e3
1163.1	2.800e2
1163.6	3.529e3
1164.4	1.185e3
1165.1	3.000e3
1166.1	4.193e3
1166.8	1.599e3
1167.5	3.961e3
1168.3	2.499e3
1169.2	4.624e3
1169.7	1.650e2
1170.3	3.248e3
1171.2	3.107e3
1172.2	4.298e3
1173.1	2.844e3
1173.7	1.070e2
1174.2	3.845e3
1174.7	1.370e2
1175.2	4.543e3
1175.9	6.220e2
1176.5	3.774e3
1177.4	2.278e3
1178.2	3.732e3
1178.8	6.140e2
1179.4	3.438e3
1180.2	1.675e3
1181.2	4.526e3
1181.7	5.000e0
1182.2	2.620e3
1183.2	3.676e3
1183.7	1.620e2
1184.2	5.613e3
1184.8	4.250e2
1185.5	5.066e3
1186.2	1.286e3
1186.9	5.231e3
1187.4	3.700e1
1187.9	4.962e3
1188.5	4.960e2
1189.0	2.996e3
1190.0	3.380e3
1190.6	2.080e2
1191.2	3.214e3
1192.1	2.793e3
1192.6	1.210e2
1193.1	4.448e3
1194.0	2.992e3
1195.0	3.847e3
1195.9	1.617e3
1196.7	3.927e3
1197.4	1.354e3
1198.2	3.757e3
1198.8	4.700e2
1199.3	4.615e3
1200.1	1.904e3
1200.9	6.288e3
1201.9	5.057e3
1202.5	5.340e2
1203.1	3.729e3
1203.8	1.558e3
1204.5	3.459e3
1205.1	1.581e3
1205.9	4.017e3
1206.7	2.215e3
1207.6	3.726e3
1208.4	1.087e3
1209.1	2.607e3
1209.9	4.413e3
1210.5	1.810e2
1211.0	3.856e3
1211.8	1.154e3
1212.6	4.434e3
1213.5	3.186e3
1214.4	3.960e3
1215.2	2.200e3
1216.0	3.310e3
1216.9	3.236e3
1217.8	2.261e3
1218.7	3.921e3
1219.3	5.400e2
1219.9	3.875e3
1220.4	3.950e2
1221.0	3.923e3
1221.9	2.181e3
1222.8	2.993e3
1223.6	7.450e2
1224.3	2.367e3
1225.1	1.924e3
1225.9	3.782e3
1226.5	2.050e2
1227.0	4.001e3
1228.0	3.444e3
1228.9	3.691e3
1229.6	1.166e3
1230.3	4.027e3
1230.9	6.080e2
1231.5	3.581e3
1232.0	1.980e2
1232.6	2.964e3
1233.1	5.530e2
1233.7	4.230e3
1234.6	4.022e3
1235.6	3.889e3
1236.1	2.000e1
1236.7	2.913e3
1237.4	1.169e3
1238.1	5.112e3
1238.9	8.630e2
1239.5	2.451e3
1240.5	5.033e3
1241.4	3.974e3
1242.4	3.438e3
1243.1	1.109e3
1243.7	4.584e3
1244.3	7.680e2
1244.8	3.575e3
1245.8	3.852e3
1246.7	3.142e3
1247.3	2.390e2
1247.8	3.145e3
1248.7	2.998e3
1249.6	4.901e3
1250.2	7.630e2
1250.8	2.521e3
1251.7	3.975e3
1252.6	3.307e3
1253.2	1.010e2
1253.7	2.922e3
1254.7	3.510e3
1255.2	4.270e2
1255.9	3.334e3
1256.8	4.683e3
1257.6	3.227e3
1258.5	2.929e3
1259.3	1.921e3
1260.2	3.884e3
1261.1	1.537e3
1261.9	4.397e3
1262.7	2.552e3
1263.3	1.310e3
1264.1	3.461e3
1264.7	5.820e2
1265.3	3.174e3
1266.0	9.150e2
1266.7	4.660e3
1267.3	2.830e2
1267.8	3.000e3
1268.7	4.073e3
1269.6	5.631e3
1270.4	1.382e3
1271.2	3.425e3
1271.9	7.550e2
1272.5	2.570e3
1273.5	4.082e3
1274.4	2.572e3
1275.3	4.126e3
1276.0	1.572e3
1276.7	4.480e3
1277.7	3.409e3
1278.6	1.567e3
1279.5	3.261e3
1280.0	2.500e1
1280.5	2.502e3
1281.5	2.697e3
1282.4	4.008e3
1283.4	3.816e3
1284.4	4.758e3
1285.2	1.168e3
1285.9	3.597e3
1287.0	2.863e3
1287.7	9.690e2
1288.3	2.433e3
1289.1	4.130e3
1290.1	3.347e3
1290.6	2.360e2
1291.2	2.286e3
1292.0	4.004e3
1292.6	4.430e2
1293.2	3.673e3
1293.8	5.920e2
1294.4	4.077e3
1295.0	6.030e2
1295.7	3.661e3
1296.6	1.831e3
1297.4	2.926e3
1298.2	3.071e3
1298.8	7.930e2
1299.4	4.670e3
1300.4	2.776e3
1301.3	3.821e3
1302.2	3.499e3
1302.8	1.270e2
1303.3	3.587e3
1304.3	2.821e3
1305.2	4.279e3
1306.0	1.328e3
1306.7	2.849e3
1307.4	6.850e2
1308.0	5.394e3
1308.5	3.200e1
1309.1	3.078e3
1310.0	2.926e3
1310.8	2.486e3
1311.8	3.361e3
1312.6	1.342e3
1313.3	3.462e3
1313.8	1.790e2
1314.4	2.814e3
1315.3	3.335e3
1316.0	6.050e2
1316.6	2.763e3
1317.5	2.049e3
1318.3	2.504e3
1319.3	3.510e3
1320.2	1.596e3
1321.1	3.250e3
1322.1	3.136e3
1322.8	1.062e3
1323.6	3.634e3
1324.5	3.588e3
1325.5	3.751e3
1326.5	3.973e3
1327.5	3.985e3
1328.4	3.548e3
1329.0	9.100e1
1329.5	4.569e3
1330.2	1.167e3
1330.9	2.450e3
1331.8	3.280e3
1332.5	8.750e2
1333.3	3.134e3
1334.3	3.508e3
1334.9	3.290e2
1335.5	3.469e3
1336.3	2.043e3
1337.1	3.281e3
1338.1	3.769e3
1338.7	3.710e2
1339.4	3.194e3
1340.4	4.162e3
1341.1	9.380e2
1341.7	3.509e3
1342.2	9.600e1
1342.7	3.084e3
1343.3	2.130e2
1343.9	3.318e3
1344.5	4.500e2
1345.1	2.327e3
1345.9	4.330e3
1346.6	1.495e3
1347.4	4.360e3
1348.2	2.140e3
1349.0	3.616e3
1349.6	5.670e2
1350.2	2.955e3
1351.1	2.063e3
1352.0	1.781e3
1352.8	2.869e3
1353.7	3.020e3
1354.6	4.095e3
1355.6	2.310e3
1356.6	2.396e3
1357.5	3.706e3
1358.0	1.600e2
1358.6	3.404e3
1359.1	3.420e2
1359.8	2.699e3
1360.3	6.200e1
1360.8	3.301e3
1361.5	7.320e2
1362.1	4.281e3
1363.1	3.938e3
1364.1	4.451e3
1365.0	2.838e3
1365.9	3.601e3
1366.6	7.200e2
1367.2	3.300e3
1368.1	3.314e3
1368.7	4.440e2
1369.3	3.776e3
1370.1	1.554e3
1370.7	3.875e3
1371.5	8.210e2
1372.2	4.160e3
1373.2	2.430e3
1373.7	1.010e2
1374.3	3.539e3
1375.2	2.191e3
1376.1	3.661e3
1377.1	3.037e3
1378.0	3.230e3
1378.7	6.040e2
1379.4	3.170e3
1380.4	4.152e3
1381.0	1.900e1
1381.5	2.317e3
1382.3	1.666e3
1383.1	2.190e3
1384.0	1.577e3
1384.9	3.421e3
1385.9	2.215e3
1386.8	3.329e3
1387.5	1.189e3
1388.2	4.053e3
1389.1	2.754e3
1389.6	1.010e2
1390.1	2.890e3
1391.0	2.406e3
1391.7	7.020e2
1392.3	2.754e3
1393.3	3.455e3
1394.3	2.603e3
1395.1	1.410e3
1395.8	1.783e3
1396.6	3.668e3
1397.3	5.940e2
1397.9	2.803e3
1398.9	1.766e3
1399.7	3.572e3
1400.2	2.820e2
1400.8	2.783e3
1401.5	7.030e2
1402.1	2.684e3
1402.6	9.000e1
1403.1	3.046e3
1403.8	6.080e2
1404.5	2.818e3
1405.4	2.422e3
1406.3	3.815e3
1407.2	2.468e3
1408.0	9.170e2
1408.6	3.976e3
1409.5	2.591e3
1410.3	3.079e3
1410.8	4.800e1
1411.3	3.224e3
1411.9	5.490e2
1412.6	3.081e3
1413.5	1.468e3
1414.4	3.027e3
1415.1	1.284e3
1415.8	2.322e3
1416.4	3.550e2
1417.0	2.653e3
1417.8	1.024e3
1418.5	4.203e3
1419.5	2.994e3
1420.4	2.023e3
1421.2	3.185e3
1421.9	1.001e3
1422.5	2.271e3
1423.2	4.250e2
1423.8	2.488e3
1424.7	3.021e3
1425.7	3.778e3
1426.3	3.640e2
1426.9	1.984e3
1427.7	2.830e3
1428.3	2.740e2
1428.9	3.091e3
1429.7	1.390e3
1430.5	3.636e3
1431.1	1.800e1
1431.7	2.903e3
1432.6	3.444e3
1433.3	1.097e3
1434.1	2.211e3
1434.7	3.000e2
1435.3	1.993e3
1436.1	3.446e3
1436.7	2.600e1
1437.2	3.377e3
1437.9	1.017e3
1438.7	2.912e3
1439.7	2.872e3
1440.7	2.487e3
1441.3	5.700e2
1442.0	3.779e3
1442.7	9.960e2
1443.3	3.256e3
1444.2	1.889e3
1444.9	3.748e3
1445.9	2.879e3
1446.7	1.208e3
1447.5	3.249e3
1448.4	3.227e3
1449.0	1.360e2
1449.5	3.388e3
1450.1	6.840e2
1450.7	3.517e3
1451.5	1.202e3
1452.4	3.225e3
1453.3	1.705e3
1454.3	2.520e3
1455.2	1.615e3
1456.1	2.790e3
1457.1	3.579e3
1457.9	1.751e3
1458.7	3.771e3
1459.2	6.400e1
1459.7	2.936e3
1460.7	4.050e3
1461.5	1.189e3
1462.3	3.177e3
1463.1	1.307e3
1463.8	2.355e3
1464.8	2.448e3
1465.8	3.470e3
1466.8	2.247e3
1467.6	3.347e3
1468.4	1.756e3
1469.3	3.980e3
1470.2	2.857e3
1470.8	3.800e2
1471.4	2.867e3
1471.9	2.300e1
1472.4	2.784e3
1473.4	3.077e3
1474.1	7.000e2
1474.8	3.097e3
1475.8	4.906e3
1476.6	1.424e3
1477.4	4.902e3
1478.2	2.497e3
1478.8	9.220e2
1479.5	3.309e3
1480.3	1.899e3
1481.2	3.123e3
1482.1	2.303e3
1483.0	2.967e3
1483.9	3.300e3
1484.9	2.805e3
1485.9	3.303e3
1486.7	3.578e3
1487.7	3.438e3
1488.6	1.841e3
1489.4	2.900e3
1490.3	2.093e3
1491.3	3.337e3
1492.2	2.799e3
1492.7	1.790e2
1493.3	4.228e3
1494.3	2.427e3
1494.9	4.310e2
1495.5	3.171e3
1496.1	5.040e2
1496.7	2.955e3
1497.2	1.190e2
1497.8	2.376e3
1498.5	4.360e2
1499.1	3.467e3
1499.8	1.332e3
1500.6	2.339e3
1501.6	2.736e3
1502.3	7.070e2
1502.9	3.220e3
1503.5	9.600e1
1504.1	2.728e3
1505.1	2.595e3
1506.0	2.610e3
1506.6	3.230e2
1507.3	3.442e3
1508.1	1.397e3
1508.9	3.562e3
1509.4	8.200e1
1510.0	2.849e3
1511.0	3.063e3
1511.6	3.550e2
1512.2	3.704e3
1513.1	2.187e3
1514.1	3.854e3
1514.7	4.880e2
1515.4	4.457e3
1516.3	3.023e3
1517.2	2.449e3
1518.4	3.784e3
1519.1	1.308e3
1519.9	2.602e3
1520.4	1.170e2
1520.9	2.773e3
1521.9	3.153e3
1522.8	3.024e3
1523.3	1.830e2
1523.9	3.603e3
1524.7	9.070e2
1525.4	2.685e3
1526.0	3.480e2
1526.6	3.233e3
1527.4	2.330e3
1528.3	2.816e3
1529.2	2.568e3
1530.0	2.167e3
1530.9	2.910e3
1531.9	2.656e3
1532.8	1.370e3
1533.6	3.122e3
1534.1	5.700e1
1534.7	2.217e3
1535.5	8.420e2
1536.3	2.822e3
1537.3	2.455e3
1538.3	2.369e3
1539.3	3.997e3
1540.3	3.947e3
1541.3	3.424e3
1541.9	1.800e2
1542.5	2.580e3
1543.1	1.328e3
1543.8	2.868e3
1544.6	1.476e3
1545.5	2.652e3
1546.4	2.099e3
1547.4	2.777e3
1548.0	2.800e2
1548.6	2.525e3
1549.5	1.928e3
1550.4	3.410e3
1550.9	1.490e2
1551.5	3.265e3
1552.0	7.000e0
1552.5	3.676e3
1553.5	2.480e3
1554.3	1.463e3
1555.3	2.625e3
1556.1	1.186e3
1557.0	2.753e3
1557.5	2.760e2
1558.1	3.269e3
1558.6	2.410e2
1559.1	2.837e3
1559.7	1.870e2
1560.2	2.383e3
1561.2	2.601e3
1562.0	2.693e3
1562.8	8.960e2
1563.6	3.813e3
1564.4	1.669e3
1565.5	3.209e3
1566.0	1.300e1
1566.5	2.195e3
1567.2	8.450e2
1567.9	3.356e3
1568.6	5.700e2
1569.2	3.065e3
1570.2	2.356e3
1570.9	1.180e2
1571.4	3.138e3
1572.0	4.760e2
1572.6	1.698e3
1573.5	2.771e3
1574.5	2.962e3
1575.0	2.840e2
1575.5	2.042e3
1576.4	2.308e3
1577.4	2.668e3
1578.2	1.367e3
1579.1	2.645e3
1580.0	2.425e3
1580.9	3.124e3
1581.5	2.040e2
1582.1	2.100e3
1583.0	3.002e3
1584.0	3.095e3
1585.0	2.663e3
1585.6	2.650e2
1586.2	2.474e3
1587.1	1.984e3
1587.9	3.126e3
1588.9	2.629e3
1589.5	4.300e2
1590.1	1.436e3
1591.0	2.752e3
1591.9	1.582e3
1592.5	3.930e2
1593.2	2.006e3
1594.1	2.400e3
1595.1	2.929e3
1596.0	1.909e3
1596.6	3.120e2
1597.2	3.133e3
1597.7	6.860e2
1598.4	2.394e3
1599.4	1.876e3
1600.3	3.013e3
1601.0	1.347e3
1601.8	3.039e3
1602.4	1.730e2
1602.9	2.977e3
1603.8	1.449e3
1604.8	3.640e3
1605.3	1.810e2
1605.9	2.895e3
1606.5	1.970e2
1607.1	2.137e3
1607.7	1.250e2
1608.2	2.386e3
1609.0	1.296e3
1609.7	3.132e3
1610.4	9.070e2
1611.1	3.375e3
1612.1	2.423e3
1612.7	1.480e2
1613.3	2.889e3
1614.0	7.160e2
1614.7	3.594e3
1615.4	1.384e3
1616.2	2.933e3
1616.9	1.556e3
1617.7	2.780e3
1618.4	5.580e2
1619.0	1.996e3
1619.8	1.275e3
1620.6	2.791e3
1621.5	1.964e3
1622.2	2.487e3
1622.8	2.520e2
1623.3	2.303e3
1624.3	3.586e3
1624.8	3.400e1
1625.4	3.954e3
1626.1	2.310e2
1626.8	3.121e3
1627.6	1.380e3
1628.4	2.915e3
1628.9	1.240e2
1629.5	2.103e3
1630.3	1.039e3
1631.0	1.773e3
1632.0	3.653e3
1632.6	1.340e2
1633.2	2.504e3
1634.2	2.571e3
1634.8	1.710e2
1635.3	3.553e3
1635.9	2.940e2
1636.6	1.288e3
1637.4	2.765e3
1638.0	7.290e2
1638.6	2.948e3
1639.5	2.934e3
1640.2	9.370e2
1640.8	2.700e3
1641.3	8.000e1
1641.9	1.779e3
1642.7	1.358e3
1643.6	2.893e3
1644.5	2.886e3
1645.5	2.817e3
1646.3	4.650e2
1646.9	3.018e3
1647.6	9.710e2
1648.3	1.782e3
1648.9	4.020e2
1649.7	3.430e3
1650.2	3.370e2
1650.8	3.012e3
1651.4	6.250e2
1652.1	3.340e3
1653.0	1.865e3
1653.9	2.535e3
1654.5	5.900e1
1655.0	1.926e3
1655.5	1.060e2
1656.1	2.490e3
1656.7	3.760e2
1657.3	2.352e3
1658.2	1.714e3
1659.1	2.246e3
1660.1	3.071e3
1660.7	5.850e2
1661.4	2.808e3
1661.9	1.600e2
1662.5	3.465e3
1663.3	1.021e3
1664.0	2.837e3
1664.5	2.010e2
1665.1	2.914e3
1665.8	1.139e3
1666.6	3.234e3
1667.4	1.060e3
1668.1	3.279e3
1668.6	2.740e2
1669.2	2.819e3
1669.8	2.530e2
1670.4	2.315e3
1671.4	2.030e3
1672.3	3.168e3
1673.2	1.351e3
1674.1	2.181e3
1674.6	3.000e1
1675.2	2.324e3
1676.1	1.109e3
1676.9	1.661e3
1677.8	2.572e3
1678.6	7.510e2
1679.3	2.524e3
1680.3	2.990e3
1680.8	9.700e1
1681.4	1.956e3
1681.9	5.500e1
1682.4	2.692e3
1683.0	7.640e2
1683.6	3.614e3
1684.4	1.754e3
1685.2	2.299e3
1686.2	1.294e3
1686.8	4.350e2
1687.4	2.033e3
1688.3	1.468e3
1689.1	1.894e3
1689.8	7.720e2
1690.5	2.401e3
1691.1	6.160e2
1691.8	2.382e3
1692.8	2.705e3
1693.8	3.437e3
1694.6	1.773e3
1695.3	1.667e3
1696.1	2.506e3
1696.8	4.750e2
1697.5	2.119e3
1698.1	2.270e2
1698.7	2.932e3
1699.4	4.560e2
1700.0	2.938e3
1700.7	1.138e3
1701.5	3.606e3
1702.4	2.634e3
1703.0	4.940e2
1703.6	2.980e3
1704.5	1.712e3
1705.3	1.063e3
1706.0	2.327e3
1706.7	3.340e2
1707.3	2.849e3
1708.3	2.708e3
1709.3	1.957e3
1710.3	3.009e3
1711.2	2.499e3
1712.1	2.345e3
1712.9	1.001e3
1713.6	2.657e3
1714.4	7.230e2
1715.1	1.606e3
1715.9	2.585e3
1716.7	8.610e2
1717.4	1.901e3
1718.2	2.679e3
1719.1	1.608e3
1719.9	2.138e3
1720.6	9.280e2
1721.4	2.585e3
1721.9	2.000e1
1722.4	1.679e3
1723.4	2.807e3
1723.9	1.030e2
1724.5	2.618e3
1725.4	2.960e3
1725.9	2.700e1
1726.4	2.192e3
1727.3	1.325e3
1728.1	2.505e3
1728.7	4.490e2
1729.4	2.503e3
1730.1	8.610e2
1730.8	2.699e3
1731.5	7.710e2
1732.2	2.526e3
1733.0	1.162e3
1733.9	2.118e3
1734.8	1.112e3
1735.6	2.355e3
1736.6	2.027e3
1737.4	1.669e3
1738.2	2.657e3
1738.7	1.540e2
1739.3	2.108e3
1740.0	4.750e2
1740.7	2.191e3
1741.7	2.460e3
1742.5	1.102e3
1743.3	2.491e3
1743.8	1.730e2
1744.5	2.384e3
1745.1	3.800e2
1745.9	2.664e3
1746.6	4.520e2
1747.3	3.365e3
1747.8	1.080e2
1748.4	2.008e3
1749.3	1.320e3
1750.2	2.560e3
1750.8	5.490e2
1751.5	2.391e3
1752.5	3.166e3
1753.5	3.060e3
1754.1	1.530e2
1754.7	3.302e3
1755.6	1.837e3
1756.6	1.788e3
1757.6	2.160e3
1758.6	2.718e3
1759.3	9.560e2
1759.9	2.070e3
1760.7	1.615e3
1761.6	2.332e3
1762.3	4.080e2
1762.9	2.997e3
1763.5	3.060e2
1764.1	3.347e3
1764.7	3.540e2
1765.3	2.716e3
1766.3	2.491e3
1767.0	6.480e2
1767.7	2.142e3
1768.3	3.300e1
1768.8	1.068e3
1769.6	2.479e3
1770.3	2.710e2
1770.9	2.184e3
1771.9	2.716e3
1772.8	1.796e3
1773.8	2.375e3
1774.8	1.843e3
1775.3	1.230e2
1775.9	1.510e3
1776.8	3.275e3
1777.4	2.380e2
1778.0	1.772e3
1778.8	7.240e2
1779.5	2.956e3
1780.2	9.700e2
1781.0	2.577e3
1781.8	6.170e2
1782.5	2.566e3
1783.1	2.580e2
1783.7	1.920e3
1784.4	6.280e2
1785.1	2.579e3
1785.6	7.100e1
1786.1	1.985e3
1787.1	2.686e3
1787.9	1.700e2
1788.5	2.094e3
1789.2	1.048e3
1789.9	2.545e3
1790.9	1.773e3
1791.6	4.320e2
1792.3	1.987e3
1793.1	2.865e3
1794.0	2.190e2
1794.6	2.482e3
1795.2	7.600e1
1795.7	1.712e3
1796.4	4.580e2
1797.0	2.079e3
1798.0	2.126e3
1798.8	1.192e3
1799.6	2.543e3
1800.2	7.920e2
1800.9	3.009e3
1801.5	4.500e2
1802.1	2.391e3
1802.6	3.700e1
1803.1	2.069e3
1804.1	2.252e3
1804.7	2.680e2
1805.3	3.040e3
1806.2	2.174e3
1807.2	2.468e3
1808.2	1.626e3
1809.2	1.654e3
1810.0	9.250e2
1810.8	2.509e3
1811.7	1.741e3
1812.3	5.540e2
1813.0	2.800e3
1814.1	2.813e3
1814.8	4.560e2
1815.5	2.216e3
1816.1	7.850e2
1816.9	3.544e3
1817.8	1.709e3
1818.7	1.781e3
1819.4	1.340e2
1819.9	2.742e3
1820.8	2.360e3
1821.4	3.290e2
1822.0	2.469e3
1822.9	2.101e3
1823.8	1.046e3
1824.6	2.174e3
1825.1	4.200e1
1825.7	2.213e3
1826.2	1.880e2
1826.8	2.074e3
1827.9	2.197e3
1828.4	3.700e1
1829.0	2.450e3
1829.9	2.876e3
1830.9	2.103e3
1831.5	7.600e1
1832.0	2.177e3
1832.8	1.192e3
1833.4	3.960e2
1834.1	2.048e3
1834.6	1.210e2
1835.2	2.415e3
1835.7	1.570e2
1836.3	1.756e3
1837.0	6.680e2
1837.7	2.283e3
1838.7	1.147e3
1839.7	2.303e3
1840.3	2.220e2
1841.0	2.642e3
1841.7	4.030e2
1842.3	2.031e3
1843.0	3.010e2
1843.6	1.517e3
1844.2	6.240e2
1845.0	2.030e3
1845.9	1.322e3
1846.8	2.411e3
1847.6	7.120e2
1848.4	1.957e3
1849.0	3.000e2
1849.7	1.723e3
1850.4	3.410e2
1851.1	1.408e3
1851.7	5.440e2
1852.3	2.986e3
1853.1	1.063e3
1854.0	2.941e3
1855.0	1.079e3
1855.9	1.752e3
1856.7	9.950e2
1857.6	2.628e3
1858.4	1.183e3
1859.2	2.151e3
1860.3	1.882e3
1861.0	5.590e2
1861.8	2.300e3
1862.5	3.580e2
1863.2	1.944e3
1864.3	2.260e3
1865.3	2.507e3
1866.0	4.780e2
1866.8	2.680e3
1867.4	2.560e2
1868.0	1.583e3
1868.9	2.517e3
1869.9	2.308e3
1870.8	1.588e3
1871.7	1.294e3
1872.6	2.819e3
1873.3	1.250e3
1874.2	2.289e3
1875.1	1.591e3
1876.0	2.026e3
1876.5	7.100e1
1877.1	2.261e3
1877.7	1.930e2
1878.2	2.354e3
1879.0	1.468e3
1880.1	1.617e3
1880.8	3.170e2
1881.4	2.371e3
1882.4	2.190e3
1883.3	1.557e3
1883.9	3.990e2
1884.6	1.591e3
1885.1	1.600e2
1885.6	2.347e3
1886.4	1.458e3
1887.4	2.086e3
1888.4	1.597e3
1889.4	1.614e3
1890.2	8.530e2
1890.9	2.387e3
1891.5	3.150e2
1892.1	1.818e3
1892.6	4.000e1
1893.1	1.691e3
1894.1	3.466e3
1894.9	1.335e3
1895.7	2.056e3
1896.3	1.240e2
1896.8	1.768e3
1897.7	5.370e2
1898.4	2.216e3
1898.9	3.000e1
1899.4	2.483e3
1900.4	1.678e3
1901.3	6.050e2
1902.1	8.370e2
1902.9	2.249e3
1903.9	3.338e3
1904.5	1.150e2
1905.0	1.932e3
1905.9	1.194e3
1906.4	2.800e2
1907.0	2.055e3
1907.8	1.120e3
1908.7	1.855e3
1909.7	1.202e3
1910.3	2.240e2
1910.9	1.973e3
1911.8	9.540e2
1912.6	2.252e3
1913.6	1.440e3
1914.6	1.707e3
1915.4	1.086e3
1916.1	2.055e3
1916.6	5.300e1
1917.2	1.964e3
1918.2	1.856e3
1919.0	1.160e3
1919.9	1.602e3
1920.5	1.840e2
1921.1	2.209e3
1921.6	1.100e2
1922.2	1.574e3
1922.8	1.210e2
1923.4	1.973e3
1924.2	1.094e3
1925.1	2.393e3
1925.7	1.650e2
1926.3	2.858e3
1927.3	1.862e3
1928.2	1.993e3
1929.2	2.151e3
1929.8	8.090e2
1930.5	2.601e3
1931.1	2.740e2
1931.7	1.302e3
1932.7	2.427e3
1933.4	7.980e2
1934.1	2.648e3
1935.0	2.081e3
1935.6	2.420e2
1936.2	1.535e3
1937.1	1.339e3
1937.6	3.800e1
1938.2	2.472e3
1938.8	8.970e2
1939.6	2.610e3
1940.1	4.800e1
1940.6	3.276e3
1941.2	7.900e1
1941.7	1.579e3
1942.4	1.115e3
1943.2	2.567e3
1943.8	8.100e1
1944.3	1.741e3
1944.9	1.640e2
1945.4	1.471e3
1946.3	1.710e3
1947.2	2.274e3
1948.3	1.326e3
1948.9	9.360e2
1949.8	2.048e3
1950.6	1.158e3
1951.4	2.421e3
1952.0	4.040e2
1952.8	2.002e3
1953.6	1.787e3
1954.4	8.040e2
1955.1	1.049e3
1956.0	2.088e3
1956.6	1.800e2
1957.3	1.332e3
1958.1	2.024e3
1959.0	3.200e2
1959.7	2.684e3
1960.7	2.029e3
1961.3	6.210e2
1962.0	2.579e3
1962.7	8.490e2
1963.3	2.022e3
1964.3	2.433e3
1964.9	2.850e2
1965.5	1.621e3
1966.3	1.860e3
1966.9	1.280e2
1967.5	1.475e3
1968.1	2.130e2
1968.7	2.118e3
1969.4	6.820e2
1970.1	1.471e3
1971.0	2.248e3
1971.8	6.090e2
1972.7	2.275e3
1973.2	6.100e1
1973.7	1.426e3
1974.5	2.289e3
1975.2	5.300e2
1975.9	2.359e3
1976.7	2.100e2
1977.5	2.263e3
1978.4	6.080e2
1979.3	2.765e3
1980.4	2.267e3
1981.2	1.837e3
1982.0	3.140e2
1982.6	1.915e3
1983.7	1.910e3
1984.4	9.480e2
1985.2	3.730e2
1985.8	1.095e3
1986.4	1.450e2
1987.0	2.388e3
1987.9	1.762e3
1988.7	5.890e2
1989.5	2.414e3
1990.2	9.280e2
1990.8	2.330e2
1991.4	8.670e2
1992.2	1.857e3
1992.7	3.300e1
1993.3	2.158e3
1994.0	6.140e2
1994.8	2.968e3
1995.3	8.500e1
1995.8	1.539e3
1996.5	7.040e2
1997.2	2.956e3
1998.0	5.330e2
1998.6	1.837e3
1999.6	1.588e3
