100.2	4.041e3
101.0	7.836e4
102.0	1.617e4
102.5	6.500e1
103.0	1.893e4
104.0	1.227e3
105.0	3.073e3
105.9	4.460e2
107.1	6.840e2
108.0	1.467e4
108.6	4.300e1
109.1	1.615e3
110.0	2.780e2
111.0	1.737e3
111.7	7.600e1
112.3	5.320e2
113.0	1.145e5
114.0	3.394e3
115.0	7.323e3
115.5	1.000e1
116.0	4.422e3
117.0	1.077e5
118.0	1.304e4
119.0	1.139e4
120.0	1.394e3
120.5	3.000e0
121.0	1.501e3
122.0	6.720e2
123.0	7.730e2
124.1	1.885e3
125.1	2.537e3
126.0	3.104e3
127.0	1.283e3
128.0	1.279e3
128.5	4.000e0
129.1	1.045e3
130.0	1.129e4
131.0	2.556e3
132.0	7.180e2
132.9	3.935e3
133.6	1.280e2
134.1	8.580e2
135.0	8.513e3
135.5	5.000e0
136.0	2.053e3
137.0	4.439e3
137.5	6.400e1
138.1	1.076e3
139.0	2.483e3
140.1	1.189e3
141.0	2.416e3
142.0	1.944e3
143.1	2.081e3
144.1	1.658e3
145.0	8.261e3
146.0	5.098e3
147.0	2.299e4
147.5	2.900e1
148.1	2.881e3
149.0	2.780e3
150.0	2.881e3
151.0	3.045e3
152.1	1.332e4
153.1	5.297e3
154.0	1.303e3
155.1	2.428e3
156.1	3.776e3
157.1	2.981e3
158.1	2.586e3
159.0	3.322e3
160.0	1.981e3
160.9	8.836e3
162.0	1.581e3
163.0	1.035e4
164.0	1.603e3
165.0	4.588e3
166.1	1.202e3
167.0	1.959e3
168.0	2.032e3
169.1	4.708e3
170.1	1.812e3
170.6	3.000e0
171.1	1.903e3
172.0	1.526e3
173.0	3.030e3
174.0	5.319e3
174.5	3.400e1
175.0	2.050e4
176.1	5.211e3
177.0	2.412e3
178.0	1.389e3
179.0	4.435e3
179.9	1.462e3
180.5	1.600e1
181.0	3.104e4
182.0	2.213e3
182.7	2.290e2
183.3	2.892e3
184.1	2.180e3
185.0	2.199e3
186.1	3.750e3
187.0	3.574e3
188.0	2.439e3
189.0	2.013e3
190.0	1.724e3
190.5	4.400e1
191.1	1.290e4
192.0	2.330e3
192.5	4.200e1
193.1	5.713e3
194.1	1.689e3
195.1	5.511e3
196.0	8.298e3
197.0	3.272e3
198.0	9.793e3
199.0	1.327e3
199.9	4.931e3
201.0	4.683e3
202.0	2.809e3
203.1	1.706e3
204.0	3.118e3
204.5	1.100e2
205.1	1.899e3
206.0	1.040e3
207.0	9.528e3
208.0	2.754e3
208.5	4.000e0
209.0	2.653e3
210.0	2.485e3
211.0	1.665e3
211.6	8.000e1
212.2	1.733e4
213.1	5.622e3
214.1	2.337e3
214.6	6.000e0
215.1	1.913e3
216.0	1.240e3
217.0	2.753e3
218.0	3.533e3
219.0	5.979e3
220.1	8.524e3
220.7	1.700e1
221.2	5.054e3
222.1	2.481e3
223.1	3.983e3
224.0	1.663e3
225.0	5.477e3
226.0	2.341e3
227.0	2.441e3
228.0	2.422e3
228.5	3.000e1
229.0	1.728e3
230.0	2.240e3
230.5	1.000e1
231.1	1.664e3
232.1	1.572e3
233.1	3.110e3
234.0	2.047e3
235.1	1.475e3
236.0	6.241e3
237.1	2.067e3
238.1	1.138e3
239.0	6.399e3
240.0	3.372e3
241.1	3.464e3
242.0	4.130e3
242.5	8.300e1
243.1	7.356e3
244.0	9.944e3
245.0	2.556e3
246.0	3.178e3
247.0	2.551e3
248.1	3.812e3
249.1	7.769e4
250.1	5.437e3
251.0	3.529e3
252.0	1.522e3
252.5	5.000e0
253.1	1.693e3
254.0	1.312e3
254.6	7.800e1
255.1	2.066e3
255.9	2.122e3
257.0	2.067e3
258.0	1.906e3
259.1	2.762e3
260.0	1.953e3
261.1	3.655e3
262.0	3.162e3
263.0	4.996e3
264.0	3.189e3
264.6	5.400e1
265.1	4.070e3
266.0	5.787e3
267.1	3.448e3
268.0	2.083e3
269.0	4.662e3
269.6	3.000e1
270.1	2.072e3
271.0	1.850e3
272.0	2.102e3
272.6	3.000e1
273.1	3.261e3
274.1	1.426e3
275.0	1.280e4
276.0	2.391e3
277.0	3.588e3
278.1	2.601e3
279.1	4.533e3
280.1	3.197e3
281.1	4.053e3
282.0	2.674e3
283.1	2.897e3
284.1	2.723e3
285.1	2.456e3
286.1	2.159e3
287.0	2.187e3
287.6	1.540e2
288.1	1.377e4
289.1	6.588e3
290.1	2.375e3
291.1	7.098e3
292.0	2.762e3
293.1	3.486e3
294.1	1.392e3
295.0	3.319e3
296.0	1.366e3
297.1	2.257e3
298.0	3.411e3
298.6	5.200e1
299.1	2.169e3
300.0	2.118e3
301.0	2.847e3
301.9	3.300e3
302.5	1.000e2
303.0	2.087e3
304.0	1.556e3
305.0	4.788e3
306.0	2.291e3
307.0	7.831e3
307.5	1.000e2
308.1	3.954e3
309.1	5.587e3
310.0	3.753e3
311.1	8.820e3
312.0	7.070e3
313.0	5.626e3
314.0	2.657e3
314.5	4.200e1
315.0	3.556e3
316.0	2.046e3
317.1	9.356e4
318.0	6.005e3
319.0	4.469e3
320.0	2.160e3
320.5	1.200e2
321.2	4.089e3
322.0	1.915e3
323.1	5.492e3
324.0	5.011e3
324.6	3.290e2
325.2	4.929e3
326.1	2.408e3
327.0	6.365e3
327.9	4.275e3
328.5	1.330e2
329.0	9.174e3
330.0	5.031e3
330.5	8.200e1
331.1	6.212e3
332.0	1.710e3
332.6	6.700e1
333.2	5.312e3
334.1	5.859e3
335.0	4.129e3
336.0	1.847e3
337.0	3.955e3
338.0	2.905e3
339.0	3.329e3
339.9	3.776e3
340.4	1.940e2
341.1	2.753e3
341.9	2.026e3
343.0	8.705e3
343.9	2.422e3
344.5	3.800e1
345.1	2.230e3
345.9	4.167e3
346.4	4.000e1
347.0	4.189e3
348.0	3.148e3
349.0	4.644e3
349.5	5.700e1
350.0	3.681e3
350.6	2.400e1
351.1	3.307e3
352.0	1.642e3
353.0	9.830e3
353.9	1.942e3
354.5	2.120e2
355.1	5.494e3
356.1	1.373e4
357.0	9.152e3
358.1	3.107e3
359.1	4.846e3
360.0	2.549e3
360.5	5.000e1
361.1	3.243e3
362.0	2.050e3
362.5	2.200e1
363.0	3.145e3
363.9	1.361e3
364.4	1.700e1
365.0	2.574e3
366.0	2.824e3
366.6	4.000e0
367.1	1.658e3
368.0	3.124e3
368.5	1.000e1
369.0	6.464e3
370.0	3.150e3
370.8	1.191e3
371.4	2.567e3
372.3	9.840e2
373.2	3.764e3
374.1	2.130e3
375.1	5.758e3
376.0	3.338e3
377.0	4.291e3
378.0	3.237e3
379.0	8.724e3
380.0	4.050e3
380.5	1.810e2
381.1	3.192e3
382.0	2.481e3
382.9	1.123e3
383.5	4.035e3
384.3	1.087e3
385.1	4.492e4
386.0	5.080e3
387.0	3.537e3
387.8	1.589e3
388.8	2.406e3
389.3	2.600e1
389.9	2.717e3
390.4	8.100e1
391.1	2.529e3
391.9	3.406e3
392.5	5.900e1
393.0	3.044e3
393.9	2.303e3
394.5	1.630e2
395.0	5.442e3
396.0	2.777e3
396.6	4.400e1
397.1	9.337e3
398.1	5.100e3
399.0	5.272e3
399.5	1.500e1
400.1	2.018e3
400.6	8.000e1
401.2	6.165e3
402.0	4.041e3
402.6	1.840e2
403.1	3.346e3
404.0	1.623e3
405.0	2.448e3
405.5	1.170e2
406.0	2.603e3
407.0	1.229e3
408.0	3.090e3
408.7	6.050e2
409.4	5.491e3
410.1	1.950e3
411.0	8.795e3
411.5	7.200e1
412.0	2.559e3
413.1	3.847e3
414.1	2.218e3
415.0	1.654e3
415.8	2.740e3
416.4	6.600e1
417.0	3.978e3
417.6	5.500e1
418.1	2.490e3
419.1	3.265e3
420.0	1.476e3
420.5	3.400e1
421.0	4.654e3
422.0	2.381e3
422.6	2.550e2
423.2	5.407e3
424.2	1.068e4
425.0	3.991e3
425.6	8.300e1
426.1	2.258e3
427.1	7.152e3
427.6	1.190e2
428.1	2.732e3
428.6	4.100e1
429.1	3.187e3
429.9	1.424e3
430.5	1.310e2
431.2	2.992e3
432.1	2.625e3
432.7	4.950e2
433.4	1.111e4
434.3	4.422e3
434.9	3.540e2
435.5	5.088e3
436.4	2.331e3
437.3	6.729e3
438.1	3.017e3
439.1	2.562e3
440.1	3.146e3
440.9	2.949e3
441.8	2.534e3
442.5	2.660e2
443.1	4.286e3
444.0	2.588e3
444.5	1.420e2
445.1	3.308e3
445.7	2.620e2
446.2	3.114e3
447.2	5.925e3
448.0	2.339e3
448.6	2.810e2
449.3	2.924e3
450.5	1.822e3
451.3	4.481e3
452.1	2.237e3
453.1	4.058e4
454.0	5.808e3
455.0	3.682e3
455.9	2.323e3
456.5	9.600e1
457.1	3.447e3
458.0	2.812e3
458.5	6.900e1
459.0	4.773e3
460.0	3.165e3
460.8	1.979e3
461.6	3.270e3
462.5	1.798e3
463.3	6.290e3
464.1	2.662e3
464.8	1.835e3
465.4	2.837e4
466.4	8.514e3
467.2	4.971e3
468.1	2.256e3
469.1	5.003e3
470.1	3.766e3
470.7	3.100e2
471.3	2.974e3
472.2	1.955e3
473.2	5.875e3
474.1	3.225e3
474.9	1.686e3
475.7	2.655e3
476.4	5.630e2
477.1	3.736e3
478.1	2.592e3
479.0	8.790e3
480.0	4.311e3
481.0	3.366e3
481.8	3.744e3
482.7	1.351e3
483.3	1.168e4
484.2	2.866e3
485.1	5.928e3
485.9	3.170e3
486.5	2.590e2
487.2	3.099e3
488.0	1.623e3
488.5	1.170e2
489.1	4.164e3
489.9	1.441e3
490.4	5.500e1
491.0	3.710e3
491.8	1.277e4
492.7	6.890e3
493.7	4.204e3
494.3	6.780e2
495.1	7.069e3
495.6	7.200e1
496.1	3.628e3
496.6	2.100e1
497.1	4.560e3
498.0	2.996e3
498.7	5.850e2
499.3	2.704e3
500.1	1.455e3
501.0	3.644e3
501.6	1.900e1
502.1	2.911e3
503.0	2.316e3
504.0	2.353e3
504.5	3.600e1
505.0	3.954e3
505.8	1.011e3
506.4	3.072e3
507.3	3.977e3
508.0	1.011e3
508.6	3.689e3
509.5	7.713e3
510.2	9.190e2
510.9	6.845e3
511.8	2.138e3
512.5	5.200e2
513.0	3.534e3
513.9	1.923e3
515.0	4.322e3
515.9	2.999e3
516.8	2.997e3
517.3	4.400e1
517.9	2.266e3
518.5	5.830e2
519.2	3.464e3
520.1	2.332e3
521.1	3.623e4
522.0	6.580e3
522.6	4.790e2
523.2	4.102e3
523.8	1.123e3
524.5	7.774e3
525.5	4.257e3
526.4	2.027e3
527.3	4.558e3
528.2	2.366e3
529.0	2.590e3
530.0	2.892e3
531.0	3.456e3
532.0	3.132e3
532.7	6.740e2
533.3	6.967e3
534.1	1.967e3
534.9	4.309e3
535.9	2.229e3
536.4	3.500e1
536.9	6.070e3
537.4	1.480e2
538.0	3.858e3
539.0	4.122e3
539.5	3.860e2
540.1	4.291e3
540.8	1.197e3
541.5	4.275e3
542.2	1.086e3
542.9	2.366e3
543.8	1.274e3
544.6	3.316e3
545.4	2.211e3
546.2	1.797e3
546.9	1.028e4
547.9	3.572e3
548.4	1.340e2
549.0	3.326e3
549.5	2.680e2
550.1	2.457e3
550.6	2.730e2
551.1	3.435e3
551.9	1.377e3
552.6	6.904e3
553.6	5.221e3
554.4	9.930e2
555.2	2.967e3
556.0	7.820e2
556.9	3.501e3
557.8	2.347e3
558.5	6.170e2
559.1	2.757e3
560.1	8.436e3
561.0	3.536e3
562.0	2.396e3
563.0	5.426e3
563.9	1.949e3
564.8	3.392e3
565.8	2.344e3
566.3	1.990e2
567.0	2.773e3
568.0	2.862e3
568.9	3.217e3
569.9	2.203e3
570.7	1.635e3
571.5	3.415e3
572.2	1.219e3
572.9	3.685e3
573.8	2.049e3
574.7	4.563e3
575.8	2.369e3
576.4	3.150e2
577.0	2.757e3
577.9	2.885e3
578.4	4.100e1
578.9	4.518e3
579.8	3.161e3
580.3	6.000e0
580.8	3.712e3
581.3	2.330e2
581.9	2.629e3
582.5	6.700e1
583.0	4.768e3
584.0	2.763e3
584.6	1.190e2
585.1	3.602e3
585.9	1.995e3
586.7	2.633e3
587.4	5.290e2
588.0	2.645e3
589.1	2.348e4
590.0	4.768e3
590.8	1.427e3
591.5	3.407e3
592.4	1.444e3
593.3	4.396e3
594.2	2.009e3
595.2	3.044e3
595.9	2.109e3
596.8	3.052e3
597.6	7.410e2
598.2	3.485e3
598.8	3.260e2
599.4	5.092e3
600.0	1.589e3
600.9	5.391e3
601.9	3.386e3
602.9	3.229e3
603.5	1.700e1
604.0	3.186e3
604.5	2.370e2
605.1	3.887e3
606.1	3.422e3
606.7	3.290e2
607.2	3.143e3
608.2	2.093e3
609.2	2.295e3
610.1	2.408e3
611.0	1.815e3
611.9	2.598e3
612.4	2.370e2
613.0	2.963e3
613.5	1.260e2
614.1	2.719e3
615.0	9.363e3
615.9	3.466e3
616.5	2.130e2
617.1	3.330e3
617.6	9.100e1
618.1	2.517e3
619.0	2.371e3
620.0	2.495e3
621.1	3.315e3
621.9	2.144e3
622.7	2.351e3
623.7	2.384e3
624.3	2.710e2
624.9	3.546e3
625.4	3.800e1
625.9	2.381e3
626.5	1.830e2
627.0	3.647e3
627.6	2.100e1
628.1	8.009e3
629.1	3.667e3
630.0	1.747e3
631.0	4.967e3
631.9	2.883e3
632.9	2.155e3
633.4	1.260e2
634.0	2.298e3
634.9	1.004e3
635.7	2.186e3
636.3	3.370e2
636.9	3.194e3
637.5	1.940e2
638.1	2.106e3
639.0	3.107e3
639.9	1.937e3
640.8	3.621e3
641.8	2.530e3
642.6	4.784e3
643.2	5.950e2
643.9	2.570e3
644.8	2.539e3
645.8	2.279e3
646.4	1.390e2
647.0	3.725e3
647.9	2.419e3
648.4	2.770e2
649.1	3.107e3
650.0	2.357e3
650.6	2.740e2
651.1	4.125e3
652.0	2.226e3
652.6	2.800e2
653.1	3.225e3
654.1	1.727e3
655.1	3.495e3
655.7	1.850e2
656.2	1.518e3
657.1	1.898e4
658.0	4.805e3
658.7	1.464e3
659.4	3.411e3
660.1	1.022e3
660.8	3.379e3
661.3	6.200e1
661.8	2.594e3
662.5	4.570e2
663.1	3.158e3
664.0	1.799e3
664.8	2.844e3
665.3	8.100e1
665.9	2.339e3
666.5	3.870e2
667.1	4.262e3
668.2	1.721e3
669.1	2.201e3
670.0	3.641e3
670.7	1.085e3
671.4	4.150e3
672.1	1.445e3
672.8	3.020e3
673.8	4.477e3
674.5	9.150e2
675.3	2.254e3
676.0	9.400e2
676.8	2.814e3
677.4	3.730e2
678.1	3.507e3
678.7	8.300e2
679.4	3.946e3
680.0	1.970e2
680.6	1.819e3
681.1	5.900e1
681.7	2.355e3
682.4	7.180e2
683.0	9.445e3
683.6	4.090e2
684.1	5.282e3
684.7	3.630e2
685.2	4.083e3
685.9	8.630e2
686.6	4.244e3
687.1	4.370e2
687.7	2.668e3
688.4	6.980e2
689.1	3.431e3
690.0	1.752e3
690.9	1.918e3
691.9	2.578e3
692.5	2.100e2
693.0	2.824e3
694.0	1.985e3
695.0	3.315e3
696.0	6.150e3
696.9	3.715e3
697.8	1.649e3
698.7	7.095e3
699.6	4.556e3
700.2	1.990e2
700.8	4.101e3
701.8	2.023e3
702.4	2.580e2
702.9	2.689e3
703.8	1.992e3
704.4	1.510e2
705.0	2.172e3
705.9	2.262e3
706.4	1.230e2
706.9	2.646e3
707.9	1.710e3
708.5	2.670e2
709.0	3.789e3
709.6	6.040e2
710.3	2.723e3
711.3	2.136e3
712.1	1.206e3
712.9	5.272e3
713.8	3.102e3
714.4	7.900e1
714.9	7.058e3
715.4	2.000e1
715.9	4.041e3
716.5	2.850e2
717.1	4.410e3
718.0	3.174e3
719.0	4.245e3
719.6	9.490e2
720.3	2.959e3
721.1	2.128e3
721.9	2.554e3
722.5	3.840e2
723.1	3.005e3
724.2	2.169e3
725.1	1.577e4
726.1	4.205e3
727.0	2.808e3
727.6	5.200e2
728.2	3.165e3
729.1	1.040e3
729.8	2.232e3
730.3	7.900e1
730.9	2.989e3
731.8	2.390e3
732.7	1.847e3
733.5	2.726e3
734.3	1.057e3
735.0	2.992e3
735.9	2.530e3
737.0	2.877e3
737.9	4.005e3
738.5	3.130e2
739.1	2.745e3
740.0	1.268e3
740.8	3.262e3
741.5	9.720e2
742.1	3.430e3
743.0	1.624e3
743.9	2.024e3
744.5	1.600e1
745.0	2.974e3
745.9	1.470e3
746.9	2.663e3
747.4	4.900e1
748.0	2.553e3
749.0	2.826e3
750.0	1.863e3
751.0	7.844e3
751.9	3.069e3
752.4	4.400e1
752.9	2.491e3
753.8	1.572e3
754.7	1.563e3
755.6	2.640e3
756.3	2.820e2
756.9	2.753e3
757.7	1.302e3
758.5	2.565e3
759.1	1.045e3
759.9	2.622e3
760.4	1.090e2
761.0	1.947e3
762.0	1.805e3
762.9	3.889e3
763.4	2.260e2
764.0	5.362e3
764.9	3.547e3
765.5	1.130e2
766.0	3.179e3
767.0	4.915e3
767.9	2.455e3
768.8	1.944e3
769.8	2.204e3
770.3	1.160e2
770.9	2.082e3
771.8	2.157e3
772.8	2.602e3
773.4	1.710e2
774.0	1.942e3
775.0	1.906e3
775.9	1.324e3
776.9	3.443e3
777.9	2.026e3
778.8	1.928e3
779.8	2.405e3
780.4	3.050e2
781.1	2.533e3
781.6	5.600e1
782.1	1.817e3
783.0	3.271e3
783.6	2.430e2
784.2	2.614e3
784.9	5.230e2
785.5	3.529e3
786.4	2.499e3
787.3	3.545e3
788.1	1.020e3
788.9	2.610e3
789.4	5.900e1
789.9	3.040e3
790.5	1.820e2
791.1	3.149e3
791.6	3.100e1
792.1	2.353e3
793.1	1.183e4
794.0	3.336e3
795.0	3.204e3
795.9	2.297e3
796.6	8.300e1
797.1	1.839e3
798.1	1.862e3
799.0	2.988e3
799.9	1.536e3
800.7	3.808e3
801.3	5.190e2
802.0	3.361e3
802.6	1.420e2
803.1	3.323e3
803.9	1.461e3
804.9	2.639e3
805.7	2.137e3
806.7	2.281e3
807.7	2.376e3
808.4	6.180e2
809.1	3.027e3
810.0	3.097e3
811.0	2.706e3
811.9	1.590e3
812.5	2.350e2
813.1	3.442e3
813.9	1.604e3
814.9	2.800e3
815.8	1.083e3
816.5	9.060e2
817.2	2.720e3
818.0	1.397e3
819.0	6.492e3
820.0	2.718e3
820.5	6.600e1
821.1	2.668e3
822.0	2.776e3
822.5	1.200e2
823.1	2.110e3
824.0	2.359e3
825.0	3.404e3
825.9	3.532e3
826.8	8.052e3
827.7	4.051e3
828.4	5.300e1
828.9	3.768e3
829.5	1.750e2
830.1	1.844e3
831.0	2.774e3
831.6	2.790e2
832.1	5.619e3
832.7	3.670e2
833.3	2.542e3
834.0	7.480e2
834.6	1.761e3
835.5	3.926e3
836.2	6.300e2
836.9	3.331e3
837.8	2.262e3
838.8	2.248e3
839.4	2.950e2
840.0	2.063e3
841.1	2.270e3
842.0	1.309e3
843.0	1.664e3
843.9	2.048e3
844.4	8.000e0
845.0	1.608e3
845.9	2.061e3
846.9	2.737e3
847.8	2.238e3
848.5	5.050e2
849.4	2.468e3
850.3	9.730e2
851.1	4.006e3
851.9	1.382e3
852.7	2.241e3
853.3	1.700e2
853.8	2.269e3
854.3	1.100e1
854.9	1.711e3
855.6	1.346e3
856.4	3.390e3
857.2	1.065e3
858.1	2.613e3
859.1	2.583e3
860.0	1.547e3
860.5	7.000e1
861.0	9.809e3
861.9	3.781e3
862.4	3.400e1
863.0	3.151e3
864.0	2.439e3
864.6	4.200e1
865.1	2.357e3
865.6	5.400e1
866.2	2.537e3
867.1	2.188e3
867.9	6.800e2
868.7	2.737e3
869.4	3.420e2
870.0	2.186e3
870.5	1.260e2
871.1	2.315e3
872.0	1.459e3
872.9	2.732e3
873.7	1.708e3
874.4	4.380e2
875.0	2.325e3
875.9	1.758e3
876.5	1.160e2
877.0	3.377e3
877.9	1.932e3
878.9	2.078e3
879.4	6.700e1
879.9	2.207e3
880.9	2.495e3
881.8	1.502e3
882.7	1.378e3
883.6	2.383e3
884.3	4.310e2
885.0	2.156e3
886.0	2.509e3
887.0	6.190e3
888.0	4.410e3
889.0	2.854e3
890.0	2.030e3
890.9	1.692e3
891.5	2.020e2
892.2	2.233e3
893.1	3.400e3
894.1	1.560e3
895.0	2.950e3
895.9	2.035e3
896.5	1.040e2
897.0	2.528e3
897.8	1.348e3
898.4	7.000e0
898.9	2.743e3
899.5	4.180e2
900.0	4.851e3
901.0	2.438e3
901.9	2.378e3
902.6	7.260e2
903.3	3.568e3
904.1	1.417e3
905.0	2.659e3
906.0	1.895e3
907.0	2.785e3
907.9	2.125e3
908.4	4.800e1
908.9	3.127e3
909.9	2.555e3
910.6	1.980e2
911.1	2.776e3
912.1	1.682e3
913.0	2.752e3
914.0	2.300e3
914.9	1.964e3
915.7	2.428e3
916.6	1.575e3
917.5	2.311e3
918.3	9.250e2
919.0	3.184e3
919.9	1.826e3
920.4	2.800e1
920.9	1.947e3
921.9	2.166e3
922.4	8.700e1
923.0	1.729e3
923.9	2.433e3
924.9	2.288e3
925.9	2.973e3
926.6	8.310e2
927.2	1.919e3
928.2	1.921e3
929.1	7.510e3
929.8	1.345e3
930.7	3.918e3
931.3	5.630e2
932.0	3.130e3
932.8	1.351e3
933.6	1.785e3
934.4	5.550e2
935.1	2.544e3
935.8	1.053e3
936.7	2.216e3
937.4	1.117e3
938.1	2.461e3
938.6	4.200e1
939.1	2.965e3
939.9	3.008e3
940.9	1.465e3
941.7	2.367e3
942.2	1.980e2
942.8	2.741e3
943.4	1.580e2
944.1	1.703e3
945.0	2.939e3
945.9	1.638e3
946.4	3.500e1
946.9	2.791e3
947.9	2.194e3
948.6	4.870e2
949.3	2.051e3
950.2	2.456e3
951.1	1.715e3
951.9	1.123e3
952.7	2.658e3
953.4	5.100e2
954.0	2.110e3
955.0	6.113e3
956.0	3.149e3
957.0	2.760e3
957.9	1.697e3
958.7	2.771e3
959.3	5.060e2
959.9	1.619e3
960.8	2.738e3
961.8	2.860e3
962.4	5.230e2
963.0	3.645e3
963.9	2.572e3
964.8	1.574e3
965.6	2.921e3
966.2	2.360e2
966.8	3.226e3
967.4	8.620e2
968.1	4.165e3
969.1	3.218e3
970.0	1.153e3
970.9	3.416e3
971.5	1.770e2
972.1	2.251e3
972.8	8.710e2
973.5	2.148e3
974.1	5.690e2
974.7	1.430e3
975.5	2.605e3
976.4	1.561e3
977.3	2.107e3
978.2	2.144e3
978.7	8.600e1
979.2	2.098e3
980.1	1.590e3
981.0	3.126e3
981.9	1.860e3
982.8	3.319e3
983.5	5.380e2
984.1	2.752e3
984.7	1.210e2
985.2	2.316e3
986.1	1.535e3
987.0	2.705e3
987.9	1.553e3
988.7	2.174e3
989.7	2.556e3
990.3	1.630e2
990.8	3.206e3
991.8	3.454e3
992.4	3.490e2
993.0	2.868e3
993.7	2.770e2
994.2	3.323e3
995.1	2.022e3
996.0	1.917e3
996.6	2.180e2
997.1	7.185e3
997.6	1.030e2
998.1	2.987e3
998.7	2.300e2
999.3	2.112e3
1000.1	7.640e2
1000.9	3.007e3
1001.8	2.147e3
1002.3	6.000e1
1002.8	2.186e3
1003.7	1.919e3
1004.3	3.820e2
1004.9	2.691e3
1005.6	2.220e2
1006.2	3.012e3
1007.1	2.056e3
1007.7	3.560e2
1008.3	3.208e3
1009.2	1.467e3
1009.9	3.496e3
1010.7	1.012e3
1011.4	2.661e3
1012.1	1.302e3
1012.9	2.858e3
1013.9	1.916e3
1014.5	3.700e1
1015.2	2.425e3
1015.8	5.810e2
1016.5	2.931e3
1017.4	1.466e3
1018.1	7.120e2
1018.8	2.062e3
1019.4	4.350e2
1020.0	3.720e3
1020.8	1.233e3
1021.6	2.616e3
1022.3	8.250e2
1023.0	4.633e3
1023.6	2.920e2
1024.2	2.852e3
1025.0	1.506e3
1025.8	2.410e3
1026.5	5.190e2
1027.2	2.526e3
1028.1	2.160e3
1029.0	2.516e3
1029.9	1.403e3
1030.8	2.515e3
1031.4	1.380e2
1031.9	3.408e3
1032.5	4.300e1
1033.0	1.819e3
1033.6	1.820e2
1034.2	1.624e3
1035.1	2.598e3
1035.8	9.050e2
1036.4	4.934e3
1037.0	6.230e2
1037.7	2.711e3
1038.3	5.160e2
1039.1	3.847e3
1040.1	2.336e3
1040.7	8.250e2
1041.5	2.239e3
1042.0	1.720e2
1042.6	2.356e3
1043.7	2.789e3
1044.3	6.720e2
1045.1	3.706e3
1045.8	1.076e3
1046.5	2.454e3
1047.2	4.390e2
1047.9	1.419e3
1048.8	2.660e3
1049.4	2.100e1
1049.9	2.034e3
1050.8	3.115e3
1051.8	2.502e3
1052.7	1.920e3
1053.4	8.050e2
1054.1	1.957e3
1054.6	3.000e1
1055.1	2.418e3
1056.1	2.511e3
1057.1	2.513e3
1058.0	1.952e3
1058.9	2.850e3
1059.5	2.800e2
1060.1	2.507e3
1060.9	1.503e3
1061.5	3.840e2
1062.2	2.694e3
1063.1	2.019e3
1063.6	1.900e2
1064.2	2.091e3
1065.1	4.938e3
1065.7	4.150e2
1066.3	2.599e3
1067.2	3.264e3
1067.8	1.580e2
1068.4	2.431e3
1068.9	6.000e1
1069.4	2.201e3
1070.1	8.800e2
1070.9	2.787e3
1071.9	2.816e3
1072.9	2.652e3
1073.6	9.590e2
1074.2	2.255e3
1074.9	8.100e1
1075.4	2.302e3
1076.0	3.450e2
1076.5	2.837e3
1077.2	7.050e2
1078.0	2.272e3
1078.5	5.800e1
1079.0	3.396e3
1079.9	2.029e3
1080.5	6.100e1
1081.1	2.330e3
1081.9	3.286e3
1082.6	2.460e2
1083.2	3.171e3
1083.7	5.150e2
1084.4	2.513e3
1085.0	6.890e2
1085.7	2.971e3
1086.3	1.710e2
1086.8	3.372e3
1087.8	1.950e3
1088.4	6.000e2
1089.0	1.516e3
1089.9	2.131e3
1090.4	1.090e2
1090.9	3.114e3
1091.8	2.879e3
1092.5	3.940e2
1093.1	3.314e3
1094.2	3.202e3
1095.2	2.135e3
1096.2	3.550e3
1097.2	2.134e3
1098.1	2.110e3
1098.7	6.600e2
1099.3	2.772e3
1100.1	1.868e3
1101.0	1.651e3
1101.8	2.249e3
1102.5	1.020e2
1103.0	2.549e3
1103.6	7.100e1
1104.1	3.527e3
1105.0	2.811e3
1105.9	1.576e3
1106.5	2.350e2
1107.1	2.857e3
1107.6	5.100e1
1108.1	2.110e3
1109.1	3.251e3
1110.1	2.680e3
1111.0	2.198e3
1111.6	1.350e2
1112.1	2.758e3
1113.0	1.449e3
1114.0	2.445e3
1114.7	8.920e2
1115.4	2.776e3
1116.0	1.950e2
1116.7	2.976e3
1117.3	2.590e2
1117.9	2.891e3
1118.6	1.331e3
1119.3	2.239e3
1120.1	1.241e3
1121.0	2.645e3
1121.6	5.230e2
1122.1	3.063e3
1123.2	3.377e3
1124.1	2.817e3
1125.1	2.298e3
1126.0	2.142e3
1126.6	4.660e2
1127.2	3.087e3
1128.1	1.999e3
1128.8	7.170e2
1129.5	2.565e3
1130.1	1.303e3
1130.8	3.127e3
1131.5	4.720e2
1132.1	3.188e3
1133.1	6.334e3
1133.7	1.260e2
1134.2	3.148e3
1134.9	1.308e3
1135.7	2.923e3
1136.2	2.830e2
1136.8	1.911e3
1137.3	1.790e2
1137.8	3.074e3
1138.4	1.700e1
1138.9	2.254e3
1139.5	7.690e2
1140.2	3.790e3
1141.0	9.280e2
1141.9	2.497e3
1142.8	2.473e3
1143.4	2.290e2
1143.9	2.432e3
1144.8	2.039e3
1145.7	2.977e3
1146.6	3.449e3
1147.5	1.890e3
1148.1	1.490e2
1148.6	2.728e3
1149.3	7.060e2
1150.0	2.576e3
1150.6	2.700e1
1151.2	2.560e3
1152.2	1.928e3
1153.1	3.583e3
1153.8	4.620e2
1154.4	2.839e3
1155.3	2.058e3
1156.2	2.308e3
1156.9	4.180e2
1157.6	2.669e3
1158.3	8.150e2
1159.0	3.243e3
1159.6	2.670e2
1160.2	1.983e3
1161.2	3.055e3
1161.8	4.750e2
1162.4	1.908e3
1163.1	6.260e2
1163.8	2.916e3
1164.6	1.010e3
1165.4	3.583e3
1165.9	1.180e2
1166.5	3.483e3
1167.4	2.592e3
1168.3	1.812e3
1169.3	2.954e3
1170.2	2.146e3
1171.2	1.265e3
1172.1	3.642e3
1173.0	1.408e3
1173.8	2.872e3
1174.6	4.220e2
1175.2	3.347e3
1175.9	7.050e2
1176.6	1.878e3
1177.5	2.575e3
1178.0	6.800e1
1178.6	1.928e3
1179.5	2.923e3
1180.1	6.200e1
1180.7	2.965e3
1181.4	1.146e3
1182.1	2.819e3
1183.1	2.400e3
1184.1	3.922e3
1185.1	3.075e3
1185.8	1.246e3
1186.5	3.839e3
1187.4	2.651e3
1188.4	2.243e3
1189.1	8.200e2
1189.9	3.787e3
1190.6	3.890e2
1191.2	3.000e3
1192.0	1.781e3
1193.0	2.261e3
1193.8	2.588e3
1194.7	1.042e3
1195.4	3.330e3
1196.2	8.040e2
1197.0	3.305e3
1197.6	4.980e2
1198.2	2.901e3
1198.8	3.060e2
1199.3	3.471e3
1200.2	1.745e3
1201.1	4.659e3
1201.7	1.570e2
1202.2	3.683e3
1203.1	2.613e3
1203.6	7.600e1
1204.1	3.654e3
1204.7	5.900e1
1205.2	1.904e3
1205.9	1.247e3
1206.7	3.273e3
1207.3	7.100e1
1207.8	2.528e3
1208.4	3.690e2
1209.0	2.229e3
1209.8	1.322e3
1210.6	3.869e3
1211.4	2.220e3
1212.2	8.850e2
1213.0	3.093e3
1214.0	1.806e3
1214.9	2.549e3
1215.5	9.200e1
1216.0	2.801e3
1216.6	1.320e2
1217.2	3.746e3
1218.1	3.151e3
1218.7	2.520e2
1219.3	2.488e3
1220.3	1.902e3
1220.9	6.570e2
1221.5	2.946e3
1222.3	1.102e3
1223.0	1.137e3
1223.9	2.389e3
1224.4	1.460e2
1225.0	2.596e3
1225.5	2.000e1
1226.2	2.010e3
1227.1	4.354e3
1228.1	2.289e3
1229.0	2.361e3
1229.8	1.260e3
1230.6	3.353e3
1231.1	4.450e2
1231.7	3.284e3
1232.3	8.200e1
1232.8	2.623e3
1233.8	2.424e3
1234.5	3.170e2
1235.1	2.991e3
1235.8	1.187e3
1236.6	3.861e3
1237.2	2.640e2
1237.8	1.965e3
1238.7	3.459e3
1239.4	9.260e2
1240.2	3.526e3
1240.7	2.720e2
1241.2	3.677e3
1242.1	1.233e3
1242.8	3.670e3
1243.8	3.982e3
1244.7	8.690e2
1245.4	2.394e3
1246.4	2.677e3
1247.2	1.585e3
1248.2	2.584e3
1248.7	9.000e1
1249.2	2.482e3
1249.9	1.137e3
1250.7	2.652e3
1251.7	4.122e3
1252.4	8.230e2
1253.2	3.022e3
1254.1	1.718e3
1254.9	3.034e3
1255.8	1.624e3
1256.4	9.510e2
1257.1	3.221e3
1258.0	1.712e3
1258.9	2.352e3
1259.8	2.512e3
1260.5	4.930e2
1261.1	2.127e3
1262.1	2.068e3
1262.8	5.130e2
1263.4	3.057e3
1264.1	6.250e2
1264.8	2.033e3
1265.6	2.874e3
1266.1	1.290e2
1266.7	2.528e3
1267.5	1.120e3
1268.2	2.412e3
1268.8	2.270e2
1269.3	4.081e3
1270.1	2.306e3
1271.1	2.608e3
1271.7	6.540e2
1272.4	2.318e3
1273.4	2.407e3
1274.0	2.020e2
1274.6	2.526e3
1275.4	4.941e3
1276.2	1.084e3
1277.0	2.451e3
1278.0	1.657e3
1278.9	3.197e3
1279.8	2.107e3
1280.8	2.798e3
1281.4	1.130e2
1281.9	3.436e3
1282.4	4.000e0
1283.0	2.894e3
1283.8	1.048e3
1284.5	1.330e2
1285.1	2.147e3
1286.1	2.682e3
1286.7	5.250e2
1287.3	2.374e3
1287.9	6.070e2
1288.6	2.778e3
1289.7	2.431e3
1290.5	1.669e3
1291.2	4.960e2
1291.8	2.565e3
1292.4	1.900e1
1292.9	2.238e3
1293.8	1.685e3
1294.6	3.641e3
1295.3	6.610e2
1296.2	3.007e3
1297.1	2.583e3
1298.0	1.805e3
1299.0	2.589e3
1299.9	1.954e3
1300.9	3.117e3
1301.5	7.250e2
1302.2	2.209e3
1303.1	2.875e3
1303.7	4.010e2
1304.3	3.434e3
1305.1	2.081e3
1306.0	1.569e3
1306.9	3.229e3
1307.4	4.400e1
1308.0	3.406e3
1308.7	1.127e3
1309.4	3.116e3
1310.3	1.702e3
1311.1	3.304e3
1311.9	1.379e3
1312.8	2.493e3
1313.6	1.121e3
1314.4	2.851e3
1315.2	7.990e2
1315.9	2.699e3
1316.7	7.770e2
1317.5	2.809e3
1318.4	2.395e3
1319.2	1.010e3
1319.9	2.554e3
1320.9	2.995e3
1321.8	1.468e3
1322.4	1.930e2
1322.9	2.674e3
1323.5	1.920e2
1324.1	2.470e3
1325.0	1.612e3
1325.9	2.671e3
1326.9	2.862e3
1327.6	5.240e2
1328.3	3.183e3
1329.3	3.246e3
1330.1	2.021e3
1330.9	1.107e3
1331.6	4.496e3
1332.5	1.748e3
1333.4	2.740e3
1334.3	1.369e3
1335.0	3.767e3
1335.6	4.890e2
1336.2	2.715e3
1336.8	5.130e2
1337.4	3.969e3
1338.3	1.954e3
1339.1	1.531e3
1340.0	2.552e3
1340.9	2.012e3
1341.7	1.781e3
1342.5	2.747e3
1343.4	1.167e3
1344.4	3.034e3
1345.0	7.630e2
1345.6	2.787e3
1346.3	6.170e2
1346.9	3.684e3
1347.9	1.462e3
1348.8	2.639e3
1349.8	1.762e3
1350.3	8.300e1
1350.9	2.005e3
1351.5	9.780e2
1352.3	2.766e3
1352.9	9.960e2
1353.6	1.657e3
1354.5	1.398e3
1355.4	2.558e3
1356.1	8.940e2
1356.8	3.270e3
1357.7	1.663e3
1358.6	3.947e3
1359.3	8.260e2
1360.1	2.062e3
1361.0	1.892e3
1361.9	2.569e3
1362.5	1.160e2
1363.0	3.098e3
1363.9	1.883e3
1364.7	2.709e3
1365.7	1.855e3
1366.5	2.994e3
1367.2	8.660e2
1367.8	3.928e3
1368.5	5.410e2
1369.1	2.302e3
1370.2	2.349e3
1370.8	2.510e2
1371.3	3.055e3
1372.1	5.980e2
1372.8	1.743e3
1373.6	2.125e3
1374.6	3.317e3
1375.3	2.900e2
1375.9	2.944e3
1376.8	2.381e3
1377.6	1.371e3
1378.4	1.281e3
1379.4	3.134e3
1380.0	3.270e2
1380.6	2.411e3
1381.3	8.950e2
1382.1	1.931e3
1382.7	1.780e2
1383.2	2.121e3
1384.0	5.650e2
1384.7	1.895e3
1385.5	1.100e3
1386.5	3.288e3
1387.1	6.780e2
1387.8	2.323e3
1388.8	2.678e3
1389.4	2.590e2
1390.0	1.798e3
1390.8	2.224e3
1391.6	6.490e2
1392.3	2.976e3
1393.1	2.230e3
1394.1	2.286e3
1394.8	5.090e2
1395.5	2.634e3
1396.4	2.597e3
1397.1	8.250e2
1397.9	2.130e3
1398.6	5.750e2
1399.4	2.893e3
1400.4	2.211e3
1401.3	1.606e3
1402.4	2.658e3
1402.9	3.630e2
1403.5	3.634e3
1404.4	1.472e3
1405.3	3.791e3
1406.1	1.599e3
1407.0	3.202e3
1407.5	8.700e1
1408.0	1.716e3
1408.9	2.619e3
1409.6	6.320e2
1410.2	2.270e3
1411.2	3.343e3
1411.7	1.200e1
1412.3	2.252e3
1413.2	2.408e3
1414.1	1.901e3
1414.9	2.298e3
1415.8	2.210e3
1416.7	2.405e3
1417.3	1.890e2
1418.0	2.048e3
1418.6	4.970e2
1419.2	3.435e3
1420.0	1.403e3
1420.9	2.722e3
1421.4	1.610e2
1422.0	2.706e3
1422.6	2.050e2
1423.2	2.676e3
1424.2	1.041e3
1425.1	2.189e3
1425.6	1.290e2
1426.2	2.991e3
1427.0	1.436e3
1427.9	2.704e3
1428.9	1.849e3
1429.5	6.080e2
1430.2	3.134e3
1430.9	5.050e2
1431.4	4.417e3
1432.4	2.457e3
1433.1	6.860e2
1433.8	2.183e3
1434.5	1.036e3
1435.3	2.984e3
1436.2	1.607e3
1437.2	2.766e3
1438.2	3.292e3
1439.1	1.624e3
1439.9	1.779e3
1440.6	1.217e3
1441.4	2.677e3
1442.3	1.407e3
1443.1	2.052e3
1444.0	1.599e3
1445.0	2.000e3
1445.8	1.679e3
1446.4	3.070e2
1447.0	2.797e3
1448.0	1.920e3
1449.0	2.491e3
1449.7	1.247e3
1450.5	3.078e3
1451.1	9.300e1
1451.7	1.789e3
1452.2	2.800e1
1452.7	2.320e3
1453.4	7.430e2
1454.2	2.200e3
1454.9	1.094e3
1455.6	2.506e3
1456.4	8.090e2
1457.3	1.812e3
1457.9	1.070e2
1458.4	2.205e3
1459.3	8.920e2
1460.2	2.461e3
1460.8	2.720e2
1461.5	2.420e3
1462.5	2.352e3
1463.0	2.760e2
1463.6	2.936e3
1464.2	2.910e2
1464.7	2.077e3
1465.8	2.739e3
1466.4	2.950e2
1467.0	2.389e3
1467.8	1.582e3
1468.6	2.890e3
1469.1	7.400e1
1469.6	2.952e3
1470.2	7.890e2
1470.9	2.163e3
1471.5	2.280e2
1472.1	1.870e3
1472.6	7.100e1
1473.1	3.778e3
1473.8	3.440e2
1474.5	2.785e3
1475.1	1.120e2
1475.7	2.552e3
1476.2	1.590e2
1476.8	1.881e3
1477.7	1.269e3
1478.5	2.462e3
1479.4	1.641e3
1480.2	2.408e3
1480.8	2.460e2
1481.4	2.060e3
1482.0	4.820e2
1482.7	1.930e3
1483.2	1.500e1
1483.8	2.019e3
1484.7	2.217e3
1485.5	7.010e2
1486.2	1.898e3
1487.1	2.252e3
1487.9	7.970e2
1488.5	3.287e3
1489.2	6.640e2
1489.9	2.410e3
1490.4	1.370e2
1491.0	1.942e3
1491.5	2.170e2
1492.1	2.215e3
1493.0	2.567e3
1494.0	1.568e3
1494.9	1.902e3
1495.5	5.550e2
1496.1	1.938e3
1497.0	1.939e3
1497.6	1.400e2
1498.2	1.850e3
1499.3	2.746e3
1499.9	2.300e1
1500.5	1.594e3
1501.1	6.380e2
1501.8	2.014e3
1502.4	2.050e2
1503.0	3.167e3
1503.5	3.060e2
1504.1	2.420e3
1505.0	1.114e3
1505.8	2.473e3
1506.5	7.020e2
1507.2	1.820e3
1507.8	1.670e2
1508.4	2.154e3
1509.1	4.180e2
1509.7	3.022e3
1510.2	3.700e1
1510.8	3.231e3
1511.5	1.204e3
1512.2	3.038e3
1513.2	1.703e3
1514.2	2.134e3
1515.2	2.805e3
1516.2	2.707e3
1517.1	1.801e3
1517.7	3.550e2
1518.3	1.860e3
1519.1	1.929e3
1520.1	1.912e3
1520.6	5.800e1
1521.1	1.880e3
1522.1	2.017e3
1522.9	1.033e3
1523.8	2.240e3
1524.9	1.038e3
1525.8	2.217e3
1526.5	3.810e2
1527.1	2.767e3
1527.9	8.500e2
1528.7	2.333e3
1529.6	6.070e2
1530.3	2.004e3
1531.1	8.900e2
1531.8	1.652e3
1532.6	2.015e3
1533.3	1.230e2
1533.8	2.099e3
1534.3	8.900e1
1534.9	2.195e3
1535.5	4.120e2
1536.1	1.897e3
1536.7	5.860e2
1537.4	2.914e3
1538.3	1.832e3
1539.2	1.195e3
1539.9	1.875e3
1540.9	3.191e3
1541.8	1.849e3
1542.7	1.104e3
1543.5	2.678e3
1544.4	1.893e3
1544.9	8.100e1
1545.4	3.345e3
1546.4	2.483e3
1547.0	9.420e2
1547.6	2.899e3
1548.2	1.060e2
1548.7	1.368e3
1549.7	2.705e3
1550.2	1.190e2
1550.8	2.728e3
1551.3	2.010e2
1552.0	2.192e3
1552.8	1.217e3
1553.6	1.957e3
1554.6	1.980e3
1555.5	1.860e3
1556.3	9.090e2
1557.0	2.182e3
1557.9	2.925e3
1558.4	4.100e1
1558.9	1.324e3
1559.8	2.166e3
1560.4	8.600e1
1561.0	3.091e3
1561.8	6.560e2
1562.5	2.345e3
1563.2	6.600e2
1564.0	2.467e3
1564.7	1.107e3
1565.6	2.040e3
1566.3	5.030e2
1567.0	3.354e3
1567.8	9.870e2
1568.5	2.259e3
1569.1	1.270e2
1569.7	2.148e3
1570.2	8.400e1
1570.7	2.000e3
1571.3	1.700e1
1571.8	1.629e3
1572.6	2.379e3
1573.7	1.182e3
1574.6	1.681e3
1575.6	2.072e3
1576.6	2.110e3
1577.5	8.800e2
1578.2	1.967e3
1579.2	2.226e3
1579.7	3.090e2
1580.3	2.451e3
1580.9	7.000e1
1581.4	3.537e3
1582.3	1.512e3
1583.1	2.679e3
1584.2	2.095e3
1584.9	1.470e2
1585.5	2.482e3
1586.0	4.900e1
1586.5	1.596e3
1587.0	1.780e2
1587.7	1.821e3
1588.7	1.631e3
1589.4	2.200e2
1590.0	1.947e3
1590.8	3.005e3
1591.3	5.400e1
1591.9	3.268e3
1592.7	1.475e3
1593.6	2.789e3
1594.4	1.738e3
1594.9	1.970e2
1595.5	1.918e3
1596.5	1.684e3
1597.5	1.315e3
1598.4	2.454e3
1599.0	6.270e2
1599.7	2.444e3
1600.3	1.800e1
1600.8	2.805e3
1601.4	4.370e2
1602.1	2.412e3
1603.0	2.388e3
1603.9	2.236e3
1604.6	9.340e2
1605.4	1.752e3
1606.0	3.470e2
1606.6	1.371e3
1607.4	2.255e3
1608.4	2.312e3
1609.4	1.683e3
1610.1	3.660e2
1610.8	2.480e3
1611.5	8.020e2
1612.3	2.533e3
1612.8	1.480e2
1613.4	1.898e3
1613.9	3.360e2
1614.5	3.359e3
1615.4	1.323e3
1616.4	2.136e3
1617.0	2.850e2
1617.8	2.434e3
1618.4	1.360e2
1619.0	1.928e3
1619.6	1.780e2
1620.1	2.296e3
1621.1	1.331e3
1622.1	1.673e3
1623.0	2.326e3
1623.5	3.450e2
1624.1	1.909e3
1625.1	1.878e3
1625.6	1.150e2
1626.1	2.428e3
1626.7	2.540e2
1627.2	1.789e3
1627.9	8.410e2
1628.6	1.907e3
1629.6	1.928e3
1630.6	2.089e3
1631.6	1.380e3
1632.6	1.220e3
1633.4	1.796e3
1634.4	1.651e3
1635.3	2.638e3
1636.3	2.063e3
1637.3	1.828e3
1637.8	3.410e2
1638.5	1.916e3
1639.5	1.588e3
1640.5	1.836e3
1641.0	4.700e1
1641.5	2.156e3
1642.4	1.352e3
1643.1	6.930e2
1643.8	1.997e3
1644.4	1.141e3
1645.1	1.850e3
1645.6	9.600e1
1646.2	2.103e3
1647.2	1.912e3
1648.1	1.330e3
1649.0	2.223e3
1650.0	1.691e3
1651.0	2.085e3
1651.5	1.270e2
1652.2	1.259e3
1652.9	2.995e3
1653.7	7.820e2
1654.5	1.942e3
1655.4	8.010e2
1656.2	2.745e3
1656.7	2.020e2
1657.3	1.857e3
1658.0	2.550e2
1658.6	3.156e3
1659.4	4.750e2
1660.0	1.192e3
1660.9	2.484e3
1661.8	1.354e3
1662.7	2.151e3
1663.3	3.770e2
1663.9	2.110e3
1664.4	1.920e2
1665.1	2.087e3
1665.6	1.260e2
1666.1	1.797e3
1667.1	1.884e3
1668.0	1.455e3
1668.9	2.530e3
1669.5	1.050e2
1670.0	2.854e3
1670.9	7.600e2
1671.9	1.487e3
1672.5	1.710e2
1673.1	1.909e3
1674.0	2.338e3
1674.8	1.004e3
1675.7	2.350e3
1676.5	7.930e2
1677.4	2.606e3
1678.4	2.166e3
1679.3	2.266e3
1680.3	1.956e3
1680.8	1.590e2
1681.4	2.449e3
1682.0	1.770e2
1682.6	2.245e3
1683.6	1.871e3
1684.1	4.300e1
1684.7	2.686e3
1685.6	2.203e3
1686.6	2.274e3
1687.1	3.530e2
1687.7	2.438e3
1688.6	1.246e3
1689.5	2.054e3
1690.3	1.006e3
1691.2	2.164e3
1691.8	2.930e2
1692.4	1.692e3
1692.9	5.000e1
1693.5	2.238e3
1694.1	4.700e2
1694.9	2.280e3
1695.8	1.360e3
1696.5	1.948e3
1697.4	9.700e2
1698.1	2.544e3
1699.0	1.342e3
1699.9	2.267e3
1700.4	5.700e1
1700.9	7.510e2
1701.7	2.318e3
1702.3	3.400e2
1702.8	2.243e3
1703.6	1.267e3
1704.5	2.316e3
1705.5	1.481e3
1706.4	7.190e2
1707.1	2.239e3
1707.8	7.530e2
1708.4	2.381e3
1709.0	1.620e2
1709.5	2.037e3
1710.3	5.700e2
1711.0	2.005e3
1711.6	3.370e2
1712.2	2.393e3
1713.0	1.513e3
1714.0	1.967e3
1714.6	1.930e2
1715.2	2.218e3
1715.9	3.220e2
1716.6	2.229e3
1717.6	1.241e3
1718.6	2.773e3
1719.2	1.860e2
1719.8	1.865e3
1720.4	1.300e2
1721.1	2.261e3
1721.6	1.600e1
1722.1	2.553e3
1722.8	8.960e2
1723.7	2.211e3
1724.7	2.132e3
1725.5	7.550e2
1726.2	1.350e3
1727.0	1.730e3
1727.6	1.070e2
1728.3	2.090e3
1728.9	6.050e2
1729.6	2.029e3
1730.5	2.246e3
1731.2	9.340e2
1732.1	1.865e3
1733.1	1.615e3
1733.6	7.800e1
1734.1	2.062e3
1734.6	7.800e1
1735.2	1.624e3
1735.9	5.560e2
1736.6	2.169e3
1737.6	2.703e3
1738.1	9.600e1
1738.7	1.427e3
1739.3	3.230e2
1740.1	1.683e3
1741.0	2.070e3
1741.9	1.561e3
1742.8	1.641e3
1743.6	2.006e3
1744.5	1.048e3
1745.4	2.345e3
1746.0	9.370e2
1746.7	2.261e3
1747.3	1.200e2
1747.9	1.869e3
1748.5	2.930e2
1749.1	1.132e3
1750.0	1.830e3
1750.5	3.400e1
1751.0	2.834e3
1751.8	5.310e2
1752.7	1.688e3
1753.6	2.359e3
1754.5	1.309e3
1755.1	4.210e2
1755.8	2.877e3
1756.6	1.156e3
1757.3	1.644e3
1758.3	2.246e3
1758.9	6.540e2
1759.5	2.611e3
1760.3	9.300e2
1761.1	2.134e3
1762.1	1.474e3
1762.7	1.920e2
1763.3	1.973e3
1764.3	1.432e3
1765.2	2.322e3
1766.1	9.910e2
1767.0	2.333e3
1767.5	1.640e2
1768.1	1.975e3
1768.9	7.390e2
1769.7	1.967e3
1770.7	2.209e3
1771.4	7.600e2
1772.2	3.186e3
1773.2	1.850e3
1773.9	3.860e2
1774.5	2.272e3
1775.1	9.700e1
1775.7	9.340e2
1776.7	1.597e3
1777.3	2.870e2
1777.9	2.255e3
1778.5	2.810e2
1779.0	2.162e3
1779.7	3.040e2
1780.2	2.165e3
1781.3	1.946e3
1782.2	9.550e2
1782.9	2.050e3
1783.6	1.269e3
1784.3	1.899e3
1785.0	1.620e2
1785.8	2.361e3
1786.6	1.319e3
1787.2	4.200e1
1787.7	2.415e3
1788.3	2.440e2
1789.0	1.844e3
1789.7	4.270e2
1790.5	2.867e3
1791.1	2.400e2
1791.6	2.109e3
1792.5	1.008e3
1793.6	1.757e3
1794.5	1.650e3
1795.3	2.770e2
1796.2	1.663e3
1796.7	2.800e1
1797.3	2.456e3
1798.1	9.910e2
1799.0	8.510e2
1799.8	2.122e3
1800.6	8.310e2
1801.5	2.819e3
1802.4	1.042e3
1803.3	2.606e3
1803.9	1.850e2
1804.6	1.118e3
1805.5	1.879e3
1806.5	1.730e3
1807.4	1.365e3
1808.0	3.060e2
1808.6	1.550e3
1809.3	3.370e2
1810.0	2.289e3
1810.7	7.340e2
1811.5	2.911e3
1812.5	1.295e3
1813.1	1.270e2
1813.7	2.003e3
1814.3	2.580e2
1815.0	1.561e3
1815.7	8.840e2
1816.4	1.996e3
1817.3	1.163e3
1818.3	9.190e2
1819.1	1.334e3
1819.9	1.852e3
1821.0	1.495e3
1821.9	1.587e3
1822.4	6.100e1
1822.9	1.488e3
1823.8	1.995e3
1824.7	1.028e3
1825.6	1.689e3
1826.2	3.310e2
1826.9	2.160e3
1827.7	5.370e2
1828.5	2.335e3
1829.4	1.037e3
1830.2	2.305e3
1831.2	1.808e3
1832.2	1.431e3
1833.0	2.278e3
1833.7	5.720e2
1834.3	1.977e3
1835.4	1.384e3
1836.3	9.460e2
1837.2	2.302e3
1837.7	1.010e2
1838.2	2.435e3
1839.1	1.113e3
1840.0	9.470e2
1840.5	3.000e1
1841.0	2.181e3
1841.6	1.070e2
1842.1	2.233e3
1842.7	1.070e2
1843.2	1.805e3
1844.0	6.780e2
1844.9	1.833e3
1845.4	1.840e2
1845.9	2.520e3
1846.9	2.543e3
1847.4	1.200e2
1848.0	1.927e3
1849.0	1.701e3
1850.0	1.843e3
1850.6	2.190e2
1851.3	1.372e3
1852.3	2.232e3
1853.2	1.286e3
1854.1	2.297e3
1855.0	1.392e3
1855.6	6.240e2
1856.4	2.130e3
1857.2	1.383e3
1858.3	1.670e3
1859.0	1.043e3
1859.6	2.960e2
1860.3	2.551e3
1861.2	1.456e3
1862.2	1.506e3
1862.7	1.930e2
1863.3	2.242e3
1864.0	8.740e2
1864.7	2.267e3
1865.7	1.327e3
1866.2	4.100e1
1866.7	2.033e3
1867.5	1.009e3
1868.3	2.049e3
1869.3	1.802e3
1870.3	1.617e3
1871.3	1.342e3
1872.0	7.760e2
1872.8	2.883e3
1873.6	1.170e3
1874.5	1.238e3
1875.0	1.500e2
1875.6	1.966e3
1876.6	1.497e3
1877.2	1.950e2
1877.8	1.068e3
1878.7	2.359e3
1879.3	2.480e2
1880.0	2.112e3
1880.6	4.120e2
1881.2	1.655e3
1882.1	2.326e3
1882.7	5.900e1
1883.2	1.793e3
1883.9	2.730e2
1884.5	2.431e3
1885.3	9.190e2
1886.2	1.871e3
1887.2	1.620e3
1888.2	2.163e3
1889.2	1.776e3
1889.9	6.040e2
1890.7	1.361e3
1891.2	1.270e2
1891.9	1.241e3
1892.7	1.378e3
1893.8	1.370e3
1894.3	9.100e1
1894.9	8.600e2
1895.7	1.693e3
1896.6	4.400e2
1897.3	2.191e3
1898.0	6.360e2
1898.7	8.940e2
1899.2	1.200e1
1899.8	1.154e3
1900.5	2.530e2
1901.1	1.655e3
1902.1	1.456e3
1903.0	2.210e3
1903.8	8.300e2
1904.5	2.135e3
1905.3	7.910e2
1906.1	2.279e3
1907.0	2.814e3
1907.6	5.100e1
1908.2	1.851e3
1908.8	4.370e2
1909.6	2.082e3
1910.2	2.010e2
1910.8	1.700e3
1911.3	1.410e2
1912.0	1.495e3
1912.7	4.320e2
1913.4	1.212e3
1914.0	2.480e2
1914.7	1.254e3
1915.4	2.550e2
1916.1	8.930e2
1917.0	1.650e3
1918.0	1.567e3
1918.7	3.400e2
1919.4	1.642e3
1920.2	7.720e2
1921.1	1.714e3
1921.6	1.700e1
1922.1	1.829e3
1923.1	1.058e3
1923.9	1.454e3
1924.7	6.730e2
1925.5	1.242e3
1926.0	6.300e1
1926.5	2.205e3
1927.4	1.526e3
1928.2	1.258e3
1929.1	2.142e3
1929.6	3.000e1
1930.2	8.860e2
1931.1	1.584e3
1932.1	1.282e3
1932.9	1.541e3
1933.9	1.067e3
1935.0	2.235e3
1935.5	1.300e2
1936.1	1.155e3
1937.0	2.619e3
1938.0	1.580e3
1939.0	1.586e3
1939.5	3.100e1
1940.1	1.449e3
1941.1	9.420e2
1941.9	1.239e3
1942.6	3.760e2
1943.2	1.743e3
1943.7	1.170e2
1944.3	1.789e3
1945.1	1.026e3
1946.0	2.286e3
1946.9	1.211e3
1947.6	4.850e2
1948.2	2.368e3
1949.0	9.970e2
1949.8	1.833e3
1950.7	1.402e3
1951.2	1.500e1
1951.8	1.268e3
1952.7	1.769e3
1953.6	7.000e2
1954.6	1.355e3
1955.4	1.886e3
1956.4	7.530e2
1957.3	5.480e2
1958.1	1.554e3
1958.6	3.400e1
1959.2	1.597e3
1959.8	1.300e1
1960.3	1.529e3
1960.9	2.800e2
1961.4	1.375e3
1962.2	1.970e2
1962.8	1.380e3
1963.9	2.333e3
1964.5	6.300e1
1965.0	1.285e3
1965.6	7.100e1
1966.2	1.294e3
1967.2	1.448e3
1968.2	1.294e3
1969.2	1.654e3
1970.1	1.209e3
1970.9	1.550e3
1971.7	1.094e3
1972.6	8.900e2
1973.5	1.517e3
1974.4	1.524e3
1975.3	1.789e3
1976.3	1.366e3
1977.2	3.710e2
1978.0	1.942e3
1978.5	2.900e1
1979.0	1.471e3
1979.9	9.050e2
1980.7	1.935e3
1981.5	9.000e2
1982.3	2.266e3
1983.0	3.400e2
1983.8	1.266e3
1984.8	1.690e3
1985.6	1.116e3
1986.3	2.380e2
1987.0	1.321e3
1987.9	1.081e3
1988.8	1.309e3
1989.6	1.231e3
1990.7	1.107e3
1991.4	5.900e2
1992.3	1.364e3
1993.3	1.314e3
1994.2	7.860e2
1994.9	2.730e2
1995.7	1.473e3
1996.7	1.404e3
1997.3	5.900e1
1997.9	1.867e3
1998.6	1.139e3
1999.5	2.006e3
