100.2	5.952e3
101.0	8.932e4
102.0	1.715e4
103.0	1.889e4
104.0	1.359e3
104.9	1.892e3
105.9	6.300e2
107.0	9.130e2
108.0	1.419e4
108.6	7.600e1
109.1	2.302e3
110.0	6.090e2
111.0	4.214e3
111.6	1.400e1
112.1	1.458e3
113.0	1.043e5
114.0	3.627e3
115.0	9.717e3
116.0	4.203e3
117.0	1.197e5
118.0	1.465e4
118.5	8.400e1
119.0	1.572e4
119.5	1.900e1
120.0	1.430e3
121.0	2.163e3
122.1	6.040e2
123.0	1.183e3
124.0	2.666e3
124.6	1.890e2
125.1	2.922e3
126.1	1.055e3
127.0	4.358e3
128.0	1.800e3
129.1	3.107e3
130.0	9.436e3
131.0	4.278e3
132.1	1.713e3
133.0	6.287e3
134.0	1.155e3
134.9	6.427e3
135.5	2.800e2
136.1	2.218e3
137.0	4.778e3
137.6	1.230e2
138.1	9.620e2
139.0	3.017e3
140.0	1.373e3
141.1	3.117e3
142.1	2.312e3
143.1	4.026e3
144.1	2.128e3
145.0	7.383e3
146.1	5.131e3
147.0	1.883e4
147.5	8.800e1
148.1	3.248e3
149.1	4.666e3
150.0	3.253e3
151.0	3.085e3
152.1	1.008e4
153.1	5.102e3
154.1	1.880e3
155.1	3.389e3
156.1	3.904e3
157.1	3.954e3
158.1	2.622e3
159.0	3.503e3
160.1	2.352e3
160.9	7.605e3
161.5	4.400e1
162.0	1.808e3
163.0	7.228e3
163.5	1.190e2
164.1	1.151e3
165.1	8.129e3
166.0	1.736e3
167.1	3.312e3
168.0	2.944e3
168.6	1.800e1
169.1	5.885e3
170.1	1.742e3
171.1	3.856e3
172.1	1.692e3
173.1	5.931e3
174.0	6.228e3
175.0	2.055e4
176.1	3.738e3
177.0	3.599e3
177.5	9.200e1
178.1	1.843e3
179.1	8.848e3
180.1	2.069e3
181.1	2.896e4
182.0	3.265e3
182.5	1.900e1
183.1	4.023e3
184.0	2.147e3
184.6	3.000e1
185.1	3.242e3
186.1	3.191e3
187.1	4.465e3
188.0	2.055e3
189.0	2.807e3
189.5	6.100e1
190.1	1.362e3
191.1	1.183e5
192.1	1.181e4
193.1	1.938e4
194.1	2.329e3
195.1	6.030e3
196.0	9.479e3
196.6	5.100e1
197.1	4.658e3
198.0	6.740e3
199.1	2.842e3
200.0	5.663e3
201.0	4.296e3
201.6	5.400e1
202.1	4.868e3
202.6	1.050e2
203.1	2.604e3
204.0	1.552e3
204.6	5.200e1
205.2	4.424e3
206.1	1.280e3
207.0	9.670e3
208.0	2.751e3
209.1	6.383e3
210.1	2.688e3
210.6	2.700e1
211.1	5.852e3
211.7	8.700e1
212.2	1.811e4
213.1	5.814e3
214.1	3.682e3
215.1	3.601e3
216.1	2.638e3
217.0	4.496e3
218.0	3.480e3
219.1	5.793e3
220.1	6.415e3
220.6	3.000e1
221.2	8.742e3
222.1	2.146e3
222.6	5.600e1
223.1	5.758e3
224.1	2.144e3
225.1	7.249e3
226.1	2.708e3
227.1	4.412e3
228.1	1.977e3
229.0	4.007e3
230.0	2.305e3
231.1	2.304e3
232.0	1.795e3
232.6	2.700e1
233.2	4.279e3
234.1	2.504e3
235.1	4.268e3
236.0	4.665e3
237.2	6.551e3
238.1	2.083e3
239.1	5.255e3
240.0	5.131e3
240.5	7.000e0
241.1	4.265e3
242.1	3.743e3
243.1	6.907e3
244.1	7.673e3
245.1	3.584e3
246.1	3.818e3
247.1	4.888e3
248.0	2.555e3
248.6	1.640e2
249.1	5.939e4
250.1	6.349e3
250.6	4.400e1
251.1	4.598e3
252.1	2.010e3
252.7	5.600e1
253.3	3.345e3
253.9	1.160e2
254.4	1.101e3
255.3	1.388e4
256.3	3.288e3
257.1	2.820e3
258.1	2.864e3
258.6	6.100e1
259.2	4.156e3
260.0	1.792e3
260.6	6.600e1
261.1	3.411e3
262.0	2.871e3
263.1	4.596e3
263.6	1.500e1
264.1	3.169e3
265.2	7.723e3
266.1	4.237e3
266.6	1.170e2
267.2	1.310e4
268.2	3.260e3
269.1	6.924e3
270.1	2.500e3
271.0	2.482e3
272.0	2.820e3
272.5	1.140e2
273.0	3.140e3
273.6	6.000e1
274.1	2.721e3
275.1	9.353e3
276.1	2.911e3
276.7	1.170e2
277.3	9.263e3
277.8	2.640e2
278.4	3.217e3
279.4	2.130e4
279.9	4.840e2
280.4	7.361e3
281.3	8.693e3
282.1	3.356e3
282.7	3.800e1
283.3	6.926e3
284.2	3.671e3
285.1	6.708e3
286.1	2.397e3
286.6	2.400e1
287.1	3.849e3
288.1	9.805e3
289.0	7.728e3
290.0	3.790e3
290.5	1.470e2
291.1	7.881e3
292.0	3.280e3
292.7	3.160e2
293.2	1.233e4
294.3	4.778e3
295.2	2.364e4
296.2	6.013e3
297.2	5.085e3
298.1	3.318e3
298.7	6.100e1
299.2	5.273e3
300.1	3.132e3
301.1	5.431e3
302.1	2.791e3
302.7	3.280e2
303.2	5.079e3
304.2	2.209e3
305.1	6.671e3
306.1	3.003e3
307.1	1.115e4
308.0	5.208e3
308.6	4.400e1
309.2	8.507e3
310.1	5.292e3
310.7	1.600e2
311.2	1.341e4
312.1	5.654e3
313.1	5.802e3
314.1	3.368e3
315.1	6.690e3
316.0	3.391e3
316.6	3.900e1
317.1	7.108e4
318.0	6.328e3
318.6	2.100e1
319.1	4.843e3
320.0	3.080e3
320.7	7.200e1
321.2	8.059e3
322.2	3.564e3
323.2	7.923e3
323.7	2.110e2
324.2	4.607e3
325.2	8.968e3
326.2	3.334e3
327.2	1.091e4
328.3	9.762e3
329.2	1.663e4
329.8	1.061e3
330.4	7.237e3
331.4	4.494e3
332.2	2.246e3
333.2	7.746e3
334.1	5.295e3
334.7	5.500e1
335.2	5.846e3
335.7	1.080e2
336.2	3.917e3
337.2	9.448e3
338.2	3.874e3
338.7	2.210e2
339.2	5.810e3
340.1	3.911e3
340.7	7.800e1
341.2	8.972e3
342.2	2.677e3
343.1	1.328e4
344.1	4.004e3
344.7	1.320e2
345.3	5.956e3
346.2	3.126e3
346.7	4.990e2
347.3	8.227e3
348.2	4.977e3
348.7	1.010e2
349.3	6.756e3
350.1	2.477e3
350.7	4.430e2
351.3	1.487e4
352.2	4.309e3
353.1	1.174e4
354.1	3.850e3
354.7	8.700e1
355.2	1.255e4
356.1	1.240e4
357.1	1.238e4
358.2	3.580e3
359.2	5.057e3
360.2	2.575e3
361.2	5.871e3
362.1	2.510e3
362.7	3.910e2
363.2	7.957e3
364.3	4.239e3
364.9	4.390e2
365.4	4.331e3
366.2	2.793e3
367.1	4.550e3
367.6	5.570e2
368.2	3.329e3
369.2	9.115e3
370.1	3.870e3
370.6	1.160e2
371.2	5.097e3
372.1	3.364e3
372.6	2.740e2
373.2	4.863e3
374.1	2.061e3
375.1	6.661e3
376.0	3.177e3
376.6	2.020e2
377.2	6.646e3
378.2	4.492e3
379.2	1.531e4
379.7	4.130e2
380.2	6.322e3
380.8	4.150e2
381.3	9.760e3
382.2	3.072e3
383.3	6.604e3
384.2	2.602e3
385.1	3.982e4
386.1	5.616e3
386.7	3.740e2
387.3	5.066e3
388.2	1.948e3
388.7	9.900e1
389.2	4.966e3
390.1	2.830e3
390.8	9.230e2
391.4	5.284e3
392.1	2.047e3
393.0	3.882e3
393.9	4.668e3
394.6	5.060e2
395.2	9.140e3
396.1	3.635e3
396.7	2.300e2
397.2	1.352e4
398.2	4.793e3
399.1	6.328e3
400.1	2.379e3
401.1	5.323e3
402.1	3.596e3
402.6	3.270e2
403.2	4.666e3
403.8	1.310e2
404.3	3.733e3
405.3	1.793e4
406.3	4.751e3
407.2	5.627e3
408.2	2.962e3
409.2	6.900e3
410.2	3.701e3
410.7	3.700e1
411.2	7.717e3
412.1	4.059e3
412.7	3.590e2
413.3	5.015e3
414.2	3.755e3
414.8	5.800e1
415.3	8.830e3
416.3	4.013e3
416.8	1.100e1
417.3	7.126e3
418.2	2.715e3
418.7	3.350e2
419.3	7.026e3
420.3	3.479e3
421.3	5.586e3
422.2	4.006e3
423.2	7.600e3
424.1	1.325e4
424.6	4.400e1
425.2	8.753e3
425.7	1.550e2
426.2	3.259e3
427.2	1.072e4
428.2	3.324e3
428.7	7.300e1
429.3	8.809e3
430.2	4.267e3
430.8	1.830e2
431.3	6.862e3
431.9	4.420e2
432.4	4.557e3
433.4	1.483e4
434.4	8.250e3
435.3	7.990e3
435.9	3.340e2
436.4	1.654e4
437.4	1.491e4
438.3	4.267e3
439.2	6.000e3
440.3	4.827e3
441.3	6.364e3
442.2	4.303e3
443.2	7.469e3
443.8	3.570e2
444.3	4.035e3
444.9	3.550e2
445.4	2.422e4
445.9	2.030e2
446.4	9.963e3
447.4	2.061e4
448.3	8.349e3
449.3	9.540e3
449.8	2.320e2
450.3	5.158e3
450.9	5.670e2
451.5	6.548e3
452.0	2.710e2
452.5	5.607e4
453.3	2.861e4
454.3	7.245e3
455.3	6.146e3
456.3	3.081e3
457.3	7.744e3
457.8	8.200e1
458.3	4.138e3
458.8	1.950e2
459.4	8.811e3
460.3	4.694e3
461.3	8.434e3
461.9	4.570e2
462.5	2.118e4
463.4	1.095e4
463.9	2.490e2
464.4	1.317e4
465.4	2.193e4
466.4	1.228e4
467.4	6.891e3
468.3	4.166e3
468.8	1.120e2
469.3	1.281e4
470.2	5.514e3
470.8	2.190e2
471.3	8.617e3
472.2	3.201e3
472.9	6.470e2
473.4	1.329e4
474.3	6.311e3
474.9	3.740e2
475.4	1.143e4
475.9	1.050e2
476.4	2.861e4
476.9	2.790e2
477.5	1.344e4
478.0	2.400e1
478.5	2.186e4
479.4	1.217e4
479.9	2.760e2
480.4	6.439e4
481.4	2.718e4
482.4	8.801e3
483.3	1.177e4
484.3	5.477e3
485.3	1.186e4
486.3	6.033e3
486.8	6.060e2
487.4	1.043e4
488.2	3.619e3
488.8	4.970e2
489.4	6.784e3
489.9	5.600e1
490.4	5.211e3
491.5	1.435e4
492.3	1.007e4
493.3	8.146e3
494.3	8.000e3
495.2	1.192e4
495.7	7.850e2
496.3	6.075e3
496.8	2.650e2
497.4	1.005e4
497.9	2.310e2
498.4	2.482e4
499.4	1.173e4
500.3	6.032e3
500.8	1.880e2
501.3	1.424e4
502.3	8.476e3
503.3	2.543e4
503.9	4.440e2
504.4	3.112e4
505.4	1.478e4
505.9	3.000e2
506.5	1.301e4
507.4	8.445e3
508.0	2.780e2
508.5	3.152e4
509.4	1.290e4
510.3	4.520e3
511.2	8.457e3
511.7	3.420e2
512.3	4.133e3
512.8	1.430e2
513.3	9.651e3
514.3	6.866e3
515.2	8.462e3
516.1	4.275e3
516.7	9.280e2
517.4	3.670e4
518.4	1.315e4
519.4	1.252e4
520.4	1.394e4
521.1	3.410e4
521.7	1.435e3
522.3	9.462e3
522.9	8.330e2
523.4	6.612e3
523.9	7.200e1
524.4	1.263e4
525.4	8.248e3
526.3	3.505e3
527.3	8.362e3
528.2	4.945e3
528.8	1.090e2
529.3	7.395e3
529.8	1.580e2
530.3	6.580e3
531.3	9.606e3
531.9	7.220e2
532.5	6.671e3
533.4	9.837e3
533.9	1.700e2
534.5	1.806e4
535.4	1.184e4
536.4	8.898e3
537.3	1.156e4
538.3	7.507e3
538.8	2.270e2
539.3	8.137e3
540.0	9.710e2
540.5	2.047e4
541.5	9.471e3
542.4	4.944e3
543.3	9.193e3
544.3	6.366e3
545.3	6.823e3
545.8	1.140e2
546.3	7.593e3
547.2	1.237e4
547.7	1.686e3
548.3	8.738e3
549.3	8.310e3
549.9	2.640e2
550.4	7.188e3
551.3	7.752e3
552.3	8.918e3
552.8	9.700e1
553.3	7.978e3
554.3	5.534e3
554.8	3.470e2
555.4	5.731e3
556.0	4.670e2
556.5	5.106e3
557.4	6.320e3
558.3	3.503e3
559.2	4.165e3
560.1	8.393e3
560.7	7.740e2
561.3	6.528e3
561.9	1.040e2
562.4	5.106e3
563.3	9.296e3
563.9	7.910e2
564.5	1.253e4
565.4	9.634e3
566.0	8.900e1
566.5	1.116e4
567.3	6.302e3
567.9	1.021e3
568.6	1.517e4
569.6	7.982e3
570.5	2.921e3
571.3	7.186e3
571.9	5.780e2
572.5	5.457e3
573.5	6.521e3
574.4	3.471e3
575.3	5.075e3
575.9	4.760e2
576.5	6.567e3
577.5	9.274e3
578.2	2.193e3
578.8	8.425e3
579.6	3.528e3
580.5	6.739e3
581.5	7.322e3
582.2	1.853e3
582.8	6.428e3
583.7	3.977e3
584.4	2.423e3
585.2	5.061e3
585.7	1.170e2
586.3	4.612e3
586.8	2.900e2
587.3	5.673e3
588.3	3.960e3
589.1	1.894e4
590.1	5.706e3
590.8	1.427e3
591.5	1.251e4
592.1	8.860e2
592.8	8.621e3
593.6	7.326e3
594.5	5.318e3
595.0	3.080e2
595.6	2.079e4
596.6	1.127e4
597.5	7.330e3
598.3	3.800e3
599.3	6.022e3
600.3	4.889e3
601.3	7.100e3
601.8	2.360e2
602.4	5.399e3
603.4	5.026e3
604.3	4.611e3
605.3	7.693e3
605.9	5.100e1
606.4	5.804e3
607.0	3.400e1
607.5	4.826e3
608.5	4.004e3
609.5	1.497e4
610.0	2.340e2
610.5	7.706e3
611.5	1.414e4
612.4	5.579e3
613.3	6.983e3
614.0	1.686e3
614.7	1.202e4
615.5	3.675e3
616.3	7.469e3
617.3	8.040e3
618.2	5.198e3
618.8	1.085e3
619.4	7.072e3
619.9	2.050e2
620.5	7.971e3
621.5	6.583e3
622.0	4.000e0
622.5	3.682e3
623.4	5.589e3
624.0	2.420e2
624.5	4.470e3
625.4	5.259e3
626.3	2.489e3
627.2	4.554e3
628.2	9.145e3
628.7	2.950e2
629.2	4.934e3
629.8	3.770e2
630.3	5.131e3
630.8	1.800e2
631.3	6.986e3
632.0	9.530e2
632.6	1.559e4
633.5	1.031e4
634.5	8.856e3
635.5	6.406e3
636.5	9.266e3
637.4	8.306e3
638.3	4.521e3
639.3	4.991e3
639.8	5.400e1
640.4	4.682e3
640.9	3.690e2
641.4	5.777e3
642.3	2.968e3
643.1	5.384e3
643.7	4.970e2
644.4	4.250e3
645.4	7.438e3
645.9	1.760e2
646.4	5.111e3
647.4	1.015e4
648.4	5.927e3
649.4	8.440e3
649.9	6.680e2
650.5	4.995e3
651.3	6.526e3
652.2	2.387e3
652.9	5.159e3
653.8	6.200e3
654.8	5.571e3
655.7	4.001e3
656.5	5.180e3
657.3	2.493e4
657.9	4.740e2
658.4	8.220e3
658.9	1.030e2
659.4	8.098e3
660.0	4.670e2
660.6	5.059e3
661.6	1.141e4
662.5	5.856e3
663.5	1.075e4
664.0	1.270e2
664.5	8.092e3
665.2	2.066e3
665.8	7.207e3
666.8	5.487e3
667.4	1.209e3
668.0	5.248e3
668.7	1.220e3
669.4	5.581e3
670.3	6.946e3
670.8	1.370e2
671.4	5.978e3
672.0	4.090e2
672.6	5.135e3
673.6	6.119e3
674.5	3.798e3
675.6	1.148e4
676.5	7.793e3
677.1	2.430e2
677.6	2.363e4
678.6	1.162e4
679.5	1.104e4
680.0	2.150e2
680.5	8.346e3
681.5	5.606e3
682.2	9.190e2
682.8	9.963e3
683.6	5.365e3
684.4	7.667e3
685.3	7.698e3
685.8	4.100e1
686.3	6.217e3
686.9	1.790e2
687.4	5.788e3
688.3	3.800e3
689.2	5.544e3
689.8	5.580e2
690.4	3.859e3
691.3	4.508e3
692.3	5.223e3
692.9	7.730e2
693.5	4.849e3
694.1	6.080e2
694.7	4.011e3
695.6	9.848e3
696.5	5.591e3
697.4	5.648e3
698.0	1.469e3
698.7	1.501e4
699.6	7.509e3
700.6	7.342e3
701.5	4.936e3
702.3	5.691e3
703.3	4.271e3
703.9	1.144e3
704.6	5.230e3
705.6	4.427e3
706.5	3.632e3
707.4	3.845e3
708.4	5.235e3
709.2	3.478e3
710.0	6.428e3
710.6	7.650e2
711.2	6.208e3
711.9	1.519e3
712.6	1.020e4
713.6	7.118e3
714.6	9.406e3
715.6	8.338e3
716.4	3.894e3
717.2	7.625e3
717.9	1.129e3
718.5	5.063e3
719.5	6.638e3
720.0	2.300e2
720.6	4.395e3
721.5	5.145e3
722.3	2.482e3
723.2	7.336e3
723.7	3.940e2
724.3	4.638e3
725.1	1.347e4
725.7	1.018e3
726.3	5.076e3
727.0	1.011e3
727.6	5.456e3
728.5	4.203e3
729.0	4.100e1
729.6	4.950e3
730.5	7.481e3
731.0	7.900e1
731.6	5.943e3
732.5	4.929e3
733.5	5.028e3
734.5	3.544e3
735.4	6.357e3
735.9	1.250e2
736.5	4.820e3
737.5	8.109e3
738.4	5.388e3
738.9	8.600e1
739.4	4.591e3
739.9	7.300e1
740.4	3.418e3
741.4	5.021e3
741.9	3.430e2
742.5	4.014e3
743.0	2.300e2
743.5	4.707e3
744.6	4.674e3
745.5	6.601e3
746.1	2.160e2
746.6	4.200e3
747.6	6.406e3
748.6	3.465e3
749.5	3.884e3
750.3	2.145e3
751.0	9.042e3
751.7	8.360e2
752.3	5.734e3
752.8	6.160e2
753.4	6.884e3
753.9	1.840e2
754.4	4.325e3
755.4	4.619e3
756.3	3.440e3
756.9	7.310e2
757.5	5.526e3
758.3	2.504e3
759.1	4.700e3
759.6	7.700e1
760.2	3.433e3
760.8	1.112e3
761.5	4.929e3
762.1	3.920e2
762.6	4.631e3
763.3	1.640e3
764.0	7.207e3
764.6	1.455e3
765.3	5.408e3
766.3	3.096e3
766.8	5.770e2
767.4	4.325e3
767.9	7.720e2
768.5	4.555e3
769.1	1.200e2
769.6	3.517e3
770.5	2.980e3
771.4	5.010e3
772.3	2.668e3
773.2	5.169e3
774.2	4.127e3
774.8	8.090e2
775.5	4.455e3
776.4	3.036e3
777.2	4.575e3
777.8	6.870e2
778.5	3.331e3
779.4	4.193e3
780.0	4.720e2
780.6	3.393e3
781.5	5.792e3
782.4	3.658e3
783.2	3.867e3
784.1	5.549e3
784.8	8.910e2
785.4	4.131e3
786.1	1.483e3
786.8	5.014e3
787.3	1.430e2
787.8	4.198e3
788.4	8.100e1
788.9	3.172e3
789.4	1.700e1
790.0	4.971e3
790.9	3.870e3
791.5	9.650e2
792.2	3.327e3
793.1	1.012e4
793.8	3.493e3
794.7	2.602e4
795.7	1.661e4
796.7	1.242e4
797.2	3.700e2
797.8	7.360e3
798.3	5.320e2
798.9	6.469e3
799.8	5.391e3
800.3	1.070e2
800.8	3.894e3
801.4	6.010e2
802.1	5.246e3
802.6	3.710e2
803.2	4.990e3
804.1	3.384e3
805.0	4.415e3
805.9	2.588e3
806.8	5.503e3
807.8	3.737e3
808.7	9.361e3
809.7	8.052e3
810.2	3.690e2
810.8	6.111e3
811.7	4.405e3
812.2	2.620e2
812.8	7.558e3
813.3	1.010e2
813.8	3.923e3
814.7	1.189e3
815.4	4.061e3
816.0	6.120e2
816.6	3.901e3
817.5	1.594e3
818.2	3.055e3
819.0	7.020e3
820.0	5.682e3
820.7	1.527e3
821.3	4.359e3
822.2	3.707e3
822.8	2.830e2
823.4	4.800e3
824.1	1.165e3
824.8	4.749e3
825.7	4.643e3
826.5	2.884e3
827.3	5.308e3
828.3	3.422e3
829.3	5.360e3
830.1	1.239e3
830.9	4.682e3
831.4	6.990e2
832.0	6.217e3
832.8	1.798e3
833.6	3.815e3
834.1	8.700e1
834.6	3.200e3
835.5	6.016e3
836.0	1.410e2
836.5	4.392e3
837.5	3.155e3
838.5	3.450e3
839.4	4.180e3
840.4	4.338e3
841.3	3.192e3
842.0	1.291e3
842.8	3.792e3
843.7	2.440e3
844.7	3.060e3
845.7	4.168e3
846.6	2.837e3
847.6	4.075e3
848.6	3.615e3
849.4	4.176e3
849.9	2.200e1
850.5	4.642e3
851.3	3.119e3
852.2	4.184e3
852.9	7.090e2
853.6	3.784e3
854.5	4.151e3
855.5	5.098e3
856.3	1.523e3
857.1	3.715e3
857.7	4.000e1
858.2	4.894e3
859.1	3.203e3
859.6	3.940e2
860.2	3.955e3
861.2	7.239e3
862.0	2.839e3
862.9	6.295e3
863.8	3.283e3
864.7	3.255e3
865.6	3.397e3
866.3	1.227e3
866.9	4.012e3
867.8	2.815e3
868.8	2.722e3
869.8	3.659e3
870.7	1.986e3
871.5	3.698e3
872.5	2.023e3
873.3	3.248e3
873.8	2.460e2
874.4	3.119e3
875.1	8.180e2
875.7	3.855e3
876.4	1.003e3
877.0	4.802e3
877.5	1.800e1
878.0	4.526e3
878.6	5.560e2
879.2	2.299e3
880.1	3.847e3
881.2	3.323e3
881.7	2.310e2
882.3	4.098e3
883.0	7.240e2
883.7	3.665e3
884.7	1.952e3
885.5	4.014e3
886.1	2.500e2
886.7	3.991e3
887.4	2.742e3
888.3	3.456e3
888.9	2.870e2
889.5	3.723e3
890.4	3.133e3
891.4	3.914e3
892.2	8.460e2
892.9	3.354e3
893.9	3.368e3
894.9	5.158e3
895.8	2.321e3
896.7	2.998e3
897.6	3.470e3
898.5	3.014e3
899.4	4.470e3
900.4	4.183e3
901.3	1.914e3
902.1	3.057e3
903.1	3.106e3
903.6	1.420e2
904.1	3.388e3
905.1	3.599e3
905.7	4.660e2
906.2	4.160e3
907.0	2.006e3
907.8	3.109e3
908.7	3.263e3
909.6	3.047e3
910.3	6.290e2
911.0	2.935e3
911.9	2.764e3
912.8	3.320e3
913.8	3.193e3
914.3	6.400e2
914.9	4.642e3
915.8	2.105e3
916.7	3.495e3
917.3	4.530e2
917.9	3.115e3
918.9	2.187e3
919.7	5.921e3
920.7	3.648e3
921.6	4.715e3
922.5	3.408e3
923.5	3.087e3
924.5	2.992e3
925.4	2.795e3
926.3	4.008e3
927.1	1.987e3
927.9	4.187e3
928.5	8.970e2
929.1	7.252e3
930.1	3.110e3
930.9	2.275e3
931.7	5.148e3
932.7	2.839e3
933.2	7.600e1
933.7	6.534e3
934.7	5.549e3
935.2	1.890e2
935.8	4.197e3
936.4	4.570e2
936.9	3.247e3
937.8	3.564e3
938.8	3.606e3
939.3	1.610e2
939.9	3.823e3
940.5	4.490e2
941.1	3.989e3
941.6	5.170e2
942.2	4.145e3
942.7	2.090e2
943.3	3.447e3
944.0	8.960e2
944.8	3.602e3
945.4	3.640e2
945.9	4.671e3
946.8	2.647e3
947.4	4.730e2
948.0	5.382e3
948.5	1.720e2
949.0	5.031e3
949.9	1.896e3
950.7	3.672e3
951.3	2.330e2
951.8	4.934e3
952.6	1.526e3
953.4	4.192e3
954.4	4.654e3
955.3	5.045e3
956.1	1.588e3
956.8	3.755e3
957.8	4.058e3
958.7	1.867e3
959.5	4.066e3
960.2	6.320e2
960.8	3.992e3
961.8	3.599e3
962.4	1.880e2
962.9	2.755e3
963.9	3.474e3
964.4	1.060e2
965.0	3.422e3
965.5	2.160e2
966.1	3.302e3
967.0	3.312e3
967.9	1.968e3
968.7	3.565e3
969.5	2.234e3
970.1	8.320e2
970.8	3.718e3
971.3	1.420e2
971.9	3.519e3
972.4	2.400e1
972.9	3.069e3
973.5	4.300e2
974.1	3.939e3
974.9	2.662e3
975.7	3.484e3
976.6	4.326e3
977.6	3.265e3
978.2	8.530e2
978.9	3.810e3
979.8	1.852e3
980.7	2.276e3
981.7	3.563e3
982.2	2.140e2
982.8	3.198e3
983.3	6.000e1
983.8	4.506e3
984.8	2.353e3
985.6	2.626e3
986.1	1.570e2
986.8	3.119e3
987.6	4.911e3
988.2	3.350e2
988.7	3.112e3
989.5	1.154e3
990.2	3.379e3
990.7	8.400e1
991.2	3.197e3
992.0	2.058e3
992.9	3.162e3
993.9	4.302e3
994.9	2.516e3
995.4	9.300e1
996.0	3.948e3
996.5	4.440e2
997.1	7.165e3
997.8	1.804e3
998.6	4.154e3
999.4	2.458e3
1000.2	4.034e3
1000.8	8.240e2
1001.5	4.420e3
1002.0	7.200e1
1002.6	3.445e3
1003.5	2.789e3
1004.4	3.373e3
1005.0	3.830e2
1005.6	3.535e3
1006.5	2.159e3
1007.4	3.835e3
1008.1	8.110e2
1008.8	4.091e3
1009.8	3.268e3
1010.7	3.459e3
1011.2	1.310e2
1011.8	3.391e3
1012.4	5.450e2
1013.0	4.342e3
1014.0	2.345e3
1014.7	1.282e3
1015.4	2.835e3
1016.4	2.778e3
1017.4	4.138e3
1018.0	5.960e2
1018.6	3.018e3
1019.3	1.210e3
1020.0	3.371e3
1020.7	1.639e3
1021.5	4.331e3
1022.3	2.018e3
1023.1	4.109e3
1023.9	1.968e3
1024.7	3.847e3
1025.6	1.992e3
1026.5	3.499e3
1027.0	5.000e1
1027.5	4.291e3
1028.1	2.550e2
1028.7	3.651e3
1029.3	5.370e2
1029.9	2.994e3
1030.7	1.351e3
1031.5	3.813e3
1032.4	2.689e3
1033.5	3.430e3
1034.0	1.730e2
1034.5	2.686e3
1035.1	3.330e2
1035.8	5.913e3
1036.8	3.386e3
1037.7	4.050e3
1038.7	3.606e3
1039.5	1.524e3
1040.3	2.915e3
1041.3	3.294e3
1041.8	5.400e1
1042.3	3.345e3
1043.0	6.220e2
1043.6	2.699e3
1044.2	5.570e2
1044.9	3.167e3
1045.8	2.380e3
1046.7	3.146e3
1047.7	3.602e3
1048.3	7.630e2
1048.9	4.194e3
1049.9	2.758e3
1050.7	1.897e3
1051.5	2.993e3
1052.0	3.800e1
1052.5	3.594e3
1053.4	2.393e3
1054.4	4.313e3
1055.0	1.770e2
1055.5	3.768e3
1056.2	8.090e2
1056.8	3.865e3
1057.8	4.274e3
1058.3	1.890e2
1058.9	3.164e3
1059.6	2.149e3
1060.5	3.263e3
1061.1	1.690e2
1061.6	5.371e3
1062.5	2.664e3
1063.0	1.300e1
1063.5	3.646e3
1064.3	2.224e3
1065.3	6.675e3
1066.1	2.355e3
1067.0	3.653e3
1067.8	2.475e3
1068.6	3.216e3
1069.2	1.530e2
1069.8	3.936e3
1070.7	1.678e3
1071.5	3.915e3
1072.1	8.700e2
1072.8	3.910e3
1073.8	2.221e3
1074.6	2.544e3
1075.4	1.832e3
1076.3	4.565e3
1077.1	1.632e3
1077.9	3.901e3
1078.7	2.177e3
1079.5	3.397e3
1080.2	1.395e3
1080.9	3.637e3
1081.9	2.762e3
1082.5	3.500e2
1083.0	3.410e3
1083.8	1.090e3
1084.4	3.747e3
1085.0	2.670e2
1085.6	4.134e3
1086.2	1.170e2
1086.7	3.086e3
1087.3	5.680e2
1088.0	3.811e3
1088.7	9.230e2
1089.3	3.493e3
1089.9	8.890e2
1090.6	3.106e3
1091.1	8.700e1
1091.6	4.859e3
1092.3	1.096e3
1093.0	4.019e3
1094.0	2.809e3
1094.7	7.760e2
1095.3	2.785e3
1096.2	3.609e3
1096.8	2.650e2
1097.4	3.541e3
1098.2	1.409e3
1099.2	3.422e3
1100.2	3.180e3
1100.7	2.060e2
1101.3	2.745e3
1102.2	3.164e3
1103.1	1.504e3
1104.0	4.320e3
1104.6	1.840e2
1105.1	3.908e3
1105.8	9.300e2
1106.5	2.390e3
1107.1	5.260e2
1107.7	2.797e3
1108.6	1.869e3
1109.5	3.501e3
1110.1	3.290e2
1110.7	2.975e3
1111.7	3.022e3
1112.7	3.271e3
1113.2	3.500e1
1113.7	2.528e3
1114.6	3.060e3
1115.2	6.700e1
1115.7	3.697e3
1116.5	1.017e3
1117.2	3.233e3
1118.2	3.190e3
1118.9	1.798e3
1119.6	3.057e3
1120.1	1.420e2
1120.7	3.200e3
1121.4	1.082e3
1122.1	3.128e3
1122.7	2.660e2
1123.3	4.262e3
1124.3	3.444e3
1124.8	1.290e2
1125.3	2.420e3
1126.2	3.103e3
1127.0	1.639e3
1127.8	3.386e3
1128.7	2.043e3
1129.7	3.407e3
1130.3	5.810e2
1130.9	2.929e3
1131.8	4.093e3
1132.4	6.880e2
1133.0	4.492e3
1133.7	9.200e2
1134.4	3.757e3
1135.1	1.246e3
1135.7	2.738e3
1136.6	3.375e3
1137.3	9.510e2
1138.0	3.372e3
1138.7	1.040e3
1139.4	2.772e3
1140.3	3.617e3
1140.8	1.150e2
1141.3	3.515e3
1142.1	1.395e3
1142.8	2.597e3
1143.3	1.840e2
1143.9	2.456e3
1144.5	4.100e2
1145.0	3.021e3
1145.9	2.287e3
1146.6	1.414e3
1147.2	4.090e2
1147.8	3.431e3
1148.5	1.880e2
1149.1	4.584e3
1150.1	3.388e3
1150.8	1.324e3
1151.6	3.423e3
1152.1	1.440e2
1152.7	3.067e3
1153.6	2.111e3
1154.1	2.790e2
1154.7	3.891e3
1155.4	4.880e2
1156.0	3.926e3
1156.6	6.850e2
1157.2	3.066e3
1157.8	3.410e2
1158.5	3.778e3
1159.3	2.881e3
1159.9	3.320e2
1160.5	4.133e3
1161.4	2.708e3
1162.0	1.860e2
1162.5	2.716e3
1163.0	2.010e2
1163.7	3.866e3
1164.3	5.150e2
1164.9	3.417e3
1166.0	3.041e3
1166.7	1.181e3
1167.5	3.072e3
1168.3	2.759e3
1169.2	2.990e3
1169.9	1.876e3
1170.8	3.057e3
1171.3	2.400e1
1171.8	4.518e3
1172.7	2.823e3
1173.2	3.530e2
1173.8	4.317e3
1174.5	7.610e2
1175.2	2.850e3
1175.9	5.930e2
1176.5	3.854e3
1177.1	1.750e2
1177.6	3.017e3
1178.5	1.417e3
1179.3	3.475e3
1180.1	1.273e3
1180.8	2.494e3
1181.7	1.765e3
1182.6	4.004e3
1183.3	9.380e2
1184.0	3.553e3
1184.8	1.253e3
1185.5	3.257e3
1186.1	8.800e1
1186.6	3.818e3
1187.6	3.972e3
1188.2	2.190e2
1188.7	3.079e3
1189.3	6.700e1
1189.8	3.553e3
1190.8	4.122e3
1191.3	3.080e2
1191.9	3.595e3
1193.0	2.166e3
1193.8	2.126e3
1194.7	2.835e3
1195.3	6.860e2
1195.9	3.694e3
1196.6	5.020e2
1197.2	2.650e3
1197.9	9.740e2
1198.7	2.901e3
1199.2	2.120e2
1199.8	2.923e3
1200.4	9.030e2
1201.2	4.141e3
1201.9	1.294e3
1202.7	3.309e3
1203.2	1.210e2
1203.7	3.434e3
1204.4	1.646e3
1205.2	3.440e3
1205.8	9.180e2
1206.5	2.741e3
1207.4	4.275e3
1208.4	3.292e3
1209.2	1.794e3
1210.1	4.002e3
1210.9	1.416e3
1211.7	3.151e3
1212.5	1.590e3
1213.2	4.027e3
1213.9	3.930e2
1214.5	3.704e3
1215.6	3.467e3
1216.5	2.483e3
1217.1	1.200e1
1217.6	2.342e3
1218.5	2.157e3
1219.4	2.499e3
1220.3	3.390e3
1221.2	1.471e3
1221.9	2.793e3
1222.7	1.714e3
1223.5	2.419e3
1224.3	3.061e3
1225.1	1.079e3
1225.8	3.346e3
1226.4	4.290e2
1227.0	2.354e3
1227.7	2.960e2
1228.3	4.535e3
1228.8	8.700e1
1229.3	3.221e3
1229.9	1.320e2
1230.4	4.677e3
1231.3	2.200e3
1232.3	2.305e3
1233.2	3.303e3
1234.2	2.722e3
1235.2	2.678e3
1235.9	8.660e2
1236.5	2.899e3
1237.4	9.180e2
1238.2	3.264e3
1238.7	2.720e2
1239.3	2.888e3
1240.3	4.140e3
1241.1	1.983e3
1241.9	4.279e3
1242.4	2.500e1
1242.9	3.036e3
1243.5	5.700e1
1244.0	4.006e3
1244.7	1.335e3
1245.5	4.123e3
1246.4	2.803e3
1247.0	6.010e2
1247.6	3.345e3
1248.5	1.971e3
1249.3	1.983e3
1249.9	4.850e2
1250.5	2.863e3
1251.4	3.189e3
1252.0	5.240e2
1252.6	3.880e3
1253.6	4.179e3
1254.6	3.857e3
1255.3	1.419e3
1256.0	2.988e3
1256.8	1.220e3
1257.6	4.874e3
1258.1	3.940e2
1258.7	1.958e3
1259.5	3.282e3
1260.2	1.430e3
1260.9	3.277e3
1261.8	3.130e3
1262.8	2.624e3
1263.4	3.690e2
1264.0	2.609e3
1264.9	3.540e3
1265.9	3.501e3
1266.4	4.100e1
1267.0	2.754e3
1267.9	1.862e3
1268.9	6.000e3
1269.6	5.270e2
1270.3	3.501e3
1271.2	2.322e3
1271.9	4.610e2
1272.5	3.500e3
1273.6	4.171e3
1274.5	4.076e3
1275.3	1.657e3
1276.1	3.671e3
1276.6	2.650e2
1277.1	3.181e3
1278.1	3.469e3
1279.1	2.985e3
1279.9	1.565e3
1280.8	2.601e3
1281.7	2.740e3
1282.6	1.988e3
1283.7	2.858e3
1284.6	2.291e3
1285.6	3.232e3
1286.4	2.584e3
1287.4	4.243e3
1288.1	1.367e3
1288.8	3.371e3
1289.5	5.910e2
1290.1	2.547e3
1290.9	1.603e3
1291.8	4.234e3
1292.7	2.006e3
1293.2	3.530e2
1293.8	3.212e3
1294.4	2.400e2
1294.9	3.284e3
1295.7	1.333e3
1296.6	2.940e3
1297.3	1.072e3
1298.0	2.489e3
1298.9	2.646e3
1299.7	1.160e3
1300.4	3.980e3
1301.4	2.639e3
1301.9	3.000e1
1302.4	3.181e3
1303.0	8.000e0
1303.5	2.892e3
1304.4	2.492e3
1305.2	8.090e2
1305.9	3.689e3
1306.5	8.090e2
1307.2	2.782e3
1308.1	2.528e3
1308.7	2.300e2
1309.2	2.974e3
1310.0	1.188e3
1310.8	2.558e3
1311.4	5.950e2
1311.9	4.162e3
1313.0	2.310e3
1314.0	3.780e3
1314.6	3.110e2
1315.1	3.435e3
1316.0	1.451e3
1316.8	4.319e3
1317.8	2.101e3
1318.3	2.580e2
1318.8	4.502e3
1319.4	1.550e2
1319.9	2.866e3
1320.9	2.689e3
1321.8	2.924e3
1322.8	2.275e3
1323.4	6.140e2
1324.1	2.642e3
1325.2	2.613e3
1325.7	2.950e2
1326.3	2.669e3
1327.2	1.841e3
1328.1	3.554e3
1328.7	3.630e2
1329.3	3.648e3
1330.3	3.098e3
1331.3	3.237e3
1332.2	2.867e3
1333.2	2.217e3
1333.8	1.760e2
1334.3	3.290e3
1335.2	2.015e3
1336.0	3.938e3
1336.9	2.461e3
1337.8	2.432e3
1338.7	3.973e3
1339.3	4.070e2
1339.9	2.667e3
1340.9	2.860e3
1341.5	5.570e2
1342.1	3.315e3
1343.1	4.132e3
1343.7	7.610e2
1344.5	3.015e3
1345.4	1.936e3
1346.2	2.222e3
1347.0	3.226e3
1347.6	1.080e2
1348.1	5.918e3
1348.7	4.520e2
1349.3	2.758e3
1350.1	1.584e3
1350.8	3.052e3
1351.6	8.690e2
1352.2	2.858e3
1353.1	1.921e3
1353.7	1.920e2
1354.3	2.933e3
1355.0	1.412e3
1355.8	3.676e3
1356.8	4.194e3
1357.4	1.090e2
1358.0	2.939e3
1358.6	6.500e2
1359.3	2.435e3
1360.2	3.800e3
1360.7	1.290e2
1361.3	2.151e3
1362.3	1.660e3
1363.2	2.306e3
1363.9	5.370e2
1364.6	2.953e3
1365.3	1.124e3
1366.0	2.609e3
1366.9	3.958e3
1367.7	1.338e3
1368.4	3.930e3
1369.2	1.429e3
1370.0	3.160e3
1370.9	2.029e3
1371.7	2.329e3
1372.6	4.131e3
1373.6	2.232e3
1374.3	6.290e2
1375.0	2.795e3
1375.5	2.210e2
1376.1	3.288e3
1376.6	2.390e2
1377.1	2.423e3
1377.7	3.850e2
1378.5	2.526e3
1379.0	2.750e2
1379.6	3.683e3
1380.1	1.540e2
1380.6	3.021e3
1381.5	2.780e3
1382.4	1.166e3
1383.1	3.193e3
1383.8	2.480e2
1384.3	2.960e3
1385.0	7.490e2
1385.7	2.794e3
1386.6	2.413e3
1387.4	1.600e3
1388.3	3.072e3
1388.8	5.500e1
1389.3	3.544e3
1390.0	5.090e2
1390.6	3.199e3
1391.2	1.052e3
1391.9	2.832e3
1392.6	6.020e2
1393.3	3.079e3
1393.9	1.000e2
1394.5	3.145e3
1395.1	4.340e2
1395.6	2.679e3
1396.2	1.100e1
1396.7	2.464e3
1397.4	5.540e2
1398.0	1.998e3
1398.9	3.031e3
1399.5	1.290e2
1400.0	3.855e3
1401.0	2.685e3
1401.5	9.600e1
1402.1	3.019e3
1402.6	3.990e2
1403.2	1.732e3
1404.1	2.853e3
1404.7	3.860e2
1405.3	3.687e3
1406.3	3.658e3
1407.0	1.302e3
1407.7	2.990e3
1408.7	2.916e3
1409.2	5.600e1
1409.7	2.740e3
1410.5	1.138e3
1411.2	3.632e3
1412.3	3.132e3
1413.0	9.330e2
1413.8	3.082e3
1414.3	9.100e1
1414.9	2.224e3
1415.5	1.760e2
1416.0	2.462e3
1416.9	2.845e3
1417.6	6.120e2
1418.2	2.663e3
1418.8	1.540e2
1419.4	2.493e3
1419.9	7.900e1
1420.4	2.008e3
1421.0	7.200e1
1421.5	1.659e3
1422.4	3.133e3
1423.1	1.493e3
1423.9	2.998e3
1424.6	9.980e2
1425.3	3.196e3
1425.9	2.310e2
1426.4	2.818e3
1426.9	4.310e2
1427.5	3.387e3
1428.1	4.880e2
1428.7	3.107e3
1429.3	3.420e2
1430.0	2.183e3
1430.7	6.210e2
1431.3	3.029e3
1432.1	1.596e3
1433.0	3.299e3
1433.7	5.470e2
1434.4	4.068e3
1435.2	6.480e2
1435.8	2.787e3
1436.6	1.400e3
1437.5	2.644e3
1438.4	2.439e3
1439.4	3.289e3
1440.3	2.288e3
1440.9	2.290e2
1441.5	1.991e3
1442.3	6.210e2
1443.0	2.763e3
1443.7	1.470e3
1444.5	3.699e3
1445.2	6.510e2
1445.8	3.661e3
1446.7	2.554e3
1447.3	4.830e2
1447.9	2.591e3
1448.6	4.620e2
1449.2	3.618e3
1450.0	1.301e3
1450.8	3.560e3
1451.7	2.849e3
1452.5	1.057e3
1453.2	3.168e3
1453.9	5.860e2
1454.5	3.344e3
1455.3	1.747e3
1455.9	4.900e1
1456.4	1.904e3
1457.1	6.500e2
1457.8	1.718e3
1458.4	1.300e1
1458.9	2.814e3
1459.9	2.890e3
1460.6	8.210e2
1461.3	2.248e3
1462.1	6.330e2
1463.0	4.801e3
1463.9	1.188e3
1464.8	3.344e3
1465.6	1.244e3
1466.5	3.048e3
1467.0	6.800e1
1467.6	2.967e3
1468.6	1.411e3
1469.3	2.719e3
1469.9	1.980e2
1470.5	2.493e3
1471.4	1.204e3
1472.3	2.551e3
1473.3	2.014e3
1474.0	4.330e2
1474.6	3.103e3
1475.5	2.235e3
1476.5	1.840e3
1477.4	3.914e3
1478.2	1.641e3
1479.0	3.170e3
1479.9	3.700e3
1480.9	3.418e3
1481.8	1.732e3
1482.7	2.790e3
1483.6	1.875e3
1484.4	1.439e3
1485.1	7.430e2
1485.8	3.016e3
1486.6	1.128e3
1487.4	3.704e3
1488.2	1.932e3
1489.2	2.951e3
1490.3	2.710e3
1491.0	5.880e2
1491.8	3.336e3
1492.6	1.797e3
1493.3	8.040e2
1493.9	3.879e3
1494.6	3.330e2
1495.2	1.389e3
1496.0	2.472e3
1496.6	1.620e2
1497.2	2.807e3
1497.7	7.500e1
1498.4	2.400e3
1498.9	2.140e2
1499.5	2.829e3
1500.2	6.550e2
1500.9	2.529e3
1501.5	1.460e2
1502.0	3.127e3
1503.0	3.926e3
1504.0	3.248e3
1504.9	2.519e3
1505.9	2.699e3
1506.5	1.540e2
1507.0	2.728e3
1507.7	9.630e2
1508.5	3.565e3
1509.6	2.555e3
1510.2	4.790e2
1510.8	3.068e3
1511.8	1.410e3
1512.6	2.284e3
1513.5	2.866e3
1514.2	6.870e2
1515.0	3.537e3
1515.7	8.090e2
1516.4	2.277e3
1517.1	9.480e2
1518.0	2.300e3
1518.6	4.430e2
1519.2	2.617e3
1520.1	1.228e3
1520.9	2.558e3
1521.5	5.230e2
1522.1	2.952e3
1523.0	2.706e3
1523.6	8.060e2
1524.3	2.373e3
1525.3	3.348e3
1525.8	2.800e1
1526.4	1.849e3
1526.9	1.480e2
1527.5	1.894e3
1528.0	3.900e1
1528.5	1.620e3
1529.4	1.855e3
1530.3	2.354e3
1530.8	1.360e2
1531.4	3.153e3
1532.4	2.111e3
1533.3	3.304e3
1533.8	2.360e2
1534.4	2.585e3
1535.4	2.499e3
1536.4	2.660e3
1537.4	1.576e3
1538.4	2.840e3
1539.4	2.882e3
1540.2	1.109e3
1540.9	2.116e3
1541.8	2.692e3
1542.7	1.969e3
1543.3	6.200e1
1543.9	2.430e3
1544.8	4.612e3
1545.7	1.991e3
1546.5	1.603e3
1547.3	2.221e3
1548.3	2.347e3
1549.1	5.960e2
1549.7	2.988e3
1550.6	2.010e3
1551.2	1.970e2
1551.8	3.465e3
1552.3	4.040e2
1552.9	2.358e3
1553.9	1.673e3
1554.8	2.637e3
1555.8	2.844e3
1556.6	1.610e3
1557.5	2.198e3
1558.0	1.030e2
1558.5	3.198e3
1559.2	7.680e2
1560.0	2.810e3
1560.8	8.410e2
1561.4	2.160e3
1562.0	4.040e2
1562.6	3.467e3
1563.1	2.800e1
1563.7	2.657e3
1564.2	1.900e1
1564.7	2.856e3
1565.5	7.490e2
1566.3	1.758e3
1567.2	2.721e3
1567.8	1.450e2
1568.4	2.500e3
1569.3	2.002e3
1570.0	7.380e2
1570.6	2.746e3
1571.3	7.250e2
1572.0	2.342e3
1572.7	6.140e2
1573.3	3.444e3
1574.1	8.790e2
1574.7	2.444e3
1575.5	1.333e3
1576.3	2.339e3
1577.2	1.922e3
1578.1	2.344e3
1578.7	1.780e2
1579.3	2.169e3
1580.1	1.536e3
1581.1	3.414e3
1581.8	5.710e2
1582.4	2.415e3
1583.2	1.385e3
1583.9	2.101e3
1584.5	2.110e2
1585.1	2.921e3
1586.1	2.513e3
1586.7	3.700e2
1587.3	2.956e3
1588.1	1.121e3
1588.7	2.391e3
1589.6	2.280e3
1590.2	4.980e2
1590.8	1.771e3
1591.7	2.276e3
1592.6	3.480e3
1593.3	4.030e2
1594.0	1.766e3
1594.7	6.030e2
1595.4	3.424e3
1595.9	1.440e2
1596.4	1.354e3
1597.2	2.607e3
1597.9	4.320e2
1598.5	2.349e3
1599.3	5.080e2
1600.0	1.900e3
1600.6	3.350e2
1601.3	2.386e3
1602.1	1.101e3
1602.7	1.850e2
1603.4	1.569e3
1604.4	2.273e3
1604.9	3.170e2
1605.4	2.436e3
1605.9	1.320e2
1606.5	1.909e3
1607.3	9.480e2
1608.0	2.290e3
1608.8	9.920e2
1609.6	2.988e3
1610.2	3.110e2
1610.8	2.932e3
1611.8	2.095e3
1612.7	1.781e3
1613.3	1.720e2
1613.8	1.773e3
1614.8	1.940e3
1615.7	2.349e3
1616.3	5.390e2
1617.0	2.775e3
1617.6	6.330e2
1618.2	3.829e3
1619.1	1.438e3
1619.7	7.290e2
1620.4	2.342e3
1621.1	7.960e2
1621.8	2.369e3
1622.3	1.150e2
1622.9	4.049e3
1623.9	2.807e3
1624.5	5.600e2
1625.2	2.896e3
1626.1	8.810e2
1626.9	2.551e3
1627.8	3.266e3
1628.4	6.700e1
1628.9	2.255e3
1629.5	2.530e2
1630.1	2.961e3
1631.0	1.028e3
1631.9	2.246e3
1632.7	2.575e3
1633.3	1.820e2
1633.9	2.716e3
1634.8	3.072e3
1635.9	2.875e3
1636.7	1.435e3
1637.4	4.120e2
1638.0	2.144e3
1638.8	1.359e3
1639.7	2.682e3
1640.3	1.520e2
1640.9	2.293e3
1641.8	2.427e3
1642.5	7.560e2
1643.3	1.959e3
1643.9	3.930e2
1644.6	2.554e3
1645.3	1.053e3
1646.1	1.690e3
1646.9	2.361e3
1647.9	1.765e3
1648.4	1.920e2
1648.9	2.299e3
1649.6	2.960e2
1650.2	1.334e3
1651.2	2.442e3
1652.2	2.080e3
1653.0	1.313e3
1653.7	2.406e3
1654.4	4.410e2
1655.0	2.166e3
1655.5	1.760e2
1656.1	2.356e3
1657.1	2.042e3
1657.7	3.300e1
1658.2	3.567e3
1659.1	1.694e3
1660.1	1.577e3
1660.7	4.360e2
1661.3	1.814e3
1662.3	2.740e3
1663.0	7.390e2
1664.0	2.062e3
1664.8	1.216e3
1665.7	1.818e3
1666.7	1.638e3
1667.2	5.100e1
1667.7	3.103e3
1668.5	9.730e2
1669.2	2.680e3
1670.2	2.022e3
1670.7	9.500e1
1671.3	2.298e3
1672.3	1.861e3
1672.9	6.030e2
1673.6	1.737e3
1674.6	2.262e3
1675.5	2.331e3
1676.3	1.536e3
1677.3	2.558e3
1678.0	8.650e2
1678.7	2.604e3
1679.5	9.560e2
1680.3	2.683e3
1680.9	3.040e2
1681.5	2.438e3
1682.1	1.630e2
1682.8	2.260e3
1683.4	8.830e2
1684.2	2.240e3
1685.0	1.458e3
1685.9	2.339e3
1686.8	9.930e2
1687.7	1.895e3
1688.6	3.373e3
1689.4	6.740e2
1690.1	2.403e3
1690.7	7.900e1
1691.2	1.853e3
1692.1	1.895e3
1693.1	1.530e3
1693.6	2.900e1
1694.1	2.765e3
1694.8	5.620e2
1695.5	2.438e3
1696.1	3.100e2
1696.7	2.732e3
1697.5	1.824e3
1698.3	1.640e3
1699.2	2.402e3
1699.9	8.810e2
1700.8	2.486e3
1701.4	2.540e2
1702.0	1.934e3
1703.0	1.109e3
1703.6	1.520e2
1704.1	3.176e3
1704.8	7.340e2
1705.6	1.854e3
1706.5	1.998e3
1707.2	4.280e2
1707.8	2.415e3
1708.6	1.080e3
1709.5	2.244e3
1710.3	1.409e3
1711.2	1.582e3
1711.7	4.000e1
1712.2	2.498e3
1713.1	1.384e3
1714.0	2.439e3
1714.9	2.047e3
1715.5	5.600e1
1716.0	1.613e3
1716.6	2.970e2
1717.2	2.572e3
1717.7	2.950e2
1718.3	2.128e3
1719.2	1.851e3
1720.0	1.775e3
1720.7	3.680e2
1721.3	2.693e3
1721.9	2.400e2
1722.5	1.802e3
1723.5	1.705e3
1724.1	3.270e2
1724.8	1.771e3
1725.5	5.880e2
1726.4	3.104e3
1727.0	6.380e2
1727.7	2.069e3
1728.5	7.220e2
1729.2	2.095e3
1730.2	1.171e3
1730.7	9.200e1
1731.2	2.686e3
1732.0	6.860e2
1732.6	1.844e3
1733.6	2.092e3
1734.4	6.770e2
1735.1	2.180e3
1735.8	3.360e2
1736.4	2.044e3
1737.3	2.163e3
1738.2	1.768e3
1739.1	1.011e3
1739.9	2.209e3
1740.5	3.520e2
1741.2	1.856e3
1742.1	1.932e3
1742.9	1.198e3
1743.5	1.730e2
1744.0	2.022e3
1745.0	1.472e3
1745.7	9.530e2
1746.6	2.755e3
1747.5	1.940e3
1748.5	2.652e3
1749.5	9.610e2
1750.5	2.487e3
1751.3	5.790e2
1752.1	2.678e3
1753.0	1.566e3
1753.5	4.950e2
1754.1	2.098e3
1754.7	2.390e2
1755.2	1.976e3
1756.1	1.848e3
1756.7	9.300e1
1757.3	1.903e3
1757.9	2.600e1
1758.4	2.079e3
1758.9	2.410e2
1759.5	2.866e3
1760.1	5.340e2
1760.8	1.763e3
1761.4	2.590e2
1762.0	3.250e3
1762.9	1.902e3
1763.8	2.250e3
1764.5	1.175e3
1765.3	3.508e3
1766.2	1.054e3
1766.9	3.420e2
1767.6	1.794e3
1768.4	1.148e3
1769.2	2.039e3
1770.0	2.363e3
1770.6	3.850e2
1771.2	2.212e3
1771.7	5.700e1
1772.2	2.198e3
1772.8	6.800e1
1773.3	1.546e3
1773.8	4.800e1
1774.3	1.032e3
1775.1	1.958e3
1776.0	1.729e3
1777.0	1.664e3
1777.7	3.840e2
1778.4	1.455e3
1779.3	1.654e3
1780.0	2.730e2
1780.6	2.804e3
1781.6	1.331e3
1782.6	1.331e3
1783.2	2.340e2
1783.7	2.717e3
1784.6	1.071e3
1785.1	1.300e1
1785.6	2.454e3
1786.5	9.660e2
1787.2	2.232e3
1788.0	1.285e3
1788.8	2.551e3
1789.9	1.697e3
1790.8	1.892e3
1791.7	3.052e3
1792.6	1.659e3
1793.2	1.120e2
1793.8	1.683e3
1794.7	2.631e3
1795.3	1.720e2
1795.9	1.594e3
1796.5	4.570e2
1797.2	2.177e3
1798.3	2.000e3
1799.1	1.925e3
1799.7	3.610e2
1800.3	2.015e3
1801.2	1.816e3
1802.1	1.787e3
1802.6	6.900e1
1803.2	1.705e3
1804.2	1.945e3
1804.8	2.750e2
1805.5	1.937e3
1806.3	1.710e3
1807.3	2.514e3
1807.9	2.780e2
1808.5	2.626e3
1809.3	7.120e2
1810.0	1.619e3
1810.9	2.332e3
1812.0	2.013e3
1812.8	1.674e3
1813.7	1.408e3
1814.7	1.808e3
1815.5	4.840e2
1816.3	1.791e3
1817.2	2.390e3
1818.2	1.511e3
1819.1	1.848e3
1819.9	2.810e2
1820.5	1.467e3
1821.4	1.370e3
1822.1	4.830e2
1822.8	1.770e3
1823.4	1.680e2
1824.0	1.847e3
1824.5	2.400e1
1825.0	2.398e3
1825.9	3.850e2
1826.6	2.190e3
1827.7	1.578e3
1828.6	4.070e2
1829.3	1.676e3
1830.3	2.079e3
1830.8	9.900e1
1831.3	2.352e3
1832.2	1.488e3
1833.2	2.892e3
1834.1	1.309e3
1834.7	1.159e3
1835.8	1.496e3
1836.8	1.580e3
1837.7	1.235e3
1838.6	1.760e3
1839.5	5.780e2
1840.3	1.265e3
1841.3	1.117e3
1842.2	1.525e3
1843.2	1.495e3
1843.9	6.740e2
1844.6	1.820e3
1845.7	1.595e3
1846.7	1.340e3
1847.5	2.451e3
1848.5	1.999e3
1849.0	1.400e1
1849.6	2.165e3
1850.3	1.360e2
1850.8	2.792e3
1851.4	2.680e2
1852.0	1.716e3
1852.8	6.480e2
1853.5	2.196e3
1854.0	3.500e1
1854.5	1.446e3
1855.1	1.170e2
1855.6	7.950e2
1856.6	1.555e3
1857.6	1.810e3
1858.1	3.400e1
1858.7	1.781e3
1859.2	4.000e1
1859.8	1.007e3
1860.8	1.518e3
1861.3	1.640e2
1861.9	1.737e3
1862.8	6.630e2
1863.5	2.256e3
1864.3	9.470e2
1865.2	2.452e3
1866.0	8.380e2
1866.8	1.457e3
1867.8	2.420e3
1868.5	7.200e1
1869.0	2.006e3
1869.5	1.340e2
1870.1	2.101e3
1870.6	3.370e2
1871.2	1.073e3
1872.0	1.234e3
1872.8	8.550e2
1873.6	2.032e3
1874.5	1.727e3
1875.0	7.000e1
1875.6	1.530e3
1876.2	2.900e1
1876.7	1.638e3
1877.6	5.910e2
1878.3	1.470e3
1878.9	1.100e2
1879.5	1.402e3
1880.5	1.536e3
1881.5	2.040e3
1882.4	1.556e3
1883.2	1.168e3
1884.2	2.463e3
1885.0	7.380e2
1885.9	8.300e2
1886.9	1.588e3
1887.5	1.750e2
1888.1	2.491e3
1888.9	4.620e2
1889.7	2.339e3
1890.3	2.050e2
1890.9	9.690e2
1891.8	4.530e2
1892.6	1.470e3
1893.1	2.800e1
1893.7	1.646e3
1894.7	1.678e3
1895.7	1.178e3
1896.4	1.295e3
1897.3	8.580e2
1897.9	2.355e3
1898.7	7.540e2
1899.6	8.920e2
1900.4	1.841e3
1901.3	1.009e3
1902.3	2.012e3
1903.1	1.194e3
1903.9	1.850e3
1904.8	2.080e3
1905.8	1.814e3
1906.8	1.210e3
1907.8	1.290e3
1908.7	1.432e3
1909.3	8.000e1
1909.8	1.718e3
1910.5	3.300e2
1911.3	1.551e3
1912.1	1.086e3
1912.8	9.310e2
1913.4	1.090e2
1914.1	1.530e3
1914.6	7.900e1
1915.1	1.493e3
1916.0	9.230e2
1916.7	1.925e3
1917.5	8.110e2
1918.2	1.949e3
1919.2	1.694e3
1919.7	1.060e2
1920.2	1.803e3
1920.8	1.820e2
1921.4	1.513e3
1922.1	4.600e2
1922.8	1.614e3
1923.6	2.130e2
1924.3	1.723e3
1925.1	7.900e2
1926.0	1.480e3
1926.6	1.780e2
1927.2	6.750e2
1928.0	2.145e3
1928.6	1.400e1
1929.1	2.174e3
1929.8	5.700e2
1930.5	1.376e3
1931.5	1.698e3
1932.2	2.590e2
1932.8	2.712e3
1933.5	2.900e2
1934.1	2.673e3
1935.1	2.621e3
1936.0	1.284e3
1936.9	1.932e3
1937.8	1.973e3
1938.5	4.690e2
1939.3	1.433e3
1940.3	1.213e3
1941.3	2.136e3
1942.0	6.630e2
1942.7	1.887e3
1943.8	1.171e3
1944.4	3.590e2
1945.1	1.252e3
1946.0	2.085e3
1946.8	3.690e2
1947.5	2.046e3
1948.4	2.631e3
1949.0	1.260e2
1949.5	1.597e3
1950.3	6.950e2
1951.0	1.533e3
1951.5	6.400e1
1952.0	6.550e2
1952.9	2.095e3
1953.9	1.518e3
1954.4	1.200e1
1955.0	1.279e3
1955.7	3.180e2
1956.4	1.535e3
1957.3	1.890e3
1957.8	4.600e1
1958.4	1.065e3
1959.2	4.600e2
1959.9	2.023e3
1960.5	3.090e2
1961.2	1.689e3
1962.2	1.253e3
1962.8	1.500e1
1963.3	1.184e3
1964.2	9.390e2
1965.2	2.147e3
1965.8	7.090e2
1966.5	1.742e3
1967.5	1.128e3
1968.5	2.002e3
1969.3	5.910e2
1970.2	1.625e3
1970.8	5.200e1
1971.3	2.137e3
1971.9	1.260e2
1972.5	1.413e3
1973.3	9.890e2
1974.2	1.047e3
1974.7	5.000e0
1975.3	1.553e3
1976.0	7.150e2
1976.8	1.283e3
1977.6	6.900e2
1978.3	1.305e3
1978.9	4.000e0
1979.5	8.890e2
1980.3	1.900e3
1981.0	3.480e2
1981.6	1.741e3
1982.3	2.160e2
1983.0	1.182e3
1983.6	1.600e1
1984.2	1.914e3
1984.9	6.810e2
1985.6	1.759e3
1986.4	1.276e3
1987.0	1.520e2
1987.6	1.209e3
1988.5	1.952e3
1989.1	1.200e1
1989.6	1.173e3
1990.4	2.229e3
1991.3	7.080e2
1991.9	2.660e2
1992.6	1.371e3
1993.2	4.200e2
1994.0	1.334e3
1994.6	5.320e2
1995.4	1.815e3
1996.2	1.389e3
1997.1	1.605e3
1997.9	6.790e2
1998.5	1.204e3
1999.1	2.130e2
1999.7	8.260e2
