100.2	1.997e5
100.9	8.526e5
101.4	6.060e3
102.0	3.701e6
103.0	9.025e5
103.5	5.028e3
104.0	1.515e6
105.0	4.158e5
106.0	2.913e5
107.0	1.360e6
107.7	1.842e5
108.5	1.892e6
109.2	1.451e5
110.0	4.172e6
111.0	4.177e6
112.0	1.181e6
112.9	3.747e5
113.9	4.670e6
115.0	5.489e5
116.0	1.148e6
117.0	3.628e5
118.0	1.053e6
118.9	2.395e5
120.0	3.353e6
121.0	3.642e5
121.5	7.110e3
122.1	2.696e6
123.0	7.305e5
124.0	2.734e5
124.9	5.786e5
125.5	2.254e3
126.0	2.893e6
127.0	4.849e5
128.0	8.204e5
129.0	2.620e5
130.1	3.403e6
130.6	1.407e3
131.1	4.116e5
131.9	1.901e6
132.5	1.887e4
133.0	3.462e5
134.0	3.209e5
135.0	2.146e5
135.5	4.406e3
136.0	6.961e5
137.0	2.487e5
137.5	5.546e3
138.1	1.393e6
139.1	1.288e6
140.0	7.479e5
141.0	1.763e6
142.0	1.908e6
142.5	3.373e3
143.0	8.544e5
144.0	1.340e6
145.0	7.962e5
146.0	2.946e5
147.0	4.266e5
148.0	6.488e5
149.0	2.436e5
150.0	7.161e5
150.6	9.240e2
151.1	3.486e5
152.0	2.007e5
153.0	2.428e5
154.0	1.759e5
154.5	5.780e2
155.0	1.043e6
156.1	9.474e5
157.0	3.992e5
157.5	3.630e3
158.0	5.250e6
159.1	6.278e5
160.0	1.154e6
161.1	2.628e5
162.0	3.709e5
163.0	5.405e5
164.1	2.119e5
165.1	5.451e5
166.0	2.304e5
166.6	1.197e4
167.2	9.791e5
168.0	4.191e5
169.0	2.452e5
169.5	1.700e3
170.0	2.313e5
170.6	4.712e3
171.1	7.593e5
171.6	1.855e3
172.1	2.245e5
173.0	5.875e5
173.6	3.502e3
174.1	6.662e5
175.1	3.760e5
176.1	7.395e5
177.0	8.168e5
177.5	3.476e3
178.0	3.055e5
178.5	2.765e3
179.1	4.372e5
180.1	4.124e5
181.1	3.800e5
182.0	2.661e5
183.0	1.123e6
183.6	9.950e2
184.1	3.521e5
185.1	1.133e6
186.0	4.637e5
186.5	2.920e3
187.0	3.814e5
187.6	2.166e3
188.1	5.295e5
189.0	2.401e5
189.6	3.175e3
190.1	2.053e5
191.0	3.505e5
191.5	2.715e3
192.1	2.389e5
193.1	3.070e5
193.6	5.628e3
194.1	6.341e5
195.0	3.000e5
196.2	4.027e6
197.2	7.509e5
198.1	1.902e6
199.1	4.408e5
200.1	6.907e5
201.1	4.512e5
202.0	2.094e5
203.1	9.657e5
203.6	5.260e2
204.1	2.570e5
205.1	3.878e5
206.1	2.041e5
207.0	1.934e5
208.0	4.892e5
209.1	3.526e5
210.0	2.891e5
210.5	5.390e2
211.1	2.199e5
212.0	3.244e5
213.0	1.974e5
214.1	6.631e6
215.1	1.052e6
216.1	5.926e5
217.1	4.642e5
218.2	1.098e6
219.1	4.103e5
219.7	5.017e3
220.2	3.213e5
221.1	2.701e5
222.1	1.316e5
223.0	2.319e5
223.5	1.207e3
224.1	1.874e5
225.1	2.032e5
226.1	2.250e5
227.0	2.727e5
227.6	5.888e3
228.1	1.728e5
229.1	1.984e5
230.0	1.466e5
231.0	2.384e5
232.1	4.026e5
233.1	3.327e5
233.6	9.370e2
234.1	2.656e5
235.0	3.888e5
236.1	1.167e6
237.1	4.059e5
238.1	2.056e5
239.1	2.327e5
239.6	2.490e2
240.1	1.465e5
241.0	1.593e5
241.6	2.184e3
242.1	1.659e5
243.0	2.335e5
244.0	1.223e5
244.6	1.484e3
245.1	2.005e5
246.1	1.242e5
246.6	2.458e3
247.1	1.678e5
248.1	1.347e5
249.0	1.880e5
250.0	2.168e5
250.6	1.134e3
251.1	1.888e5
252.1	1.310e5
253.1	3.013e5
254.1	2.059e5
255.1	3.429e5
256.1	1.464e5
257.1	1.353e5
258.1	3.003e5
258.6	2.410e3
259.2	2.328e5
260.1	1.913e5
260.6	8.267e3
261.2	2.266e5
262.2	1.469e5
263.1	1.722e5
264.0	9.932e4
264.5	6.130e2
265.1	1.369e5
265.6	5.538e3
266.2	7.950e4
267.1	9.904e4
268.1	1.074e5
269.1	1.318e5
269.6	6.211e3
270.2	9.600e4
271.1	2.498e5
272.1	1.707e5
272.6	1.453e3
273.1	2.502e5
274.1	1.279e5
274.6	9.870e2
275.1	1.781e5
276.1	1.264e5
277.1	2.144e5
278.1	1.661e5
279.1	2.399e5
280.1	1.970e5
280.7	9.170e2
281.2	2.057e5
282.1	1.135e5
282.6	9.180e2
283.2	1.339e5
284.1	8.823e4
284.6	1.774e3
285.1	1.143e5
286.1	8.075e4
287.1	1.133e5
288.1	1.228e5
289.1	1.785e5
290.1	1.323e5
290.6	7.390e2
291.2	1.430e5
291.7	4.480e2
292.2	1.603e5
293.1	9.943e4
294.1	2.038e5
295.1	1.268e5
296.1	1.536e5
297.1	1.373e5
297.6	2.520e2
298.1	1.869e5
298.6	1.901e3
299.1	1.077e5
300.1	1.007e5
301.1	1.516e5
302.1	1.053e5
303.1	1.554e5
303.6	4.898e3
304.2	8.202e4
305.2	1.892e5
306.1	8.858e4
306.6	2.643e3
307.2	1.930e5
308.2	1.306e5
309.1	9.681e4
310.1	8.902e4
311.0	1.143e5
311.6	4.887e3
312.1	1.010e5
313.1	1.166e5
313.6	1.834e3
314.1	9.716e4
314.6	2.320e2
315.1	1.794e5
316.2	2.430e5
317.2	1.645e5
318.1	1.211e5
318.7	1.980e3
319.2	1.998e5
320.1	1.418e5
321.1	1.779e5
322.1	1.170e5
323.2	1.047e5
324.1	8.587e4
324.7	2.323e3
325.2	1.574e5
326.1	1.031e5
327.1	1.250e5
328.1	8.450e4
328.6	3.889e3
329.2	1.386e5
330.2	1.776e5
331.2	1.206e5
332.1	1.193e5
332.7	3.817e3
333.2	1.764e5
334.2	1.232e5
335.2	1.585e5
336.1	9.526e4
337.1	1.435e5
338.1	9.074e4
338.6	4.410e2
339.2	1.953e5
340.1	8.982e4
340.6	2.573e3
341.1	1.203e5
342.1	8.300e4
342.6	6.320e2
343.1	1.455e5
343.7	2.343e3
344.2	1.032e5
344.7	3.201e3
345.2	1.286e5
346.2	9.864e4
347.1	1.277e5
347.6	3.507e3
348.2	1.923e5
348.7	5.210e2
349.2	1.942e5
350.1	8.768e4
351.1	1.322e5
352.1	8.065e4
353.1	1.142e5
353.6	1.163e3
354.1	7.401e4
355.1	1.329e5
356.1	7.728e4
356.6	1.150e3
357.1	1.443e5
357.7	9.200e2
358.2	8.666e4
359.1	1.013e5
360.1	7.221e4
360.6	2.177e3
361.1	1.430e5
361.7	3.191e3
362.2	2.600e5
363.2	1.947e5
364.1	9.250e4
364.6	3.236e3
365.2	1.870e6
366.2	3.290e5
367.2	1.703e5
368.2	6.213e4
369.1	1.191e5
369.7	3.688e3
370.2	2.574e5
371.2	1.444e5
372.1	8.901e4
373.1	9.448e4
373.6	2.737e3
374.2	7.401e4
374.7	8.950e2
375.2	7.538e4
376.1	5.946e4
376.6	1.007e4
377.2	1.214e5
378.1	6.917e4
378.6	2.379e3
379.2	1.300e5
380.1	9.218e4
380.6	1.498e3
381.2	5.096e5
381.7	1.360e2
382.2	1.303e5
382.7	1.980e3
383.3	2.077e5
383.8	3.910e2
384.3	7.501e4
385.3	1.365e5
386.2	9.001e4
387.1	8.399e4
387.6	2.962e3
388.2	7.110e4
389.1	7.683e4
389.6	1.041e3
390.1	7.887e4
390.6	6.130e2
391.1	9.034e4
391.7	1.271e3
392.2	6.126e4
392.7	2.451e3
393.3	1.331e5
394.2	5.366e4
395.1	8.673e4
396.1	4.235e4
396.6	9.230e2
397.1	8.363e4
397.7	1.045e3
398.2	6.741e4
399.2	7.124e4
400.1	5.027e4
400.7	1.663e3
401.2	6.188e4
401.8	5.411e3
402.4	5.266e4
403.2	3.518e4
404.1	6.324e4
405.1	5.785e4
406.1	5.779e4
406.7	1.937e3
407.3	1.008e5
408.2	5.310e4
409.2	9.913e4
410.1	4.832e4
410.6	1.474e3
411.2	7.676e4
412.2	4.529e4
413.2	7.901e4
413.7	3.064e3
414.2	4.601e4
415.2	6.036e4
416.1	5.533e4
416.6	2.318e3
417.2	4.343e4
418.2	5.641e4
418.7	5.080e2
419.2	5.374e4
420.1	3.518e4
420.7	5.210e2
421.2	6.983e4
421.7	1.964e3
422.2	4.489e4
422.8	1.305e3
423.3	8.979e4
424.2	2.643e4
425.0	7.496e4
425.6	4.427e3
426.1	4.592e4
426.7	3.970e2
427.2	6.809e4
427.7	2.730e2
428.2	4.977e4
429.2	4.499e4
430.2	4.938e4
430.7	5.370e2
431.2	6.727e4
431.7	9.420e2
432.3	6.284e4
433.1	3.769e4
434.0	4.720e4
434.6	4.560e3
435.3	5.020e4
436.2	4.109e4
436.8	2.915e3
437.3	7.181e4
438.3	4.340e4
439.3	5.917e4
440.2	4.418e4
440.7	1.749e3
441.3	4.718e4
442.3	3.371e4
443.2	6.318e4
444.2	4.253e4
445.2	6.034e4
445.8	1.696e3
446.3	5.185e4
447.2	5.934e4
447.7	2.136e3
448.3	4.044e4
449.2	4.476e4
450.1	4.709e4
450.7	3.799e3
451.2	7.436e4
451.7	1.802e3
452.3	3.950e4
452.8	4.890e2
453.3	6.436e4
454.2	3.367e4
455.2	4.993e4
456.1	3.222e4
457.1	4.266e4
458.1	3.140e4
459.0	5.917e4
459.7	1.536e4
460.5	4.728e4
461.3	2.698e4
462.1	3.764e4
463.1	4.916e4
463.6	2.598e3
464.2	3.762e4
464.7	7.310e2
465.2	4.696e4
465.8	1.180e2
466.3	3.318e4
466.8	2.224e3
467.4	5.028e4
468.3	2.959e4
469.2	3.984e4
470.2	3.903e4
471.2	4.314e4
471.7	1.975e3
472.3	3.509e4
473.2	3.043e4
473.7	2.190e3
474.3	3.606e4
474.8	4.060e2
475.3	2.863e4
476.2	4.684e4
476.8	7.380e2
477.3	3.888e4
477.8	4.700e1
478.4	3.100e4
479.3	4.000e4
480.0	1.111e4
480.6	2.785e4
481.4	7.699e4
482.3	4.873e4
483.2	4.270e4
483.7	5.340e2
484.2	3.980e4
485.2	3.797e4
486.2	2.719e4
487.2	4.433e4
488.1	3.808e4
488.6	1.077e3
489.2	4.582e4
489.8	7.185e3
490.4	5.748e4
491.4	3.013e4
492.0	2.186e3
492.5	4.166e4
493.3	2.528e4
493.8	2.690e2
494.4	3.517e4
494.9	2.030e2
495.4	5.190e4
496.3	3.522e4
497.2	5.364e4
498.2	3.498e4
499.2	3.895e4
499.9	5.664e3
500.4	5.156e4
501.3	3.129e4
502.1	5.274e4
502.6	1.654e3
503.2	4.205e4
503.7	8.770e2
504.2	3.699e4
505.2	3.278e4
506.2	3.910e4
506.7	1.092e3
507.2	4.246e4
508.2	3.580e4
509.2	4.797e4
510.1	3.387e4
510.7	2.788e3
511.2	5.462e4
512.1	3.244e4
513.0	4.374e4
513.6	1.231e3
514.1	2.143e4
515.1	4.364e4
516.1	3.380e4
517.0	4.779e4
517.6	1.002e3
518.1	2.934e4
518.7	6.600e2
519.2	3.554e4
519.8	4.940e3
520.4	3.342e4
521.3	2.876e4
522.3	3.844e4
522.8	3.560e2
523.3	3.706e4
523.9	2.550e2
524.4	3.141e4
524.9	1.830e2
525.4	7.170e4
526.3	3.756e4
527.3	1.485e5
528.2	5.960e4
529.2	4.529e4
530.2	3.420e4
530.7	1.618e3
531.2	4.038e4
531.9	4.303e3
532.5	4.044e4
533.5	9.489e4
534.0	1.468e3
534.6	5.486e4
535.4	2.792e4
536.4	3.990e4
537.2	1.755e4
538.1	2.545e4
538.8	1.066e4
539.4	5.711e4
540.3	2.290e4
541.2	5.293e4
542.3	3.532e4
542.8	1.640e2
543.3	5.385e4
544.2	3.175e4
544.8	7.400e2
545.3	3.105e4
545.9	5.295e3
546.6	3.174e4
547.5	2.986e4
548.5	3.243e4
549.4	2.633e4
550.4	3.148e4
551.4	2.583e4
552.3	2.432e4
553.2	3.523e4
554.2	2.673e4
554.7	3.602e3
555.3	3.960e4
555.8	2.530e2
556.3	3.138e4
556.9	1.550e3
557.4	3.133e4
558.3	1.761e4
559.2	3.026e4
560.1	2.383e4
560.7	3.367e3
561.3	2.934e4
562.2	1.901e4
563.0	2.804e4
563.9	2.999e4
564.9	3.365e4
565.6	6.635e3
566.2	2.213e4
567.3	4.528e4
568.2	2.128e4
568.8	3.678e3
569.4	4.614e4
570.4	2.690e4
571.3	2.547e4
572.3	2.948e4
572.8	1.457e3
573.3	2.223e4
574.3	2.531e4
575.3	2.767e4
576.1	1.537e4
577.0	2.776e4
577.6	3.283e3
578.2	2.386e4
578.7	1.113e3
579.2	3.163e4
580.1	1.495e4
581.0	2.197e4
581.5	1.690e2
582.0	2.151e4
582.7	2.610e3
583.3	4.088e4
584.2	2.644e4
584.8	6.074e3
585.4	3.777e4
586.0	2.368e3
586.6	2.177e4
587.5	2.348e4
588.0	2.580e2
588.6	2.200e4
589.3	1.134e4
590.2	2.141e4
590.8	3.944e3
591.4	2.686e4
592.3	1.202e4
593.2	2.527e4
594.2	1.823e4
594.7	3.400e1
595.3	1.854e4
596.2	2.729e4
596.9	1.770e3
597.4	2.681e4
598.2	7.976e3
599.0	2.641e4
599.9	2.404e4
600.9	2.423e4
601.4	1.161e3
602.0	2.022e4
602.8	6.617e3
603.5	2.076e4
604.2	5.426e3
605.0	2.140e4
605.6	3.511e3
606.2	1.686e4
607.2	1.620e4
607.9	3.368e3
608.6	2.210e4
609.2	2.042e3
609.8	2.131e4
610.4	1.330e3
611.0	1.696e4
611.7	4.045e3
612.4	1.612e4
613.4	3.592e4
614.1	9.358e3
614.8	3.264e4
615.8	2.311e4
616.4	4.426e3
616.9	1.942e4
617.5	2.442e3
618.1	2.394e4
619.1	1.814e4
619.7	2.429e3
620.3	1.263e4
621.2	1.031e4
622.0	2.232e4
622.5	1.880e2
623.0	2.518e4
624.1	1.230e4
624.6	1.076e3
625.3	2.330e4
626.0	5.057e3
626.6	1.623e4
627.5	2.328e4
628.2	9.741e3
629.1	1.932e4
629.9	9.224e3
630.7	2.530e4
631.3	3.420e2
631.8	1.523e4
632.4	1.712e3
633.0	2.007e4
633.9	1.362e4
634.6	6.096e3
635.4	2.458e4
636.4	1.498e4
637.3	1.281e4
638.3	1.387e4
639.1	1.214e4
640.0	1.732e4
640.5	6.690e2
641.1	1.454e4
641.8	5.402e3
642.5	1.608e4
643.5	1.854e4
644.4	7.239e3
645.3	1.992e4
646.1	2.660e4
646.7	5.179e3
647.4	2.015e4
648.3	1.287e4
649.2	2.171e4
650.2	1.501e4
651.1	2.306e4
651.9	6.231e3
652.8	1.333e4
653.5	7.395e3
654.4	1.568e4
655.0	1.830e2
655.5	1.910e4
656.5	1.750e4
657.5	1.827e4
658.0	2.056e3
658.6	1.584e4
659.6	1.295e4
660.1	1.160e2
660.6	1.498e4
661.3	2.767e3
662.0	1.398e4
662.5	1.680e2
663.0	1.518e4
664.0	1.599e4
664.5	1.224e3
665.1	1.845e4
666.1	1.145e4
666.7	8.170e2
667.3	3.426e4
668.3	4.549e4
669.3	4.281e4
669.8	1.011e3
670.3	1.985e4
670.9	1.700e3
671.5	2.161e4
672.5	1.576e4
673.4	1.515e4
674.3	4.059e3
675.3	1.623e4
676.1	3.400e3
677.0	1.961e4
677.6	1.488e3
678.3	1.302e4
679.3	1.295e4
680.0	1.893e3
680.8	1.298e4
681.5	2.550e3
682.3	1.231e4
682.8	7.810e2
683.3	1.558e4
684.1	1.123e4
685.1	1.966e4
685.7	1.532e3
686.3	1.219e4
686.9	2.848e3
687.6	1.455e4
688.6	1.138e4
689.6	1.902e4
690.3	6.392e3
691.1	1.912e4
692.0	1.777e4
692.7	7.938e3
693.6	8.345e3
694.6	1.263e4
695.4	1.029e4
696.2	1.768e4
696.8	2.210e2
697.3	1.565e4
698.0	3.921e3
698.6	1.365e4
699.5	8.405e3
700.0	1.314e3
700.5	9.993e3
701.5	1.511e4
702.4	7.723e3
703.2	1.760e4
704.2	1.467e4
705.0	1.247e4
705.5	4.680e2
706.1	1.748e4
706.8	5.000e2
707.3	1.127e4
708.1	1.593e4
709.0	6.961e3
709.8	1.552e4
710.8	5.979e3
711.6	1.299e4
712.3	3.700e3
712.9	1.578e4
713.7	8.360e3
714.5	1.137e4
715.4	1.297e4
716.3	1.279e4
717.3	1.346e4
718.3	1.548e4
719.2	1.923e4
720.0	5.565e3
720.8	1.774e4
721.7	1.652e4
722.4	8.382e3
723.2	1.617e4
723.7	1.710e2
724.2	1.719e4
725.3	1.238e4
726.3	1.871e4
727.2	1.598e4
728.1	1.770e4
728.8	3.406e3
729.5	1.636e4
730.5	9.300e3
731.5	1.918e4
732.4	1.197e4
732.9	4.750e2
733.5	2.154e4
734.4	2.302e3
735.1	1.783e4
736.1	1.219e4
736.9	5.697e3
737.8	1.333e4
738.5	1.942e3
739.1	1.963e4
740.0	2.499e4
740.9	3.405e3
741.7	8.189e3
742.2	9.400e2
742.8	1.269e4
743.5	5.803e3
744.3	1.268e4
745.0	3.641e3
745.7	1.859e4
746.3	5.930e2
747.0	1.501e4
747.6	8.400e2
748.3	1.060e4
749.2	1.336e4
749.8	1.400e1
750.3	1.583e4
750.9	1.413e3
751.5	1.376e4
752.4	8.723e3
753.3	1.348e4
754.1	5.077e3
755.0	8.975e3
755.9	1.353e4
756.5	3.890e2
757.2	8.501e3
758.2	1.234e4
759.0	3.640e3
759.8	1.904e4
760.7	8.562e3
761.5	2.274e4
762.4	7.725e3
763.4	6.172e3
764.1	9.174e3
765.1	1.466e4
765.9	3.380e3
766.8	1.668e4
767.8	8.678e3
768.7	1.488e4
769.3	3.160e3
769.9	9.739e3
770.9	1.667e4
771.8	9.427e3
772.5	2.729e3
773.3	1.187e4
774.1	7.835e3
774.6	5.530e2
775.2	1.086e4
776.0	5.016e3
776.7	2.054e4
777.3	2.761e3
778.0	2.545e4
778.8	7.423e3
779.5	4.597e3
780.3	1.398e4
780.8	1.160e2
781.3	8.938e3
782.3	1.066e4
783.1	5.370e3
784.0	1.376e4
784.5	5.440e2
785.1	1.597e4
786.1	9.195e3
787.1	1.928e4
788.0	6.813e3
789.1	1.322e4
789.8	5.201e3
790.5	3.436e3
791.3	1.071e4
792.0	3.736e3
792.8	1.846e4
793.7	7.422e3
794.5	6.513e3
795.4	7.807e3
796.4	1.085e4
797.3	1.267e4
798.2	4.911e3
798.9	1.926e4
799.5	1.016e3
800.0	1.558e4
801.0	8.098e3
801.7	1.673e3
802.2	9.300e3
803.0	4.129e3
803.7	1.517e4
804.6	7.376e3
805.5	8.913e3
806.1	1.219e3
806.6	1.271e4
807.6	1.221e4
808.4	6.255e3
809.4	1.355e4
810.2	4.461e3
811.1	1.275e4
811.6	1.340e2
812.2	1.012e4
812.8	2.660e2
813.4	8.644e3
814.1	1.390e3
814.8	6.717e3
815.7	1.423e4
816.3	4.440e2
816.9	9.571e3
817.7	8.710e3
818.3	9.120e2
818.8	1.267e4
819.5	4.271e3
820.3	1.298e4
820.9	3.774e3
821.9	1.013e4
822.4	1.386e3
823.0	1.487e4
823.6	2.312e3
824.3	1.567e4
824.8	8.570e2
825.4	1.462e4
826.3	7.631e3
827.2	7.942e3
828.2	1.034e4
829.2	1.318e4
830.1	3.376e3
830.9	1.299e4
831.8	4.994e3
832.8	1.143e4
833.6	2.950e3
834.4	8.340e3
834.9	2.690e2
835.4	6.211e3
836.2	7.010e2
836.9	1.263e4
837.4	1.493e3
838.0	1.591e4
839.1	1.055e4
839.6	1.780e2
840.1	8.761e3
840.8	1.058e3
841.4	5.283e3
842.4	6.351e3
843.5	5.646e3
844.4	4.759e3
845.0	3.580e2
845.5	5.560e3
846.5	1.022e4
847.3	4.680e3
848.3	1.437e4
849.2	1.224e4
849.8	1.116e3
850.4	7.547e3
851.2	3.670e2
851.8	8.700e3
852.3	5.360e2
852.9	6.549e3
853.7	5.910e3
854.7	1.287e4
855.7	4.139e3
856.6	7.504e3
857.1	1.308e3
857.7	1.061e4
858.8	5.295e3
859.9	1.025e4
860.6	1.396e3
861.1	6.780e3
862.0	2.984e3
863.0	7.579e3
864.0	6.082e3
864.9	1.338e4
865.9	1.097e4
867.0	1.543e4
867.6	3.490e2
868.1	1.211e4
868.8	8.970e2
869.3	6.490e3
869.9	8.720e2
870.4	1.163e4
871.0	3.800e2
871.5	1.187e4
872.1	2.184e3
872.7	1.276e4
873.5	2.433e3
874.4	6.314e3
875.4	1.023e4
876.3	2.625e3
877.1	1.200e4
878.0	9.665e3
879.0	5.841e3
879.9	1.230e4
880.8	4.784e3
881.9	7.961e3
882.4	8.020e2
883.0	6.807e3
883.9	7.475e3
884.7	1.010e4
885.6	8.110e3
886.1	1.600e1
886.6	9.798e3
887.6	5.183e3
888.4	6.705e3
889.4	7.198e3
890.2	3.128e3
890.9	3.728e3
891.7	1.375e4
892.5	3.348e3
893.3	7.642e3
894.2	4.581e3
894.9	7.457e3
896.0	8.689e3
896.5	3.720e2
897.4	8.125e3
898.0	2.620e2
898.6	1.249e4
899.1	1.560e2
899.6	9.241e3
900.5	3.660e3
901.3	1.385e4
902.1	4.455e3
903.1	1.045e4
904.1	7.665e3
904.9	2.186e3
905.6	6.302e3
906.4	2.432e3
907.2	5.131e3
908.1	2.775e3
908.7	7.124e3
909.7	1.315e4
910.3	2.000e1
910.8	3.316e3
911.6	7.882e3
912.5	2.188e3
913.1	2.850e2
913.7	7.419e3
914.4	1.545e3
915.1	6.797e3
916.2	1.751e4
917.0	7.243e3
917.9	9.593e3
918.6	2.788e3
919.5	1.434e4
920.2	5.347e3
920.9	7.770e3
921.7	4.220e2
922.4	1.011e4
923.3	1.294e4
924.1	3.344e3
924.7	6.300e2
925.4	1.454e4
926.3	8.779e3
927.4	4.394e3
928.3	4.881e3
929.1	9.481e3
929.8	5.230e2
930.4	3.628e3
931.3	5.986e3
932.1	2.194e3
933.2	5.188e3
934.1	7.430e2
935.0	9.258e3
936.1	1.023e4
936.7	1.762e3
937.3	7.134e3
938.4	3.227e3
939.2	1.286e4
940.0	5.703e3
940.8	2.359e3
941.6	6.282e3
942.3	2.476e3
943.2	4.959e3
944.3	4.238e3
945.2	4.976e3
945.8	8.220e2
946.4	6.263e3
947.0	3.718e3
947.7	1.569e4
948.8	1.276e4
949.9	2.878e3
950.5	7.480e3
951.2	2.240e3
952.0	1.258e4
952.7	1.497e3
953.3	3.620e3
954.3	1.471e4
954.9	7.100e2
955.4	9.446e3
956.1	6.080e2
956.9	5.077e3
957.7	1.140e2
958.3	5.834e3
959.1	1.753e3
960.0	7.651e3
960.7	1.513e3
961.7	7.225e3
962.2	7.400e1
962.9	6.620e3
963.7	6.400e3
964.7	6.571e3
965.7	7.532e3
966.5	1.915e3
967.3	1.883e3
968.0	1.038e4
968.9	3.261e3
969.5	2.110e2
970.1	8.799e3
970.8	3.390e2
971.4	3.543e3
972.2	6.443e3
973.3	1.064e4
974.2	8.710e3
975.1	1.159e4
976.1	6.931e3
977.0	4.566e3
977.7	2.376e3
978.4	6.212e3
979.3	1.623e4
979.8	3.490e2
980.4	6.827e3
981.0	4.430e2
981.7	7.128e3
982.5	6.232e3
983.5	1.567e4
984.4	5.797e3
985.1	1.438e3
986.0	7.299e3
986.7	1.206e4
987.2	4.520e2
987.7	1.135e4
988.5	2.567e3
989.2	9.644e3
989.8	2.190e3
990.5	1.171e4
991.3	5.110e3
992.3	1.511e4
992.9	1.025e3
993.7	1.048e4
994.5	3.132e3
995.3	8.150e3
996.4	1.362e3
997.0	8.123e3
998.1	9.056e3
998.7	4.230e2
999.5	8.825e3
1000.5	1.351e3
1001.2	6.249e3
1002.2	2.295e3
1003.0	1.018e4
1004.0	6.488e3
1004.8	1.641e3
1005.5	1.119e4
1006.4	9.943e3
1007.0	5.060e2
1007.5	7.844e3
1008.0	1.534e3
1008.7	9.690e3
1009.7	8.050e3
1010.6	4.022e3
1011.3	6.396e3
1012.3	5.270e3
1013.2	5.407e3
1014.0	1.238e4
1014.9	7.023e3
1015.8	4.928e3
1016.4	3.197e3
1017.1	5.530e2
1017.7	3.486e3
1018.3	6.560e2
1019.0	8.512e3
1019.5	2.940e2
1020.2	1.317e4
1021.2	1.316e4
1021.9	1.090e3
1022.6	4.821e3
1023.2	6.830e2
1024.0	8.630e3
1025.0	1.018e4
1026.0	4.153e3
1026.7	9.890e3
1027.5	6.200e3
1028.3	2.954e3
1029.3	4.082e3
1030.2	1.020e4
1031.2	1.039e4
1032.1	2.698e3
1032.9	8.846e3
1033.5	4.110e2
1034.0	3.546e3
1034.7	9.151e3
1035.7	2.217e3
1036.5	3.576e3
1037.4	6.067e3
1038.1	7.450e2
1038.8	2.280e4
1039.6	8.119e3
1040.4	5.138e3
1041.2	8.998e3
1042.1	7.975e3
1042.6	1.851e3
1043.3	8.883e3
1044.5	3.855e3
1045.5	8.253e3
1046.3	4.365e3
1047.0	1.742e3
1047.7	7.103e3
1048.4	1.538e4
1049.0	1.682e3
1049.7	7.488e3
1050.6	1.008e4
1051.7	1.075e4
1052.4	8.900e2
1053.0	7.572e3
1053.7	4.705e3
1054.4	1.352e3
1055.1	4.469e3
1055.9	7.866e3
1056.5	5.590e2
1057.3	2.965e3
1057.8	1.090e2
1058.5	7.527e3
1059.4	2.457e3
1060.4	1.148e4
1061.5	7.767e3
1062.4	4.483e3
1063.4	4.704e3
1064.0	2.280e2
1064.5	2.782e3
1065.0	1.740e2
1065.8	7.925e3
1066.4	5.730e2
1067.1	3.904e3
1068.0	7.013e3
1068.5	1.278e3
1069.2	2.178e3
1070.0	9.574e3
1070.6	1.187e3
1071.3	1.713e3
1071.9	1.147e4
1072.7	5.404e3
1073.3	1.706e3
1074.2	5.262e3
1075.3	8.507e3
1076.4	7.417e3
1077.1	2.939e3
1077.7	1.162e4
1078.7	5.469e3
1079.5	7.816e3
1080.6	5.060e3
1081.5	1.826e3
1082.3	2.903e3
1083.3	8.376e3
1083.8	2.620e2
1084.4	3.645e3
1085.1	1.022e4
1086.0	9.176e3
1087.0	6.051e3
1087.9	3.521e3
1088.5	6.555e3
1089.3	4.441e3
1090.2	1.236e4
1090.7	1.066e3
1091.3	2.148e3
1092.1	3.140e3
1093.1	6.323e3
1093.7	4.110e2
1094.3	4.086e3
1095.3	6.369e3
1096.0	1.630e2
1096.7	4.642e3
1097.2	1.295e3
1097.9	5.959e3
1098.8	6.319e3
1099.9	4.061e3
1101.0	3.997e3
1101.7	5.104e3
1102.6	8.546e3
1103.5	6.890e2
1104.0	2.960e2
1104.7	2.616e3
1105.4	2.480e2
1106.0	4.825e3
1106.7	1.269e3
1107.4	6.158e3
1108.3	2.298e3
1109.4	3.119e3
1110.2	7.394e3
1111.0	9.930e2
1111.6	1.256e4
1112.3	2.351e3
1113.2	8.359e3
1114.1	7.537e3
1114.9	6.562e3
1115.6	5.789e3
1116.2	3.770e2
1117.0	6.778e3
1117.8	1.184e3
1118.4	2.176e3
1119.2	6.114e3
1120.1	6.422e3
1120.7	3.040e2
1121.5	5.903e3
1122.2	1.172e3
1123.0	5.387e3
1124.0	4.899e3
1125.1	1.100e1
1125.7	7.823e3
1126.4	5.880e2
1127.2	3.935e3
1127.9	6.900e2
1128.6	4.553e3
1129.6	4.451e3
1130.2	2.430e2
1131.0	4.896e3
1132.2	1.343e3
1132.9	7.056e3
1133.7	1.823e3
1134.6	2.246e3
1135.3	4.160e3
1136.1	4.354e3
1136.8	1.340e3
1137.6	4.912e3
1138.6	4.202e3
1139.3	3.999e3
1140.2	3.992e3
1141.3	3.197e3
1142.1	2.189e3
1142.8	6.049e3
1143.8	1.080e3
1144.7	8.198e3
1145.2	7.660e2
1145.8	3.137e3
1146.5	1.090e3
1147.1	5.383e3
1148.2	8.808e3
1148.8	3.230e2
1149.4	2.935e3
1150.1	7.200e2
1150.7	1.092e4
1151.3	4.750e2
1151.9	3.654e3
1152.8	1.151e4
1153.4	1.895e3
1154.2	3.608e3
1154.7	6.770e2
1155.3	9.380e3
1156.3	5.295e3
1156.9	8.600e1
1157.5	7.389e3
1158.1	1.342e3
1158.7	6.273e3
1159.4	2.600e1
1160.4	6.201e3
1161.2	2.253e3
1162.1	2.213e3
1162.7	3.440e2
1163.4	7.375e3
1164.1	3.940e3
1165.0	8.096e3
1165.7	1.970e2
1166.3	6.670e2
1167.0	3.956e3
1168.0	9.527e3
1168.9	4.354e3
1169.6	2.460e2
1170.1	4.169e3
1171.3	2.631e3
1172.0	5.050e2
1172.8	2.978e3
1173.4	1.280e2
1173.9	1.910e3
1174.7	4.116e3
1175.3	2.674e3
1176.1	4.181e3
1177.0	4.929e3
1178.3	6.710e3
1179.1	3.274e3
1179.7	1.182e3
1180.6	2.636e3
1181.8	5.670e3
1182.6	3.603e3
1183.5	3.547e3
1184.1	4.000e2
1184.8	4.603e3
1185.7	5.426e3
1186.3	1.482e3
1187.1	5.640e2
1187.7	6.027e3
1188.4	8.390e2
1189.0	4.394e3
1189.9	3.088e3
1190.8	4.284e3
1191.8	2.499e3
1192.8	1.425e3
1193.5	9.240e2
1194.2	7.187e3
1195.0	4.068e3
1196.1	5.571e3
1197.0	1.018e4
1197.7	1.165e3
1198.4	3.121e3
1198.9	6.600e1
1199.5	2.082e3
1200.0	1.380e2
1200.6	5.569e3
1201.7	6.906e3
1202.5	1.917e3
1203.1	6.260e2
1204.2	1.180e4
1204.9	2.422e3
1205.9	5.232e3
1206.7	1.979e3
1207.5	1.327e3
1208.2	1.227e3
1208.8	1.844e3
1209.6	4.909e3
1210.2	2.281e3
1211.2	5.550e3
1212.2	1.596e3
1212.9	6.490e2
1213.6	2.176e3
1214.5	3.882e3
1215.6	3.771e3
1216.5	2.414e3
1217.2	2.380e2
1218.1	1.547e3
1219.1	6.370e2
1219.9	4.049e3
1220.6	1.919e3
1221.3	3.773e3
1222.2	2.808e3
1223.2	7.940e2
1223.8	3.654e3
1224.5	1.807e3
1225.2	3.100e3
1225.9	1.044e3
1226.7	4.670e2
1227.5	1.616e3
1228.3	1.796e3
1229.1	1.930e3
1230.0	5.935e3
1230.6	2.030e2
1231.3	5.304e3
1232.3	3.885e3
1233.3	1.884e3
1233.9	9.200e2
1234.4	1.863e3
1235.2	6.264e3
1236.1	5.919e3
1236.8	1.690e2
1237.3	6.733e3
1238.4	6.747e3
1239.3	6.291e3
1240.1	1.673e3
1240.7	7.480e2
1241.2	3.545e3
1242.0	5.656e3
1243.1	4.703e3
1243.6	1.810e2
1244.4	7.820e3
1245.1	6.660e2
1246.3	2.649e3
1247.4	6.760e2
1248.1	5.395e3
1249.0	7.177e3
1249.9	5.896e3
1250.7	3.601e3
1251.5	2.971e3
1252.3	1.391e3
1253.2	3.894e3
1254.1	1.785e3
1254.9	6.470e2
1255.5	6.011e3
1256.2	1.050e2
1257.2	9.270e2
1258.1	5.853e3
1259.0	7.788e3
1259.7	1.199e3
1260.7	3.800e3
1262.0	7.237e3
1263.0	1.669e3
1263.7	5.142e3
1264.3	6.500e1
1264.9	2.796e3
1266.2	4.919e3
1267.2	1.221e3
1267.9	4.077e3
1268.7	1.560e3
1269.5	3.470e3
1270.1	2.572e3
1271.1	2.077e3
1271.8	3.020e2
1272.8	5.730e2
1273.4	7.601e3
1274.5	4.257e3
1275.4	3.501e3
1275.9	1.116e3
1276.5	1.070e2
1277.2	4.356e3
1278.3	3.498e3
1279.1	4.310e2
1279.8	7.732e3
1280.3	4.480e2
1280.9	9.110e2
1281.7	3.915e3
1282.6	4.598e3
1283.2	3.490e2
1283.7	2.357e3
1284.6	3.249e3
1285.8	2.437e3
1286.9	4.810e2
1287.6	3.160e3
1288.5	1.757e3
1289.6	3.869e3
1290.3	4.610e2
1290.9	4.402e3
1291.4	3.180e2
1292.0	4.067e3
1293.3	1.032e3
1294.1	1.650e3
1294.6	6.010e2
1295.2	5.327e3
1296.0	2.915e3
1296.8	9.650e2
1297.4	3.319e3
1298.3	1.047e3
1298.9	6.230e3
1299.6	2.530e2
1300.2	8.771e3
1300.9	1.425e3
1301.9	5.800e2
1302.7	7.669e3
1303.4	9.140e2
1304.2	3.947e3
1305.4	1.342e3
1306.3	1.470e2
1307.1	3.965e3
1307.7	1.216e3
1308.7	1.894e3
1309.6	1.747e3
1310.4	3.405e3
1311.5	6.457e3
1312.2	1.360e3
1313.2	7.350e2
1314.1	3.625e3
1315.2	2.806e3
1316.2	3.511e3
1317.3	3.972e3
1318.2	3.673e3
1319.0	1.752e3
1319.8	4.784e3
1320.8	1.002e3
1321.7	3.498e3
1322.4	1.010e3
1323.3	2.404e3
1324.1	2.800e1
1324.8	6.120e2
1325.4	2.640e3
1326.0	5.190e2
1326.8	2.925e3
1327.5	6.460e2
1328.0	5.022e3
1329.1	3.089e3
1330.2	3.241e3
1331.0	6.241e3
1331.6	8.270e2
1332.3	4.278e3
1333.0	4.510e2
1333.8	3.792e3
1334.7	4.353e3
1335.4	1.364e3
1336.1	2.180e3
1337.1	1.173e3
1338.0	1.369e3
1338.5	7.200e1
1339.5	1.375e3
1340.5	2.838e3
1341.4	2.822e3
1342.0	8.570e2
1342.6	2.946e3
1343.6	1.654e3
1344.5	4.112e3
1345.3	2.575e3
1346.1	4.180e2
1346.8	6.820e2
1347.5	3.791e3
1348.2	1.850e2
1348.7	4.309e3
1349.7	4.843e3
1350.3	6.510e2
1351.0	1.632e3
1351.9	2.171e3
1352.8	3.897e3
1353.3	9.600e1
1353.8	1.069e3
1354.5	7.000e1
1355.1	3.289e3
1355.7	1.998e3
1356.6	1.654e3
1357.3	6.403e3
1357.8	1.100e2
1358.4	9.830e2
1359.1	6.700e1
1359.7	3.550e3
1360.7	2.922e3
1361.4	1.294e3
1362.5	4.710e2
1363.2	2.397e3
1364.2	4.651e3
1365.2	4.784e3
1365.9	1.144e3
1366.9	3.251e3
1367.6	1.017e3
1368.5	6.080e2
1369.3	2.247e3
1370.3	1.052e3
1371.2	3.022e3
1371.8	1.286e3
1372.6	4.360e2
1373.2	4.521e3
1373.9	2.671e3
1374.6	3.140e3
1376.1	9.490e2
1376.9	3.555e3
1377.9	2.672e3
1378.7	5.400e2
1379.7	1.926e3
1380.4	3.337e3
1381.2	5.773e3
1382.1	1.333e3
1383.2	2.471e3
1384.2	9.420e2
1385.3	5.145e3
1385.8	3.640e2
1386.3	4.355e3
1387.4	2.670e2
1388.0	2.942e3
1389.0	5.478e3
1390.0	1.430e3
1391.1	1.899e3
1392.0	3.839e3
1393.1	1.868e3
1393.8	1.047e3
1394.8	2.053e3
1395.8	5.620e3
1396.6	2.138e3
1397.5	3.220e2
1398.1	2.922e3
1398.6	5.000e2
1399.4	2.023e3
1400.3	7.112e3
1401.2	6.670e2
1401.7	4.519e3
1402.3	5.312e3
1402.9	5.830e2
1403.6	1.364e3
1404.2	1.660e2
1405.4	4.180e3
1406.8	5.700e2
1407.6	5.698e3
1408.8	1.610e3
1410.2	1.255e3
1411.0	1.369e3
1412.1	4.213e3
1412.8	1.198e3
1413.5	7.600e2
1414.6	1.734e3
1415.2	4.730e2
1415.8	9.820e2
1416.5	8.720e2
1417.2	1.075e3
1417.9	2.570e2
1419.0	2.063e3
1420.2	2.360e2
1420.7	4.620e2
1421.4	2.307e3
1422.3	3.076e3
1423.0	1.574e3
1423.8	4.345e3
1424.8	9.740e2
1425.5	1.706e3
1426.3	1.332e3
1427.0	3.560e2
1427.6	8.560e2
1428.2	1.230e2
1428.7	5.007e3
1429.6	3.307e3
1430.1	4.320e2
1431.1	2.262e3
1432.0	7.900e1
1432.6	3.577e3
1433.3	4.844e3
1434.4	4.648e3
1435.1	5.000e2
1435.7	1.944e3
1436.5	5.935e3
1437.5	1.647e3
1438.4	8.170e2
1439.4	1.658e3
1440.1	4.550e2
1441.2	1.856e3
1442.2	1.461e3
1443.1	1.100e2
1444.0	9.580e2
1444.9	1.629e3
1445.7	1.319e3
1446.6	1.681e3
1447.4	4.805e3
1448.2	5.170e2
1449.0	5.137e3
1450.0	9.870e2
1450.7	2.965e3
1451.6	1.449e3
1452.1	8.520e2
1452.9	5.470e2
1453.9	6.980e2
1454.6	2.474e3
1455.8	1.350e2
1456.9	1.203e3
1457.6	3.090e2
1458.3	3.475e3
1458.9	8.910e2
1459.7	1.829e3
1460.5	3.140e2
1461.0	4.130e2
1461.8	2.027e3
1462.6	8.970e2
1463.4	1.284e3
1464.2	1.078e3
1465.3	3.580e2
1466.0	2.073e3
1466.7	2.370e3
1467.5	4.151e3
1468.2	2.910e2
1468.9	1.114e3
1470.1	1.489e3
1470.7	2.660e2
1472.0	3.572e3
1473.0	1.928e3
1474.0	9.330e2
1474.8	3.932e3
1475.9	2.231e3
1477.0	3.960e3
1477.7	4.610e2
1478.3	2.003e3
1479.0	8.320e2
1479.5	5.260e2
1480.2	3.458e3
1481.1	2.635e3
1482.0	1.621e3
1483.0	2.393e3
1483.9	3.265e3
1484.8	1.004e3
1485.5	5.054e3
1486.6	1.838e3
1487.7	4.298e3
1488.4	2.000e1
1489.4	3.437e3
1490.0	2.720e2
1490.6	6.727e3
1491.1	5.780e2
1492.3	1.132e3
1493.1	1.300e1
1493.7	4.066e3
1494.7	5.145e3
1495.9	3.837e3
1496.7	1.271e3
1497.6	5.270e2
1498.2	2.007e3
1499.1	1.810e3
1499.9	2.200e2
1500.7	1.374e3
1501.4	4.830e2
1502.4	8.460e2
1503.3	8.800e2
1504.6	4.530e2
1505.6	5.730e2
1506.2	3.449e3
1506.8	1.170e2
1507.7	5.590e2
1508.8	3.359e3
1509.8	2.309e3
1510.5	8.330e2
1511.4	2.160e3
1512.3	3.380e2
1513.1	7.870e2
1513.7	2.658e3
1514.3	8.640e2
1515.2	4.605e3
1515.8	4.500e1
1516.3	8.460e2
1517.1	1.310e2
1517.9	2.508e3
1518.7	5.240e2
1519.3	2.042e3
1520.2	2.828e3
1520.8	1.940e2
1521.4	1.760e3
1522.2	1.400e3
1523.1	2.114e3
1523.9	7.840e2
1524.7	2.274e3
1525.8	1.708e3
1526.5	5.340e2
1527.1	2.509e3
1527.6	1.162e3
1528.5	1.140e3
1529.5	2.674e3
1530.3	6.780e2
1531.0	1.106e3
1531.5	5.503e3
1532.7	4.870e2
1533.4	1.520e2
1533.9	2.250e3
1535.1	6.740e2
1535.9	1.123e3
1536.7	1.514e3
1537.3	1.038e3
1538.0	1.303e3
1538.8	1.715e3
1540.0	8.330e2
1541.1	2.956e3
1542.0	7.420e2
1543.1	1.166e3
1545.0	8.200e1
1545.8	1.783e3
1546.5	1.700e1
1547.1	5.234e3
1547.7	4.230e2
1548.4	3.510e2
1549.1	1.704e3
1549.9	1.360e3
1550.5	5.040e2
1551.3	6.980e2
1552.7	1.383e3
1553.7	9.490e2
1554.5	8.690e2
1556.3	3.672e3
1557.2	5.360e2
1557.9	2.880e2
1558.4	2.211e3
1559.4	4.790e2
1559.9	2.508e3
1560.7	3.250e2
1561.3	1.068e3
1562.6	1.501e3
1563.4	1.405e3
1564.6	3.810e2
1565.8	9.000e2
1566.5	5.766e3
1567.4	1.834e3
1568.2	5.600e1
1568.7	9.560e2
1569.5	1.580e3
1570.6	1.808e3
1571.7	4.735e3
1572.2	3.410e2
1573.2	8.270e2
1574.2	9.780e2
1575.1	1.284e3
1575.7	1.200e1
1576.8	1.637e3
1578.3	3.875e3
1579.0	9.400e2
1579.8	5.500e1
1580.9	1.724e3
1581.4	1.460e2
1582.1	1.243e3
1582.7	2.080e2
1585.4	2.493e3
1586.4	6.900e2
1587.3	2.620e2
1588.3	1.620e2
1589.2	6.010e2
1590.2	6.260e2
1591.7	1.959e3
1592.5	2.361e3
1593.3	2.894e3
1594.1	3.390e2
1594.8	1.140e2
1595.7	5.610e2
1597.5	2.100e2
1598.1	5.058e3
1599.0	1.552e3
1599.9	1.300e1
1600.5	6.075e3
1601.4	8.650e2
1602.9	1.332e3
1603.8	3.340e2
1604.5	4.843e3
1605.9	1.820e3
1606.9	1.182e3
1607.7	4.180e2
1608.4	8.830e2
1609.1	1.181e3
1610.0	3.490e2
1610.6	2.186e3
1611.7	1.396e3
1613.3	2.581e3
1614.3	1.143e3
1615.2	1.241e3
1616.1	6.410e2
1617.7	8.321e3
1618.8	1.684e3
1619.4	2.580e2
1620.0	7.720e2
1621.0	1.134e3
1621.7	1.673e3
1622.7	2.980e2
1623.7	1.924e3
1624.4	1.872e3
1625.1	5.100e1
1625.7	4.250e2
1626.4	1.684e3
1627.2	2.290e2
1628.1	2.810e2
1628.7	7.060e2
1629.7	1.410e2
1630.3	1.171e3
1631.0	4.158e3
1631.8	2.609e3
1632.5	8.350e2
1633.7	5.660e2
1634.2	2.700e2
1634.8	4.887e3
1635.6	1.312e3
1636.5	1.159e3
1637.1	2.320e2
1637.7	1.254e3
1638.8	7.900e1
1639.5	1.877e3
1641.1	1.068e3
1642.3	3.750e2
1643.1	3.212e3
1644.2	6.600e1
1644.9	2.511e3
1645.5	1.700e1
1646.3	7.170e2
1647.2	1.599e3
1648.1	9.670e2
1648.9	3.909e3
1650.0	2.304e3
1651.2	1.470e3
1652.2	8.420e2
1653.2	4.510e2
1654.1	1.124e3
1654.8	3.510e2
1655.6	9.760e2
1656.4	1.314e3
1657.2	2.480e2
1657.8	7.550e2
1659.0	1.567e3
1659.6	8.760e2
1660.5	1.762e3
1661.2	3.390e2
1662.0	1.973e3
1662.8	3.160e2
1663.6	2.939e3
1665.1	2.590e2
1666.3	4.500e1
1666.8	2.618e3
1667.3	2.680e2
1667.9	3.718e3
1669.1	3.540e2
1669.7	1.180e3
1670.3	1.100e1
1671.2	7.630e2
1671.9	1.080e2
1673.7	2.288e3
1674.5	7.360e2
1676.2	1.164e3
1677.1	3.670e2
1677.9	1.976e3
1679.2	7.630e2
1680.5	7.460e2
1681.6	1.620e3
1682.5	8.530e2
1683.4	9.920e2
1684.2	7.272e3
1684.7	1.400e1
1685.3	6.950e2
1686.1	3.502e3
1687.1	4.740e2
1688.2	2.363e3
1689.7	2.510e2
1690.2	5.840e2
1691.3	1.470e2
1692.0	8.840e2
1693.1	1.580e2
1693.9	1.521e3
1694.6	4.960e2
1695.3	6.090e2
1695.9	9.270e2
1696.9	5.310e2
1697.8	2.700e3
1698.4	7.990e2
1699.1	1.778e3
1699.8	6.270e2
1700.8	1.943e3
1702.5	2.131e3
1703.2	2.720e2
1704.4	1.543e3
1705.6	1.172e3
1706.6	2.383e3
1707.1	6.620e2
1707.7	2.250e2
1708.3	6.090e2
1708.9	2.290e2
1710.7	1.600e1
1711.3	2.778e3
1712.0	1.459e3
1712.7	1.072e3
1713.4	1.021e3
1714.3	1.146e3
1715.4	3.430e2
1716.2	1.410e2
1717.2	1.066e3
1718.5	2.000e2
1719.3	1.449e3
1719.9	1.920e2
1721.1	9.830e2
1722.0	2.988e3
1723.2	5.300e2
1723.8	1.735e3
1724.5	1.170e2
1725.3	9.760e2
1725.9	3.610e2
1726.8	1.360e2
1727.7	1.109e3
1728.4	2.560e2
1728.9	1.550e2
1729.5	2.823e3
1730.1	7.120e2
1731.1	1.302e3
1731.9	4.760e2
1733.3	2.040e3
1734.1	5.170e2
1735.4	3.900e1
1736.1	9.290e2
1737.0	1.140e2
1737.5	7.790e2
1738.5	8.050e2
1739.0	1.581e3
1740.5	6.340e2
1741.2	8.010e2
1741.9	1.085e3
1742.6	3.810e2
1743.6	1.010e2
1744.3	2.328e3
1745.1	3.030e2
1746.0	1.230e3
1747.0	9.470e2
1747.8	1.403e3
1748.6	2.830e2
1749.3	1.859e3
1750.2	2.397e3
1751.2	3.580e2
1752.4	1.827e3
1753.1	3.130e2
1754.3	3.407e3
1755.5	1.044e3
1756.6	2.000e1
1757.5	1.193e3
1758.4	7.600e2
1759.7	1.335e3
1762.8	2.285e3
1763.6	6.330e2
1764.7	2.859e3
1766.4	4.311e3
1767.9	1.033e3
1769.5	1.377e3
1770.6	2.305e3
1771.2	1.630e2
1772.1	5.230e2
1772.7	1.797e3
1773.6	5.250e2
1774.1	1.204e3
1774.8	4.300e2
1775.7	9.340e2
1776.9	1.400e1
1777.7	7.000e1
1778.7	6.750e2
1779.4	5.230e2
1780.1	2.333e3
1780.7	9.000e1
1781.7	1.830e2
1782.4	1.300e1
1783.2	1.085e3
1784.5	3.290e2
1785.1	2.402e3
1785.9	6.040e2
1786.5	4.390e2
1787.4	4.760e2
1788.0	1.640e2
1788.5	6.940e2
1789.3	4.340e2
1790.2	3.710e2
1791.3	1.956e3
1791.9	8.330e2
1792.7	8.100e1
1793.3	5.680e2
1793.9	1.026e3
1795.3	2.161e3
1796.2	1.221e3
1797.3	7.410e2
1798.1	9.190e2
1799.4	1.277e3
1800.3	5.410e2
1801.0	3.680e2
1801.7	1.608e3
1802.7	1.709e3
1804.7	4.930e2
1805.5	2.790e3
1806.2	1.328e3
1807.1	4.580e2
1807.8	2.474e3
1808.7	1.057e3
1809.8	2.300e1
1811.0	2.370e3
1812.0	3.020e2
1812.8	2.950e2
1813.4	1.114e3
1814.5	1.422e3
1815.9	3.790e2
1816.9	2.262e3
1818.2	6.240e2
1820.0	1.656e3
1820.8	8.370e2
1821.6	4.190e2
1822.5	6.500e2
1823.3	1.166e3
1824.4	3.210e2
1825.3	9.900e1
1826.0	6.290e2
1827.2	1.802e3
1828.9	6.800e1
1830.1	3.350e2
1832.0	3.070e2
1832.5	2.400e1
1833.2	4.060e2
1834.2	9.190e2
1835.2	2.092e3
1836.0	1.500e1
1836.7	1.031e3
1837.7	1.480e2
1838.4	2.004e3
1839.3	5.320e2
1840.2	8.700e1
1841.0	1.388e3
1841.8	3.260e2
1843.0	4.000e2
1845.0	2.100e3
1845.7	1.030e2
1846.7	1.700e1
1847.5	2.610e2
1848.1	3.390e2
1848.7	4.740e2
1849.2	9.900e2
1850.0	6.600e2
1850.7	4.000e2
1851.5	8.830e2
1852.1	8.510e2
1852.7	1.495e3
1853.8	4.730e2
1854.8	3.470e2
1855.7	5.370e2
1856.3	2.040e2
1856.9	5.330e2
1858.3	1.705e3
1859.2	3.480e2
1859.7	2.586e3
1860.3	3.670e2
1860.9	1.155e3
1862.2	7.900e1
1863.1	8.570e2
1864.2	6.000e1
1864.8	1.910e2
1865.5	2.010e2
1866.0	1.094e3
1867.0	1.100e1
1867.6	6.800e1
1868.8	1.566e3
1869.9	2.530e2
1870.6	3.450e2
1871.5	6.400e2
1872.2	2.500e1
1873.0	1.253e3
1875.0	8.460e2
1877.1	3.160e2
1877.9	5.910e2
1879.1	2.820e2
1880.4	1.880e2
1881.4	1.081e3
1882.5	3.210e2
1883.5	3.360e2
1884.2	1.115e3
1886.4	1.774e3
1888.8	1.115e3
1889.7	6.070e2
1890.4	2.538e3
1891.2	3.980e2
1892.2	1.300e1
1893.0	2.910e2
1895.0	2.166e3
1896.8	1.824e3
1898.0	6.440e2
1898.6	2.980e2
1899.2	1.242e3
1900.6	9.360e2
1901.2	3.850e2
1902.4	3.040e2
1904.7	1.700e3
1905.8	7.020e2
1906.7	2.690e2
1907.5	3.940e2
1908.2	2.570e2
1909.0	6.190e2
1909.7	7.520e2
1910.6	4.530e2
1911.3	1.420e2
1913.2	8.230e2
1913.9	1.200e2
1914.6	3.340e2
1915.5	6.180e2
1916.4	2.420e3
1917.5	3.830e2
1918.1	1.623e3
1918.9	7.130e2
1919.7	7.430e2
1920.7	2.504e3
1921.4	1.810e2
1922.7	1.320e3
1923.4	3.500e2
1925.4	4.050e2
1926.4	8.220e2
1928.2	7.150e2
1929.6	9.990e2
1930.7	8.440e2
1932.2	3.100e2
1933.0	1.738e3
1934.2	2.500e2
1935.1	3.250e2
1936.5	3.810e2
1937.4	2.870e2
1938.7	6.290e2
1940.8	1.370e2
1941.5	4.660e2
1942.7	5.600e1
1944.1	1.168e3
1946.3	7.000e1
1946.9	6.160e2
1947.8	8.910e2
1948.6	3.150e2
1949.3	1.500e2
1950.2	8.610e2
1950.8	4.700e1
1952.5	6.850e2
1953.8	1.860e2
1954.4	1.310e2
1955.6	9.790e2
1956.4	1.630e2
1956.9	2.780e2
1957.6	1.971e3
1958.2	3.820e2
1958.7	1.200e1
1961.1	1.950e2
1961.7	2.328e3
1962.9	7.720e2
1964.0	1.376e3
1966.2	4.350e2
1967.1	2.080e2
1968.0	6.180e2
1968.8	5.970e2
1969.4	4.020e2
1970.1	2.440e2
1970.9	2.080e2
1971.6	2.957e3
1972.9	7.250e2
1973.8	6.860e2
1974.7	4.090e2
1975.7	8.000e1
1976.6	9.700e1
1977.3	6.260e2
1978.3	5.570e2
1980.0	1.707e3
1981.0	4.270e2
1981.6	4.880e2
1982.2	7.760e2
1983.6	3.730e2
1984.3	5.950e2
1985.8	2.400e2
1986.6	3.680e2
1988.3	5.670e2
1989.2	1.465e3
1990.0	3.090e2
1991.1	8.070e2
1992.7	7.980e2
1993.3	3.460e2
1994.1	1.720e2
1994.9	1.394e3
1996.9	2.934e3
1997.8	2.550e2
1998.9	4.600e1