100.2	5.757e3
101.0	1.051e5
101.9	2.033e4
103.0	1.944e4
104.0	1.391e3
104.9	3.366e3
105.9	6.690e2
106.5	3.200e1
107.1	9.990e2
108.0	1.356e4
109.0	2.360e3
110.0	4.010e2
111.1	3.541e3
112.2	8.070e2
113.0	1.090e5
114.0	3.886e3
115.0	8.805e3
115.5	1.130e2
116.0	4.404e3
117.0	1.454e5
117.5	1.180e2
118.0	1.815e4
119.0	1.690e4
120.0	1.580e3
121.1	1.250e3
122.1	1.004e3
123.1	1.134e3
124.0	2.413e3
124.6	4.300e1
125.1	2.334e3
126.0	1.865e3
126.5	1.700e1
127.0	3.151e3
128.1	2.396e3
129.1	2.566e3
130.0	9.424e3
131.0	2.967e3
132.0	1.224e3
133.0	4.532e3
133.6	5.900e1
134.1	2.232e3
135.0	5.392e3
136.0	1.909e3
137.0	4.793e3
138.1	1.253e3
139.0	3.061e3
140.0	1.257e3
141.0	3.019e3
141.6	4.500e1
142.1	1.645e3
143.1	2.430e3
144.0	1.677e3
145.0	9.493e3
146.0	6.991e3
147.0	2.185e4
147.5	6.700e1
148.1	3.768e3
148.6	2.100e1
149.1	3.433e3
150.0	3.716e3
151.1	3.031e3
152.1	1.264e4
153.0	4.946e3
154.1	1.160e3
155.1	2.867e3
156.0	4.203e3
157.0	4.137e3
158.0	2.687e3
159.0	2.664e3
160.0	2.373e3
161.0	7.421e3
162.0	1.604e3
163.0	7.370e3
164.0	1.666e3
165.0	4.751e3
166.1	1.042e3
167.1	1.933e3
168.0	3.222e3
169.1	5.578e3
170.0	1.587e3
171.1	2.600e3
172.0	2.042e3
173.0	5.093e3
173.9	5.765e3
174.5	8.000e0
175.0	2.778e4
176.0	5.421e3
176.5	4.000e0
177.0	3.148e3
178.1	1.494e3
179.1	5.601e3
180.1	1.827e3
181.0	2.878e4
182.0	2.541e3
183.1	1.963e3
184.1	3.323e3
185.0	3.354e3
185.5	6.800e1
186.0	2.642e3
187.1	3.943e3
188.0	2.066e3
188.5	2.300e1
189.0	2.857e3
190.0	2.069e3
190.6	1.340e2
191.1	7.703e4
192.1	6.841e3
193.1	1.487e4
194.1	2.305e3
195.1	6.400e3
195.9	6.355e3
196.5	1.100e1
197.0	3.156e3
198.0	6.822e3
199.0	2.109e3
199.9	5.739e3
200.5	4.300e1
201.0	4.083e3
202.0	5.018e3
203.1	2.690e3
204.0	1.869e3
205.0	2.865e3
205.9	1.399e3
206.4	7.500e1
207.0	9.434e3
207.5	9.400e1
208.0	2.698e3
208.5	2.500e1
209.1	4.820e3
210.0	2.336e3
211.1	2.773e3
211.6	1.300e2
212.2	2.056e4
213.1	7.397e3
214.0	3.467e3
214.5	3.400e1
215.1	2.334e3
215.9	2.674e3
216.5	1.040e2
217.0	3.244e3
217.9	4.169e3
219.0	6.019e3
219.5	5.300e1
220.1	8.585e3
221.1	6.843e3
222.1	2.300e3
222.6	4.400e1
223.1	6.329e3
224.1	2.114e3
225.0	4.776e3
225.5	2.300e1
226.0	2.578e3
227.0	2.684e3
228.0	2.239e3
229.0	2.804e3
230.0	2.812e3
230.5	2.400e1
231.0	1.700e3
232.1	2.155e3
233.1	4.839e3
234.0	2.857e3
234.6	7.700e1
235.1	2.932e3
236.1	7.080e3
236.6	5.300e1
237.1	3.730e3
238.0	2.136e3
238.5	1.300e1
239.0	5.380e3
240.0	4.354e3
240.5	2.100e1
241.1	3.739e3
242.1	4.350e3
243.0	8.669e3
244.0	7.359e3
244.5	3.700e1
245.0	3.319e3
246.0	4.326e3
247.0	3.539e3
247.9	2.976e3
248.5	1.910e2
249.1	6.416e4
250.1	5.750e3
251.0	4.519e3
252.0	2.181e3
253.1	3.573e3
253.6	9.900e1
254.1	1.592e3
254.7	1.820e2
255.3	3.778e3
256.1	1.691e3
256.6	1.400e1
257.1	2.621e3
258.0	2.892e3
258.6	3.000e1
259.1	3.024e3
260.0	2.311e3
261.0	3.922e3
261.9	3.958e3
262.5	4.100e1
263.0	5.336e3
264.0	3.721e3
264.6	2.500e1
265.1	5.224e3
266.0	7.933e3
266.6	3.800e2
267.2	6.480e3
268.1	2.733e3
269.1	6.456e3
270.0	2.439e3
271.0	3.077e3
272.0	1.799e3
273.0	3.818e3
273.5	2.040e2
274.1	2.700e3
275.0	1.320e4
276.0	3.804e3
276.6	9.700e1
277.1	3.119e3
278.1	1.977e3
278.6	5.300e1
279.2	5.670e3
280.1	4.233e3
280.7	1.380e2
281.3	8.382e3
282.1	3.668e3
282.7	1.840e2
283.3	4.853e3
283.9	3.990e2
284.5	2.763e3
285.3	1.837e3
286.1	2.566e3
287.1	3.627e3
288.1	1.347e4
289.1	8.569e3
290.0	2.935e3
290.5	7.000e1
291.0	7.505e3
292.0	4.286e3
292.6	5.640e2
293.3	4.175e3
294.1	2.369e3
295.1	8.243e3
295.6	1.500e2
296.1	3.038e3
297.1	3.707e3
298.1	2.467e3
299.2	2.462e3
300.1	2.922e3
301.0	4.985e3
302.0	2.356e3
302.7	3.480e2
303.2	4.830e3
304.1	2.966e3
304.6	3.400e1
305.1	6.602e3
306.1	3.599e3
307.1	8.585e3
308.0	5.694e3
308.5	1.110e2
309.1	5.396e3
310.0	5.004e3
310.6	1.200e1
311.1	1.000e4
312.1	6.362e3
313.1	5.666e3
314.0	2.798e3
314.7	1.180e2
315.2	4.488e3
316.1	2.280e3
317.0	7.156e4
318.1	7.126e3
319.1	4.879e3
320.0	3.989e3
320.6	1.120e2
321.1	5.147e3
322.0	3.590e3
322.6	2.630e2
323.2	5.427e3
324.0	4.160e3
324.6	4.010e2
325.2	6.451e3
326.1	2.761e3
327.1	7.818e3
327.9	1.039e3
328.4	2.885e4
329.2	9.970e3
330.1	5.163e3
331.1	6.727e3
332.0	2.537e3
332.6	1.720e2
333.1	6.094e3
334.0	6.427e3
334.5	2.030e2
335.1	5.590e3
336.1	5.114e3
337.1	6.630e3
338.0	2.531e3
338.6	7.450e2
339.2	6.101e3
340.2	3.908e3
340.7	4.900e1
341.2	6.012e3
342.1	2.041e3
343.1	1.281e4
344.0	3.967e3
344.6	1.720e2
345.1	3.896e3
346.1	4.316e3
347.1	4.352e3
348.0	4.362e3
348.6	3.160e2
349.2	6.892e3
350.1	3.426e3
350.6	1.870e2
351.2	6.806e3
352.0	3.526e3
353.0	1.105e4
354.0	3.124e3
354.6	7.700e1
355.1	6.512e3
356.0	1.386e4
357.0	1.077e4
357.6	2.890e2
358.1	2.672e3
359.0	4.419e3
359.9	3.101e3
360.5	3.900e1
361.0	3.362e3
361.6	8.440e2
362.3	4.661e3
362.9	1.026e3
363.4	4.578e3
364.3	1.447e3
365.1	2.820e3
366.0	4.528e3
366.5	9.800e1
367.1	3.434e3
368.0	3.138e3
368.6	3.600e2
369.2	7.777e3
370.1	3.560e3
371.1	4.910e3
371.6	2.240e2
372.2	2.214e3
373.1	3.958e3
374.0	2.607e3
375.1	4.965e3
376.0	2.693e3
376.5	7.800e1
377.1	5.104e3
378.1	3.508e3
379.1	8.978e3
380.1	4.884e3
380.6	2.210e2
381.2	7.812e3
382.2	3.212e3
382.7	6.100e1
383.2	5.478e3
384.1	2.028e3
385.1	4.205e4
386.0	5.326e3
386.6	4.400e1
387.1	4.305e3
388.1	1.379e3
388.6	5.000e1
389.1	3.842e3
389.9	5.549e3
390.4	4.000e1
391.0	5.150e3
392.0	4.309e3
392.5	2.470e2
393.2	4.161e3
394.1	3.928e3
394.6	5.600e1
395.1	6.708e3
396.1	3.329e3
397.0	1.009e4
398.0	4.696e3
398.5	1.250e2
399.1	5.738e3
399.6	2.320e2
400.1	2.839e3
401.1	4.822e3
402.0	3.175e3
402.7	8.230e2
403.4	4.094e3
404.2	1.815e3
405.2	8.289e3
406.1	4.172e3
406.6	5.400e1
407.1	4.303e3
408.0	4.942e3
408.8	8.860e2
409.4	5.376e3
410.3	1.770e3
411.1	1.040e4
412.1	4.303e3
412.7	7.800e1
413.2	3.958e3
414.2	2.581e3
415.2	5.885e3
415.8	2.280e2
416.3	3.138e3
417.3	5.195e3
417.8	1.360e2
418.3	3.599e3
418.8	1.460e2
419.3	8.198e3
420.3	2.989e3
421.1	6.171e3
422.1	3.725e3
422.7	2.180e2
423.2	5.805e3
424.1	1.281e4
424.6	4.110e2
425.2	5.300e3
426.2	2.675e3
426.7	3.280e2
427.3	8.434e3
428.2	2.602e3
428.7	7.400e1
429.2	6.416e3
430.1	2.979e3
430.7	6.540e2
431.3	7.385e3
432.3	3.739e3
432.8	4.880e2
433.5	1.358e4
434.4	4.966e3
435.4	6.770e3
435.9	8.100e1
436.4	1.203e4
437.4	6.286e3
438.3	3.474e3
439.1	5.975e3
440.1	4.318e3
440.7	4.790e2
441.3	5.394e3
441.8	8.900e1
442.3	3.389e3
443.3	5.651e3
444.2	3.472e3
444.8	3.010e2
445.4	1.456e4
446.4	5.175e3
447.3	1.672e4
448.3	8.296e3
449.3	7.799e3
450.3	3.231e3
451.2	5.251e3
452.2	5.788e3
453.1	3.402e4
454.0	5.409e3
454.7	1.014e3
455.3	4.897e3
455.9	2.650e2
456.4	3.817e3
457.4	7.483e3
458.2	2.105e3
459.2	7.343e3
460.2	3.424e3
460.7	5.500e1
461.3	5.690e3
461.9	1.100e3
462.5	1.791e4
463.4	1.146e4
463.9	3.710e2
464.5	1.132e4
465.4	3.136e4
466.0	7.960e2
466.5	1.055e4
467.5	5.816e3
468.3	3.599e3
469.3	8.860e3
470.2	4.329e3
471.2	7.067e3
471.8	5.240e2
472.4	4.018e3
473.4	8.738e3
474.3	4.202e3
475.3	7.599e3
476.2	8.868e3
476.9	1.687e3
477.5	5.919e3
478.1	1.133e3
478.7	1.583e4
479.5	9.046e3
480.5	1.780e4
481.4	1.896e4
482.0	9.100e1
482.5	7.669e3
483.4	6.221e3
484.3	3.812e3
484.8	8.700e1
485.4	8.596e3
486.3	5.494e3
487.3	6.845e3
488.3	4.496e3
488.9	3.940e2
489.5	6.417e3
490.1	7.370e2
490.7	4.633e3
491.7	1.782e4
492.5	8.536e3
493.4	7.283e3
494.3	4.908e3
495.2	1.011e4
496.3	5.793e3
496.8	7.020e2
497.4	7.853e3
497.9	3.090e2
498.4	3.579e4
499.4	1.623e4
500.4	8.165e3
501.4	1.067e4
502.3	6.204e3
502.8	8.300e1
503.3	1.553e4
504.3	8.987e3
504.9	6.500e2
505.5	6.745e3
506.5	1.013e4
507.0	1.090e2
507.5	6.667e3
508.5	8.284e3
509.4	5.698e3
510.3	3.545e3
511.3	8.703e3
511.8	6.920e2
512.4	5.191e3
513.4	8.685e3
514.3	3.931e3
515.1	7.416e3
516.0	4.169e3
516.6	1.468e3
517.3	1.149e4
518.3	6.857e3
518.8	6.520e2
519.4	6.261e3
520.3	4.306e3
521.1	2.882e4
522.1	6.854e3
522.7	1.473e3
523.4	5.830e3
524.3	4.654e3
525.3	6.116e3
526.3	4.055e3
526.8	5.060e2
527.4	7.358e3
528.3	3.608e3
528.9	6.990e2
529.4	6.050e3
530.4	7.215e3
531.3	7.507e3
531.9	5.660e2
532.4	5.686e3
533.4	1.034e4
534.0	5.170e2
534.5	2.477e4
535.5	1.353e4
536.2	2.383e3
536.9	8.976e3
537.9	5.027e3
538.5	5.340e2
539.1	5.668e3
539.8	1.502e3
540.4	7.400e3
541.4	5.184e3
542.3	3.401e3
543.3	6.332e3
543.8	1.480e2
544.3	3.865e3
545.2	4.833e3
545.7	7.600e1
546.3	4.060e3
547.1	1.114e4
547.8	1.162e3
548.5	6.416e3
549.4	6.003e3
550.3	7.717e3
550.8	3.700e1
551.4	5.974e3
551.9	2.730e2
552.5	9.198e3
553.4	7.171e3
554.3	3.507e3
555.3	5.681e3
555.8	1.700e2
556.3	4.856e3
557.3	5.507e3
558.2	2.185e3
559.1	4.272e3
560.1	9.231e3
561.0	5.124e3
561.6	2.500e2
562.1	3.804e3
562.6	5.200e1
563.1	6.194e3
563.7	3.380e2
564.2	5.591e3
564.8	4.170e2
565.4	5.686e3
565.9	3.250e2
566.5	1.004e4
567.5	7.656e3
568.2	1.750e3
569.0	5.159e3
569.5	5.300e1
570.0	4.976e3
570.7	1.006e3
571.5	1.195e4
572.4	6.269e3
573.3	8.210e3
573.9	1.867e3
574.6	5.954e3
575.6	4.557e3
576.6	4.383e3
577.5	8.466e3
578.2	2.465e3
579.0	6.502e3
579.8	2.561e3
580.7	7.725e3
581.6	7.586e3
582.4	3.124e3
583.2	6.483e3
584.1	3.370e3
585.1	3.091e3
586.0	4.553e3
586.5	3.350e2
587.1	4.500e3
588.1	2.565e3
588.6	1.340e2
589.1	2.118e4
589.7	1.900e2
590.2	4.078e3
590.9	1.462e3
591.5	1.638e4
592.5	9.552e3
593.5	1.056e4
594.5	6.148e3
595.0	3.490e2
595.6	3.181e4
596.5	1.465e4
597.1	3.350e2
597.6	7.695e3
598.3	1.741e3
599.0	6.263e3
599.5	3.150e2
600.1	5.318e3
601.1	4.371e3
602.1	5.310e3
602.6	1.320e2
603.2	4.225e3
603.7	1.940e2
604.3	3.871e3
604.9	6.660e2
605.5	7.663e3
606.4	3.588e3
606.9	6.900e1
607.4	5.480e3
608.0	2.680e2
608.6	4.751e3
609.6	2.123e4
610.6	1.126e4
611.5	1.342e4
612.4	5.776e3
613.4	4.864e3
614.1	7.070e2
614.7	1.376e4
615.5	5.897e3
616.4	5.487e3
617.4	5.667e3
618.3	4.672e3
619.2	4.936e3
620.2	4.982e3
620.8	2.880e2
621.3	6.275e3
621.9	1.164e3
622.5	4.568e3
623.0	1.050e2
623.5	4.833e3
624.4	2.547e3
625.3	5.643e3
626.1	1.768e3
626.9	5.528e3
627.5	6.380e2
628.1	7.156e3
628.6	4.490e2
629.2	4.631e3
629.8	9.130e2
630.5	3.980e3
631.4	7.726e3
632.0	1.270e2
632.6	2.482e4
633.6	1.414e4
634.6	1.098e4
635.1	1.810e2
635.6	6.446e3
636.6	1.538e4
637.6	8.460e3
638.5	4.333e3
639.2	6.995e3
639.8	2.410e2
640.4	3.407e3
641.3	5.286e3
641.8	1.560e2
642.4	4.136e3
643.0	6.790e2
643.6	4.665e3
644.1	9.600e1
644.6	3.703e3
645.6	6.197e3
646.6	3.904e3
647.4	6.413e3
648.0	3.500e2
648.5	8.141e3
649.0	2.380e2
649.5	7.413e3
650.3	2.558e3
651.0	8.496e3
651.7	3.515e3
652.6	5.746e3
653.5	5.128e3
654.3	8.056e3
654.9	1.077e3
655.5	7.063e3
656.0	1.070e2
656.5	6.036e3
657.4	3.939e4
658.0	7.840e2
658.5	1.571e4
659.0	1.200e2
659.6	1.262e4
660.5	6.754e3
661.0	8.600e1
661.5	1.272e4
662.5	6.383e3
663.5	1.313e4
664.5	1.091e4
665.5	4.957e3
666.5	5.175e3
667.3	3.214e3
668.2	4.016e3
669.1	6.023e3
669.8	1.640e3
670.5	3.586e3
671.4	5.646e3
672.0	3.430e2
672.5	4.323e3
673.4	1.019e4
673.9	5.900e1
674.4	7.387e3
675.0	3.140e2
675.5	1.213e4
676.1	5.080e2
676.6	6.070e3
677.5	2.276e4
678.0	8.270e2
678.6	1.275e4
679.6	2.016e4
680.5	1.138e4
681.5	5.100e3
682.3	3.718e3
683.0	1.259e4
683.8	3.838e3
684.7	1.204e4
685.5	5.454e3
686.3	6.897e3
686.9	2.940e2
687.4	5.601e3
688.0	3.280e2
688.5	5.190e3
689.4	6.296e3
690.0	2.250e2
690.5	5.208e3
691.0	4.800e1
691.6	8.217e3
692.4	2.581e3
693.3	7.156e3
693.9	1.168e3
694.5	4.223e3
695.4	9.280e3
696.3	6.880e3
697.2	7.047e3
697.9	1.228e3
698.6	1.769e4
699.5	1.049e4
700.5	1.261e4
701.0	1.380e2
701.5	5.394e3
702.5	6.370e3
703.4	4.124e3
704.3	4.557e3
705.0	1.004e3
705.6	4.636e3
706.3	1.236e3
707.1	5.120e3
707.7	1.307e3
708.4	4.379e3
709.4	5.083e3
710.4	4.138e3
711.4	5.414e3
712.0	5.950e2
712.7	7.895e3
713.6	4.952e3
714.5	9.884e3
715.5	8.979e3
716.0	1.380e2
716.5	6.796e3
717.5	7.123e3
718.3	2.440e3
719.0	6.172e3
719.6	7.380e2
720.2	5.999e3
720.8	7.580e2
721.5	5.784e3
722.0	5.980e2
722.6	5.092e3
723.4	1.880e3
724.1	4.309e3
725.1	1.200e4
725.7	1.277e3
726.3	4.741e3
727.2	2.752e3
728.2	5.974e3
728.8	1.101e3
729.5	5.239e3
730.5	4.593e3
731.4	6.240e3
732.4	5.987e3
733.0	1.003e3
733.6	5.059e3
734.5	4.423e3
735.4	6.178e3
736.1	2.020e3
736.8	6.395e3
737.6	2.148e3
738.2	4.533e3
738.8	4.940e2
739.4	4.095e3
740.0	3.130e2
740.6	3.806e3
741.3	2.303e3
742.1	5.429e3
742.8	2.262e3
743.6	5.398e3
744.6	3.714e3
745.5	8.206e3
746.5	5.630e3
747.0	1.020e2
747.5	7.490e3
748.1	1.000e2
748.6	6.150e3
749.3	1.859e3
750.0	4.696e3
751.0	1.057e4
751.7	2.573e3
752.5	4.605e3
753.0	4.900e1
753.6	6.060e3
754.1	9.000e1
754.6	6.207e3
755.2	5.530e2
755.8	4.526e3
756.7	2.244e3
757.5	7.755e3
758.5	5.419e3
759.1	8.740e2
759.8	4.476e3
760.8	3.710e3
761.5	1.503e3
762.2	4.112e3
763.2	4.256e3
764.1	6.340e3
764.7	9.050e2
765.3	4.685e3
765.9	5.860e2
766.6	4.088e3
767.6	5.503e3
768.2	8.120e2
768.8	4.341e3
769.7	4.420e3
770.7	2.804e3
771.6	4.470e3
772.2	8.600e2
772.8	4.631e3
773.7	3.124e3
774.7	4.188e3
775.7	3.973e3
776.5	2.359e3
777.3	5.071e3
778.1	1.391e3
778.8	4.901e3
779.4	7.130e2
780.0	3.527e3
781.0	3.709e3
781.5	1.050e2
782.1	2.937e3
783.0	4.118e3
783.6	3.560e2
784.2	2.647e3
784.8	5.430e2
785.4	4.804e3
786.0	6.260e2
786.7	3.683e3
787.7	3.197e3
788.4	1.370e3
789.0	3.841e3
789.6	1.260e2
790.1	4.752e3
790.8	2.125e3
791.6	3.320e3
792.4	1.401e3
793.1	1.077e4
793.9	2.808e3
794.7	3.429e4
795.7	2.070e4
796.7	1.510e4
797.6	8.092e3
798.2	3.560e2
798.7	7.952e3
799.7	7.107e3
800.6	3.553e3
801.6	5.086e3
802.3	1.153e3
803.0	9.165e3
803.9	5.344e3
804.4	5.870e2
805.1	5.328e3
805.8	2.156e3
806.6	4.696e3
807.6	4.034e3
808.2	3.850e2
808.7	1.262e4
809.6	8.263e3
810.6	6.951e3
811.6	3.824e3
812.1	2.040e2
812.7	5.843e3
813.6	5.867e3
814.2	1.080e2
814.7	4.081e3
815.6	3.232e3
816.5	5.119e3
817.2	1.179e3
817.8	4.299e3
818.4	5.340e2
819.0	8.333e3
820.0	5.113e3
821.0	4.039e3
821.7	1.986e3
822.4	4.603e3
823.0	4.390e2
823.6	4.629e3
824.1	9.000e1
824.6	3.529e3
825.2	2.270e2
825.7	5.274e3
826.4	7.430e2
827.0	6.060e3
827.8	2.804e3
828.5	8.430e2
829.1	5.587e3
830.0	3.379e3
830.5	6.400e1
831.0	3.926e3
831.6	1.140e2
832.1	5.113e3
832.8	1.006e3
833.4	4.891e3
834.0	3.980e2
834.6	3.252e3
835.1	9.000e1
835.6	3.907e3
836.4	1.580e3
837.2	4.670e3
837.8	2.170e2
838.4	3.957e3
838.9	2.980e2
839.5	3.393e3
840.2	5.400e2
840.8	3.353e3
841.6	1.807e3
842.5	3.307e3
843.1	6.940e2
843.7	2.937e3
844.6	2.348e3
845.5	3.802e3
846.5	3.129e3
847.5	5.299e3
848.1	4.920e2
848.7	4.290e3
849.6	3.199e3
850.3	1.263e3
851.1	3.613e3
851.7	5.290e2
852.3	3.323e3
852.8	1.100e2
853.3	3.118e3
853.9	4.730e2
854.6	3.584e3
855.2	4.990e2
855.8	3.274e3
856.8	2.880e3
857.7	3.864e3
858.2	4.800e1
858.7	4.125e3
859.5	1.647e3
860.2	3.071e3
861.2	9.161e3
861.9	2.208e3
862.7	7.471e3
863.2	2.870e2
863.7	5.772e3
864.4	8.170e2
865.1	3.372e3
865.8	1.385e3
866.7	2.609e3
867.6	4.661e3
868.4	1.882e3
869.2	4.026e3
869.9	1.206e3
870.6	3.020e3
871.6	3.543e3
872.4	2.366e3
873.3	3.705e3
873.8	3.310e2
874.4	3.773e3
875.0	6.980e2
875.6	3.793e3
876.2	4.450e2
876.8	5.732e3
877.8	5.214e3
878.7	2.732e3
879.3	7.470e2
880.0	2.847e3
881.0	3.304e3
881.6	1.191e3
882.3	3.229e3
883.3	2.980e3
884.3	3.497e3
884.8	9.320e2
885.5	3.259e3
886.3	9.000e2
887.0	6.417e3
887.9	4.304e3
888.7	2.122e3
889.6	4.421e3
890.5	3.307e3
891.1	5.980e2
891.7	3.673e3
892.4	8.230e2
893.0	4.483e3
893.7	1.327e3
894.4	4.710e3
895.4	2.716e3
896.4	3.574e3
896.9	2.040e2
897.5	3.202e3
898.0	1.340e2
898.5	3.800e3
899.3	2.047e3
900.0	5.720e3
900.8	2.817e3
901.7	3.407e3
902.6	2.886e3
903.5	3.528e3
904.4	2.096e3
905.0	4.180e2
905.6	3.439e3
906.6	1.964e3
907.5	2.945e3
908.5	3.229e3
909.4	4.541e3
910.1	2.137e3
911.0	4.140e3
911.7	1.608e3
912.5	3.427e3
913.2	8.800e2
913.8	2.262e3
914.3	5.000e1
914.9	3.262e3
915.8	2.856e3
916.6	1.571e3
917.5	2.367e3
918.0	9.000e0
918.5	3.641e3
919.0	2.810e2
919.6	1.089e4
920.1	6.200e1
920.7	5.223e3
921.2	7.400e1
921.7	4.254e3
922.7	2.661e3
923.6	3.164e3
924.3	8.770e2
925.0	3.774e3
925.7	1.098e3
926.4	3.142e3
927.1	1.286e3
927.9	3.447e3
928.6	8.480e2
929.2	7.627e3
929.8	4.430e2
930.3	4.839e3
931.2	2.839e3
931.8	5.840e2
932.4	3.590e3
933.0	3.590e2
933.5	8.752e3
934.1	5.100e1
934.6	6.939e3
935.6	4.139e3
936.5	3.178e3
937.6	3.408e3
938.6	2.841e3
939.2	4.680e2
939.8	3.182e3
940.7	1.994e3
941.5	4.460e3
942.5	2.626e3
943.4	4.632e3
944.1	1.297e3
944.8	3.930e3
945.7	3.150e3
946.4	5.810e2
947.0	3.102e3
947.5	3.400e1
948.0	4.131e3
948.6	2.950e2
949.2	3.723e3
950.1	2.626e3
950.9	1.442e3
951.7	4.833e3
952.7	3.708e3
953.6	3.198e3
954.5	1.877e3
955.2	6.754e3
956.0	1.933e3
956.7	4.742e3
957.7	3.290e3
958.6	2.794e3
959.2	3.700e1
959.7	3.187e3
960.3	2.060e2
960.8	4.060e3
961.5	1.141e3
962.2	2.605e3
962.7	3.500e1
963.2	2.709e3
964.1	2.200e3
965.1	3.631e3
965.8	8.890e2
966.6	2.898e3
967.4	1.911e3
968.2	4.836e3
968.8	9.900e2
969.4	3.545e3
970.4	4.098e3
971.3	2.228e3
972.1	3.899e3
973.1	3.256e3
973.8	5.090e2
974.4	3.221e3
975.3	2.240e3
975.8	4.200e1
976.3	2.881e3
977.0	3.500e2
977.6	3.882e3
978.3	5.410e2
978.9	3.683e3
979.8	3.584e3
980.8	2.584e3
981.6	1.194e3
982.2	3.075e3
982.9	9.530e2
983.7	3.573e3
984.6	3.251e3
985.5	3.685e3
986.4	1.876e3
987.2	3.102e3
988.1	1.989e3
989.1	3.496e3
989.6	4.500e1
990.1	2.914e3
990.8	1.313e3
991.6	2.982e3
992.1	6.600e1
992.6	1.869e3
993.3	3.529e3
994.0	8.990e2
994.7	3.464e3
995.2	5.800e1
995.8	2.659e3
996.5	1.363e3
997.2	6.851e3
998.1	2.286e3
998.8	9.210e2
999.6	3.072e3
1000.1	2.000e1
1000.6	2.686e3
1001.4	1.397e3
1002.3	3.738e3
1003.3	3.395e3
1004.0	1.272e3
1004.9	2.446e3
1005.8	1.430e3
1006.5	3.115e3
1007.4	4.052e3
1008.4	1.271e3
1009.2	3.278e3
1009.9	5.470e2
1010.6	2.782e3
1011.3	1.134e3
1012.1	2.562e3
1013.1	2.639e3
1013.9	1.452e3
1014.7	3.727e3
1015.5	2.363e3
1016.5	4.947e3
1017.4	3.380e3
1018.1	6.160e2
1018.7	3.897e3
1019.3	2.910e2
1019.8	5.328e3
1020.8	2.852e3
1021.6	2.318e3
1022.5	3.459e3
1023.4	4.574e3
1023.9	3.710e2
1024.5	2.409e3
1025.3	8.440e2
1025.9	2.767e3
1026.5	1.060e2
1027.0	2.927e3
1027.6	1.157e3
1028.3	2.323e3
1029.3	3.522e3
1030.0	8.630e2
1030.7	4.393e3
1031.5	2.630e3
1032.0	1.210e2
1032.6	3.239e3
1033.1	4.500e1
1033.6	2.740e3
1034.2	9.000e1
1034.8	3.914e3
1035.8	3.270e3
1036.8	3.471e3
1037.7	3.014e3
1038.3	1.210e2
1038.9	3.242e3
1039.9	2.908e3
1040.4	7.100e1
1040.9	3.443e3
1041.8	2.692e3
1042.7	3.587e3
1043.5	1.372e3
1044.2	4.870e3
1045.1	2.705e3
1046.0	2.577e3
1046.9	3.709e3
1047.4	2.890e2
1048.0	2.403e3
1049.0	3.672e3
1050.0	2.349e3
1050.9	3.282e3
1051.9	4.126e3
1052.7	1.296e3
1053.3	3.113e3
1053.9	9.400e1
1054.5	3.453e3
1055.4	2.582e3
1056.0	4.020e2
1056.7	2.196e3
1057.6	2.828e3
1058.2	2.220e2
1058.7	2.249e3
1059.6	2.978e3
1060.3	9.410e2
1061.1	3.042e3
1061.8	1.672e3
1062.6	3.138e3
1063.4	1.788e3
1064.2	2.532e3
1065.1	5.638e3
1065.9	1.996e3
1066.7	4.007e3
1067.5	1.665e3
1068.2	2.456e3
1069.2	2.963e3
1069.9	1.317e3
1070.7	3.894e3
1071.6	1.920e3
1072.2	1.600e2
1072.8	3.630e3
1073.4	1.070e2
1073.9	3.721e3
1074.9	2.602e3
1075.8	2.363e3
1076.4	3.090e2
1077.0	2.528e3
1078.0	4.907e3
1078.6	2.600e1
1079.1	3.606e3
1079.6	1.620e2
1080.1	2.909e3
1080.7	2.170e2
1081.2	3.565e3
1081.7	3.000e1
1082.3	3.334e3
1083.2	2.267e3
1084.0	1.297e3
1084.8	3.017e3
1085.7	1.126e3
1086.4	2.365e3
1087.5	4.026e3
1088.1	9.500e1
1088.6	4.469e3
1089.2	4.970e2
1089.8	2.829e3
1090.4	5.000e1
1090.9	4.230e3
1091.9	4.305e3
1092.7	1.422e3
1093.5	3.351e3
1094.5	2.426e3
1095.2	3.280e2
1095.8	3.266e3
1096.7	1.365e3
1097.6	3.324e3
1098.6	1.965e3
1099.6	2.770e3
1100.5	1.981e3
1101.3	2.759e3
1102.1	6.790e2
1102.8	3.420e3
1103.5	6.460e2
1104.1	3.775e3
1104.9	2.071e3
1105.8	3.402e3
1106.6	1.442e3
1107.4	3.474e3
1108.1	7.550e2
1108.7	2.798e3
1109.3	4.800e1
1109.8	2.241e3
1110.5	1.375e3
1111.2	2.393e3
1111.9	9.360e2
1112.7	2.931e3
1113.3	2.420e2
1113.8	4.280e3
1114.7	1.516e3
1115.5	3.156e3
1116.0	4.700e1
1116.6	2.773e3
1117.5	2.203e3
1118.4	3.553e3
1119.3	2.082e3
1120.1	3.235e3
1121.0	2.357e3
1121.9	3.643e3
1122.6	1.003e3
1123.2	2.585e3
1124.1	3.412e3
1124.9	1.668e3
1125.7	3.413e3
1126.6	2.373e3
1127.2	1.890e2
1127.7	3.279e3
1128.7	2.843e3
1129.3	4.420e2
1129.9	3.666e3
1130.9	1.988e3
1131.8	4.572e3
1132.4	5.060e2
1133.0	4.494e3
1133.9	2.382e3
1134.8	2.914e3
1135.7	2.581e3
1136.6	2.336e3
1137.6	2.877e3
1138.2	5.600e2
1138.9	2.511e3
1139.9	3.632e3
1140.8	3.475e3
1141.5	2.217e3
1142.5	1.805e3
1143.3	3.841e3
1144.3	2.416e3
1145.2	2.498e3
1146.2	2.401e3
1147.0	9.240e2
1147.7	2.761e3
1148.3	1.530e2
1148.8	2.616e3
1149.4	2.030e2
1150.0	3.241e3
1150.7	8.240e2
1151.5	2.541e3
1152.5	3.843e3
1153.5	3.267e3
1154.0	1.190e2
1154.6	2.423e3
1155.1	2.200e1
1155.7	3.982e3
1156.3	6.790e2
1157.0	2.695e3
1157.6	9.910e2
1158.3	2.678e3
1158.8	2.600e1
1159.3	3.612e3
1159.9	6.840e2
1160.5	4.211e3
1161.1	8.700e1
1161.6	2.520e3
1162.1	1.900e2
1162.7	3.265e3
1163.5	1.260e3
1164.2	3.511e3
1165.1	3.689e3
1165.9	1.752e3
1166.6	8.630e2
1167.2	3.731e3
1168.2	3.145e3
1169.1	3.880e3
1169.9	2.024e3
1170.8	3.245e3
1171.5	8.430e2
1172.2	4.015e3
1172.8	3.380e2
1173.4	2.936e3
1174.1	1.233e3
1174.9	2.924e3
1175.8	4.720e3
1176.4	4.130e2
1177.0	2.434e3
1177.8	1.549e3
1178.6	1.795e3
1179.6	3.731e3
1180.1	2.300e1
1180.6	2.222e3
1181.6	3.298e3
1182.6	2.860e3
1183.2	5.120e2
1183.8	3.353e3
1184.8	4.915e3
1185.3	2.590e2
1185.9	2.504e3
1186.8	4.020e3
1187.4	6.980e2
1188.0	3.341e3
1188.6	1.120e2
1189.1	2.712e3
1190.1	1.950e3
1191.0	4.702e3
1191.9	3.700e3
1192.9	2.602e3
1193.8	1.512e3
1194.6	3.256e3
1195.2	2.910e2
1195.8	3.317e3
1196.6	1.044e3
1197.4	3.026e3
1198.4	3.223e3
1199.2	1.948e3
1200.1	2.931e3
1200.6	4.800e1
1201.1	5.272e3
1201.7	3.400e1
1202.2	4.403e3
1203.3	2.592e3
1204.2	2.948e3
1205.0	9.570e2
1205.8	2.687e3
1206.6	2.426e3
1207.6	3.506e3
1208.6	2.585e3
1209.5	3.733e3
1210.4	2.048e3
1211.0	5.050e2
1211.6	3.356e3
1212.1	3.710e2
1212.7	2.164e3
1213.6	4.486e3
1214.6	2.970e3
1215.3	1.072e3
1216.1	3.364e3
1216.8	1.011e3
1217.6	3.021e3
1218.1	2.610e2
1218.7	2.884e3
1219.6	2.424e3
1220.1	1.820e2
1220.7	3.204e3
1221.7	2.900e3
1222.2	1.780e2
1222.8	2.459e3
1223.7	2.850e3
1224.5	2.047e3
1225.3	3.567e3
1226.0	9.530e2
1226.8	3.389e3
1227.4	1.067e3
1228.1	3.802e3
1229.1	2.620e3
1230.0	1.484e3
1230.8	3.201e3
1231.8	3.380e3
1232.7	1.981e3
1233.5	3.437e3
1234.2	3.480e2
1234.8	3.382e3
1235.3	8.000e1
1235.9	2.628e3
1236.9	2.940e3
1237.8	1.533e3
1238.6	2.697e3
1239.2	5.540e2
1239.8	4.195e3
1240.7	2.665e3
1241.7	2.829e3
1242.6	2.662e3
1243.2	4.880e2
1243.8	2.550e3
1244.4	6.090e2
1245.1	2.810e3
1245.7	4.900e2
1246.3	3.396e3
1247.1	2.748e3
1247.8	6.070e2
1248.5	3.223e3
1249.2	1.374e3
1250.0	3.114e3
1251.0	2.324e3
1251.9	3.276e3
1252.9	3.581e3
1253.8	2.918e3
1254.5	8.480e2
1255.1	2.771e3
1255.9	6.620e2
1256.5	3.761e3
1257.4	3.513e3
1258.4	3.759e3
1259.0	1.154e3
1259.8	2.946e3
1260.7	2.270e3
1261.6	3.631e3
1262.4	1.098e3
1263.1	1.127e3
1264.0	2.694e3
1264.5	2.690e2
1265.1	3.730e3
1265.9	1.344e3
1266.7	3.246e3
1267.4	1.165e3
1268.1	3.342e3
1269.0	2.728e3
1269.9	2.033e3
1270.8	3.845e3
1271.4	2.090e2
1272.0	2.368e3
1272.6	4.870e2
1273.2	2.142e3
1274.1	2.875e3
1274.9	1.469e3
1275.6	3.386e3
1276.2	5.930e2
1276.9	2.625e3
1277.7	1.110e3
1278.4	3.320e3
1279.4	3.660e3
1280.1	1.034e3
1280.9	2.650e3
1281.8	3.119e3
1282.4	3.730e2
1282.9	2.927e3
1283.7	1.492e3
1284.4	2.593e3
1285.4	3.479e3
1285.9	1.300e1
1286.4	2.920e3
1287.2	1.628e3
1287.8	3.110e2
1288.4	3.245e3
1288.9	1.060e2
1289.5	2.735e3
1290.1	7.990e2
1290.9	2.594e3
1291.7	2.440e3
1292.5	3.694e3
1293.4	2.407e3
1294.3	3.397e3
1294.8	2.200e1
1295.4	3.764e3
1296.3	2.636e3
1297.2	1.165e3
1298.0	4.089e3
1299.0	2.706e3
1300.0	3.553e3
1300.7	7.280e2
1301.4	2.860e3
1302.3	1.643e3
1303.2	3.435e3
1304.0	1.470e3
1304.8	3.308e3
1305.6	1.669e3
1306.2	1.240e2
1306.7	2.611e3
1307.3	6.310e2
1307.9	3.477e3
1308.8	1.749e3
1309.6	2.419e3
1310.3	2.920e2
1311.0	3.537e3
1311.5	5.100e1
1312.0	3.294e3
1313.1	2.797e3
1313.6	6.800e1
1314.3	3.274e3
1314.9	6.890e2
1315.5	2.819e3
1316.2	7.580e2
1316.8	3.190e3
1317.8	2.395e3
1318.5	1.191e3
1319.3	2.798e3
1319.9	6.540e2
1320.6	3.176e3
1321.2	4.530e2
1321.8	3.351e3
1322.5	1.088e3
1323.2	3.167e3
1324.0	1.478e3
1324.8	3.284e3
1325.7	2.269e3
1326.3	3.380e2
1326.9	2.705e3
1327.7	2.068e3
1328.5	2.848e3
1329.4	3.244e3
1330.4	3.176e3
1331.2	1.332e3
1332.0	2.516e3
1332.8	2.730e3
1333.3	7.000e0
1333.9	2.459e3
1334.8	2.995e3
1335.4	3.670e2
1336.0	2.784e3
1337.0	3.661e3
1337.6	5.220e2
1338.3	4.255e3
1339.4	3.079e3
1340.0	4.360e2
1340.7	2.133e3
1341.2	1.150e2
1341.8	2.752e3
1342.7	2.240e3
1343.6	2.881e3
1344.3	5.760e2
1345.0	3.184e3
1345.6	1.700e1
1346.1	4.712e3
1347.0	2.005e3
1347.8	1.829e3
1348.8	3.112e3
1349.5	7.080e2
1350.2	2.751e3
1350.9	8.600e2
1351.7	2.222e3
1352.2	1.560e2
1352.8	2.905e3
1353.3	4.390e2
1353.9	3.692e3
1354.8	2.092e3
1355.6	1.520e3
1356.4	2.705e3
1357.3	1.680e3
1358.1	3.013e3
1359.0	1.333e3
1359.7	3.451e3
1360.4	8.680e2
1361.3	3.210e3
1362.1	1.607e3
1362.9	4.567e3
1363.9	2.617e3
1364.8	3.154e3
1365.5	1.680e2
1366.1	2.914e3
1366.9	1.426e3
1367.8	2.874e3
1368.7	2.322e3
1369.5	6.510e2
1370.4	2.952e3
1371.4	3.194e3
1371.9	2.560e2
1372.5	2.335e3
1373.2	5.470e2
1373.9	2.650e3
1374.6	7.720e2
1375.3	1.640e3
1376.1	3.626e3
1376.9	1.470e3
1377.9	1.999e3
1378.5	1.720e2
1379.1	2.605e3
1380.0	3.035e3
1380.9	3.306e3
1381.7	1.373e3
1382.5	2.281e3
1383.4	3.162e3
1384.4	2.017e3
1385.2	2.768e3
1385.8	5.340e2
1386.5	2.135e3
1387.1	3.160e2
1387.7	3.292e3
1388.3	7.130e2
1388.9	2.957e3
1389.6	1.596e3
1390.5	3.384e3
1391.2	1.170e3
1391.9	2.516e3
1392.7	4.610e2
1393.3	4.853e3
1394.1	1.122e3
1394.7	3.682e3
1395.4	9.740e2
1396.0	3.138e3
1396.8	1.775e3
1397.6	3.285e3
1398.3	1.111e3
1399.1	3.032e3
1399.9	1.436e3
1400.8	2.585e3
1401.6	8.750e2
1402.3	2.272e3
1402.9	7.650e2
1403.5	2.505e3
1404.2	6.760e2
1404.8	2.547e3
1405.8	2.404e3
1406.4	4.880e2
1407.1	3.805e3
1407.7	2.570e2
1408.2	3.015e3
1409.2	2.614e3
1409.8	2.350e2
1410.5	3.164e3
1411.1	7.450e2
1411.9	2.607e3
1412.7	1.689e3
1413.7	3.213e3
1414.2	5.900e1
1414.8	3.502e3
1415.8	3.107e3
1416.7	1.457e3
1417.5	1.808e3
1418.4	2.565e3
1419.0	3.770e2
1419.6	2.349e3
1420.5	1.981e3
1421.5	1.949e3
1422.4	1.244e3
1423.3	1.997e3
1424.3	2.203e3
1425.0	9.840e2
1425.7	3.099e3
1426.6	2.036e3
1427.2	2.080e2
1427.8	2.528e3
1428.6	4.170e2
1429.3	2.891e3
1429.8	6.300e1
1430.3	3.084e3
1431.2	1.404e3
1432.1	3.439e3
1432.8	1.220e3
1433.5	2.081e3
1434.1	5.300e2
1434.8	2.937e3
1435.8	2.014e3
1436.4	1.450e2
1437.0	3.021e3
1437.6	9.220e2
1438.3	3.169e3
1439.1	1.189e3
1440.0	2.838e3
1440.8	9.690e2
1441.5	3.812e3
1442.1	8.800e1
1442.6	3.412e3
1443.3	1.660e3
1444.2	3.069e3
1444.9	8.730e2
1445.7	3.341e3
1446.3	3.690e2
1446.9	2.328e3
1447.6	6.750e2
1448.3	2.393e3
1449.0	1.012e3
1449.6	2.898e3
1450.2	2.500e2
1450.8	2.897e3
1451.6	1.194e3
1452.5	1.838e3
1453.4	3.904e3
1453.9	3.700e1
1454.5	2.629e3
1455.1	3.880e2
1455.7	2.910e3
1456.3	5.600e2
1456.9	3.371e3
1457.8	2.229e3
1458.4	5.000e1
1458.9	3.507e3
1459.7	8.330e2
1460.3	3.907e3
1461.3	2.503e3
1461.8	1.770e2
1462.3	2.652e3
1463.1	1.334e3
1463.8	2.678e3
1464.8	2.368e3
1465.7	2.097e3
1466.4	9.450e2
1467.3	2.048e3
1467.8	9.000e1
1468.3	2.652e3
1468.9	1.810e2
1469.4	2.568e3
1470.3	1.791e3
1471.3	3.143e3
1472.2	2.789e3
1472.7	2.020e2
1473.3	3.744e3
1474.3	2.290e3
1475.0	1.120e3
1475.7	2.843e3
1476.3	4.630e2
1476.9	2.360e3
1477.5	3.790e2
1478.1	2.446e3
1479.0	2.813e3
1479.6	7.250e2
1480.3	2.413e3
1481.0	9.370e2
1481.8	4.363e3
1482.4	7.200e1
1482.9	3.065e3
1483.6	1.037e3
1484.4	2.591e3
1485.1	6.140e2
1485.8	2.021e3
1486.3	1.010e2
1486.8	2.420e3
1487.7	2.451e3
1488.6	2.822e3
1489.6	1.788e3
1490.5	2.235e3
1491.2	1.238e3
1492.0	2.581e3
1492.5	6.700e1
1493.0	2.214e3
1493.9	3.437e3
1494.7	1.619e3
1495.6	2.015e3
1496.4	1.476e3
1497.3	3.156e3
1497.9	7.690e2
1498.7	2.312e3
1499.6	2.401e3
1500.4	1.539e3
1501.2	2.336e3
1501.9	3.410e2
1502.6	3.888e3
1503.2	1.052e3
1503.9	2.673e3
1504.6	5.070e2
1505.4	2.580e3
1506.1	6.450e2
1506.9	3.185e3
1507.6	8.340e2
1508.4	2.403e3
1509.0	4.240e2
1509.5	2.693e3
1510.1	2.070e2
1510.6	2.929e3
1511.1	1.000e1
1511.6	2.387e3
1512.5	1.645e3
1513.3	2.033e3
1514.0	4.100e2
1514.7	2.826e3
1515.5	1.271e3
1516.3	2.794e3
1517.1	2.081e3
1518.0	2.759e3
1518.7	5.760e2
1519.3	2.734e3
1520.1	1.482e3
1521.0	2.653e3
1521.9	2.075e3
1522.5	2.110e2
1523.1	3.640e3
1523.6	1.990e2
1524.2	2.359e3
1524.8	2.790e2
1525.4	2.414e3
1526.0	1.600e2
1526.5	2.685e3
1527.1	7.910e2
1527.8	2.993e3
1528.5	6.680e2
1529.2	2.265e3
1529.7	4.200e1
1530.2	1.604e3
1530.9	5.800e2
1531.6	2.545e3
1532.2	1.028e3
1532.9	1.982e3
1533.9	2.119e3
1534.8	2.318e3
1535.4	9.600e1
1535.9	2.684e3
1536.8	1.260e3
1537.6	2.749e3
1538.3	5.350e2
1538.9	3.015e3
1539.8	7.510e2
1540.5	1.285e3
1541.5	3.339e3
1542.4	1.909e3
1543.1	5.070e2
1543.8	2.959e3
1544.6	7.160e2
1545.3	2.342e3
1546.1	6.540e2
1546.8	1.862e3
1547.4	3.000e1
1547.9	3.032e3
1548.6	3.030e2
1549.2	2.230e3
1550.2	1.944e3
1551.2	2.301e3
1552.1	1.519e3
1553.0	2.526e3
1553.8	1.148e3
1554.5	2.881e3
1555.1	4.920e2
1555.8	2.420e3
1556.7	1.685e3
1557.6	2.546e3
1558.1	6.500e1
1558.6	1.697e3
1559.6	2.130e3
1560.2	3.320e2
1560.7	1.735e3
1561.6	2.570e3
1562.3	9.310e2
1563.0	3.170e3
1563.7	4.180e2
1564.5	2.509e3
1565.0	1.990e2
1565.6	3.062e3
1566.3	5.500e2
1566.9	2.460e3
1567.9	2.141e3
1568.9	1.916e3
1569.8	2.231e3
1570.4	1.450e2
1571.0	2.098e3
1572.0	1.179e3
1572.7	2.257e3
1573.5	4.410e2
1574.2	1.353e3
1575.2	2.002e3
1576.1	3.304e3
1576.9	1.007e3
1577.7	2.343e3
1578.3	3.330e2
1578.9	2.503e3
1579.5	2.700e2
1580.1	2.452e3
1581.0	2.525e3
1581.8	1.087e3
1582.5	2.713e3
1583.1	2.860e2
1583.7	2.757e3
1584.5	1.529e3
1585.4	3.068e3
1586.1	9.120e2
1586.8	2.277e3
1587.7	2.294e3
1588.3	5.800e1
1588.8	3.003e3
1589.8	2.457e3
1590.6	1.160e3
1591.4	2.858e3
1592.2	1.360e3
1593.0	3.110e3
1593.9	1.919e3
1594.7	9.040e2
1595.6	1.747e3
1596.2	9.200e1
1596.7	2.899e3
1597.2	1.400e1
1597.8	1.844e3
1598.4	6.900e1
1599.0	2.042e3
1599.7	8.250e2
1600.4	3.059e3
1601.2	7.960e2
1601.8	5.600e1
1602.3	2.357e3
1603.3	2.494e3
1604.3	1.699e3
1605.0	3.970e2
1605.7	2.309e3
1606.6	2.108e3
1607.2	2.990e2
1607.8	2.184e3
1608.4	1.100e1
1608.9	2.485e3
1609.9	2.920e3
1610.6	1.086e3
1611.5	1.830e3
1612.3	1.754e3
1612.8	4.000e1
1613.4	2.230e3
1614.4	2.348e3
1615.2	1.600e3
1616.1	2.503e3
1617.1	1.608e3
1617.8	6.270e2
1618.5	2.553e3
1619.2	9.730e2
1619.9	2.210e3
1620.8	1.647e3
1621.4	8.400e1
1622.0	2.212e3
1622.7	1.135e3
1623.4	2.480e3
1624.1	4.100e2
1624.7	2.125e3
1625.3	3.650e2
1625.9	1.907e3
1627.0	1.825e3
1627.9	2.594e3
1628.7	2.600e2
1629.3	2.771e3
1629.8	2.980e2
1630.5	2.405e3
1631.4	1.624e3
1632.3	1.404e3
1633.1	2.013e3
1633.9	6.520e2
1634.6	4.000e3
1635.5	1.851e3
1636.2	5.900e2
1636.9	2.273e3
1637.7	4.630e2
1638.4	2.252e3
1639.0	5.630e2
1639.6	2.933e3
1640.6	2.431e3
1641.1	6.100e1
1641.7	2.250e3
1642.3	2.170e2
1642.9	2.339e3
1643.9	1.981e3
1644.7	3.319e3
1645.4	1.530e3
1646.2	2.371e3
1647.3	2.686e3
1648.0	2.770e2
1648.7	1.543e3
1649.6	2.127e3
1650.6	2.975e3
1651.4	2.280e2
1652.1	2.525e3
1652.7	7.180e2
1653.4	1.780e3
1653.9	2.090e2
1654.5	2.055e3
1655.3	1.726e3
1656.1	3.711e3
1657.2	1.509e3
1658.0	1.992e3
1659.0	2.669e3
1659.6	3.280e2
1660.3	2.407e3
1660.8	5.000e1
1661.4	2.539e3
1662.3	1.908e3
1663.3	1.990e3
1664.2	1.286e3
1665.3	1.630e3
1666.2	2.053e3
1667.2	2.038e3
1668.1	9.850e2
1669.0	2.702e3
1669.8	1.221e3
1670.6	2.368e3
1671.2	3.900e1
1671.8	3.521e3
1672.5	4.770e2
1673.0	1.701e3
1674.0	2.469e3
1674.8	1.121e3
1675.6	2.415e3
1676.6	2.280e3
1677.1	8.100e1
1677.7	2.541e3
1678.2	9.500e1
1678.7	2.911e3
1679.2	3.900e1
1679.7	2.424e3
1680.4	2.810e2
1681.0	1.679e3
1681.7	4.430e2
1682.5	1.794e3
1683.2	8.750e2
1684.0	2.068e3
1684.8	1.148e3
1685.5	4.140e2
1686.2	2.919e3
1687.0	1.273e3
1687.9	2.504e3
1688.4	8.100e1
1688.9	2.436e3
1689.5	4.260e2
1690.3	1.503e3
1691.0	6.360e2
1691.7	2.612e3
1692.6	1.097e3
1693.5	2.117e3
1694.3	1.068e3
1695.1	2.588e3
1696.1	2.811e3
1697.0	1.621e3
1698.0	2.634e3
1698.8	1.443e3
1699.6	2.718e3
1700.6	2.675e3
1701.2	3.050e2
1701.8	1.987e3
1702.7	1.177e3
1703.5	1.813e3
1704.1	6.390e2
1704.8	3.019e3
1705.4	7.600e1
1706.0	1.560e3
1707.0	7.290e2
1707.9	2.410e3
1708.9	1.636e3
1709.5	3.530e2
1710.1	1.701e3
1710.7	3.430e2
1711.3	2.753e3
1712.2	1.531e3
1713.1	2.766e3
1713.9	9.610e2
1714.8	1.840e3
1715.8	2.573e3
1716.8	2.016e3
1717.7	1.698e3
1718.5	6.910e2
1719.2	2.149e3
1720.1	1.515e3
1720.7	7.910e2
1721.4	2.165e3
1722.3	1.070e3
1723.2	1.147e3
1724.1	1.937e3
1724.6	1.400e2
1725.2	2.825e3
1726.2	1.586e3
1727.0	9.070e2
1727.6	1.722e3
1728.6	2.858e3
1729.2	2.620e2
1729.9	2.517e3
1730.4	1.360e2
1731.0	1.577e3
1732.0	2.249e3
1732.8	1.109e3
1733.6	2.356e3
1734.5	1.097e3
1735.3	2.301e3
1736.2	1.574e3
1736.9	2.700e3
1737.8	1.488e3
1738.5	5.910e2
1739.1	3.374e3
1740.1	1.670e3
1740.8	4.820e2
1741.6	2.477e3
1742.5	2.271e3
1743.1	4.000e1
1743.7	2.474e3
1744.5	8.050e2
1745.3	1.928e3
1746.2	1.472e3
1747.1	2.301e3
1747.9	7.640e2
1748.7	1.336e3
1749.6	2.120e3
1750.3	6.880e2
1751.0	2.001e3
1751.8	8.140e2
1752.6	1.986e3
1753.5	1.988e3
1754.3	1.427e3
1755.2	1.287e3
1755.9	2.049e3
1756.8	9.040e2
1757.6	1.361e3
1758.4	2.045e3
1759.4	1.637e3
1760.1	4.160e2
1760.7	1.837e3
1761.6	1.902e3
1762.3	3.350e2
1762.9	2.675e3
1763.5	5.090e2
1764.3	2.301e3
1765.3	1.657e3
1765.9	1.360e2
1766.4	1.602e3
1767.0	5.400e1
1767.7	2.420e3
1768.4	1.290e2
1769.0	2.282e3
1769.8	1.999e3
1770.5	2.098e3
1771.1	9.300e1
1771.7	2.819e3
1772.5	1.224e3
1773.4	2.012e3
1774.3	1.777e3
1775.2	9.260e2
1776.0	1.672e3
1776.9	1.584e3
1777.8	1.745e3
1778.8	1.495e3
1779.7	2.375e3
1780.5	1.085e3
1781.4	1.934e3
1782.0	4.190e2
1782.7	2.033e3
1783.6	1.138e3
1784.5	1.748e3
1785.1	1.260e2
1785.6	2.401e3
1786.4	1.151e3
1787.2	2.076e3
1788.1	1.939e3
1789.0	1.329e3
1789.5	4.000e1
1790.1	1.447e3
1791.0	3.224e3
1792.0	1.979e3
1792.9	8.000e2
1793.9	2.162e3
1794.5	7.220e2
1795.3	1.729e3
1795.9	1.260e2
1796.5	1.810e3
1797.0	5.100e1
1797.6	2.301e3
1798.5	1.240e3
1799.5	1.988e3
1800.3	2.073e3
1801.3	1.148e3
1801.9	3.700e2
1802.6	2.187e3
1803.5	2.174e3
1804.1	4.100e1
1804.6	1.701e3
1805.3	2.920e2
1806.0	2.068e3
1806.6	1.790e2
1807.3	1.667e3
1808.1	2.189e3
1808.7	2.460e2
1809.3	2.777e3
1810.0	1.265e3
1811.0	1.350e3
1811.5	2.130e2
1812.1	1.685e3
1812.7	2.700e2
1813.3	1.790e3
1813.8	5.900e1
1814.3	1.755e3
1815.0	2.900e2
1815.8	1.227e3
1816.7	2.587e3
1817.4	6.900e2
1818.0	1.860e3
1818.7	6.500e2
1819.4	2.236e3
1820.2	2.790e2
1820.9	1.317e3
1821.8	1.895e3
1822.8	1.636e3
1823.8	1.253e3
1824.6	2.488e3
1825.2	3.670e2
1825.8	2.297e3
1826.3	1.510e2
1826.9	2.569e3
1827.4	7.000e0
1828.0	1.126e3
1829.0	5.570e2
1829.6	3.689e3
1830.4	6.280e2
1831.1	1.593e3
1831.6	1.240e2
1832.2	2.295e3
1832.7	1.300e1
1833.2	1.785e3
1834.0	1.120e3
1834.8	1.903e3
1835.7	8.390e2
1836.5	1.658e3
1837.3	1.741e3
1837.9	1.820e2
1838.4	2.564e3
1839.3	2.041e3
1840.2	5.120e2
1841.0	2.488e3
1842.0	3.264e3
1842.5	3.920e2
1843.1	2.138e3
1843.6	2.800e1
1844.2	1.824e3
1844.9	5.450e2
1845.8	2.102e3
1846.8	1.514e3
1847.3	2.800e1
1847.8	2.214e3
1848.6	6.710e2
1849.5	2.591e3
1850.0	2.990e2
1850.7	2.149e3
1851.5	7.000e2
1852.3	2.037e3
1852.9	1.900e1
1853.5	1.386e3
1854.0	1.690e2
1854.6	1.953e3
1855.3	6.860e2
1856.2	1.907e3
1857.2	1.831e3
1858.1	1.421e3
1858.8	2.230e2
1859.4	1.772e3
1860.0	1.810e2
1860.5	2.245e3
1861.4	9.110e2
1862.3	2.033e3
1863.0	4.170e2
1863.7	1.755e3
1864.4	6.490e2
1865.1	1.956e3
1866.0	9.710e2
1866.8	1.541e3
1867.4	5.900e1
1868.0	2.232e3
1868.5	1.040e2
1869.1	1.644e3
1869.7	3.260e2
1870.5	1.810e3
1871.5	1.205e3
1872.4	1.802e3
1873.5	1.732e3
1874.4	2.393e3
1875.3	7.370e2
1876.1	1.065e3
1877.1	1.753e3
1878.1	1.258e3
1878.7	2.500e1
1879.2	1.125e3
1880.1	1.898e3
1881.1	1.547e3
1881.8	1.490e2
1882.4	1.851e3
1882.9	4.800e1
1883.5	1.566e3
1884.3	1.951e3
1885.3	1.490e3
1885.8	2.500e1
1886.4	4.790e2
1887.2	1.824e3
1887.9	4.190e2
1888.6	8.840e2
1889.5	2.063e3
1890.2	6.690e2
1890.9	1.988e3
1891.5	1.360e2
1892.1	6.680e2
1892.9	1.622e3
1893.8	1.948e3
1894.4	2.840e2
1895.0	1.456e3
1896.0	1.489e3
1896.6	1.880e2
1897.1	2.209e3
1897.9	7.410e2
1898.8	1.870e3
1899.6	1.086e3
1900.3	1.574e3
1901.0	2.440e2
1901.7	1.160e3
1902.3	2.330e2
1902.9	1.284e3
1903.5	2.210e2
1904.1	1.461e3
1905.1	2.590e3
1905.8	1.310e2
1906.4	2.137e3
1907.5	1.632e3
1908.5	1.853e3
1909.1	3.500e2
1909.8	1.915e3
1910.7	2.056e3
1911.6	8.970e2
1912.5	1.441e3
1913.2	4.500e2
1913.8	1.403e3
1914.7	9.430e2
1915.5	1.997e3
1916.5	2.094e3
1917.2	4.580e2
1917.8	1.655e3
1918.7	1.387e3
1919.3	3.700e1
1919.8	2.125e3
1920.9	1.474e3
1921.8	1.948e3
1922.3	5.400e1
1922.8	1.598e3
1923.7	1.169e3
1924.5	6.960e2
1925.3	1.336e3
1926.1	4.000e2
1926.7	1.369e3
1927.3	1.800e2
1927.9	1.474e3
1928.5	5.360e2
1929.3	2.065e3
1930.2	1.274e3
1930.8	2.510e2
1931.4	1.995e3
1932.4	1.372e3
1933.1	2.060e2
1933.7	1.680e3
1934.6	1.867e3
1935.4	1.148e3
1936.0	1.750e2
1936.5	1.639e3
1937.1	2.150e2
1937.8	1.715e3
1938.7	1.333e3
1939.3	6.710e2
1940.1	1.935e3
1940.8	3.520e2
1941.5	1.655e3
1942.2	2.650e2
1942.8	1.458e3
1943.8	1.173e3
1944.4	7.400e1
1944.9	2.064e3
1946.1	1.218e3
1946.7	6.550e2
1947.5	1.148e3
1948.0	1.010e2
1948.6	1.909e3
1949.4	8.400e2
1950.2	1.753e3
1951.2	8.420e2
1952.2	1.274e3
1952.8	1.390e2
1953.3	1.371e3
1954.0	3.510e2
1954.6	1.133e3
1955.5	1.917e3
1956.5	1.995e3
1957.3	4.900e2
1957.9	2.009e3
1958.5	4.650e2
1959.2	1.500e3
1960.1	3.850e2
1960.9	1.950e3
1961.5	4.420e2
1962.1	1.483e3
1962.8	7.100e1
1963.3	9.690e2
1964.1	1.570e2
1964.6	2.041e3
1965.3	4.090e2
1966.1	1.751e3
1966.8	8.730e2
1967.4	1.900e1
1967.9	1.853e3
1968.4	2.600e1
1968.9	1.091e3
1969.9	1.624e3
1970.4	3.900e1
1971.0	1.681e3
1971.5	9.600e1
1972.2	2.074e3
1973.1	8.980e2
1974.0	1.673e3
1974.9	1.757e3
1975.5	3.790e2
1976.1	1.345e3
1976.7	1.080e2
1977.3	1.822e3
1978.0	5.770e2
1978.7	1.817e3
1979.4	5.010e2
1980.1	1.260e3
1980.6	7.900e1
1981.2	1.352e3
1981.9	1.880e2
1982.5	1.219e3
1983.7	1.678e3
1984.3	6.100e2
1985.1	1.667e3
1985.7	1.540e2
1986.3	7.250e2
1987.3	1.131e3
1987.8	1.630e2
1988.5	1.399e3
1989.2	4.250e2
1990.0	1.196e3
1990.5	9.600e1
1991.1	7.550e2
1991.8	2.300e3
1992.8	1.599e3
1993.6	7.810e2
1994.1	3.500e1
1994.7	2.034e3
1995.3	6.600e1
1995.9	1.196e3
1996.8	1.975e3
1997.7	1.240e3
1998.6	7.700e2
1999.6	1.290e3
