100.3	1.581e5
100.9	8.618e5
101.5	4.405e3
102.1	2.129e6
103.1	2.049e5
103.6	1.597e3
104.1	8.351e5
105.1	1.405e5
106.0	2.175e5
106.6	4.703e3
107.1	1.846e5
107.7	2.843e4
108.3	1.078e6
109.1	5.525e5
110.0	2.572e6
110.6	4.410e2
111.1	4.989e6
112.1	1.910e6
113.0	7.057e5
114.0	2.027e6
115.0	9.107e5
116.0	7.515e5
117.1	1.590e5
118.0	1.072e6
119.0	2.945e5
119.6	2.578e3
120.1	7.996e5
121.1	3.711e5
121.6	1.343e3
122.2	2.299e6
123.1	5.537e5
124.1	1.736e5
125.1	1.702e5
126.0	6.042e5
126.6	4.440e2
127.1	2.508e5
128.1	1.457e5
129.0	4.260e5
129.5	2.393e3
130.1	3.607e5
131.1	1.485e6
132.1	7.343e5
133.0	2.179e5
133.5	2.726e3
134.1	2.252e5
134.6	3.920e2
135.1	6.835e4
136.1	7.607e5
136.6	1.775e3
137.1	1.921e5
138.1	2.033e6
139.1	1.235e6
140.1	6.707e5
141.1	1.867e6
142.1	1.042e6
143.1	2.913e5
144.1	5.905e5
145.1	5.513e5
146.1	3.425e5
146.6	9.110e2
147.1	4.209e5
148.1	1.530e5
149.1	4.455e5
149.6	1.764e3
150.2	4.712e5
151.2	1.390e5
152.1	1.125e5
153.1	8.869e4
154.0	1.576e5
154.6	1.620e2
155.1	4.740e5
155.6	8.020e2
156.1	2.185e5
157.1	3.649e5
158.1	3.598e6
159.1	1.967e6
160.1	5.315e5
160.6	1.071e3
161.1	1.475e5
162.1	2.278e5
162.6	1.704e3
163.1	2.377e5
164.1	3.268e5
164.6	1.025e3
165.2	1.687e5
166.1	1.600e5
166.7	8.519e3
167.3	3.637e5
168.1	2.258e5
169.1	1.012e5
170.1	2.055e5
170.7	5.600e2
171.2	9.443e5
172.1	4.316e5
173.1	2.131e5
173.7	6.430e2
174.2	2.081e5
175.2	1.501e5
176.2	1.478e5
177.0	4.453e5
177.6	1.000e4
178.2	1.373e5
179.2	2.613e5
180.2	1.120e5
181.2	1.567e5
182.1	1.572e5
183.1	4.285e5
183.6	1.930e2
184.2	1.453e5
185.1	6.824e5
186.1	2.542e5
187.1	6.791e5
187.6	7.390e2
188.2	3.889e5
189.1	1.340e5
189.6	2.395e3
190.2	2.027e5
191.2	1.390e5
192.2	1.521e5
193.2	1.304e5
193.7	1.902e3
194.2	4.352e5
195.2	1.745e5
196.3	3.537e6
197.3	6.275e5
198.3	1.416e6
199.3	2.816e5
200.1	4.144e5
200.6	6.560e2
201.1	1.672e5
201.7	8.010e2
202.2	1.234e5
203.2	1.896e5
203.7	1.656e3
204.2	8.316e5
205.2	2.435e5
206.2	1.390e5
207.2	1.303e5
208.2	9.494e4
209.1	2.769e5
209.6	2.246e3
210.2	1.501e5
211.1	1.042e5
211.6	1.061e3
212.2	2.221e5
213.1	9.649e4
214.2	6.374e6
215.2	8.551e5
216.2	5.516e5
217.2	3.109e5
217.7	6.870e2
218.3	1.133e6
219.3	2.521e5
220.2	2.549e5
221.2	1.409e5
222.2	9.935e4
223.2	7.802e4
224.1	1.568e5
225.2	9.478e4
226.1	1.769e5
227.1	5.420e5
227.6	1.080e3
228.2	1.758e5
228.7	3.083e3
229.2	2.518e5
230.2	1.020e5
231.1	1.336e5
232.1	1.742e5
232.7	1.363e3
233.2	1.283e5
234.2	1.199e5
235.1	9.583e4
236.2	1.254e6
237.2	4.501e5
237.7	2.960e2
238.2	1.790e5
238.7	2.136e3
239.2	2.028e5
240.2	9.987e4
240.7	2.255e3
241.3	1.186e5
242.1	1.652e5
242.7	1.616e3
243.2	1.521e5
244.2	1.364e5
244.7	1.026e3
245.2	1.144e5
246.2	9.032e4
247.2	8.356e4
248.1	1.063e5
248.6	2.025e3
249.2	7.885e4
250.2	1.692e5
250.7	3.040e3
251.2	1.018e5
252.2	8.094e4
253.1	1.897e5
254.1	1.513e5
255.1	2.284e5
255.7	2.010e3
256.2	8.410e4
257.2	1.393e5
257.7	1.997e3
258.2	1.075e5
259.2	2.811e5
260.2	1.292e5
260.7	1.084e3
261.2	1.449e5
262.3	1.140e5
263.2	1.328e5
264.2	8.558e4
264.8	8.884e3
265.4	1.227e5
266.2	1.384e5
266.7	2.852e3
267.3	1.705e5
268.2	9.109e4
269.2	6.867e4
270.1	8.708e4
270.7	1.559e3
271.2	1.270e5
272.2	8.295e4
272.7	3.720e2
273.2	1.135e5
273.7	2.020e2
274.2	1.039e5
275.2	9.116e4
276.2	9.768e4
276.7	1.503e3
277.2	1.560e5
278.2	1.454e5
278.7	8.970e2
279.2	1.690e5
280.2	9.127e4
281.2	1.206e5
281.7	2.919e3
282.2	1.238e5
282.7	1.517e3
283.3	1.498e5
283.8	1.238e3
284.3	1.101e5
285.2	1.201e5
286.2	6.675e4
287.2	8.167e4
288.2	7.933e4
288.7	5.750e2
289.2	1.303e5
289.7	9.630e2
290.2	1.053e5
291.2	7.774e4
292.2	8.271e4
292.7	9.900e2
293.2	5.743e4
294.2	1.265e5
295.2	8.795e4
296.2	1.403e5
296.7	1.699e3
297.3	1.000e5
298.2	1.145e5
299.2	7.773e4
300.2	7.545e4
300.7	1.739e3
301.3	1.688e5
302.2	8.542e4
302.7	1.268e3
303.2	1.045e5
304.1	1.062e5
304.7	1.663e3
305.2	1.092e5
305.7	1.040e3
306.2	6.717e4
307.2	9.201e4
308.2	1.202e5
309.2	1.116e5
309.8	2.919e3
310.3	1.082e5
311.3	1.357e5
312.3	8.029e4
312.8	1.076e3
313.3	1.719e5
314.2	1.008e5
314.7	1.064e3
315.3	1.256e5
316.2	9.904e4
316.7	4.450e2
317.2	8.566e4
318.2	7.416e4
319.2	8.121e4
319.7	1.803e3
320.2	7.242e4
321.2	1.144e5
321.7	7.630e2
322.2	7.715e4
322.7	1.114e3
323.2	7.263e4
323.7	3.760e2
324.3	7.000e4
324.8	3.986e3
325.4	1.645e5
326.3	1.355e5
327.2	1.214e5
327.8	3.747e3
328.3	9.327e4
329.3	8.854e4
330.2	1.259e5
330.7	2.152e3
331.2	2.336e5
332.2	1.443e5
332.7	1.091e3
333.3	1.027e5
334.2	8.837e4
334.7	1.467e3
335.2	9.349e4
335.8	1.344e3
336.3	7.386e4
337.3	1.352e5
337.8	5.531e3
338.3	1.122e5
339.3	2.023e5
340.3	1.017e5
340.9	4.445e3
341.4	1.961e5
342.4	9.787e4
343.3	8.718e4
344.2	7.242e4
345.2	6.375e4
346.1	7.671e4
346.7	1.118e4
347.4	9.858e4
348.3	7.513e4
349.2	1.789e5
349.7	7.590e2
350.2	9.556e4
351.2	9.252e4
352.2	8.980e4
352.8	6.114e3
353.4	1.734e5
354.2	2.231e5
354.8	2.439e3
355.3	2.126e5
356.3	9.098e4
357.2	1.064e5
357.7	1.638e3
358.2	8.289e4
358.8	3.651e3
359.3	2.017e5
360.3	1.024e5
361.3	8.949e4
362.2	6.263e4
363.1	1.633e5
363.7	3.338e3
364.2	6.654e4
364.8	5.434e3
365.3	1.184e5
366.3	8.581e4
366.8	9.850e2
367.3	1.027e5
368.3	6.691e4
368.9	9.014e3
369.4	4.017e5
370.0	5.050e2
370.5	1.585e5
371.4	8.314e4
372.3	7.826e4
373.3	5.946e4
374.3	5.316e4
374.8	8.590e2
375.3	8.153e4
375.8	3.165e3
376.4	7.491e4
377.3	9.271e4
378.3	6.301e4
379.2	8.886e4
380.2	8.034e4
380.8	3.118e3
381.3	1.193e5
382.3	6.179e4
382.9	6.759e3
383.4	1.997e5
384.4	8.630e4
385.4	1.059e5
386.3	6.364e4
387.3	7.398e4
388.2	5.245e4
389.2	5.491e4
389.8	1.289e3
390.3	4.574e4
390.8	7.150e2
391.3	8.891e4
391.8	1.770e3
392.4	6.605e4
393.4	1.721e5
393.9	1.621e3
394.4	9.905e4
395.4	7.064e4
396.3	4.680e4
396.8	4.949e3
397.4	1.198e5
398.4	6.806e4
398.9	2.434e3
399.4	1.773e5
400.4	7.138e4
401.0	1.252e4
401.6	1.091e5
402.5	5.601e4
403.3	3.367e4
404.1	4.592e4
404.7	7.385e3
405.4	6.969e4
406.4	5.319e4
407.3	6.545e4
407.9	1.824e3
408.4	6.701e4
409.3	1.218e5
410.3	6.075e4
410.8	3.310e3
411.4	6.924e4
412.3	4.692e4
412.9	5.411e3
413.5	2.576e5
414.0	1.106e3
414.5	1.026e5
415.4	6.703e4
416.0	8.127e3
416.5	1.097e5
417.5	9.184e4
418.4	3.875e4
419.4	5.326e4
420.3	4.836e4
421.3	6.378e4
422.3	5.090e4
422.9	4.356e3
423.5	1.310e5
424.3	6.770e4
424.9	2.419e3
425.4	6.999e4
426.4	4.784e4
426.9	7.167e3
427.5	1.938e5
428.0	2.736e3
428.5	8.153e4
429.4	7.047e4
430.4	7.217e4
431.2	1.769e5
432.2	6.293e4
432.8	3.829e3
433.3	4.766e4
433.9	3.300e3
434.4	4.378e4
435.4	7.066e4
436.4	5.814e4
436.9	9.710e2
437.4	7.217e4
437.9	3.849e3
438.5	2.250e5
439.4	9.012e4
439.9	1.344e3
440.4	4.242e4
441.0	1.314e3
441.5	1.282e5
442.5	6.329e4
443.5	1.452e5
444.5	7.162e4
445.0	6.021e3
445.6	1.482e5
446.5	6.679e4
447.3	5.111e4
448.3	3.979e4
448.9	6.807e3
449.4	7.722e4
450.3	4.628e4
451.3	7.891e4
451.9	1.247e4
452.5	1.114e5
453.5	1.131e5
454.4	5.567e4
454.9	1.390e3
455.4	6.752e4
455.9	1.266e3
456.4	4.874e4
457.0	5.175e3
457.5	2.145e5
458.5	9.762e4
459.5	8.344e4
460.5	1.363e5
461.4	6.283e4
462.4	4.378e4
462.9	1.314e3
463.4	6.728e4
464.0	3.150e3
464.5	1.619e5
465.5	1.002e5
466.5	1.231e5
467.1	4.974e3
467.6	1.659e5
468.5	6.864e4
469.0	2.612e3
469.5	6.816e4
470.4	5.458e4
471.0	1.949e3
471.5	2.178e5
472.5	8.617e4
473.5	8.639e4
474.0	4.509e3
474.6	9.992e4
475.5	8.950e4
476.4	5.397e4
476.9	1.615e3
477.4	4.440e4
478.0	4.240e3
478.6	4.237e4
479.5	8.954e4
480.5	1.341e5
481.5	9.290e4
482.0	4.970e3
482.6	1.936e5
483.5	8.109e4
484.4	3.784e4
485.0	3.465e3
485.5	1.211e5
486.5	8.260e4
487.5	1.456e5
488.0	1.601e3
488.5	7.933e4
489.1	1.594e3
489.6	1.417e5
490.5	6.281e4
491.4	4.524e4
491.9	2.247e3
492.5	3.739e4
493.5	6.593e4
494.5	6.749e4
495.4	1.270e5
496.0	2.741e3
496.5	2.135e5
497.5	1.363e5
498.4	6.228e4
499.3	1.141e5
499.8	1.638e3
500.4	5.747e4
501.0	5.058e3
501.5	2.049e5
502.5	1.280e5
503.5	8.006e4
504.0	1.263e3
504.5	1.354e5
505.4	5.459e4
506.4	6.029e4
506.9	1.443e3
507.5	5.746e4
508.5	6.814e4
509.4	9.810e4
510.0	7.575e3
510.5	7.724e4
511.1	1.465e3
511.6	1.510e5
512.4	6.307e4
513.4	5.874e4
514.0	5.549e3
514.5	4.217e4
515.6	2.348e5
516.6	1.060e5
517.5	6.530e4
518.0	2.356e3
518.6	1.574e5
519.5	9.549e4
520.5	5.929e4
521.4	4.296e4
522.0	4.621e3
522.5	1.222e5
523.0	7.600e2
523.5	9.273e4
524.1	5.670e2
524.6	1.325e5
525.5	1.095e5
526.5	1.180e5
527.4	9.077e4
528.4	6.095e4
529.0	5.269e3
529.6	1.198e5
530.6	6.613e4
531.5	1.416e5
532.0	6.680e2
532.5	7.365e4
533.1	4.821e3
533.6	1.156e5
534.6	5.089e4
535.5	3.421e4
536.4	4.970e4
536.9	6.790e2
537.4	6.036e4
538.4	8.452e4
538.9	2.950e2
539.4	5.825e4
540.0	9.241e3
540.7	1.094e5
541.6	8.792e4
542.5	4.308e4
543.5	7.540e4
544.5	8.249e4
545.0	6.400e2
545.5	1.874e5
546.5	1.168e5
547.5	7.628e4
548.1	4.688e3
548.6	8.939e4
549.5	4.002e4
550.5	4.253e4
551.0	3.416e3
551.6	5.270e4
552.5	3.918e4
553.4	6.989e4
554.0	8.848e3
554.6	7.146e4
555.6	9.642e4
556.5	5.226e4
557.4	4.368e4
558.3	5.268e4
558.9	1.081e4
559.6	1.745e5
560.1	1.237e3
560.6	1.076e5
561.6	7.068e4
562.6	7.252e4
563.5	6.032e4
564.4	3.580e4
565.0	6.351e3
565.6	3.638e4
566.4	1.784e4
567.1	7.594e4
567.9	2.225e4
568.6	6.448e4
569.5	5.427e4
570.1	6.915e3
570.7	9.466e4
571.6	4.536e4
572.5	3.776e4
573.1	1.986e3
573.6	9.111e4
574.1	1.185e3
574.6	6.128e4
575.6	1.107e5
576.5	5.441e4
577.4	1.348e5
578.3	6.300e4
579.3	4.177e4
579.9	9.301e3
580.6	3.318e4
581.6	3.615e4
582.4	3.903e4
583.4	6.607e4
584.1	6.705e3
584.7	7.684e4
585.6	5.383e4
586.5	3.334e4
587.1	1.946e3
587.6	5.461e4
588.6	3.473e4
589.7	1.403e5
590.6	6.862e4
591.5	3.505e4
592.4	4.055e4
593.3	5.371e4
593.8	4.230e3
594.4	3.026e4
595.0	2.333e3
595.5	3.720e4
596.5	3.329e4
597.4	5.010e4
598.0	5.343e3
598.6	4.900e4
599.4	9.151e4
600.3	5.702e4
600.9	6.278e3
601.5	4.267e4
602.6	3.117e4
603.1	8.430e2
603.6	1.263e5
604.2	5.310e2
604.7	6.657e4
605.6	4.101e4
606.5	5.091e4
607.0	5.559e3
607.6	4.431e4
608.5	2.574e4
609.4	3.206e4
609.9	1.540e3
610.4	3.314e4
611.0	2.675e3
611.6	4.548e4
612.5	4.821e4
613.0	2.780e2
613.6	4.412e4
614.2	4.519e3
614.8	6.555e4
615.6	5.992e4
616.6	3.849e4
617.1	2.608e3
617.7	7.753e4
618.6	5.153e4
619.6	9.643e4
620.6	7.456e4
621.1	2.740e3
621.7	6.478e4
622.6	2.790e4
623.6	3.050e4
624.2	4.276e3
624.8	3.133e4
625.7	4.371e4
626.6	3.466e4
627.5	4.584e4
628.1	5.540e3
628.7	5.434e4
629.2	5.120e2
629.7	4.636e4
630.6	2.436e4
631.6	5.380e4
632.6	3.213e4
633.1	1.260e3
633.7	1.199e5
634.2	1.657e3
634.7	9.615e4
635.6	4.599e4
636.2	5.050e2
636.7	4.652e4
637.5	2.580e4
638.4	4.258e4
639.0	1.246e3
639.5	3.232e4
640.0	8.600e2
640.6	2.871e4
641.5	4.455e4
642.1	1.702e3
642.6	7.877e4
643.6	7.035e4
644.6	4.318e4
645.5	3.855e4
646.1	4.938e3
646.7	2.992e4
647.7	1.284e5
648.7	7.139e4
649.2	9.590e2
649.7	3.966e4
650.3	4.370e3
650.8	3.995e4
651.4	1.421e3
651.9	2.766e4
652.8	1.901e4
653.6	1.657e4
654.5	2.478e4
655.1	1.668e3
655.6	4.704e4
656.6	5.138e4
657.1	3.700e2
657.6	4.538e4
658.1	1.645e3
658.7	4.612e4
659.6	4.191e4
660.6	3.799e4
661.6	8.577e4
662.7	4.387e4
663.2	7.180e2
663.7	2.629e5
664.7	1.276e5
665.2	5.860e2
665.7	6.039e4
666.5	2.539e4
667.4	3.433e4
668.4	3.213e4
669.0	2.512e3
669.5	5.057e4
670.5	5.295e4
671.5	4.999e4
672.1	5.016e3
672.7	4.777e4
673.7	5.767e4
674.7	2.656e4
675.2	6.520e2
675.7	5.308e4
676.7	3.291e4
677.7	9.364e4
678.7	4.726e4
679.6	3.631e4
680.6	2.455e4
681.2	1.645e3
681.7	2.267e4
682.6	1.394e4
683.4	3.272e4
683.9	9.990e2
684.5	3.125e4
685.1	3.588e3
685.7	9.140e5
686.2	7.070e2
686.7	4.751e5
687.7	1.484e5
688.7	5.120e4
689.2	6.660e2
689.7	3.214e4
690.7	2.399e4
691.7	1.018e5
692.2	6.760e2
692.8	6.248e4
693.7	3.498e4
694.7	3.162e4
695.6	2.813e4
696.5	1.567e4
697.4	2.580e4
697.9	7.190e2
698.5	2.275e4
699.1	4.364e3
699.7	3.663e4
700.7	3.538e4
701.7	6.325e4
702.3	4.957e3
702.9	7.908e4
703.7	5.668e4
704.7	3.291e4
705.7	7.479e4
706.7	4.710e4
707.7	5.883e4
708.2	6.560e2
708.7	4.915e5
709.7	2.677e5
710.2	4.790e2
710.7	8.853e4
711.8	3.646e4
712.7	2.897e4
713.7	2.919e4
714.7	2.988e4
715.6	2.579e4
716.2	3.051e3
716.8	4.342e4
717.7	3.494e4
718.7	2.698e4
719.7	4.298e4
720.6	2.419e4
721.2	1.049e3
721.7	8.265e4
722.7	5.551e4
723.6	3.029e4
724.5	8.255e4
725.5	1.115e5
726.1	2.472e3
726.6	2.635e5
727.6	1.399e5
728.2	2.340e2
728.7	7.329e4
729.6	4.492e4
730.2	5.131e3
730.8	3.980e4
731.3	3.950e2
731.8	3.404e4
732.7	2.794e4
733.2	1.280e3
733.8	3.405e4
734.8	3.037e4
735.8	8.774e4
736.7	6.755e4
737.8	4.484e4
738.7	3.371e4
739.7	2.344e4
740.3	1.263e3
740.8	2.015e4
741.4	5.948e3
742.0	3.375e4
743.0	2.411e4
743.8	1.570e4
744.7	3.570e4
745.2	3.930e2
745.7	3.937e4
746.7	3.965e4
747.5	2.170e4
748.4	3.635e4
749.0	3.554e3
749.7	6.244e4
750.2	7.390e2
750.7	5.085e4
751.7	5.203e4
752.7	2.676e4
753.6	4.397e4
754.6	4.101e4
755.1	1.292e3
755.7	2.965e4
756.7	2.716e4
757.7	2.217e4
758.6	2.736e4
759.6	3.084e4
760.3	9.172e3
760.9	3.378e4
761.9	2.436e4
762.7	1.348e4
763.7	3.595e4
764.2	5.330e2
764.8	2.467e4
765.3	4.870e2
765.8	6.093e4
766.8	3.605e4
767.8	2.510e4
768.7	1.563e4
769.6	2.297e4
770.3	6.797e3
771.0	4.486e4
771.9	2.596e4
772.8	1.586e4
773.7	2.599e4
774.3	3.822e3
774.9	3.068e4
775.8	2.538e4
776.4	2.237e3
777.0	2.384e4
777.9	2.067e4
778.8	1.854e4
779.8	5.712e4
780.3	1.256e3
780.9	3.947e4
781.8	2.411e4
782.7	1.786e4
783.7	1.992e4
784.7	2.063e4
785.7	2.365e4
786.2	7.630e2
786.7	2.743e4
787.3	1.182e3
787.8	2.572e4
788.3	2.160e2
788.8	2.466e4
789.8	1.910e4
790.6	1.347e4
791.4	2.832e4
792.0	1.241e3
792.6	2.622e4
793.2	4.739e3
793.8	4.806e4
794.8	2.433e4
795.7	4.053e4
796.2	5.680e2
796.7	3.792e4
797.7	3.043e4
798.2	6.000e2
798.7	3.009e4
799.3	2.850e2
799.8	2.195e4
800.3	2.760e2
800.8	2.747e4
801.8	2.753e4
802.4	1.328e3
802.9	2.716e4
803.9	2.094e4
804.8	2.636e4
805.6	1.024e4
806.5	1.736e4
807.2	6.928e3
807.9	2.731e4
808.8	2.110e4
809.8	5.004e4
810.8	2.726e4
811.8	1.981e4
812.8	1.463e4
813.7	1.809e4
814.3	1.526e3
814.8	1.573e4
815.8	2.063e4
816.7	1.502e4
817.7	1.736e4
818.2	3.220e2
818.7	2.388e4
819.7	2.670e4
820.7	1.772e4
821.6	2.205e4
822.6	1.567e4
823.2	2.259e3
823.8	4.214e4
824.4	1.694e3
825.0	2.699e4
825.9	2.146e4
826.9	1.432e4
827.8	1.974e4
828.6	5.981e3
829.3	1.546e4
830.3	1.738e4
831.0	4.820e3
831.7	1.592e4
832.3	1.129e3
832.8	1.677e4
833.7	2.411e4
834.7	1.539e4
835.6	2.255e4
836.2	4.564e3
836.9	1.658e4
837.9	2.651e4
838.5	2.363e3
839.1	3.071e4
839.9	2.319e4
840.9	1.607e4
841.7	9.217e3
842.6	1.417e4
843.3	6.132e3
844.0	1.632e4
844.6	6.470e2
845.1	1.603e4
846.0	1.353e4
846.7	7.980e3
847.5	2.254e4
848.0	1.186e3
848.6	2.436e4
849.2	4.379e3
849.8	1.923e4
850.7	1.214e4
851.6	1.837e4
852.3	3.326e3
852.9	1.181e4
853.8	3.249e4
854.4	2.743e3
855.0	2.100e4
856.0	1.776e4
856.5	2.390e2
857.0	1.429e4
857.9	1.150e4
858.9	1.974e4
859.8	1.051e4
860.7	1.516e4
861.2	8.470e2
861.8	1.377e4
862.4	1.345e3
862.9	2.065e4
863.8	1.368e4
864.8	1.521e4
865.4	2.112e3
866.0	1.556e4
867.0	1.086e4
867.9	3.126e4
868.8	1.471e4
869.6	1.819e4
870.5	7.133e3
871.3	1.678e4
872.2	7.926e3
873.0	2.475e4
873.9	1.577e4
874.8	1.182e4
875.7	1.783e4
876.3	1.450e3
876.8	1.587e4
877.5	7.485e3
878.2	2.588e4
879.0	1.617e4
879.9	1.428e4
880.9	2.040e4
881.4	7.100e2
881.9	2.657e4
882.9	1.735e4
883.9	2.159e4
884.4	2.010e2
884.9	2.159e4
885.4	8.540e2
886.0	1.516e4
886.9	1.167e4
887.8	1.457e4
888.8	1.024e4
889.3	6.700e2
889.8	1.661e4
890.4	2.314e3
891.1	1.498e4
891.7	5.576e3
892.4	1.740e4
893.3	1.574e4
893.9	3.012e3
894.5	1.772e4
895.1	2.987e3
895.8	1.573e4
896.3	1.453e3
896.9	1.787e4
897.9	2.395e4
898.8	1.621e4
899.7	1.170e4
900.2	1.462e3
900.8	1.400e4
901.3	2.590e2
901.8	3.825e4
902.4	3.640e2
902.9	3.151e4
903.8	2.251e4
904.8	1.696e4
905.4	1.534e3
906.0	1.726e4
907.0	2.515e4
907.8	3.488e4
908.4	5.090e2
908.9	3.578e4
909.4	3.039e3
910.0	2.284e4
911.0	1.274e4
911.5	2.420e2
912.1	2.440e4
913.0	1.845e4
913.9	1.303e4
914.6	2.765e3
915.3	1.313e4
916.2	7.450e3
917.1	1.605e4
918.1	1.567e4
919.0	1.150e4
919.8	1.479e4
920.5	1.989e3
921.1	1.465e4
921.9	9.359e3
922.7	1.731e4
923.4	3.940e3
924.0	1.633e4
925.0	1.213e4
926.0	1.962e4
926.9	1.295e4
927.7	2.261e4
928.7	1.373e4
929.5	1.464e4
930.5	1.146e4
931.0	1.314e3
931.6	1.228e4
932.2	2.093e3
932.8	1.228e4
933.4	3.200e1
933.9	1.454e4
934.4	6.070e2
934.9	1.259e4
935.9	1.654e4
936.9	1.864e4
937.9	1.036e4
938.4	3.589e3
939.1	1.047e4
940.1	1.514e4
941.0	1.886e4
942.0	1.937e4
942.7	5.256e3
943.3	1.791e4
944.0	3.359e3
944.7	1.336e4
945.4	2.943e3
946.0	1.481e4
947.0	1.222e4
947.7	6.241e3
948.4	1.338e4
948.9	3.100e2
949.5	1.999e4
950.1	1.644e3
950.7	1.523e4
951.4	4.003e3
952.0	1.814e4
952.7	2.906e3
953.4	1.292e4
953.9	6.690e2
954.4	1.586e4
955.0	2.763e3
955.7	2.040e4
956.2	3.910e2
956.7	1.772e4
957.3	1.377e3
957.9	1.649e4
958.6	5.493e3
959.3	1.224e4
959.9	1.687e3
960.5	1.285e4
961.1	1.927e3
961.7	1.446e4
962.6	7.604e3
963.4	1.536e4
964.2	4.422e3
964.9	1.406e4
965.5	2.038e3
966.1	1.321e4
967.1	1.042e4
968.0	1.315e4
968.6	1.388e3
969.2	1.331e4
970.0	1.167e4
970.8	1.684e4
971.8	1.483e4
972.8	1.547e4
973.7	1.434e4
974.4	2.908e3
975.1	1.649e4
975.8	4.817e3
976.4	1.263e4
977.1	4.851e3
977.9	4.602e4
978.9	4.365e4
979.8	2.469e4
980.8	1.529e4
981.7	1.753e4
982.3	1.679e3
982.8	1.266e4
983.8	2.104e4
984.8	1.908e4
985.3	9.250e2
985.8	2.191e4
986.4	4.020e2
986.9	1.307e4
987.8	1.023e4
988.6	1.365e4
989.2	9.510e2
989.7	1.054e4
990.3	2.125e3
990.9	1.311e4
991.5	1.382e3
992.1	1.373e4
992.7	9.260e2
993.2	1.116e4
994.2	1.615e4
995.1	8.949e3
996.0	1.003e4
996.9	1.322e4
997.9	7.924e3
998.7	1.445e4
999.4	2.129e3
1000.0	1.582e4
1000.6	2.684e3
1001.2	1.254e4
1002.1	8.643e3
1003.0	1.020e4
1004.0	1.349e4
1004.7	3.644e3
1005.5	1.414e4
1006.4	1.004e4
1007.0	2.826e3
1007.6	1.602e4
1008.4	5.230e3
1009.0	1.308e4
1010.0	1.174e4
1011.0	7.951e3
1011.8	1.186e4
1012.4	1.063e3
1012.9	1.218e4
1013.9	1.988e4
1014.4	1.529e3
1015.0	1.627e4
1016.0	9.223e3
1016.8	7.720e3
1017.6	1.578e4
1018.4	3.564e3
1019.1	9.767e3
1019.9	7.762e3
1020.9	1.491e4
1021.7	9.022e3
1022.6	1.400e4
1023.2	3.109e3
1023.9	1.219e4
1024.9	1.446e4
1025.4	3.210e2
1025.9	1.071e4
1026.9	7.078e3
1027.7	1.187e4
1028.7	1.346e4
1029.4	7.067e3
1030.3	2.002e4
1031.2	1.044e4
1032.1	1.268e4
1033.0	9.941e3
1034.0	1.031e4
1035.0	1.172e4
1035.5	1.190e3
1036.0	1.041e4
1036.7	2.031e3
1037.3	1.534e4
1038.2	9.454e3
1038.8	1.790e3
1039.4	1.114e4
1040.4	1.287e4
1041.1	3.185e3
1041.7	1.375e4
1042.5	2.756e3
1043.2	1.988e4
1044.1	1.417e4
1044.8	2.246e3
1045.4	1.396e4
1046.0	2.302e3
1046.6	1.547e4
1047.3	5.633e3
1048.1	1.060e4
1048.6	5.640e2
1049.2	1.157e4
1050.1	1.041e4
1050.9	6.270e3
1051.7	9.651e3
1052.6	1.224e4
1053.4	7.306e3
1054.2	1.535e4
1055.2	8.797e3
1056.0	2.201e4
1057.0	1.922e4
1057.6	2.066e3
1058.2	1.644e4
1058.8	1.507e3
1059.3	1.441e4
1060.2	9.592e3
1061.1	1.444e4
1061.7	1.632e3
1062.3	1.164e4
1063.1	4.176e3
1063.8	9.502e3
1064.4	6.040e2
1064.9	1.053e4
1065.4	1.850e2
1066.0	1.241e4
1066.6	3.100e3
1067.4	1.562e4
1068.0	1.795e3
1068.6	1.470e4
1069.5	8.064e3
1070.2	3.362e3
1070.8	1.521e4
1071.6	4.482e3
1072.3	1.516e4
1073.3	1.656e4
1073.8	2.800e2
1074.3	1.224e4
1075.0	3.583e3
1075.6	1.637e4
1076.2	3.753e3
1076.8	8.869e3
1077.5	3.728e4
1078.5	3.691e4
1079.0	9.450e2
1079.6	3.588e4
1080.5	2.686e4
1081.2	4.040e3
1081.8	2.418e4
1082.7	1.394e4
1083.6	1.107e4
1084.2	2.342e3
1084.8	1.314e4
1085.5	1.657e3
1086.1	1.066e4
1086.9	5.963e3
1087.9	1.123e4
1088.7	4.050e3
1089.5	1.467e4
1090.5	8.802e3
1091.2	3.161e3
1091.9	1.206e4
1092.8	9.033e3
1093.7	1.187e4
1094.7	1.636e4
1095.3	4.839e3
1096.0	1.507e4
1096.8	9.121e3
1097.7	1.763e4
1098.6	1.062e4
1099.6	1.342e4
1100.1	1.534e3
1100.8	1.364e4
1101.3	2.430e2
1101.8	1.359e4
1102.3	8.540e2
1102.9	1.173e4
1103.6	4.914e3
1104.4	1.470e4
1105.0	1.744e3
1105.6	7.167e3
1106.5	1.088e4
1107.2	2.381e3
1107.9	8.360e3
1108.6	2.434e3
1109.2	1.135e4
1109.8	7.000e0
1110.3	1.195e4
1111.2	1.127e4
1112.1	1.022e4
1113.1	1.304e4
1113.9	5.168e3
1114.7	8.301e3
1115.3	1.287e3
1116.0	1.177e4
1117.0	1.105e4
1117.5	9.650e2
1118.0	1.035e4
1118.7	6.400e2
1119.2	1.069e4
1119.8	2.172e3
1120.5	1.234e4
1121.5	1.131e4
1122.4	1.156e4
1123.2	5.856e3
1124.0	8.905e3
1124.6	2.037e3
1125.3	1.143e4
1125.8	7.000e2
1126.4	6.066e3
1127.3	1.187e4
1128.1	6.827e3
1128.9	1.059e4
1129.9	6.963e3
1130.8	9.128e3
1131.3	3.830e2
1131.8	1.114e4
1132.8	9.811e3
1133.8	1.207e4
1134.8	8.683e3
1135.8	1.015e4
1136.6	7.214e3
1137.5	1.132e4
1138.5	9.862e3
1139.0	9.180e2
1139.5	1.518e4
1140.1	6.540e2
1140.6	1.452e4
1141.2	1.912e3
1141.9	1.275e4
1142.7	8.747e3
1143.5	1.254e4
1144.5	7.684e3
1145.5	1.207e4
1146.1	4.360e2
1146.6	1.405e4
1147.6	9.405e3
1148.1	1.567e3
1148.7	9.357e3
1149.4	2.485e3
1150.1	1.238e4
1150.7	1.107e3
1151.3	1.264e4
1152.3	8.475e3
1153.2	1.231e4
1154.2	1.085e4
1154.9	3.511e3
1155.6	9.823e3
1156.2	1.551e3
1156.8	1.274e4
1157.5	2.584e3
1158.1	1.703e4
1159.1	1.717e4
1159.7	4.490e2
1160.2	1.305e4
1160.7	5.340e2
1161.2	1.216e4
1161.8	1.692e3
1162.4	6.225e3
1163.3	1.141e4
1163.9	2.302e3
1164.5	1.053e4
1165.4	5.774e3
1166.3	9.716e3
1167.3	1.147e4
1167.9	3.080e2
1168.4	7.137e3
1169.4	1.234e4
1170.0	2.297e3
1170.7	8.319e3
1171.7	1.133e4
1172.4	8.500e2
1172.9	8.511e3
1173.9	8.432e3
1174.9	8.083e3
1175.6	4.571e3
1176.3	1.290e4
1177.1	3.781e3
1177.8	9.158e3
1178.5	2.308e3
1179.1	1.113e4
1179.9	4.760e3
1180.6	1.102e4
1181.6	9.323e3
1182.5	9.263e3
1183.2	3.636e3
1183.9	7.631e3
1184.8	9.913e3
1185.8	1.611e4
1186.7	7.873e3
1187.2	1.230e3
1187.8	1.180e4
1188.4	9.220e2
1189.1	7.554e3
1190.0	9.047e3
1190.6	7.520e2
1191.1	8.544e3
1191.6	1.790e2
1192.2	8.641e3
1193.1	6.037e3
1193.9	1.139e4
1194.9	8.784e3
1195.8	8.018e3
1196.4	1.472e3
1197.0	7.234e3
1197.8	4.795e3
1198.6	9.885e3
1199.5	1.267e4
1200.5	8.691e3
1201.1	1.314e3
1201.7	1.183e4
1202.3	2.139e3
1203.0	9.631e3
1203.5	3.670e2
1204.1	6.087e3
1205.0	1.028e4
1205.9	6.750e3
1206.7	4.903e3
1207.5	1.087e4
1208.4	7.943e3
1209.3	8.286e3
1210.0	2.574e3
1210.6	1.033e4
1211.1	1.360e2
1211.6	1.156e4
1212.5	4.646e3
1213.3	9.165e3
1213.9	1.725e3
1214.6	1.121e4
1215.3	3.982e3
1215.9	9.852e3
1216.7	3.082e3
1217.4	1.066e4
1218.3	6.072e3
1219.2	9.887e3
1220.2	1.115e4
1221.2	9.522e3
1222.1	4.642e3
1222.9	1.090e4
1223.7	3.813e3
1224.4	8.884e3
1225.4	1.003e4
1226.3	7.901e3
1227.2	5.495e3
1228.1	1.507e4
1229.1	9.538e3
1229.7	1.453e3
1230.3	1.105e4
1231.1	5.445e3
1231.8	9.370e3
1232.4	1.560e2
1232.9	1.046e4
1233.9	8.488e3
1234.5	1.143e3
1235.2	9.097e3
1235.7	1.400e2
1236.2	9.595e3
1237.1	8.246e3
1238.0	1.019e4
1238.5	3.730e2
1239.1	7.531e3
1240.0	9.660e3
1240.5	2.760e2
1241.0	8.260e3
1241.7	2.133e3
1242.3	1.323e4
1243.3	9.592e3
1244.2	1.011e4
1244.8	2.071e3
1245.4	9.464e3
1246.5	8.825e3
1247.3	1.225e4
1248.2	6.567e3
1249.3	9.365e3
1250.0	4.997e3
1250.8	1.154e4
1251.5	2.951e3
1252.2	7.226e3
1253.1	1.214e4
1253.9	3.859e3
1254.7	9.534e3
1255.4	1.663e3
1256.0	9.031e3
1257.0	1.122e4
1257.9	1.148e4
1258.7	4.843e3
1259.4	8.930e3
1260.2	4.456e3
1261.0	9.013e3
1262.0	1.028e4
1262.5	9.410e2
1263.1	7.402e3
1263.8	1.891e3
1264.5	1.109e4
1265.4	7.057e3
1266.2	7.560e3
1267.1	1.234e4
1267.9	6.622e3
1268.4	3.840e2
1269.0	1.051e4
1270.0	8.057e3
1270.8	6.449e3
1271.8	1.282e4
1272.8	9.449e3
1273.6	1.224e4
1274.4	3.653e3
1275.2	1.005e4
1276.0	3.483e3
1276.8	8.587e3
1277.8	9.663e3
1278.6	4.273e3
1279.4	7.183e3
1280.3	8.857e3
1280.9	1.578e3
1281.6	8.995e3
1282.5	1.068e4
1283.5	8.452e3
1284.5	1.207e4
1285.4	9.656e3
1286.3	1.013e4
1287.2	7.339e3
1288.0	1.137e4
1288.6	9.200e2
1289.2	1.030e4
1289.8	1.834e3
1290.5	1.033e4
1291.0	3.890e2
1291.5	8.611e3
1292.1	6.050e2
1292.6	9.082e3
1293.2	7.360e2
1293.7	9.524e3
1294.7	1.051e4
1295.7	8.932e3
1296.4	2.308e3
1297.0	9.571e3
1297.6	7.350e2
1298.1	1.077e4
1298.9	2.458e3
1299.5	8.505e3
1300.5	8.658e3
1301.3	5.147e3
1302.1	9.538e3
1303.0	7.504e3
1304.0	9.709e3
1304.5	5.160e2
1305.1	8.000e3
1305.6	7.100e1
1306.1	1.118e4
1306.9	4.628e3
1307.7	9.531e3
1308.6	7.422e3
1309.2	1.132e3
1309.8	7.303e3
1310.4	1.009e3
1311.1	8.415e3
1311.6	2.070e2
1312.1	7.637e3
1313.0	4.229e3
1313.9	1.338e4
1314.5	1.257e3
1315.2	1.261e4
1315.9	3.290e3
1316.6	9.851e3
1317.5	4.740e3
1318.4	8.212e3
1318.9	6.200e1
1319.4	6.500e3
1320.3	4.561e3
1321.0	8.000e3
1321.6	5.230e2
1322.2	7.600e3
1323.0	5.394e3
1323.8	9.298e3
1324.8	6.671e3
1325.8	1.126e4
1326.6	7.642e3
1327.5	1.069e4
1328.3	5.801e3
1329.3	1.199e4
1330.3	7.898e3
1330.8	4.340e2
1331.3	9.892e3
1332.4	9.126e3
1333.2	4.718e3
1334.1	1.027e4
1334.6	1.190e2
1335.1	7.839e3
1335.6	1.690e2
1336.1	8.901e3
1336.7	3.280e2
1337.2	8.947e3
1337.8	5.200e1
1338.3	7.828e3
1339.2	5.851e3
1340.2	8.883e3
1341.2	6.680e3
1341.9	1.244e3
1342.6	8.154e3
1343.3	3.182e3
1344.1	1.058e4
1345.0	4.941e3
1345.8	1.034e4
1346.6	1.876e3
1347.2	1.063e4
1348.2	6.900e4
1348.7	1.000e1
1349.3	6.615e4
1350.2	3.554e4
1350.8	3.430e2
1351.3	1.635e4
1352.3	9.746e3
1353.0	3.099e3
1353.7	9.421e3
1354.3	8.490e2
1354.8	9.190e3
1355.4	7.980e2
1356.0	7.577e3
1357.0	8.316e3
1357.9	8.086e3
1358.9	7.057e3
1359.9	7.686e3
1361.0	6.655e3
1361.9	7.036e3
1362.6	1.391e3
1363.2	6.781e3
1364.2	9.144e3
1365.0	6.060e3
1365.9	1.150e4
1366.6	2.924e3
1367.3	7.729e3
1368.1	3.334e3
1368.9	9.644e3
1369.4	6.010e2
1370.0	7.807e3
1370.7	4.226e3
1371.6	1.216e4
1372.4	6.277e3
1373.3	8.186e3
1373.8	4.030e2
1374.4	9.385e3
1375.0	3.270e2
1375.5	8.521e3
1376.5	7.401e3
1377.4	1.079e4
1378.3	4.589e3
1379.2	9.822e3
1379.8	5.960e2
1380.4	8.976e3
1381.2	4.084e3
1381.9	5.290e3
1382.7	8.450e3
1383.3	1.351e3
1383.9	7.955e3
1384.6	2.003e3
1385.3	5.707e3
1386.1	7.725e3
1387.1	9.326e3
1387.9	5.299e3
1388.8	7.608e3
1389.7	5.113e3
1390.5	6.933e3
1391.5	8.463e3
1392.2	2.969e3
1392.9	9.347e3
1393.6	1.647e3
1394.2	8.863e3
1395.1	6.346e3
1395.7	1.079e3
1396.3	7.973e3
1396.8	1.620e2
1397.3	8.824e3
1397.9	2.470e2
1398.4	6.910e3
1399.0	1.218e3
1399.6	4.915e3
1400.5	1.051e4
1401.4	7.220e3
1402.4	5.898e3
1403.4	5.845e3
1404.1	2.146e3
1404.8	7.453e3
1405.5	1.619e3
1406.2	7.856e3
1407.1	6.109e3
1408.1	5.895e3
1409.1	6.034e3
1409.9	8.179e3
1410.9	4.615e3
1411.7	7.618e3
1412.3	5.670e2
1412.9	6.803e3
1413.9	7.810e3
1414.4	2.550e2
1415.0	9.529e3
1415.5	6.650e2
1416.0	8.048e3
1416.6	9.200e1
1417.1	6.228e3
1417.8	1.838e3
1418.4	7.878e3
1418.9	1.170e2
1419.4	6.698e3
1420.0	2.143e3
1420.7	9.793e3
1421.6	6.260e3
1422.5	8.310e3
1423.1	4.160e2
1423.6	8.921e3
1424.3	3.031e3
1425.0	7.788e3
1425.8	3.084e3
1426.6	6.807e3
1427.1	1.670e2
1427.7	6.952e3
1428.3	8.350e2
1428.9	7.403e3
1429.5	1.297e3
1430.0	8.418e3
1431.0	7.294e3
1431.5	3.900e2
1432.0	7.451e3
1432.8	5.023e3
1433.7	7.674e3
1434.6	4.238e3
1435.5	6.934e3
1436.2	1.589e3
1436.8	6.536e3
1437.5	2.502e3
1438.1	7.560e3
1439.1	4.784e3
1440.1	9.406e3
1441.0	4.831e3
1441.9	8.027e3
1442.5	4.180e2
1443.0	9.805e3
1443.9	9.286e3
1444.8	6.534e3
1445.8	8.076e3
1446.6	4.517e3
1447.3	1.639e3
1447.9	6.067e3
1448.9	9.268e3
1449.8	3.569e3
1450.6	9.027e3
1451.5	9.243e3
1452.1	1.472e3
1452.7	8.560e3
1453.6	7.103e3
1454.6	5.378e3
1455.5	5.108e3
1456.5	7.252e3
1457.5	6.928e3
1458.0	1.610e2
1458.6	9.473e3
1459.5	4.902e3
1460.0	4.330e2
1460.6	6.034e3
1461.5	6.900e3
1462.1	7.000e0
1462.6	5.424e3
1463.2	4.470e2
1463.8	5.910e3
1464.4	1.193e3
1465.0	6.600e3
1465.9	7.603e3
1466.7	2.506e3
1467.4	8.545e3
1468.2	4.213e3
1469.1	8.841e3
1470.1	6.410e3
1471.1	3.499e3
1471.9	6.663e3
1472.9	9.266e3
1473.6	2.086e3
1474.3	6.294e3
1474.9	2.600e1
1475.4	7.257e3
1475.9	3.400e1
1476.4	6.033e3
1477.3	6.013e3
1478.2	5.433e3
1479.2	6.121e3
1480.2	6.432e3
1481.0	1.359e3
1481.6	5.273e3
1482.5	7.057e3
1483.5	7.627e3
1484.1	1.673e3
1484.7	5.974e3
1485.2	1.020e2
1485.8	5.551e3
1486.7	7.896e3
1487.7	7.455e3
1488.2	2.240e2
1488.8	4.977e3
1489.8	6.175e3
1490.3	1.010e2
1490.8	6.773e3
1491.5	9.120e2
1492.1	7.722e3
1492.7	2.453e3
1493.4	6.113e3
1494.4	4.839e3
1495.4	5.303e3
1495.9	7.050e2
1496.5	6.824e3
1497.2	3.055e3
1497.9	7.078e3
1498.9	5.014e3
1499.4	1.800e2
1499.9	3.868e3
1500.4	6.000e1
1500.9	1.039e4
1501.8	7.652e3
1502.3	4.520e2
1502.9	7.712e3
1503.6	1.130e3
1504.3	5.181e3
1504.8	1.190e2
1505.3	6.457e3
1506.0	3.311e3
1506.7	5.483e3
1507.5	1.449e3
1508.1	8.399e3
1508.8	2.205e3
1509.5	7.251e3
1510.5	5.619e3
1511.3	7.097e3
1512.2	4.537e3
1512.7	5.400e1
1513.2	6.996e3
1513.9	1.744e3
1514.6	6.253e3
1515.4	3.674e3
1516.2	4.531e3
1517.1	8.355e3
1517.9	2.367e3
1518.6	7.960e3
1519.2	4.780e2
1519.8	7.110e3
1520.4	1.840e2
1520.9	3.811e3
1521.5	2.009e3
1522.2	6.250e3
1522.9	2.331e3
1523.7	6.758e3
1524.2	2.000e2
1524.7	8.827e3
1525.6	5.266e3
1526.4	6.994e3
1527.0	5.500e2
1527.5	6.829e3
1528.2	1.975e3
1528.9	5.755e3
1529.9	7.325e3
1530.7	5.475e3
1531.7	8.210e3
1532.4	2.445e3
1533.1	6.023e3
1533.6	1.600e2
1534.2	5.548e3
1535.2	6.458e3
1536.2	4.800e3
1536.9	2.043e3
1537.7	7.676e3
1538.5	2.840e3
1539.3	6.087e3
1539.9	1.699e3
1540.6	6.714e3
1541.3	1.623e3
1542.0	5.754e3
1542.7	1.866e3
1543.5	6.818e3
1544.3	3.880e3
1545.2	6.069e3
1546.1	6.000e3
1547.0	6.901e3
1548.0	5.904e3
1548.9	2.385e3
1549.7	6.670e3
1550.3	9.940e2
1551.0	7.920e3
1551.6	8.250e2
1552.2	6.881e3
1553.2	6.976e3
1553.8	3.530e2
1554.3	6.619e3
1555.0	1.937e3
1555.6	6.433e3
1556.5	5.429e3
1557.1	1.230e2
1557.6	7.997e3
1558.4	3.159e3
1559.2	8.101e3
1560.1	4.548e3
1561.0	6.169e3
1561.7	3.972e3
1562.7	4.253e3
1563.4	9.800e2
1564.0	6.528e3
1564.8	7.328e3
1565.4	1.033e3
1566.0	6.237e3
1566.7	1.337e3
1567.4	6.180e3
1568.2	3.187e3
1569.1	4.050e3
1570.1	4.053e3
1571.0	5.369e3
1571.7	1.750e3
1572.4	7.979e3
1573.3	5.748e3
1573.8	6.900e1
1574.4	6.298e3
1575.4	3.474e3
1576.3	5.432e3
1577.3	6.316e3
1577.8	1.520e2
1578.4	5.866e3
1579.4	3.339e3
1580.3	6.480e3
1581.3	4.763e3
1581.8	1.840e2
1582.4	5.435e3
1583.3	3.628e3
1584.1	7.119e3
1584.7	3.110e2
1585.3	7.617e3
1586.1	3.350e3
1586.9	7.579e3
1587.5	1.159e3
1588.2	5.618e3
1588.7	1.020e2
1589.2	5.256e3
1590.0	2.547e3
1590.8	6.563e3
1591.7	4.662e3
1592.7	5.504e3
1593.4	4.320e2
1594.0	5.591e3
1594.6	4.300e2
1595.1	6.649e3
1596.0	2.320e3
1596.9	4.476e3
1597.9	5.655e3
1598.4	1.780e2
1598.9	8.355e3
1599.4	2.640e2
1600.0	4.487e3
1600.5	1.760e2
1601.0	4.089e3
1602.0	6.938e3
1602.9	4.381e3
1603.9	5.818e3
1604.6	1.808e3
1605.3	6.365e3
1606.3	5.344e3
1606.9	1.238e3
1607.6	4.846e3
1608.1	7.900e1
1608.7	5.483e3
1609.2	8.000e1
1609.7	5.053e3
1610.4	6.450e2
1611.1	5.663e3
1611.8	1.237e3
1612.4	5.130e3
1613.3	3.337e3
1614.2	5.972e3
1614.7	2.070e2
1615.3	4.774e3
1616.1	9.719e3
1617.0	4.296e3
1617.5	1.870e2
1618.1	3.040e3
1619.0	6.316e3
1619.5	4.060e2
1620.1	3.653e3
1621.0	5.859e3
1622.0	4.499e3
1622.7	2.520e3
1623.6	4.775e3
1624.1	1.060e2
1624.6	5.297e3
1625.3	1.670e3
1626.0	5.368e3
1626.5	8.870e2
1627.1	5.658e3
1627.8	3.680e2
1628.4	5.648e3
1628.9	4.570e2
1629.5	5.967e3
1630.2	1.949e3
1630.9	5.269e3
1631.5	3.790e2
1632.3	6.525e3
1632.8	1.070e2
1633.3	5.619e3
1634.3	4.209e3
1634.9	5.140e2
1635.4	6.610e3
1636.2	3.250e3
1637.0	5.462e3
1637.9	4.316e3
1638.5	2.950e2
1639.0	5.027e3
1639.8	2.084e3
1640.7	2.822e3
1641.6	5.761e3
1642.1	9.690e2
1642.8	4.008e3
1643.7	4.496e3
1644.7	4.995e3
1645.2	1.280e2
1645.7	4.031e3
1646.3	8.590e2
1646.9	4.468e3
1647.5	1.900e2
1648.0	5.277e3
1649.0	5.297e3
1649.9	5.919e3
1650.7	2.365e3
1651.6	5.545e3
1652.6	2.431e3
1653.5	5.113e3
1654.1	5.530e2
1654.7	6.222e3
1655.3	3.770e2
1655.9	5.166e3
1656.9	8.876e3
1657.5	1.365e3
1658.1	6.517e3
1659.0	7.632e3
1660.0	7.043e3
1660.7	2.801e3
1661.6	6.331e3
1662.1	1.040e2
1662.7	5.137e3
1663.3	3.760e2
1663.9	4.313e3
1664.5	4.680e2
1665.1	4.904e3
1665.8	7.170e2
1666.4	5.888e3
1667.0	6.230e2
1667.5	5.642e3
1668.0	5.350e2
1668.6	5.194e3
1669.2	4.200e2
1669.8	3.964e3
1670.7	5.851e3
1671.3	7.010e2
1672.0	5.138e3
1672.5	3.990e2
1673.0	3.850e3
1674.0	6.585e3
1674.6	4.150e2
1675.2	5.637e3
1675.7	1.360e2
1676.4	4.682e3
1677.0	1.995e3
1677.7	7.184e3
1678.4	1.175e3
1679.2	4.467e3
1679.9	2.277e3
1680.7	6.517e3
1681.7	4.105e3
1682.2	1.107e3
1682.8	4.228e3
1683.3	1.910e2
1683.9	3.462e3
1684.9	4.198e3
1685.6	1.632e3
1686.4	5.076e3
1687.2	1.574e3
1688.0	6.140e3
1688.8	4.928e3
1689.3	1.530e2
1689.9	5.693e3
1690.8	3.107e3
1691.8	4.046e3
1692.3	2.940e2
1693.0	4.863e3
1693.8	3.456e3
1694.7	3.806e3
1695.3	9.200e1
1695.9	3.345e3
1696.8	4.926e3
1697.7	3.737e3
1698.7	5.282e3
1699.6	2.187e3
1700.5	6.330e3
1701.1	3.960e2
1701.7	3.061e3
1702.5	5.854e3
1703.3	2.956e3
1704.2	4.045e3
1705.1	5.008e3
1706.1	3.223e3
1706.8	8.980e2
1707.4	4.819e3
1708.0	9.600e1
1708.5	3.463e3
1709.5	3.905e3
1710.1	1.165e3
1710.8	3.614e3
1711.5	1.058e3
1712.1	5.894e3
1712.8	2.440e2
1713.3	4.103e3
1714.3	5.156e3
1714.9	2.750e2
1715.5	3.840e3
1716.1	6.520e2
1716.7	5.283e3
1717.2	3.100e1
1717.7	3.827e3
1718.7	3.866e3
1719.8	4.773e3
1720.4	1.236e3
1721.1	3.659e3
1722.0	4.851e3
1722.6	2.940e2
1723.1	5.521e3
1723.8	9.640e2
1724.5	3.856e3
1725.2	1.227e3
1725.9	4.685e3
1726.5	1.086e3
1727.1	5.690e3
1727.9	2.676e3
1728.8	5.784e3
1729.5	1.192e3
1730.2	5.347e3
1731.2	4.119e3
1732.0	5.971e3
1733.0	3.901e3
1733.6	4.000e1
1734.1	4.408e3
1734.7	1.169e3
1735.3	5.127e3
1736.3	2.708e3
1737.0	3.614e3
1737.7	1.293e3
1738.5	3.752e3
1739.5	4.950e3
1740.4	3.729e3
1740.9	6.200e1
1741.4	3.513e3
1742.0	2.200e1
1742.5	3.946e3
1743.1	2.980e2
1743.7	3.560e3
1744.6	6.250e3
1745.5	5.768e3
1746.3	2.022e3
1747.2	5.285e3
1747.7	1.570e2
1748.3	4.265e3
1748.9	1.160e2
1749.5	2.434e3
1750.5	3.328e3
1751.5	4.794e3
1752.4	3.701e3
1753.0	7.490e2
1753.7	3.556e3
1754.6	3.335e3
1755.5	3.731e3
1756.3	1.505e3
1757.2	3.513e3
1758.1	3.005e3
1758.7	7.510e2
1759.4	3.161e3
1760.2	4.334e3
1761.0	1.547e3
1761.7	3.954e3
1762.6	4.790e3
1763.6	3.556e3
1764.3	1.510e3
1765.0	4.212e3
1765.9	3.295e3
1766.9	4.493e3
1767.6	1.842e3
1768.4	4.678e3
1769.3	3.449e3
1770.0	1.152e3
1770.7	3.990e3
1771.7	3.814e3
1772.6	4.994e3
1773.3	2.117e3
1774.1	5.393e3
1775.0	3.321e3
1775.5	2.500e1
1776.1	3.017e3
1776.6	1.690e2
1777.2	3.965e3
1778.1	5.633e3
1778.8	8.310e2
1779.4	3.331e3
1780.3	5.394e3
1781.2	2.598e3
1782.1	1.252e3
1782.9	3.341e3
1783.8	2.314e3
1784.4	9.120e2
1785.1	3.605e3
1786.1	3.692e3
1787.1	3.659e3
1787.9	2.513e3
1788.6	4.125e3
1789.6	4.009e3
1790.3	1.290e3
1790.9	3.180e3
1791.9	2.361e3
1792.7	5.203e3
1793.4	5.820e2
1794.0	4.257e3
1795.0	2.590e3
1795.7	1.733e3
1796.6	4.265e3
1797.5	2.399e3
1798.1	5.180e2
1798.7	4.067e3
1799.4	1.505e3
1800.1	2.980e3
1800.7	3.030e2
1801.2	3.732e3
1802.2	3.577e3
1803.0	2.968e3
1803.8	5.167e3
1804.6	1.289e3
1805.4	5.590e3
1806.3	4.673e3
1807.3	2.955e3
1808.2	4.470e3
1809.1	2.409e3
1810.0	4.033e3
1810.8	1.402e3
1811.5	5.705e3
1812.0	5.570e2
1812.6	3.825e3
1813.6	5.607e3
1814.6	2.247e3
1815.2	1.290e2
1815.7	2.212e3
1816.3	4.000e1
1816.8	3.939e3
1817.5	2.186e3
1818.3	3.940e3
1819.1	2.367e3
1819.9	2.071e3
1820.7	4.853e3
1821.5	1.191e3
1822.1	4.133e3
1822.8	1.492e3
1823.4	4.983e3
1824.3	2.404e3
1825.3	3.692e3
1825.8	1.150e2
1826.3	4.919e3
1826.9	2.540e2
1827.5	3.326e3
1828.2	6.690e2
1828.9	4.001e3
1829.9	4.221e3
1830.5	4.900e2
1831.1	3.308e3
1832.0	4.384e3
1833.1	2.489e3
1834.1	5.561e3
1835.0	2.940e3
1835.9	3.280e3
1836.5	1.720e2
1837.1	4.005e3
1837.6	1.240e2
1838.1	3.504e3
1838.7	1.730e2
1839.2	3.224e3
1840.2	2.781e3
1841.1	3.506e3
1842.1	2.694e3
1843.0	3.670e3
1843.8	1.594e3
1844.5	2.552e3
1845.5	4.318e3
1846.4	2.127e3
1847.3	3.818e3
1848.3	3.168e3
1848.8	3.900e1
1849.3	3.797e3
1849.9	2.670e2
1850.5	3.704e3
1851.2	1.828e3
1852.0	3.971e3
1853.0	3.341e3
1854.0	3.582e3
1854.6	1.060e3
1855.4	3.509e3
1856.0	1.325e3
1856.8	4.044e3
1857.8	3.027e3
1858.8	2.946e3
1859.6	2.039e3
1860.4	3.713e3
1861.1	9.030e2
1861.8	4.008e3
1862.7	2.098e3
1863.4	1.284e3
1864.3	4.215e3
1865.2	3.401e3
1865.9	2.041e3
1866.8	3.564e3
1867.6	1.788e3
1868.3	3.387e3
1869.1	1.791e3
1869.9	4.276e3
1870.7	1.019e3
1871.4	2.776e3
1872.0	4.630e2
1872.6	2.286e3
1873.6	3.908e3
1874.1	1.420e2
1874.7	4.933e3
1875.6	2.433e3
1876.6	3.556e3
1877.2	7.000e2
1877.8	4.137e3
1878.6	9.570e2
1879.5	2.630e3
1880.3	1.089e3
1881.1	4.527e3
1881.7	1.269e3
1882.4	4.062e3
1883.2	1.163e3
1883.9	3.651e3
1884.5	3.870e2
1885.1	3.104e3
1886.0	2.424e3
1886.5	2.870e2
1887.2	3.964e3
1888.1	1.959e3
1888.9	9.000e2
1889.6	3.107e3
1890.2	5.880e2
1890.8	3.471e3
1891.5	9.830e2
1892.2	2.463e3
1893.2	3.786e3
1894.1	3.062e3
1895.1	3.685e3
1895.9	1.103e3
1896.7	2.477e3
1897.7	2.800e3
1898.6	1.383e3
1899.4	3.881e3
1899.9	1.700e1
1900.5	2.628e3
1901.4	3.615e3
1902.4	2.687e3
1903.2	4.065e3
1903.7	2.140e2
1904.3	3.756e3
1904.9	5.570e2
1905.7	3.239e3
1906.3	2.910e2
1906.8	3.460e3
1907.4	3.720e2
1907.9	2.534e3
1908.9	2.633e3
1909.7	2.680e3
1910.6	2.319e3
1911.5	3.433e3
1912.5	4.042e3
1913.3	1.931e3
1914.3	3.224e3
1915.2	2.626e3
1915.9	1.013e3
1916.6	4.479e3
1917.5	2.620e3
1918.4	2.934e3
1919.1	7.230e2
1919.7	3.006e3
1920.5	3.100e3
1921.4	2.394e3
1922.0	6.180e2
1922.7	3.626e3
1923.6	2.353e3
1924.1	3.170e2
1924.8	4.346e3
1925.5	9.430e2
1926.3	3.870e3
1927.1	2.746e3
1927.7	6.270e2
1928.4	2.844e3
1929.4	2.993e3
1930.3	3.783e3
1931.1	1.865e3
1931.7	3.510e2
1932.3	1.661e3
1933.2	3.612e3
1933.9	1.239e3
1934.6	4.186e3
1935.5	2.877e3
1936.2	1.308e3
1937.0	3.490e3
1937.6	1.760e2
1938.1	4.049e3
1938.7	2.220e2
1939.3	2.842e3
1939.8	2.700e2
1940.4	2.298e3
1941.1	8.350e2
1941.7	3.087e3
1942.3	7.360e2
1942.9	3.465e3
1943.6	9.390e2
1944.5	2.867e3
1945.1	6.500e2
1945.8	5.086e3
1946.6	1.677e3
1947.2	2.120e2
1947.8	2.508e3
1948.9	3.535e3
1949.7	1.830e3
1950.3	1.150e2
1950.8	3.028e3
1951.4	1.090e2
1952.0	3.247e3
1952.5	1.030e2
1953.0	3.302e3
1954.0	2.513e3
1954.9	2.618e3
1955.5	2.140e2
1956.0	2.722e3
1956.8	2.972e3
1957.6	1.184e3
1958.5	2.603e3
1959.4	3.361e3
1960.0	7.100e2
1960.8	3.576e3
1961.5	8.620e2
1962.1	2.628e3
1962.9	3.289e3
1963.9	2.713e3
1964.5	4.730e2
1965.1	2.404e3
1966.1	1.849e3
1967.0	3.470e3
1968.0	1.497e3
1968.8	4.119e3
1969.4	3.940e2
1970.0	2.646e3
1971.0	2.755e3
1971.5	2.310e2
1972.0	2.911e3
1972.8	1.029e3
1973.5	5.710e2
1974.1	2.973e3
1975.0	2.314e3
1975.6	5.000e1
1976.1	3.916e3
1977.0	2.017e3
1977.8	1.856e3
1978.8	2.295e3
1979.6	6.150e2
1980.2	3.498e3
1980.8	2.570e2
1981.3	3.702e3
1982.3	1.633e3
1983.2	2.815e3
1983.8	3.350e2
1984.4	2.854e3
1985.2	1.005e3
1986.0	2.781e3
1986.7	4.840e2
1987.4	4.409e3
1987.9	1.260e2
1988.5	2.416e3
1989.1	5.860e2
1989.8	2.990e3
1990.3	1.410e2
1990.9	3.457e3
1991.6	8.930e2
1992.3	4.356e3
1992.9	7.430e2
1993.5	3.641e3
1994.3	1.988e3
1995.0	2.822e3
1995.6	6.760e2
1996.3	2.029e3
1997.4	3.653e3
1998.0	6.980e2
1998.7	3.236e3
1999.6	1.126e3
