100.5	6.875e4
101.2	1.030e6
102.2	6.790e5
103.2	1.377e6
103.7	5.320e2
104.3	1.576e6
105.2	3.190e5
106.2	2.579e5
107.2	3.112e5
108.2	4.226e5
109.1	6.240e5
109.6	1.428e4
110.2	1.903e6
110.7	4.030e3
111.2	2.127e6
112.2	5.102e5
113.2	8.532e5
114.2	6.166e5
114.7	2.024e3
115.2	7.877e5
116.2	2.635e5
116.7	2.449e3
117.2	1.638e6
118.2	4.803e5
119.1	1.127e6
119.7	4.585e3
120.3	3.444e5
121.2	1.965e5
122.2	7.405e5
123.1	6.958e5
123.7	7.151e3
124.2	1.103e5
125.2	2.266e5
126.1	5.719e5
126.7	3.917e3
127.2	4.372e6
127.7	9.170e2
128.2	5.669e5
129.3	1.234e6
130.1	1.745e5
130.9	1.233e6
131.5	1.408e5
132.3	7.600e5
133.3	1.166e6
134.3	1.095e6
135.2	2.431e5
136.2	4.550e5
137.2	3.253e5
137.8	8.065e3
138.3	6.970e5
139.2	1.821e5
140.0	5.271e5
140.5	3.424e4
141.1	3.340e5
141.6	2.186e3
142.2	2.064e6
142.7	2.814e3
143.2	3.952e5
144.2	3.029e5
145.3	2.712e6
146.3	3.273e5
147.3	8.107e5
147.8	7.848e3
148.3	5.853e5
149.2	3.873e5
150.2	3.103e5
151.3	3.636e5
152.2	1.459e5
153.2	1.230e5
154.2	1.258e5
154.7	6.390e2
155.2	4.299e5
155.7	5.240e2
156.3	1.987e5
157.2	2.645e5
158.2	4.903e5
159.2	1.245e6
160.2	7.394e5
161.3	2.269e5
162.2	1.385e5
162.7	9.839e3
163.3	1.467e6
164.3	2.544e5
165.3	7.871e5
165.8	3.218e3
166.4	1.736e5
167.3	2.480e5
168.1	4.135e5
168.7	1.869e4
169.3	1.833e5
170.3	1.010e5
171.3	4.295e5
172.3	2.189e5
173.2	2.670e5
173.7	7.491e3
174.3	1.329e5
175.1	1.211e5
175.8	4.538e5
176.5	8.567e4
177.1	3.966e5
178.1	1.302e5
178.7	5.762e3
179.3	2.537e5
179.8	3.357e3
180.3	5.496e5
180.9	2.078e3
181.4	2.641e5
182.2	1.468e5
182.8	1.273e3
183.3	3.135e6
183.8	4.787e3
184.3	4.371e5
185.2	1.155e6
186.2	2.907e5
187.2	6.855e5
188.3	2.438e5
189.2	2.083e5
189.8	1.168e3
190.3	1.594e5
191.3	2.913e5
192.2	1.489e5
192.8	4.273e3
193.3	2.602e5
193.8	3.208e3
194.3	2.297e5
195.3	1.222e5
195.9	4.256e3
196.4	1.595e6
197.3	7.145e5
198.4	9.044e5
199.3	3.638e5
200.3	5.775e5
201.2	3.750e5
202.2	1.449e5
202.7	6.345e3
203.3	3.630e6
204.3	5.434e5
205.3	1.577e6
205.8	1.205e3
206.3	2.138e5
207.2	2.358e5
207.7	1.593e3
208.2	2.012e5
209.2	3.196e5
209.7	3.450e3
210.3	1.968e5
211.3	1.531e5
212.1	1.772e5
212.6	2.999e3
213.2	1.132e5
213.8	2.550e2
214.3	6.777e6
215.3	9.893e5
216.3	5.349e5
217.3	2.983e5
218.3	2.569e5
219.3	3.265e6
219.8	7.272e3
220.3	5.063e5
221.3	1.470e6
222.3	2.056e5
222.8	1.998e3
223.3	2.173e5
224.3	2.264e5
225.3	2.151e5
226.2	1.417e5
226.8	2.650e3
227.3	1.317e5
227.8	1.335e3
228.3	1.215e5
229.3	2.282e5
230.2	1.358e5
230.8	2.268e3
231.3	2.397e5
232.3	1.088e5
233.3	1.637e5
234.2	1.891e5
234.7	8.330e2
235.2	2.902e5
236.3	9.816e5
237.3	2.995e5
237.8	2.377e3
238.3	1.350e5
239.2	1.281e5
240.3	9.716e4
240.8	4.342e3
241.3	1.496e5
242.2	1.159e5
242.8	3.680e2
243.3	1.729e5
244.3	1.136e5
244.8	2.312e3
245.3	1.367e5
246.3	7.021e4
246.8	1.113e3
247.3	2.425e5
248.3	1.162e5
249.3	1.715e5
249.8	3.518e3
250.4	8.772e4
251.3	8.683e4
252.3	1.846e5
253.3	1.326e5
253.8	2.406e3
254.3	1.280e5
255.3	7.879e4
255.8	7.690e2
256.3	8.223e4
257.3	8.171e4
258.2	9.711e4
258.8	5.228e3
259.3	3.345e5
260.3	7.164e4
260.8	5.226e3
261.3	2.605e5
262.3	1.289e5
263.3	1.242e5
264.3	6.110e4
264.8	1.631e3
265.3	1.350e5
266.3	6.713e4
267.3	7.657e4
267.8	5.250e2
268.4	1.912e5
268.9	3.850e2
269.4	6.851e4
269.9	2.646e3
270.4	4.900e4
271.3	1.754e5
272.3	1.010e5
272.8	3.251e3
273.4	1.089e5
274.3	8.036e4
275.2	1.843e5
275.8	5.082e3
276.3	1.983e5
277.2	1.208e5
278.2	7.175e4
278.8	6.655e3
279.3	1.255e5
280.3	1.423e5
280.8	4.786e3
281.4	4.857e5
282.3	2.732e5
283.3	1.679e5
283.8	4.256e3
284.4	1.022e5
285.4	2.561e5
286.3	6.815e4
286.8	2.928e3
287.4	4.912e5
288.4	1.118e5
289.4	4.694e5
290.3	2.449e5
291.2	2.701e5
291.7	6.586e3
292.3	1.135e5
293.1	1.038e5
293.7	7.889e3
294.4	1.034e5
295.3	8.819e4
295.9	1.114e3
296.4	8.270e4
297.3	6.075e4
298.3	1.141e5
299.2	6.699e4
299.8	4.549e3
300.4	7.053e4
301.3	4.380e4
302.3	6.987e4
302.8	1.300e1
303.3	1.083e5
304.3	8.624e4
304.8	4.123e3
305.4	1.055e5
306.3	1.277e5
307.3	1.920e5
308.3	8.268e4
309.2	8.761e4
309.8	3.942e3
310.4	6.057e4
311.3	4.976e4
311.8	1.687e3
312.4	5.637e4
313.4	5.007e4
314.4	1.317e5
315.3	7.114e4
316.3	7.537e4
316.8	4.710e2
317.3	8.816e4
318.3	7.894e4
318.8	2.526e3
319.4	9.166e4
320.3	6.470e4
321.2	1.292e5
321.8	4.208e3
322.3	8.243e4
323.3	1.174e5
324.3	1.078e5
324.8	6.620e2
325.4	3.037e5
326.4	9.174e4
327.3	7.035e4
327.9	6.560e2
328.4	4.304e4
329.3	5.978e4
329.9	3.220e2
330.4	6.577e4
331.3	8.195e4
332.3	1.242e5
333.3	8.514e4
334.3	4.370e4
334.8	6.770e2
335.4	1.386e5
335.9	1.629e3
336.4	6.742e4
337.4	1.876e5
338.3	6.234e4
338.8	1.340e2
339.3	7.426e4
340.2	4.579e4
340.8	2.587e3
341.3	4.567e4
342.3	7.602e4
342.9	3.980e2
343.4	7.928e4
344.3	7.810e4
344.9	6.120e2
345.4	7.857e4
346.4	5.334e4
346.9	5.900e2
347.4	1.883e5
348.4	8.646e4
349.4	1.706e5
350.3	8.830e4
350.8	7.820e2
351.3	1.159e5
352.3	5.340e4
353.3	9.985e4
354.3	1.385e5
355.2	1.857e5
356.2	6.446e4
356.8	5.776e3
357.3	7.638e4
358.2	4.193e4
358.7	1.502e3
359.3	1.025e5
359.8	1.280e3
360.4	2.945e5
361.4	1.288e5
362.4	3.256e5
363.3	4.274e5
364.3	9.868e4
364.8	4.585e3
365.4	3.805e6
366.4	5.410e5
367.4	2.576e5
368.4	7.955e4
369.4	1.130e5
370.4	2.752e5
371.3	1.378e5
372.3	7.414e4
372.8	7.938e3
373.4	6.760e4
374.3	5.301e4
375.2	6.810e4
375.8	2.000e3
376.3	4.635e4
376.8	1.503e3
377.3	4.551e4
378.3	6.737e4
378.8	3.526e3
379.4	9.290e4
380.2	3.884e4
380.8	6.752e3
381.3	3.508e6
382.4	5.630e5
383.3	6.188e5
383.9	1.281e3
384.4	1.275e5
385.4	9.118e4
386.0	6.376e3
386.5	4.386e4
387.5	8.830e4
388.3	5.545e4
389.2	6.523e4
389.9	1.015e4
390.5	4.679e4
391.4	5.089e4
392.3	5.300e4
393.3	4.448e4
393.8	1.400e1
394.3	5.166e4
395.3	6.641e4
396.3	1.276e5
397.3	1.092e5
397.8	2.132e3
398.4	6.131e4
399.3	5.163e4
399.9	1.522e3
400.4	5.465e4
401.4	4.218e4
402.1	6.143e3
402.7	3.842e4
403.5	2.772e4
404.3	3.817e4
404.8	7.820e2
405.3	6.821e4
406.3	3.384e4
407.3	5.747e4
407.8	2.415e3
408.3	3.548e4
409.3	5.515e4
409.8	8.810e2
410.3	5.246e4
410.8	1.315e3
411.4	5.412e4
412.3	3.910e4
413.4	3.898e4
414.3	7.592e4
415.3	8.481e4
415.8	1.663e3
416.4	9.389e4
417.3	6.248e4
418.3	3.379e4
418.9	3.912e3
419.4	1.905e5
420.4	4.737e4
421.4	7.486e4
422.3	3.641e4
423.3	5.084e4
424.3	4.079e4
424.8	1.306e3
425.3	4.052e4
426.3	4.789e4
427.3	9.126e4
428.3	3.067e4
428.8	2.149e3
429.4	5.005e4
430.4	3.472e4
431.4	5.056e4
432.4	4.164e4
433.3	7.976e4
433.8	4.170e2
434.3	3.141e4
435.3	6.818e4
435.9	1.736e3
436.4	3.639e4
437.3	2.885e4
438.3	4.226e4
439.3	4.597e4
440.3	3.843e4
440.8	3.190e2
441.3	5.814e4
441.9	6.640e2
442.4	3.502e4
443.4	9.258e4
444.3	4.574e4
445.3	5.245e4
445.9	3.281e3
446.5	3.572e4
447.5	4.415e4
448.4	5.390e4
449.4	1.022e6
450.4	2.401e5
450.9	1.024e3
451.4	1.435e5
452.3	4.693e4
452.9	1.361e3
453.4	5.734e4
454.3	2.978e4
454.9	1.696e3
455.4	2.413e4
456.3	2.334e4
456.8	9.000e0
457.3	4.815e4
457.9	3.834e3
458.4	1.532e5
459.4	6.575e4
460.4	5.294e4
461.3	4.157e4
462.3	2.954e4
462.8	2.154e3
463.5	3.045e4
464.4	2.191e4
465.5	4.050e4
466.3	1.264e4
467.0	2.882e4
467.6	4.628e3
468.2	3.450e4
468.7	1.970e2
469.2	2.986e4
469.9	2.253e3
470.5	2.146e4
471.4	2.258e4
472.4	2.491e4
473.2	4.289e4
473.9	7.319e3
474.5	6.338e4
475.5	1.194e5
476.5	3.709e5
477.0	5.390e2
477.5	9.943e4
478.5	5.356e4
479.4	3.756e4
480.4	3.471e4
481.3	3.987e4
482.3	3.409e4
482.9	8.200e2
483.4	4.216e4
484.2	1.790e4
484.8	2.381e3
485.4	3.398e4
486.4	2.847e4
487.4	3.601e4
488.4	2.468e4
489.3	4.995e4
489.9	3.904e3
490.5	6.058e4
491.4	2.725e4
492.4	1.846e4
493.3	3.229e4
493.8	1.900e2
494.4	2.740e4
495.4	9.896e4
496.2	2.672e4
496.8	2.010e2
497.3	4.576e4
498.3	2.520e4
498.9	5.740e2
499.4	2.974e4
500.4	2.495e4
501.4	2.555e4
502.3	1.563e4
503.3	2.798e4
503.9	8.200e1
504.5	3.960e4
505.0	4.250e2
505.5	3.238e4
506.4	3.075e4
506.9	8.900e2
507.4	2.851e4
508.3	1.786e4
508.9	6.390e2
509.4	1.014e5
510.3	3.694e4
511.3	5.073e4
511.8	8.140e2
512.3	2.313e4
512.8	8.550e2
513.3	4.553e4
514.3	2.077e4
515.2	3.894e4
515.8	4.501e3
516.4	2.391e4
517.4	3.325e4
518.4	1.695e4
519.0	2.621e3
519.5	3.037e4
520.3	1.111e4
521.1	3.184e4
521.7	2.403e3
522.5	4.148e4
523.4	3.006e4
524.4	4.959e4
524.9	2.620e2
525.5	1.981e5
526.4	5.982e4
527.4	2.857e5
527.9	1.841e3
528.5	7.354e4
529.5	4.349e4
530.5	2.176e4
531.4	3.306e4
532.4	5.015e4
533.0	2.354e3
533.5	3.109e5
534.4	1.273e5
535.0	6.355e3
535.6	4.297e4
536.3	1.329e4
537.0	2.469e4
537.6	3.271e3
538.3	2.612e4
538.9	1.146e3
539.4	1.905e4
540.0	3.207e3
540.6	5.759e4
541.6	3.353e5
542.4	1.176e5
543.4	3.103e5
543.9	1.402e3
544.4	8.585e4
545.3	7.085e4
546.3	2.636e4
547.4	3.983e4
548.4	2.494e4
549.3	2.522e4
550.2	2.779e4
550.8	6.295e3
551.5	4.564e4
552.4	2.215e4
553.4	2.470e4
554.1	5.075e3
554.8	2.476e4
555.4	8.480e2
555.9	1.667e4
556.8	3.212e4
557.5	1.321e4
558.4	5.338e4
559.4	3.761e4
560.3	2.899e4
561.3	2.712e4
562.2	2.006e4
562.8	2.603e3
563.4	1.564e4
564.3	1.236e4
565.3	2.475e4
566.2	1.119e4
567.1	1.708e4
568.0	2.494e4
568.7	7.317e3
569.5	2.429e4
570.5	1.268e4
571.4	2.104e4
572.3	1.494e4
573.3	3.936e4
573.9	1.787e3
574.5	2.441e4
575.5	2.811e4
576.0	6.170e2
576.5	3.297e4
577.4	6.309e4
578.0	5.158e3
578.5	3.170e4
579.5	1.305e5
580.5	4.982e4
581.4	2.418e4
582.4	1.778e4
583.5	2.009e4
584.0	2.690e2
584.5	2.446e4
585.4	1.812e4
586.3	1.509e4
587.3	2.502e4
588.4	1.393e4
589.4	4.557e4
590.3	1.746e4
591.3	3.058e4
591.8	1.455e3
592.4	2.577e4
593.4	3.761e4
594.4	2.321e4
594.9	9.900e2
595.4	4.031e4
596.2	1.136e4
597.0	3.111e4
597.9	2.501e4
598.6	9.716e3
599.4	2.286e4
600.1	2.145e3
600.8	2.212e4
601.7	1.883e4
602.5	9.550e3
603.4	2.471e4
603.9	1.392e3
604.4	2.023e4
605.4	4.014e4
606.3	2.200e4
607.3	3.494e4
608.1	1.276e4
608.9	2.726e4
609.9	2.287e4
610.7	8.574e3
611.4	2.363e4
612.4	1.199e4
613.2	2.603e4
613.9	4.590e3
614.5	4.017e4
615.4	3.018e4
616.0	1.111e3
616.6	1.728e4
617.5	1.673e4
618.5	1.524e4
619.4	1.776e4
620.0	4.910e2
620.5	5.357e4
621.5	3.171e4
622.5	5.351e4
623.5	2.988e4
624.4	1.203e4
625.1	2.271e4
625.7	1.370e2
626.2	1.371e4
626.8	2.037e3
627.4	2.389e4
628.4	1.021e4
629.4	1.281e4
630.5	1.246e4
631.0	1.215e3
631.6	1.643e4
632.4	5.820e3
633.1	1.230e4
633.8	1.546e3
634.4	1.148e4
635.4	1.532e4
636.4	1.405e4
636.9	4.320e2
637.4	1.746e4
637.9	2.123e3
638.5	5.425e4
639.5	2.582e4
640.0	4.580e2
640.5	1.395e4
641.5	1.685e4
642.3	1.033e4
642.9	4.312e3
643.5	1.179e4
644.5	1.094e4
645.0	3.870e2
645.5	1.360e4
646.4	1.123e4
647.4	1.422e4
647.9	8.000e0
648.5	1.370e4
649.5	1.778e4
650.2	1.654e3
650.8	1.520e4
651.5	4.071e3
652.5	1.664e4
653.3	7.025e3
654.0	4.015e3
654.9	1.124e4
655.6	5.345e3
656.4	1.686e4
657.3	2.009e4
658.3	1.520e4
659.3	1.315e4
659.9	1.229e3
660.4	1.700e4
661.0	2.610e2
661.5	1.869e4
662.1	1.478e3
662.6	1.364e4
663.1	2.640e2
663.7	1.474e4
664.5	6.221e3
665.5	1.150e4
666.6	1.863e4
667.2	4.210e2
667.7	1.772e4
668.2	1.419e3
668.8	1.020e4
669.5	3.468e3
670.3	1.056e4
670.9	8.990e2
671.5	2.710e4
672.0	3.210e2
672.6	1.246e4
673.4	1.396e4
674.4	1.665e4
675.4	6.899e3
676.3	6.049e3
677.2	1.276e4
677.8	2.290e3
678.5	1.345e4
679.5	1.049e4
680.2	3.315e3
680.9	1.238e4
681.5	3.178e3
682.2	9.917e3
683.2	1.064e4
683.9	1.389e3
684.5	1.579e4
685.5	8.188e3
686.4	1.598e4
687.4	4.787e4
688.0	4.617e3
688.6	2.160e4
689.5	4.790e4
690.5	1.672e4
691.4	7.152e3
692.2	7.705e3
693.0	1.132e4
693.6	3.590e2
694.2	1.492e4
694.8	4.615e3
695.5	2.908e4
696.1	2.989e3
696.9	2.813e4
697.6	4.069e3
698.5	6.418e3
699.6	1.395e4
700.3	4.711e3
701.1	7.920e3
701.7	1.265e3
702.3	1.161e4
702.9	4.303e3
703.6	1.833e4
704.5	4.064e4
705.4	8.872e4
706.0	5.363e3
706.5	2.813e4
707.5	2.671e4
708.0	1.554e3
708.6	1.887e4
709.5	1.744e4
710.3	7.156e3
711.3	1.336e4
712.0	4.080e2
712.5	4.186e4
713.3	4.858e4
714.3	2.313e4
715.2	1.119e4
716.0	8.214e3
716.7	1.037e4
717.5	4.014e3
718.3	8.054e3
718.8	2.583e3
719.5	1.293e4
720.0	2.000e1
720.5	1.772e4
721.4	1.133e4
722.0	9.620e2
722.7	1.317e4
723.6	8.681e3
724.6	1.124e4
725.5	1.249e4
726.5	8.049e3
727.4	1.649e4
727.9	1.820e2
728.5	1.271e4
729.2	1.793e3
729.8	1.227e4
730.4	3.110e2
731.0	4.757e3
731.7	1.641e4
732.4	3.975e3
733.2	1.139e4
733.9	2.998e3
734.6	1.096e4
735.4	7.818e3
736.3	1.592e4
736.9	8.800e1
737.5	1.728e4
738.0	3.380e2
738.6	2.654e4
739.5	3.544e4
740.5	2.366e4
741.4	1.754e4
742.1	6.399e3
742.7	1.116e4
743.7	1.194e4
744.7	1.311e4
745.7	7.618e3
746.3	1.147e3
747.0	1.363e4
747.9	5.417e3
748.4	1.247e3
749.1	1.230e4
750.0	5.506e3
750.8	1.056e4
751.6	4.903e3
752.5	1.189e4
753.3	5.613e3
754.3	9.568e3
755.3	8.820e3
756.1	1.097e4
756.9	5.684e3
757.6	1.301e4
758.2	1.541e3
758.7	6.738e3
759.6	1.164e4
760.4	5.340e3
761.3	1.026e4
762.0	3.274e3
762.7	1.221e4
763.6	9.170e3
764.3	1.144e4
765.0	9.480e2
765.5	7.279e3
766.5	7.392e3
767.6	8.240e3
768.5	6.350e3
769.3	1.646e4
770.0	5.493e3
770.8	1.051e4
771.3	8.500e1
771.9	8.495e3
772.5	1.834e3
773.2	9.000e3
774.2	9.406e3
775.0	4.893e3
775.6	2.477e4
776.1	2.470e2
776.7	2.752e4
777.2	6.500e2
777.8	1.347e4
778.3	8.460e2
778.8	1.405e4
779.8	1.141e4
780.4	3.831e3
781.1	1.429e4
781.9	3.021e3
782.7	2.423e4
783.6	1.369e4
784.6	2.147e4
785.4	1.276e4
786.4	2.051e4
787.3	1.029e4
788.1	7.082e3
788.9	9.489e3
789.8	7.917e3
790.4	1.086e3
791.0	5.535e3
791.6	8.050e2
792.2	1.034e4
792.8	4.091e3
793.5	1.716e4
794.2	4.996e3
794.9	1.136e4
795.5	2.436e3
796.1	1.132e4
796.8	6.885e3
797.4	4.890e2
798.0	6.173e3
798.9	5.901e3
799.8	8.788e3
800.7	1.264e4
801.7	1.081e4
802.4	2.430e3
803.1	1.118e4
804.1	1.065e4
804.6	8.020e2
805.2	8.869e3
805.7	7.660e2
806.3	9.829e3
807.0	1.133e3
807.5	6.907e3
808.5	1.404e4
809.5	9.618e3
810.5	7.038e3
811.4	1.166e4
812.2	4.151e3
813.0	7.726e3
813.7	3.650e2
814.3	6.998e3
814.9	4.964e3
815.6	1.354e4
816.7	5.438e3
817.6	8.739e3
818.4	6.266e3
819.2	9.366e3
820.1	5.930e3
820.7	1.917e3
821.4	1.616e4
822.4	1.146e4
823.0	2.207e3
823.6	4.934e3
824.2	3.430e2
824.9	8.663e3
825.4	5.150e2
826.0	7.892e3
826.8	9.000e0
827.3	1.398e4
828.3	9.206e3
828.9	1.429e3
829.5	1.145e4
830.5	7.551e3
831.1	4.740e2
831.6	1.296e4
832.6	9.325e3
833.1	2.550e2
833.6	1.380e4
834.3	6.960e2
834.8	9.875e3
835.4	9.600e1
835.9	1.162e4
836.7	2.317e3
837.4	1.982e4
837.9	5.230e2
838.5	1.051e4
839.1	4.560e2
839.6	1.091e4
840.4	1.432e3
841.0	9.549e3
841.7	3.244e3
842.6	6.610e3
843.4	3.395e3
844.2	5.950e3
844.9	2.387e3
845.6	8.416e3
846.2	1.020e2
847.0	6.569e3
847.6	1.741e3
848.2	9.971e3
848.8	1.682e3
849.5	2.003e4
850.3	3.594e3
851.1	1.766e4
852.1	1.106e4
852.7	3.813e3
853.4	8.059e3
854.3	5.317e3
855.0	1.258e4
856.0	9.585e3
857.0	6.866e3
857.9	1.556e4
858.9	9.697e3
860.0	7.337e3
860.9	8.054e3
861.7	8.235e3
862.6	4.098e3
863.3	8.843e3
864.0	4.220e3
864.9	1.652e4
865.8	2.384e4
866.8	9.261e3
867.6	1.970e4
868.3	3.861e3
868.9	1.194e4
869.7	3.732e3
870.3	1.145e4
871.0	1.930e3
871.7	9.154e3
872.4	3.297e3
873.3	5.153e3
873.9	1.843e3
874.7	8.437e3
875.6	4.620e3
876.1	2.030e2
876.6	2.178e3
877.5	9.812e3
878.3	3.955e3
879.3	7.386e3
880.2	8.491e3
880.9	9.730e2
881.6	6.696e3
882.5	7.059e3
883.3	6.003e3
883.9	1.160e2
884.5	1.043e4
885.6	7.522e3
886.4	9.913e3
887.4	5.320e3
888.1	4.410e2
888.7	1.049e4
889.2	1.809e3
889.8	6.279e3
890.8	9.719e3
891.6	5.414e3
892.7	5.392e3
893.8	9.563e3
895.0	6.573e3
895.8	9.959e3
896.7	5.146e3
897.7	9.936e3
898.8	1.171e4
899.4	1.433e3
900.2	1.137e4
901.0	2.010e3
901.6	8.057e3
902.3	3.127e3
903.0	5.143e3
903.9	3.366e3
904.5	8.830e2
905.2	4.594e3
906.1	8.621e3
907.0	4.863e3
908.0	7.702e3
908.8	2.317e3
909.5	9.858e3
910.4	1.037e4
911.3	4.393e3
912.3	8.672e3
912.9	6.840e2
913.6	8.069e3
914.5	7.226e3
915.5	6.510e3
916.2	3.741e3
917.0	9.033e3
917.7	2.372e3
918.3	6.090e2
918.8	7.252e3
919.7	9.162e3
920.4	2.359e3
921.2	7.013e3
921.9	2.511e3
922.6	5.355e3
923.4	5.972e3
924.1	1.242e3
924.8	7.478e3
925.4	1.224e3
926.2	4.522e3
927.5	8.928e3
928.0	1.640e2
928.6	6.546e3
929.4	1.147e4
930.0	1.549e3
930.7	5.686e3
931.4	2.947e3
932.2	8.998e3
933.2	4.028e3
933.8	3.010e2
934.3	9.801e3
935.2	6.374e3
935.9	3.700e1
936.6	5.926e3
937.4	5.040e2
938.0	2.860e3
938.7	1.314e4
939.5	7.727e3
940.5	9.542e3
941.1	1.528e3
942.0	5.089e3
942.8	1.620e3
943.4	7.969e3
944.3	2.731e3
945.2	1.138e4
945.7	1.242e3
946.3	8.077e3
947.1	1.954e3
947.8	1.078e4
948.7	7.969e3
949.5	4.315e3
950.3	3.730e3
950.8	3.600e1
951.3	5.534e3
952.0	7.800e2
952.6	4.870e3
953.3	3.911e3
953.9	5.450e2
954.5	7.833e3
955.2	9.780e2
955.8	4.813e3
956.6	1.455e3
957.3	4.551e3
958.2	5.551e3
959.0	7.136e3
960.0	5.067e3
961.1	6.627e3
961.8	4.070e2
962.5	4.478e3
963.4	1.007e4
964.0	7.300e1
964.6	9.314e3
965.6	3.528e3
966.6	4.371e3
967.5	3.283e3
968.2	5.126e3
969.0	4.676e3
970.0	8.000e3
970.8	5.308e3
971.8	9.800e3
972.8	2.511e3
973.6	4.212e3
974.3	2.102e3
975.2	1.043e4
975.9	6.260e2
976.4	5.514e3
977.3	7.541e3
978.0	1.034e3
978.9	3.745e3
979.7	1.577e3
980.4	2.824e3
981.2	6.700e3
982.1	4.009e3
983.3	5.138e3
984.2	2.698e3
985.2	3.018e3
986.0	6.270e3
987.0	7.537e3
987.5	1.510e2
988.1	4.682e3
989.0	6.912e3
990.0	6.635e3
991.0	7.647e3
991.8	8.310e2
992.5	7.973e3
993.3	1.781e3
994.1	9.609e3
994.9	5.875e3
995.8	9.128e3
996.7	4.033e3
997.6	6.936e3
998.5	3.083e3
999.3	8.489e3
1000.3	7.034e3
1001.0	5.670e2
1001.6	9.117e3
1002.3	3.914e3
1002.8	9.000e1
1003.3	7.586e3
1003.8	2.820e2
1004.4	2.476e3
1004.9	9.000e0
1005.5	8.279e3
1006.5	4.737e3
1007.5	6.713e3
1008.0	2.450e2
1008.7	2.231e3
1009.3	8.000e0
1009.8	7.191e3
1010.3	8.790e2
1011.0	5.938e3
1011.9	1.068e4
1012.7	3.073e3
1013.5	1.575e4
1014.2	3.309e3
1014.9	8.674e3
1015.9	4.066e3
1016.5	1.063e3
1017.1	6.223e3
1017.9	2.967e3
1018.7	1.122e4
1019.7	5.696e3
1020.2	3.190e2
1020.8	9.667e3
1021.5	4.149e3
1022.4	5.887e3
1023.3	3.785e3
1024.2	3.397e3
1025.1	6.350e3
1025.7	4.150e2
1026.3	6.988e3
1026.9	2.678e3
1027.7	9.699e3
1028.6	4.575e3
1029.4	1.228e4
1030.4	6.345e3
1031.0	1.901e3
1031.6	4.702e3
1032.6	5.726e3
1033.3	1.378e3
1034.0	6.098e3
1034.9	3.428e3
1035.9	3.114e3
1036.8	1.329e4
1037.5	5.736e3
1038.3	4.787e3
1039.2	1.254e4
1040.3	5.054e3
1041.0	2.541e3
1042.0	6.284e3
1043.0	3.763e3
1043.9	2.358e3
1044.7	6.402e3
1045.3	7.290e2
1045.9	8.649e3
1046.6	6.260e2
1047.3	7.948e3
1048.0	2.238e3
1048.9	2.839e3
1049.6	1.115e3
1050.2	4.497e3
1050.8	1.552e3
1051.8	8.172e3
1052.5	1.209e3
1053.2	7.210e3
1053.9	8.060e2
1054.8	3.070e3
1055.7	6.893e3
1056.4	1.720e3
1057.2	3.124e3
1058.2	5.466e3
1058.9	1.639e3
1059.7	5.297e3
1060.3	8.110e2
1060.9	3.701e3
1061.7	1.115e4
1062.4	1.399e3
1063.1	7.272e3
1063.6	3.500e1
1064.1	8.969e3
1065.1	3.332e3
1066.0	9.245e3
1066.9	2.978e3
1067.8	2.786e3
1068.8	3.619e3
1069.7	3.948e3
1070.2	1.370e2
1071.0	7.599e3
1071.8	3.512e3
1072.5	1.070e2
1073.2	3.980e3
1074.1	2.767e3
1075.0	4.115e3
1075.8	4.809e3
1076.8	6.981e3
1077.8	5.430e3
1078.4	3.460e2
1078.9	5.796e3
1079.4	3.820e2
1079.9	2.523e3
1080.8	7.921e3
1081.4	1.347e3
1082.0	5.814e3
1082.9	5.002e3
1083.5	6.880e2
1084.1	4.824e3
1085.1	3.628e3
1085.7	3.460e2
1086.4	3.996e3
1086.9	7.350e2
1087.6	9.511e3
1088.4	1.261e3
1089.0	6.372e3
1089.9	7.330e2
1091.0	5.682e3
1091.7	8.783e3
1092.8	4.633e3
1093.6	1.861e3
1094.4	6.987e3
1095.2	6.252e3
1095.9	4.700e2
1096.7	3.770e3
1097.9	5.317e3
1099.3	3.045e3
1100.1	5.567e3
1100.8	1.876e3
1101.5	1.032e4
1102.2	3.354e3
1103.1	6.581e3
1103.7	5.970e2
1104.3	5.747e3
1105.4	5.224e3
1106.2	3.245e3
1107.2	6.550e3
1108.0	2.712e3
1108.7	7.634e3
1109.7	1.060e4
1110.4	2.078e3
1111.0	7.613e3
1111.9	7.060e2
1112.5	3.744e3
1113.5	5.112e3
1114.3	2.668e3
1115.2	2.036e3
1116.0	3.522e3
1116.8	5.548e3
1117.5	2.279e3
1118.2	8.702e3
1118.7	1.020e2
1119.2	8.099e3
1119.9	2.210e2
1120.4	4.308e3
1120.9	4.460e2
1121.5	5.485e3
1122.0	2.520e2
1122.9	6.478e3
1123.8	1.556e3
1124.9	5.314e3
1125.5	8.680e2
1126.2	6.332e3
1127.1	2.647e3
1127.9	3.089e3
1128.7	7.057e3
1129.7	4.185e3
1130.5	3.144e3
1131.3	5.008e3
1132.1	5.422e3
1132.7	4.080e2
1133.3	4.968e3
1134.1	3.033e3
1134.9	4.267e3
1135.9	6.795e3
1136.6	1.853e3
1137.4	6.351e3
1138.2	1.966e3
1139.0	5.745e3
1139.9	2.009e3
1140.8	6.323e3
1141.9	2.918e3
1142.8	3.642e3
1143.6	1.089e3
1144.3	4.358e3
1145.2	4.997e3
1145.8	2.692e3
1146.7	3.712e3
1147.5	1.014e4
1148.4	3.100e3
1149.2	4.456e3
1149.9	1.506e3
1151.0	4.601e3
1151.6	6.050e2
1152.1	3.340e3
1152.9	1.722e3
1153.6	6.691e3
1154.5	2.079e3
1155.6	6.750e3
1156.4	6.412e3
1157.3	4.847e3
1157.8	5.900e1
1158.3	7.370e3
1159.1	2.044e3
1159.6	5.030e2
1160.2	1.054e4
1161.2	7.051e3
1161.9	1.041e3
1162.6	8.024e3
1163.4	4.060e2
1164.0	7.031e3
1164.7	1.693e3
1165.4	4.346e3
1166.0	2.000e1
1166.6	1.967e3
1167.2	1.037e3
1168.1	2.332e3
1168.7	3.300e1
1169.3	5.780e3
1169.9	4.810e2
1170.7	7.583e3
1171.5	1.453e3
1172.1	5.568e3
1173.1	8.925e3
1174.1	3.071e3
1174.9	5.399e3
1175.6	7.610e2
1176.3	5.215e3
1177.2	1.268e3
1177.8	3.132e3
1178.8	3.078e3
1179.5	3.769e3
1180.1	1.000e1
1180.8	4.769e3
1181.6	3.370e3
1182.2	1.367e3
1183.1	6.354e3
1183.7	1.466e3
1184.3	9.205e3
1185.1	1.144e3
1185.6	3.811e3
1186.8	6.245e3
1187.8	7.909e3
1188.8	3.556e3
1189.6	6.560e3
1190.3	8.240e2
1191.0	7.450e3
1191.8	6.760e3
1192.6	5.133e3
1193.5	4.035e3
1194.1	8.000e0
1194.6	3.526e3
1195.5	2.579e3
1196.2	3.120e2
1197.1	2.824e3
1198.1	5.500e2
1198.7	8.073e3
1199.4	1.489e3
1200.0	3.687e3
1201.0	6.738e3
1201.8	3.577e3
1202.8	2.187e3
1203.7	3.974e3
1204.4	1.500e1
1205.1	4.432e3
1206.3	7.219e3
1207.3	4.810e3
1208.1	2.876e3
1208.9	9.924e3
1209.7	3.870e3
1210.3	2.190e2
1211.1	2.749e3
1211.9	1.190e3
1212.4	3.940e2
1213.0	2.986e3
1213.9	4.777e3
1214.8	1.886e3
1215.6	4.207e3
1216.5	2.678e3
1217.0	1.400e1
1217.5	1.622e3
1218.3	2.125e3
1219.3	3.886e3
1220.1	6.029e3
1220.9	2.132e3
1222.2	2.615e3
1223.1	3.941e3
1223.8	6.200e1
1224.3	5.555e3
1225.2	4.874e3
1225.9	1.857e3
1226.4	4.830e2
1226.9	6.791e3
1227.7	1.277e3
1228.3	6.442e3
1229.3	8.008e3
1230.1	4.932e3
1230.9	1.380e2
1231.6	3.674e3
1232.1	8.000e0
1232.6	2.179e3
1233.3	1.543e3
1234.0	3.851e3
1235.0	2.533e3
1235.9	2.286e3
1236.8	6.159e3
1237.5	3.170e2
1238.2	5.776e3
1239.1	4.910e3
1240.2	6.869e3
1240.7	2.570e2
1241.3	3.039e3
1242.1	4.863e3
1243.2	3.491e3
1244.2	2.888e3
1245.0	5.143e3
1245.6	1.995e3
1246.2	3.256e3
1247.0	5.173e3
1247.6	1.886e3
1248.4	3.673e3
1249.1	1.600e1
1249.8	3.500e3
1250.6	4.762e3
1251.6	5.015e3
1252.4	5.810e2
1253.1	4.894e3
1254.0	3.883e3
1254.6	9.130e2
1255.5	4.076e3
1256.6	1.979e3
1257.6	5.189e3
1258.7	4.102e3
1259.7	2.325e3
1260.4	1.816e3
1261.1	3.661e3
1262.0	4.260e3
1262.6	1.900e1
1263.3	9.185e3
1263.9	7.880e2
1264.5	5.405e3
1265.2	8.298e3
1266.0	2.380e3
1267.1	2.724e3
1268.0	2.095e3
1268.8	2.778e3
1269.6	4.465e3
1270.7	3.015e3
1271.2	8.400e1
1272.0	1.044e4
1272.8	2.995e3
1273.6	8.686e3
1274.3	2.532e3
1275.0	2.657e3
1276.0	7.530e2
1276.5	4.365e3
1277.5	6.240e2
1278.2	5.988e3
1279.1	2.470e2
1279.6	5.626e3
1280.6	4.418e3
1281.2	5.030e2
1281.7	5.688e3
1282.5	2.884e3
1283.1	7.590e2
1283.7	5.135e3
1284.4	8.990e2
1285.0	4.711e3
1285.8	7.710e2
1286.4	3.541e3
1287.1	7.650e2
1287.8	6.698e3
1288.6	5.323e3
1289.2	8.940e2
1289.8	3.448e3
1290.9	2.905e3
1291.9	1.932e3
1292.8	4.595e3
1293.5	9.530e2
1294.2	2.056e3
1294.9	9.700e1
1295.4	2.792e3
1296.2	1.673e3
1297.0	5.667e3
1297.9	6.166e3
1298.9	4.339e3
1299.5	1.330e2
1300.0	2.725e3
1300.9	1.998e3
1301.6	6.302e3
1302.2	7.140e2
1302.9	4.584e3
1303.8	3.400e3
1304.6	4.415e3
1305.3	6.670e2
1306.1	7.730e2
1306.8	2.989e3
1307.3	5.160e2
1307.9	3.903e3
1308.7	2.139e3
1309.8	7.032e3
1310.7	8.140e2
1311.4	2.583e3
1311.9	3.810e2
1312.5	8.614e3
1313.3	3.318e3
1314.1	7.490e2
1315.0	4.356e3
1315.5	5.670e2
1316.1	3.591e3
1316.9	4.528e3
1317.7	2.438e3
1319.0	6.017e3
1319.5	1.083e3
1320.2	6.856e3
1320.9	2.202e3
1321.5	9.250e2
1322.2	4.864e3
1322.9	6.690e2
1323.5	3.136e3
1324.2	2.348e3
1325.2	1.030e3
1325.8	3.190e3
1326.8	4.657e3
1327.9	2.967e3
1329.0	1.438e3
1329.9	4.744e3
1330.9	4.667e3
1331.8	2.924e3
1332.8	3.402e3
1333.7	5.775e3
1334.5	1.216e3
1335.2	4.510e3
1336.0	5.189e3
1336.9	3.831e3
1337.7	2.816e3
1338.6	2.422e3
1339.4	4.608e3
1340.2	3.680e2
1340.8	2.646e3
1341.4	1.800e1
1342.1	3.438e3
1343.1	2.898e3
1343.7	2.000e2
1344.3	3.971e3
1344.9	4.450e2
1345.5	3.380e3
1346.3	3.996e3
1347.5	3.303e3
1348.4	2.857e3
1348.9	2.000e2
1349.6	3.298e3
1350.3	6.852e3
1351.2	1.458e3
1352.0	3.910e3
1352.9	2.528e3
1353.5	7.650e2
1354.0	4.595e3
1354.6	8.400e1
1355.1	4.148e3
1355.8	1.387e3
1356.6	5.936e3
1357.2	3.410e2
1357.8	3.722e3
1358.7	2.221e3
1359.5	1.946e3
1360.4	2.645e3
1360.9	1.810e2
1361.5	7.245e3
1362.2	1.049e3
1363.0	6.478e3
1363.8	2.297e3
1364.4	4.040e2
1365.1	5.376e3
1366.0	3.486e3
1366.9	3.697e3
1367.6	3.640e2
1368.3	5.670e3
1369.1	5.930e2
1370.2	1.071e4
1371.2	5.799e3
1372.2	3.388e3
1373.0	1.379e3
1373.6	5.641e3
1374.2	3.180e2
1374.7	4.488e3
1375.4	1.194e3
1376.3	1.680e3
1377.2	3.492e3
1378.1	1.260e2
1378.8	5.143e3
1379.6	3.550e2
1380.3	2.283e3
1381.2	3.103e3
1382.1	3.940e3
1382.6	3.820e2
1383.5	5.865e3
1384.5	4.510e2
1385.1	5.423e3
1386.0	1.988e3
1386.6	9.200e1
1387.1	4.236e3
1388.1	6.163e3
1389.1	2.753e3
1390.0	3.760e3
1390.9	6.198e3
1391.7	1.423e3
1392.5	2.286e3
1393.0	8.000e0
1393.5	2.772e3
1394.5	4.861e3
1395.1	1.600e1
1395.8	3.581e3
1396.7	1.147e3
1397.5	4.774e3
1398.1	2.130e2
1398.7	2.568e3
1399.5	5.891e3
1400.1	4.770e2
1400.8	1.250e3
1401.9	2.927e3
1402.5	3.370e2
1403.0	2.439e3
1403.8	2.890e2
1404.8	2.984e3
1405.9	2.114e3
1406.6	7.370e2
1407.7	4.303e3
1408.6	2.553e3
1409.9	2.421e3
1410.7	3.922e3
1411.7	1.967e3
1412.4	1.963e3
1413.5	1.707e3
1414.4	2.448e3
1415.4	1.786e3
1416.2	4.570e3
1416.8	1.000e2
1417.3	5.077e3
1418.0	2.226e3
1418.7	8.730e2
1419.5	1.611e3
1420.4	7.621e3
1421.1	7.960e2
1421.7	1.856e3
1422.2	4.280e2
1422.8	4.447e3
1423.3	8.000e0
1424.0	1.915e3
1424.8	4.283e3
1425.7	6.730e2
1426.5	2.690e3
1427.3	2.764e3
1428.0	5.212e3
1429.0	8.550e2
1429.9	6.575e3
1430.7	3.020e2
1431.3	3.906e3
1431.9	5.580e2
1432.6	3.643e3
1433.3	1.428e3
1434.0	7.361e3
1434.5	1.500e1
1435.1	3.466e3
1435.9	1.707e3
1436.6	1.977e3
1437.1	3.530e2
1437.7	5.768e3
1438.6	8.540e2
1439.3	3.221e3
1440.1	3.467e3
1441.0	8.000e0
1441.5	3.328e3
1442.3	1.304e3
1443.1	4.165e3
1443.7	8.490e2
1444.3	7.443e3
1445.2	1.811e3
1446.1	5.182e3
1446.8	1.221e3
1447.7	2.620e2
1448.3	1.366e3
1448.8	3.590e2
1449.5	3.288e3
1450.1	8.400e1
1450.7	3.648e3
1451.3	4.840e2
1451.9	4.806e3
1452.4	3.200e1
1453.0	4.292e3
1453.9	1.944e3
1454.9	2.189e3
1455.6	3.434e3
1456.6	2.419e3
1457.3	7.180e2
1458.0	1.320e3
1458.7	7.530e2
1459.3	6.044e3
1460.0	6.560e2
1460.5	2.827e3
1461.1	9.000e0
1461.7	3.357e3
1462.5	1.285e3
1463.3	7.250e2
1463.9	2.024e3
1464.7	2.662e3
1465.8	4.292e3
1466.5	6.850e2
1467.3	1.324e3
1468.1	4.611e3
1469.1	6.100e2
1469.8	3.024e3
1470.4	2.240e2
1471.0	1.382e3
1471.7	1.945e3
1472.4	3.674e3
1473.3	3.444e3
1473.9	2.190e3
1474.7	2.301e3
1475.5	8.900e2
1476.3	3.222e3
1477.1	3.277e3
1477.9	1.121e3
1478.6	3.707e3
1479.4	2.699e3
1480.0	7.290e2
1480.8	3.247e3
1481.4	1.000e1
1481.9	1.898e3
1482.6	1.000e1
1483.3	2.177e3
1484.2	7.810e2
1484.7	8.000e0
1485.3	2.985e3
1486.5	6.847e3
1487.4	3.171e3
1488.3	2.824e3
1489.4	2.850e3
1490.6	3.699e3
1491.2	5.270e2
1491.8	5.312e3
1492.4	8.000e0
1493.0	3.188e3
1493.7	8.180e2
1494.3	4.306e3
1495.0	7.310e2
1495.8	9.300e2
1496.5	2.977e3
1497.3	2.051e3
1498.3	4.991e3
1499.0	3.690e2
1499.6	3.205e3
1500.2	1.108e3
1500.9	3.307e3
1501.7	2.800e1
1502.4	2.630e3
1503.4	2.944e3
1504.3	4.080e2
1505.0	9.600e2
1505.8	1.774e3
1506.6	4.120e3
1507.7	1.453e3
1508.5	3.165e3
1509.4	2.714e3
1510.3	1.046e3
1511.1	2.181e3
1511.9	2.425e3
1512.5	2.152e3
1513.3	1.424e3
1514.2	3.216e3
1514.8	5.800e2
1515.3	6.356e3
1516.3	2.711e3
1516.8	3.960e2
1517.3	3.008e3
1518.8	2.018e3
1519.7	2.644e3
1520.4	2.040e3
1521.0	2.010e2
1521.6	2.789e3
1522.2	9.000e0
1522.7	2.573e3
1523.7	3.899e3
1524.8	4.430e3
1525.4	2.980e2
1526.2	3.821e3
1527.1	2.560e3
1527.8	2.196e3
1528.6	1.090e2
1529.5	4.235e3
1530.3	4.080e2
1531.1	3.664e3
1531.8	1.218e3
1533.1	5.410e3
1534.0	2.692e3
1534.9	1.660e3
1535.5	8.870e2
1536.2	2.808e3
1537.0	1.937e3
1538.2	4.885e3
1539.0	1.663e3
1539.8	2.000e1
1540.5	1.769e3
1541.3	2.635e3
1542.1	1.696e3
1543.1	4.010e3
1543.8	1.772e3
1544.5	3.377e3
1545.6	2.850e3
1546.2	2.800e2
1546.7	3.771e3
1547.6	6.020e2
1548.5	1.320e3
1549.2	1.890e2
1549.9	5.517e3
1550.5	1.600e1
1551.0	5.102e3
1551.9	2.775e3
1553.1	2.199e3
1553.7	6.550e2
1554.4	2.395e3
1555.7	8.410e2
1556.3	4.350e2
1557.0	1.106e3
1557.8	2.826e3
1558.4	6.650e2
1559.0	3.143e3
1559.7	1.669e3
1560.7	3.251e3
1561.5	5.680e3
1562.3	4.880e2
1563.0	3.739e3
1564.1	2.740e2
1564.9	1.714e3
1565.8	1.413e3
1566.5	2.159e3
1567.2	2.446e3
1568.1	3.779e3
1569.0	2.016e3
1569.8	2.095e3
1570.8	3.720e2
1571.4	2.639e3
1572.4	3.132e3
1573.2	1.887e3
1574.1	1.457e3
1574.8	8.960e2
1575.7	8.420e2
1576.5	1.482e3
1577.1	2.280e2
1577.6	1.213e3
1578.6	2.629e3
1579.4	4.530e3
1580.1	4.180e2
1580.8	4.041e3
1581.7	1.273e3
1582.6	2.837e3
1583.3	6.630e2
1584.0	4.084e3
1585.0	1.631e3
1585.8	1.353e3
1586.7	1.819e3
1587.8	1.931e3
1588.8	2.366e3
1589.4	9.530e2
1590.3	2.018e3
1591.1	4.142e3
1591.7	2.780e2
1592.3	3.706e3
1592.8	4.580e2
1593.4	9.110e2
1594.5	2.718e3
1595.4	3.652e3
1596.1	9.000e0
1596.7	2.803e3
1597.6	5.203e3
1598.2	1.800e1
1598.8	1.242e3
1599.7	1.328e3
1600.9	4.807e3
1601.8	2.396e3
1602.5	2.093e3
1603.1	2.100e1
1603.8	9.280e2
1604.4	2.035e3
1605.5	8.425e3
1606.2	1.238e3
1606.8	2.006e3
1607.3	8.000e0
1607.9	5.760e2
1608.5	3.695e3
1609.5	1.806e3
1610.4	9.220e2
1611.1	1.644e3
1612.1	1.479e3
1613.0	2.433e3
1614.0	5.003e3
1615.0	2.029e3
1616.0	1.637e3
1616.8	1.236e3
1617.7	1.946e3
1618.5	1.590e2
1619.3	2.201e3
1619.9	2.320e2
1620.6	3.576e3
1621.6	2.470e3
1622.5	2.954e3
1623.4	2.891e3
1624.2	8.440e2
1624.7	3.260e2
1625.2	3.182e3
1626.0	6.270e2
1626.7	7.010e2
1627.6	2.786e3
1628.7	1.504e3
1629.2	8.000e0
1629.8	1.580e3
1630.4	1.700e1
1631.0	3.570e2
1631.6	1.698e3
1632.4	1.502e3
1633.2	6.217e3
1634.0	3.067e3
1634.6	9.000e0
1635.1	1.595e3
1636.0	2.751e3
1636.8	2.810e2
1637.7	8.910e2
1638.4	6.600e1
1639.1	3.203e3
1639.8	6.550e2
1640.7	1.753e3
1641.6	2.234e3
1642.2	6.750e2
1642.9	1.423e3
1643.9	1.327e3
1644.8	9.790e2
1645.6	5.328e3
1646.5	1.585e3
1647.1	2.910e2
1647.8	1.398e3
1648.5	4.900e1
1649.1	3.515e3
1650.0	7.680e2
1650.7	1.876e3
1651.5	4.941e3
1652.3	1.892e3
1653.2	2.449e3
1654.0	1.200e3
1655.0	2.240e2
1655.6	1.542e3
1656.3	4.203e3
1657.3	1.288e3
1658.0	8.030e2
1658.5	1.730e2
1659.1	4.872e3
1659.9	4.433e3
1660.6	1.007e3
1661.4	2.233e3
1662.1	7.130e2
1663.0	1.189e3
1664.0	2.239e3
1665.0	3.643e3
1665.8	2.999e3
1666.7	3.980e3
1667.7	2.686e3
1668.3	2.830e2
1669.0	7.290e2
1670.0	1.618e3
1671.0	1.326e3
1671.8	2.489e3
1672.8	3.200e1
1673.5	9.920e2
1674.3	2.837e3
1674.9	1.215e3
1675.7	8.730e2
1676.2	2.660e2
1677.1	1.804e3
1677.9	1.380e3
1678.5	2.976e3
1679.1	5.330e2
1679.7	1.547e3
1680.2	8.000e0
1680.8	4.109e3
1681.5	1.339e3
1682.3	1.901e3
1682.8	1.990e2
1683.6	3.360e2
1684.5	2.373e3
1685.2	4.400e2
1685.9	4.180e3
1686.9	5.200e1
1687.6	1.269e3
1688.3	1.806e3
1689.3	6.500e2
1690.1	8.990e2
1690.7	4.531e3
1691.5	1.700e1
1692.1	4.810e2
1693.0	9.000e0
1693.6	1.220e3
1694.4	3.814e3
1694.9	1.100e1
1695.4	1.718e3
1696.4	3.937e3
1697.2	1.660e2
1698.2	2.700e3
1699.2	1.254e3
1699.9	3.270e2
1700.8	3.764e3
1701.9	3.502e3
1703.0	4.330e2
1703.7	2.803e3
1704.6	2.510e3
1705.1	1.600e1
1705.7	2.000e3
1706.2	1.300e1
1707.0	1.215e3
1707.9	2.413e3
1708.9	1.756e3
1709.4	2.800e1
1710.1	2.191e3
1710.7	2.950e2
1711.2	3.007e3
1711.9	3.040e2
1713.0	2.803e3
1714.0	3.603e3
1715.5	5.270e2
1716.3	2.870e2
1716.9	2.333e3
1717.6	4.800e2
1718.1	1.245e3
1718.9	1.905e3
1719.5	2.148e3
1720.3	8.290e2
1721.2	1.504e3
1722.0	9.250e2
1723.0	2.096e3
1724.0	2.518e3
1724.8	5.770e2
1725.7	7.230e2
1726.3	6.250e2
1727.3	2.914e3
1728.0	9.000e0
1728.5	2.383e3
1730.1	2.912e3
1731.1	2.120e3
1732.1	1.716e3
1733.2	1.540e3
1734.0	1.377e3
1734.9	3.156e3
1735.9	2.034e3
1736.9	1.926e3
1737.9	1.146e3
1738.6	3.242e3
1739.4	2.149e3
1740.1	1.017e3
1741.0	1.895e3
1741.5	2.170e2
1742.5	3.190e3
1743.2	5.220e2
1743.8	3.290e3
1744.7	8.660e2
1745.8	9.130e2
1746.7	1.005e3
1747.9	2.545e3
1748.8	1.085e3
1749.6	4.561e3
1750.1	1.800e2
1750.7	1.289e3
1751.7	2.056e3
1752.3	8.100e1
1752.8	4.590e2
1753.9	5.638e3
1754.6	1.373e3
1755.6	2.834e3
1756.2	6.390e2
1756.9	1.502e3
1757.7	3.260e2
1758.2	1.513e3
1758.8	2.052e3
1759.6	2.006e3
1760.3	1.639e3
1761.4	1.563e3
1762.1	3.490e3
1763.0	1.800e1
1763.5	2.326e3
1764.2	9.900e1
1764.7	2.550e2
1765.3	2.148e3
1766.0	7.280e2
1766.9	1.810e3
1767.4	5.560e2
1768.0	6.970e2
1768.7	2.529e3
1769.5	7.160e2
1770.0	3.620e3
1770.9	3.440e2
1771.7	3.445e3
1772.5	1.091e3
1773.3	1.420e3
1774.2	3.100e1
1774.9	2.211e3
1775.8	8.230e2
1776.4	3.773e3
1777.3	2.114e3
1778.0	2.863e3
1778.7	5.000e2
1779.8	3.040e2
1781.0	1.650e2
1781.5	9.000e0
1782.0	8.300e1
1782.5	1.061e3
1783.3	2.428e3
1783.8	8.000e0
1784.4	1.639e3
1785.1	1.337e3
1785.8	3.675e3
1786.3	6.590e2
1787.0	7.540e2
1787.7	1.043e3
1788.9	1.386e3
1789.5	1.691e3
1790.3	1.241e3
1790.9	9.000e0
1791.5	5.300e2
1792.3	8.000e0
1792.9	7.830e2
1793.5	7.510e2
1794.2	1.740e3
1795.2	8.170e2
1796.0	2.400e1
1796.9	1.247e3
1797.4	9.000e0
1798.0	7.450e2
1798.6	2.090e3
1799.1	9.000e0
1799.7	2.878e3
1800.7	1.690e2
1801.4	9.710e2
1801.9	3.410e2
1802.4	1.899e3
1803.4	1.163e3
1804.0	1.100e1
1804.6	2.256e3
1805.2	3.960e2
1806.2	1.785e3
1807.0	3.562e3
1807.7	9.000e0
1808.3	3.224e3
1809.3	6.840e2
1809.9	4.100e2
1810.7	6.000e2
1811.3	4.947e3
1811.9	8.000e0
1812.5	2.189e3
1813.3	1.580e3
1814.0	3.140e2
1814.8	2.270e2
1815.3	2.354e3
1816.3	1.743e3
1817.5	1.385e3
1818.5	9.490e2
1819.5	4.010e2
1820.1	1.400e1
1820.7	1.706e3
1821.6	2.738e3
1822.2	3.373e3
1823.0	1.717e3
1823.7	4.760e2
1824.5	3.110e2
1825.3	1.043e3
1826.2	4.660e2
1827.0	3.833e3
1827.8	4.310e2
1828.6	2.276e3
1829.5	1.947e3
1830.2	4.590e2
1830.9	7.240e2
1831.5	2.800e1
1832.2	6.330e2
1832.9	1.650e2
1833.5	2.504e3
1834.4	5.190e2
1835.0	2.467e3
1835.9	3.440e2
1837.0	2.140e2
1837.6	2.862e3
1838.7	7.480e2
1839.4	2.558e3
1840.3	1.604e3
1841.0	1.583e3
1841.6	3.200e1
1842.2	1.284e3
1843.1	2.230e2
1844.0	1.696e3
1844.6	5.790e2
1845.1	2.200e2
1845.6	1.791e3
1846.4	4.300e2
1847.0	6.770e2
1847.9	1.694e3
1848.6	7.820e2
1849.7	1.362e3
1850.5	5.410e2
1851.1	3.230e2
1852.0	1.680e3
1852.7	6.000e2
1853.7	4.412e3
1854.4	5.700e1
1855.2	6.880e2
1856.1	1.729e3
1856.7	6.280e2
1857.5	1.670e2
1858.3	1.059e3
1859.1	3.570e2
1859.8	9.430e2
1860.8	1.888e3
1861.4	3.800e1
1862.1	1.045e3
1862.9	8.250e2
1863.6	5.980e2
1864.6	1.557e3
1865.3	2.180e2
1865.9	1.657e3
1866.4	1.400e2
1867.0	2.041e3
1867.8	3.060e2
1868.4	1.600e1
1869.2	2.630e3
1870.4	1.114e3
1871.1	1.603e3
1871.6	1.682e3
1872.6	3.182e3
1873.3	2.640e2
1874.2	1.460e3
1875.0	1.100e1
1875.5	1.753e3
1876.2	2.040e2
1876.7	2.005e3
1877.5	5.680e2
1878.1	1.930e2
1878.9	2.745e3
1880.2	1.141e3
1880.8	1.403e3
1882.2	1.623e3
1883.6	1.142e3
1884.3	2.370e2
1885.2	1.728e3
1886.2	2.560e3
1886.9	1.890e2
1887.5	2.381e3
1888.4	1.672e3
1889.4	7.430e2
1890.4	4.219e3
1891.3	1.210e3
1892.0	2.500e2
1892.7	1.504e3
1893.7	2.415e3
1894.8	3.043e3
1895.3	1.600e2
1896.0	1.248e3
1897.1	1.296e3
1897.8	1.089e3
1898.7	1.216e3
1899.8	3.900e2
1900.3	2.790e2
1901.0	1.974e3
1901.8	2.150e3
1902.4	8.000e0
1903.1	1.622e3
1903.9	8.070e2
1904.7	2.039e3
1905.5	1.002e3
1906.4	2.060e3
1907.1	7.480e2
1907.9	5.600e2
1908.6	1.223e3
1909.3	1.730e2
1909.8	2.013e3
1910.7	2.480e3
1911.2	8.000e0
1911.8	6.860e2
1913.2	2.588e3
1914.0	1.220e3
1914.9	9.000e0
1915.4	8.380e2
1916.1	1.650e2
1916.6	1.077e3
1917.3	1.187e3
1918.5	7.060e2
1919.1	5.270e2
1919.9	1.636e3
1920.9	6.470e2
1921.7	1.412e3
1922.3	9.000e0
1922.9	2.272e3
1923.7	2.183e3
1924.6	6.560e2
1925.7	3.560e2
1926.3	1.836e3
1927.1	5.760e2
1928.0	1.687e3
1929.0	1.171e3
1929.9	1.593e3
1930.6	4.790e2
1931.6	2.543e3
1932.2	3.180e2
1932.8	2.890e3
1933.4	6.810e2
1934.0	6.780e2
1935.0	9.470e2
1936.0	1.306e3
1937.2	2.600e1
1937.8	8.000e0
1938.5	1.023e3
1939.0	8.000e0
1939.6	1.187e3
1940.5	1.962e3
1941.2	5.960e2
1942.2	1.470e3
1943.2	1.922e3
1944.0	1.580e3
1945.1	1.932e3
1945.8	1.960e2
1946.4	6.300e2
1947.1	2.338e3
1947.9	5.000e2
1948.5	1.190e2
1949.5	1.121e3
1950.3	2.585e3
1951.3	1.501e3
1951.9	8.000e0
1952.4	2.519e3
1953.2	1.444e3
1953.9	2.660e2
1954.6	1.394e3
1955.7	1.374e3
1956.7	2.415e3
1957.5	1.253e3
1958.1	3.960e2
1958.7	1.212e3
1959.4	1.390e2
1960.1	2.924e3
1960.7	8.200e1
1961.3	1.712e3
1962.3	1.219e3
1963.1	1.000e1
1963.8	1.060e3
1964.7	1.641e3
1965.6	1.320e2
1966.1	9.000e0
1966.9	7.780e2
1968.2	2.065e3
1968.9	1.019e3
1969.9	3.791e3
1970.7	1.260e3
1972.2	9.750e2
1972.9	2.180e2
1973.5	2.270e3
1974.4	9.570e2
1975.3	1.868e3
1976.0	3.000e1
1976.7	9.860e2
1977.7	3.480e2
1978.7	3.533e3
1979.4	1.610e2
1979.9	1.257e3
1980.8	3.089e3
1981.3	1.000e1
1982.0	2.940e2
1982.6	2.260e2
1983.1	8.080e2
1984.2	2.712e3
1985.1	6.160e2
1986.1	6.830e2
1986.7	1.190e2
1987.2	1.075e3
1987.8	1.330e2
1988.4	8.050e2
1989.1	1.243e3
1989.8	2.770e2
1990.7	1.563e3
1991.6	2.210e2
1992.6	4.600e1
1993.4	8.000e0
1993.9	2.417e3
1995.8	1.253e3
1997.2	4.280e2
1998.0	2.980e2
1998.8	2.500e1
1999.6	1.693e3
