100.3	9.085e4
101.0	7.396e5
101.6	3.500e2
102.1	2.205e6
103.0	1.423e5
104.0	1.105e5
104.6	1.005e3
105.1	6.376e5
106.1	9.055e4
106.7	3.622e3
107.2	1.277e5
107.8	1.816e4
108.3	5.119e5
109.1	2.109e5
110.0	1.855e6
110.6	1.340e3
111.1	4.772e6
112.1	1.638e6
113.1	3.779e5
113.6	3.349e3
114.1	2.966e5
115.1	1.298e5
115.6	1.862e3
116.1	8.611e4
117.1	7.754e4
117.6	7.530e2
118.1	1.912e5
119.0	1.755e5
119.6	2.117e3
120.1	4.719e5
121.1	1.819e5
121.6	2.626e3
122.2	1.321e6
123.1	3.334e5
123.6	2.670e3
124.1	1.197e5
125.1	7.341e4
126.0	2.482e5
126.6	4.140e2
127.1	8.342e4
127.6	1.308e3
128.1	4.233e4
129.1	8.800e4
129.6	2.323e3
130.2	2.188e5
130.8	2.289e4
131.3	5.923e5
132.1	1.775e5
133.1	4.639e5
134.1	7.200e4
135.1	6.583e4
136.1	3.637e5
136.6	1.287e3
137.1	8.753e4
137.6	9.830e2
138.2	1.117e6
138.7	5.000e2
139.2	1.471e5
140.1	1.826e5
141.1	1.362e5
142.1	2.523e5
143.1	6.829e4
144.1	1.218e5
145.1	5.655e5
146.1	7.494e4
147.1	3.204e5
147.6	4.740e2
148.1	5.884e4
149.1	1.896e5
149.7	7.720e2
150.2	2.502e5
151.2	6.833e4
152.2	3.296e4
153.1	4.738e4
154.1	8.011e4
154.6	1.782e3
155.2	2.020e5
155.7	1.770e2
156.2	8.377e4
157.1	1.739e5
158.1	3.749e5
159.1	1.056e6
159.6	1.044e3
160.1	1.464e5
161.1	6.145e4
162.1	6.149e4
163.1	1.486e5
164.1	1.193e5
165.2	8.930e4
166.0	1.858e4
166.6	5.815e4
167.5	3.868e5
168.3	8.595e4
169.1	4.786e4
169.7	7.110e2
170.2	8.319e4
170.7	9.990e2
171.2	7.188e5
172.1	2.827e5
173.1	1.475e5
173.7	7.870e2
174.2	9.070e4
174.9	1.778e4
175.6	1.768e5
176.2	2.992e4
176.8	3.803e5
177.4	2.986e4
178.0	1.018e5
178.6	6.167e3
179.2	1.292e5
179.7	1.048e3
180.2	6.297e4
181.2	9.816e4
182.1	6.114e4
183.1	3.332e5
183.7	1.969e3
184.3	9.786e4
185.1	7.115e5
186.0	1.843e5
186.5	2.650e3
187.1	5.249e5
187.6	1.039e3
188.2	4.098e5
189.1	9.606e4
189.6	2.667e3
190.2	5.830e4
191.1	5.976e4
191.6	9.540e2
192.2	7.171e4
192.7	5.980e2
193.2	5.228e4
194.2	2.518e5
195.2	1.453e5
196.3	2.146e6
197.2	6.199e5
198.3	9.126e5
199.2	1.722e5
200.1	2.805e5
200.6	7.550e2
201.2	9.532e4
202.2	6.619e4
203.1	1.341e5
204.1	4.653e4
205.1	7.539e4
205.7	1.951e3
206.2	7.532e4
207.2	6.112e4
208.2	5.475e4
209.1	1.108e5
209.7	2.312e3
210.2	7.862e4
211.2	5.440e4
212.2	7.342e4
213.1	3.930e4
214.2	6.992e6
215.2	8.941e5
216.2	5.051e5
217.2	2.305e5
217.7	6.140e2
218.3	6.811e5
219.2	1.472e5
219.7	2.170e2
220.2	1.230e5
221.2	8.511e4
222.2	4.525e4
223.2	4.591e4
224.1	1.079e5
224.7	1.551e3
225.2	5.459e4
226.1	7.763e4
227.1	4.231e5
227.6	1.575e3
228.1	1.118e5
228.7	5.700e2
229.2	8.311e4
230.2	4.369e4
231.2	7.973e4
232.2	4.793e4
232.7	3.000e2
233.2	5.682e4
234.2	6.362e4
235.2	6.872e4
235.7	3.190e2
236.2	9.645e5
237.2	2.376e5
238.2	1.040e5
239.2	8.893e4
239.7	3.910e2
240.2	3.500e4
240.7	7.660e2
241.3	4.628e4
242.2	4.472e4
243.2	9.240e4
243.7	1.991e3
244.2	5.659e4
245.2	5.743e4
246.2	3.369e4
247.2	2.809e4
247.7	6.460e2
248.2	2.854e4
248.7	1.970e2
249.2	2.628e4
250.2	6.129e4
250.7	9.500e2
251.2	3.291e4
252.2	7.233e4
253.2	5.308e4
254.1	8.765e4
254.6	2.138e3
255.2	6.127e4
255.7	1.340e2
256.2	5.083e4
257.2	4.459e4
258.2	2.435e4
258.7	1.035e3
259.3	1.752e5
260.3	4.299e4
260.8	2.110e2
261.3	8.413e4
262.1	2.430e4
262.8	6.245e4
263.4	7.394e3
264.0	3.248e4
264.6	1.491e3
265.2	2.487e4
266.1	9.552e4
266.7	2.762e3
267.2	4.165e4
268.2	2.143e4
268.7	3.750e2
269.3	2.457e4
270.2	2.219e4
271.2	4.421e4
272.2	2.601e4
272.7	6.960e2
273.2	3.408e4
274.2	4.713e4
275.2	3.667e4
276.1	3.046e4
276.7	6.890e2
277.2	7.163e4
278.2	3.768e4
278.7	1.540e3
279.2	6.455e4
279.7	5.930e2
280.3	2.988e4
281.2	3.593e4
282.2	4.625e4
283.2	6.093e4
283.8	6.360e3
284.4	6.931e4
285.3	3.668e4
286.2	2.218e4
287.1	2.575e4
287.6	1.419e3
288.2	2.091e4
289.2	5.603e4
289.7	1.870e3
290.3	2.902e4
291.2	2.348e4
292.2	2.872e4
293.2	2.367e4
294.1	2.390e4
294.6	5.960e2
295.1	7.690e4
295.6	3.860e2
296.2	3.015e4
296.7	1.165e3
297.3	3.185e4
298.2	2.356e4
299.2	2.967e4
299.7	2.600e2
300.3	1.769e4
301.3	7.363e4
302.2	3.867e4
303.2	3.138e4
304.1	5.212e4
304.6	4.600e2
305.2	6.232e4
305.7	1.924e3
306.3	3.186e4
307.2	3.290e4
307.7	8.360e2
308.3	2.496e4
309.2	3.022e4
309.8	1.023e3
310.3	3.041e4
311.3	5.607e4
311.9	6.400e2
312.4	3.928e4
313.4	7.381e4
314.3	3.602e4
315.3	2.392e4
316.2	2.448e4
316.7	4.320e2
317.3	3.252e4
318.2	2.615e4
318.8	1.062e3
319.3	2.953e4
320.3	2.197e4
321.2	4.077e4
322.2	2.636e4
322.7	6.350e2
323.3	2.159e4
324.3	2.416e4
324.8	2.019e3
325.4	8.135e4
326.3	7.130e4
327.2	4.465e4
328.1	2.469e4
329.0	4.232e4
329.7	6.913e3
330.3	2.397e4
330.9	2.190e2
331.4	2.159e5
332.3	7.420e4
333.3	5.825e4
334.2	3.981e4
334.7	6.280e2
335.3	2.967e4
335.8	3.690e2
336.3	2.534e4
336.8	1.533e3
337.3	4.416e4
337.9	1.901e3
338.4	6.746e4
339.4	1.040e5
340.3	4.262e4
340.9	1.116e3
341.4	7.964e4
342.3	4.126e4
343.3	2.643e4
344.1	3.340e4
344.7	1.133e3
345.2	2.910e4
345.7	2.290e2
346.2	2.391e4
346.8	3.124e3
347.3	4.897e4
348.2	3.700e4
349.3	7.494e4
350.3	3.412e4
350.8	5.270e2
351.3	3.168e4
352.2	2.778e4
352.8	1.889e3
353.3	7.082e4
354.2	1.643e5
354.8	1.600e3
355.3	1.435e5
356.3	5.295e4
357.2	5.501e4
357.8	1.325e3
358.3	3.434e4
358.8	1.544e3
359.4	2.366e5
360.4	7.725e4
361.3	5.029e4
362.2	1.984e4
363.1	1.194e5
363.6	2.309e3
364.2	2.860e4
364.7	7.640e2
365.2	3.672e4
366.2	2.780e4
366.7	1.653e3
367.3	3.651e4
367.8	5.060e2
368.3	2.831e4
368.9	1.933e3
369.4	1.909e5
370.4	6.087e4
371.4	3.660e4
372.3	3.585e4
373.2	2.608e4
373.7	1.690e2
374.2	2.135e4
374.7	9.210e2
375.3	4.067e4
375.8	6.600e2
376.3	3.045e4
377.3	5.069e4
378.1	1.499e4
378.9	5.033e4
379.9	4.411e4
380.6	1.870e4
381.4	8.342e4
381.9	7.360e2
382.4	2.861e4
383.0	5.200e2
383.5	1.262e5
384.4	4.803e4
384.9	1.507e3
385.5	3.885e4
386.4	2.120e4
387.4	3.862e4
388.3	2.005e4
389.2	2.845e4
389.8	1.492e3
390.4	2.094e4
391.4	4.948e4
391.9	1.100e3
392.4	2.670e4
393.4	6.495e4
394.0	1.291e3
394.5	6.205e4
395.4	3.495e4
396.3	2.178e4
396.9	1.394e3
397.4	6.513e4
398.4	3.651e4
399.4	9.046e4
400.4	3.377e4
401.1	6.350e3
401.7	8.792e4
402.5	3.516e4
403.3	1.924e4
404.3	1.892e4
404.9	2.787e3
405.5	4.066e4
406.4	2.232e4
407.3	2.460e4
407.9	3.310e3
408.5	5.834e4
409.4	1.143e5
409.9	3.004e3
410.5	3.597e4
411.4	3.325e4
412.3	2.331e4
412.9	2.462e3
413.5	1.836e5
414.0	7.080e2
414.5	6.140e4
415.5	3.875e4
416.0	4.990e2
416.5	1.015e5
417.3	4.357e4
418.2	1.440e4
418.8	5.002e3
419.5	2.438e4
420.4	2.145e4
421.3	4.859e4
422.3	2.933e4
423.0	3.465e3
423.6	1.100e5
424.5	3.821e4
425.4	3.378e4
426.3	2.232e4
426.9	3.031e3
427.5	1.311e5
428.0	8.980e2
428.5	5.504e4
429.5	4.484e4
430.4	6.276e4
431.2	1.611e5
432.1	4.859e4
432.8	4.914e3
433.5	2.391e4
434.1	3.050e3
434.6	2.820e4
435.6	4.054e4
436.5	2.237e4
437.4	6.429e4
438.0	4.221e3
438.6	1.198e5
439.4	3.706e4
439.9	1.021e3
440.4	2.142e4
440.9	2.610e2
441.5	8.573e4
442.0	2.098e3
442.6	4.243e4
443.5	9.186e4
444.0	2.019e3
444.6	3.687e4
445.1	6.780e2
445.6	1.453e5
446.6	4.615e4
447.1	1.816e3
447.6	2.748e4
448.5	1.326e4
449.4	5.825e4
450.3	3.354e4
451.3	5.874e4
451.9	3.876e3
452.5	8.986e4
453.5	7.720e4
454.3	2.818e4
454.9	2.837e3
455.5	3.201e4
456.0	9.040e2
456.5	2.849e4
457.5	1.601e5
458.5	6.381e4
459.0	3.035e3
459.6	6.088e4
460.1	1.106e3
460.6	1.257e5
461.5	3.247e4
462.4	1.474e4
463.3	3.507e4
463.9	2.139e3
464.5	2.878e4
465.4	5.346e4
466.0	2.872e3
466.5	3.057e4
467.1	2.674e3
467.6	1.407e5
468.5	4.287e4
469.1	8.791e3
469.8	5.801e4
470.6	1.546e4
471.5	1.459e5
472.5	6.607e4
473.5	4.206e4
474.0	3.109e3
474.6	8.338e4
475.6	6.402e4
476.4	3.383e4
476.9	2.136e3
477.5	2.184e4
478.2	5.470e2
478.7	2.057e4
479.6	6.198e4
480.5	3.995e4
481.5	4.792e4
482.0	6.283e3
482.6	1.125e5
483.4	4.120e4
484.0	5.263e3
484.6	1.883e4
485.5	9.296e4
486.1	1.071e3
486.6	5.798e4
487.5	1.099e5
488.1	1.990e3
488.6	4.059e4
489.6	1.211e5
490.6	4.362e4
491.5	1.837e4
492.4	1.146e4
493.2	2.596e4
494.0	4.504e4
494.7	9.247e3
495.4	7.641e4
496.0	4.211e3
496.6	1.065e5
497.5	9.614e4
498.3	2.616e4
499.2	8.979e4
499.8	1.019e4
500.5	3.671e4
501.0	2.536e3
501.6	1.785e5
502.5	7.563e4
503.0	3.880e2
503.6	5.287e4
504.1	3.098e3
504.7	1.026e5
505.6	3.758e4
506.4	1.532e4
507.0	2.756e3
507.6	2.733e4
508.5	1.755e4
509.3	6.227e4
509.9	8.570e3
510.5	3.931e4
511.1	1.751e3
511.6	1.366e5
512.5	4.805e4
513.4	3.065e4
514.1	3.907e3
514.6	1.824e4
515.6	1.620e5
516.6	7.744e4
517.5	4.253e4
518.0	1.214e3
518.6	7.799e4
519.5	6.314e4
520.5	2.239e4
521.5	1.939e4
522.4	2.052e4
523.4	4.756e4
524.4	6.461e4
525.4	6.483e4
526.0	8.140e3
526.6	1.160e5
527.5	4.591e4
528.4	2.193e4
529.0	1.052e3
529.6	9.316e4
530.1	1.394e3
530.7	5.553e4
531.5	1.015e5
532.6	4.322e4
533.1	1.557e3
533.7	1.116e5
534.5	3.912e4
535.4	1.830e4
536.0	3.744e3
536.6	1.916e4
537.3	8.218e3
538.0	7.001e4
538.9	3.097e4
539.8	1.975e4
540.7	8.745e4
541.6	6.840e4
542.4	2.862e4
543.0	3.598e3
543.6	4.285e4
544.5	2.700e4
545.1	1.221e3
545.6	1.448e5
546.5	6.925e4
547.1	1.542e3
547.6	4.560e4
548.6	7.071e4
549.5	2.729e4
550.4	1.638e4
551.0	3.546e3
551.6	3.111e4
552.5	1.894e4
553.3	4.230e4
553.9	5.425e3
554.6	3.620e4
555.1	1.719e3
555.7	9.197e4
556.5	3.662e4
557.5	2.873e4
558.5	1.853e4
559.0	2.072e3
559.6	1.534e5
560.1	1.037e3
560.7	7.598e4
561.6	3.390e4
562.1	3.214e3
562.7	5.490e4
563.6	3.589e4
564.5	2.037e4
565.4	1.352e4
566.2	1.345e4
567.1	6.749e4
568.2	4.125e4
568.8	1.433e4
569.6	3.144e4
570.1	7.100e2
570.7	5.973e4
571.6	2.598e4
572.1	1.380e2
572.6	1.276e4
573.6	7.866e4
574.1	4.600e2
574.7	4.194e4
575.6	7.913e4
576.6	4.147e4
577.4	9.691e4
578.3	5.267e4
579.3	2.258e4
580.1	6.350e3
580.8	1.596e4
581.8	3.114e4
582.7	2.395e4
583.5	2.588e4
584.1	2.057e3
584.7	4.879e4
585.6	4.083e4
586.6	1.530e4
587.1	3.140e2
587.6	3.563e4
588.1	9.400e2
588.7	2.151e4
589.6	1.103e5
590.6	5.737e4
591.6	3.143e4
592.2	9.900e2
592.7	4.246e4
593.6	2.007e4
594.5	1.293e4
595.0	1.102e3
595.6	1.978e4
596.1	1.570e2
596.6	2.115e4
597.6	2.830e4
598.6	3.494e4
599.5	5.947e4
600.5	3.379e4
601.0	7.060e2
601.5	1.908e4
602.1	1.587e3
602.7	1.104e4
603.6	1.013e5
604.2	8.520e2
604.7	5.104e4
605.3	4.375e3
605.9	4.742e4
606.8	3.090e4
607.6	2.164e4
608.2	6.990e2
608.7	1.459e4
609.2	7.470e2
609.8	1.270e4
610.6	1.061e4
611.4	1.533e4
612.3	2.542e4
612.9	6.982e3
613.6	1.699e4
614.2	6.260e2
614.7	3.396e4
615.6	2.471e4
616.6	1.096e4
617.1	1.249e3
617.7	5.799e4
618.7	3.216e4
619.7	5.851e4
620.2	5.010e2
620.7	2.264e4
621.7	3.158e4
622.7	1.911e4
623.6	1.073e4
624.2	1.367e3
624.8	1.096e4
625.7	2.499e4
626.7	1.978e4
627.6	2.004e4
628.2	2.648e3
628.8	3.820e4
629.7	2.115e4
630.6	1.390e4
631.6	3.384e4
632.2	4.800e2
632.7	1.793e4
633.7	8.750e4
634.3	2.042e3
634.9	6.617e4
635.8	2.086e4
636.3	2.512e3
636.8	2.424e4
637.8	1.150e4
638.7	7.028e3
639.5	1.312e4
640.1	1.652e3
640.7	1.133e4
641.6	1.933e4
642.6	2.162e4
643.5	3.369e4
644.4	1.416e4
645.3	2.173e4
645.9	2.492e3
646.6	1.187e4
647.1	8.880e2
647.7	9.287e4
648.7	5.072e4
649.7	2.659e4
650.2	1.351e3
650.8	1.654e4
651.8	1.747e4
652.7	1.031e4
653.4	1.413e3
654.0	9.411e3
654.8	7.958e3
655.6	1.988e4
656.1	3.730e2
656.7	2.148e4
657.6	1.738e4
658.2	2.018e3
658.8	2.170e4
659.7	1.731e4
660.2	8.280e2
660.7	1.346e4
661.7	5.701e4
662.7	2.554e4
663.7	1.350e5
664.7	6.095e4
665.2	1.033e3
665.7	2.440e4
666.4	4.268e3
667.0	2.309e4
667.8	6.751e3
668.5	1.368e4
669.2	3.141e3
669.8	1.983e4
670.7	1.604e4
671.7	1.341e4
672.2	3.320e2
672.7	2.198e4
673.4	4.574e3
674.0	2.842e4
674.8	8.767e3
675.7	3.669e4
676.2	5.080e2
676.8	2.199e4
677.7	7.633e4
678.7	3.389e4
679.7	1.954e4
680.2	3.700e2
680.7	1.177e4
681.7	8.661e3
682.2	1.280e2
682.8	9.541e3
683.7	1.047e4
684.5	1.241e4
685.1	8.150e2
685.7	6.240e5
686.7	3.094e5
687.7	9.531e4
688.6	3.066e4
689.2	8.130e2
689.7	1.609e4
690.3	1.130e3
690.8	1.137e4
691.7	7.494e4
692.2	3.510e2
692.7	4.662e4
693.7	2.015e4
694.2	1.101e3
694.8	2.050e4
695.8	1.071e4
696.7	6.995e3
697.7	1.268e4
698.7	9.915e3
699.2	9.300e2
699.8	2.218e4
700.7	1.620e4
701.6	5.193e4
702.4	7.622e3
702.9	5.572e4
703.8	3.022e4
704.8	1.430e4
705.8	5.626e4
706.7	2.945e4
707.6	3.986e4
708.2	8.950e2
708.7	1.059e5
709.7	5.513e4
710.3	5.570e2
710.8	2.044e4
711.7	1.443e4
712.5	3.697e3
713.2	1.514e4
713.9	1.007e4
714.8	1.350e4
715.7	1.303e4
716.3	1.230e3
716.9	2.202e4
717.8	1.519e4
718.8	1.210e4
719.7	2.835e4
720.3	1.212e3
720.8	1.555e4
721.8	6.582e4
722.7	3.995e4
723.6	1.584e4
724.5	2.609e4
725.0	6.500e2
725.5	2.796e4
726.1	1.651e3
726.7	1.296e5
727.7	6.909e4
728.7	3.120e4
729.2	9.100e2
729.7	1.982e4
730.3	2.330e2
730.8	1.415e4
731.7	1.523e4
732.6	1.218e4
733.6	1.494e4
734.2	2.104e3
734.8	1.251e4
735.8	6.891e4
736.8	4.249e4
737.8	2.117e4
738.8	1.551e4
739.7	9.087e3
740.3	1.328e3
740.9	1.190e4
741.5	8.400e1
742.0	1.828e4
742.8	1.051e4
743.8	1.366e4
744.3	8.100e1
744.8	1.942e4
745.8	1.913e4
746.8	1.329e4
747.7	1.502e4
748.7	1.529e4
749.2	1.033e3
749.8	4.909e4
750.7	3.034e4
751.7	3.175e4
752.7	1.883e4
753.7	3.209e4
754.6	2.196e4
755.2	1.690e2
755.7	1.356e4
756.2	2.600e2
756.7	1.309e4
757.7	1.672e4
758.6	1.027e4
759.4	1.585e4
760.1	4.015e3
760.8	2.674e4
761.7	1.729e4
762.7	9.859e3
763.2	5.690e2
763.7	2.188e4
764.3	1.630e2
764.8	1.436e4
765.8	4.735e4
766.8	2.304e4
767.8	1.750e4
768.6	7.617e3
769.5	1.270e4
770.4	6.087e3
771.1	2.983e4
772.0	1.515e4
772.8	8.380e3
773.7	1.379e4
774.2	1.048e3
774.8	1.607e4
775.8	1.531e4
776.7	8.004e3
777.7	1.460e4
778.3	9.390e2
778.8	1.107e4
779.8	4.910e4
780.8	2.744e4
781.8	1.550e4
782.3	8.530e2
782.9	1.369e4
783.4	6.720e2
784.0	1.140e4
784.8	1.036e4
785.8	1.052e4
786.8	1.438e4
787.8	1.439e4
788.8	1.112e4
789.3	5.730e2
789.9	1.299e4
790.7	8.841e3
791.5	1.959e4
792.5	1.611e4
793.2	1.477e3
793.8	3.287e4
794.3	4.930e2
794.8	1.817e4
795.8	1.764e4
796.8	1.437e4
797.7	1.227e4
798.4	2.715e3
799.1	1.027e4
799.7	1.378e3
800.4	1.108e4
801.1	3.177e3
801.8	1.490e4
802.5	2.937e3
803.2	1.408e4
804.0	8.109e3
804.9	1.578e4
805.9	1.138e4
806.8	6.443e3
807.8	1.934e4
808.3	2.500e2
808.8	1.273e4
809.4	3.090e2
809.9	3.624e4
810.9	1.907e4
811.8	1.178e4
812.5	1.145e3
813.2	8.677e3
813.8	2.317e3
814.5	6.841e3
815.1	1.061e3
815.7	1.133e4
816.7	9.547e3
817.2	5.600e1
817.8	1.134e4
818.8	1.040e4
819.7	1.467e4
820.2	3.460e2
820.8	9.287e3
821.8	9.781e3
822.7	8.457e3
823.3	6.160e2
823.8	3.291e4
824.4	1.420e2
824.9	1.905e4
825.8	1.027e4
826.3	8.200e1
826.9	1.047e4
827.4	3.390e2
828.0	9.311e3
828.5	5.050e2
829.1	6.272e3
830.0	1.025e4
830.9	4.389e3
831.8	7.575e3
832.4	4.930e2
832.9	9.663e3
833.9	1.376e4
834.8	8.559e3
835.6	1.224e4
836.2	7.660e2
836.7	8.931e3
837.3	6.250e2
837.8	2.491e4
838.4	1.429e3
839.0	2.680e4
839.9	1.335e4
840.8	1.548e4
841.3	1.688e3
841.9	1.223e4
842.9	6.434e3
843.8	6.115e3
844.8	7.666e3
845.4	3.187e3
846.2	1.081e4
846.8	3.647e3
847.5	1.182e4
848.1	3.651e3
848.9	1.616e4
849.4	2.680e2
849.9	9.773e3
850.9	7.765e3
851.8	1.220e4
852.9	9.831e3
853.8	2.053e4
854.8	1.273e4
855.3	1.070e2
855.9	1.083e4
856.8	9.676e3
857.8	6.517e3
858.4	1.463e3
859.0	1.177e4
859.8	9.243e3
860.8	1.026e4
861.4	5.440e2
861.9	7.810e3
862.8	1.176e4
863.8	6.402e3
864.3	2.000e1
864.9	7.500e3
865.4	1.270e2
865.9	7.805e3
866.8	6.944e3
867.4	5.720e2
867.9	1.897e4
868.9	1.179e4
869.5	1.645e3
870.1	9.543e3
870.7	9.790e2
871.3	8.715e3
872.3	4.900e3
873.2	9.122e3
873.9	5.233e3
874.8	9.358e3
875.7	7.986e3
876.7	9.908e3
877.7	8.138e3
878.5	1.363e4
879.1	7.130e2
879.6	9.128e3
880.2	1.381e3
880.9	1.063e4
881.9	1.684e4
882.8	1.071e4
883.9	1.268e4
884.8	6.971e3
885.7	9.972e3
886.3	5.520e2
887.0	1.037e4
887.7	3.339e3
888.5	7.249e3
889.3	2.577e3
890.0	1.208e4
891.0	9.321e3
891.9	8.519e3
892.9	8.192e3
893.8	7.990e3
894.3	3.010e2
894.8	7.891e3
895.4	6.220e2
896.0	7.556e3
896.9	7.490e3
897.8	1.338e4
898.4	9.600e1
898.9	1.186e4
899.4	1.780e2
899.9	9.952e3
901.0	8.336e3
901.9	3.141e3
902.7	8.497e3
903.3	1.670e2
903.8	9.304e3
904.4	1.202e3
905.1	7.432e3
906.0	9.383e3
907.1	1.772e4
907.9	5.657e3
908.7	1.014e4
909.3	1.046e3
909.9	7.869e3
910.5	5.470e2
911.1	5.555e3
911.9	1.361e4
912.8	1.010e4
913.8	1.024e4
914.3	3.700e2
914.9	5.985e3
915.4	4.100e2
916.0	4.517e3
916.9	7.426e3
917.9	9.728e3
918.5	6.950e2
919.1	6.354e3
920.1	6.636e3
921.1	7.179e3
922.0	8.350e3
923.0	9.463e3
923.8	5.181e3
924.8	9.013e3
925.4	8.880e2
925.9	1.043e4
926.5	1.170e3
927.1	1.333e4
927.9	7.637e3
928.7	7.383e3
929.7	5.634e3
930.7	6.346e3
931.2	6.060e2
931.7	6.669e3
932.4	2.528e3
933.1	7.970e3
933.6	1.810e2
934.1	8.625e3
935.1	6.274e3
936.0	6.623e3
936.9	7.269e3
937.4	7.330e2
938.0	6.023e3
938.8	2.542e3
939.5	8.636e3
940.2	3.456e3
940.9	5.399e3
941.8	1.097e4
942.3	2.800e1
942.9	9.682e3
943.8	6.564e3
944.4	1.424e3
945.0	5.716e3
945.5	2.090e2
946.1	1.343e4
946.9	5.070e3
947.9	6.985e3
948.5	1.662e3
949.1	6.439e3
949.9	9.640e3
950.5	7.670e2
951.2	6.718e3
951.8	6.700e2
952.3	5.788e3
953.1	3.463e3
953.9	7.693e3
954.4	7.300e1
954.9	6.343e3
955.8	1.362e4
956.6	1.733e3
957.3	1.086e4
958.1	5.223e3
958.8	2.212e3
959.5	6.231e3
960.3	3.713e3
961.2	6.898e3
962.0	4.838e3
962.6	8.300e1
963.1	7.710e3
963.9	4.409e3
964.7	1.047e4
965.6	3.988e3
966.4	7.055e3
967.3	3.786e3
968.1	7.180e3
969.0	2.939e3
969.7	9.738e3
970.5	1.176e4
971.2	2.003e3
972.0	7.473e3
973.0	8.331e3
974.0	7.117e3
974.6	1.069e3
975.2	1.580e4
976.1	7.834e3
977.0	3.174e3
977.7	8.947e3
978.7	8.248e3
979.7	5.618e3
980.5	9.117e3
981.6	6.937e3
982.4	3.739e3
983.3	6.952e3
984.1	9.394e3
985.0	8.193e3
985.6	1.500e2
986.1	9.661e3
986.9	5.652e3
987.7	8.610e3
988.6	5.741e3
989.6	6.464e3
990.4	3.494e3
991.2	8.176e3
992.2	6.150e3
992.8	8.600e2
993.4	6.523e3
994.1	1.685e3
994.8	8.687e3
995.4	7.240e2
995.9	4.843e3
996.8	4.526e3
997.7	6.062e3
998.7	5.047e3
999.7	1.137e4
1000.4	1.540e3
1001.0	1.097e4
1001.9	6.077e3
1002.8	5.616e3
1003.7	6.373e3
1004.3	2.910e2
1004.8	7.105e3
1005.7	3.233e3
1006.6	6.052e3
1007.6	7.866e3
1008.2	1.920e3
1008.9	9.941e3
1009.6	2.613e3
1010.4	5.546e3
1011.4	7.219e3
1012.3	4.853e3
1013.2	9.696e3
1014.0	9.119e3
1014.9	9.224e3
1015.4	1.280e2
1015.9	6.774e3
1016.5	4.930e2
1017.0	8.297e3
1018.0	3.970e3
1018.6	1.028e3
1019.3	5.461e3
1020.0	1.848e3
1020.6	5.896e3
1021.2	2.230e2
1021.7	6.762e3
1022.3	2.880e2
1022.9	5.393e3
1023.9	8.779e3
1024.6	1.532e3
1025.3	7.168e3
1026.0	2.633e3
1026.7	4.570e3
1027.6	7.191e3
1028.3	2.342e3
1028.9	9.046e3
1029.4	1.480e2
1030.0	1.041e4
1030.6	6.470e2
1031.1	7.565e3
1032.1	6.914e3
1033.0	7.109e3
1033.7	2.259e3
1034.4	7.043e3
1035.1	1.737e3
1035.8	8.182e3
1036.7	7.830e3
1037.4	1.432e3
1038.0	3.983e3
1039.1	7.070e3
1039.7	2.102e3
1040.4	5.382e3
1041.1	1.828e3
1041.8	7.806e3
1042.4	4.250e2
1043.0	1.132e4
1043.9	1.006e4
1044.4	1.590e2
1044.9	7.904e3
1045.5	2.010e2
1046.0	8.463e3
1046.6	9.830e2
1047.2	4.677e3
1048.0	3.879e3
1048.7	8.493e3
1049.4	1.531e3
1050.0	5.440e3
1050.6	1.540e2
1051.1	7.165e3
1051.6	6.620e2
1052.2	4.881e3
1053.0	9.565e3
1053.6	1.160e2
1054.1	6.033e3
1055.0	6.160e3
1055.8	1.216e4
1056.4	1.140e3
1057.0	8.884e3
1058.0	8.199e3
1058.6	5.260e2
1059.2	8.017e3
1059.9	2.244e3
1060.6	8.046e3
1061.3	1.935e3
1062.0	8.638e3
1062.8	2.259e3
1063.5	8.492e3
1064.1	3.746e3
1064.9	7.562e3
1065.8	4.488e3
1066.7	5.583e3
1067.6	7.676e3
1068.2	1.170e3
1068.9	6.922e3
1069.9	7.042e3
1070.9	6.519e3
1071.9	6.610e3
1072.8	5.457e3
1073.6	8.342e3
1074.3	4.020e3
1075.1	7.972e3
1076.0	1.150e4
1076.6	4.660e2
1077.2	1.207e4
1078.1	9.128e3
1078.7	2.266e3
1079.3	9.057e3
1080.1	6.009e3
1081.0	3.853e3
1082.0	9.085e3
1082.9	6.106e3
1083.5	6.830e2
1084.0	6.164e3
1085.1	8.886e3
1086.0	4.199e3
1086.8	6.108e3
1087.3	7.240e2
1087.9	7.549e3
1088.8	4.796e3
1089.8	5.923e3
1090.4	5.180e2
1091.0	6.859e3
1091.9	4.171e3
1092.5	3.750e2
1093.0	4.386e3
1094.0	6.123e3
1094.9	4.629e3
1095.9	7.049e3
1096.8	8.200e3
1097.8	4.806e3
1098.8	6.579e3
1099.4	7.010e2
1100.0	9.197e3
1100.9	5.156e3
1101.8	7.066e3
1102.4	2.120e2
1102.9	6.423e3
1103.9	8.346e3
1104.9	8.453e3
1105.9	6.022e3
1106.5	5.810e2
1107.0	3.656e3
1107.9	6.085e3
1108.8	4.793e3
1109.8	6.092e3
1110.4	1.088e3
1111.1	9.232e3
1112.0	4.376e3
1112.8	8.310e3
1113.6	3.942e3
1114.6	5.245e3
1115.4	1.321e3
1116.2	7.680e3
1117.1	5.434e3
1117.7	9.580e2
1118.3	7.190e3
1119.1	2.918e3
1119.8	6.905e3
1120.4	6.910e2
1121.0	8.230e3
1122.0	4.878e3
1122.9	6.162e3
1123.5	2.170e2
1124.1	5.127e3
1125.1	6.804e3
1126.0	4.599e3
1126.9	3.178e3
1127.8	7.398e3
1128.6	2.105e3
1129.3	9.117e3
1130.2	4.666e3
1131.2	5.828e3
1132.2	6.253e3
1132.8	3.880e2
1133.4	6.852e3
1134.0	1.556e3
1134.8	6.254e3
1135.3	4.180e2
1135.8	5.819e3
1136.6	1.680e3
1137.3	7.857e3
1137.9	9.500e2
1138.6	5.215e3
1139.1	1.530e2
1139.6	5.449e3
1140.5	1.911e3
1141.2	4.232e3
1141.9	2.553e3
1142.7	5.976e3
1143.7	6.442e3
1144.3	8.450e2
1145.0	7.816e3
1145.9	5.079e3
1146.8	5.259e3
1147.5	1.027e3
1148.1	9.494e3
1149.1	3.642e3
1150.0	8.246e3
1150.7	2.807e3
1151.4	5.816e3
1152.4	3.046e3
1153.3	5.202e3
1153.8	3.360e2
1154.5	4.797e3
1155.3	4.253e3
1156.1	3.343e3
1157.0	7.086e3
1157.5	1.150e2
1158.0	1.252e4
1158.5	2.340e2
1159.1	1.256e4
1160.0	8.396e3
1160.6	8.070e2
1161.1	7.515e3
1162.1	5.111e3
1162.8	1.928e3
1163.5	6.192e3
1164.4	8.841e3
1165.1	1.936e3
1165.8	6.809e3
1166.4	2.710e2
1166.9	5.419e3
1167.8	5.187e3
1168.6	3.104e3
1169.4	6.296e3
1170.0	2.690e2
1170.5	6.365e3
1171.2	2.396e3
1171.9	7.364e3
1172.5	1.640e2
1173.0	5.633e3
1173.5	7.200e1
1174.0	8.178e3
1174.6	3.170e2
1175.1	5.740e3
1175.6	9.800e1
1176.2	6.125e3
1177.1	5.087e3
1178.1	4.791e3
1179.1	7.167e3
1180.0	7.218e3
1180.6	1.479e3
1181.3	5.545e3
1182.0	1.619e3
1182.7	5.118e3
1183.5	2.922e3
1184.3	5.581e3
1184.9	3.440e2
1185.4	9.001e3
1186.3	8.678e3
1187.0	2.930e3
1187.8	7.285e3
1188.6	9.850e2
1189.3	5.498e3
1189.9	9.540e2
1190.5	4.925e3
1191.4	6.268e3
1192.0	1.220e2
1192.5	4.553e3
1193.2	2.593e3
1193.9	5.332e3
1194.6	4.140e2
1195.3	4.034e3
1196.1	5.875e3
1196.9	1.777e3
1197.7	6.041e3
1198.3	1.020e2
1198.8	4.696e3
1199.6	7.410e3
1200.5	4.076e3
1201.3	2.424e3
1202.1	5.718e3
1202.6	4.870e2
1203.2	6.474e3
1204.1	2.986e3
1205.1	6.907e3
1205.6	8.300e1
1206.1	5.771e3
1206.6	9.100e1
1207.1	6.506e3
1207.6	4.700e1
1208.2	5.982e3
1209.2	3.943e3
1209.7	5.110e2
1210.3	6.582e3
1210.9	1.007e3
1211.5	5.631e3
1212.5	3.434e3
1213.0	1.110e2
1213.5	6.495e3
1214.5	4.159e3
1215.3	7.026e3
1216.3	5.698e3
1217.2	2.913e3
1218.1	6.387e3
1218.9	6.086e3
1219.9	4.846e3
1220.5	6.500e2
1221.1	5.616e3
1221.6	2.830e2
1222.2	6.837e3
1223.2	5.044e3
1224.1	5.641e3
1225.1	5.176e3
1226.1	6.278e3
1226.6	1.720e2
1227.1	5.595e3
1228.0	8.789e3
1228.9	4.476e3
1229.8	7.020e3
1230.5	1.899e3
1231.3	5.899e3
1232.2	3.744e3
1233.0	2.639e3
1233.9	6.322e3
1234.5	4.060e2
1235.1	4.490e3
1235.6	4.090e2
1236.2	4.600e3
1237.0	3.174e3
1237.9	6.719e3
1238.7	2.487e3
1239.5	7.034e3
1240.5	3.605e3
1241.4	4.953e3
1242.0	6.300e1
1242.6	5.444e3
1243.2	1.814e3
1243.9	7.447e3
1244.6	1.718e3
1245.3	7.308e3
1245.9	2.800e2
1246.4	4.578e3
1247.4	6.798e3
1248.4	4.204e3
1249.2	5.492e3
1250.2	7.512e3
1250.7	2.830e2
1251.2	6.325e3
1252.2	5.702e3
1252.7	3.890e2
1253.3	5.616e3
1254.1	2.467e3
1254.9	4.906e3
1255.5	5.860e2
1256.1	5.107e3
1257.0	4.632e3
1257.7	1.434e3
1258.3	6.852e3
1258.9	2.750e2
1259.5	5.641e3
1260.0	3.660e2
1260.5	7.462e3
1261.3	4.359e3
1261.9	8.580e2
1262.5	5.607e3
1263.1	1.010e3
1263.7	5.443e3
1264.5	2.814e3
1265.5	5.073e3
1266.3	3.088e3
1267.1	6.693e3
1267.9	3.752e3
1268.5	2.260e2
1269.0	5.058e3
1269.7	1.692e3
1270.4	5.663e3
1271.2	2.155e3
1271.9	9.515e3
1272.5	1.087e3
1273.2	5.538e3
1273.7	3.990e2
1274.3	4.572e3
1274.9	4.760e2
1275.4	4.242e3
1276.0	3.770e2
1276.6	6.717e3
1277.3	2.392e3
1278.2	6.443e3
1278.8	4.030e2
1279.4	6.523e3
1280.3	6.318e3
1281.3	5.638e3
1282.3	4.112e3
1283.1	4.584e3
1284.0	5.702e3
1284.7	6.180e2
1285.3	5.302e3
1286.2	9.073e3
1286.9	1.445e3
1287.5	5.407e3
1288.3	2.663e3
1289.0	6.567e3
1289.6	3.000e1
1290.1	5.086e3
1290.9	4.922e3
1291.9	7.157e3
1292.8	6.791e3
1293.8	5.539e3
1294.7	2.812e3
1295.6	5.733e3
1296.1	7.500e1
1296.7	4.560e3
1297.5	4.407e3
1298.5	5.537e3
1299.2	1.411e3
1299.9	6.600e3
1300.8	3.209e3
1301.6	6.998e3
1302.5	4.207e3
1303.3	6.977e3
1304.0	1.349e3
1304.6	5.454e3
1305.3	1.529e3
1306.0	7.273e3
1307.0	3.210e3
1307.9	3.658e3
1308.7	1.610e3
1309.4	4.421e3
1310.2	1.689e3
1310.9	4.752e3
1311.5	5.990e2
1312.0	5.375e3
1312.9	5.175e3
1313.7	9.965e3
1314.3	4.670e2
1314.8	9.011e3
1315.6	5.189e3
1316.5	4.833e3
1317.1	1.640e2
1317.6	3.691e3
1318.4	2.652e3
1319.2	5.533e3
1319.8	1.090e3
1320.6	7.160e3
1321.1	3.240e2
1321.6	7.151e3
1322.6	3.954e3
1323.4	5.896e3
1324.3	4.491e3
1325.2	5.947e3
1326.2	6.374e3
1326.8	6.220e2
1327.5	5.133e3
1328.4	7.672e3
1329.2	3.069e3
1330.0	8.223e3
1331.0	5.952e3
1331.9	6.525e3
1332.6	1.276e3
1333.3	7.359e3
1333.9	9.740e2
1334.6	4.195e3
1335.1	2.600e2
1335.7	4.761e3
1336.7	7.533e3
1337.6	6.831e3
1338.2	3.040e2
1338.8	4.977e3
1339.7	4.142e3
1340.7	7.564e3
1341.7	4.737e3
1342.2	4.070e2
1342.8	5.224e3
1343.7	8.505e3
1344.5	2.862e3
1345.3	4.987e3
1346.3	6.234e3
1346.8	5.710e2
1347.3	6.466e3
1348.2	6.768e4
1349.2	6.554e4
1350.2	3.362e4
1351.2	1.571e4
1352.2	6.504e3
1353.0	3.163e3
1353.8	5.260e3
1354.6	6.373e3
1355.1	4.280e2
1355.7	5.090e3
1356.7	6.079e3
1357.7	8.075e3
1358.5	2.776e3
1359.4	4.136e3
1360.0	3.840e2
1360.6	4.740e3
1361.1	3.920e2
1361.7	6.136e3
1362.2	2.190e2
1362.7	6.814e3
1363.3	2.920e2
1363.9	7.375e3
1364.4	1.300e2
1364.9	7.773e3
1365.5	1.525e3
1366.1	6.298e3
1366.7	7.390e2
1367.4	6.722e3
1367.9	4.810e2
1368.5	6.630e3
1369.4	5.383e3
1370.2	3.593e3
1371.0	4.242e3
1371.6	7.750e2
1372.2	5.522e3
1372.8	7.250e2
1373.4	6.240e3
1374.2	2.500e3
1374.9	6.440e3
1375.7	1.684e3
1376.5	4.912e3
1377.1	8.500e2
1377.8	5.504e3
1378.6	2.755e3
1379.5	6.482e3
1380.0	5.120e2
1380.6	6.499e3
1381.1	1.540e2
1381.6	4.647e3
1382.4	1.748e3
1383.2	7.934e3
1384.1	6.052e3
1384.7	9.670e2
1385.3	4.895e3
1385.9	4.190e2
1386.5	5.563e3
1387.4	5.222e3
1387.9	1.290e2
1388.4	5.102e3
1389.2	1.143e3
1389.9	6.697e3
1390.4	6.090e2
1391.0	5.872e3
1391.9	4.469e3
1392.4	1.660e2
1393.0	5.134e3
1393.6	1.500e1
1394.1	6.008e3
1394.8	8.880e2
1395.5	7.624e3
1396.3	1.919e3
1397.1	4.441e3
1397.6	3.040e2
1398.2	4.102e3
1399.1	4.456e3
1400.1	5.177e3
1400.9	9.804e3
1402.0	6.236e3
1403.0	5.178e3
1403.6	1.562e3
1404.3	5.798e3
1405.0	1.506e3
1405.7	6.784e3
1406.2	1.910e2
1406.7	5.379e3
1407.3	4.560e2
1407.9	5.134e3
1408.9	6.350e3
1409.4	2.730e2
1410.0	5.121e3
1411.0	4.999e3
1411.9	5.827e3
1412.5	3.870e2
1413.1	4.200e3
1414.0	5.002e3
1414.7	1.905e3
1415.4	7.232e3
1416.0	7.430e2
1416.8	5.731e3
1417.8	6.230e3
1418.4	4.640e2
1418.9	4.343e3
1419.9	2.538e3
1420.8	5.620e3
1421.8	7.475e3
1422.5	3.623e3
1423.3	5.711e3
1424.2	3.342e3
1424.9	1.849e3
1425.7	5.654e3
1426.6	3.273e3
1427.5	7.976e3
1428.2	8.640e2
1429.0	6.016e3
1429.6	1.214e3
1430.2	2.740e3
1431.1	6.170e3
1431.9	4.705e3
1432.6	1.868e3
1433.4	5.010e3
1434.5	3.559e3
1435.3	4.924e3
1435.8	8.900e1
1436.4	3.010e3
1437.2	2.202e3
1438.1	5.884e3
1438.7	4.460e2
1439.3	4.635e3
1440.1	1.863e3
1440.9	4.538e3
1441.5	8.150e2
1442.1	6.300e3
1443.1	4.165e3
1444.0	8.319e3
1445.0	4.246e3
1445.7	8.910e2
1446.3	4.381e3
1447.1	2.470e3
1447.9	5.583e3
1448.8	2.766e3
1449.7	3.942e3
1450.7	6.589e3
1451.2	1.110e2
1451.7	5.412e3
1452.6	5.639e3
1453.4	2.008e3
1454.1	4.991e3
1454.8	1.846e3
1455.5	6.331e3
1456.3	4.341e3
1457.3	5.280e3
1458.2	2.967e3
1458.7	1.910e2
1459.3	6.356e3
1460.0	1.935e3
1460.8	4.374e3
1461.7	5.029e3
1462.7	4.351e3
1463.6	4.780e3
1464.5	3.042e3
1465.3	3.163e3
1466.0	6.524e3
1466.6	4.240e2
1467.2	4.804e3
1468.2	4.754e3
1468.7	9.400e1
1469.2	6.136e3
1470.2	5.068e3
1470.8	1.530e2
1471.3	5.772e3
1472.0	1.946e3
1472.8	4.275e3
1473.5	1.043e3
1474.1	5.340e3
1474.7	7.560e2
1475.3	6.136e3
1475.8	5.230e2
1476.4	5.570e3
1477.4	4.054e3
1477.9	2.030e2
1478.5	4.925e3
1479.0	9.380e2
1479.8	5.707e3
1480.4	7.280e2
1481.1	3.924e3
1481.8	1.188e3
1482.5	5.031e3
1483.0	1.960e2
1483.6	4.939e3
1484.2	1.846e3
1484.8	4.634e3
1485.5	1.459e3
1486.1	7.447e3
1486.6	6.500e1
1487.1	6.464e3
1488.2	5.822e3
1488.8	1.860e2
1489.3	5.096e3
1490.2	4.341e3
1491.1	4.884e3
1491.7	4.970e2
1492.4	3.197e3
1493.3	4.964e3
1494.3	6.326e3
1495.1	3.128e3
1495.9	6.354e3
1496.8	3.585e3
1497.7	3.951e3
1498.6	6.390e3
1499.2	4.380e2
1499.8	5.267e3
1500.7	4.301e3
1501.5	2.359e3
1502.4	6.114e3
1503.0	1.190e2
1503.5	5.376e3
1504.4	4.295e3
1504.9	1.020e2
1505.4	4.100e3
1506.1	7.910e2
1506.7	4.557e3
1507.3	7.730e2
1507.9	4.112e3
1509.0	5.648e3
1510.0	5.179e3
1510.7	8.280e2
1511.5	4.185e3
1512.5	3.198e3
1513.2	1.405e3
1513.8	5.423e3
1514.7	3.330e3
1515.6	5.546e3
1516.6	5.653e3
1517.3	1.200e3
1517.9	4.391e3
1518.5	5.890e2
1519.0	4.570e3
1519.9	8.715e3
1520.7	1.482e3
1521.4	5.494e3
1521.9	5.700e1
1522.4	4.588e3
1523.4	4.696e3
1524.1	2.421e3
1524.8	4.507e3
1525.3	2.100e1
1525.9	5.213e3
1526.8	4.405e3
1527.3	1.280e2
1527.9	3.784e3
1528.8	3.301e3
1529.7	7.293e3
1530.7	3.679e3
1531.6	4.716e3
1532.3	8.090e2
1532.9	4.236e3
1533.9	4.195e3
1534.4	3.760e2
1534.9	4.933e3
1535.6	1.244e3
1536.2	4.291e3
1536.8	5.650e2
1537.5	6.749e3
1538.0	1.050e2
1538.5	4.640e3
1539.1	1.000e1
1539.6	4.248e3
1540.1	2.220e2
1540.7	4.784e3
1541.2	3.800e1
1541.7	6.483e3
1542.6	3.389e3
1543.5	4.219e3
1544.1	1.092e3
1544.8	5.307e3
1545.5	1.941e3
1546.2	5.199e3
1546.7	3.350e2
1547.3	2.906e3
1548.3	4.079e3
1549.2	4.550e3
1550.2	2.846e3
1551.1	4.967e3
1552.1	3.345e3
1553.0	4.548e3
1553.5	6.120e2
1554.1	5.133e3
1554.6	8.300e1
1555.2	3.707e3
1556.2	6.055e3
1556.9	2.152e3
1557.7	4.178e3
1558.4	1.248e3
1559.2	5.836e3
1560.0	2.716e3
1561.0	4.433e3
1561.6	2.670e2
1562.1	4.097e3
1563.0	3.260e3
1563.6	5.410e2
1564.2	3.509e3
1565.2	5.826e3
1566.2	5.595e3
1567.0	2.711e3
1567.9	4.123e3
1568.5	1.510e2
1569.0	4.817e3
1570.0	3.336e3
1570.6	8.400e1
1571.2	2.900e3
1572.2	3.275e3
1573.1	4.712e3
1573.8	1.234e3
1574.5	3.851e3
1575.4	6.472e3
1576.0	5.750e2
1576.7	4.336e3
1577.2	5.620e2
1577.8	3.862e3
1578.8	4.754e3
1579.7	2.935e3
1580.7	3.619e3
1581.6	1.964e3
1582.5	4.592e3
1583.2	6.120e2
1583.8	5.091e3
1584.8	4.825e3
1585.5	1.991e3
1586.4	4.089e3
1587.3	4.258e3
1588.0	1.010e3
1588.6	4.834e3
1589.2	1.000e1
1589.7	3.879e3
1590.7	5.060e3
1591.5	2.120e3
1592.3	3.440e3
1592.8	1.100e2
1593.5	4.445e3
1594.5	4.230e3
1595.0	8.200e1
1595.5	3.598e3
1596.4	1.513e3
1597.2	6.004e3
1597.9	2.142e3
1598.6	4.017e3
1599.6	5.293e3
1600.2	9.110e2
1600.9	4.997e3
1601.6	1.749e3
1602.4	4.546e3
1602.9	7.300e1
1603.4	5.058e3
1604.4	5.451e3
1605.0	1.382e3
1605.8	5.123e3
1606.7	3.549e3
1607.2	1.400e2
1607.7	5.638e3
1608.4	8.960e2
1609.0	4.051e3
1609.9	2.888e3
1610.9	3.600e3
1611.6	1.395e3
1612.3	4.169e3
1612.8	1.630e2
1613.4	3.382e3
1614.2	3.713e3
1614.7	8.000e1
1615.2	2.746e3
1616.2	4.411e3
1617.1	3.570e3
1618.1	3.985e3
1618.8	1.463e3
1619.6	4.142e3
1620.5	2.286e3
1621.3	4.556e3
1622.1	2.148e3
1622.9	4.582e3
1623.7	2.931e3
1624.6	2.828e3
1625.6	4.720e3
1626.2	8.860e2
1627.0	4.811e3
1627.6	4.900e2
1628.2	4.069e3
1628.7	3.250e2
1629.3	4.558e3
1629.9	4.050e2
1630.5	4.722e3
1631.1	9.210e2
1631.7	3.895e3
1632.4	1.820e3
1633.1	5.404e3
1633.9	2.618e3
1634.8	4.428e3
1635.6	2.874e3
1636.5	4.548e3
1637.2	3.020e3
1638.1	4.171e3
1639.0	4.116e3
1639.9	3.272e3
1640.7	1.385e3
1641.4	4.411e3
1642.2	2.083e3
1643.0	4.624e3
1643.7	9.960e2
1644.2	3.483e3
1644.9	1.505e3
1645.5	4.001e3
1646.2	7.240e2
1646.9	3.042e3
1647.9	3.029e3
1648.9	3.736e3
1649.9	5.151e3
1650.7	8.560e2
1651.4	4.009e3
1652.4	3.084e3
1653.3	1.888e3
1654.1	4.490e3
1655.0	2.769e3
1656.0	2.935e3
1656.9	2.473e3
1657.8	4.349e3
1658.5	1.587e3
1659.1	4.470e3
1660.0	3.840e3
1660.5	1.880e2
1661.0	4.215e3
1662.0	4.533e3
1662.7	1.168e3
1663.3	2.442e3
1664.1	3.235e3
1665.1	4.160e3
1666.1	2.414e3
1666.9	4.304e3
1667.8	1.627e3
1668.6	3.705e3
1669.7	5.283e3
1670.6	4.125e3
1671.1	1.690e2
1671.7	3.539e3
1672.6	3.651e3
1673.3	1.940e2
1673.8	3.811e3
1674.5	1.641e3
1675.3	4.107e3
1676.0	2.621e3
1676.9	3.175e3
1677.5	2.220e2
1678.1	4.001e3
1678.7	1.710e2
1679.2	3.820e3
1679.9	7.970e2
1680.6	4.656e3
1681.7	3.696e3
1682.3	2.460e2
1682.9	3.744e3
1683.5	3.140e2
1684.1	3.207e3
1684.8	1.666e3
1685.7	3.378e3
1686.3	7.400e2
1686.9	4.493e3
1687.6	9.170e2
1688.3	5.423e3
1688.9	1.680e2
1689.4	5.701e3
1690.2	1.664e3
1690.9	2.966e3
1691.5	8.530e2
1692.2	1.749e3
1693.0	2.987e3
1693.9	5.295e3
1694.7	2.294e3
1695.5	4.660e2
1696.1	3.295e3
1697.0	4.685e3
1697.8	1.043e3
1698.4	3.827e3
1699.3	4.888e3
1700.3	3.861e3
1701.1	2.767e3
1701.9	3.700e3
1702.7	1.959e3
1703.4	4.104e3
1704.4	2.559e3
1705.4	4.323e3
1706.1	1.848e3
1706.9	3.753e3
1707.4	1.720e2
1707.9	4.086e3
1708.6	3.720e2
1709.2	3.353e3
1709.7	3.090e2
1710.4	5.016e3
1711.3	3.017e3
1711.8	3.830e2
1712.4	3.551e3
1713.3	5.295e3
1714.1	1.536e3
1714.9	4.000e3
1715.4	1.530e2
1715.9	4.159e3
1717.0	3.915e3
1717.7	2.161e3
1718.7	3.623e3
1719.2	6.900e1
1719.7	5.237e3
1720.3	1.019e3
1721.2	3.286e3
1721.8	3.130e2
1722.5	3.300e3
1723.3	4.646e3
1723.8	7.000e0
1724.4	3.915e3
1725.0	2.740e2
1725.5	2.428e3
1726.1	5.000e1
1726.6	3.638e3
1727.2	2.200e1
1727.7	2.501e3
1728.6	4.019e3
1729.6	2.377e3
1730.2	3.050e2
1730.7	3.434e3
1731.7	4.449e3
1732.4	4.360e2
1733.0	3.486e3
1733.7	2.090e2
1734.2	1.910e3
1735.0	3.222e3
1735.7	3.340e2
1736.2	3.506e3
1736.9	5.760e2
1737.6	2.392e3
1738.6	3.716e3
1739.2	5.900e1
1739.8	2.714e3
1740.7	1.597e3
1741.4	1.224e3
1742.2	2.879e3
1743.2	2.623e3
1743.8	3.760e2
1744.4	3.005e3
1745.1	5.870e2
1745.8	3.655e3
1746.6	2.506e3
1747.5	3.230e3
1748.1	2.020e2
1748.7	1.983e3
1749.3	4.050e2
1749.9	3.685e3
1750.8	2.568e3
1751.6	1.749e3
1752.3	1.928e3
1753.2	3.049e3
1754.1	3.382e3
1755.1	1.670e3
1756.1	2.648e3
1756.6	6.500e1
1757.2	3.678e3
1758.1	3.368e3
1759.1	1.816e3
1759.8	3.392e3
1760.6	1.852e3
1761.4	3.384e3
1762.0	4.530e2
1762.7	3.610e3
1763.6	2.677e3
1764.5	2.444e3
1765.4	4.041e3
1766.0	3.560e2
1766.6	3.080e3
1767.6	2.920e3
1768.5	2.910e3
1769.4	1.582e3
1770.3	3.171e3
1771.1	7.270e2
1771.8	2.077e3
1772.5	1.490e2
1773.0	3.829e3
1773.8	1.918e3
1774.6	3.908e3
1775.2	9.780e2
1775.8	2.825e3
1776.4	1.220e2
1776.9	3.553e3
1777.9	3.231e3
1778.9	1.793e3
1779.7	4.194e3
1780.5	1.240e3
1781.4	1.287e3
1782.2	2.629e3
1782.7	3.900e1
1783.2	4.144e3
1784.2	2.471e3
1785.2	3.510e3
1785.8	3.380e2
1786.4	2.995e3
1787.2	8.760e2
1787.9	4.374e3
1788.5	1.441e3
1789.2	2.417e3
1789.8	4.970e2
1790.5	2.475e3
1791.4	1.981e3
1792.0	2.100e2
1792.5	4.116e3
1793.3	1.366e3
1794.0	8.640e2
1794.7	2.728e3
1795.3	2.000e2
1795.8	3.564e3
1796.4	1.720e2
1797.0	3.561e3
1797.8	1.924e3
1798.6	2.815e3
1799.5	2.144e3
1800.4	2.036e3
1801.3	2.057e3
1802.2	2.930e3
1803.2	2.859e3
1804.2	2.897e3
1805.2	4.833e3
1806.0	1.194e3
1806.7	3.271e3
1807.3	4.960e2
1807.8	3.731e3
1808.7	9.260e2
1809.6	2.841e3
1810.6	2.333e3
1811.5	1.798e3
1812.4	3.647e3
1813.0	4.180e2
1813.5	3.167e3
1814.6	3.133e3
1815.3	1.122e3
1816.2	3.676e3
1816.9	1.130e3
1817.7	3.772e3
1818.7	2.212e3
1819.3	6.780e2
1820.0	3.200e3
1820.9	2.254e3
1821.5	1.134e3
1822.3	2.521e3
1823.1	3.080e3
1824.0	2.901e3
1824.5	1.530e2
1825.1	3.276e3
1825.8	9.570e2
1826.7	2.442e3
1827.3	5.970e2
1828.0	1.615e3
1828.9	2.582e3
1829.8	2.503e3
1830.6	2.802e3
1831.2	1.800e2
1831.8	3.035e3
1832.5	1.150e3
1833.4	1.983e3
1834.0	3.080e2
1834.6	3.730e3
1835.2	5.630e2
1835.9	3.391e3
1836.8	1.812e3
1837.7	1.734e3
1838.6	3.097e3
1839.3	1.359e3
1840.0	3.388e3
1841.0	2.380e3
1841.6	4.470e2
1842.2	3.874e3
1842.7	8.700e1
1843.2	2.422e3
1844.1	2.333e3
1844.8	1.414e3
1845.6	3.031e3
1846.1	3.850e2
1846.7	3.310e3
1847.6	1.683e3
1848.4	2.669e3
1849.3	1.267e3
1850.2	2.516e3
1851.2	3.354e3
1852.1	3.013e3
1853.1	3.922e3
1854.1	1.588e3
1855.0	3.548e3
1855.6	2.980e2
1856.1	3.562e3
1857.1	2.406e3
1857.8	1.313e3
1858.8	3.115e3
1859.7	2.635e3
1860.3	1.900e1
1860.8	2.669e3
1861.5	6.220e2
1862.2	2.670e3
1862.9	6.660e2
1863.4	2.060e2
1864.0	3.544e3
1864.6	1.173e3
1865.3	3.377e3
1865.9	7.800e1
1866.4	2.646e3
1867.1	4.420e2
1867.7	3.107e3
1868.3	3.220e2
1868.9	3.927e3
1869.9	2.774e3
1870.8	2.272e3
1871.5	5.300e2
1872.3	3.347e3
1873.3	1.291e3
1874.2	3.442e3
1875.2	2.881e3
1876.1	2.560e3
1877.1	2.637e3
1877.7	4.400e1
1878.2	2.510e3
1879.0	1.215e3
1879.9	1.691e3
1880.8	2.821e3
1881.8	2.713e3
1882.7	1.326e3
1883.5	2.082e3
1884.2	5.010e2
1884.8	3.064e3
1885.6	5.850e2
1886.2	2.265e3
1887.2	2.798e3
1888.2	3.484e3
1889.2	2.702e3
1890.1	1.366e3
1891.1	2.778e3
1891.9	1.624e3
1892.5	2.000e2
1893.3	3.225e3
1894.2	1.587e3
1895.1	3.063e3
1895.7	5.640e2
1896.5	3.380e3
1897.4	2.403e3
1898.4	2.740e3
1899.0	7.300e2
1899.7	2.587e3
1900.6	2.554e3
1901.5	9.710e2
1902.6	1.669e3
1903.2	8.000e1
1903.7	2.655e3
1904.6	1.505e3
1905.3	2.227e3
1906.2	2.220e3
1907.1	1.862e3
1907.8	2.442e3
1908.6	5.360e2
1909.3	2.502e3
1910.0	3.050e2
1910.6	2.206e3
1911.2	3.030e2
1911.8	1.443e3
1912.7	2.833e3
1913.5	2.085e3
1914.4	1.828e3
1915.5	2.102e3
1916.5	2.208e3
1917.3	1.243e3
1918.1	1.749e3
1919.0	4.920e2
1919.7	2.677e3
1920.6	2.652e3
1921.6	2.376e3
1922.4	9.290e2
1923.3	2.211e3
1924.2	1.144e3
1924.8	5.100e1
1925.3	2.274e3
1925.8	3.700e1
1926.4	2.780e3
1927.2	2.633e3
1928.2	1.949e3
1929.2	2.501e3
1929.9	1.320e3
1930.6	2.700e3
1931.6	2.201e3
1932.5	1.220e3
1933.4	3.440e3
1934.0	8.120e2
1934.7	2.965e3
1935.3	5.960e2
1936.1	2.438e3
1937.0	2.185e3
1937.8	1.368e3
1938.7	2.673e3
1939.5	1.622e3
1940.3	2.113e3
1940.8	4.000e1
1941.3	2.856e3
1942.0	4.570e2
1942.6	2.228e3
1943.2	2.370e2
1943.8	3.137e3
1944.7	1.251e3
1945.5	1.959e3
1946.5	2.231e3
1947.4	3.494e3
1948.3	1.966e3
1949.2	1.740e3
1950.1	1.065e3
1951.0	2.675e3
1951.7	5.970e2
1952.5	1.726e3
1953.4	2.046e3
1954.3	1.961e3
1955.2	2.389e3
1955.8	4.210e2
1956.4	1.919e3
1957.2	1.217e3
1958.1	1.148e3
1958.9	2.369e3
1959.4	1.780e2
1960.0	3.713e3
1960.7	8.620e2
1961.4	1.908e3
1962.3	1.564e3
1963.0	7.450e2
1963.6	2.291e3
1964.2	2.530e2
1964.8	1.705e3
1965.7	2.624e3
1966.6	1.457e3
1967.4	2.093e3
1968.1	9.460e2
1969.0	1.424e3
1970.1	2.756e3
1970.9	1.581e3
1971.5	3.570e2
1972.2	1.612e3
1973.1	4.710e2
1973.8	2.364e3
1974.6	2.190e2
1975.2	2.417e3
1976.2	2.158e3
1977.1	1.441e3
1978.1	2.038e3
1978.8	6.710e2
1979.7	2.808e3
1980.3	9.400e1
1980.9	1.989e3
1981.8	9.570e2
1982.6	2.360e3
1983.1	9.700e1
1983.6	1.468e3
1984.6	2.292e3
1985.5	2.351e3
1986.1	1.930e2
1986.6	2.283e3
1987.6	1.575e3
1988.2	1.700e2
1988.8	1.849e3
1989.8	2.485e3
1990.7	1.894e3
1991.7	1.465e3
1992.3	4.070e2
1993.0	1.933e3
1993.9	2.728e3
1994.8	2.104e3
1995.7	8.880e2
1996.5	1.509e3
1997.3	2.410e3
1998.2	1.669e3
1998.8	1.770e2
1999.4	2.309e3
