100.1	5.413e3
101.0	7.672e4
102.0	1.670e4
103.0	1.743e4
104.0	1.082e3
104.9	3.614e3
105.4	1.800e1
106.0	2.660e2
106.5	4.000e0
107.1	1.074e3
108.0	1.558e4
109.0	1.739e3
109.5	9.000e0
110.1	7.680e2
111.0	1.254e3
111.8	4.000e1
112.4	7.960e2
113.0	1.188e5
114.0	4.151e3
115.0	6.779e3
116.1	3.337e3
117.0	1.054e5
117.5	1.080e2
118.0	1.304e4
119.0	1.014e4
120.0	1.730e3
121.0	1.412e3
122.0	3.000e2
122.5	4.000e0
123.1	7.380e2
124.0	1.204e3
124.5	6.600e1
125.1	2.779e3
126.0	1.843e3
127.0	1.196e3
128.0	1.716e3
129.0	2.169e3
130.0	1.162e4
131.1	2.234e3
132.0	7.700e2
132.9	3.368e3
133.5	2.800e1
134.1	6.320e2
135.0	6.045e3
136.0	1.781e3
137.0	3.315e3
137.5	6.800e1
138.1	8.630e2
139.1	2.910e3
140.0	1.202e3
141.1	2.466e3
142.1	9.860e2
143.1	4.105e3
144.0	1.036e3
145.0	1.018e4
145.5	3.600e1
146.1	5.301e3
147.0	2.351e4
147.5	7.300e1
148.1	3.069e3
149.0	3.539e3
150.0	3.706e3
151.0	2.471e3
151.5	5.000e0
152.1	1.440e4
153.0	4.946e3
154.0	1.519e3
155.0	2.057e3
156.0	2.928e3
157.0	3.033e3
157.5	1.040e2
158.1	2.746e3
159.1	3.402e3
160.0	1.395e3
160.9	9.531e3
162.0	1.011e3
162.9	9.768e3
163.5	2.200e1
164.0	1.032e3
165.0	4.803e3
166.1	1.419e3
166.6	2.500e1
167.1	1.802e3
168.0	2.289e3
169.1	4.960e3
170.1	1.618e3
171.0	2.055e3
171.5	2.900e1
172.0	1.106e3
173.0	3.111e3
174.0	5.720e3
174.5	2.300e1
175.0	2.156e4
176.0	5.058e3
177.0	4.231e3
178.1	1.390e3
179.0	3.996e3
180.0	1.481e3
180.5	2.900e1
181.1	3.826e4
182.1	1.527e3
183.1	2.822e3
184.1	1.867e3
185.0	2.775e3
186.0	3.439e3
187.0	4.613e3
188.0	1.744e3
189.0	2.401e3
190.0	2.156e3
191.1	1.441e4
192.1	2.308e3
193.0	6.484e3
194.0	1.751e3
194.5	8.700e1
195.0	8.162e3
195.9	7.972e3
196.4	4.600e1
197.0	4.677e3
198.0	1.082e4
198.6	1.300e1
199.1	3.062e3
199.9	5.144e3
200.4	2.500e1
201.0	5.162e3
201.5	7.100e1
202.0	3.576e3
203.1	1.650e3
204.0	2.252e3
204.6	6.000e0
205.1	2.508e3
206.0	8.360e2
207.0	1.229e4
208.0	2.725e3
209.1	2.730e3
210.0	2.067e3
211.1	2.392e3
211.6	4.300e1
212.2	1.758e4
213.1	6.023e3
213.7	7.200e2
214.4	3.091e3
215.2	1.530e3
216.0	1.151e3
217.0	4.142e3
218.0	3.756e3
219.1	4.808e3
220.1	8.844e3
220.6	9.000e0
221.1	6.817e3
222.0	3.667e3
222.5	2.070e2
223.0	3.702e3
224.0	2.695e3
225.0	3.114e3
226.0	1.705e3
226.5	5.600e1
227.1	2.940e3
228.0	1.936e3
229.1	2.085e3
230.0	1.876e3
231.0	3.001e3
232.0	1.362e3
233.0	2.672e3
234.0	2.223e3
235.0	2.350e3
235.5	1.070e2
236.1	7.325e3
236.6	5.000e1
237.1	2.555e3
238.0	1.511e3
238.6	1.000e1
239.1	7.004e3
240.0	3.828e3
241.1	3.032e3
242.1	3.978e3
243.1	1.074e4
244.1	9.147e3
245.1	1.687e3
246.0	3.688e3
246.5	6.000e1
247.1	2.908e3
248.0	4.790e3
249.1	8.628e4
250.1	7.194e3
251.0	4.747e3
252.0	2.230e3
253.0	2.555e3
254.0	2.505e3
255.1	3.546e3
256.0	1.411e3
257.1	1.359e3
258.0	2.206e3
259.0	3.908e3
260.0	2.122e3
260.6	8.200e1
261.1	4.904e3
262.0	4.217e3
263.0	6.195e3
264.0	2.905e3
265.1	4.569e3
266.0	5.604e3
267.1	3.057e3
268.0	3.115e3
268.5	8.300e1
269.1	4.720e3
270.0	2.209e3
271.0	2.268e3
272.1	1.553e3
273.0	2.832e3
274.0	8.930e2
275.0	1.272e4
276.0	2.517e3
277.0	2.627e3
278.0	1.852e3
278.6	1.740e2
279.1	3.748e3
280.0	1.975e3
281.0	4.074e3
282.1	2.265e3
283.0	1.972e3
283.9	1.995e3
284.5	2.010e2
285.1	2.832e3
286.1	1.835e3
287.0	2.709e3
287.6	1.460e2
288.1	1.513e4
289.1	4.949e3
290.0	3.045e3
290.5	3.400e1
291.0	5.667e3
292.0	3.370e3
292.5	1.230e2
293.1	3.978e3
294.0	1.634e3
295.0	3.397e3
296.0	2.146e3
296.6	2.090e2
297.2	3.364e3
298.1	3.053e3
298.6	4.200e1
299.2	2.550e3
300.1	1.470e3
301.0	3.922e3
301.5	8.800e1
302.0	2.133e3
303.1	2.987e3
304.1	1.729e3
305.1	5.226e3
306.0	2.377e3
307.1	1.015e4
308.0	5.112e3
309.1	4.374e3
309.6	5.600e1
310.1	4.258e3
311.1	9.698e3
312.1	6.188e3
313.0	5.431e3
314.0	2.141e3
314.6	6.800e1
315.1	3.330e3
316.1	1.642e3
316.6	4.000e1
317.1	1.034e5
318.0	7.045e3
319.0	5.586e3
319.9	3.042e3
321.0	4.107e3
321.6	1.320e2
322.1	2.005e3
323.1	5.442e3
324.1	4.339e3
325.1	5.467e3
326.1	2.807e3
327.0	6.366e3
327.9	6.615e3
328.5	3.600e1
329.0	8.976e3
330.0	4.246e3
330.5	9.500e1
331.0	6.982e3
332.0	2.401e3
332.6	5.000e0
333.1	6.808e3
334.0	5.912e3
335.1	4.483e3
336.0	2.746e3
337.0	4.188e3
338.0	2.342e3
338.8	1.359e3
339.5	5.027e3
340.2	1.798e3
341.1	4.450e3
342.0	2.601e3
343.0	1.295e4
344.0	3.340e3
345.1	3.705e3
346.0	6.497e3
346.5	1.330e2
347.1	4.979e3
348.0	3.159e3
348.5	6.100e1
349.1	5.732e3
350.0	3.803e3
351.0	4.373e3
352.0	2.198e3
353.0	9.894e3
353.5	1.820e2
354.0	2.795e3
355.1	5.124e3
356.1	1.902e4
357.1	9.531e3
358.1	2.351e3
359.0	3.709e3
360.0	2.755e3
361.0	2.843e3
361.9	1.505e3
362.9	3.029e3
363.9	2.378e3
364.7	6.930e2
365.5	3.554e3
366.2	1.459e3
367.0	2.017e3
368.0	3.392e3
368.5	2.740e2
369.1	6.930e3
370.1	2.017e3
371.0	2.954e3
371.6	3.200e1
372.1	1.625e3
373.0	2.854e3
373.9	1.308e3
375.1	4.959e3
375.9	2.712e3
376.5	1.240e2
377.1	3.673e3
378.0	2.194e3
378.5	7.000e1
379.0	9.260e3
380.0	4.079e3
380.9	1.743e3
381.7	2.869e3
382.4	3.640e2
383.0	3.296e3
383.5	1.540e2
384.0	3.252e3
385.1	5.527e4
386.0	5.303e3
387.0	3.537e3
388.0	1.694e3
388.9	3.164e3
389.9	2.300e3
390.5	6.000e1
391.1	3.276e3
392.1	3.539e3
392.6	9.800e1
393.2	2.959e3
394.1	2.870e3
395.1	6.928e3
395.9	3.041e3
396.5	7.400e1
397.1	1.013e4
398.0	4.633e3
398.5	2.600e1
399.0	4.162e3
400.0	2.355e3
400.5	1.560e2
401.1	6.008e3
402.0	3.731e3
402.7	2.370e2
403.4	2.731e3
404.1	1.401e3
405.0	2.700e3
406.0	2.761e3
407.0	3.261e3
407.9	3.362e3
408.6	4.340e2
409.2	4.379e3
410.0	2.544e3
411.0	9.295e3
411.5	2.300e1
412.0	2.393e3
412.5	2.400e1
413.0	2.626e3
413.6	3.100e1
414.1	2.299e3
415.1	3.035e3
415.9	1.679e3
416.5	2.830e2
417.1	3.991e3
418.1	2.911e3
419.0	3.071e3
419.9	2.473e3
421.0	3.857e3
422.0	2.574e3
422.6	1.110e2
423.1	3.710e3
424.1	1.265e4
425.1	5.933e3
426.0	2.385e3
426.5	1.040e2
427.1	7.946e3
428.0	3.637e3
428.6	6.200e1
429.1	2.722e3
430.2	2.188e3
431.1	2.753e3
432.1	1.693e3
432.8	6.500e2
433.4	8.183e3
434.2	3.308e3
435.1	5.136e3
436.0	2.261e3
436.7	9.050e2
437.3	3.985e3
438.1	1.280e3
439.0	2.647e3
440.0	2.590e3
440.5	5.200e1
441.0	3.358e3
442.0	2.367e3
442.5	2.500e1
443.1	4.831e3
444.0	4.965e3
445.0	3.106e3
445.5	2.100e1
446.1	3.214e3
447.0	6.025e3
447.9	3.279e3
448.8	8.500e2
449.5	3.195e3
450.3	1.215e3
451.0	4.002e3
451.5	2.000e1
452.0	1.822e3
453.1	4.512e4
454.0	5.850e3
454.6	5.440e2
455.2	3.536e3
456.1	1.427e3
456.6	1.800e1
457.1	3.401e3
458.0	2.205e3
458.5	5.800e1
459.1	4.056e3
459.8	1.348e3
460.5	3.697e3
461.0	2.200e1
461.6	3.317e3
462.3	1.794e3
463.2	4.715e3
464.0	1.891e3
464.8	3.206e3
465.5	1.583e4
466.4	3.105e3
467.2	5.672e3
468.1	2.364e3
469.0	4.523e3
470.0	4.384e3
471.0	3.135e3
471.9	2.568e3
472.5	4.210e2
473.1	4.054e3
474.1	3.992e3
474.9	2.145e3
475.8	3.326e3
476.4	3.350e2
477.1	3.648e3
478.0	2.585e3
479.0	9.452e3
480.0	4.084e3
480.5	6.000e1
481.0	4.817e3
482.0	3.774e3
483.0	4.732e3
484.0	2.041e3
484.5	9.500e1
485.1	6.933e3
486.1	4.199e3
486.6	1.120e2
487.1	4.241e3
488.0	2.094e3
488.9	3.586e3
489.5	4.750e2
490.1	3.293e3
490.7	3.710e2
491.3	7.038e3
492.2	1.525e4
493.1	6.097e3
493.6	3.810e2
494.1	3.408e3
494.6	6.600e1
495.2	6.300e3
496.0	2.615e3
496.5	5.000e1
497.0	4.394e3
497.7	1.241e3
498.4	3.729e3
499.2	1.294e3
500.0	2.199e3
500.5	1.040e2
501.1	3.828e3
502.0	3.913e3
502.6	2.540e2
503.1	2.944e3
504.0	2.535e3
505.0	3.722e3
505.5	7.300e1
506.0	2.438e3
507.0	2.294e3
508.0	3.501e3
508.9	5.087e3
509.9	2.324e3
510.5	2.490e2
511.1	5.971e3
512.0	2.339e3
513.0	3.802e3
514.0	2.421e3
514.5	5.200e1
515.0	4.850e3
515.9	3.311e3
516.5	9.500e1
517.0	2.571e3
518.0	2.301e3
519.0	3.728e3
519.9	2.101e3
520.5	1.790e2
521.1	4.149e4
522.0	5.922e3
522.5	1.300e2
523.1	3.510e3
524.1	4.009e3
525.0	3.428e3
525.8	2.863e3
526.7	9.950e2
527.5	4.482e3
528.2	1.398e3
529.1	2.800e3
530.0	2.508e3
530.5	6.800e1
531.1	4.649e3
531.6	1.210e2
532.1	3.310e3
532.8	1.330e2
533.3	6.465e3
534.1	2.462e3
535.1	2.904e3
535.7	3.800e1
536.2	2.887e3
537.2	5.367e3
538.1	3.538e3
539.1	2.416e3
539.9	1.615e3
540.8	3.659e3
541.3	2.090e2
541.9	2.984e3
542.4	2.810e2
543.0	2.149e3
543.5	1.100e2
544.1	2.392e3
545.1	4.061e3
546.0	2.038e3
546.5	4.100e1
547.1	8.741e3
548.0	2.604e3
548.8	3.568e3
549.4	1.030e2
550.0	2.987e3
550.8	2.781e3
551.9	1.694e3
552.9	3.850e3
553.4	9.800e1
553.9	2.732e3
554.5	4.230e2
555.2	3.571e3
556.1	1.741e3
556.9	3.701e3
557.5	3.320e2
558.1	2.118e3
559.1	3.228e3
560.0	8.433e3
560.5	2.440e2
561.1	3.686e3
561.9	1.819e3
562.5	1.410e2
563.1	5.870e3
564.0	3.198e3
565.0	2.059e3
566.0	2.599e3
566.5	1.320e2
567.0	3.052e3
567.9	1.645e3
569.0	2.847e3
569.8	1.749e3
570.7	2.311e3
571.3	7.070e2
571.9	1.793e3
572.8	2.088e3
573.6	3.019e3
574.3	6.640e2
575.1	2.943e3
576.0	1.473e3
576.5	5.900e1
577.1	3.754e3
577.8	1.503e3
578.4	1.300e2
579.0	4.588e3
580.0	2.864e3
580.6	3.310e2
581.2	4.665e3
582.0	2.130e3
582.9	4.223e3
583.9	2.693e3
584.9	2.029e3
585.4	3.500e1
586.0	3.078e3
587.0	3.104e3
587.8	1.648e3
588.4	4.470e2
589.1	2.957e4
590.1	4.617e3
591.1	2.694e3
592.1	1.940e3
593.1	2.350e3
594.0	2.769e3
595.1	4.658e3
595.9	2.985e3
596.8	2.861e3
597.9	2.277e3
598.4	7.800e1
599.0	2.805e3
599.9	2.327e3
600.9	3.082e3
601.8	4.342e3
602.4	6.450e2
603.1	2.987e3
604.0	2.177e3
604.6	2.040e2
605.1	3.098e3
606.0	3.850e3
606.9	2.360e3
607.8	2.379e3
608.5	2.680e2
609.0	2.664e3
610.0	2.061e3
610.9	2.364e3
611.9	2.268e3
612.9	2.555e3
613.7	2.355e3
614.4	3.250e2
615.0	7.896e3
615.9	2.498e3
616.9	4.366e3
617.5	2.620e2
618.1	3.190e3
619.0	1.859e3
620.0	2.091e3
620.5	1.150e2
621.1	4.881e3
621.9	2.229e3
622.5	4.640e2
623.2	2.509e3
624.0	1.375e3
625.1	2.249e3
625.9	1.288e3
626.5	2.070e2
627.1	3.791e3
628.1	8.704e3
629.1	4.141e3
630.0	2.452e3
630.6	5.600e1
631.1	4.887e3
632.0	3.081e3
632.6	2.310e2
633.2	2.929e3
634.1	2.353e3
635.0	1.803e3
635.6	1.130e2
636.1	1.589e3
637.1	2.194e3
638.1	2.569e3
638.6	1.000e1
639.1	2.615e3
640.0	2.129e3
640.8	3.562e3
641.9	2.536e3
642.9	1.926e3
643.8	1.056e3
644.6	2.533e3
645.1	5.800e1
645.6	3.036e3
646.3	6.620e2
647.0	4.489e3
647.5	9.600e1
648.1	1.920e3
649.0	2.595e3
649.9	3.081e3
650.5	7.700e1
651.0	3.988e3
651.9	2.134e3
652.5	1.900e1
653.0	2.308e3
653.5	5.000e1
654.0	2.841e3
655.0	3.051e3
655.9	2.601e3
656.5	4.530e2
657.1	2.196e4
658.0	4.544e3
658.8	2.275e3
659.7	4.204e3
660.5	1.313e3
661.3	2.738e3
661.9	2.840e2
662.5	2.964e3
663.2	1.157e3
663.8	2.248e3
664.8	2.698e3
665.4	3.100e2
666.1	1.760e3
667.0	4.213e3
667.9	1.562e3
668.5	1.020e2
669.0	3.923e3
669.5	6.000e1
670.0	3.456e3
671.0	2.957e3
671.9	2.063e3
672.5	4.380e2
673.1	3.461e3
674.1	4.158e3
675.0	1.611e3
675.9	1.866e3
676.9	2.070e3
677.4	7.000e0
677.9	2.571e3
678.5	2.510e2
679.0	3.507e3
679.5	1.280e2
680.1	2.391e3
681.0	2.867e3
681.6	5.640e2
682.2	2.597e3
683.1	1.040e4
684.1	5.015e3
684.7	1.700e2
685.2	3.794e3
686.0	2.602e3
687.0	2.789e3
687.9	1.538e3
688.5	1.700e1
689.0	4.032e3
689.6	2.390e2
690.2	2.731e3
691.0	2.717e3
692.0	2.220e3
693.0	3.088e3
694.0	2.577e3
695.0	3.992e3
695.5	1.210e2
696.0	7.205e3
697.0	3.794e3
697.5	1.710e2
698.1	1.924e3
698.9	5.551e3
699.8	3.784e3
700.7	1.434e3
701.6	2.241e3
702.6	1.855e3
703.3	3.330e2
703.9	2.076e3
704.6	4.430e2
705.1	3.587e3
706.0	2.052e3
706.6	5.640e2
707.1	2.553e3
708.0	1.349e3
708.8	4.040e3
709.3	4.350e2
709.9	2.086e3
710.9	2.793e3
711.8	1.569e3
712.7	3.014e3
713.3	1.232e3
714.1	1.925e3
715.0	5.672e3
716.0	2.158e3
716.6	1.200e1
717.1	3.659e3
718.0	2.054e3
718.9	3.615e3
719.9	2.439e3
720.5	4.740e2
721.1	2.707e3
722.0	2.661e3
722.8	1.695e3
723.6	2.352e3
724.3	6.540e2
725.1	1.703e4
725.9	3.463e3
726.9	2.567e3
727.9	2.362e3
728.5	4.390e2
729.1	1.745e3
730.0	1.844e3
731.0	2.815e3
731.9	1.995e3
732.6	4.780e2
733.3	2.393e3
733.9	1.231e3
734.5	2.900e2
735.2	3.215e3
736.0	1.798e3
737.0	3.930e3
737.5	1.080e2
738.0	2.714e3
738.5	7.100e1
739.0	2.609e3
740.0	1.705e3
741.0	4.203e3
741.6	5.940e2
742.3	2.823e3
742.9	1.033e3
743.6	2.087e3
744.2	3.350e2
744.9	2.419e3
745.9	2.952e3
746.8	2.678e3
747.4	2.500e1
747.9	2.173e3
748.9	2.409e3
749.9	1.871e3
751.0	8.689e3
752.0	3.487e3
752.9	2.706e3
753.6	5.260e2
754.2	2.804e3
755.0	1.058e3
755.8	1.644e3
756.4	2.970e2
757.0	2.749e3
757.9	1.747e3
758.5	7.200e1
759.1	3.016e3
759.9	1.368e3
760.9	2.751e3
761.9	1.502e3
762.5	1.590e2
763.1	3.402e3
763.6	6.900e1
764.1	7.182e3
765.1	2.704e3
765.7	4.990e2
766.3	1.269e3
767.2	3.727e3
768.0	1.978e3
769.0	1.417e3
769.9	3.159e3
770.7	8.290e2
771.3	2.127e3
772.1	1.029e3
773.0	2.036e3
774.0	2.766e3
774.9	1.766e3
775.8	1.776e3
776.6	1.362e3
777.4	2.365e3
778.2	7.770e2
778.9	2.995e3
779.9	1.508e3
780.7	7.170e2
781.4	2.207e3
782.3	1.009e3
783.1	3.277e3
784.0	9.850e2
785.0	2.380e3
785.5	2.900e1
786.0	1.639e3
786.6	6.200e1
787.1	2.813e3
788.0	1.799e3
788.9	2.520e3
789.4	3.400e1
789.9	3.297e3
790.9	2.618e3
791.4	1.610e2
792.0	1.812e3
792.6	1.060e2
793.1	1.426e4
793.8	1.366e3
794.4	3.969e3
795.3	1.782e3
795.9	6.580e2
796.6	3.101e3
797.6	2.029e3
798.2	2.190e2
798.9	2.600e3
799.5	2.290e2
800.1	2.354e3
801.0	1.355e3
801.8	3.190e3
802.8	1.927e3
803.6	2.088e3
804.3	7.600e2
805.1	3.927e3
805.9	1.319e3
806.6	2.799e3
807.2	7.050e2
808.0	2.340e3
808.5	6.000e1
809.0	3.227e3
809.6	7.580e2
810.3	2.766e3
811.0	1.532e3
811.9	1.144e3
812.4	4.100e1
813.0	2.014e3
813.6	1.710e2
814.1	2.536e3
814.9	1.369e3
815.8	1.956e3
816.4	6.900e1
816.9	1.564e3
817.7	2.252e3
818.4	4.830e2
819.0	8.306e3
820.0	3.536e3
820.9	1.991e3
821.8	2.506e3
822.5	5.000e2
823.1	1.753e3
823.7	2.090e2
824.2	2.516e3
824.8	2.370e2
825.3	2.918e3
826.0	6.440e2
826.7	2.327e3
827.3	1.300e2
827.9	1.987e3
828.4	5.000e1
828.9	2.161e3
829.8	1.709e3
830.4	2.790e2
831.0	2.806e3
831.6	5.200e1
832.1	5.796e3
833.0	4.033e3
833.9	5.813e3
834.8	5.790e3
835.8	4.478e3
836.4	3.840e2
837.0	2.155e3
838.0	1.806e3
838.8	6.940e2
839.5	2.154e3
840.3	5.500e2
841.0	2.317e3
842.0	2.246e3
842.9	1.478e3
843.8	1.439e3
844.4	3.190e2
845.0	2.987e3
845.9	2.615e3
846.4	2.300e1
847.0	2.442e3
847.8	2.000e3
848.7	9.930e2
849.5	3.059e3
850.3	9.660e2
851.1	4.272e3
852.1	2.028e3
852.9	2.719e3
853.9	1.992e3
854.9	2.157e3
855.7	2.014e3
856.3	2.100e1
856.8	2.251e3
857.4	1.450e2
857.9	2.407e3
858.9	2.287e3
859.5	1.090e2
860.1	1.994e3
861.1	1.130e4
862.1	3.149e3
863.1	2.544e3
864.1	1.727e3
864.9	1.891e3
865.9	2.602e3
866.6	9.290e2
867.2	2.264e3
868.1	1.429e3
869.0	1.856e3
869.9	1.637e3
870.9	3.195e3
871.8	1.420e3
872.8	2.901e3
873.7	3.339e3
874.3	5.240e2
874.9	2.458e3
875.8	1.358e3
876.4	3.770e2
877.1	3.452e3
877.9	1.725e3
878.9	2.932e3
879.5	1.130e2
880.1	2.476e3
881.0	1.842e3
882.0	2.362e3
882.7	5.730e2
883.3	2.340e3
884.2	1.418e3
884.7	9.100e1
885.3	2.317e3
886.1	1.328e3
887.0	8.059e3
887.7	5.440e2
888.3	2.796e3
889.3	2.190e3
890.1	1.700e3
891.0	3.088e3
892.0	1.262e3
893.0	1.905e3
893.9	2.539e3
894.8	2.116e3
895.4	5.900e1
895.9	2.223e3
896.5	6.200e1
897.0	2.302e3
898.0	1.648e3
898.9	2.552e3
899.5	1.160e2
900.0	4.932e3
901.0	3.136e3
902.0	2.588e3
902.5	2.580e2
903.1	2.963e3
904.0	2.586e3
904.5	1.500e2
905.1	2.523e3
905.9	1.332e3
906.7	1.873e3
907.4	4.540e2
908.0	2.580e3
908.9	1.536e3
909.8	2.132e3
910.4	3.120e2
911.1	2.152e3
912.0	2.081e3
912.9	2.296e3
913.4	1.800e1
914.0	1.938e3
914.5	1.040e2
915.1	2.082e3
916.1	2.151e3
917.1	2.774e3
918.0	2.140e3
919.0	2.580e3
919.9	1.997e3
921.0	2.126e3
921.6	3.260e2
922.2	2.156e3
922.7	1.660e2
923.3	3.573e3
924.1	8.740e2
924.9	2.763e3
925.5	3.100e1
926.0	2.133e3
926.8	2.790e3
927.8	2.148e3
928.4	8.160e2
929.1	1.143e4
930.1	2.434e3
930.7	8.100e1
931.2	2.816e3
932.0	1.589e3
932.9	2.234e3
934.0	2.296e3
934.7	5.050e2
935.3	3.116e3
936.0	4.370e2
936.6	2.644e3
937.2	4.780e2
937.9	1.499e3
938.9	2.948e3
939.9	1.576e3
940.5	3.020e2
941.2	2.848e3
942.0	1.775e3
942.8	2.240e3
943.7	1.827e3
944.4	6.500e2
945.1	2.444e3
945.6	3.100e1
946.1	2.440e3
946.9	2.193e3
947.5	9.300e1
948.0	2.853e3
949.1	2.986e3
950.0	2.460e3
951.0	1.730e3
951.5	2.480e2
952.1	1.517e3
953.2	2.397e3
954.1	1.771e3
955.1	6.676e3
955.9	2.341e3
956.9	1.362e3
957.7	3.300e3
958.4	4.230e2
959.0	2.337e3
959.6	3.460e2
960.2	2.206e3
961.1	2.159e3
962.0	2.186e3
963.0	2.464e3
963.6	1.780e2
964.2	1.851e3
965.1	2.481e3
966.0	1.590e3
967.0	2.720e3
967.6	2.100e1
968.1	4.562e3
968.7	4.800e2
969.3	3.334e3
970.1	1.623e3
971.0	2.836e3
972.0	2.020e3
972.8	1.198e3
973.5	2.765e3
974.1	4.840e2
974.7	2.257e3
975.7	2.269e3
976.2	2.400e1
976.7	1.676e3
977.7	2.448e3
978.3	1.650e2
978.9	2.857e3
979.7	1.776e3
980.8	2.675e3
981.5	6.560e2
982.2	3.018e3
983.2	2.581e3
984.0	1.983e3
984.9	3.363e3
985.5	2.290e2
986.0	2.210e3
987.0	3.154e3
987.9	2.880e3
988.6	8.080e2
989.3	2.866e3
990.2	1.501e3
991.0	2.147e3
992.0	2.515e3
992.7	1.990e2
993.2	1.672e3
994.1	3.888e3
994.9	1.299e3
995.7	2.705e3
996.5	4.460e2
997.2	9.574e3
998.1	3.996e3
998.6	2.100e1
999.2	2.585e3
1000.0	1.110e3
1000.8	2.740e3
1001.4	1.150e2
1002.0	3.320e3
1002.9	2.745e3
1003.5	2.730e2
1004.1	2.335e3
1005.0	2.496e3
1005.9	2.718e3
1006.6	6.280e2
1007.3	2.583e3
1008.1	8.080e2
1008.9	3.449e3
1009.9	2.277e3
1010.5	3.760e2
1011.1	2.170e3
1011.9	1.537e3
1012.8	3.102e3
1013.4	3.790e2
1014.0	3.122e3
1014.9	1.975e3
1015.9	2.326e3
1016.8	3.936e3
1017.4	3.830e2
1018.0	2.753e3
1019.0	2.358e3
1020.1	2.657e3
1021.0	2.756e3
1021.5	4.200e1
1022.0	1.674e3
1023.0	5.036e3
1023.5	2.140e2
1024.1	2.949e3
1025.1	2.706e3
1026.1	3.096e3
1027.0	1.379e3
1027.9	2.828e3
1028.6	6.650e2
1029.3	3.175e3
1030.3	1.894e3
1030.8	2.170e2
1031.5	3.764e3
1032.2	1.178e3
1033.0	3.303e3
1033.9	2.047e3
1034.9	3.141e3
1035.4	1.250e2
1036.0	4.131e3
1036.7	7.080e2
1037.4	3.247e3
1038.3	1.644e3
1039.3	3.625e3
1040.1	1.009e3
1040.8	1.608e3
1041.8	1.701e3
1042.7	2.179e3
1043.7	2.160e3
1044.7	2.009e3
1045.4	2.500e1
1045.9	2.912e3
1046.8	1.310e3
1047.8	3.306e3
1048.5	5.440e2
1049.2	3.191e3
1049.8	1.840e2
1050.4	2.252e3
1051.2	1.328e3
1052.0	2.758e3
1052.9	2.653e3
1053.9	1.757e3
1054.5	2.090e2
1055.1	2.597e3
1055.9	9.120e2
1056.4	9.300e1
1056.9	3.124e3
1057.6	5.680e2
1058.3	3.411e3
1059.2	2.148e3
1060.0	1.096e3
1060.8	2.653e3
1061.3	3.430e2
1062.0	3.610e3
1062.5	1.100e1
1063.0	2.615e3
1063.9	2.760e3
1064.5	1.260e2
1065.1	9.297e3
1066.1	3.512e3
1067.0	3.376e3
1067.9	1.909e3
1068.8	3.109e3
1069.3	5.800e1
1069.8	2.402e3
1070.3	1.040e2
1070.9	3.338e3
1071.6	5.800e2
1072.2	1.940e3
1072.8	6.410e2
1073.4	2.536e3
1074.2	5.750e2
1074.9	2.342e3
1075.8	1.337e3
1076.8	2.212e3
1077.6	1.498e3
1078.3	3.583e3
1079.4	3.792e3
1080.3	2.134e3
1081.2	3.519e3
1082.1	2.403e3
1083.0	2.030e3
1083.8	3.497e3
1084.8	2.467e3
1085.7	1.546e3
1086.6	2.661e3
1087.2	8.700e1
1087.8	2.685e3
1088.3	9.000e1
1088.8	2.383e3
1089.4	5.500e1
1089.9	2.471e3
1090.9	4.494e3
1091.9	2.915e3
1092.5	2.170e2
1093.1	2.728e3
1093.6	1.250e2
1094.2	2.880e3
1094.8	5.090e2
1095.4	2.558e3
1096.4	2.469e3
1097.3	2.619e3
1097.8	3.960e2
1098.4	2.711e3
1099.1	6.540e2
1099.8	2.853e3
1100.8	2.760e3
1101.7	2.701e3
1102.3	7.560e2
1102.9	2.396e3
1103.5	4.460e2
1104.1	4.876e3
1105.1	3.516e3
1106.1	1.774e3
1107.0	3.850e3
1107.5	3.080e2
1108.1	3.410e3
1108.7	1.120e2
1109.2	2.621e3
1110.1	1.552e3
1110.9	3.451e3
1111.9	2.687e3
1112.8	1.798e3
1113.8	2.069e3
1114.3	1.550e2
1114.9	2.740e3
1115.7	1.210e3
1116.6	2.517e3
1117.1	1.770e2
1117.6	2.895e3
1118.3	9.000e0
1118.8	3.544e3
1119.4	8.800e2
1120.2	2.489e3
1120.7	1.800e1
1121.2	2.411e3
1122.0	1.617e3
1122.8	3.508e3
1123.4	2.030e2
1124.0	3.181e3
1124.7	1.553e3
1125.6	2.705e3
1126.3	1.650e3
1127.2	2.226e3
1128.1	2.531e3
1128.7	3.800e1
1129.2	2.130e3
1130.1	3.259e3
1131.0	1.880e3
1132.0	2.613e3
1132.5	3.770e2
1133.1	6.989e3
1133.7	3.140e2
1134.2	3.655e3
1135.2	2.750e3
1136.1	1.627e3
1137.0	2.716e3
1137.5	1.020e2
1138.0	2.669e3
1138.9	1.379e3
1139.6	3.188e3
1140.3	8.650e2
1141.1	2.378e3
1141.7	8.700e1
1142.2	2.735e3
1143.2	2.341e3
1144.1	1.571e3
1144.9	2.831e3
1145.4	3.200e1
1145.9	2.321e3
1146.6	3.710e2
1147.2	3.223e3
1148.1	2.068e3
1148.6	4.800e1
1149.1	3.213e3
1150.0	2.137e3
1150.8	1.938e3
1151.7	2.302e3
1152.3	2.010e2
1152.8	2.720e3
1153.5	8.050e2
1154.2	2.324e3
1154.7	1.130e2
1155.3	3.368e3
1156.1	1.586e3
1157.0	2.567e3
1157.9	1.690e3
1158.9	3.837e3
1159.8	2.908e3
1160.4	9.900e1
1161.0	2.621e3
1161.7	5.200e2
1162.2	4.052e3
1162.8	4.290e2
1163.4	2.873e3
1164.4	1.861e3
1165.3	3.216e3
1165.9	5.780e2
1166.6	2.768e3
1167.5	2.945e3
1168.1	8.000e2
1168.8	3.063e3
1169.8	2.322e3
1170.9	3.437e3
1171.4	4.960e2
1172.0	4.965e3
1173.0	2.978e3
1173.9	3.112e3
1174.5	2.300e2
1175.1	2.983e3
1175.9	1.342e3
1176.7	3.182e3
1177.5	8.560e2
1178.4	3.239e3
1179.1	1.241e3
1179.9	3.278e3
1180.5	4.080e2
1181.2	2.463e3
1182.1	1.851e3
1182.6	1.080e2
1183.2	1.863e3
1184.2	2.498e3
1184.7	1.740e2
1185.3	2.365e3
1186.2	2.303e3
1187.0	3.055e3
1187.6	1.030e2
1188.1	2.898e3
1188.6	6.400e1
1189.1	3.281e3
1190.1	1.439e3
1191.0	2.816e3
1191.9	1.728e3
1192.5	1.210e2
1193.0	2.991e3
1193.6	8.200e1
1194.2	2.562e3
1195.2	3.152e3
1196.2	2.680e3
1197.0	1.686e3
1197.8	4.267e3
1198.7	2.479e3
1199.6	3.208e3
1200.4	7.590e2
1201.2	7.806e3
1201.8	7.990e2
1202.4	3.442e3
1202.9	8.300e1
1203.5	2.658e3
1204.4	1.950e3
1205.2	3.588e3
1205.8	7.090e2
1206.4	3.393e3
1207.0	6.100e1
1207.5	1.827e3
1208.3	2.471e3
1209.3	3.726e3
1210.3	3.318e3
1211.1	1.422e3
1211.8	2.381e3
1212.4	4.860e2
1213.0	2.678e3
1213.7	7.580e2
1214.3	3.490e3
1215.2	2.105e3
1216.1	3.201e3
1217.0	2.952e3
1218.0	2.967e3
1219.0	3.339e3
1219.6	5.770e2
1220.3	2.512e3
1220.8	8.000e0
1221.3	2.892e3
1221.8	1.160e2
1222.3	3.013e3
1223.2	1.993e3
1224.1	1.756e3
1224.6	8.300e1
1225.1	1.523e3
1226.0	2.943e3
1227.0	3.299e3
1227.9	2.983e3
1228.8	2.007e3
1229.5	2.612e3
1230.0	3.800e1
1230.6	2.502e3
1231.2	7.820e2
1231.9	3.341e3
1232.5	6.200e1
1233.0	2.711e3
1233.6	1.260e2
1234.1	2.126e3
1235.0	1.978e3
1235.8	3.565e3
1236.7	2.623e3
1237.5	1.619e3
1238.3	2.635e3
1239.3	2.237e3
1240.2	4.115e3
1240.9	1.256e3
1241.6	4.388e3
1242.5	1.439e3
1243.4	3.524e3
1244.2	1.540e3
1245.1	3.129e3
1245.7	8.460e2
1246.4	3.351e3
1247.3	1.526e3
1248.2	3.617e3
1248.8	7.930e2
1249.5	3.347e3
1250.2	1.776e3
1251.1	2.719e3
1252.0	2.952e3
1252.6	1.700e1
1253.1	3.284e3
1253.6	7.000e1
1254.1	2.791e3
1254.7	2.340e2
1255.3	3.833e3
1256.3	2.368e3
1257.1	2.838e3
1257.7	1.570e2
1258.2	1.677e3
1259.2	3.101e3
1259.9	9.960e2
1260.6	3.416e3
1261.3	1.303e3
1262.1	2.730e3
1263.0	3.931e3
1263.6	1.780e2
1264.2	3.502e3
1264.7	6.900e1
1265.2	3.364e3
1266.0	1.799e3
1266.8	3.113e3
1267.8	2.065e3
1268.5	8.990e2
1269.2	7.233e3
1269.9	1.410e3
1270.5	5.690e2
1271.2	3.555e3
1271.7	1.570e2
1272.3	3.422e3
1273.0	1.387e3
1274.0	2.924e3
1274.5	3.600e1
1275.0	3.750e3
1275.6	5.280e2
1276.3	3.219e3
1277.2	2.793e3
1277.9	5.200e2
1278.6	3.500e3
1279.3	9.250e2
1280.0	2.147e3
1281.0	2.882e3
1281.9	3.586e3
1282.8	3.098e3
1283.7	2.428e3
1284.7	2.901e3
1285.6	2.934e3
1286.2	1.880e2
1286.8	2.786e3
1287.4	1.520e2
1287.9	2.873e3
1288.5	1.040e2
1289.0	4.477e3
1290.0	2.688e3
1290.6	5.140e2
1291.3	2.257e3
1291.9	4.980e2
1292.6	1.819e3
1293.5	3.722e3
1294.4	1.759e3
1295.2	3.762e3
1295.8	4.320e2
1296.4	3.593e3
1297.2	8.970e2
1298.0	1.888e3
1298.7	3.001e3
1299.7	1.976e3
1300.2	6.000e1
1300.7	2.398e3
1301.3	2.210e2
1301.8	3.376e3
1302.6	1.084e3
1303.3	3.537e3
1304.0	6.030e2
1304.6	2.897e3
1305.2	5.600e1
1305.7	2.102e3
1306.6	3.157e3
1307.3	8.530e2
1308.1	3.603e3
1309.2	3.488e3
1309.7	1.440e2
1310.3	3.199e3
1311.2	1.834e3
1311.7	2.280e2
1312.3	3.454e3
1313.3	2.378e3
1314.2	1.434e3
1314.9	2.335e3
1315.8	3.260e3
1316.7	1.635e3
1317.5	2.648e3
1318.2	6.560e2
1318.8	3.044e3
1319.7	2.374e3
1320.4	9.760e2
1321.1	1.930e3
1322.0	1.569e3
1323.0	2.891e3
1323.9	1.865e3
1324.7	2.374e3
1325.7	2.026e3
1326.5	1.468e3
1327.2	3.088e3
1327.9	3.690e2
1328.4	3.147e3
1329.0	2.550e2
1329.6	1.777e3
1330.2	8.000e1
1330.7	3.703e3
1331.5	1.599e3
1332.3	3.386e3
1333.0	1.603e3
1333.8	2.771e3
1334.4	2.200e1
1334.9	1.857e3
1335.7	2.911e3
1336.4	7.120e2
1337.1	4.365e3
1337.6	7.200e1
1338.2	3.232e3
1339.2	3.121e3
1339.8	2.560e2
1340.4	3.071e3
1341.2	1.191e3
1342.1	2.508e3
1342.7	4.810e2
1343.4	2.623e3
1344.1	1.439e3
1344.8	2.502e3
1345.8	2.433e3
1346.5	5.670e2
1347.2	2.240e3
1348.1	1.111e3
1348.8	3.043e3
1349.7	1.660e3
1350.5	3.010e3
1351.2	9.340e2
1351.9	3.091e3
1352.9	2.383e3
1353.8	3.089e3
1354.3	2.200e1
1354.9	2.540e3
1355.5	2.620e2
1356.1	1.765e3
1356.9	3.046e3
1357.9	2.741e3
1358.4	3.600e1
1358.9	1.347e3
1359.8	2.568e3
1360.6	6.960e2
1361.3	3.313e3
1362.3	1.679e3
1363.1	3.316e3
1363.6	1.400e1
1364.1	2.825e3
1364.7	9.800e1
1365.2	2.706e3
1365.7	3.040e2
1366.3	3.612e3
1366.9	6.370e2
1367.6	3.559e3
1368.4	1.150e3
1369.1	2.468e3
1369.6	5.600e1
1370.1	2.566e3
1370.9	1.540e3
1371.7	2.820e3
1372.2	2.800e1
1372.7	2.679e3
1373.4	8.140e2
1374.1	2.647e3
1374.8	2.430e2
1375.4	2.415e3
1376.4	4.762e3
1376.9	3.750e2
1377.5	3.400e3
1378.1	5.310e2
1378.8	2.122e3
1379.7	2.175e3
1380.4	3.870e2
1381.0	2.585e3
1382.0	3.241e3
1383.0	2.630e3
1384.0	2.460e3
1384.9	1.071e3
1385.8	2.301e3
1386.8	3.260e3
1387.4	3.150e2
1388.0	1.925e3
1389.0	2.250e3
1389.7	1.960e2
1390.2	3.059e3
1391.0	9.850e2
1391.7	3.145e3
1392.7	2.274e3
1393.7	1.925e3
1394.7	1.593e3
1395.6	2.879e3
1396.5	1.364e3
1397.1	2.804e3
1397.7	1.160e2
1398.2	1.916e3
1399.2	2.846e3
1399.8	1.620e2
1400.4	3.112e3
1401.4	1.388e3
1402.2	2.876e3
1403.0	2.243e3
1403.6	8.000e0
1404.1	3.028e3
1405.1	4.173e3
1405.9	2.150e3
1406.8	3.311e3
1407.4	1.570e2
1408.0	2.312e3
1408.5	1.500e1
1409.0	2.461e3
1410.0	2.410e3
1410.9	2.868e3
1411.7	1.984e3
1412.4	5.510e2
1413.1	2.830e3
1414.0	2.151e3
1414.6	1.560e2
1415.2	2.244e3
1416.1	2.829e3
1416.9	2.460e3
1417.5	5.500e1
1418.0	1.928e3
1419.1	2.924e3
1420.0	1.685e3
1420.8	1.280e3
1421.6	2.717e3
1422.6	2.276e3
1423.6	2.808e3
1424.1	1.030e2
1424.6	2.822e3
1425.6	1.919e3
1426.2	3.330e2
1426.8	2.631e3
1427.4	3.160e2
1427.9	2.643e3
1428.9	2.432e3
1429.9	1.612e3
1430.6	5.520e2
1431.3	2.908e3
1432.2	2.724e3
1433.1	1.571e3
1433.9	2.568e3
1434.9	2.848e3
1435.9	2.130e3
1436.9	2.443e3
1437.5	1.650e2
1438.0	2.188e3
1438.9	1.459e3
1439.7	2.808e3
1440.7	1.137e3
1441.5	2.072e3
1442.2	1.550e2
1442.7	1.868e3
1443.3	4.020e2
1443.9	2.971e3
1444.9	1.730e3
1445.8	2.982e3
1446.5	1.033e3
1447.3	2.503e3
1447.9	1.810e2
1448.5	3.078e3
1449.3	1.042e3
1449.8	2.100e1
1450.3	2.293e3
1451.2	1.971e3
1451.7	1.030e2
1452.2	2.915e3
1452.8	6.870e2
1453.5	2.291e3
1454.1	8.800e1
1454.7	2.179e3
1455.3	4.010e2
1455.8	3.024e3
1456.9	2.867e3
1457.8	2.981e3
1458.7	1.392e3
1459.2	1.030e2
1459.8	2.035e3
1460.4	3.140e2
1461.0	2.949e3
1461.6	1.270e2
1462.2	1.750e3
1463.0	3.403e3
1463.8	1.853e3
1464.8	2.895e3
1465.4	6.030e2
1466.0	2.185e3
1467.0	2.602e3
1468.0	3.030e3
1468.6	1.150e2
1469.2	1.623e3
1469.8	5.500e2
1470.5	2.264e3
1471.5	3.076e3
1472.5	2.449e3
1473.3	3.690e3
1474.3	3.308e3
1475.2	1.965e3
1476.0	2.825e3
1476.8	1.319e3
1477.6	2.768e3
1478.6	2.330e3
1479.6	2.352e3
1480.1	3.800e1
1480.6	2.073e3
1481.1	4.020e2
1481.8	2.335e3
1482.6	9.870e2
1483.2	2.404e3
1483.8	2.300e1
1484.3	1.188e3
1485.0	2.684e3
1486.0	2.114e3
1486.5	2.000e1
1487.0	2.834e3
1488.0	1.588e3
1488.6	3.570e2
1489.3	3.796e3
1490.2	1.805e3
1491.1	2.194e3
1491.8	3.950e2
1492.4	2.703e3
1493.0	3.040e2
1493.7	1.977e3
1494.4	4.910e2
1495.1	2.342e3
1496.0	3.116e3
1497.0	2.886e3
1498.0	1.878e3
1499.0	2.499e3
1499.5	4.900e1
1500.0	2.444e3
1500.7	6.660e2
1501.5	3.214e3
1502.3	8.210e2
1503.1	2.682e3
1503.9	8.550e2
1504.6	1.924e3
1505.4	1.417e3
1506.4	2.538e3
1507.3	1.228e3
1508.0	2.426e3
1508.7	4.500e2
1509.4	3.053e3
1510.3	1.751e3
1511.2	1.728e3
1512.1	3.067e3
1513.2	2.323e3
1514.1	2.810e3
1514.7	1.150e2
1515.2	2.289e3
1515.9	3.130e2
1516.5	2.170e3
1517.1	5.400e1
1517.6	2.112e3
1518.5	7.800e2
1519.2	2.700e3
1519.7	1.600e2
1520.3	3.119e3
1521.0	4.880e2
1521.6	1.517e3
1522.6	2.875e3
1523.1	3.750e2
1523.8	2.815e3
1524.3	1.580e2
1524.9	2.673e3
1525.8	1.419e3
1526.6	2.201e3
1527.6	2.521e3
1528.5	2.148e3
1529.5	3.010e3
1530.3	1.067e3
1531.0	2.573e3
1532.0	1.991e3
1533.1	1.608e3
1533.9	8.230e2
1534.6	2.488e3
1535.5	1.072e3
1536.2	2.579e3
1536.9	5.450e2
1537.5	2.287e3
1538.5	2.333e3
1539.5	2.486e3
1540.4	7.530e2
1541.3	3.089e3
1542.3	2.973e3
1543.2	2.406e3
1544.2	1.426e3
1545.0	3.381e3
1545.9	2.068e3
1546.5	6.460e2
1547.2	2.486e3
1547.8	2.370e2
1548.3	2.797e3
1549.1	1.123e3
1550.0	2.313e3
1551.0	2.916e3
1551.5	2.690e2
1552.0	3.287e3
1552.6	5.750e2
1553.2	2.099e3
1554.2	1.435e3
1555.0	2.916e3
1555.6	5.300e1
1556.1	1.771e3
1556.9	2.935e3
1557.9	2.186e3
1558.8	3.007e3
1559.4	4.450e2
1560.0	1.498e3
1561.0	2.850e3
1561.5	2.950e2
1562.1	2.208e3
1563.0	2.711e3
1563.5	7.000e1
1564.1	2.632e3
1565.1	2.136e3
1565.6	1.390e2
1566.1	3.454e3
1566.7	2.190e2
1567.3	2.851e3
1568.0	4.700e2
1568.6	1.654e3
1569.5	2.815e3
1570.1	6.400e1
1570.6	2.934e3
1571.2	3.030e2
1571.9	1.332e3
1572.9	2.800e3
1573.8	1.275e3
1574.6	3.148e3
1575.4	1.384e3
1576.1	2.560e3
1576.9	1.841e3
1577.9	6.050e2
1578.7	2.153e3
1579.2	2.000e1
1579.7	3.189e3
1580.6	2.407e3
1581.5	3.277e3
1582.0	4.100e1
1582.5	1.697e3
1583.5	2.344e3
1584.2	2.140e2
1584.7	1.184e3
1585.6	3.477e3
1586.4	1.580e3
1587.3	1.405e3
1588.2	2.398e3
1588.9	1.324e3
1589.8	2.247e3
1590.5	8.080e2
1591.3	1.410e3
1592.1	2.684e3
1592.8	8.820e2
1593.4	2.214e3
1594.1	3.680e2
1594.7	1.927e3
1595.8	2.187e3
1596.6	2.089e3
1597.2	3.580e2
1597.8	3.326e3
1598.7	1.742e3
1599.5	2.037e3
1600.1	1.760e2
1600.6	2.063e3
1601.6	1.605e3
1602.5	2.137e3
1603.5	2.683e3
1604.5	2.808e3
1605.2	7.220e2
1606.1	2.298e3
1606.7	1.800e2
1607.2	2.344e3
1608.0	2.937e3
1608.6	9.100e1
1609.1	3.119e3
1609.7	3.870e2
1610.3	2.332e3
1611.1	1.176e3
1612.0	3.132e3
1612.6	8.010e2
1613.5	2.131e3
1614.4	3.111e3
1615.4	1.772e3
1616.1	8.300e2
1617.0	1.685e3
1617.8	2.559e3
1618.5	1.364e3
1619.3	2.737e3
1620.1	1.374e3
1621.0	2.570e3
1622.0	2.510e3
1622.8	2.363e3
1623.8	1.504e3
1624.4	2.650e2
1625.1	2.365e3
1625.7	2.120e2
1626.2	2.127e3
1626.8	1.580e2
1627.4	2.563e3
1628.1	5.960e2
1628.8	2.548e3
1629.7	1.689e3
1630.4	4.210e2
1631.0	2.730e3
1631.6	1.320e2
1632.1	2.303e3
1633.0	8.570e2
1633.7	2.214e3
1634.3	4.700e2
1635.0	2.825e3
1635.5	1.200e1
1636.0	2.199e3
1636.8	6.880e2
1637.5	2.055e3
1638.3	1.539e3
1639.1	1.093e3
1640.0	3.400e3
1640.9	2.099e3
1641.8	1.630e3
1642.6	1.179e3
1643.2	5.700e2
1644.0	2.814e3
1644.6	1.130e2
1645.1	1.940e3
1645.8	5.940e2
1646.4	2.330e3
1647.2	1.215e3
1648.1	2.533e3
1648.9	1.339e3
1649.7	2.575e3
1650.6	8.510e2
1651.2	1.852e3
1651.8	7.200e1
1652.3	1.916e3
1653.1	1.639e3
1654.1	2.007e3
1654.7	8.090e2
1655.4	1.763e3
1656.3	1.747e3
1656.9	3.500e1
1657.4	2.414e3
1658.2	1.453e3
1659.1	2.651e3
1659.8	1.364e3
1660.8	2.372e3
1661.5	4.980e2
1662.3	2.628e3
1662.9	1.050e2
1663.4	1.811e3
1664.0	9.100e1
1664.6	1.348e3
1665.4	2.150e3
1666.4	1.944e3
1666.9	5.200e1
1667.4	2.736e3
1668.3	1.873e3
1668.8	3.320e2
1669.4	3.623e3
1670.4	2.135e3
1670.9	2.100e1
1671.4	2.314e3
1672.4	2.841e3
1672.9	5.000e1
1673.4	1.797e3
1674.4	2.585e3
1675.0	5.690e2
1675.7	2.416e3
1676.3	2.800e2
1676.9	2.872e3
1677.8	2.118e3
1678.5	1.253e3
1679.4	3.025e3
1680.3	1.740e3
1681.1	2.018e3
1681.7	1.050e2
1682.2	2.033e3
1683.1	1.896e3
1683.8	3.240e2
1684.5	2.558e3
1685.1	6.250e2
1685.7	2.452e3
1686.6	1.670e3
1687.4	2.783e3
1688.1	7.270e2
1688.7	2.569e3
1689.7	2.179e3
1690.2	3.400e1
1690.7	2.048e3
1691.2	5.000e1
1691.8	2.369e3
1692.7	2.571e3
1693.2	2.400e1
1693.7	1.465e3
1694.5	2.520e3
1695.1	2.570e2
1695.7	1.799e3
1696.3	5.910e2
1696.9	1.983e3
1697.6	2.510e2
1698.1	2.496e3
1698.6	4.000e0
1699.1	2.200e3
1700.0	1.388e3
1700.7	2.350e2
1701.3	2.543e3
1702.1	1.298e3
1703.2	2.987e3
1704.0	1.523e3
1704.6	3.330e2
1705.2	2.474e3
1706.2	2.658e3
1707.0	1.265e3
1708.0	2.038e3
1709.0	2.622e3
1709.9	2.132e3
1711.0	2.771e3
1711.9	1.899e3
1712.7	2.224e3
1713.7	3.111e3
1714.7	2.115e3
1715.5	1.102e3
1716.2	2.198e3
1717.1	2.127e3
1718.0	2.065e3
1719.0	1.743e3
1719.6	7.900e1
1720.1	2.237e3
1720.8	5.260e2
1721.5	1.573e3
1722.1	3.300e1
1722.6	2.333e3
1723.5	1.705e3
1724.5	1.614e3
1725.1	1.240e2
1725.7	1.896e3
1726.3	1.680e2
1726.8	1.824e3
1727.8	1.894e3
1728.4	3.660e2
1729.0	1.904e3
1729.8	2.679e3
1730.5	6.440e2
1731.2	2.465e3
1732.1	3.094e3
1733.0	1.224e3
1733.9	2.207e3
1734.8	1.919e3
1735.7	1.453e3
1736.6	2.426e3
1737.5	2.178e3
1738.1	5.700e1
1738.6	1.796e3
1739.3	6.290e2
1739.8	2.507e3
1740.7	8.960e2
1741.4	1.952e3
1741.9	6.000e0
1742.5	2.136e3
1743.5	2.298e3
1744.2	1.122e3
1744.8	2.578e3
1745.8	1.127e3
1746.7	2.236e3
1747.5	6.840e2
1748.2	2.397e3
1749.2	1.406e3
1750.2	1.574e3
1751.2	2.077e3
1751.8	2.940e2
1752.4	2.336e3
1753.4	2.798e3
1754.2	1.414e3
1755.1	3.013e3
1755.6	3.510e2
1756.3	1.996e3
1757.1	1.683e3
1758.0	1.733e3
1758.5	4.300e1
1759.0	2.160e3
1760.0	2.255e3
1760.9	6.350e2
1761.7	1.739e3
1762.3	3.950e2
1762.9	1.605e3
1763.9	2.722e3
1764.8	2.538e3
1765.6	1.388e3
1766.6	2.445e3
1767.5	1.639e3
1768.4	1.367e3
1769.3	1.762e3
1770.1	6.850e2
1770.8	2.238e3
1771.5	4.880e2
1772.2	2.512e3
1772.7	1.180e2
1773.2	2.162e3
1774.2	2.333e3
1774.8	1.060e2
1775.4	1.993e3
1776.4	1.696e3
1777.4	2.035e3
1778.0	6.200e1
1778.5	1.440e3
1779.1	1.940e2
1779.7	2.073e3
1780.5	2.541e3
1781.4	1.630e3
1782.3	1.693e3
1783.2	1.435e3
1783.7	8.000e1
1784.2	3.332e3
1784.8	2.730e2
1785.5	3.610e3
1786.3	5.950e2
1787.1	2.895e3
1787.7	5.300e1
1788.2	1.391e3
1788.9	4.940e2
1789.7	2.367e3
1790.7	1.764e3
1791.6	1.511e3
1792.6	2.066e3
1793.1	8.000e1
1793.6	2.020e3
1794.5	2.157e3
1795.4	1.829e3
1796.2	1.122e3
1797.0	1.633e3
1797.8	1.884e3
1798.5	3.940e2
1799.2	1.710e3
1800.2	2.599e3
1800.8	3.240e2
1801.5	2.217e3
1802.2	3.580e2
1802.9	2.994e3
1803.9	1.232e3
1804.5	4.310e2
1805.2	2.746e3
1806.0	1.018e3
1806.7	2.011e3
1807.6	5.900e2
1808.4	2.136e3
1808.9	1.250e2
1809.5	2.362e3
1810.5	2.279e3
1811.4	1.916e3
1812.1	5.180e2
1812.9	2.559e3
1813.8	3.138e3
1814.8	2.467e3
1815.8	2.283e3
1816.8	3.063e3
1817.7	2.351e3
1818.8	2.112e3
1819.5	7.170e2
1820.3	2.351e3
1821.1	1.414e3
1821.7	3.980e2
1822.3	1.896e3
1823.2	1.041e3
1824.1	1.680e3
1825.2	2.324e3
1826.2	1.250e3
1827.1	1.552e3
1827.7	5.440e2
1828.3	2.159e3
1829.2	1.379e3
1830.2	1.878e3
1831.1	2.333e3
1831.7	3.190e2
1832.3	2.086e3
1833.2	8.230e2
1833.9	2.670e3
1834.9	2.155e3
1835.7	1.529e3
1836.3	1.690e2
1836.8	9.730e2
1837.6	1.558e3
1838.5	1.906e3
1839.2	6.040e2
1839.9	2.064e3
1840.7	1.557e3
1841.3	1.720e2
1841.9	1.536e3
1842.4	1.900e1
1843.0	2.366e3
1843.7	3.390e2
1844.3	2.209e3
1844.9	1.790e2
1845.5	2.733e3
1846.0	5.000e1
1846.5	1.865e3
1847.0	8.900e1
1847.6	2.238e3
1848.2	3.520e2
1848.8	2.325e3
1849.4	1.000e1
1849.9	1.886e3
1850.7	7.730e2
1851.5	1.581e3
1852.1	3.980e2
1852.8	2.820e3
1853.8	2.215e3
1854.7	1.472e3
1855.7	1.498e3
1856.6	2.169e3
1857.4	1.354e3
1858.3	1.594e3
1859.0	3.090e2
1859.6	2.820e3
1860.2	1.660e2
1860.8	1.822e3
1861.6	1.057e3
1862.4	1.785e3
1863.4	1.592e3
1864.1	3.560e2
1864.7	2.875e3
1865.8	1.800e3
1866.4	1.510e2
1867.2	2.461e3
1867.7	8.000e0
1868.2	1.379e3
1869.0	1.842e3
1870.0	1.877e3
1870.6	5.930e2
1871.3	2.476e3
1871.9	3.550e2
1872.6	2.525e3
1873.6	2.412e3
1874.3	8.260e2
1875.2	1.689e3
1875.7	2.200e1
1876.2	1.315e3
1877.1	1.557e3
1878.1	2.013e3
1879.0	7.830e2
1879.8	2.136e3
1880.8	1.251e3
1881.8	2.788e3
1882.6	1.057e3
1883.4	6.800e2
1884.1	1.781e3
1884.7	3.510e2
1885.3	1.828e3
1886.2	2.006e3
1887.0	4.150e2
1887.7	2.773e3
1888.7	1.895e3
1889.5	1.206e3
1890.4	1.933e3
1891.0	4.710e2
1891.7	1.663e3
1892.7	1.515e3
1893.2	4.800e1
1893.7	9.280e2
1894.5	1.543e3
1895.5	2.647e3
1896.4	1.064e3
1897.2	1.838e3
1898.2	1.870e3
1898.8	6.800e1
1899.4	1.196e3
1900.1	8.280e2
1900.8	1.873e3
1901.7	2.268e3
1902.3	9.200e1
1902.9	2.614e3
1903.7	8.050e2
1904.8	1.541e3
1905.6	7.390e2
1906.3	1.273e3
1906.8	5.900e1
1907.4	1.639e3
1908.1	7.350e2
1909.0	9.530e2
1909.9	1.740e3
1910.4	2.790e2
1911.1	1.502e3
1912.1	5.070e2
1912.9	1.731e3
1913.6	7.320e2
1914.3	2.127e3
1915.0	7.050e2
1915.8	1.890e3
1916.4	3.410e2
1917.0	1.422e3
1917.9	1.177e3
1918.7	2.235e3
1919.2	6.200e1
1919.8	2.142e3
1920.6	9.240e2
1921.5	1.411e3
1922.5	1.119e3
1923.2	6.260e2
1923.8	1.817e3
1924.9	2.546e3
1925.7	9.570e2
1926.3	2.000e2
1927.0	1.278e3
1927.9	1.863e3
1928.7	8.600e1
1929.3	1.975e3
1929.8	3.800e1
1930.3	1.805e3
1930.9	9.200e1
1931.4	8.740e2
1932.1	9.820e2
1932.7	6.700e1
1933.2	1.777e3
1933.7	1.340e2
1934.2	1.234e3
1935.1	1.817e3
1936.1	1.674e3
1937.0	1.706e3
1937.8	1.026e3
1938.8	1.377e3
1939.5	9.140e2
1940.3	1.792e3
1941.4	2.184e3
1942.4	2.577e3
1943.1	4.810e2
1943.8	2.169e3
1944.6	7.570e2
1945.2	2.196e3
1946.2	1.524e3
1946.8	1.950e2
1947.3	2.240e3
1948.3	1.844e3
1949.3	2.169e3
1950.2	4.730e2
1951.0	1.127e3
1952.0	6.030e2
1952.9	2.127e3
1953.8	1.505e3
1954.7	1.911e3
1955.4	4.890e2
1956.2	1.010e3
1956.8	2.590e2
1957.4	2.087e3
1958.0	1.170e2
1958.5	2.078e3
1959.1	2.640e2
1959.8	2.520e3
1960.8	1.736e3
1961.7	7.680e2
1962.6	1.706e3
1963.1	1.400e1
1963.7	1.674e3
1964.5	9.670e2
1965.1	1.800e2
1965.6	1.951e3
1966.5	2.285e3
1967.2	7.400e2
1968.0	9.320e2
1968.8	2.102e3
1969.7	1.604e3
1970.7	1.090e3
1971.5	1.860e3
1972.5	1.808e3
1973.4	1.722e3
1974.1	3.430e2
1974.8	1.544e3
1975.8	2.434e3
1976.6	2.050e2
1977.2	1.821e3
1977.7	1.740e2
1978.3	1.491e3
1978.9	4.250e2
1979.7	1.550e3
1980.6	1.477e3
1981.4	2.654e3
1982.3	1.272e3
1983.1	1.394e3
1984.1	1.856e3
1984.7	2.170e2
1985.4	1.879e3
1986.2	7.740e2
1986.9	1.498e3
1987.6	2.270e2
1988.2	1.579e3
1988.8	1.410e2
1989.3	1.813e3
1990.4	1.553e3
1991.2	7.910e2
1991.9	1.607e3
1992.8	1.474e3
1993.6	4.660e2
1994.2	1.906e3
1994.8	1.360e2
1995.3	1.807e3
1996.3	1.140e3
1997.2	1.887e3
1998.0	6.390e2
1998.7	2.791e3
1999.6	1.361e3
