100.3	1.117e5
101.0	7.960e5
101.6	4.840e2
102.1	2.120e6
103.0	1.396e5
103.6	4.210e2
104.1	1.160e5
105.1	6.754e5
105.6	8.820e2
106.1	1.045e5
107.1	1.271e5
107.7	4.119e4
108.3	5.915e5
109.1	2.290e5
110.0	1.960e6
110.5	5.530e2
111.1	5.724e6
112.1	2.010e6
113.1	4.595e5
113.6	1.515e3
114.1	3.260e5
115.1	1.641e5
115.6	8.300e2
116.1	9.718e4
117.1	8.655e4
118.1	2.121e5
119.0	1.726e5
119.6	1.627e3
120.1	6.120e5
121.1	2.209e5
121.7	9.693e3
122.2	1.383e6
123.1	3.426e5
123.6	1.906e3
124.2	1.173e5
125.1	7.888e4
126.0	2.613e5
126.6	1.802e3
127.1	9.254e4
128.1	4.486e4
129.1	1.043e5
129.6	2.967e3
130.2	2.221e5
130.8	2.134e4
131.3	7.906e5
132.1	2.203e5
133.1	5.129e5
134.1	9.200e4
134.6	5.130e2
135.1	5.933e4
136.1	4.442e5
137.1	9.105e4
137.6	4.110e2
138.2	1.150e6
138.7	2.790e2
139.2	1.647e5
140.1	2.149e5
141.1	1.360e5
142.1	2.460e5
142.6	6.270e2
143.1	7.562e4
144.1	1.398e5
145.1	5.558e5
146.1	7.606e4
147.1	3.158e5
147.6	1.920e2
148.1	6.912e4
149.1	2.201e5
149.7	1.098e3
150.2	2.731e5
151.2	7.632e4
152.2	4.765e4
153.1	4.102e4
154.0	8.811e4
154.6	1.606e3
155.2	1.886e5
156.2	9.285e4
157.1	1.893e5
157.6	4.180e2
158.1	3.756e5
159.1	1.403e6
159.6	1.027e3
160.1	1.639e5
161.1	6.329e4
162.1	6.797e4
162.6	4.420e2
163.1	1.589e5
164.1	1.391e5
164.6	7.450e2
165.2	8.801e4
165.8	3.780e3
166.4	6.089e4
167.4	3.881e5
168.2	9.491e4
169.1	5.505e4
169.6	1.261e3
170.2	9.128e4
170.7	5.250e2
171.2	6.775e5
172.1	3.567e5
173.1	1.532e5
174.2	1.037e5
174.9	2.709e4
175.6	1.780e5
176.2	3.622e4
176.9	4.774e5
177.9	1.287e5
178.5	2.506e4
179.2	1.457e5
180.2	6.425e4
180.7	9.830e2
181.2	9.476e4
182.1	7.295e4
183.1	3.417e5
183.7	1.977e3
184.3	1.049e5
185.1	8.486e5
186.0	1.923e5
186.5	3.323e3
187.1	6.955e5
187.6	9.170e2
188.2	4.371e5
189.1	1.137e5
189.6	9.480e2
190.2	6.325e4
191.1	6.960e4
192.2	8.410e4
192.7	2.603e3
193.2	6.220e4
194.2	2.629e5
195.2	2.093e5
196.3	2.283e6
197.2	7.261e5
198.3	1.023e6
199.2	1.711e5
200.1	3.985e5
200.6	7.430e2
201.1	1.061e5
202.1	7.008e4
203.1	1.444e5
204.1	6.103e4
205.1	9.281e4
205.6	1.009e3
206.2	8.947e4
206.7	5.310e2
207.2	7.053e4
208.2	5.521e4
209.1	1.122e5
209.7	1.631e3
210.2	9.589e4
211.2	6.090e4
212.2	8.578e4
213.1	3.994e4
214.2	7.632e6
215.2	9.895e5
216.2	5.464e5
217.2	2.518e5
217.7	6.410e2
218.3	6.754e5
219.2	1.587e5
220.2	1.292e5
221.2	8.874e4
222.2	5.029e4
223.2	4.334e4
224.1	1.172e5
224.7	8.970e2
225.2	5.836e4
226.1	9.171e4
227.1	3.984e5
227.6	1.924e3
228.2	1.342e5
228.7	5.920e2
229.2	9.709e4
229.7	1.237e3
230.2	4.935e4
231.1	1.031e5
231.7	6.440e2
232.2	6.201e4
233.2	6.660e4
234.2	6.863e4
235.2	5.855e4
235.7	9.730e2
236.2	9.910e5
237.2	2.555e5
237.7	2.860e2
238.2	1.005e5
239.1	9.507e4
239.7	1.330e3
240.2	3.284e4
241.2	4.527e4
242.1	6.116e4
242.6	2.076e3
243.2	9.168e4
244.2	5.385e4
245.2	6.100e4
246.2	3.395e4
247.2	6.753e4
248.2	4.112e4
248.7	1.830e2
249.2	3.250e4
250.2	7.478e4
250.7	1.128e3
251.2	4.462e4
251.7	1.111e3
252.2	9.208e4
253.2	5.685e4
254.1	9.461e4
254.6	1.781e3
255.1	6.148e4
255.7	8.530e2
256.2	5.295e4
257.1	6.053e4
257.7	2.207e3
258.3	3.740e4
259.3	2.002e5
260.2	5.224e4
260.7	6.800e2
261.3	9.961e4
262.2	4.021e4
263.0	7.598e4
263.6	1.337e3
264.1	4.189e4
264.6	2.180e2
265.1	2.757e4
266.1	9.432e4
266.7	5.340e2
267.2	4.859e4
268.2	2.705e4
268.8	5.510e2
269.3	2.436e4
270.3	2.441e4
271.3	4.014e4
272.1	2.812e4
272.7	2.601e3
273.2	4.026e4
274.2	5.613e4
275.2	4.652e4
276.1	3.808e4
276.7	8.500e2
277.2	8.957e4
278.2	4.910e4
278.7	4.820e2
279.2	7.592e4
279.7	3.650e2
280.2	3.207e4
281.2	4.366e4
282.2	4.921e4
283.2	7.444e4
283.8	4.665e3
284.4	6.772e4
285.3	4.941e4
286.2	3.416e4
287.2	3.453e4
287.7	2.990e2
288.2	2.520e4
289.2	6.117e4
289.7	1.363e3
290.2	2.849e4
291.2	3.157e4
291.7	5.520e2
292.2	3.574e4
293.2	2.488e4
294.2	3.009e4
295.1	7.758e4
295.6	2.170e2
296.2	3.886e4
296.7	9.090e2
297.3	3.517e4
298.3	3.022e4
299.2	2.564e4
300.2	2.241e4
300.7	1.089e3
301.3	8.037e4
302.3	3.734e4
303.2	4.261e4
304.1	6.717e4
304.6	1.416e3
305.2	7.245e4
306.2	2.344e4
307.1	4.617e4
307.6	3.550e3
308.2	2.459e4
309.2	4.244e4
309.7	8.840e2
310.3	3.652e4
311.3	5.984e4
312.3	3.874e4
313.3	5.271e4
314.2	3.741e4
314.7	4.880e2
315.3	3.533e4
316.2	3.018e4
316.7	1.358e3
317.3	3.608e4
318.3	2.581e4
319.3	3.881e4
320.2	2.909e4
321.2	4.662e4
322.1	2.646e4
322.7	1.023e3
323.2	2.840e4
324.2	3.137e4
324.8	1.414e3
325.4	7.255e4
326.2	7.296e4
327.2	4.635e4
327.8	4.690e3
328.4	4.628e4
329.3	3.501e4
330.3	3.306e4
330.8	1.424e3
331.3	1.515e5
332.2	6.329e4
333.3	6.793e4
334.2	5.281e4
334.7	1.080e2
335.2	3.553e4
335.8	6.890e2
336.3	2.730e4
337.3	4.468e4
337.8	1.718e3
338.4	4.306e4
339.3	1.015e5
340.3	4.271e4
340.8	2.196e3
341.4	7.009e4
342.3	3.908e4
343.2	3.280e4
344.2	3.849e4
344.7	5.560e2
345.3	3.077e4
346.2	2.703e4
346.8	3.919e3
347.4	5.954e4
348.2	4.143e4
349.2	8.892e4
350.2	3.648e4
351.2	3.640e4
351.7	7.480e2
352.2	4.521e4
352.8	1.974e3
353.3	7.553e4
354.2	2.093e5
354.7	3.011e3
355.3	1.342e5
356.2	5.211e4
357.1	5.689e4
357.7	3.235e3
358.2	3.610e4
358.8	1.488e3
359.3	1.410e5
359.8	3.180e2
360.3	5.813e4
361.3	4.813e4
362.2	2.494e4
363.1	1.266e5
363.6	3.680e2
364.1	3.354e4
364.7	1.776e3
365.2	3.623e4
366.2	3.225e4
366.7	1.541e3
367.3	3.235e4
367.8	8.630e2
368.3	3.417e4
368.9	2.187e3
369.4	1.303e5
370.4	4.527e4
371.3	3.316e4
372.2	5.014e4
373.2	3.027e4
374.1	2.064e4
374.7	3.518e3
375.3	4.047e4
375.8	4.980e2
376.3	3.554e4
376.8	6.670e2
377.3	6.154e4
378.3	3.056e4
379.2	6.024e4
379.7	1.243e3
380.2	4.103e4
380.8	3.520e3
381.4	6.499e4
382.3	2.576e4
382.9	3.950e3
383.4	1.150e5
384.4	4.477e4
384.9	6.670e2
385.4	4.046e4
386.4	3.496e4
386.9	9.260e2
387.5	4.226e4
388.3	1.780e4
389.1	3.239e4
389.7	1.226e3
390.2	2.683e4
390.8	2.207e3
391.3	5.436e4
392.3	3.315e4
392.8	2.507e3
393.4	7.260e4
394.0	4.703e3
394.6	9.423e4
395.5	3.938e4
396.3	2.354e4
396.9	2.192e3
397.5	6.804e4
398.4	4.299e4
398.9	8.650e2
399.4	8.008e4
400.4	3.537e4
401.0	6.455e3
401.6	9.070e4
402.4	4.854e4
403.3	2.301e4
404.2	2.755e4
404.8	2.899e3
405.4	5.466e4
406.4	2.963e4
407.3	4.045e4
407.9	2.943e3
408.5	6.587e4
409.3	9.812e4
410.2	4.026e4
410.8	2.979e3
411.3	4.366e4
411.9	4.390e2
412.4	3.537e4
412.9	3.506e3
413.5	1.590e5
414.5	5.826e4
415.0	7.420e2
415.5	5.202e4
416.0	5.880e2
416.5	1.219e5
417.4	4.659e4
418.3	1.626e4
419.3	2.556e4
420.1	3.195e4
421.1	5.739e4
421.7	9.543e3
422.4	3.816e4
423.0	3.996e3
423.6	1.604e5
424.5	5.676e4
425.4	4.422e4
426.4	2.519e4
426.9	3.453e3
427.5	1.396e5
428.0	1.108e3
428.6	5.848e4
429.4	3.662e4
430.2	4.931e4
431.0	2.222e5
431.8	6.940e4
432.6	3.379e4
433.6	2.351e4
434.1	3.978e3
434.7	3.959e4
435.2	7.780e2
435.7	5.799e4
436.6	3.087e4
437.5	7.277e4
438.0	5.033e3
438.6	1.783e5
439.4	4.395e4
440.4	2.078e4
441.0	3.424e3
441.5	9.606e4
442.5	5.305e4
443.4	1.087e5
444.4	4.781e4
445.1	1.146e4
445.7	2.395e5
446.6	6.759e4
447.4	3.162e4
448.4	2.363e4
448.9	1.771e3
449.5	7.773e4
450.3	4.904e4
451.3	6.395e4
452.0	1.096e4
452.6	1.643e5
453.6	1.209e5
454.5	3.894e4
455.0	2.291e3
455.5	4.478e4
456.0	4.620e2
456.6	4.681e4
457.5	1.701e5
458.5	7.349e4
459.1	3.102e3
459.6	1.042e5
460.6	1.918e5
461.6	5.664e4
462.5	2.103e4
463.4	4.950e4
464.4	3.260e4
465.2	8.197e4
465.8	9.166e3
466.4	5.412e4
467.1	6.011e3
467.7	2.414e5
468.5	6.979e4
469.2	1.229e4
469.8	6.239e4
470.7	2.244e4
471.6	1.943e5
472.1	9.680e2
472.6	9.756e4
473.5	5.551e4
474.1	1.856e3
474.6	1.846e5
475.5	1.084e5
476.4	5.007e4
477.3	2.302e4
478.0	5.946e3
478.7	5.616e4
479.7	9.252e4
480.6	4.453e4
481.5	9.428e4
482.1	3.059e3
482.6	1.935e5
483.5	6.862e4
484.4	2.594e4
484.9	3.144e3
485.6	1.157e5
486.1	3.968e3
486.6	6.614e4
487.4	1.294e5
488.0	4.002e3
488.6	5.791e4
489.1	5.763e3
489.7	2.473e5
490.6	8.988e4
491.4	2.901e4
492.3	1.973e4
493.2	3.188e4
494.0	7.430e4
494.7	2.473e4
495.4	8.770e4
496.1	1.217e4
496.6	2.050e5
497.6	1.082e5
498.3	3.696e4
499.2	1.002e5
499.8	1.623e4
500.5	6.210e4
501.0	2.142e3
501.6	1.915e5
502.5	8.550e4
503.1	1.012e3
503.6	9.484e4
504.6	1.750e5
505.4	7.129e4
506.3	2.502e4
506.9	4.401e3
507.6	3.705e4
508.4	3.653e4
509.3	1.041e5
509.9	6.444e3
510.5	7.000e4
511.1	6.922e3
511.7	2.276e5
512.5	8.710e4
513.5	4.145e4
514.0	2.208e3
514.6	3.133e4
515.1	5.810e2
515.6	2.132e5
516.6	1.023e5
517.5	4.673e4
518.1	3.617e3
518.7	1.889e5
519.6	1.004e5
520.5	4.093e4
521.4	2.417e4
522.4	3.103e4
523.3	6.631e4
524.3	8.552e4
524.9	1.741e4
525.6	1.080e5
526.1	5.663e3
526.7	2.035e5
527.5	5.650e4
528.5	2.773e4
529.1	3.565e3
529.6	1.235e5
530.6	6.391e4
531.4	1.418e5
532.0	1.312e3
532.5	5.874e4
533.1	6.969e3
533.7	2.091e5
534.5	6.037e4
535.3	2.814e4
536.3	2.096e4
537.1	2.743e4
538.0	9.043e4
538.6	1.245e4
539.2	5.724e4
540.0	1.808e4
540.7	1.798e5
541.6	9.176e4
542.6	3.689e4
543.6	6.097e4
544.6	5.271e4
545.6	1.770e5
546.6	6.968e4
547.1	6.790e2
547.6	8.933e4
548.6	1.565e5
549.4	6.032e4
550.3	2.320e4
551.1	9.015e3
551.8	3.796e4
552.5	1.959e4
553.3	6.638e4
553.9	1.324e4
554.6	5.136e4
555.1	4.000e3
555.7	1.647e5
556.5	6.051e4
557.4	3.499e4
558.4	2.534e4
559.0	3.971e3
559.6	1.851e5
560.6	9.429e4
561.5	4.537e4
562.1	3.664e3
562.7	1.225e5
563.6	6.582e4
564.5	2.968e4
565.4	1.620e4
566.3	1.954e4
567.1	8.992e4
567.7	1.548e4
568.4	5.773e4
569.0	7.548e3
569.6	6.239e4
570.2	2.487e3
570.7	1.141e5
571.5	5.329e4
572.5	1.943e4
573.1	1.993e3
573.6	1.064e5
574.7	5.309e4
575.5	9.649e4
576.1	4.800e2
576.6	4.973e4
577.6	1.568e5
578.4	7.342e4
579.3	2.685e4
580.2	1.720e4
581.2	1.959e4
582.0	5.465e4
583.0	4.177e4
583.8	2.403e4
584.7	1.009e5
585.7	6.026e4
586.5	2.492e4
587.1	1.719e3
587.7	4.937e4
588.6	3.014e4
589.1	1.976e3
589.7	1.259e5
590.6	6.172e4
591.2	1.622e3
591.7	5.327e4
592.3	5.792e3
592.8	9.341e4
593.7	2.873e4
594.6	1.786e4
595.1	1.824e3
595.7	2.700e4
596.5	1.504e4
597.2	5.056e4
597.9	1.777e4
598.7	4.395e4
599.7	1.118e5
600.5	3.822e4
601.5	3.633e4
602.5	1.838e4
603.1	3.196e3
603.7	1.444e5
604.7	7.416e4
605.2	1.203e3
605.7	4.441e4
606.7	6.276e4
607.6	3.874e4
608.5	2.304e4
609.4	1.706e4
610.0	3.322e3
610.6	1.588e4
611.5	3.651e4
612.5	4.355e4
613.1	4.914e3
613.8	4.184e4
614.8	6.714e4
615.7	3.263e4
616.6	1.646e4
617.1	1.123e3
617.7	9.381e4
618.2	1.122e3
618.7	5.581e4
619.6	7.186e4
620.6	3.167e4
621.2	3.730e3
621.8	6.883e4
622.6	2.382e4
623.5	1.295e4
624.2	1.884e3
624.8	1.130e4
625.7	3.119e4
626.4	1.138e4
627.0	3.615e4
627.9	1.164e4
628.7	5.804e4
629.7	3.424e4
630.7	1.888e4
631.2	1.350e2
631.7	4.203e4
632.2	2.210e2
632.7	2.411e4
633.7	1.119e5
634.2	3.901e3
634.8	8.070e4
635.8	3.863e4
636.8	4.785e4
637.6	1.769e4
638.6	1.185e4
639.5	1.335e4
640.5	1.555e4
641.4	3.003e4
642.1	8.050e3
642.8	2.929e4
643.7	6.128e4
644.6	2.316e4
645.5	2.637e4
646.1	1.652e3
646.7	2.081e4
647.7	1.217e5
648.7	5.930e4
649.7	3.207e4
650.2	1.362e3
650.8	3.604e4
651.8	2.041e4
652.7	1.106e4
653.7	1.208e4
654.2	8.880e2
654.8	1.147e4
655.7	3.350e4
656.7	2.915e4
657.7	2.414e4
658.2	2.025e3
658.8	4.018e4
659.7	1.889e4
660.2	1.220e3
660.8	1.497e4
661.7	8.648e4
662.7	3.935e4
663.7	9.243e4
664.7	4.225e4
665.2	1.821e3
665.8	3.950e4
666.3	1.140e2
666.8	1.977e4
667.7	1.466e4
668.6	1.226e4
669.1	3.130e2
669.7	2.211e4
670.6	2.439e4
671.5	1.771e4
672.2	2.715e3
672.8	3.370e4
673.3	1.651e3
673.9	2.965e4
674.7	1.395e4
675.2	2.910e2
675.7	4.117e4
676.3	1.177e3
676.8	2.589e4
677.8	9.654e4
678.7	4.038e4
679.7	2.795e4
680.7	2.658e4
681.6	1.017e4
682.5	1.145e4
683.1	1.380e2
683.6	1.138e4
684.5	1.780e4
685.1	2.107e3
685.7	3.268e5
686.2	2.760e2
686.7	1.796e5
687.7	7.014e4
688.6	2.589e4
689.1	2.960e2
689.7	2.362e4
690.2	3.890e2
690.7	1.234e4
691.2	5.360e2
691.7	9.707e4
692.2	1.121e3
692.8	5.992e4
693.7	2.402e4
694.3	1.166e3
694.9	1.992e4
695.8	1.481e4
696.3	2.410e2
696.9	9.998e3
697.8	8.523e3
698.8	1.116e4
699.7	1.834e4
700.7	2.602e4
701.7	3.963e4
702.3	4.132e3
702.9	5.634e4
703.8	2.338e4
704.7	1.326e4
705.2	7.830e2
705.7	7.780e4
706.7	3.610e4
707.7	5.093e4
708.2	2.278e3
708.7	7.698e4
709.2	7.950e2
709.7	4.358e4
710.7	1.700e4
711.7	1.177e4
712.2	5.200e1
712.7	9.617e3
713.7	1.684e4
714.2	3.142e3
714.9	2.027e4
715.8	1.256e4
716.8	2.479e4
717.3	6.220e2
717.8	2.011e4
718.8	1.051e4
719.7	3.932e4
720.7	2.297e4
721.2	7.300e1
721.7	8.066e4
722.3	5.660e2
722.8	4.644e4
723.7	1.436e4
724.5	2.750e4
725.0	1.350e3
725.5	3.007e4
726.0	8.890e2
726.6	7.771e4
727.2	2.330e2
727.7	4.174e4
728.3	9.600e2
728.8	3.092e4
729.7	1.441e4
730.3	6.370e2
730.8	2.259e4
731.3	3.290e2
731.9	2.100e4
732.8	1.252e4
733.8	2.116e4
734.3	5.850e2
734.9	1.383e4
735.8	9.184e4
736.3	5.710e2
736.8	5.197e4
737.8	2.464e4
738.3	4.440e2
738.8	1.915e4
739.7	1.100e4
740.7	1.140e4
741.4	2.622e3
742.1	2.176e4
742.9	8.563e3
743.8	1.432e4
744.3	2.740e2
744.8	2.209e4
745.8	1.781e4
746.3	4.760e2
746.8	1.742e4
747.7	1.010e4
748.5	1.563e4
749.1	3.202e3
749.8	7.699e4
750.7	3.761e4
751.7	3.911e4
752.2	7.200e2
752.8	2.186e4
753.7	2.391e4
754.7	1.714e4
755.6	1.085e4
756.6	1.056e4
757.2	1.859e3
757.8	1.543e4
758.3	2.350e2
758.8	1.850e4
759.7	1.634e4
760.3	2.455e3
760.9	2.373e4
761.8	1.497e4
762.3	3.980e2
762.9	1.050e4
763.8	3.398e4
764.3	1.600e1
764.8	2.147e4
765.8	6.067e4
766.8	3.383e4
767.3	1.858e3
767.9	1.725e4
768.6	2.110e3
769.2	1.490e4
770.1	6.577e3
771.0	2.831e4
771.9	1.472e4
772.8	1.079e4
773.8	1.672e4
774.3	1.450e3
774.9	1.994e4
775.8	1.105e4
776.7	1.331e4
777.2	3.520e2
777.8	1.423e4
778.7	1.174e4
779.3	3.900e1
779.8	7.212e4
780.3	6.590e2
780.9	4.018e4
781.8	1.566e4
782.3	1.540e2
782.8	1.288e4
783.3	7.870e2
783.9	1.249e4
784.5	3.140e2
785.0	1.083e4
785.8	6.720e3
786.7	1.060e4
787.2	6.340e2
787.8	1.558e4
788.3	9.880e2
788.9	1.778e4
789.8	1.072e4
790.7	1.211e4
791.5	2.018e4
792.1	4.220e2
792.6	1.564e4
793.2	2.030e3
793.8	5.323e4
794.8	2.717e4
795.8	2.553e4
796.3	6.190e2
796.8	1.503e4
797.4	1.340e2
797.9	1.235e4
798.8	7.021e3
799.4	2.380e2
799.9	1.028e4
800.8	6.812e3
801.7	1.655e4
802.3	1.249e3
802.9	1.719e4
803.8	1.370e4
804.3	3.560e2
804.9	1.672e4
805.5	1.465e3
806.1	9.084e3
806.9	6.892e3
807.8	2.543e4
808.8	1.906e4
809.3	2.360e2
809.9	5.109e4
810.9	2.672e4
811.8	1.339e4
812.7	6.267e3
813.7	1.047e4
814.6	6.348e3
815.5	9.513e3
816.3	3.270e3
817.0	8.653e3
817.9	8.839e3
818.4	6.480e2
819.0	1.845e4
819.9	1.002e4
820.9	7.923e3
821.8	1.454e4
822.3	1.500e2
822.9	1.040e4
823.8	4.636e4
824.9	2.670e4
825.4	4.460e2
825.9	1.808e4
826.9	8.136e3
827.9	8.716e3
828.6	2.941e3
829.3	8.634e3
829.9	1.186e3
830.5	9.452e3
831.1	1.138e3
831.8	1.088e4
832.3	1.370e2
832.8	1.285e4
833.8	1.046e4
834.3	2.330e2
834.8	8.418e3
835.7	1.247e4
836.3	1.013e3
836.8	8.543e3
837.8	3.494e4
838.4	2.227e3
839.0	3.288e4
839.9	1.942e4
840.4	5.300e1
840.9	1.483e4
841.9	8.343e3
842.7	1.014e4
843.3	1.292e3
843.9	8.715e3
844.8	6.554e3
845.8	9.550e3
846.4	3.430e2
846.9	9.588e3
847.8	1.454e4
848.3	3.370e2
848.9	1.398e4
849.8	1.036e4
850.4	3.780e2
850.9	6.192e3
851.8	1.816e4
852.4	5.170e2
852.9	1.206e4
853.9	3.033e4
854.8	1.800e4
855.4	5.580e2
855.9	1.152e4
856.4	3.020e2
856.9	7.198e3
857.9	6.240e3
858.8	1.106e4
859.5	1.591e3
860.1	8.484e3
860.9	4.913e3
861.8	1.173e4
862.4	1.180e2
862.9	9.880e3
863.8	8.288e3
864.3	4.310e2
864.9	7.633e3
865.8	1.058e4
866.4	1.212e3
867.0	7.864e3
867.9	3.154e4
868.5	7.000e1
869.0	1.999e4
869.9	1.139e4
870.6	1.470e3
871.2	9.555e3
872.1	6.408e3
873.1	1.025e4
873.8	4.871e3
874.7	7.720e3
875.2	2.320e2
875.7	8.832e3
876.3	1.215e3
876.9	1.288e4
877.6	1.075e3
878.1	1.512e4
879.2	9.005e3
880.1	9.700e3
881.0	6.706e3
881.9	2.076e4
882.4	2.030e2
882.9	1.357e4
883.9	1.380e4
884.4	2.180e2
885.0	1.060e4
885.5	6.740e2
886.0	7.827e3
886.9	5.712e3
887.9	6.568e3
888.4	4.870e2
889.0	5.936e3
890.0	1.115e4
890.9	6.505e3
891.8	8.378e3
892.8	1.215e4
893.3	7.300e1
893.9	9.079e3
894.8	6.003e3
895.4	7.060e2
895.9	1.437e4
896.9	8.731e3
897.9	1.864e4
898.4	2.650e2
898.9	1.402e4
899.9	6.215e3
900.4	5.900e1
900.9	5.229e3
901.5	2.180e2
902.0	8.468e3
902.7	2.868e3
903.5	8.766e3
904.1	1.880e3
904.8	6.137e3
905.3	4.340e2
905.9	8.608e3
906.5	1.200e2
907.0	1.569e4
908.0	9.454e3
908.9	4.610e3
909.8	7.950e3
910.7	8.602e3
911.4	2.123e3
912.0	2.189e4
912.9	1.401e4
913.9	1.098e4
914.5	4.330e2
915.1	5.915e3
916.1	5.280e3
916.6	7.410e2
917.2	7.627e3
918.1	3.485e3
918.6	1.070e2
919.1	7.276e3
919.7	1.700e2
920.2	7.038e3
920.7	2.290e2
921.2	8.090e3
922.0	4.130e3
922.8	7.645e3
923.4	7.870e2
923.9	7.585e3
924.5	2.560e2
925.1	5.276e3
925.9	1.407e4
926.9	1.136e4
927.9	1.078e4
928.4	2.460e2
928.9	6.963e3
929.5	7.500e2
930.1	6.644e3
930.9	3.761e3
931.5	6.620e2
932.1	5.255e3
933.0	7.513e3
934.0	8.393e3
934.6	9.780e2
935.2	7.570e3
936.0	4.952e3
936.9	7.977e3
937.6	1.556e3
938.2	7.058e3
939.0	4.064e3
939.9	1.325e4
940.4	1.720e2
940.9	9.823e3
941.8	1.558e4
942.8	1.026e4
943.4	1.248e3
943.9	5.855e3
944.9	5.867e3
945.5	3.810e2
946.1	9.974e3
947.0	6.543e3
948.0	6.656e3
948.6	4.850e2
949.2	8.065e3
950.0	5.039e3
951.0	8.362e3
951.5	3.650e2
952.1	7.332e3
952.9	3.528e3
953.8	7.498e3
954.7	5.196e3
955.4	1.183e3
956.0	1.722e4
957.0	1.028e4
957.9	8.546e3
958.9	7.619e3
959.9	8.153e3
960.9	4.716e3
961.5	8.730e2
962.1	7.295e3
963.1	4.582e3
964.0	7.948e3
965.0	7.093e3
965.9	8.710e3
966.8	5.633e3
967.7	7.084e3
968.4	1.375e3
969.1	6.034e3
970.1	1.506e4
971.1	9.869e3
972.0	7.891e3
972.5	1.170e2
973.0	6.348e3
973.9	7.159e3
974.5	9.930e2
975.1	1.129e4
976.0	5.438e3
976.8	5.135e3
977.4	4.340e2
978.0	7.262e3
978.5	2.810e2
979.0	5.960e3
980.0	7.097e3
980.5	5.360e2
981.0	6.284e3
981.9	5.844e3
982.9	7.803e3
983.9	9.378e3
984.5	8.560e2
985.0	8.472e3
986.0	1.020e4
986.6	9.260e2
987.2	9.680e3
988.1	5.803e3
988.6	1.427e3
989.3	7.795e3
990.1	3.601e3
991.0	6.265e3
991.5	2.080e2
992.0	6.677e3
992.9	4.813e3
993.5	2.440e2
994.1	5.165e3
995.0	5.809e3
995.6	1.070e2
996.1	6.787e3
997.1	5.565e3
998.0	6.422e3
999.0	7.819e3
999.9	1.204e4
1000.4	1.310e2
1000.9	9.911e3
1001.8	6.167e3
1002.7	5.544e3
1003.7	6.976e3
1004.7	4.647e3
1005.4	1.099e3
1006.1	4.280e3
1007.0	6.214e3
1007.9	3.788e3
1008.5	3.540e2
1009.0	6.749e3
1009.6	9.130e2
1010.3	6.080e3
1011.1	5.555e3
1012.0	6.439e3
1012.6	5.120e2
1013.2	5.419e3
1014.1	1.350e4
1015.1	7.585e3
1016.1	8.024e3
1017.0	9.725e3
1018.0	6.601e3
1019.0	4.593e3
1019.9	6.173e3
1020.9	5.784e3
1021.9	3.107e3
1022.7	5.171e3
1023.4	1.133e3
1024.0	6.976e3
1025.0	5.771e3
1025.6	3.550e2
1026.2	6.404e3
1027.0	3.667e3
1027.8	9.605e3
1028.7	5.248e3
1029.4	1.293e3
1030.0	1.137e4
1031.0	8.171e3
1031.8	2.048e3
1032.5	6.349e3
1033.2	2.827e3
1034.0	6.164e3
1035.0	4.464e3
1035.9	4.465e3
1036.9	6.645e3
1037.4	2.900e1
1037.9	6.747e3
1038.8	5.648e3
1039.4	6.470e2
1040.0	7.131e3
1041.1	4.043e3
1042.0	6.169e3
1042.6	2.860e2
1043.1	1.221e4
1044.1	1.180e4
1045.0	6.751e3
1045.9	9.260e3
1046.8	4.564e3
1047.8	5.507e3
1048.6	4.738e3
1049.5	2.432e3
1050.2	4.861e3
1050.8	1.089e3
1051.5	5.536e3
1052.1	8.590e2
1052.7	6.795e3
1053.3	1.035e3
1054.0	3.676e3
1054.9	5.738e3
1055.5	1.160e2
1056.0	8.267e3
1056.5	9.600e1
1057.0	8.202e3
1058.0	6.570e3
1058.5	2.910e2
1059.1	5.955e3
1060.1	7.259e3
1061.0	5.650e3
1061.9	4.755e3
1062.8	5.143e3
1063.3	6.080e2
1063.8	3.895e3
1064.8	5.789e3
1065.7	2.169e3
1066.5	4.500e3
1067.4	6.915e3
1068.3	3.566e3
1069.1	7.842e3
1069.7	3.800e2
1070.3	6.365e3
1070.9	1.257e3
1071.5	8.119e3
1072.5	5.778e3
1073.2	2.207e3
1074.0	6.804e3
1074.5	6.200e1
1075.0	5.900e3
1075.9	7.538e3
1076.5	1.310e2
1077.0	8.251e3
1077.7	2.416e3
1078.4	5.797e3
1079.2	2.325e3
1080.0	7.293e3
1080.5	1.000e1
1081.0	4.883e3
1081.7	1.567e3
1082.4	8.448e3
1083.3	5.285e3
1084.1	4.266e3
1085.0	5.760e3
1085.5	6.400e1
1086.0	5.025e3
1087.0	5.940e3
1087.5	1.660e2
1088.0	6.832e3
1088.9	4.181e3
1089.8	7.412e3
1090.6	1.895e3
1091.3	5.267e3
1091.8	6.250e2
1092.4	6.563e3
1093.0	4.140e2
1093.6	5.058e3
1094.3	1.946e3
1095.0	4.405e3
1095.9	3.806e3
1096.7	5.705e3
1097.6	3.898e3
1098.4	5.057e3
1099.0	1.870e3
1099.7	4.621e3
1100.4	8.110e2
1101.0	5.648e3
1101.5	2.400e1
1102.0	5.198e3
1102.9	7.015e3
1103.6	1.414e3
1104.3	4.455e3
1105.2	6.128e3
1106.2	4.834e3
1107.1	2.062e3
1107.9	3.832e3
1108.9	3.677e3
1109.4	2.260e2
1110.0	4.556e3
1110.5	4.690e2
1111.1	6.216e3
1112.0	4.801e3
1113.0	3.726e3
1113.8	5.088e3
1114.3	2.370e2
1114.9	5.259e3
1115.5	5.330e2
1116.1	4.937e3
1116.7	2.140e2
1117.2	6.017e3
1118.2	6.239e3
1119.2	7.516e3
1120.0	2.041e3
1120.7	6.506e3
1121.3	5.150e2
1121.8	5.787e3
1122.5	9.580e2
1123.2	3.175e3
1124.1	6.615e3
1124.9	1.902e3
1125.6	4.388e3
1126.2	6.780e2
1126.8	6.092e3
1127.4	3.930e2
1128.0	4.443e3
1128.9	4.930e3
1129.5	7.010e2
1130.1	5.267e3
1131.1	6.230e3
1132.1	8.485e3
1133.1	5.685e3
1134.0	4.187e3
1134.7	1.233e3
1135.3	6.493e3
1136.3	6.682e3
1137.0	1.440e3
1137.6	4.997e3
1138.6	3.261e3
1139.3	1.605e3
1140.2	5.207e3
1141.2	5.696e3
1142.1	5.594e3
1142.7	2.260e2
1143.2	5.905e3
1143.8	1.065e3
1144.5	4.029e3
1145.5	6.328e3
1146.5	5.973e3
1147.3	3.551e3
1148.3	5.761e3
1149.2	2.679e3
1150.0	5.416e3
1150.7	8.840e2
1151.4	5.552e3
1152.3	4.909e3
1153.3	5.616e3
1154.2	4.419e3
1154.7	1.820e2
1155.2	4.956e3
1156.1	2.650e3
1156.9	4.802e3
1157.6	6.950e2
1158.1	1.186e4
1159.1	8.756e3
1160.0	5.656e3
1161.0	3.911e3
1161.8	6.328e3
1162.4	1.169e3
1163.0	5.418e3
1163.7	7.650e2
1164.4	5.522e3
1165.2	7.346e3
1165.9	5.020e2
1166.4	5.342e3
1167.0	6.850e2
1167.6	5.029e3
1168.1	5.220e2
1168.7	5.361e3
1169.4	2.652e3
1170.3	4.454e3
1171.0	1.936e3
1171.9	4.053e3
1172.8	5.778e3
1173.6	1.867e3
1174.4	2.978e3
1175.4	7.291e3
1176.3	4.793e3
1177.1	4.309e3
1177.7	3.500e2
1178.3	4.905e3
1179.3	8.094e3
1180.1	2.273e3
1181.0	4.705e3
1181.9	3.577e3
1182.9	4.525e3
1183.9	5.449e3
1184.8	3.097e3
1185.4	7.860e2
1186.1	4.098e3
1187.0	6.036e3
1187.9	2.126e3
1188.7	6.011e3
1189.4	1.114e3
1190.1	5.947e3
1190.6	2.720e2
1191.2	4.307e3
1191.9	1.882e3
1192.7	4.929e3
1193.2	1.570e2
1193.8	4.730e3
1194.8	6.072e3
1195.8	4.840e3
1196.7	5.497e3
1197.6	3.268e3
1198.5	3.035e3
1199.3	2.709e3
1200.1	3.580e3
1201.0	5.147e3
1202.0	4.517e3
1203.0	5.695e3
1203.5	1.740e2
1204.1	5.146e3
1204.7	6.190e2
1205.3	6.634e3
1205.9	1.015e3
1206.6	5.598e3
1207.3	2.041e3
1208.1	4.837e3
1208.6	2.640e2
1209.2	3.082e3
1210.2	6.526e3
1211.1	4.304e3
1211.7	4.940e2
1212.4	4.336e3
1213.3	6.158e3
1214.1	3.009e3
1215.0	4.104e3
1215.7	1.000e3
1216.4	3.644e3
1217.2	6.459e3
1218.2	5.645e3
1218.9	2.176e3
1219.8	4.845e3
1220.3	2.900e2
1220.9	4.838e3
1221.9	5.261e3
1222.5	9.730e2
1223.1	4.224e3
1223.7	7.530e2
1224.3	3.757e3
1225.3	4.668e3
1226.2	4.256e3
1226.8	6.980e2
1227.4	4.636e3
1228.1	1.819e3
1228.8	4.790e3
1229.4	1.080e3
1230.2	4.829e3
1230.8	2.890e2
1231.3	3.023e3
1232.1	2.137e3
1232.9	4.400e3
1233.5	4.960e2
1234.2	5.550e3
1235.1	7.463e3
1235.9	2.119e3
1236.6	4.573e3
1237.5	4.054e3
1238.4	4.781e3
1239.3	2.767e3
1239.8	2.500e1
1240.4	3.394e3
1241.3	2.987e3
1242.1	1.950e3
1242.8	4.556e3
1243.3	2.940e2
1244.0	5.403e3
1244.8	9.120e2
1245.4	5.160e3
1246.1	1.787e3
1247.0	5.847e3
1247.9	4.187e3
1248.9	3.652e3
1249.5	4.880e2
1250.0	4.222e3
1251.0	4.971e3
1252.0	4.829e3
1253.0	5.644e3
1253.6	1.570e2
1254.1	2.451e3
1254.9	5.258e3
1255.9	2.805e3
1256.5	9.800e1
1257.0	4.939e3
1257.7	6.410e2
1258.3	4.420e3
1259.1	1.525e3
1259.9	4.269e3
1260.4	1.960e2
1261.0	5.030e3
1261.5	2.830e2
1262.1	3.236e3
1262.9	4.345e3
1263.8	2.937e3
1264.6	4.244e3
1265.2	1.075e3
1265.9	4.212e3
1266.8	3.978e3
1267.5	1.635e3
1268.2	3.569e3
1269.1	3.717e3
1270.1	2.447e3
1271.1	3.871e3
1271.6	3.450e2
1272.2	3.928e3
1273.2	4.413e3
1274.2	4.728e3
1275.0	1.540e3
1275.7	4.751e3
1276.8	5.733e3
1277.6	4.292e3
1278.5	2.031e3
1279.4	4.226e3
1280.2	1.539e3
1280.9	5.911e3
1281.8	2.847e3
1282.7	5.126e3
1283.6	2.072e3
1284.1	4.900e1
1284.7	4.222e3
1285.5	1.372e3
1286.2	6.608e3
1286.7	2.910e2
1287.2	5.821e3
1287.8	8.600e1
1288.3	4.818e3
1288.9	1.289e3
1289.5	4.099e3
1290.2	6.570e2
1290.8	5.002e3
1291.8	7.981e3
1292.6	1.253e3
1293.3	4.552e3
1293.9	8.140e2
1294.6	4.555e3
1295.2	3.770e2
1295.8	5.095e3
1296.8	5.366e3
1297.5	1.542e3
1298.2	3.797e3
1298.9	1.516e3
1299.6	4.264e3
1300.2	9.440e2
1300.8	5.540e3
1301.6	2.407e3
1302.4	4.209e3
1303.2	8.650e2
1303.9	4.315e3
1304.4	1.600e2
1304.9	4.325e3
1305.9	4.143e3
1306.8	4.456e3
1307.8	3.589e3
1308.6	3.773e3
1309.6	4.476e3
1310.2	5.970e2
1310.8	3.783e3
1311.5	8.580e2
1312.1	5.134e3
1312.9	1.563e3
1313.8	4.514e3
1314.8	5.187e3
1315.7	4.886e3
1316.3	9.170e2
1317.0	4.001e3
1317.5	5.000e1
1318.0	2.894e3
1318.6	7.900e1
1319.1	3.081e3
1319.7	4.580e2
1320.3	5.201e3
1321.3	3.126e3
1322.2	4.429e3
1323.2	2.581e3
1324.1	4.384e3
1325.0	2.118e3
1325.8	2.340e3
1326.7	4.356e3
1327.7	4.613e3
1328.3	7.310e2
1328.9	3.013e3
1329.6	6.790e2
1330.2	3.888e3
1331.0	2.090e3
1331.8	5.038e3
1332.5	6.690e2
1333.1	3.754e3
1333.7	1.830e2
1334.2	4.463e3
1335.1	5.541e3
1335.8	9.650e2
1336.4	3.355e3
1337.3	4.334e3
1337.8	6.200e1
1338.3	4.427e3
1339.0	5.660e2
1339.7	5.775e3
1340.3	5.500e2
1340.9	4.034e3
1341.4	1.480e2
1341.9	3.542e3
1342.5	1.084e3
1343.1	3.305e3
1344.1	5.875e3
1344.9	2.755e3
1345.5	3.040e2
1346.1	3.240e3
1347.1	4.287e3
1347.6	5.240e2
1348.2	2.765e4
1348.7	2.580e2
1349.3	2.210e4
1350.3	1.402e4
1350.9	9.160e2
1351.5	7.536e3
1352.5	3.833e3
1353.4	2.192e3
1354.2	6.613e3
1354.9	1.201e3
1355.6	4.234e3
1356.2	5.650e2
1356.8	5.105e3
1357.4	6.580e2
1358.0	5.871e3
1358.8	1.524e3
1359.5	5.373e3
1360.1	9.440e2
1360.7	2.549e3
1361.5	3.499e3
1362.3	6.280e2
1362.9	3.674e3
1363.7	1.093e3
1364.4	5.317e3
1365.4	5.153e3
1366.0	6.880e2
1366.7	4.682e3
1367.6	3.559e3
1368.6	5.020e3
1369.5	3.612e3
1370.0	1.140e2
1370.6	4.081e3
1371.3	1.762e3
1372.2	3.764e3
1373.0	1.991e3
1373.7	3.602e3
1374.3	1.360e2
1374.8	3.696e3
1375.7	1.288e3
1376.5	4.148e3
1377.5	2.694e3
1378.1	1.087e3
1378.8	3.904e3
1379.5	2.522e3
1380.4	5.151e3
1381.0	5.770e2
1381.6	3.862e3
1382.3	1.072e3
1382.9	4.040e3
1383.5	1.520e2
1384.0	5.317e3
1384.9	3.138e3
1385.8	3.349e3
1386.4	1.640e2
1386.9	3.347e3
1387.5	7.300e1
1388.1	4.646e3
1388.6	3.480e2
1389.2	4.291e3
1389.9	1.084e3
1390.6	4.269e3
1391.2	9.000e0
1391.7	4.138e3
1392.7	3.069e3
1393.4	1.644e3
1394.2	4.392e3
1395.0	2.393e3
1395.9	5.194e3
1396.8	2.323e3
1397.6	3.403e3
1398.5	5.237e3
1399.3	1.078e3
1400.0	3.327e3
1400.6	4.070e2
1401.2	3.869e3
1401.8	1.950e2
1402.3	2.890e3
1403.2	3.875e3
1403.9	1.171e3
1404.7	4.036e3
1405.4	1.643e3
1406.0	4.311e3
1406.8	1.795e3
1407.6	4.375e3
1408.3	1.239e3
1409.0	6.078e3
1409.8	3.865e3
1410.3	5.100e1
1410.8	3.818e3
1411.8	5.107e3
1412.6	2.095e3
1413.3	4.143e3
1414.0	1.132e3
1414.7	3.913e3
1415.5	2.150e3
1416.4	4.195e3
1417.3	3.049e3
1418.3	4.905e3
1419.0	1.229e3
1419.8	3.327e3
1420.3	3.320e2
1420.9	3.597e3
1421.5	6.190e2
1422.2	4.431e3
1423.1	4.852e3
1424.0	3.399e3
1424.9	2.429e3
1425.8	3.767e3
1426.7	2.145e3
1427.6	3.316e3
1428.5	4.741e3
1429.1	8.000e2
1429.8	3.055e3
1430.9	4.123e3
1431.5	7.500e2
1432.1	3.229e3
1433.1	2.274e3
1434.0	4.298e3
1434.7	1.218e3
1435.3	3.865e3
1435.9	3.040e2
1436.5	3.176e3
1437.5	2.933e3
1438.4	2.993e3
1439.0	3.850e2
1439.6	3.825e3
1440.7	2.901e3
1441.6	2.935e3
1442.4	2.648e3
1443.4	3.154e3
1443.9	1.210e2
1444.4	4.336e3
1445.3	1.546e3
1446.2	5.228e3
1447.0	3.605e3
1447.8	3.387e3
1448.8	3.971e3
1449.8	3.715e3
1450.5	2.063e3
1451.3	4.330e3
1451.9	9.800e1
1452.5	4.010e3
1453.2	1.476e3
1453.9	3.574e3
1454.8	4.102e3
1455.8	2.753e3
1456.6	4.736e3
1457.6	3.401e3
1458.4	2.013e3
1459.3	3.453e3
1460.0	4.140e2
1460.8	3.726e3
1461.3	1.640e2
1461.8	3.535e3
1462.3	2.380e2
1462.9	3.054e3
1463.8	4.132e3
1464.5	6.740e2
1465.2	3.357e3
1466.2	2.056e3
1466.7	7.300e1
1467.2	3.676e3
1468.1	2.914e3
1469.0	3.442e3
1469.6	3.260e2
1470.1	3.181e3
1471.0	3.489e3
1471.6	3.200e1
1472.1	2.385e3
1472.8	5.890e2
1473.5	4.455e3
1474.4	1.164e3
1475.0	3.409e3
1475.7	9.710e2
1476.4	4.293e3
1477.1	9.410e2
1477.8	2.898e3
1478.6	1.763e3
1479.4	3.665e3
1480.2	2.539e3
1480.9	1.169e3
1481.6	3.883e3
1482.4	1.485e3
1483.2	3.502e3
1483.7	2.740e2
1484.3	3.500e3
1485.3	2.717e3
1486.2	5.483e3
1487.0	2.897e3
1488.0	3.151e3
1488.6	4.750e2
1489.4	4.120e3
1490.0	1.448e3
1490.7	4.982e3
1491.3	1.346e3
1492.1	3.936e3
1493.0	2.831e3
1493.6	4.080e2
1494.2	2.045e3
1494.7	1.250e2
1495.3	4.976e3
1495.8	8.800e1
1496.3	3.904e3
1496.9	6.190e2
1497.6	3.904e3
1498.6	2.457e3
1499.2	1.041e3
1499.9	1.858e3
1500.7	3.170e3
1501.2	1.520e2
1501.7	3.050e3
1502.7	4.319e3
1503.5	1.578e3
1504.4	4.112e3
1505.2	2.408e3
1506.1	2.798e3
1507.1	2.553e3
1508.0	3.285e3
1509.0	2.409e3
1509.9	1.984e3
1510.7	2.652e3
1511.4	4.140e2
1512.0	3.926e3
1512.5	1.320e2
1513.1	4.369e3
1513.7	6.920e2
1514.4	4.630e3
1515.2	4.218e3
1516.1	2.576e3
1516.9	1.570e3
1517.8	3.187e3
1518.4	6.000e0
1518.9	2.756e3
1519.6	4.590e3
1520.5	1.904e3
1521.4	4.121e3
1522.3	2.865e3
1522.9	4.800e1
1523.5	2.534e3
1524.1	8.290e2
1524.8	3.034e3
1525.6	1.142e3
1526.3	3.877e3
1527.1	2.556e3
1527.9	1.383e3
1528.5	3.964e3
1529.1	1.970e2
1529.6	2.758e3
1530.1	4.700e1
1530.7	1.545e3
1531.4	1.305e3
1532.1	4.774e3
1532.8	2.237e3
1533.7	2.752e3
1534.3	5.750e2
1535.0	4.551e3
1535.9	2.673e3
1536.8	4.324e3
1537.7	1.759e3
1538.6	3.173e3
1539.6	3.552e3
1540.5	4.225e3
1541.4	2.036e3
1542.2	2.324e3
1542.9	1.267e3
1543.7	2.590e3
1544.6	2.254e3
1545.5	4.755e3
1546.1	5.910e2
1546.6	2.843e3
1547.6	4.359e3
1548.6	2.922e3
1549.6	4.164e3
1550.5	2.724e3
1551.4	2.303e3
1552.3	5.060e3
1553.1	1.813e3
1553.7	1.512e3
1554.5	4.133e3
1555.4	2.808e3
1556.2	2.747e3
1557.2	3.512e3
1557.8	7.910e2
1558.6	2.681e3
1559.1	1.000e1
1559.6	3.318e3
1560.2	5.110e2
1560.8	4.389e3
1561.7	3.447e3
1562.3	6.140e2
1563.0	3.250e3
1563.6	2.800e1
1564.1	3.826e3
1564.7	5.680e2
1565.4	2.421e3
1566.1	5.490e2
1566.8	3.091e3
1567.6	9.030e2
1568.3	2.667e3
1569.0	1.401e3
1569.8	3.125e3
1570.5	7.880e2
1571.2	3.523e3
1571.7	2.340e2
1572.3	3.115e3
1573.3	3.058e3
1574.3	3.383e3
1575.2	1.962e3
1576.0	3.699e3
1576.7	1.356e3
1577.5	4.170e3
1578.3	9.630e2
1579.0	3.025e3
1579.6	1.400e2
1580.3	4.765e3
1581.0	1.001e3
1581.8	3.527e3
1582.4	2.770e2
1582.9	3.256e3
1583.7	4.351e3
1584.6	2.493e3
1585.5	2.938e3
1586.2	8.920e2
1586.9	3.849e3
1587.8	2.235e3
1588.8	1.926e3
1589.7	2.121e3
1590.5	1.239e3
1591.3	2.633e3
1591.9	2.130e2
1592.4	2.975e3
1593.2	1.088e3
1594.0	4.168e3
1594.9	2.813e3
1595.5	4.520e2
1596.1	2.131e3
1597.1	3.586e3
1597.9	2.834e3
1598.9	1.855e3
1599.9	3.700e3
1600.4	1.770e2
1600.9	2.941e3
1601.9	2.110e3
1602.8	2.603e3
1603.8	3.598e3
1604.6	6.980e2
1605.3	2.282e3
1605.8	6.500e1
1606.3	2.530e3
1607.2	3.132e3
1608.2	3.213e3
1609.2	1.882e3
1610.0	3.629e3
1610.7	1.248e3
1611.5	3.464e3
1612.1	1.350e2
1612.7	2.299e3
1613.5	2.921e3
1614.1	2.910e2
1614.8	3.323e3
1615.4	5.500e1
1616.0	3.765e3
1617.0	3.043e3
1617.8	1.225e3
1618.6	2.407e3
1619.5	4.076e3
1620.4	1.874e3
1621.2	3.533e3
1622.0	1.221e3
1622.7	3.282e3
1623.7	2.539e3
1624.3	2.020e2
1624.8	3.337e3
1625.7	1.563e3
1626.5	3.081e3
1627.1	6.000e0
1627.6	3.863e3
1628.2	4.750e2
1628.8	2.992e3
1629.4	2.490e2
1629.9	2.484e3
1630.7	2.063e3
1631.5	1.341e3
1632.3	3.197e3
1633.2	1.452e3
1634.1	2.259e3
1635.1	2.950e3
1636.1	3.299e3
1636.9	1.345e3
1637.8	3.358e3
1638.5	9.400e2
1639.2	3.485e3
1640.2	2.554e3
1641.1	3.051e3
1641.9	1.456e3
1642.8	3.043e3
1643.8	2.680e3
1644.4	1.358e3
1645.1	3.040e3
1645.9	1.602e3
1646.7	4.171e3
1647.6	1.981e3
1648.4	3.670e3
1649.0	6.150e2
1649.8	2.799e3
1650.8	3.540e3
1651.7	2.921e3
1652.7	3.216e3
1653.6	2.048e3
1654.5	1.977e3
1655.4	4.064e3
1656.4	2.611e3
1657.0	2.020e2
1657.7	3.134e3
1658.5	1.754e3
1659.4	2.120e3
1660.0	2.740e2
1660.7	2.582e3
1661.6	2.798e3
1662.1	9.000e1
1662.6	2.558e3
1663.1	4.600e1
1663.6	2.062e3
1664.5	2.053e3
1665.1	2.990e2
1665.7	2.568e3
1666.5	7.740e2
1667.2	3.058e3
1667.9	9.790e2
1668.5	3.284e3
1669.2	5.440e2
1669.8	3.206e3
1670.3	3.940e2
1670.9	2.606e3
1671.8	3.006e3
1672.9	2.767e3
1673.4	1.940e2
1673.9	3.786e3
1674.6	1.269e3
1675.3	2.735e3
1676.0	8.100e2
1676.7	2.505e3
1677.6	2.111e3
1678.5	2.696e3
1679.1	7.020e2
1679.9	2.592e3
1680.7	1.647e3
1681.4	2.758e3
1682.0	2.710e2
1682.7	2.289e3
1683.4	2.560e2
1684.0	3.107e3
1684.8	3.990e2
1685.4	3.582e3
1686.4	3.427e3
1687.4	2.414e3
1688.3	2.691e3
1688.9	6.420e2
1689.4	3.407e3
1690.1	7.150e2
1690.8	2.753e3
1691.4	3.170e2
1692.0	2.556e3
1692.9	3.614e3
1693.6	1.003e3
1694.2	3.473e3
1695.0	1.216e3
1695.8	3.091e3
1696.5	9.940e2
1697.2	2.747e3
1698.0	1.537e3
1698.5	1.090e2
1699.0	2.760e3
1699.7	8.510e2
1700.5	3.898e3
1701.1	4.910e2
1701.7	3.720e3
1702.2	1.730e2
1702.8	2.313e3
1703.7	3.457e3
1704.7	3.208e3
1705.7	1.729e3
1706.6	3.344e3
1707.1	2.380e2
1707.7	3.642e3
1708.6	2.165e3
1709.4	3.662e3
1710.4	2.906e3
1711.0	4.180e2
1711.6	3.336e3
1712.6	2.030e3
1713.6	3.460e3
1714.3	1.018e3
1715.1	2.991e3
1716.2	2.438e3
1717.1	3.352e3
1717.8	6.100e2
1718.6	2.993e3
1719.4	2.129e3
1720.3	4.005e3
1721.4	3.030e3
1722.4	1.771e3
1723.3	3.335e3
1724.0	9.620e2
1724.7	2.136e3
1725.3	4.800e1
1725.8	2.997e3
1726.9	2.524e3
1727.5	1.260e2
1728.0	1.479e3
1729.0	2.395e3
1729.9	2.787e3
1730.4	5.800e1
1731.0	2.525e3
1731.5	3.600e2
1732.2	3.271e3
1733.1	2.531e3
1733.6	5.660e2
1734.3	4.219e3
1735.3	2.384e3
1735.8	9.600e1
1736.3	2.935e3
1737.2	3.150e3
1738.1	2.231e3
1739.0	1.340e3
1739.9	3.547e3
1740.9	2.277e3
1741.7	9.060e2
1742.3	2.968e3
1743.2	1.393e3
1744.0	3.421e3
1744.9	2.663e3
1745.5	5.700e1
1746.0	2.239e3
1746.9	2.410e3
1747.7	2.409e3
1748.3	1.900e2
1748.9	3.275e3
1749.7	2.153e3
1750.7	3.274e3
1751.2	7.640e2
1751.8	2.956e3
1752.7	1.614e3
1753.6	3.060e3
1754.2	5.570e2
1754.8	2.713e3
1755.6	2.115e3
1756.3	5.330e2
1756.9	2.781e3
1757.6	6.300e2
1758.3	3.190e3
1759.1	2.434e3
1759.9	1.929e3
1760.7	2.917e3
1761.3	1.590e2
1761.9	2.416e3
1762.6	5.580e2
1763.3	2.592e3
1763.8	4.450e2
1764.4	3.543e3
1765.4	2.689e3
1766.3	2.480e3
1767.3	2.183e3
1767.9	2.300e2
1768.4	1.860e3
1769.4	3.939e3
1770.1	7.740e2
1770.8	2.022e3
1771.7	3.502e3
1772.7	2.061e3
1773.6	1.615e3
1774.5	2.512e3
1775.1	1.690e2
1775.7	3.654e3
1776.6	1.171e3
1777.4	3.168e3
1778.2	1.352e3
1778.9	3.236e3
1779.6	3.080e2
1780.2	2.557e3
1781.0	2.466e3
1781.6	5.270e2
1782.3	2.818e3
1783.1	1.636e3
1783.9	2.694e3
1784.7	1.544e3
1785.6	2.655e3
1786.1	4.100e1
1786.6	2.234e3
1787.5	3.165e3
1788.3	7.410e2
1789.1	1.741e3
1790.1	2.486e3
1791.1	2.135e3
1792.0	3.010e3
1792.9	1.784e3
1793.7	3.160e3
1794.7	2.247e3
1795.5	9.690e2
1796.1	2.950e2
1796.6	1.845e3
1797.1	4.300e1
1797.6	2.905e3
1798.5	3.308e3
1799.2	5.250e2
1799.8	3.333e3
1800.6	1.521e3
1801.4	6.810e2
1802.2	3.189e3
1802.9	1.960e2
1803.6	2.595e3
1804.6	1.993e3
1805.4	9.250e2
1806.1	2.893e3
1806.6	2.240e2
1807.2	1.609e3
1807.9	3.549e3
1808.9	1.914e3
1809.8	8.820e2
1810.6	2.915e3
1811.4	9.130e2
1812.2	2.899e3
1813.3	2.567e3
1814.1	1.863e3
1814.9	1.468e3
1815.8	2.180e3
1816.7	2.750e3
1817.2	7.900e1
1817.7	2.662e3
1818.4	7.280e2
1819.1	1.584e3
1820.1	1.843e3
1821.2	2.192e3
1821.8	4.420e2
1822.5	2.359e3
1823.0	7.200e1
1823.6	3.361e3
1824.2	3.660e2
1824.9	2.237e3
1825.9	3.533e3
1826.8	2.410e3
1827.5	5.090e2
1828.2	1.515e3
1828.7	5.100e1
1829.2	2.373e3
1830.2	3.286e3
1831.0	2.732e3
1831.9	2.398e3
1832.7	5.690e2
1833.4	2.410e3
1834.1	8.320e2
1834.9	2.198e3
1835.8	2.364e3
1836.5	9.900e2
1837.3	2.050e3
1838.3	1.999e3
1839.3	2.148e3
1840.2	2.483e3
1841.0	1.355e3
1841.6	3.520e2
1842.3	1.747e3
1842.8	8.900e1
1843.3	2.334e3
1844.1	1.151e3
1844.9	2.983e3
1845.6	3.500e2
1846.2	2.499e3
1846.7	3.310e2
1847.3	1.696e3
1848.2	2.377e3
1848.9	1.277e3
1849.6	2.734e3
1850.2	1.990e2
1850.8	3.208e3
1851.8	2.152e3
1852.6	9.580e2
1853.3	2.146e3
1854.2	2.180e3
1855.1	2.956e3
1856.1	3.605e3
1857.0	2.212e3
1857.8	1.437e3
1858.6	7.070e2
1859.3	2.062e3
1859.9	3.610e2
1860.4	5.780e2
1861.2	2.076e3
1862.1	2.554e3
1862.9	1.122e3
1863.7	1.970e3
1864.4	1.070e2
1865.0	2.061e3
1865.9	1.005e3
1866.8	4.024e3
1867.3	4.020e2
1867.9	3.668e3
1868.4	2.000e1
1869.0	2.600e3
1869.9	1.292e3
1870.5	7.400e1
1871.0	2.455e3
1871.6	2.780e2
1872.2	1.971e3
1873.1	1.112e3
1874.1	2.493e3
1875.1	2.611e3
1875.6	3.210e2
1876.3	2.041e3
1877.2	2.343e3
1878.2	2.037e3
1878.8	2.430e2
1879.4	1.600e3
1880.2	6.390e2
1881.1	1.817e3
1882.0	2.066e3
1882.6	1.500e2
1883.2	1.477e3
1883.8	1.200e2
1884.3	1.119e3
1885.2	1.749e3
1886.0	7.550e2
1886.7	2.518e3
1887.3	3.700e2
1887.9	2.083e3
1888.4	9.400e1
1888.9	1.743e3
1889.7	1.112e3
1890.4	2.388e3
1891.2	8.970e2
1892.0	1.719e3
1892.6	6.820e2
1893.3	2.551e3
1893.8	1.460e2
1894.4	2.327e3
1895.0	3.200e2
1895.7	2.094e3
1896.5	9.160e2
1897.5	2.603e3
1898.1	4.480e2
1898.8	1.612e3
1899.7	2.930e3
1900.7	1.539e3
1901.5	1.056e3
1902.4	1.926e3
1903.4	2.373e3
1904.3	1.374e3
1905.1	1.720e3
1906.0	2.150e3
1906.7	2.790e2
1907.3	2.454e3
1908.0	5.870e2
1908.8	2.714e3
1909.7	1.887e3
1910.6	1.926e3
1911.5	2.238e3
1912.0	7.000e0
1912.5	2.294e3
1913.3	6.870e2
1914.1	2.539e3
1914.8	7.600e2
1915.5	2.457e3
1916.1	5.400e1
1916.6	2.280e3
1917.6	2.031e3
1918.6	1.722e3
1919.6	2.229e3
1920.3	1.440e3
1921.2	1.081e3
1922.2	2.310e3
1923.0	7.260e2
1923.8	3.858e3
1924.6	1.461e3
1925.4	2.325e3
1926.3	8.920e2
1927.1	1.255e3
1928.1	1.801e3
1929.0	3.231e3
1929.6	7.100e1
1930.2	2.100e3
1930.8	7.460e2
1931.5	1.730e3
1932.3	6.870e2
1933.1	2.259e3
1933.8	3.290e2
1934.5	3.492e3
1935.4	1.327e3
1936.3	1.281e3
1937.0	2.831e3
1937.6	5.500e1
1938.1	2.743e3
1939.1	2.296e3
1939.8	5.340e2
1940.5	2.068e3
1941.3	3.840e2
1942.1	2.837e3
1943.1	1.130e3
1943.9	2.005e3
1944.4	1.210e2
1945.0	1.678e3
1945.9	2.361e3
1946.9	4.500e2
1947.5	2.666e3
1948.6	1.087e3
1949.5	1.598e3
1950.6	1.514e3
1951.5	3.226e3
1952.5	1.582e3
1953.5	1.363e3
1954.3	1.016e3
1955.3	1.989e3
1956.0	6.110e2
1956.7	2.256e3
1957.6	1.223e3
1958.6	2.037e3
1959.6	1.820e3
1960.6	1.646e3
1961.2	3.010e2
1961.8	2.739e3
1962.6	1.055e3
1963.3	1.745e3
1964.2	9.540e2
1965.0	2.391e3
1966.0	2.511e3
1967.0	1.780e3
1967.9	6.540e2
1968.7	2.694e3
1969.4	7.540e2
1970.1	1.808e3
1971.1	2.588e3
1972.1	1.569e3
1972.7	2.100e2
1973.5	1.359e3
1974.3	5.890e2
1975.0	2.011e3
1975.8	1.271e3
1976.6	1.532e3
1977.2	2.460e2
1977.8	1.975e3
1978.7	1.202e3
1979.6	2.358e3
1980.3	7.800e2
1981.1	2.227e3
1981.7	6.010e2
1982.4	1.832e3
1983.1	5.210e2
1983.7	1.709e3
1984.3	8.000e1
1984.8	2.157e3
1985.8	1.626e3
1986.7	5.820e2
1987.5	2.255e3
1988.0	1.480e2
1988.6	1.551e3
1989.2	1.120e2
1989.7	1.576e3
1990.3	7.000e0
1991.0	1.940e3
1991.6	5.440e2
1992.1	6.100e1
1992.7	1.600e3
1993.3	9.000e1
1993.8	2.006e3
1994.8	1.653e3
1995.6	1.118e3
1996.1	3.260e2
1996.7	2.363e3
1997.6	1.381e3
1998.5	1.634e3
1999.1	3.540e2
1999.6	8.810e2
