100.2	4.010e3
101.0	5.038e4
102.0	1.637e4
103.0	1.969e4
103.9	1.350e3
104.5	2.400e1
105.0	2.400e3
105.9	1.930e2
106.9	1.845e3
108.0	9.440e2
109.0	1.219e3
110.1	2.790e2
110.8	1.386e3
111.4	5.100e1
112.1	4.040e2
113.0	2.638e4
113.9	9.620e2
114.9	8.246e3
116.0	5.880e3
116.9	1.434e5
118.0	1.581e4
119.0	1.474e4
119.8	1.505e3
121.0	8.510e2
122.0	1.174e3
123.1	1.642e3
124.1	1.587e3
124.9	1.221e3
125.8	4.106e3
127.0	2.098e3
127.9	2.561e3
128.9	2.090e3
129.5	9.900e1
130.0	5.296e3
131.0	4.326e3
132.0	6.630e2
133.1	2.553e3
133.9	4.720e2
134.9	6.840e3
135.4	1.400e2
136.0	2.423e3
137.0	4.177e3
137.5	5.100e1
138.1	1.408e3
139.0	1.565e3
140.2	3.700e2
141.0	3.515e3
142.0	1.843e3
143.0	3.878e3
144.1	3.572e3
145.0	1.682e4
146.0	9.034e3
147.0	2.592e4
147.9	5.552e3
149.0	2.717e3
150.0	6.757e3
150.9	3.978e3
152.0	9.824e3
152.9	1.787e3
154.0	2.365e3
155.0	3.068e3
156.0	5.779e3
157.0	6.907e3
158.0	1.674e3
158.5	2.230e2
159.0	4.110e3
160.0	5.802e3
160.9	2.534e4
162.0	1.937e3
162.9	2.360e4
163.9	2.143e3
164.9	7.472e3
166.0	1.577e3
167.0	2.858e3
168.0	4.527e3
169.0	1.942e3
170.0	2.610e3
170.5	4.600e1
171.1	2.265e3
172.0	4.089e3
172.9	6.622e3
173.5	2.850e2
174.0	1.282e4
175.0	1.646e4
176.0	1.086e3
176.8	4.413e3
177.3	1.790e2
178.0	1.454e3
179.0	1.080e4
180.0	4.911e3
181.0	7.221e3
182.0	2.977e3
183.0	2.374e3
184.0	2.502e3
185.0	2.466e3
186.0	5.417e3
187.0	5.297e3
188.0	3.041e3
189.0	4.313e3
189.9	4.212e3
190.6	3.000e1
191.1	2.502e4
192.0	5.211e3
192.8	1.677e3
193.5	3.782e3
194.3	5.840e2
195.0	8.585e3
195.9	1.978e4
196.9	5.308e3
197.8	1.839e4
198.9	4.902e3
199.9	1.250e4
200.9	6.641e3
202.0	5.114e3
203.0	4.025e3
203.9	3.471e3
204.5	4.100e1
205.1	1.977e3
205.9	2.558e3
206.9	5.168e3
207.9	3.022e3
208.8	3.423e3
210.0	1.728e3
210.9	1.624e3
211.6	3.350e2
212.2	1.445e4
213.2	3.709e3
214.0	2.111e3
215.0	2.227e3
216.0	4.032e3
216.9	6.561e3
217.9	8.166e3
218.9	7.840e3
219.9	5.560e3
220.5	1.210e2
221.0	2.026e3
221.9	9.395e3
223.0	3.714e3
223.9	5.156e3
225.0	5.075e3
226.0	5.311e3
226.9	2.419e3
228.0	4.814e3
228.9	2.755e3
229.9	9.588e3
231.0	5.159e3
231.9	4.554e3
232.5	2.500e2
233.0	5.271e3
234.0	2.249e3
234.9	4.366e3
235.5	1.260e2
236.0	1.966e4
237.0	3.622e3
238.0	1.852e3
239.0	1.959e3
239.9	6.255e3
240.5	3.900e1
241.0	2.796e3
241.9	3.853e3
242.8	3.809e3
243.9	9.172e3
244.4	2.730e2
245.0	3.752e3
245.9	9.701e3
246.9	3.834e3
247.4	7.410e2
248.0	1.206e4
249.0	1.669e4
249.9	6.565e3
250.5	2.960e2
251.0	5.419e3
252.0	4.234e3
252.9	2.711e3
253.9	2.720e3
254.5	1.560e2
255.1	2.453e3
256.0	1.673e3
256.9	2.813e3
257.5	1.920e2
258.1	9.110e2
259.0	4.562e3
260.0	3.063e3
261.0	2.208e3
262.0	7.500e3
262.9	9.588e3
263.9	6.841e3
264.5	1.200e2
265.0	5.218e3
265.9	6.739e3
267.0	2.840e3
267.9	6.014e3
269.0	7.311e3
270.0	3.007e3
271.0	2.124e3
272.0	2.111e3
273.0	3.743e3
274.0	1.404e3
274.9	3.131e3
275.6	8.000e1
276.1	2.211e3
277.0	1.722e3
277.9	4.312e3
279.0	4.628e3
280.0	3.394e3
280.9	5.446e3
281.5	1.680e2
282.0	6.746e3
282.9	3.203e3
283.9	3.602e3
284.9	3.643e3
285.9	4.177e3
286.9	2.155e3
288.0	6.639e3
289.0	3.518e3
290.0	3.233e3
290.9	6.891e3
292.0	6.804e3
293.0	4.224e3
294.1	3.691e3
295.0	4.872e3
295.9	4.208e3
296.5	1.200e1
297.0	1.237e3
298.1	6.183e3
298.9	1.547e3
299.9	2.315e3
300.4	5.500e1
301.0	3.819e3
302.0	2.758e3
302.8	2.559e3
303.8	4.222e3
305.0	5.068e3
305.8	4.013e3
307.0	3.708e3
307.9	9.002e3
309.0	2.680e3
310.0	4.698e3
311.0	7.287e3
311.8	4.149e3
312.4	1.910e2
312.9	8.796e3
313.9	2.536e3
314.9	3.203e3
316.0	1.575e3
317.0	1.675e4
317.9	3.788e3
319.0	3.976e3
319.8	4.990e2
320.7	6.640e3
321.4	2.820e2
322.1	4.480e3
323.0	4.460e3
324.0	4.004e3
324.9	3.418e3
325.9	3.929e3
327.0	6.483e3
327.9	1.332e4
328.9	6.341e3
329.5	2.430e2
330.0	4.157e3
330.9	5.632e3
332.0	3.220e3
333.0	7.272e3
334.0	4.441e3
335.0	5.492e3
335.9	5.080e3
336.9	5.087e3
337.9	3.312e3
339.0	6.024e3
339.9	2.936e3
340.5	1.350e2
341.0	6.683e3
342.0	3.982e3
342.9	3.341e3
343.8	4.370e3
344.9	1.601e3
345.4	1.430e2
345.9	1.033e4
346.4	1.400e2
346.9	4.373e3
347.9	6.083e3
348.9	6.961e3
350.0	7.697e3
350.9	7.304e3
352.0	4.984e3
352.9	1.899e4
353.9	4.013e3
354.8	3.988e3
355.9	3.749e3
356.4	7.500e1
357.0	1.223e4
357.9	2.949e3
358.5	1.410e2
359.0	3.907e3
359.9	2.747e3
360.7	3.470e3
361.3	2.970e2
361.9	4.076e3
363.0	3.173e3
363.9	5.151e3
364.9	4.899e3
365.9	3.400e3
366.9	4.958e3
367.9	6.153e3
368.8	3.951e3
369.4	2.810e2
370.0	5.114e3
370.9	2.543e3
371.5	4.800e1
372.0	2.880e3
372.9	3.091e3
374.0	3.392e3
374.9	1.067e3
375.9	2.353e3
376.8	4.470e3
377.9	4.361e3
378.9	1.102e4
379.4	1.740e2
380.0	5.397e3
380.8	4.098e3
381.4	2.740e2
381.9	3.959e3
382.9	3.771e3
384.0	2.872e3
384.9	1.049e4
385.5	1.700e2
386.0	5.389e3
386.9	2.823e3
387.9	5.247e3
388.4	1.013e3
389.0	4.340e3
389.9	2.947e3
390.4	1.640e2
391.0	4.924e3
391.8	1.268e3
392.5	5.225e3
393.1	5.500e2
393.7	3.915e3
394.2	2.700e1
394.9	4.248e3
395.9	5.269e3
397.0	3.367e3
397.5	1.790e2
398.0	4.766e3
399.0	2.757e3
399.6	8.600e1
400.1	3.413e3
401.0	7.677e3
401.9	6.129e3
402.9	3.907e3
403.7	1.361e3
404.3	2.990e2
405.0	2.664e3
405.9	3.849e3
407.0	3.108e3
407.9	5.644e3
408.9	3.083e3
409.8	3.645e3
410.5	5.600e2
411.0	4.648e3
412.0	3.953e3
413.0	4.424e3
413.9	4.799e3
414.5	7.800e1
415.0	2.641e3
415.9	9.080e2
416.7	4.193e3
417.3	1.440e2
417.8	2.359e3
418.8	3.482e3
419.9	2.290e3
420.9	9.477e3
421.8	3.225e3
422.9	3.381e3
423.4	8.100e1
423.9	3.895e3
424.8	3.946e3
425.8	2.868e3
426.8	2.737e3
427.9	2.752e3
428.9	3.848e3
429.4	1.130e2
430.0	3.767e3
430.9	4.148e3
432.0	3.169e3
432.9	2.897e3
433.9	3.929e3
434.5	4.240e2
435.0	3.671e3
436.0	2.869e3
437.0	2.403e3
437.8	4.741e3
438.8	1.742e3
439.3	1.300e2
439.9	1.782e3
440.6	3.133e3
441.3	2.330e2
441.9	3.261e3
442.9	2.999e3
443.9	8.569e3
444.5	3.040e2
445.0	2.079e3
445.9	3.508e3
446.9	4.369e3
447.9	4.095e3
448.8	4.272e3
449.8	4.242e3
450.9	4.919e3
451.8	3.818e3
452.5	5.500e2
453.0	5.934e3
454.0	2.373e3
454.6	2.033e3
455.3	5.358e3
456.0	1.593e3
457.0	4.401e3
457.9	1.889e3
458.9	4.907e3
459.4	2.240e2
460.0	4.583e3
460.5	4.600e1
461.0	4.875e3
461.9	3.343e3
462.8	6.806e3
463.8	4.981e3
464.8	2.396e3
465.3	3.310e2
465.9	5.779e3
466.9	4.314e3
467.5	3.290e2
468.0	4.207e3
469.0	6.334e3
469.9	4.875e3
470.9	4.556e3
471.7	1.935e3
472.3	1.370e2
472.9	3.665e3
474.0	3.118e3
474.8	1.630e3
475.8	2.343e3
476.8	2.478e3
477.7	3.418e3
478.3	2.260e2
479.0	4.519e3
479.7	5.630e2
480.3	4.188e3
481.0	3.900e1
481.6	3.879e3
482.1	2.800e2
482.8	4.665e3
483.3	3.100e2
483.8	3.977e3
484.4	3.760e2
484.9	5.371e3
485.5	1.620e2
486.0	4.783e3
486.9	1.986e3
487.9	3.250e3
489.0	4.601e3
489.6	9.000e1
490.2	4.573e3
491.1	3.458e3
491.9	2.105e3
492.8	3.707e3
493.4	3.130e2
494.0	2.541e3
494.8	3.648e3
495.8	6.314e3
496.3	2.180e2
496.9	6.009e3
497.8	3.303e3
498.8	4.105e3
499.9	3.410e3
501.0	5.618e3
501.9	4.219e3
502.9	3.453e3
503.7	2.476e3
504.6	3.272e3
505.2	6.750e2
505.9	3.196e3
506.9	3.468e3
507.9	5.282e3
508.4	3.870e2
508.9	6.418e3
509.5	2.160e2
510.1	2.681e3
510.9	4.269e3
511.8	4.066e3
512.8	3.221e3
513.9	3.598e3
514.9	6.191e3
515.8	1.505e3
516.7	1.926e3
517.3	2.290e2
517.8	3.144e3
518.8	4.362e3
519.7	3.276e3
520.5	5.900e2
521.0	6.373e3
521.8	2.614e3
522.7	4.335e3
523.3	7.010e2
524.0	3.212e3
524.9	4.964e3
525.9	4.216e3
527.0	4.021e3
528.0	1.784e3
528.9	3.559e3
529.9	3.493e3
530.9	3.548e3
531.9	2.803e3
532.8	4.541e3
533.7	3.080e3
534.5	3.980e3
535.1	1.220e2
535.6	3.755e3
536.2	1.103e3
536.9	8.202e3
537.9	5.880e3
538.8	4.763e3
539.8	6.874e3
540.9	5.553e3
541.8	3.686e3
542.4	3.430e2
543.1	3.304e3
543.9	2.319e3
544.9	3.573e3
545.4	1.000e2
546.0	5.521e3
546.8	2.516e3
547.7	3.694e3
548.6	4.842e3
549.3	5.550e2
549.9	2.701e3
550.8	3.361e3
551.6	6.049e3
552.2	5.730e2
552.8	5.993e3
553.3	2.480e2
553.9	2.860e3
554.5	1.540e2
555.0	3.280e3
555.8	1.754e3
556.5	5.369e3
557.3	1.419e3
558.0	2.349e3
558.8	4.821e3
559.8	4.336e3
560.4	2.350e2
561.0	3.636e3
561.9	2.870e3
562.8	4.535e3
563.8	5.079e3
564.3	1.970e2
564.9	4.696e3
565.9	4.982e3
566.8	4.481e3
567.8	3.354e3
568.7	4.576e3
569.2	1.870e2
570.0	4.933e3
571.0	4.159e3
571.8	2.027e3
572.3	7.000e1
572.9	4.307e3
573.9	3.738e3
574.9	4.768e3
575.9	2.979e3
576.9	6.827e3
577.9	1.178e3
578.9	4.778e3
579.9	4.106e3
580.4	3.180e2
581.1	2.358e3
582.0	2.342e3
582.7	1.601e3
583.4	4.116e3
584.1	1.172e3
584.9	2.732e3
585.5	5.500e1
586.0	1.600e3
586.8	3.410e3
587.8	2.666e3
588.8	4.156e3
589.4	5.690e2
590.0	2.496e3
590.8	3.633e3
591.3	7.700e1
591.9	4.017e3
592.4	4.190e2
593.0	3.241e3
593.9	3.159e3
594.4	1.580e2
594.9	4.582e3
595.6	5.190e2
596.2	6.072e3
597.0	2.977e3
597.9	4.677e3
598.8	2.774e3
599.5	1.193e3
600.2	6.915e3
601.0	1.644e3
601.8	5.637e3
602.8	2.827e3
603.4	9.200e1
603.9	4.924e3
604.9	6.752e3
605.9	3.772e3
606.7	3.000e3
607.3	2.200e2
607.8	2.436e3
608.7	1.131e3
609.4	4.009e3
610.1	3.510e2
610.6	3.665e3
611.4	4.030e2
612.0	2.979e3
612.9	3.172e3
613.8	3.746e3
614.7	3.098e3
615.7	2.453e3
616.7	5.524e3
617.4	9.330e2
618.0	2.994e3
618.8	3.764e3
619.7	3.407e3
620.6	2.089e3
621.3	7.311e3
622.1	1.240e3
622.7	4.534e3
623.9	3.010e3
624.9	2.987e3
625.9	3.356e3
626.9	2.476e3
627.7	2.517e3
628.4	3.226e3
629.0	3.780e2
629.7	5.615e3
630.7	4.948e3
631.2	4.550e2
631.7	8.160e2
632.4	3.062e3
633.2	9.130e2
634.1	2.455e3
635.0	5.437e3
635.9	2.789e3
636.5	3.140e2
637.1	4.396e3
637.9	3.694e3
638.8	3.439e3
639.6	4.103e3
640.3	1.640e2
640.8	4.649e3
641.8	2.065e3
642.8	4.905e3
643.3	1.130e2
643.8	1.562e3
644.7	2.451e3
645.5	3.819e3
646.2	1.386e3
646.8	4.190e3
647.6	1.313e3
648.2	1.780e3
648.9	1.491e3
649.7	2.913e3
650.7	6.245e3
651.8	2.799e3
652.7	3.276e3
653.3	3.430e2
654.0	3.082e3
654.9	3.622e3
655.9	4.748e3
656.8	6.037e3
657.6	1.309e3
658.3	3.267e3
659.0	1.106e3
659.9	4.810e3
660.7	2.089e3
661.5	4.962e3
662.4	6.234e3
663.0	4.830e2
663.7	5.002e3
664.5	1.714e3
665.2	2.948e3
665.8	7.170e2
666.4	3.479e3
667.1	1.027e3
667.8	4.023e3
668.8	2.350e3
669.6	4.200e3
670.6	3.247e3
671.2	2.780e2
671.9	1.410e3
672.7	5.210e3
673.3	2.810e2
673.8	3.128e3
674.7	3.538e3
675.3	4.500e1
675.8	3.853e3
676.8	2.588e3
677.7	2.243e3
678.2	2.450e2
678.8	1.748e3
679.7	5.070e3
680.7	3.704e3
681.2	3.880e2
681.9	3.897e3
682.8	3.539e3
683.7	3.654e3
684.7	2.353e3
685.5	5.150e3
686.1	3.690e2
686.8	4.835e3
687.7	3.344e3
688.6	3.136e3
689.5	4.675e3
690.0	6.060e2
690.6	3.049e3
691.4	3.986e3
692.0	4.020e2
692.6	1.420e3
693.4	2.366e3
694.5	1.806e3
695.3	2.520e3
696.0	3.520e2
696.7	3.871e3
697.7	3.751e3
698.2	2.450e2
698.8	3.318e3
699.9	4.096e3
700.4	2.080e2
700.9	3.026e3
701.9	1.762e3
702.8	1.755e3
703.6	3.941e3
704.3	9.680e2
705.0	4.785e3
705.9	1.944e3
706.9	2.867e3
707.8	3.348e3
708.8	4.870e3
709.9	1.947e3
710.7	2.435e3
711.5	3.052e3
712.6	2.759e3
713.2	3.010e2
713.8	2.972e3
714.8	3.422e3
715.8	3.359e3
716.3	8.500e1
716.8	3.917e3
717.4	2.000e2
717.9	3.365e3
718.8	2.687e3
719.4	6.420e2
720.0	3.337e3
720.9	2.996e3
721.9	2.212e3
722.4	8.400e1
722.9	3.289e3
723.7	1.792e3
724.8	3.219e3
725.7	4.465e3
726.4	1.118e3
727.0	3.618e3
727.7	2.002e3
728.2	6.960e2
728.8	2.082e3
729.7	2.815e3
730.9	3.684e3
731.8	2.844e3
732.7	8.360e2
733.3	1.818e3
734.3	4.105e3
734.8	1.780e2
735.3	1.539e3
736.2	2.975e3
737.1	3.266e3
738.0	5.730e2
738.8	3.309e3
739.8	1.198e3
740.4	4.100e1
740.9	4.092e3
741.4	5.170e2
741.9	3.474e3
742.8	8.430e2
743.6	2.988e3
744.4	7.940e2
745.3	2.999e3
746.1	2.365e3
747.1	3.428e3
747.7	2.780e2
748.3	3.270e3
748.9	6.010e2
749.7	2.518e3
750.5	9.250e2
751.3	4.219e3
752.1	3.548e3
753.0	4.462e3
753.9	2.472e3
754.9	2.289e3
755.9	4.295e3
756.8	1.088e3
757.7	4.835e3
758.3	3.080e2
758.8	3.608e3
759.7	1.502e3
760.8	3.066e3
761.8	2.319e3
762.7	2.548e3
763.6	4.626e3
764.9	1.246e3
765.6	2.166e3
766.3	7.970e2
767.0	3.286e3
767.6	6.590e2
768.2	3.378e3
768.9	8.370e2
769.6	2.571e3
770.3	5.160e2
770.9	3.300e3
771.7	6.250e2
772.6	2.422e3
773.4	3.496e3
774.4	1.137e3
775.2	3.498e3
776.1	2.493e3
777.0	1.899e3
777.7	2.411e3
778.2	1.200e1
778.9	9.420e2
779.7	1.680e3
780.6	1.142e3
781.4	2.210e3
782.0	3.250e2
782.7	7.630e2
783.5	2.717e3
784.1	3.000e1
784.9	1.221e3
785.7	2.857e3
786.3	2.600e2
787.0	4.095e3
787.9	1.640e3
788.5	2.210e2
789.0	3.266e3
789.9	3.161e3
790.4	2.970e2
791.0	2.508e3
791.8	1.821e3
792.4	4.980e2
793.0	2.944e3
794.2	3.101e3
794.8	1.083e3
795.6	1.800e3
796.1	3.100e1
796.7	2.772e3
797.7	2.921e3
798.6	2.220e3
799.2	7.720e2
799.8	1.834e3
800.8	3.340e3
801.8	2.921e3
802.7	1.568e3
803.4	4.360e2
804.1	2.872e3
805.1	3.945e3
805.8	4.800e2
806.4	2.611e3
807.1	6.640e2
807.9	2.945e3
808.7	1.195e3
809.5	3.323e3
810.5	2.354e3
811.3	7.340e2
811.9	3.027e3
812.8	8.960e2
813.5	1.870e3
814.6	2.690e3
815.4	2.811e3
816.4	1.878e3
817.4	2.920e3
818.1	4.510e2
818.8	2.644e3
819.6	1.125e3
820.3	2.255e3
821.0	9.440e2
821.7	2.106e3
822.7	2.190e3
823.7	2.177e3
824.3	1.510e2
824.9	1.570e3
825.7	1.564e3
826.6	2.628e3
827.4	2.091e3
827.9	3.030e2
828.5	1.978e3
829.2	9.070e2
829.8	2.995e3
830.8	1.794e3
831.5	3.364e3
832.5	3.156e3
833.3	1.400e3
834.2	2.364e3
835.2	3.055e3
836.0	6.430e2
836.7	3.310e2
837.2	2.802e3
838.2	2.553e3
839.1	2.277e3
839.9	3.780e2
840.6	2.168e3
841.3	3.560e2
841.9	1.782e3
842.7	2.100e3
843.7	3.048e3
844.4	2.950e2
845.0	2.065e3
845.6	4.670e2
846.2	3.100e1
846.8	2.329e3
847.5	3.650e2
848.1	1.997e3
848.9	1.389e3
849.8	1.667e3
850.7	2.083e3
851.3	4.800e1
851.9	1.987e3
853.0	5.030e2
853.6	1.766e3
854.8	2.549e3
855.9	2.788e3
856.5	1.374e3
857.2	4.070e3
857.9	1.171e3
858.7	1.233e3
859.4	5.664e3
860.4	2.603e3
861.0	6.850e2
861.8	3.099e3
862.9	1.500e3
863.6	5.210e2
864.3	2.292e3
864.9	1.320e2
865.5	2.135e3
866.7	2.186e3
867.5	1.750e3
868.1	2.700e2
868.7	3.528e3
869.9	9.470e2
870.8	2.406e3
871.7	1.448e3
872.3	4.500e1
872.8	8.210e2
873.7	1.711e3
874.9	2.701e3
875.7	2.540e2
876.2	9.580e2
877.0	2.832e3
877.9	1.334e3
878.9	1.561e3
879.8	1.599e3
880.9	2.022e3
881.8	1.569e3
882.6	2.043e3
883.6	2.503e3
884.7	2.286e3
885.2	7.200e1
885.9	1.205e3
886.7	3.300e2
887.3	1.812e3
888.0	8.830e2
888.8	2.515e3
889.9	2.314e3
890.6	1.740e3
891.4	9.810e2
892.1	5.180e2
892.8	6.805e3
893.4	3.190e2
894.0	1.041e3
894.8	1.702e3
895.7	1.051e3
896.7	6.150e2
897.7	1.267e3
898.7	3.485e3
899.5	3.880e2
900.2	1.708e3
901.1	3.264e3
901.8	4.190e2
902.5	1.283e3
903.2	5.400e1
903.9	1.067e3
904.7	8.660e2
905.3	2.240e3
906.4	2.197e3
907.4	3.413e3
908.0	7.690e2
908.6	3.376e3
909.6	1.910e3
910.2	8.270e2
910.9	1.213e3
912.0	2.023e3
912.8	1.222e3
913.7	3.110e3
914.6	1.524e3
915.7	1.019e3
916.2	1.330e2
916.7	3.069e3
917.5	7.100e2
918.4	2.552e3
919.3	1.747e3
919.9	4.500e2
920.7	1.851e3
921.6	1.360e3
922.1	2.240e2
922.7	8.680e2
923.6	1.754e3
924.4	2.768e3
925.0	8.800e1
925.6	1.907e3
926.4	2.730e2
927.0	2.151e3
927.8	9.230e2
928.6	1.937e3
929.6	1.205e3
930.2	7.600e1
930.7	1.314e3
931.8	1.411e3
933.0	1.200e3
933.6	1.950e2
934.1	1.477e3
935.0	2.530e3
935.7	7.290e2
936.6	1.099e3
937.3	1.486e3
938.0	1.200e1
938.8	1.581e3
939.4	8.500e1
939.9	2.000e3
940.9	2.336e3
941.5	2.170e2
942.0	1.401e3
942.9	1.065e3
943.5	1.041e3
944.7	2.747e3
945.7	3.463e3
946.2	1.820e2
946.8	1.564e3
947.6	7.810e2
948.3	1.241e3
949.1	1.120e2
949.7	1.380e2
950.2	1.687e3
951.1	8.870e2
951.9	2.373e3
952.6	6.840e2
953.4	9.100e2
954.3	4.320e2
954.9	4.165e3
955.9	2.353e3
956.5	2.380e2
957.1	1.729e3
957.7	1.718e3
958.7	6.600e2
959.3	2.021e3
960.2	2.091e3
961.1	3.049e3
961.9	4.840e2
962.5	2.398e3
963.2	3.220e2
963.8	2.434e3
964.4	6.400e1
965.0	1.674e3
965.9	9.510e2
966.8	1.784e3
967.8	1.091e3
968.8	1.700e3
969.7	7.440e2
970.4	1.025e3
971.0	2.050e2
971.8	1.796e3
972.6	1.236e3
973.3	3.689e3
974.0	4.860e2
974.6	1.905e3
975.6	1.361e3
976.5	1.441e3
977.4	2.812e3
978.6	1.965e3
979.7	1.347e3
980.4	2.031e3
981.2	3.210e2
982.0	2.009e3
982.9	1.274e3
983.9	6.020e2
984.9	1.268e3
985.7	1.335e3
986.2	1.080e2
986.7	1.021e3
987.7	1.745e3
988.7	4.700e2
989.8	1.453e3
990.8	1.900e2
991.4	7.510e2
992.0	1.084e3
992.5	3.400e1
993.0	3.079e3
993.8	1.109e3
994.6	1.570e2
995.2	1.914e3
996.0	1.113e3
996.8	8.130e2
997.7	1.295e3
998.8	2.250e3
999.5	8.070e2
1000.1	3.000e2
1000.8	2.294e3
1001.6	1.476e3
1002.4	9.010e2
1003.2	1.304e3
1004.1	1.037e3
1005.1	6.060e2
1006.0	1.062e3
1006.8	1.485e3
1007.6	1.341e3
1008.3	1.820e3
1009.0	4.060e2
1009.9	9.960e2
1010.8	1.037e3
1011.8	1.233e3
1012.4	8.600e1
1013.0	2.472e3
1013.9	2.009e3
1014.8	9.740e2
1015.5	2.221e3
1016.1	1.360e2
1016.6	1.675e3
1017.2	3.900e1
1017.8	8.750e2
1018.7	2.450e2
1019.8	1.900e3
1020.6	9.170e2
1021.5	1.575e3
1022.1	5.170e2
1022.8	2.447e3
1023.7	1.289e3
1024.3	9.900e1
1024.9	2.279e3
1025.7	8.760e2
1026.8	4.550e2
1027.5	7.640e2
1028.7	1.244e3
1029.5	2.133e3
1030.8	2.257e3
1031.7	4.890e2
1032.3	1.700e1
1032.9	4.070e2
1033.7	1.886e3
1034.4	5.710e2
1035.7	1.670e2
1036.4	1.111e3
1037.4	1.997e3
1038.0	2.950e2
1038.5	1.417e3
1039.1	2.270e2
1039.8	1.444e3
1040.5	2.160e2
1041.2	1.432e3
1042.2	1.242e3
1042.9	1.300e1
1043.5	2.090e2
1044.1	6.060e2
1045.0	2.921e3
1045.6	7.090e2
1046.2	2.300e2
1047.0	1.900e3
1047.7	3.055e3
1048.6	5.180e2
1049.3	3.350e2
1050.3	4.410e2
1051.2	2.557e3
1052.0	6.200e2
1052.6	1.490e2
1053.1	1.550e3
1054.0	9.380e2
1055.0	7.740e2
1055.8	1.270e3
1056.7	1.013e3
1057.3	2.780e2
1058.3	2.565e3
1059.1	4.540e2
1060.0	2.355e3
1060.8	6.250e2
1061.3	1.130e2
1061.9	9.800e2
1062.9	4.760e2
1063.9	1.585e3
1064.8	1.097e3
1065.4	8.520e2
1066.1	1.880e2
1066.7	1.020e3
1067.4	1.720e2
1068.1	2.053e3
1068.7	1.150e2
1069.2	1.853e3
1070.2	1.275e3
1071.0	6.720e2
1071.7	2.547e3
1072.7	1.450e3
1073.9	1.276e3
1075.0	4.960e2
1075.8	9.450e2
1076.6	1.242e3
1077.6	1.878e3
1078.5	1.199e3
1079.4	5.150e2
1080.3	1.886e3
1081.2	2.569e3
1081.8	8.900e2
1082.8	7.090e2
1083.6	1.207e3
1084.5	6.210e2
1085.5	1.089e3
1086.2	1.110e2
1086.8	1.115e3
1087.7	6.490e2
1088.5	2.150e3
1089.1	2.700e2
1089.8	1.723e3
1091.0	1.785e3
1091.8	4.930e2
1092.6	2.117e3
1093.6	2.599e3
1094.6	5.770e2
1095.6	1.191e3
1096.2	1.700e1
1096.8	1.829e3
1097.9	2.054e3
1098.9	2.260e2
1099.5	2.095e3
1100.4	1.310e3
1101.1	4.800e2
1101.6	6.600e1
1102.1	8.460e2
1102.8	1.058e3
1103.7	7.720e2
1104.8	1.635e3
1105.5	2.564e3
1106.3	3.000e2
1107.0	2.356e3
1107.9	7.160e2
1108.8	2.514e3
1109.3	1.030e2
1109.9	7.570e2
1110.9	1.970e3
1111.4	2.510e2
1111.9	4.780e2
1112.5	2.195e3
1113.3	1.407e3
1114.3	1.104e3
1115.1	4.770e2
1115.8	3.000e1
1116.3	1.950e3
1117.3	5.910e2
1118.1	4.492e3
1118.9	8.090e2
1120.2	1.174e3
1120.9	1.158e3
1121.8	2.190e2
1122.4	8.980e2
1123.3	7.430e2
1123.9	1.200e3
1124.7	5.070e2
1125.5	1.546e3
1126.1	2.600e2
1126.7	1.731e3
1127.3	2.083e3
1128.1	6.800e2
1128.8	1.303e3
1129.8	7.130e2
1131.1	1.225e3
1131.8	1.100e2
1132.4	3.880e2
1133.3	2.530e3
1134.3	1.501e3
1135.4	1.138e3
1136.3	3.190e2
1137.2	1.074e3
1137.9	2.600e1
1138.4	5.600e2
1139.2	2.440e2
1139.9	3.640e2
1140.7	3.530e2
1141.3	5.190e2
1142.0	1.673e3
1142.7	2.950e2
1143.6	1.483e3
1144.2	2.310e2
1145.3	1.336e3
1146.2	1.468e3
1146.8	8.000e1
1147.5	1.865e3
1148.3	1.960e2
1148.9	1.563e3
1149.6	5.530e2
1150.5	8.610e2
1151.0	6.900e1
1151.7	3.010e2
1152.6	4.370e2
1153.3	1.347e3
1153.9	4.510e2
1154.7	6.470e2
1155.4	9.510e2
1156.6	5.390e2
1157.2	1.530e3
1157.8	2.820e2
1158.3	1.748e3
1159.4	1.745e3
1160.0	4.630e2
1160.8	1.607e3
1161.3	3.300e1
1161.9	6.020e2
1162.7	9.820e2
1163.6	4.040e2
1164.3	1.213e3
1164.9	3.250e2
1165.8	1.939e3
1166.7	9.260e2
1167.6	3.600e1
1168.4	1.255e3
1169.4	1.694e3
1170.4	1.810e2
1171.1	9.230e2
1171.9	5.650e2
1172.5	1.960e2
1173.1	2.135e3
1174.2	7.860e2
1175.0	1.673e3
1176.1	1.720e2
1176.7	1.109e3
1177.7	1.884e3
1178.6	1.996e3
1180.0	1.470e3
1180.6	1.290e2
1181.2	1.178e3
1182.2	2.629e3
1182.9	1.540e3
1183.5	3.210e2
1184.2	2.320e2
1184.8	4.600e1
1185.7	1.023e3
1186.5	1.606e3
1187.3	4.170e2
1188.2	1.794e3
1188.9	1.600e2
1189.5	2.165e3
1190.1	7.400e1
1191.3	1.523e3
1192.7	1.010e3
1193.5	4.390e2
1194.1	1.168e3
1194.7	5.300e1
1195.3	1.146e3
1196.0	2.700e1
1196.6	9.640e2
1197.4	2.883e3
1198.2	7.490e2
1199.5	7.750e2
1200.0	1.620e2
1200.7	1.475e3
1201.8	8.630e2
1202.5	6.240e2
1203.5	2.476e3
1204.0	8.500e1
1204.5	9.570e2
1205.4	3.620e2
1206.3	6.260e2
1207.2	1.335e3
1208.3	1.200e3
1209.2	1.059e3
1210.2	8.050e2
1211.0	3.980e2
1212.0	1.810e3
1213.0	1.105e3
1213.7	3.800e2
1214.5	3.170e2
1215.2	1.122e3
1215.9	5.450e2
1216.8	3.970e2
1217.6	5.360e2
1218.7	7.410e2
1219.8	8.070e2
1220.5	1.587e3
1221.5	1.296e3
1222.4	9.320e2
1223.1	5.210e2
1223.8	1.578e3
1224.4	4.790e2
1225.4	1.563e3
1226.4	1.447e3
1227.5	8.100e1
1228.3	6.140e2
1229.3	1.399e3
1229.9	3.490e2
1230.6	1.010e3
1231.4	2.570e2
1232.1	1.009e3
1233.0	2.014e3
1233.5	3.720e2
1234.2	7.910e2
1234.8	2.690e2
1235.4	9.200e1
1236.0	6.640e2
1236.8	1.330e2
1237.5	1.227e3
1238.4	7.180e2
1239.0	2.350e2
1239.6	6.100e2
1240.8	8.430e2
1241.4	4.400e1
1241.9	1.590e3
1242.7	7.230e2
1243.5	2.021e3
1244.1	7.000e1
1244.6	1.244e3
1245.6	1.194e3
1246.4	1.505e3
1247.2	1.156e3
1248.5	3.660e2
1249.1	2.060e2
1249.7	8.000e2
1250.2	6.100e1
1250.8	1.213e3
1251.3	1.690e2
1251.9	1.626e3
1252.6	3.750e2
1253.2	1.497e3
1253.9	4.790e2
1254.5	1.516e3
1255.5	1.444e3
1256.1	6.210e2
1256.9	1.631e3
1257.9	1.765e3
1258.8	1.528e3
1259.8	9.810e2
1260.8	3.880e2
1261.8	9.900e2
1262.3	2.060e2
1262.8	1.111e3
1263.8	2.050e2
1264.5	1.120e3
1265.2	8.340e2
1265.9	1.700e1
1266.5	1.199e3
1267.9	8.270e2
1268.7	3.490e2
1269.9	1.462e3
1270.7	5.300e2
1271.7	8.890e2
1272.5	9.350e2
1273.4	8.170e2
1274.6	6.470e2
1275.2	1.162e3
1275.9	3.430e2
1276.5	8.410e2
1277.6	1.309e3
1278.5	3.800e2
1279.5	5.160e2
1280.2	5.720e2
1281.1	7.860e2
1281.9	7.800e2
1282.4	2.270e2
1283.1	9.080e2
1284.0	1.324e3
1284.8	1.195e3
1285.7	1.901e3
1286.6	6.340e2
1287.5	4.940e2
1288.2	1.442e3
1289.0	4.170e2
1289.9	1.038e3
1291.0	2.206e3
1291.9	1.016e3
1292.8	1.570e2
1293.4	1.495e3
1294.2	5.900e1
1294.9	5.360e2
1295.5	1.020e2
1296.1	1.218e3
1297.0	8.640e2
1297.9	5.250e2
1299.2	4.790e2
1300.1	7.180e2
1301.0	7.050e2
1302.6	5.610e2
1303.5	4.240e2
1304.8	8.140e2
1305.7	1.552e3
1306.9	3.230e2
1307.9	8.440e2
1308.7	2.560e2
1309.3	6.340e2
1310.6	6.200e2
1311.9	1.222e3
1312.5	6.330e2
1313.3	2.230e2
1314.4	4.040e2
1315.2	1.869e3
1316.3	1.599e3
1317.2	4.020e2
1318.0	1.416e3
1318.8	6.870e2
1319.4	5.490e2
1320.2	7.130e2
1320.7	3.330e2
1321.3	1.141e3
1322.1	9.000e1
1322.7	8.530e2
1323.6	1.022e3
1324.6	1.337e3
1326.4	8.890e2
1327.7	8.540e2
1328.4	3.250e2
1329.2	1.696e3
1329.9	3.620e2
1330.8	8.610e2
1331.7	8.610e2
1332.5	4.680e2
1333.4	9.610e2
1334.1	8.300e2
1334.6	3.400e1
1335.2	7.670e2
1336.0	8.800e1
1336.6	9.280e2
1337.7	1.300e1
1338.3	1.264e3
1339.8	8.090e2
1340.8	6.100e1
1341.3	1.325e3
1342.0	1.600e1
1342.8	5.400e2
1343.9	1.120e3
1344.5	4.200e2
1345.9	1.159e3
1346.8	1.219e3
1347.9	1.830e2
1348.7	1.090e2
1349.3	1.777e3
1349.8	1.380e2
1350.5	1.492e3
1351.7	1.006e3
1352.6	4.600e1
1353.4	7.690e2
1354.2	6.810e2
1355.0	7.350e2
1355.8	1.173e3
1356.6	4.070e2
1357.4	2.060e2
1358.2	2.690e2
1358.9	2.020e3
1360.1	1.355e3
1360.8	3.230e2
1361.6	1.525e3
1362.3	2.620e2
1362.8	1.534e3
1363.8	2.460e2
1364.5	1.250e3
1365.3	1.532e3
1366.1	4.700e2
1368.0	3.560e2
1368.6	1.540e2
1369.5	6.130e2
1370.6	1.302e3
1371.4	1.840e2
1372.1	1.017e3
1372.9	4.190e2
1373.6	1.444e3
1374.3	1.100e2
1375.0	1.225e3
1375.7	1.990e2
1376.5	6.650e2
1377.3	1.160e2
1378.1	7.210e2
1378.8	1.330e2
1379.5	5.930e2
1380.9	1.472e3
1381.6	2.470e2
1382.3	7.770e2
1382.9	4.210e2
1383.6	8.030e2
1384.2	3.310e2
1385.1	4.410e2
1385.7	6.870e2
1386.5	4.690e2
1387.1	1.526e3
1387.9	7.010e2
1388.7	4.150e2
1389.9	3.090e2
1391.0	7.330e2
1391.8	1.880e2
1392.8	1.800e3
1393.4	1.510e2
1394.0	1.580e2
1394.6	2.240e2
1395.5	5.960e2
1396.6	1.096e3
1397.8	6.900e1
1398.8	8.900e2
1400.2	4.400e2
1400.8	1.630e2
1401.4	1.086e3
1402.7	3.410e2
1403.2	1.180e2
1403.8	8.590e2
1404.5	6.870e2
1405.3	7.490e2
1405.9	2.110e2
1406.7	2.450e2
1407.3	1.400e1
1407.8	6.750e2
1409.1	4.150e2
1409.9	1.938e3
1411.0	8.450e2
1412.2	7.410e2
1413.8	3.010e2
1414.5	1.033e3
1415.3	1.405e3
1416.4	1.051e3
1417.5	5.730e2
1418.0	1.370e2
1418.9	2.400e1
1420.0	2.500e1
1420.5	6.560e2
1421.1	9.300e1
1421.7	6.340e2
1422.4	2.740e2
1423.2	4.310e2
1423.8	9.200e1
1424.5	8.160e2
1425.4	5.400e2
1426.2	2.930e2
1426.8	1.350e2
1427.4	7.230e2
1428.0	4.870e2
1429.2	1.264e3
1430.4	9.020e2
1431.3	7.860e2
1432.4	1.095e3
1432.9	2.700e1
1433.6	5.090e2
1434.4	2.270e2
1435.2	7.970e2
1436.2	4.450e2
1437.0	1.870e3
1438.0	1.590e2
1438.6	1.260e2
1439.5	3.120e2
1440.1	8.020e2
1440.7	1.400e2
1441.6	1.137e3
1442.7	3.620e2
1444.2	1.474e3
1446.4	1.090e2
1447.2	5.900e2
1448.1	6.780e2
1449.0	4.650e2
1450.1	9.370e2
1451.1	5.000e2
1451.6	1.130e2
1452.6	3.740e2
1453.3	2.760e3
1453.9	1.420e2
1455.4	5.450e2
1456.3	6.010e2
1456.9	3.100e1
1457.7	8.410e2
1458.3	5.000e1
1458.8	1.113e3
1459.4	5.800e1
1460.1	5.100e1
1460.7	7.150e2
1461.7	8.170e2
1462.6	2.910e2
1463.4	3.850e2
1464.6	3.850e2
1466.2	2.069e3
1467.4	3.450e2
1468.1	5.340e2
1468.7	2.500e1
1469.3	8.140e2
1470.3	1.200e2
1471.0	4.350e2
1472.6	7.640e2
1473.5	1.042e3
1474.4	7.170e2
1475.5	1.060e2
1476.4	8.780e2
1477.1	5.990e2
1477.9	5.140e2
1478.6	2.910e2
1479.5	7.600e2
1480.1	2.090e2
1481.1	7.180e2
1482.4	9.950e2
1483.6	4.720e2
1484.6	1.130e3
1485.6	3.390e2
1486.3	8.500e1
1487.0	4.740e2
1487.7	2.243e3
1489.2	9.020e2
1489.8	6.560e2
1490.8	5.250e2
1491.6	3.460e2
1492.8	2.090e2
1493.6	5.690e2
1494.8	4.610e2
1496.3	2.950e2
1497.3	1.261e3
1497.8	2.040e2
1498.5	7.210e2
1499.8	1.580e2
1500.5	1.726e3
1501.4	9.120e2
1502.1	1.750e2
1502.9	1.135e3
1503.9	1.046e3
1505.0	8.100e2
1505.9	1.132e3
1506.6	3.120e2
1507.4	1.061e3
1508.2	1.880e3
1509.8	2.460e2
1510.5	1.680e2
1511.2	7.500e1
1511.8	3.640e2
1512.5	4.700e1
1513.1	1.380e2
1514.1	8.430e2
1514.9	3.980e2
1515.9	6.660e2
1516.8	1.115e3
1517.6	4.790e2
1518.3	1.381e3
1520.0	1.520e2
1520.9	9.200e2
1521.6	2.070e2
1522.2	1.030e2
1522.8	1.091e3
1523.5	1.980e2
1524.0	3.100e1
1524.5	1.900e1
1525.2	7.030e2
1526.0	2.590e2
1526.6	6.780e2
1527.7	7.910e2
1528.3	8.400e1
1529.6	1.000e2
1530.3	8.120e2
1531.6	9.630e2
1533.1	5.770e2
1534.3	6.150e2
1534.8	1.360e2
1535.5	3.310e2
1536.2	6.340e2
1537.0	1.244e3
1537.8	7.070e2
1538.8	8.500e1
1539.8	9.790e2
1540.8	2.650e2
1542.3	2.450e3
1543.2	8.800e1
1543.9	2.760e2
1544.9	9.400e2
1545.6	1.107e3
1546.4	1.380e2
1546.9	1.825e3
1547.8	9.870e2
1548.4	1.280e2
1549.3	1.680e2
1549.9	2.440e2
1551.2	1.745e3
1552.0	3.090e2
1552.7	2.070e2
1553.7	4.580e2
1554.8	6.390e2
1556.0	9.080e2
1557.0	2.780e2
1557.7	8.460e2
1558.6	3.790e2
1559.2	5.680e2
1559.8	3.770e2
1560.5	1.739e3
1561.2	2.330e2
1562.1	4.300e1
1563.3	1.116e3
1564.5	7.070e2
1565.2	2.000e1
1565.7	1.150e2
1566.5	4.980e2
1567.1	1.192e3
1568.0	7.900e1
1568.8	6.560e2
1570.1	4.300e1
1570.9	1.559e3
1571.9	3.780e2
1573.3	8.900e1
1574.2	2.940e2
1575.0	1.020e2
1575.8	6.620e2
1576.6	1.122e3
1577.6	6.770e2
1578.4	4.230e2
1579.2	9.450e2
1579.7	7.000e1
1580.4	3.150e2
1581.6	2.670e2
1582.4	6.190e2
1582.9	1.842e3
1583.7	7.630e2
1584.2	6.700e1
1585.1	2.040e2
1586.9	1.041e3
1588.0	3.290e2
1589.1	1.054e3
1589.7	2.770e2
1591.3	2.500e2
1592.3	1.752e3
1593.4	4.970e2
1594.3	1.530e2
1595.4	2.700e2
1596.7	5.340e2
1598.1	1.100e2
1598.7	1.709e3
1599.5	3.100e1
1600.0	1.698e3
1600.7	2.720e2
1601.4	8.890e2
1602.5	3.000e1
1603.0	1.369e3
1604.5	2.590e2
1605.1	2.180e3
1606.0	9.900e1
1607.4	6.770e2
1608.0	2.100e1
1608.8	1.700e2
1609.9	2.010e2
1610.5	3.910e2
1611.7	2.100e2
1612.6	7.750e2
1613.4	3.430e2
1614.3	1.330e2
1614.9	6.900e1
1616.0	1.968e3
1616.7	7.950e2
1618.0	9.650e2
1618.9	5.290e2
1619.8	1.310e2
1620.8	3.820e2
1621.6	1.102e3
1622.4	4.240e2
1623.1	1.850e2
1624.6	4.920e2
1625.5	1.800e2
1626.6	8.500e1
1627.6	1.770e2
1628.4	4.720e2
1629.2	5.640e2
1630.3	4.430e2
1631.0	7.910e2
1631.8	1.000e2
1632.4	1.230e3
1633.1	3.800e1
1634.7	1.180e2
1635.7	7.950e2
1636.6	7.860e2
1637.2	1.950e2
1637.8	2.690e2
1639.0	3.620e2
1639.7	2.170e2
1640.3	7.800e1
1641.0	6.900e1
1642.1	8.020e2
1642.8	1.750e2
1643.7	7.110e2
1644.7	3.630e2
1645.6	3.850e2
1646.3	7.160e2
1646.9	1.490e2
1648.6	1.230e3
1649.5	5.440e2
1650.2	1.760e2
1651.0	1.269e3
1652.1	5.440e2
1653.6	1.110e2
1654.1	3.290e2
1654.9	6.300e1
1655.6	3.050e2
1656.7	9.100e1
1657.8	2.800e1
1658.7	6.440e2
1660.4	1.120e2
1661.6	1.008e3
1662.2	8.000e1
1663.0	5.030e2
1663.8	1.790e2
1664.7	1.061e3
1665.6	4.070e2
1666.6	7.100e1
1667.6	2.120e2
1668.3	2.270e2
1669.1	9.350e2
1670.1	8.380e2
1670.9	9.400e1
1671.5	8.420e2
1672.3	8.400e1
1673.0	9.710e2
1674.0	6.260e2
1674.7	1.054e3
1675.7	7.610e2
1676.5	5.520e2
1678.1	2.080e2
1679.1	4.870e2
1680.5	3.330e2
1681.7	9.910e2
1682.3	3.900e1
1683.0	8.100e1
1683.5	8.300e1
1684.2	1.271e3
1684.9	3.500e1
1686.0	6.680e2
1686.8	3.440e2
1687.7	1.580e2
1688.4	1.090e2
1689.2	8.100e2
1690.7	3.790e2
1691.6	3.360e2
1693.2	1.750e3
1693.9	3.340e2
1694.8	1.277e3
1695.8	2.190e2
1696.8	5.990e2
1697.8	4.490e2
1698.7	2.100e1
1699.4	1.385e3
1700.2	2.500e1
1701.4	5.490e2
1702.2	4.760e2
1703.3	1.800e1
1704.2	2.190e2
1705.4	1.970e2
1706.3	1.800e2
1707.2	1.490e2
1707.7	1.580e2
1708.5	9.600e1
1709.5	1.182e3
1710.3	1.140e2
1711.3	3.230e2
1712.7	9.600e1
1713.5	2.530e2
1714.7	3.620e2
1715.7	1.230e2
1717.2	1.177e3
1717.7	2.200e2
1718.8	3.150e2
1719.7	6.240e2
1720.9	8.900e2
1721.8	6.860e2
1722.9	7.790e2
1723.6	3.500e2
1724.3	1.850e2
1725.4	3.950e2
1726.4	6.350e2
1727.1	8.300e1
1727.8	5.000e2
1728.7	2.520e2
1729.5	4.290e2
1731.1	5.180e2
1731.9	8.920e2
1732.5	7.000e1
1733.0	8.900e2
1733.8	5.860e2
1734.6	2.760e2
1735.6	1.630e2
1736.8	4.230e2
1737.5	4.180e2
1739.3	5.590e2
1740.5	6.560e2
1741.2	9.100e1
1742.1	4.970e2
1743.7	7.190e2
1744.4	3.090e2
1745.0	2.250e2
1745.9	1.324e3
1747.3	3.780e2
1748.2	5.620e2
1748.7	8.100e1
1749.7	6.500e2
1751.0	1.580e2
1751.6	6.080e2
1752.3	2.250e2
1754.3	1.140e2
1754.9	2.510e2
1755.5	5.910e2
1756.1	1.290e2
1756.8	5.760e2
1757.3	4.490e2
1758.5	6.680e2
1759.3	2.350e2
1760.2	6.470e2
1761.7	1.300e2
1762.5	2.440e2
1764.6	1.920e2
1765.2	4.440e2
1765.9	5.550e2
1767.6	4.780e2
1768.5	2.950e2
1769.3	3.950e2
1770.5	5.980e2
1771.4	7.530e2
1772.0	2.140e2
1773.2	2.030e2
1774.1	6.120e2
1774.9	5.770e2
1775.6	1.960e2
1776.8	9.090e2
1777.4	2.330e2
1778.3	1.150e3
1779.0	5.300e1
1780.1	8.070e2
1781.6	3.560e2
1782.5	5.330e2
1783.4	4.030e2
1784.3	7.300e2
1785.5	4.890e2
1786.2	2.510e2
1787.0	8.510e2
1787.9	5.740e2
1788.8	1.440e2
1789.3	5.140e2
1790.2	1.315e3
1791.1	9.800e1
1791.7	5.870e2
1792.7	1.145e3
1793.2	2.150e2
1793.9	9.230e2
1794.5	7.000e1
1795.6	1.580e2
1796.4	1.220e2
1797.7	9.690e2
1798.6	1.070e2
1799.3	3.400e1
1800.0	5.270e2
1800.6	1.650e2
1801.3	4.070e2
1802.3	4.710e2
1803.1	7.490e2
1804.2	2.270e2
1805.4	3.650e2
1806.1	1.950e2
1807.3	6.360e2
1808.3	1.930e2
1809.4	1.110e2
1810.1	2.650e2
1810.7	4.330e2
1811.5	1.740e2
1813.3	1.010e2
1814.0	2.730e2
1814.9	3.980e2
1816.0	2.910e2
1816.7	3.300e1
1817.3	1.240e2
1818.2	1.430e2
1819.7	1.260e2
1820.7	7.280e2
1821.6	1.500e2
1822.3	9.300e1
1823.2	3.370e2
1824.7	7.220e2
1826.0	5.900e1
1826.6	1.960e2
1827.4	4.270e2
1828.2	1.690e2
1829.6	5.980e2
1830.4	9.200e1
1831.6	2.790e2
1832.4	1.666e3
1833.4	5.310e2
1834.4	9.700e1
1835.3	1.240e2
1836.1	2.500e1
1836.7	2.040e2
1837.5	1.289e3
1838.4	4.840e2
1839.0	1.860e2
1839.5	2.950e2
1840.1	7.630e2
1841.5	4.950e2
1842.3	4.510e2
1843.4	2.790e2
1844.2	2.200e2
1844.9	2.020e2
1845.7	6.710e2
1846.2	6.850e2
1847.0	1.736e3
1847.9	4.910e2
1848.5	5.600e2
1849.6	2.650e2
1850.6	9.040e2
1851.8	6.360e2
1853.3	1.540e2
1854.0	3.500e2
1854.6	7.560e2
1855.1	7.100e1
1855.9	4.280e2
1856.5	3.100e1
1857.2	5.480e2
1858.2	7.570e2
1859.1	5.900e2
1859.9	4.460e2
1861.1	7.900e1
1862.2	2.050e2
1862.8	1.730e2
1864.5	3.160e2
1865.2	4.700e1
1867.3	4.100e1
1868.0	4.600e1
1868.7	3.160e2
1869.5	8.700e1
1870.1	1.310e2
1870.8	1.300e1
1871.4	3.540e2
1873.1	1.710e2
1874.1	2.650e2
1875.9	4.880e2
1876.6	1.220e2
1879.2	1.380e2
1880.9	5.970e2
1883.3	2.210e2
1884.4	2.060e2
1886.0	3.700e1
1886.6	3.040e2
1887.4	3.800e1
1888.5	1.850e2
1889.4	1.490e2
1890.4	1.750e2
1891.5	1.900e1
1892.2	1.360e2
1892.9	2.110e2
1894.3	5.680e2
1895.5	3.290e2
1896.6	5.320e2
1897.3	7.410e2
1898.3	5.710e2
1899.4	1.700e2
1900.8	1.040e2
1901.9	3.770e2
1902.6	1.420e2
1903.1	9.200e1
1903.7	3.080e2
1904.5	1.300e1
1905.1	2.200e2
1905.9	1.200e1
1906.8	2.920e2
1907.5	2.480e2
1908.4	1.670e2
1909.1	6.190e2
1910.1	2.140e2
1910.9	4.120e2
1912.5	3.150e2
1913.0	7.260e2
1913.9	9.600e2
1914.5	4.350e2
1915.4	2.490e2
1917.6	1.300e1
1919.5	1.090e2
1920.3	2.100e2
1921.6	3.000e2
1922.3	2.370e2
1923.5	4.490e2
1926.0	3.370e2
1927.6	3.140e2
1928.1	8.900e1
1928.6	2.980e2
1930.6	6.030e2
1931.6	2.800e2
1932.9	7.100e2
1934.0	6.070e2
1935.6	7.430e2
1937.1	3.130e2
1939.3	4.300e1
1940.6	4.050e2
1941.3	1.500e1
1941.9	7.400e1
1942.5	1.650e2
1944.0	6.140e2
1944.7	6.300e1
1945.5	6.870e2
1946.5	5.400e1
1947.5	2.330e2
1948.4	1.200e1
1949.2	6.020e2
1950.2	1.300e1
1950.8	1.240e2
1952.3	1.760e2
1953.2	2.150e2
1954.2	7.910e2
1954.9	2.000e1
1955.4	2.420e2
1957.2	3.380e2
1959.3	5.250e2
1960.2	3.450e2
1961.1	1.167e3
1962.2	2.470e2
1962.8	4.000e1
1963.7	1.600e2
1964.4	8.780e2
1965.9	4.130e2
1966.4	2.800e1
1967.4	3.500e1
1968.1	9.100e1
1968.7	7.200e1
1969.8	3.910e2
1970.8	3.440e2
1972.7	6.480e2
1973.4	1.500e1
1974.3	2.110e2
1975.9	9.900e1
1977.0	1.062e3
1978.0	1.800e1
1978.5	4.200e1
1979.2	7.630e2
1981.4	3.240e2
1982.7	4.250e2
1983.8	3.920e2
1984.4	2.880e2
1986.2	1.034e3
1988.4	2.800e1
1989.1	9.000e1
1989.9	6.540e2
1990.7	1.350e2
1991.2	4.910e2
1991.9	3.530e2
1992.7	1.200e1
1993.6	5.410e2
1994.4	1.600e1
1995.4	4.050e2
1996.9	5.510e2
1998.5	5.710e2
