100.2	5.891e3
101.0	8.659e4
102.0	1.856e4
103.0	1.920e4
103.9	9.040e2
105.0	4.240e3
106.0	4.520e2
106.9	6.520e2
108.0	1.847e4
109.0	1.867e3
110.0	5.130e2
111.0	1.584e3
111.7	8.800e1
112.3	4.650e2
113.0	1.235e5
114.1	3.205e3
115.0	7.723e3
116.0	4.372e3
117.0	1.252e5
118.0	1.430e4
118.5	4.000e0
119.0	1.066e4
120.0	1.079e3
121.1	1.156e3
122.0	2.860e2
123.0	1.113e3
124.0	1.479e3
125.1	2.709e3
125.9	2.352e3
127.0	1.462e3
128.0	1.680e3
129.1	1.796e3
130.0	1.063e4
131.0	2.855e3
132.1	8.420e2
133.0	3.731e3
134.0	5.640e2
135.0	7.130e3
136.0	2.220e3
137.0	4.467e3
138.0	1.110e3
139.0	2.536e3
140.0	1.262e3
140.5	2.400e1
141.1	3.455e3
142.0	1.715e3
143.0	2.745e3
144.0	1.202e3
145.0	1.118e4
146.0	6.712e3
147.0	2.469e4
147.6	7.900e1
148.2	3.712e3
149.1	2.497e3
150.0	4.107e3
151.1	3.244e3
152.0	1.375e4
153.1	4.665e3
154.0	1.495e3
155.1	2.748e3
156.1	3.137e3
157.1	2.968e3
158.0	1.810e3
159.0	3.409e3
160.0	2.119e3
160.9	1.488e4
161.9	1.325e3
162.9	1.378e4
163.9	1.138e3
165.0	6.658e3
165.5	2.700e1
166.0	8.080e2
166.6	2.900e1
167.1	2.290e3
168.0	2.336e3
168.5	3.700e1
169.1	5.776e3
170.1	1.990e3
171.1	2.613e3
172.0	1.515e3
173.0	3.015e3
174.0	5.286e3
175.0	2.363e4
176.0	5.198e3
177.0	3.820e3
178.0	1.215e3
179.1	3.851e3
180.1	1.383e3
180.6	7.100e1
181.1	3.740e4
182.1	2.924e3
183.0	2.108e3
184.0	2.052e3
185.0	2.083e3
186.0	3.154e3
187.0	4.580e3
188.0	2.150e3
189.0	2.531e3
190.0	2.562e3
190.5	4.600e1
191.0	1.539e4
192.1	2.551e3
193.1	7.585e3
194.0	2.154e3
195.0	7.973e3
195.9	9.697e3
197.0	3.455e3
197.9	1.099e4
199.0	2.293e3
199.9	6.511e3
201.0	4.680e3
202.0	3.744e3
202.6	8.000e0
203.1	1.566e3
204.0	2.338e3
205.1	2.776e3
206.0	1.138e3
207.0	1.228e4
208.0	2.599e3
208.6	1.400e2
209.1	3.261e3
210.1	1.964e3
211.1	3.202e3
212.1	1.870e4
213.1	4.725e3
213.6	6.000e0
214.1	2.676e3
215.1	2.515e3
216.1	1.365e3
217.0	4.684e3
218.0	3.759e3
219.0	4.836e3
219.5	1.220e2
220.1	8.858e3
221.1	5.914e3
222.0	4.584e3
222.6	8.100e1
223.1	3.325e3
224.0	2.722e3
224.9	3.736e3
226.0	2.757e3
227.0	3.119e3
227.6	9.100e1
228.1	2.222e3
229.1	2.649e3
230.1	3.883e3
231.1	1.668e3
232.1	1.680e3
233.1	2.487e3
234.0	1.993e3
235.0	2.386e3
236.0	6.476e3
237.1	1.798e3
237.6	3.400e1
238.1	1.713e3
239.0	6.629e3
240.0	4.406e3
240.5	1.680e2
241.1	3.051e3
242.1	5.050e3
243.1	8.189e3
244.1	9.994e3
245.0	1.992e3
245.9	3.572e3
247.0	1.875e3
248.0	3.578e3
248.5	7.900e1
249.1	8.815e4
250.1	6.899e3
251.0	4.255e3
251.5	2.800e1
252.1	2.496e3
253.1	2.314e3
254.0	1.565e3
255.0	3.300e3
255.8	6.960e2
256.6	1.484e3
257.1	8.200e1
257.7	1.609e3
258.3	4.840e2
259.1	3.224e3
260.0	2.464e3
261.0	3.238e3
262.0	4.600e3
263.0	4.746e3
264.0	3.362e3
264.6	3.500e1
265.1	5.353e3
266.0	5.946e3
266.6	3.200e1
267.1	4.182e3
268.0	3.090e3
269.0	4.230e3
270.0	2.785e3
270.5	8.200e1
271.2	2.069e3
272.1	1.142e3
273.0	3.389e3
273.5	4.200e1
274.1	1.230e3
275.0	1.382e4
276.0	3.484e3
277.0	3.101e3
277.9	9.110e2
278.8	3.848e3
279.4	5.550e2
280.0	2.758e3
280.5	1.400e1
281.0	3.637e3
282.0	2.362e3
283.0	2.125e3
284.0	2.660e3
285.0	2.892e3
285.9	2.319e3
287.0	3.372e3
287.5	5.000e0
288.1	1.423e4
289.0	5.415e3
290.0	2.636e3
291.0	5.672e3
292.0	3.197e3
292.5	2.800e1
293.2	4.747e3
294.1	1.808e3
295.1	3.724e3
296.0	1.828e3
296.6	2.900e1
297.1	2.571e3
298.0	4.037e3
298.6	1.400e1
299.1	2.763e3
300.0	1.524e3
301.0	4.383e3
302.0	2.596e3
303.0	2.520e3
304.0	2.701e3
305.0	5.612e3
306.0	2.480e3
306.5	9.000e1
307.0	6.897e3
308.0	4.848e3
308.5	9.300e1
309.2	6.203e3
310.1	3.163e3
311.1	1.044e4
312.1	6.874e3
313.0	5.858e3
313.5	3.120e2
314.1	2.570e3
314.7	2.600e1
315.2	3.550e3
316.0	1.385e3
316.6	7.000e0
317.1	1.048e5
317.6	2.600e1
318.1	5.707e3
319.1	5.324e3
320.0	2.265e3
320.5	2.110e2
321.1	3.880e3
321.9	1.575e3
322.5	6.800e1
323.1	3.754e3
324.0	5.295e3
324.5	1.550e2
325.1	5.886e3
326.0	2.887e3
327.1	5.919e3
328.0	7.753e3
329.1	9.315e3
330.0	4.961e3
331.0	7.525e3
332.0	2.181e3
332.5	7.100e1
333.1	6.188e3
334.0	5.952e3
335.0	3.301e3
335.9	2.657e3
336.5	7.100e1
337.0	4.726e3
338.0	3.913e3
338.5	1.290e2
339.1	5.531e3
340.0	4.764e3
341.0	4.192e3
341.5	5.100e1
342.0	3.065e3
343.0	1.181e4
343.9	3.604e3
344.9	3.140e3
345.9	4.133e3
346.5	1.090e2
347.0	4.798e3
348.0	2.268e3
348.6	3.030e2
349.1	5.050e3
350.0	3.726e3
350.5	5.000e1
351.0	4.639e3
352.0	2.160e3
353.0	9.373e3
354.0	3.117e3
355.0	5.537e3
355.6	1.130e2
356.1	1.863e4
357.1	6.422e3
358.0	2.752e3
359.0	3.949e3
360.0	2.783e3
360.6	1.270e2
361.1	2.101e3
362.0	1.632e3
362.6	6.800e1
363.1	2.883e3
363.9	1.660e3
364.4	7.000e0
365.0	2.770e3
365.5	3.400e1
366.0	4.403e3
366.5	1.700e1
367.0	2.707e3
367.9	2.661e3
368.5	2.420e2
369.1	7.517e3
370.0	2.241e3
371.0	2.412e3
372.0	2.203e3
372.9	3.319e3
373.9	1.748e3
374.6	2.600e1
375.1	5.427e3
376.1	2.819e3
376.6	1.060e2
377.1	2.887e3
378.0	2.625e3
378.5	1.170e2
379.0	1.219e4
380.1	3.637e3
381.1	3.606e3
382.0	2.337e3
382.8	2.359e3
383.6	4.127e3
384.3	6.900e2
385.1	5.737e4
385.6	2.190e2
386.2	5.800e3
387.1	3.413e3
388.0	1.955e3
388.5	1.820e2
389.1	2.730e3
390.0	2.191e3
390.7	3.800e2
391.4	4.236e3
392.1	1.472e3
393.1	2.624e3
394.0	3.623e3
394.5	7.000e0
395.1	5.963e3
396.0	3.175e3
396.5	7.300e1
397.0	9.903e3
398.0	6.205e3
398.6	6.500e1
399.1	6.316e3
400.0	2.686e3
401.1	5.058e3
402.0	3.898e3
402.9	2.766e3
403.5	7.700e1
404.0	2.655e3
404.5	1.800e1
405.1	2.847e3
406.0	2.037e3
407.0	2.523e3
407.9	3.368e3
408.6	2.900e2
409.2	4.248e3
410.1	2.572e3
411.1	8.596e3
411.9	3.036e3
412.4	4.700e1
413.0	3.257e3
413.5	5.300e1
414.0	1.934e3
414.5	1.330e2
415.0	3.056e3
415.6	1.560e2
416.2	2.244e3
417.1	4.253e3
418.0	2.181e3
418.8	4.700e2
419.4	3.080e3
420.3	7.430e2
421.0	5.451e3
421.9	1.934e3
422.5	7.300e1
423.1	4.209e3
424.1	1.119e4
424.6	1.300e2
425.1	4.902e3
426.0	2.350e3
427.1	5.256e3
428.1	2.307e3
428.6	1.950e2
429.2	2.776e3
430.1	2.240e3
430.6	1.510e2
431.2	2.863e3
431.9	7.240e2
432.6	2.212e3
433.5	9.313e3
434.1	1.014e3
434.7	4.897e3
435.7	3.502e3
436.3	1.118e3
437.1	3.862e3
438.0	3.140e3
439.0	2.813e3
439.9	3.067e3
440.6	8.800e2
441.3	4.170e3
442.1	2.254e3
443.0	5.599e3
443.9	4.496e3
444.6	2.170e2
445.1	3.482e3
446.0	4.158e3
447.0	5.482e3
448.0	3.139e3
448.9	2.780e3
449.4	8.500e1
449.9	2.489e3
451.0	3.774e3
451.5	1.640e2
452.0	2.384e3
453.1	4.521e4
454.0	6.450e3
454.5	1.300e1
455.0	4.492e3
455.8	2.001e3
456.5	5.320e2
457.1	4.055e3
458.0	2.157e3
458.6	2.500e2
459.2	3.593e3
460.0	2.425e3
460.9	3.741e3
461.9	2.776e3
462.6	8.880e2
463.3	5.888e3
464.0	2.369e3
464.8	3.212e3
465.5	1.364e4
466.1	6.570e2
466.6	7.478e3
467.5	3.625e3
468.3	6.580e2
469.1	4.364e3
470.0	4.496e3
470.5	8.300e1
471.1	2.464e3
471.9	1.693e3
472.6	2.304e3
473.5	6.080e3
474.0	3.950e2
474.6	3.263e3
475.3	9.460e2
476.0	3.017e3
477.0	3.209e3
478.0	2.720e3
479.0	1.180e4
479.9	3.010e3
480.9	3.251e3
481.7	5.635e3
482.3	6.980e2
483.0	2.746e3
484.0	2.515e3
484.5	3.170e2
485.1	5.830e3
485.9	2.413e3
486.9	3.841e3
487.9	3.095e3
488.5	4.020e2
489.1	4.346e3
489.9	2.155e3
490.6	5.220e2
491.2	4.908e3
492.1	1.387e4
493.1	5.706e3
494.1	2.999e3
495.0	5.590e3
496.0	3.888e3
497.0	3.210e3
498.0	3.198e3
498.7	7.020e2
499.4	2.911e3
500.2	1.630e3
501.0	3.193e3
502.0	3.553e3
502.7	8.130e2
503.4	3.225e3
504.1	1.105e3
504.8	3.551e3
505.4	2.280e2
506.0	3.744e3
507.0	3.315e3
507.5	6.800e1
508.0	1.988e3
508.9	3.506e3
509.8	2.862e3
510.4	1.210e2
511.0	5.959e3
512.1	2.461e3
513.0	3.617e3
513.5	9.000e1
514.0	3.121e3
515.0	4.912e3
516.0	3.063e3
517.0	2.401e3
517.6	1.100e2
518.1	2.773e3
518.8	4.990e2
519.3	3.759e3
520.2	1.677e3
521.1	4.005e4
522.0	6.118e3
522.6	3.240e2
523.2	3.928e3
523.8	4.990e2
524.4	3.393e3
525.4	4.132e3
526.2	1.988e3
526.9	5.090e2
527.5	4.436e3
528.1	9.280e2
529.0	2.388e3
530.0	2.177e3
530.5	3.330e2
531.1	4.182e3
532.0	2.167e3
533.0	5.096e3
534.0	4.205e3
534.9	3.961e3
535.9	3.124e3
536.5	1.800e2
537.0	4.141e3
537.5	2.200e1
538.0	4.665e3
539.0	2.889e3
539.6	3.420e2
540.1	4.598e3
540.7	3.550e2
541.3	3.947e3
542.1	1.512e3
542.6	1.700e1
543.2	3.601e3
543.9	8.560e2
544.5	3.410e3
545.2	1.398e3
546.0	2.774e3
547.0	1.045e4
548.0	2.865e3
549.0	3.710e3
549.9	2.150e3
550.4	7.300e1
550.9	3.755e3
551.4	2.000e1
552.0	2.248e3
552.5	5.700e1
553.0	3.272e3
553.9	2.370e3
554.4	2.310e2
555.0	3.674e3
555.9	2.627e3
556.4	7.500e1
557.0	3.153e3
557.9	2.265e3
559.0	3.364e3
559.5	4.200e2
560.1	9.048e3
561.0	3.256e3
562.0	1.852e3
562.8	2.893e3
563.6	5.215e3
564.3	1.134e3
565.0	3.140e3
565.8	1.410e3
566.7	2.568e3
567.3	3.180e2
567.9	2.844e3
568.4	5.000e1
568.9	3.067e3
569.8	2.083e3
570.5	8.650e2
571.3	3.836e3
572.1	1.629e3
573.0	2.561e3
573.9	2.830e3
574.4	4.400e1
575.1	2.603e3
576.1	2.375e3
577.0	2.728e3
577.9	1.435e3
578.4	1.030e2
579.0	4.944e3
579.9	2.636e3
580.5	1.340e2
581.0	3.313e3
581.8	2.014e3
582.4	4.340e2
583.0	4.313e3
584.0	3.337e3
585.0	3.213e3
585.9	2.922e3
586.9	3.857e3
587.8	2.671e3
588.4	9.070e2
589.1	2.816e4
590.0	5.486e3
591.0	3.200e3
592.0	2.722e3
592.6	4.330e2
593.2	3.114e3
594.0	1.044e3
594.9	3.770e3
595.4	4.210e2
596.0	3.635e3
597.0	2.681e3
597.9	2.345e3
598.9	3.073e3
599.9	3.149e3
600.5	5.200e2
601.2	4.326e3
602.0	3.462e3
603.0	4.097e3
603.9	1.883e3
604.9	3.210e3
605.9	4.749e3
606.8	2.257e3
607.7	3.205e3
608.4	4.800e2
609.0	2.746e3
610.0	3.315e3
610.5	3.200e1
611.1	2.407e3
612.1	3.011e3
613.2	3.117e3
614.1	1.491e3
615.0	7.756e3
615.9	4.600e3
616.9	2.848e3
617.8	2.072e3
618.7	2.606e3
619.4	8.870e2
620.1	2.777e3
621.0	3.480e3
622.0	2.029e3
622.9	2.305e3
623.9	2.932e3
624.4	1.910e2
625.0	3.142e3
626.0	1.820e3
626.5	3.500e1
627.1	3.906e3
627.6	7.300e1
628.1	7.610e3
629.1	4.555e3
629.6	7.800e1
630.1	1.893e3
631.1	5.310e3
632.1	2.377e3
633.0	3.083e3
633.9	1.474e3
634.9	2.417e3
635.4	1.670e2
636.0	1.576e3
636.6	7.700e1
637.1	2.022e3
637.9	2.518e3
638.9	1.889e3
639.8	2.421e3
640.8	2.025e3
641.6	2.921e3
642.2	4.860e2
642.9	2.268e3
643.4	4.000e0
644.0	1.590e3
645.0	2.605e3
645.5	2.190e2
646.1	2.512e3
647.1	4.101e3
647.9	2.492e3
648.5	3.720e2
649.1	2.648e3
650.1	1.604e3
651.0	2.676e3
651.9	2.189e3
652.9	2.036e3
653.8	3.007e3
654.4	1.720e2
655.0	3.134e3
656.0	1.850e3
656.5	2.650e2
657.1	2.110e4
658.1	4.902e3
658.6	3.700e1
659.1	3.039e3
660.1	1.777e3
661.0	2.669e3
661.9	2.021e3
662.9	2.677e3
663.9	1.778e3
664.7	2.572e3
665.4	5.320e2
666.0	1.989e3
667.0	3.785e3
667.5	2.920e2
668.1	2.809e3
668.9	2.286e3
669.7	4.175e3
670.3	7.180e2
671.0	3.952e3
671.9	1.510e3
672.9	3.404e3
673.8	3.515e3
674.8	2.320e3
675.4	3.790e2
676.0	1.606e3
677.0	2.259e3
677.9	2.016e3
678.4	5.100e1
678.9	2.723e3
679.9	2.876e3
680.5	2.550e2
681.2	2.433e3
682.1	1.227e3
683.1	9.910e3
684.0	4.226e3
685.0	2.478e3
685.5	1.250e2
686.0	3.187e3
686.9	1.805e3
687.8	2.016e3
688.4	1.360e2
689.0	3.669e3
689.6	1.730e2
690.1	2.782e3
690.8	9.530e2
691.6	3.276e3
692.5	2.214e3
693.3	3.285e3
694.1	1.399e3
694.9	4.451e3
695.5	1.400e1
696.1	6.432e3
697.0	2.511e3
697.5	6.000e0
698.0	2.346e3
698.9	6.251e3
699.9	3.953e3
700.5	2.320e2
701.0	2.419e3
701.9	1.583e3
702.9	2.542e3
703.6	2.440e2
704.2	2.587e3
705.1	3.477e3
705.8	1.380e3
706.6	3.320e2
707.2	2.665e3
708.1	1.426e3
709.0	3.419e3
710.0	2.231e3
711.0	2.996e3
712.0	2.948e3
712.8	1.766e3
713.7	2.701e3
714.3	5.960e2
714.9	6.070e3
715.8	2.976e3
716.6	1.142e3
717.3	4.469e3
718.2	1.730e3
719.1	2.796e3
720.0	3.105e3
720.9	3.128e3
721.5	1.880e2
722.1	3.055e3
722.6	7.100e1
723.1	2.074e3
724.1	2.496e3
725.1	1.693e4
726.1	4.741e3
726.9	1.461e3
727.7	2.845e3
728.2	4.700e1
728.8	1.737e3
729.7	2.354e3
730.5	5.430e2
731.2	2.629e3
731.9	1.429e3
732.7	2.879e3
733.4	4.220e2
734.0	2.458e3
734.7	7.590e2
735.3	3.642e3
736.2	1.794e3
737.0	4.264e3
737.9	2.356e3
738.9	2.945e3
739.5	9.000e0
740.1	1.791e3
741.0	3.736e3
741.9	2.841e3
742.5	2.930e2
743.1	3.912e3
744.0	1.386e3
744.9	3.171e3
745.8	2.194e3
746.8	2.699e3
747.7	2.268e3
748.7	2.799e3
749.3	3.620e2
749.9	1.916e3
750.5	4.200e1
751.0	8.847e3
751.9	2.408e3
752.7	2.989e3
753.2	1.120e2
753.7	2.903e3
754.3	3.530e2
754.9	1.735e3
755.8	1.975e3
756.3	1.070e2
756.9	2.450e3
757.9	1.900e3
758.8	2.699e3
759.8	1.914e3
760.8	2.878e3
761.8	2.318e3
762.9	2.653e3
763.5	2.800e2
764.1	5.449e3
764.7	4.420e2
765.3	3.376e3
766.2	1.960e3
767.1	4.405e3
767.8	1.477e3
768.7	2.564e3
769.3	1.560e2
769.8	2.654e3
770.8	2.052e3
771.7	2.370e3
772.7	1.634e3
773.5	2.676e3
774.2	5.210e2
774.9	2.148e3
775.9	2.309e3
776.5	7.200e1
777.0	3.108e3
777.8	1.534e3
778.4	3.000e1
778.9	2.896e3
779.9	2.270e3
780.4	2.700e1
780.9	2.191e3
781.5	3.000e1
782.0	1.881e3
783.0	4.026e3
783.5	1.300e1
784.0	1.326e3
785.0	2.847e3
785.9	1.560e3
786.9	2.849e3
787.5	2.000e2
788.1	1.651e3
789.0	2.430e3
789.9	2.747e3
790.5	1.720e2
791.0	3.059e3
792.1	2.165e3
793.1	1.423e4
794.0	2.813e3
795.0	2.243e3
796.0	2.172e3
797.0	1.268e3
797.9	1.351e3
798.6	1.598e3
799.4	2.365e3
800.2	1.184e3
801.0	2.080e3
801.9	2.767e3
802.9	4.077e3
803.9	2.122e3
804.6	7.710e2
805.2	4.187e3
806.1	2.000e3
807.0	2.696e3
808.0	1.846e3
808.9	4.098e3
809.9	2.578e3
810.8	1.891e3
811.8	2.239e3
812.5	3.020e2
813.1	2.189e3
814.0	1.360e3
814.9	2.467e3
815.5	9.200e1
816.0	1.771e3
816.7	3.800e1
817.2	2.376e3
818.0	1.663e3
819.1	9.658e3
819.9	2.549e3
820.5	2.420e2
821.0	3.211e3
822.0	3.560e3
822.9	1.705e3
823.8	2.549e3
824.4	8.600e1
825.0	1.781e3
825.9	2.695e3
826.9	3.024e3
827.4	1.640e2
828.0	2.675e3
828.7	2.100e2
829.3	2.789e3
830.0	7.220e2
830.9	2.564e3
831.4	2.650e2
832.0	6.333e3
832.9	3.907e3
833.7	6.758e3
834.3	3.320e2
834.9	4.727e3
835.4	1.580e2
836.0	2.602e3
836.5	8.000e1
837.0	2.548e3
837.6	9.900e1
838.1	2.097e3
839.0	1.068e3
839.9	2.163e3
840.9	2.426e3
841.7	6.650e2
842.4	2.693e3
843.1	1.379e3
844.0	2.011e3
845.0	2.204e3
845.9	2.157e3
847.0	1.970e3
848.0	9.500e2
848.5	1.200e1
849.1	2.600e3
850.1	1.554e3
851.1	3.078e3
851.7	5.230e2
852.4	2.217e3
853.3	2.622e3
854.0	1.169e3
854.8	2.526e3
855.4	3.280e2
856.0	1.846e3
857.0	1.841e3
858.0	3.146e3
858.5	3.430e2
859.1	3.416e3
860.1	5.800e2
861.1	1.156e4
862.0	3.398e3
862.9	2.183e3
863.6	2.903e3
864.2	2.770e2
864.8	2.256e3
865.8	3.239e3
866.8	2.120e3
867.3	8.700e1
867.8	3.597e3
868.8	2.306e3
869.3	3.900e1
869.8	1.413e3
870.8	2.562e3
871.7	2.116e3
872.2	8.400e1
872.7	2.381e3
873.3	5.510e2
873.9	2.182e3
874.8	2.716e3
875.8	1.673e3
876.9	3.306e3
877.7	1.182e3
878.4	2.424e3
879.3	1.201e3
880.1	1.419e3
881.2	2.696e3
882.1	2.050e3
883.0	1.316e3
884.0	1.849e3
884.9	2.519e3
885.8	2.158e3
886.4	1.400e2
887.1	6.668e3
887.9	2.913e3
888.5	2.670e2
889.0	2.635e3
890.0	2.461e3
890.9	2.015e3
891.9	1.805e3
892.8	9.870e2
893.3	8.700e1
893.9	2.164e3
894.6	1.070e2
895.1	2.496e3
895.6	6.400e1
896.1	1.937e3
897.0	2.507e3
897.6	2.000e1
898.1	1.427e3
899.1	2.908e3
899.6	2.440e2
900.2	4.591e3
901.2	4.008e3
902.0	2.234e3
902.6	1.070e2
903.1	4.082e3
903.9	1.454e3
904.8	2.868e3
905.3	1.550e2
906.0	2.398e3
906.8	1.218e3
907.7	1.823e3
908.4	2.940e2
909.0	2.593e3
909.8	7.100e2
910.6	2.922e3
911.1	1.360e2
911.7	1.996e3
912.2	8.000e1
912.7	2.206e3
913.4	5.710e2
914.0	2.259e3
914.5	4.800e1
915.1	1.967e3
916.0	1.491e3
916.5	7.400e1
917.1	2.516e3
918.0	1.348e3
918.8	2.295e3
919.3	2.400e1
919.9	1.686e3
920.9	2.131e3
921.9	2.221e3
922.5	2.220e2
923.0	2.226e3
923.7	7.750e2
924.4	2.084e3
925.0	3.600e1
925.6	3.732e3
926.2	1.162e3
926.9	2.180e3
927.8	2.352e3
928.5	1.038e3
929.2	9.220e3
930.1	3.588e3
930.6	1.110e2
931.2	2.646e3
931.9	1.011e3
932.7	1.996e3
933.4	7.340e2
934.1	2.199e3
934.9	1.150e3
935.7	2.336e3
936.4	9.880e2
937.4	1.896e3
938.1	6.840e2
938.8	1.804e3
939.7	2.538e3
940.3	1.080e2
940.9	2.210e3
941.9	2.352e3
942.8	1.267e3
943.6	2.132e3
944.4	7.460e2
945.2	3.079e3
945.9	1.254e3
946.7	2.757e3
947.2	6.000e0
947.7	2.423e3
948.4	2.460e2
949.0	2.732e3
949.9	2.410e3
950.8	1.721e3
951.7	2.832e3
952.3	6.110e2
953.0	2.303e3
954.0	1.673e3
954.5	8.300e1
955.0	6.652e3
955.5	3.900e1
956.0	2.433e3
956.5	6.900e1
957.1	2.710e3
958.0	2.985e3
958.8	1.061e3
959.6	2.364e3
960.3	6.430e2
961.0	2.618e3
961.5	4.700e1
962.0	3.046e3
962.5	9.300e1
963.1	2.340e3
964.1	2.964e3
965.1	2.637e3
965.9	2.064e3
966.5	9.900e1
967.0	2.890e3
967.6	7.800e1
968.1	5.208e3
968.6	9.800e1
969.2	2.960e3
970.1	2.690e3
971.0	1.677e3
971.7	3.421e3
972.3	2.020e2
972.9	3.046e3
973.8	2.141e3
974.3	1.810e2
974.9	1.155e3
975.7	1.873e3
976.7	1.977e3
977.2	6.400e1
977.8	1.626e3
978.7	1.602e3
979.6	2.899e3
980.1	4.890e2
980.8	3.753e3
981.3	6.300e1
981.8	2.512e3
982.9	2.812e3
983.8	2.515e3
984.8	1.747e3
985.6	1.926e3
986.3	5.990e2
986.9	2.853e3
987.5	9.700e1
988.1	2.895e3
989.0	1.538e3
989.9	3.211e3
990.5	5.490e2
991.2	2.990e3
991.9	4.130e2
992.4	2.097e3
993.4	3.273e3
994.3	2.591e3
995.2	1.945e3
996.2	2.526e3
997.1	9.767e3
998.0	2.308e3
999.0	3.567e3
999.9	1.612e3
1000.8	2.662e3
1001.4	2.330e2
1002.0	2.889e3
1002.8	1.041e3
1003.7	2.406e3
1004.5	6.760e2
1005.1	2.353e3
1005.6	3.300e1
1006.2	2.266e3
1007.1	3.413e3
1008.0	2.129e3
1008.7	9.370e2
1009.5	4.326e3
1010.2	9.600e2
1010.9	2.947e3
1011.4	3.100e1
1011.9	2.252e3
1012.9	2.271e3
1013.6	1.022e3
1014.4	2.908e3
1015.2	7.960e2
1015.9	2.625e3
1016.8	1.869e3
1017.3	6.000e0
1017.8	2.749e3
1018.4	5.200e1
1018.9	2.439e3
1019.4	8.500e1
1020.0	2.290e3
1020.5	2.400e1
1021.0	2.589e3
1022.0	2.337e3
1023.0	4.687e3
1023.9	2.481e3
1024.5	2.070e2
1025.1	2.744e3
1025.8	3.000e2
1026.3	2.521e3
1027.2	2.335e3
1028.0	1.921e3
1028.9	3.316e3
1029.9	2.948e3
1031.0	2.674e3
1031.6	8.360e2
1032.4	2.042e3
1033.0	3.470e2
1033.7	2.815e3
1034.4	7.020e2
1035.0	3.141e3
1036.0	4.130e3
1036.5	9.100e1
1037.0	4.316e3
1037.6	1.070e2
1038.1	3.064e3
1039.0	3.210e3
1039.8	1.823e3
1040.7	3.375e3
1041.7	2.615e3
1042.4	7.340e2
1043.0	2.235e3
1043.9	2.459e3
1044.6	5.750e2
1045.3	2.974e3
1046.2	1.658e3
1047.0	1.614e3
1047.9	1.573e3
1048.8	2.588e3
1049.3	1.810e2
1049.9	3.119e3
1050.4	1.120e2
1050.9	3.175e3
1051.5	6.720e2
1052.2	3.606e3
1053.0	1.528e3
1053.8	2.332e3
1054.4	1.680e2
1055.0	2.865e3
1055.9	2.352e3
1056.8	1.235e3
1057.3	1.200e2
1058.0	2.316e3
1058.5	1.610e2
1059.1	2.633e3
1059.6	4.000e1
1060.1	3.160e3
1061.0	1.764e3
1061.9	2.484e3
1062.9	3.222e3
1063.9	2.797e3
1064.4	1.450e2
1065.1	8.054e3
1066.0	3.363e3
1066.6	1.680e2
1067.2	2.529e3
1068.2	2.642e3
1068.8	1.330e2
1069.3	2.355e3
1070.0	8.480e2
1070.6	1.857e3
1071.1	1.860e2
1071.7	2.687e3
1072.2	5.000e1
1072.8	1.636e3
1073.5	2.824e3
1074.0	5.500e1
1074.5	2.170e3
1075.5	2.679e3
1076.5	1.386e3
1077.3	3.288e3
1078.2	3.477e3
1078.8	7.260e2
1079.4	3.180e3
1080.2	1.638e3
1081.0	2.807e3
1081.9	1.875e3
1082.8	2.863e3
1083.8	2.367e3
1084.7	2.029e3
1085.5	3.105e3
1086.1	2.270e2
1086.7	2.222e3
1087.7	2.964e3
1088.2	1.160e2
1088.8	2.374e3
1089.7	1.901e3
1090.4	6.320e2
1091.0	3.916e3
1091.5	2.860e2
1092.2	3.099e3
1093.0	1.885e3
1093.9	2.754e3
1094.9	2.531e3
1095.8	1.592e3
1096.7	1.973e3
1097.6	3.506e3
1098.3	7.470e2
1099.0	3.173e3
1099.9	2.067e3
1100.5	2.720e2
1101.1	2.799e3
1101.9	1.253e3
1102.7	2.303e3
1103.3	6.160e2
1103.9	4.158e3
1104.5	4.090e2
1105.1	1.801e3
1106.1	1.886e3
1107.0	3.195e3
1107.8	1.205e3
1108.4	2.851e3
1109.1	6.430e2
1109.7	2.695e3
1110.2	8.500e1
1110.7	2.607e3
1111.4	6.500e2
1112.1	2.952e3
1112.8	8.800e2
1113.6	2.209e3
1114.6	2.095e3
1115.2	1.160e2
1115.7	2.083e3
1116.3	4.710e2
1116.9	3.031e3
1117.6	7.040e2
1118.3	3.892e3
1119.1	2.654e3
1119.7	7.810e2
1120.3	3.094e3
1121.1	9.750e2
1121.9	3.035e3
1122.6	3.080e2
1123.1	2.823e3
1124.0	1.357e3
1124.9	2.893e3
1125.9	2.457e3
1126.8	2.211e3
1127.4	1.910e2
1127.9	2.237e3
1129.0	2.500e3
1129.9	3.108e3
1130.5	4.540e2
1131.1	2.721e3
1132.0	1.985e3
1132.5	2.170e2
1133.1	7.313e3
1134.0	3.277e3
1134.5	5.310e2
1135.1	2.980e3
1135.9	8.900e2
1136.5	2.151e3
1137.4	2.520e3
1137.9	1.690e2
1138.5	3.881e3
1139.1	7.150e2
1139.8	3.257e3
1140.4	6.510e2
1141.0	2.149e3
1141.9	3.369e3
1142.7	1.888e3
1143.6	3.169e3
1144.2	1.730e2
1144.8	2.134e3
1145.7	3.022e3
1146.6	2.046e3
1147.5	2.934e3
1148.1	4.160e2
1148.7	2.557e3
1149.7	1.950e3
1150.6	2.397e3
1151.2	7.270e2
1152.1	3.001e3
1152.6	2.440e2
1153.1	3.031e3
1153.8	4.940e2
1154.4	2.836e3
1155.3	2.733e3
1156.2	2.151e3
1157.2	3.272e3
1158.2	1.984e3
1159.1	3.738e3
1160.1	2.845e3
1161.1	3.468e3
1161.6	3.340e2
1162.2	3.118e3
1162.9	1.525e3
1163.7	2.335e3
1164.4	1.780e2
1165.0	3.222e3
1166.0	1.919e3
1167.0	2.745e3
1168.0	4.053e3
1168.9	2.277e3
1169.4	4.100e1
1169.9	3.479e3
1170.4	3.000e1
1170.9	4.023e3
1171.5	6.320e2
1172.1	4.547e3
1173.1	2.435e3
1174.0	2.513e3
1174.5	2.110e2
1175.1	3.805e3
1176.2	3.969e3
1177.0	1.603e3
1177.9	2.308e3
1178.5	2.670e2
1179.1	2.443e3
1180.0	3.931e3
1180.6	2.510e2
1181.2	2.253e3
1181.8	7.880e2
1182.5	3.041e3
1183.0	1.340e2
1183.6	2.579e3
1184.3	5.920e2
1185.0	3.413e3
1185.7	1.088e3
1186.4	3.126e3
1187.0	4.260e2
1187.5	2.831e3
1188.2	1.313e3
1189.1	2.557e3
1190.0	1.734e3
1190.6	1.040e2
1191.1	2.505e3
1191.9	1.822e3
1192.9	1.221e3
1193.6	2.816e3
1194.2	2.420e2
1194.8	3.077e3
1195.4	4.200e1
1195.9	1.896e3
1196.5	3.880e2
1197.1	2.646e3
1197.9	1.457e3
1198.6	3.554e3
1199.4	1.323e3
1200.2	2.700e3
1201.1	5.195e3
1201.8	7.640e2
1202.4	3.756e3
1203.3	2.242e3
1204.2	2.982e3
1205.1	2.306e3
1206.0	2.435e3
1207.0	2.951e3
1207.8	1.630e3
1208.6	2.420e3
1209.1	2.170e2
1209.7	3.540e3
1210.5	1.327e3
1211.2	3.004e3
1212.1	2.529e3
1213.0	2.593e3
1214.0	3.473e3
1214.5	1.920e2
1215.1	2.964e3
1216.0	2.451e3
1217.0	2.573e3
1217.9	2.460e3
1218.5	3.270e2
1219.1	2.562e3
1219.9	1.635e3
1220.7	2.928e3
1221.3	2.870e2
1221.9	3.392e3
1222.8	1.344e3
1223.7	2.340e3
1224.7	2.333e3
1225.6	2.827e3
1226.3	1.252e3
1227.0	4.034e3
1228.0	3.110e3
1228.6	1.470e2
1229.1	2.587e3
1230.0	1.402e3
1230.9	2.631e3
1231.8	2.124e3
1232.8	3.574e3
1233.6	5.980e2
1234.2	2.244e3
1234.8	8.700e1
1235.3	3.555e3
1236.2	1.531e3
1237.2	2.844e3
1238.2	3.070e3
1238.9	8.300e2
1239.5	4.145e3
1240.3	2.676e3
1241.2	4.401e3
1242.0	1.705e3
1242.8	3.588e3
1243.8	2.667e3
1244.5	1.044e3
1245.3	2.874e3
1246.0	4.290e2
1246.6	3.584e3
1247.3	4.190e2
1247.8	3.031e3
1248.5	5.460e2
1249.1	2.520e3
1250.0	2.841e3
1250.9	2.478e3
1251.8	3.034e3
1252.7	1.377e3
1253.4	3.951e3
1254.1	1.017e3
1254.7	3.938e3
1255.7	2.980e3
1256.7	2.726e3
1257.6	3.166e3
1258.5	2.470e3
1259.2	1.481e3
1260.0	3.161e3
1260.8	1.102e3
1261.5	2.571e3
1262.1	9.200e2
1262.8	3.132e3
1263.4	4.410e2
1264.0	2.727e3
1264.8	1.225e3
1265.7	3.232e3
1266.2	2.800e2
1266.8	2.351e3
1267.5	7.140e2
1268.2	2.353e3
1269.2	4.846e3
1270.1	3.137e3
1271.1	2.924e3
1272.0	2.351e3
1273.0	3.216e3
1273.9	1.954e3
1274.5	3.440e2
1275.1	3.325e3
1275.7	9.720e2
1276.5	4.143e3
1277.2	1.354e3
1278.0	2.580e3
1279.0	2.560e3
1279.5	4.900e1
1280.2	2.371e3
1281.1	2.339e3
1282.0	2.791e3
1283.0	2.470e3
1283.9	2.942e3
1284.6	5.180e2
1285.3	3.265e3
1286.2	2.949e3
1286.9	1.200e3
1287.6	2.440e3
1288.5	1.506e3
1289.3	2.061e3
1290.1	1.326e3
1290.9	3.432e3
1291.6	2.540e2
1292.2	3.087e3
1293.2	2.173e3
1294.0	1.357e3
1294.9	2.288e3
1295.8	3.629e3
1296.3	2.950e2
1297.0	2.350e3
1297.7	5.530e2
1298.3	2.436e3
1299.1	1.327e3
1300.1	2.652e3
1301.0	3.336e3
1302.0	2.055e3
1302.6	2.130e2
1303.1	4.623e3
1304.1	2.491e3
1304.9	7.750e2
1305.5	2.297e3
1306.2	5.170e2
1306.9	2.487e3
1307.6	5.470e2
1308.3	3.860e3
1308.8	1.960e2
1309.3	4.859e3
1309.9	2.600e1
1310.4	2.922e3
1311.0	2.750e2
1311.6	3.344e3
1312.5	2.093e3
1313.4	2.452e3
1314.1	8.800e2
1314.7	2.194e3
1315.4	3.510e2
1316.0	2.193e3
1317.0	1.919e3
1317.7	1.990e2
1318.4	2.265e3
1319.0	5.900e1
1319.6	3.414e3
1320.2	8.240e2
1320.9	2.849e3
1321.9	3.758e3
1322.8	1.906e3
1323.7	1.992e3
1324.6	3.551e3
1325.6	2.097e3
1326.5	1.491e3
1327.3	2.656e3
1328.0	7.920e2
1328.8	3.103e3
1329.4	8.430e2
1330.1	3.499e3
1331.1	2.578e3
1331.7	2.920e2
1332.3	2.632e3
1332.9	6.090e2
1333.5	4.497e3
1334.1	4.260e2
1334.6	2.389e3
1335.4	1.523e3
1336.2	2.101e3
1337.2	5.285e3
1338.1	2.475e3
1339.1	3.131e3
1339.9	1.075e3
1340.6	2.463e3
1341.5	1.332e3
1342.4	2.493e3
1343.0	1.330e2
1343.6	3.129e3
1344.2	9.200e1
1344.7	2.218e3
1345.7	3.205e3
1346.4	5.400e2
1347.0	2.670e3
1347.7	6.010e2
1348.4	2.553e3
1349.5	1.800e3
1350.4	3.102e3
1351.3	2.152e3
1352.2	2.934e3
1353.2	3.082e3
1354.2	3.502e3
1355.0	1.456e3
1356.0	3.595e3
1356.8	2.526e3
1357.7	1.003e3
1358.3	3.536e3
1359.1	1.023e3
1359.9	2.944e3
1360.9	2.099e3
1361.5	1.780e2
1362.1	3.013e3
1363.0	2.261e3
1363.9	2.873e3
1364.7	9.480e2
1365.4	3.283e3
1366.1	1.406e3
1366.8	3.695e3
1367.4	6.300e1
1367.9	2.605e3
1368.4	3.500e1
1368.9	2.848e3
1369.7	1.078e3
1370.4	3.396e3
1371.2	1.805e3
1372.1	3.017e3
1373.1	2.641e3
1373.6	3.100e1
1374.1	1.562e3
1374.9	3.125e3
1375.5	2.960e2
1376.1	3.286e3
1376.6	3.600e1
1377.1	2.060e3
1378.0	2.005e3
1378.6	4.100e1
1379.1	2.349e3
1380.1	3.215e3
1381.0	1.286e3
1381.8	2.405e3
1382.8	2.333e3
1383.7	1.905e3
1384.3	5.170e2
1384.9	1.905e3
1385.7	2.816e3
1386.2	1.520e2
1386.8	1.981e3
1387.8	2.179e3
1388.7	1.742e3
1389.4	8.230e2
1390.2	2.440e3
1391.1	1.342e3
1392.0	3.298e3
1392.9	2.331e3
1393.7	1.146e3
1394.5	2.565e3
1395.1	2.570e2
1395.6	2.524e3
1396.6	2.636e3
1397.3	6.210e2
1397.9	3.075e3
1398.9	2.573e3
1399.5	2.100e1
1400.0	2.391e3
1400.9	1.531e3
1401.9	2.899e3
1402.6	4.640e2
1403.3	2.177e3
1404.2	2.283e3
1405.1	3.474e3
1406.1	2.479e3
1406.6	1.590e2
1407.2	2.701e3
1408.1	3.054e3
1408.8	1.018e3
1409.6	2.339e3
1410.3	4.880e2
1411.0	3.101e3
1412.0	2.197e3
1412.6	3.210e2
1413.1	2.525e3
1413.7	1.710e2
1414.2	2.639e3
1414.9	1.057e3
1415.6	1.523e3
1416.5	2.374e3
1417.5	2.443e3
1418.2	8.470e2
1418.9	2.763e3
1419.8	1.856e3
1420.8	1.063e3
1421.5	3.018e3
1422.1	1.940e2
1422.7	2.412e3
1423.5	1.490e3
1424.4	2.579e3
1424.9	7.900e1
1425.4	2.799e3
1426.2	8.850e2
1426.9	3.152e3
1427.7	9.790e2
1428.4	2.304e3
1429.3	2.413e3
1429.9	1.220e2
1430.4	2.307e3
1431.3	1.935e3
1432.2	3.699e3
1433.1	2.478e3
1433.7	5.750e2
1434.4	2.324e3
1435.3	2.161e3
1435.8	5.000e1
1436.4	2.147e3
1437.2	1.387e3
1438.0	2.926e3
1438.8	1.612e3
1439.6	3.414e3
1440.5	2.412e3
1441.5	2.932e3
1442.2	7.590e2
1442.9	2.771e3
1443.5	1.860e2
1444.0	4.038e3
1444.9	2.133e3
1445.7	2.491e3
1446.7	3.915e3
1447.4	1.027e3
1448.1	3.458e3
1449.0	2.273e3
1449.7	8.160e2
1450.4	3.122e3
1451.2	2.116e3
1452.1	1.375e3
1452.9	2.361e3
1453.7	1.413e3
1454.7	2.596e3
1455.6	1.578e3
1456.4	8.250e2
1457.1	1.756e3
1457.6	5.200e1
1458.2	2.287e3
1458.8	3.200e1
1459.3	2.323e3
1460.1	1.900e3
1460.8	4.600e2
1461.4	2.150e3
1462.0	1.180e2
1462.6	2.736e3
1463.6	2.618e3
1464.1	6.000e0
1464.6	2.985e3
1465.5	2.409e3
1466.1	5.170e2
1466.7	1.749e3
1467.6	1.885e3
1468.3	1.810e2
1468.9	2.448e3
1469.5	1.350e2
1470.1	2.594e3
1470.7	4.750e2
1471.3	2.564e3
1471.9	6.000e0
1472.4	3.628e3
1473.2	3.429e3
1474.2	2.346e3
1474.7	1.050e2
1475.2	3.351e3
1476.2	1.582e3
1477.0	2.313e3
1477.7	6.200e2
1478.4	1.926e3
1479.4	2.464e3
1480.3	2.852e3
1481.2	1.938e3
1482.0	1.959e3
1483.0	2.410e3
1483.8	1.298e3
1484.4	4.960e2
1485.0	1.572e3
1485.9	2.784e3
1486.6	3.510e2
1487.4	2.371e3
1488.3	1.887e3
1489.2	3.085e3
1489.8	5.700e1
1490.3	1.946e3
1491.2	2.543e3
1492.2	2.019e3
1492.9	8.020e2
1493.6	3.166e3
1494.5	2.438e3
1495.2	8.550e2
1496.0	2.336e3
1496.6	3.610e2
1497.3	1.983e3
1498.2	1.071e3
1499.1	3.695e3
1499.8	8.370e2
1500.5	2.672e3
1501.5	2.416e3
1502.3	1.157e3
1503.0	2.314e3
1503.6	4.600e1
1504.1	2.394e3
1505.0	2.782e3
1505.9	2.029e3
1506.4	7.000e1
1507.1	3.337e3
1507.7	4.520e2
1508.3	1.783e3
1509.3	3.234e3
1510.2	1.966e3
1510.8	2.300e1
1511.3	2.969e3
1511.8	6.700e1
1512.4	2.809e3
1513.2	1.730e3
1514.1	2.225e3
1515.0	2.612e3
1515.9	1.423e3
1516.9	1.910e3
1517.8	3.053e3
1518.4	4.020e2
1519.1	2.211e3
1519.9	1.340e3
1520.7	2.334e3
1521.7	1.192e3
1522.5	2.200e3
1523.2	5.100e2
1523.9	3.163e3
1524.4	1.310e2
1525.0	2.090e3
1525.7	4.600e2
1526.3	3.689e3
1527.2	2.085e3
1528.2	2.990e3
1528.8	4.500e1
1529.3	1.990e3
1530.1	2.326e3
1531.2	2.932e3
1532.1	2.621e3
1533.1	2.715e3
1534.1	1.451e3
1534.8	3.130e3
1535.8	2.748e3
1536.3	1.560e2
1536.8	3.054e3
1537.6	7.730e2
1538.3	1.968e3
1539.3	1.617e3
1540.3	3.099e3
1540.9	2.320e2
1541.5	2.268e3
1542.0	2.400e1
1542.5	2.031e3
1543.3	2.495e3
1544.3	1.804e3
1545.2	1.617e3
1546.2	2.064e3
1547.0	1.100e3
1547.6	1.500e1
1548.1	2.026e3
1549.1	3.796e3
1549.9	1.183e3
1550.8	2.324e3
1551.6	1.236e3
1552.4	2.874e3
1553.0	6.600e2
1553.6	2.677e3
1554.6	2.677e3
1555.6	2.271e3
1556.3	6.060e2
1557.0	2.698e3
1557.5	5.280e2
1558.1	2.719e3
1558.9	8.350e2
1559.7	2.341e3
1560.3	4.090e2
1560.9	3.141e3
1561.8	1.469e3
1562.8	2.570e3
1563.8	2.171e3
1564.7	2.343e3
1565.2	8.800e1
1565.8	1.748e3
1566.7	3.916e3
1567.5	1.752e3
1568.4	1.838e3
1569.2	3.370e3
1569.8	3.830e2
1570.4	2.591e3
1571.0	3.770e2
1571.6	2.038e3
1572.5	1.746e3
1573.5	3.579e3
1574.4	2.431e3
1574.9	1.380e2
1575.5	2.645e3
1576.2	6.640e2
1576.9	2.322e3
1577.8	1.503e3
1578.4	1.710e2
1578.9	2.143e3
1579.5	1.970e2
1580.1	3.096e3
1580.9	1.395e3
1581.7	3.027e3
1582.5	1.947e3
1583.4	2.791e3
1584.2	1.348e3
1585.2	2.634e3
1585.8	8.730e2
1586.5	2.870e3
1587.3	1.899e3
1588.3	1.815e3
1589.2	2.464e3
1590.2	3.324e3
1591.1	2.218e3
1591.7	7.000e0
1592.3	1.676e3
1592.8	5.600e1
1593.4	2.567e3
1594.0	1.560e2
1594.6	2.510e3
1595.2	1.060e2
1595.7	2.063e3
1596.7	2.277e3
1597.3	3.400e1
1597.8	2.507e3
1598.7	1.643e3
1599.7	2.209e3
1600.3	2.820e2
1600.9	2.728e3
1601.8	1.612e3
1602.4	4.230e2
1603.0	1.362e3
1603.9	3.058e3
1604.4	5.000e0
1604.9	2.667e3
1606.0	2.973e3
1606.6	6.390e2
1607.3	2.745e3
1608.2	1.431e3
1609.2	2.273e3
1609.7	8.600e1
1610.3	2.431e3
1610.9	4.340e2
1611.5	1.918e3
1612.6	2.386e3
1613.6	1.907e3
1614.5	3.170e3
1615.1	1.300e2
1615.6	2.130e3
1616.2	4.500e2
1616.8	1.973e3
1617.7	3.878e3
1618.5	1.413e3
1619.3	2.828e3
1620.0	5.940e2
1620.6	2.452e3
1621.4	1.169e3
1622.3	2.143e3
1623.2	1.116e3
1623.8	3.460e2
1624.6	2.394e3
1625.5	1.324e3
1626.5	2.124e3
1627.4	2.083e3
1628.0	2.200e2
1628.6	2.429e3
1629.2	5.650e2
1630.0	2.447e3
1630.7	3.810e2
1631.3	2.916e3
1631.9	7.840e2
1632.6	2.540e3
1633.6	1.868e3
1634.5	2.014e3
1635.3	2.002e3
1636.3	2.461e3
1637.2	1.604e3
1638.1	2.879e3
1638.7	3.630e2
1639.4	1.849e3
1639.9	1.540e2
1640.6	1.347e3
1641.5	2.165e3
1642.1	2.520e2
1642.6	3.535e3
1643.3	6.330e2
1644.1	2.609e3
1645.0	2.308e3
1645.6	2.850e2
1646.2	1.951e3
1647.1	7.890e2
1647.9	3.641e3
1648.5	1.140e2
1649.1	2.530e3
1649.8	1.003e3
1650.6	2.688e3
1651.2	4.940e2
1651.9	2.099e3
1652.6	6.830e2
1653.3	1.522e3
1654.2	2.051e3
1655.1	1.494e3
1656.0	3.259e3
1656.8	1.166e3
1657.7	1.535e3
1658.5	1.258e3
1659.2	5.610e2
1659.8	1.630e3
1660.4	4.770e2
1661.1	1.471e3
1661.9	1.533e3
1662.5	3.340e2
1663.1	2.207e3
1663.6	3.520e2
1664.2	2.978e3
1664.9	4.370e2
1665.6	1.879e3
1666.2	4.130e2
1666.9	2.604e3
1667.8	9.440e2
1668.5	2.441e3
1669.1	4.350e2
1669.6	2.698e3
1670.3	1.176e3
1671.1	2.193e3
1672.1	1.946e3
1673.0	3.051e3
1673.8	1.384e3
1674.8	2.724e3
1675.3	7.000e0
1675.9	2.795e3
1676.6	7.940e2
1677.3	2.589e3
1678.2	2.453e3
1679.0	1.636e3
1679.7	4.990e2
1680.4	2.822e3
1681.4	2.489e3
1682.1	1.273e3
1683.1	2.807e3
1684.0	2.096e3
1684.5	5.500e2
1685.2	3.351e3
1685.9	1.270e2
1686.5	1.685e3
1687.3	1.121e3
1688.1	2.431e3
1689.1	1.982e3
1689.6	4.500e1
1690.1	1.757e3
1691.0	1.308e3
1692.0	2.403e3
1692.9	1.174e3
1693.7	2.712e3
1694.5	1.930e3
1695.5	2.857e3
1696.2	1.215e3
1697.0	6.050e2
1697.6	2.592e3
1698.3	3.160e2
1698.9	2.549e3
1699.5	1.820e2
1700.0	1.897e3
1701.0	2.887e3
1701.6	2.020e2
1702.2	2.316e3
1703.0	1.251e3
1703.7	2.479e3
1704.7	3.168e3
1705.7	1.334e3
1706.2	2.590e2
1706.8	1.167e3
1707.8	2.299e3
1708.9	2.402e3
1709.6	3.990e2
1710.3	1.437e3
1711.2	1.614e3
1712.1	2.375e3
1712.6	1.000e1
1713.1	2.301e3
1714.0	1.378e3
1714.8	3.025e3
1715.4	5.000e2
1716.1	3.363e3
1716.8	6.880e2
1717.6	2.211e3
1718.5	2.691e3
1719.5	1.982e3
1720.0	5.400e1
1720.5	2.156e3
1721.3	8.670e2
1722.1	2.041e3
1723.0	1.588e3
1723.9	1.028e3
1724.5	3.800e1
1725.0	2.244e3
1725.8	1.363e3
1726.6	1.747e3
1727.3	1.270e2
1727.8	2.283e3
1728.4	3.270e2
1729.0	1.962e3
1729.6	2.380e2
1730.2	1.598e3
1731.1	3.801e3
1732.0	1.007e3
1732.8	2.105e3
1733.5	9.870e2
1734.2	2.059e3
1734.9	2.330e2
1735.5	1.994e3
1736.6	1.957e3
1737.2	6.890e2
1737.9	1.533e3
1738.9	2.334e3
1739.5	4.830e2
1740.2	2.086e3
1741.1	1.736e3
1742.0	2.369e3
1742.6	1.010e2
1743.2	2.126e3
1744.1	2.425e3
1745.0	8.430e2
1745.7	2.992e3
1746.5	1.057e3
1747.2	3.303e3
1747.8	3.900e2
1748.4	1.718e3
1749.3	2.359e3
1750.3	2.254e3
1751.1	1.626e3
1752.0	2.228e3
1752.9	2.104e3
1753.5	8.700e1
1754.0	1.853e3
1755.0	8.510e2
1755.8	2.247e3
1756.6	1.285e3
1757.4	2.437e3
1758.3	3.423e3
1759.0	8.450e2
1759.8	2.713e3
1760.5	1.128e3
1761.2	2.215e3
1762.1	2.215e3
1762.7	8.800e1
1763.2	1.361e3
1764.2	2.917e3
1764.9	1.060e3
1765.6	2.284e3
1766.2	8.620e2
1766.8	2.444e3
1767.7	1.479e3
1768.3	5.850e2
1769.1	2.673e3
1770.1	3.101e3
1771.0	1.105e3
1771.6	2.180e2
1772.2	1.335e3
1773.1	2.443e3
1774.1	1.974e3
1775.0	2.728e3
1776.0	9.980e2
1776.8	3.789e3
1777.7	1.975e3
1778.6	1.297e3
1779.4	2.804e3
1780.1	9.690e2
1780.8	1.862e3
1781.3	1.000e1
1781.8	2.107e3
1782.8	1.676e3
1783.5	8.170e2
1784.3	2.637e3
1784.8	3.430e2
1785.4	1.921e3
1786.2	2.385e3
1786.9	1.230e2
1787.4	1.482e3
1788.3	1.950e3
1788.9	4.390e2
1789.4	2.625e3
1790.1	8.000e2
1790.8	2.716e3
1791.4	3.450e2
1792.0	2.842e3
1793.0	1.774e3
1793.6	7.990e2
1794.5	2.557e3
1795.4	2.112e3
1796.4	2.469e3
1797.4	1.684e3
1798.4	2.619e3
1799.2	4.770e2
1799.9	2.592e3
1800.5	3.120e2
1801.1	3.230e3
1801.6	4.400e2
1802.3	3.313e3
1803.2	2.242e3
1803.9	1.160e3
1804.6	2.971e3
1805.7	1.921e3
1806.3	4.290e2
1806.9	1.884e3
1807.8	5.460e2
1808.5	1.692e3
1809.5	2.113e3
1810.4	1.741e3
1811.0	4.200e2
1811.8	2.011e3
1812.5	4.570e2
1813.2	2.537e3
1814.1	1.316e3
1815.1	1.745e3
1815.7	2.600e1
1816.2	1.376e3
1817.0	1.731e3
1818.0	2.177e3
1818.9	1.965e3
1819.7	1.169e3
1820.6	1.521e3
1821.2	3.130e2
1821.8	2.326e3
1822.5	4.350e2
1823.1	2.344e3
1824.0	1.391e3
1825.0	1.703e3
1825.6	2.190e2
1826.2	2.010e3
1827.0	9.370e2
1827.9	1.683e3
1828.5	5.130e2
1829.2	1.389e3
1829.8	2.550e2
1830.4	1.710e3
1831.1	9.210e2
1831.9	1.474e3
1832.6	3.700e2
1833.2	1.938e3
1834.0	1.249e3
1834.7	3.900e2
1835.3	1.472e3
1836.0	1.290e2
1836.5	1.665e3
1837.4	2.036e3
1838.2	8.000e2
1839.2	2.654e3
1839.8	2.090e2
1840.4	1.965e3
1841.0	3.840e2
1841.6	3.413e3
1842.3	1.048e3
1843.0	2.575e3
1843.9	1.035e3
1844.8	2.330e3
1845.6	9.020e2
1846.6	2.733e3
1847.4	8.620e2
1848.1	1.688e3
1849.1	1.983e3
1849.7	1.770e2
1850.3	2.233e3
1850.8	1.400e1
1851.3	1.958e3
1852.3	2.373e3
1853.3	1.449e3
1854.0	3.080e2
1854.7	2.016e3
1855.5	1.271e3
1856.1	4.700e1
1856.6	1.151e3
1857.6	2.713e3
1858.1	4.100e1
1858.7	2.704e3
1859.6	1.342e3
1860.4	3.151e3
1861.0	1.160e2
1861.7	2.106e3
1862.5	1.671e3
1863.6	1.441e3
1864.5	1.727e3
1865.5	1.854e3
1866.4	1.157e3
1867.1	2.630e3
1867.9	1.205e3
1868.7	1.713e3
1869.5	7.920e2
1870.1	5.280e2
1870.8	1.546e3
1871.8	1.509e3
1872.7	2.049e3
1873.3	5.690e2
1874.1	2.303e3
1875.0	1.534e3
1875.6	2.180e2
1876.2	1.670e3
1877.2	1.236e3
1877.9	1.840e2
1878.4	2.223e3
1879.4	1.824e3
1880.2	5.300e2
1881.0	2.993e3
1881.6	2.330e2
1882.2	2.402e3
1882.8	4.480e2
1883.5	2.476e3
1884.0	5.000e1
1884.5	1.768e3
1885.0	2.300e1
1885.6	1.958e3
1886.5	1.571e3
1887.3	1.460e3
1888.2	1.575e3
1888.9	6.820e2
1889.7	2.642e3
1890.6	2.024e3
1891.5	1.512e3
1892.0	2.000e1
1892.6	2.928e3
1893.1	9.100e1
1893.7	1.909e3
1894.7	1.615e3
1895.5	1.076e3
1896.5	2.162e3
1897.3	1.108e3
1898.1	1.536e3
1899.0	2.173e3
1899.8	1.512e3
1900.8	1.669e3
1901.7	1.397e3
1902.5	1.062e3
1903.3	1.869e3
1904.3	1.677e3
1905.3	2.014e3
1906.2	8.750e2
1907.0	1.910e3
1907.9	1.059e3
1908.6	1.409e3
1909.6	1.971e3
1910.5	1.694e3
1911.4	7.650e2
1912.3	1.311e3
1912.8	6.000e1
1913.3	2.314e3
1914.1	8.150e2
1914.8	1.717e3
1915.7	1.720e3
1916.3	3.240e2
1916.9	1.841e3
1917.6	8.680e2
1918.4	3.322e3
1919.2	1.562e3
1920.0	6.050e2
1920.7	1.490e3
1921.6	2.577e3
1922.6	2.001e3
1923.4	1.148e3
1924.2	1.728e3
1925.1	6.940e2
1925.8	1.807e3
1926.8	1.197e3
1927.7	2.400e3
1928.2	7.300e1
1928.8	1.703e3
1929.4	2.930e2
1930.0	1.801e3
1930.8	7.800e1
1931.3	1.823e3
1932.1	6.370e2
1932.9	1.352e3
1933.9	1.454e3
1934.5	3.890e2
1935.1	1.909e3
1935.9	1.072e3
1936.5	2.360e2
1937.1	2.062e3
1938.2	2.416e3
1939.3	1.750e3
1939.8	8.500e1
1940.4	2.363e3
1941.0	1.000e3
1941.7	2.213e3
1942.4	2.970e2
1943.0	2.370e3
1944.0	7.470e2
1944.9	1.967e3
1945.4	1.400e2
1946.0	1.589e3
1946.8	7.600e2
1947.5	1.632e3
1948.2	1.840e2
1948.8	2.234e3
1949.8	2.177e3
1950.5	1.277e3
1951.3	1.986e3
1952.2	1.323e3
1952.9	4.710e2
1953.6	2.602e3
1954.3	6.470e2
1955.1	1.999e3
1955.7	4.900e1
1956.2	1.815e3
1957.2	2.116e3
1957.7	3.400e1
1958.2	1.247e3
1959.0	6.100e2
1959.6	1.603e3
1960.3	6.700e1
1960.8	1.551e3
1961.8	1.184e3
1962.5	9.200e1
1963.0	1.712e3
1963.9	1.061e3
1964.7	1.966e3
1965.6	8.430e2
1966.5	1.759e3
1967.5	1.384e3
1968.2	2.910e2
1968.8	2.771e3
1969.5	6.910e2
1970.2	1.906e3
1971.0	6.200e2
1971.5	4.500e1
1972.1	1.254e3
1972.7	2.010e2
1973.3	2.108e3
1974.2	1.743e3
1974.8	8.900e1
1975.3	2.182e3
1976.3	2.048e3
1977.3	1.719e3
1978.2	7.090e2
1979.0	1.799e3
1980.0	2.286e3
1981.0	1.770e3
1981.6	1.780e2
1982.2	1.448e3
1983.0	1.223e3
1984.0	2.452e3
1984.9	1.485e3
1985.8	1.457e3
1986.6	4.170e2
1987.4	1.416e3
1988.0	3.940e2
1988.5	1.706e3
1989.6	1.907e3
1990.2	1.700e1
1990.7	1.614e3
1991.3	3.310e2
1991.9	1.389e3
1992.6	3.330e2
1993.3	2.165e3
1994.3	1.951e3
1994.8	1.200e2
1995.3	1.698e3
1996.0	6.950e2
1996.6	8.430e2
1997.5	2.611e3
1998.3	1.365e3
1999.0	1.870e2
1999.6	1.160e3
