100.3	8.220e2
101.0	1.002e5
101.5	1.800e1
102.0	1.870e4
103.0	1.382e4
104.1	1.498e3
105.0	4.090e3
105.9	4.440e2
107.0	4.570e2
108.0	8.710e3
108.5	4.500e1
109.1	2.016e3
109.6	7.900e1
110.2	2.340e2
111.0	4.182e3
111.6	7.000e0
112.1	1.383e3
113.0	1.625e5
114.1	3.417e3
115.0	8.245e3
115.5	5.800e1
116.0	4.182e3
117.0	1.216e5
117.5	5.000e1
118.0	1.563e4
118.5	4.700e1
119.0	6.482e3
119.9	1.222e3
120.9	1.769e3
121.5	6.700e1
122.0	1.058e3
123.0	4.680e2
124.1	2.201e3
125.1	1.492e3
126.0	8.050e2
127.0	1.531e3
128.0	1.595e3
129.0	2.129e3
130.0	9.270e3
130.5	5.500e1
131.1	1.110e4
132.1	8.740e2
133.0	8.975e3
133.6	5.700e1
134.1	1.176e3
134.9	6.107e3
135.5	1.700e1
136.0	2.683e3
137.1	1.157e4
138.1	4.704e3
139.0	1.967e3
140.1	8.000e2
141.0	9.790e2
142.0	4.480e2
143.0	1.974e3
144.1	1.642e3
145.0	1.693e4
146.0	2.023e4
147.0	2.049e4
148.0	1.665e3
149.0	2.858e3
149.6	1.600e1
150.2	9.490e2
151.1	9.800e2
152.1	4.388e3
153.1	3.858e3
154.0	9.440e2
154.5	6.600e1
155.0	2.263e3
156.0	3.080e3
157.1	2.104e3
157.6	2.100e1
158.1	4.208e3
158.6	1.900e1
159.2	2.544e3
159.9	1.238e3
161.1	2.255e3
162.0	1.718e3
163.0	2.640e3
164.0	1.369e3
165.1	4.403e3
166.0	6.030e2
167.1	1.010e3
168.1	1.044e3
169.1	4.146e3
170.1	8.920e2
171.1	1.891e3
171.6	3.400e1
172.1	7.810e2
173.1	2.140e3
174.0	4.855e3
174.5	4.800e1
175.0	3.604e4
175.5	2.500e1
176.1	3.374e3
176.6	1.800e1
177.1	2.018e3
178.1	1.464e3
179.1	5.654e3
180.0	2.754e3
180.5	6.400e1
181.1	2.843e4
182.1	3.068e3
183.1	5.150e3
184.1	2.300e3
185.1	5.019e3
186.1	2.392e3
187.1	2.166e3
188.0	3.075e3
189.0	2.520e3
190.1	2.778e3
191.0	1.400e4
192.1	2.580e3
193.1	8.458e3
194.0	2.104e3
195.1	1.205e4
196.0	1.187e4
196.5	8.000e0
197.0	3.468e3
197.9	1.232e4
198.4	4.900e1
199.0	2.010e3
199.9	6.613e3
200.5	7.800e1
201.0	2.928e3
202.0	3.132e3
202.6	2.000e1
203.2	1.672e3
204.0	1.086e3
205.1	1.762e3
206.0	1.817e3
206.6	6.700e1
207.1	4.060e3
208.0	1.471e4
209.0	3.206e3
210.1	2.933e3
211.1	2.528e3
212.2	3.790e4
213.1	7.367e3
214.1	4.309e3
215.1	2.530e3
216.0	1.832e3
216.6	1.600e1
217.2	4.110e3
218.1	1.655e3
219.0	2.476e3
219.6	1.900e1
220.1	3.558e3
221.1	2.922e3
222.0	2.013e3
223.1	1.947e3
224.0	1.460e3
225.0	3.501e3
226.0	1.832e3
227.0	3.294e3
228.1	1.322e3
229.1	1.627e3
230.0	2.777e3
230.6	1.500e2
231.2	2.029e3
232.1	2.433e3
233.1	2.154e3
234.1	3.646e3
234.6	3.000e1
235.2	2.177e3
236.0	2.450e4
237.1	3.110e3
238.0	3.073e3
238.6	5.000e1
239.1	3.337e3
240.0	2.279e4
241.0	6.282e3
242.1	3.936e3
243.0	1.106e4
244.0	3.977e3
244.7	4.400e1
245.2	3.151e3
246.1	1.135e3
247.1	3.062e3
248.0	2.177e3
249.1	5.439e4
249.6	4.900e1
250.1	3.457e3
251.1	2.522e3
251.6	4.300e1
252.1	4.170e2
253.1	1.867e3
254.1	6.490e2
255.1	2.651e3
256.0	1.403e3
257.1	2.709e3
258.0	2.360e3
258.5	1.600e1
259.1	3.117e3
260.2	2.232e3
261.1	2.532e3
262.0	4.574e3
263.0	3.413e3
264.1	1.768e3
265.1	3.236e3
266.1	2.870e3
266.7	5.600e2
267.4	1.986e3
268.2	6.080e2
269.0	3.894e3
269.5	5.300e1
270.1	1.208e3
270.7	7.500e1
271.2	1.742e3
272.1	1.533e3
273.0	3.123e3
273.5	2.700e1
274.1	1.358e3
275.0	5.281e3
276.1	2.353e3
277.1	1.733e3
278.0	2.445e3
278.6	2.080e2
279.2	5.614e3
280.1	2.665e3
281.1	2.767e3
281.8	6.061e3
282.4	7.930e2
283.2	3.007e3
284.1	2.027e3
285.1	2.559e3
286.1	3.112e3
287.1	1.948e3
287.6	3.100e1
288.1	7.825e3
289.1	4.650e3
290.0	6.010e3
290.6	2.290e2
291.1	3.336e3
292.0	3.730e3
292.6	8.000e0
293.2	2.340e3
294.1	1.436e3
294.6	5.700e1
295.1	3.318e3
296.1	2.148e3
296.6	4.200e1
297.1	3.156e3
298.1	2.920e3
298.8	1.860e2
299.4	5.880e3
300.3	1.841e3
301.1	3.261e3
302.1	1.740e3
302.8	1.080e2
303.3	4.864e3
304.2	2.774e3
305.1	6.319e3
306.1	2.840e3
307.1	5.602e3
307.7	1.970e2
308.2	6.211e3
309.1	3.572e3
310.0	3.537e3
310.5	1.670e2
311.1	1.005e4
312.1	5.995e3
312.6	3.600e1
313.1	5.551e3
314.1	2.523e3
315.1	2.753e3
315.6	8.400e1
316.2	1.537e3
317.1	6.465e4
318.1	5.830e3
318.6	7.000e1
319.1	3.554e3
320.0	2.001e3
320.6	1.560e2
321.1	4.506e3
322.2	2.549e3
323.1	5.170e3
323.6	7.600e1
324.2	6.774e3
325.1	5.554e3
326.1	2.872e3
327.1	6.813e3
327.6	1.150e2
328.2	4.425e3
329.1	9.157e3
330.0	4.153e3
330.6	5.400e1
331.1	5.482e3
332.1	2.014e3
333.1	5.347e3
334.0	4.903e3
334.6	2.590e2
335.2	5.119e3
336.1	3.436e3
337.0	4.152e3
337.5	6.900e1
338.1	3.684e3
338.6	3.800e1
339.2	2.976e3
340.0	4.875e3
340.6	1.100e2
341.2	1.001e4
342.1	2.759e3
343.1	6.525e3
344.1	3.019e3
344.6	1.690e2
345.2	2.454e3
346.0	3.073e3
346.5	1.030e2
347.1	6.656e3
347.6	3.800e1
348.2	2.099e3
349.1	4.914e3
350.1	3.206e3
351.1	3.076e3
352.0	1.529e3
353.0	8.861e3
354.0	1.835e3
354.6	2.050e2
355.1	4.077e3
356.1	1.256e4
357.1	7.245e3
358.0	3.021e3
359.1	3.484e3
360.1	3.718e3
361.0	2.715e3
362.1	2.148e3
363.0	3.823e3
364.0	2.402e3
364.6	1.010e2
365.1	2.343e3
366.0	5.375e3
366.7	4.100e2
367.3	4.019e3
368.2	1.946e3
369.1	1.542e4
370.0	3.212e3
370.6	7.600e1
371.2	3.219e3
372.0	3.813e3
372.5	3.300e1
373.1	2.424e3
374.0	1.680e3
374.7	2.780e2
375.3	7.031e3
376.2	3.670e3
376.8	6.340e2
377.4	6.898e3
378.2	2.066e3
379.1	1.142e4
380.1	4.199e3
380.7	2.920e2
381.3	6.723e3
382.2	3.255e3
382.8	4.920e2
383.4	3.800e3
384.2	1.497e3
385.1	3.957e4
386.0	4.451e3
387.1	4.443e3
387.6	6.700e1
388.1	2.041e3
389.1	2.635e3
390.1	2.083e3
391.0	2.883e3
391.9	3.600e3
392.5	3.890e2
393.1	3.338e3
394.1	2.044e3
395.1	4.474e3
396.0	3.600e3
397.0	9.237e3
398.0	4.130e3
398.5	1.060e2
399.1	4.831e3
399.6	1.000e1
400.1	2.617e3
400.7	8.300e1
401.2	4.691e3
402.1	3.483e3
402.6	2.100e2
403.1	3.431e3
404.1	2.202e3
405.0	3.926e3
406.0	2.164e3
406.5	6.700e1
407.1	2.749e3
408.1	4.467e3
408.7	8.100e1
409.3	3.524e3
410.1	1.606e3
411.1	6.553e3
412.0	3.033e3
413.0	3.943e3
413.5	1.740e2
414.1	2.790e3
414.7	1.110e2
415.2	3.089e3
416.1	1.494e3
416.6	9.100e1
417.2	5.963e3
418.2	2.863e3
419.2	2.447e3
420.1	1.651e3
421.1	7.009e3
421.6	8.000e1
422.2	1.898e3
422.7	4.200e1
423.2	3.545e3
424.1	1.038e4
424.9	4.395e3
425.9	2.307e3
426.5	1.200e1
427.1	3.819e3
428.0	3.526e3
428.6	2.900e1
429.1	3.694e3
430.1	1.529e3
430.7	6.800e2
431.4	3.939e3
432.3	1.765e3
433.1	1.968e3
433.9	4.290e3
434.4	6.300e1
435.0	2.742e3
435.6	1.413e3
436.4	1.401e4
437.4	5.753e3
438.4	4.545e3
439.3	2.703e3
440.2	3.308e3
441.1	2.861e3
442.1	2.132e3
443.1	3.858e3
444.0	4.037e3
445.0	3.214e3
446.0	2.851e3
446.5	3.150e2
447.1	6.649e3
448.0	3.312e3
449.0	1.756e3
449.5	1.140e2
450.1	2.632e3
451.0	3.098e3
451.7	6.380e2
452.4	6.048e3
453.1	3.965e4
454.0	6.436e3
454.5	1.840e2
455.1	3.488e3
456.1	2.159e3
457.1	3.133e3
457.9	3.596e3
458.6	4.580e2
459.2	6.843e3
460.3	4.085e3
460.9	7.560e2
461.5	2.716e3
462.5	1.252e4
463.4	5.974e3
463.9	6.500e2
464.5	1.271e4
465.0	1.460e2
465.5	1.717e4
466.4	7.062e3
467.3	5.454e3
468.1	1.673e3
469.1	3.055e3
470.0	3.277e3
470.5	1.380e2
471.1	2.990e3
472.0	2.073e3
472.5	1.590e2
473.1	3.823e3
474.1	2.385e3
474.6	1.980e2
475.1	3.077e3
476.0	4.209e3
476.9	2.691e3
477.7	4.008e3
478.7	1.174e4
479.5	5.453e3
480.5	8.635e3
481.4	9.759e3
482.1	1.438e3
482.8	5.475e3
483.3	1.680e2
483.9	3.033e3
484.6	3.030e2
485.2	5.738e3
486.1	3.171e3
487.1	3.211e3
488.0	2.220e3
488.7	3.440e2
489.2	4.255e3
490.0	2.063e3
490.8	2.934e3
491.6	2.416e4
492.5	1.406e4
493.4	8.698e3
494.1	1.949e3
495.0	5.170e3
496.0	3.901e3
496.5	9.800e1
497.0	3.280e3
497.9	2.786e3
498.4	1.000e1
498.9	2.934e3
499.9	2.711e3
500.6	8.300e2
501.3	5.100e3
502.2	2.441e3
503.2	3.915e3
503.8	6.550e2
504.4	5.725e3
505.0	9.640e2
505.6	4.180e3
506.6	3.893e3
507.3	1.949e3
508.1	4.447e3
508.7	5.340e2
509.2	5.367e3
509.8	4.750e2
510.4	2.210e3
511.2	6.018e3
512.1	2.547e3
513.0	5.297e3
514.0	2.935e3
514.6	6.900e1
515.1	6.562e3
516.1	3.378e3
516.6	1.130e2
517.1	3.591e3
518.1	2.838e3
519.0	3.788e3
519.6	3.430e2
520.2	2.523e3
521.1	3.697e4
522.1	7.768e3
522.7	2.140e2
523.2	3.878e3
523.8	2.560e2
524.4	5.581e3
525.3	3.964e3
525.8	1.290e2
526.3	3.247e3
527.3	5.618e3
528.1	2.738e3
529.1	3.598e3
530.0	2.513e3
530.8	8.230e3
531.6	2.646e3
532.5	5.787e3
533.2	1.432e3
533.8	5.965e3
534.4	1.600e2
534.9	3.350e3
535.4	2.890e2
536.0	4.276e3
536.5	1.460e2
537.1	4.642e3
537.6	3.080e2
538.2	4.579e3
539.1	2.706e3
539.8	1.197e3
540.6	1.036e4
541.5	4.566e3
542.5	2.509e3
543.5	3.441e3
544.2	1.614e3
544.9	3.069e3
545.9	2.913e3
546.8	7.144e3
547.6	2.112e3
548.4	4.038e3
549.3	4.826e3
550.1	2.107e3
550.7	1.160e2
551.2	3.786e3
552.2	2.498e3
553.1	5.124e3
554.0	3.531e3
554.6	7.260e2
555.3	3.204e3
556.1	1.428e3
557.0	3.250e3
557.9	2.119e3
558.5	6.400e1
559.0	2.952e3
559.5	5.160e2
560.1	9.090e3
561.0	3.686e3
562.0	2.374e3
563.0	4.439e3
563.8	4.614e3
564.7	1.350e3
565.5	2.738e3
566.1	2.700e2
566.6	7.919e3
567.6	4.044e3
568.6	5.695e3
569.6	3.911e3
570.4	1.873e3
571.4	3.054e3
572.3	3.953e3
573.3	3.427e3
574.2	2.164e3
575.1	3.453e3
576.1	4.312e3
576.9	1.825e3
577.6	4.287e3
578.3	8.560e2
579.0	4.893e3
580.0	1.991e3
580.8	3.298e3
581.8	2.323e3
582.4	4.210e2
583.1	6.115e3
584.1	3.390e3
584.8	6.540e2
585.4	2.903e3
586.2	1.634e3
587.1	3.090e3
588.0	2.840e3
588.6	4.120e2
589.1	2.916e4
590.1	4.723e3
590.7	9.130e2
591.4	5.219e3
592.1	1.738e3
593.0	4.418e3
593.9	3.065e3
594.9	2.699e3
595.8	5.358e3
596.4	2.870e2
597.0	3.896e3
597.8	1.628e3
598.6	4.221e3
599.5	8.501e3
600.0	4.550e2
600.6	5.027e3
601.2	1.353e3
601.9	5.518e3
602.5	8.940e2
603.2	3.168e3
604.1	1.809e3
605.1	4.079e3
606.0	3.145e3
606.5	1.360e2
607.0	3.437e3
607.8	1.613e3
608.6	3.493e3
609.5	4.122e3
610.5	2.608e3
611.1	4.310e2
611.7	3.238e3
612.6	2.583e3
613.4	3.282e3
614.2	1.481e3
615.1	5.352e3
616.1	3.626e3
617.1	3.431e3
618.0	3.053e3
618.6	1.540e2
619.1	2.363e3
619.7	3.600e1
620.2	3.185e3
620.7	2.540e2
621.3	4.256e3
622.1	2.314e3
622.6	1.640e2
623.2	3.687e3
624.1	1.671e3
625.1	4.211e3
626.1	2.407e3
627.1	2.336e3
628.1	8.710e3
629.1	3.603e3
629.9	2.198e3
630.5	2.830e2
631.1	3.853e3
631.9	1.936e3
632.6	4.466e3
633.5	2.865e3
634.1	5.980e2
634.7	3.672e3
635.4	9.350e2
636.0	3.650e3
636.9	2.129e3
637.7	3.088e3
638.3	6.730e2
639.0	3.674e3
639.5	1.180e2
640.1	3.108e3
640.9	1.152e3
641.6	3.515e3
642.2	4.650e2
642.8	3.104e3
643.4	2.950e2
644.0	3.130e3
645.1	3.723e3
646.0	2.041e3
647.0	4.749e3
648.0	2.308e3
648.9	3.444e3
649.8	2.640e3
650.4	5.430e2
651.1	5.952e3
652.0	2.736e3
652.5	4.070e2
653.1	2.591e3
654.0	4.336e3
655.0	2.927e3
655.8	1.491e3
656.4	5.740e2
657.1	2.538e4
658.1	5.751e3
659.1	3.797e3
660.1	4.340e3
661.0	2.298e3
661.9	2.435e3
662.9	3.025e3
663.8	4.637e3
664.7	3.787e3
665.5	1.400e3
666.2	4.846e3
666.7	1.580e2
667.3	4.915e3
668.2	2.494e3
669.0	4.589e3
670.0	4.127e3
671.0	3.667e3
671.6	3.090e2
672.1	2.788e3
673.1	3.843e3
673.7	4.830e2
674.3	4.019e3
675.2	3.588e3
676.0	1.593e3
676.8	4.503e3
677.5	1.601e3
678.4	4.175e3
678.9	7.090e2
679.5	3.688e3
680.5	2.469e3
681.4	3.583e3
682.2	2.424e3
683.0	6.450e3
683.7	1.028e3
684.4	4.229e3
684.9	2.480e2
685.5	4.191e3
686.5	2.743e3
687.1	7.930e2
687.7	2.934e3
688.4	2.260e2
688.9	4.268e3
689.7	2.167e3
690.6	3.898e3
691.5	2.002e3
692.2	1.409e3
692.9	3.898e3
693.9	2.776e3
694.4	1.260e2
695.0	3.054e3
695.5	2.220e2
696.1	7.978e3
697.0	3.648e3
697.9	2.220e3
698.8	6.387e3
699.8	4.923e3
700.3	1.290e2
700.8	3.259e3
701.6	1.678e3
702.5	3.857e3
703.1	9.700e1
703.6	2.999e3
704.2	2.910e2
704.8	4.050e3
705.5	1.253e3
706.2	3.477e3
707.0	1.019e3
707.7	4.015e3
708.4	2.206e3
709.2	3.127e3
710.1	3.422e3
710.6	1.700e2
711.1	3.029e3
711.7	1.370e2
712.2	2.716e3
713.1	2.930e3
714.0	2.209e3
714.9	5.606e3
715.4	3.420e2
716.1	2.724e3
717.0	3.268e3
717.5	2.560e2
718.0	3.769e3
718.6	2.500e2
719.1	4.443e3
719.8	9.520e2
720.5	4.015e3
721.1	6.370e2
721.8	3.148e3
722.4	3.900e2
723.0	2.920e3
723.5	8.200e1
724.0	2.270e3
724.6	2.830e2
725.1	1.940e4
726.1	4.083e3
726.8	8.480e2
727.4	4.663e3
728.2	1.921e3
729.0	4.187e3
729.6	4.350e2
730.2	3.294e3
731.1	1.178e3
731.8	3.805e3
732.8	3.443e3
733.7	4.126e3
734.4	1.699e3
735.2	4.122e3
735.8	7.250e2
736.5	4.092e3
737.2	9.000e2
737.8	4.165e3
738.4	7.920e2
739.0	3.226e3
740.0	2.671e3
741.1	4.596e3
741.6	7.270e2
742.2	4.250e3
743.2	4.200e3
743.9	8.630e2
744.7	4.909e3
745.7	4.335e3
746.4	1.547e3
747.2	4.751e3
748.0	1.201e3
748.7	3.623e3
749.7	2.837e3
750.3	2.730e2
751.0	4.972e3
751.8	1.978e3
752.6	3.711e3
753.3	1.419e3
754.0	4.336e3
754.9	1.652e3
755.8	2.476e3
756.5	7.560e2
757.2	3.782e3
758.1	2.187e3
759.0	1.453e3
759.8	3.227e3
760.5	1.110e3
761.2	3.673e3
762.1	1.979e3
763.1	3.776e3
764.1	7.463e3
765.0	3.376e3
765.8	2.632e3
766.4	1.145e3
767.2	5.330e3
767.8	5.300e2
768.4	2.410e3
769.1	4.770e2
769.7	2.917e3
770.7	2.647e3
771.7	2.784e3
772.3	3.020e2
773.0	3.093e3
773.9	1.779e3
774.9	2.880e3
775.9	3.451e3
776.8	2.880e3
777.5	7.480e2
778.1	2.494e3
778.7	3.060e2
779.3	2.427e3
780.3	2.718e3
781.2	3.176e3
781.9	7.370e2
782.7	4.928e3
783.7	3.517e3
784.5	2.142e3
785.4	3.980e3
786.3	1.571e3
787.2	3.774e3
788.1	1.448e3
789.0	2.550e3
790.0	3.506e3
790.5	1.900e2
791.1	2.949e3
791.6	2.590e2
792.2	2.583e3
793.1	1.460e4
793.8	1.849e3
794.5	5.018e3
795.5	4.150e3
796.3	2.858e3
797.3	3.208e3
798.3	3.107e3
798.8	7.200e1
799.4	3.940e3
800.1	8.650e2
800.7	3.029e3
801.3	1.980e2
801.9	3.603e3
802.9	3.137e3
803.5	6.610e2
804.2	3.112e3
805.2	3.696e3
806.0	2.044e3
806.8	3.887e3
807.4	2.760e2
808.0	3.107e3
808.6	1.210e2
809.1	3.731e3
810.0	2.160e3
811.0	2.568e3
811.9	2.022e3
812.9	3.748e3
813.7	1.739e3
814.5	2.407e3
815.3	1.460e3
816.1	3.030e3
816.7	4.000e1
817.2	3.179e3
818.1	2.327e3
819.2	4.140e3
820.2	3.415e3
820.8	2.670e2
821.3	3.067e3
822.3	2.596e3
823.3	3.241e3
824.2	2.562e3
825.1	3.390e3
825.9	1.737e3
826.7	2.330e3
827.5	4.576e3
828.1	5.430e2
828.8	2.906e3
829.4	1.660e2
829.9	1.767e3
830.6	3.700e2
831.2	3.050e3
832.1	4.903e3
832.8	1.605e3
833.5	2.449e3
834.4	3.119e3
834.9	7.600e1
835.5	3.716e3
836.2	1.628e3
837.2	3.171e3
837.7	8.200e1
838.2	1.953e3
839.2	1.919e3
839.8	3.850e2
840.4	2.648e3
841.2	1.290e3
842.0	2.947e3
843.0	1.894e3
843.6	9.800e1
844.1	3.757e3
845.1	2.778e3
846.0	1.969e3
847.0	2.927e3
847.6	6.160e2
848.3	2.439e3
849.0	5.840e2
849.6	3.554e3
850.4	1.147e3
851.1	4.173e3
852.1	2.581e3
852.7	2.190e2
853.2	2.927e3
853.8	1.590e2
854.3	2.311e3
854.8	1.480e2
855.4	3.151e3
856.2	1.615e3
857.0	2.918e3
857.5	1.600e2
858.1	3.076e3
858.7	3.890e2
859.2	2.842e3
859.8	5.700e1
860.3	2.295e3
861.2	1.060e4
861.8	2.830e2
862.3	3.588e3
863.0	5.140e2
863.5	4.390e3
864.1	1.290e2
864.6	3.285e3
865.2	5.170e2
865.9	2.909e3
866.8	3.662e3
867.4	3.190e2
867.9	3.630e3
868.5	2.210e2
869.1	3.147e3
870.0	2.086e3
871.0	3.234e3
871.7	1.336e3
872.4	2.821e3
873.1	4.910e2
873.7	3.111e3
874.4	1.073e3
875.1	2.545e3
876.0	1.454e3
876.9	2.807e3
877.8	3.567e3
878.6	1.198e3
879.3	1.864e3
880.4	3.104e3
881.1	1.134e3
881.8	4.193e3
882.6	1.607e3
883.3	3.420e3
884.2	1.309e3
885.0	3.723e3
885.6	4.500e1
886.1	2.885e3
887.1	4.466e3
888.0	3.891e3
888.9	2.061e3
889.9	2.471e3
890.4	1.220e2
890.9	2.751e3
891.8	2.224e3
892.5	8.150e2
893.3	3.321e3
894.2	2.268e3
894.9	9.020e2
895.6	4.272e3
896.2	8.000e2
897.0	3.261e3
897.5	1.270e2
898.0	2.267e3
899.0	2.449e3
899.5	4.300e1
900.0	4.758e3
900.6	6.900e1
901.1	2.684e3
902.1	2.178e3
902.6	1.100e2
903.2	2.467e3
904.1	1.530e3
905.0	3.026e3
905.7	9.580e2
906.4	3.594e3
907.3	2.609e3
907.9	6.660e2
908.6	2.393e3
909.5	3.069e3
910.4	1.996e3
910.9	1.000e1
911.5	3.752e3
912.2	1.548e3
913.0	2.885e3
913.8	1.030e3
914.5	3.344e3
915.5	3.020e3
916.4	2.524e3
917.1	8.620e2
917.7	2.401e3
918.2	1.700e1
918.8	3.617e3
919.7	2.763e3
920.4	3.330e2
921.0	2.245e3
921.8	3.191e3
922.5	8.100e2
923.2	3.451e3
924.2	3.151e3
925.2	2.073e3
926.0	2.666e3
927.0	2.448e3
927.5	5.200e1
928.0	2.646e3
928.6	4.110e2
929.2	8.720e3
930.1	2.912e3
931.1	3.025e3
932.1	2.807e3
933.0	2.796e3
933.5	7.000e1
934.0	3.255e3
934.8	1.000e3
935.5	3.191e3
936.1	2.380e2
936.7	1.936e3
937.5	2.786e3
938.5	2.510e3
939.1	4.550e2
939.7	3.114e3
940.4	5.200e2
941.0	3.339e3
942.0	4.680e3
942.7	1.146e3
943.4	3.159e3
944.2	1.019e3
945.0	3.955e3
946.0	2.498e3
946.6	1.430e2
947.1	3.650e3
948.0	2.367e3
948.8	4.617e3
949.7	2.026e3
950.6	2.509e3
951.6	3.601e3
952.2	9.450e2
953.0	2.955e3
953.8	1.436e3
954.8	3.077e3
955.7	4.110e3
956.3	2.820e2
956.9	3.665e3
957.6	3.890e2
958.2	3.670e3
959.2	1.940e3
960.1	2.846e3
960.7	7.480e2
961.4	3.753e3
962.1	1.450e3
962.8	3.077e3
963.8	3.803e3
964.7	1.692e3
965.4	1.241e3
966.2	3.224e3
966.9	1.186e3
967.5	3.042e3
968.4	4.835e3
969.3	1.763e3
970.2	2.379e3
970.7	1.100e2
971.3	4.033e3
972.2	2.060e3
973.1	2.722e3
974.1	3.351e3
975.1	3.110e3
975.7	7.200e2
976.3	3.416e3
977.0	1.151e3
977.7	2.404e3
978.7	2.718e3
979.7	2.592e3
980.4	8.250e2
981.1	3.557e3
982.0	2.098e3
982.9	3.288e3
983.6	5.480e2
984.1	3.993e3
984.6	1.460e2
985.2	2.193e3
985.7	1.870e2
986.3	2.843e3
986.9	9.510e2
987.6	3.793e3
988.2	5.890e2
988.8	2.998e3
989.8	1.614e3
990.6	2.765e3
991.3	1.088e3
992.2	2.967e3
992.7	4.400e1
993.3	2.010e3
994.1	2.922e3
994.7	6.100e1
995.2	2.987e3
996.1	3.378e3
997.1	5.679e3
997.7	4.490e2
998.3	4.527e3
998.9	4.260e2
999.4	2.736e3
1000.3	1.673e3
1001.1	2.636e3
1001.6	6.700e1
1002.2	1.462e3
1003.1	3.236e3
1003.7	7.970e2
1004.4	3.038e3
1005.3	2.043e3
1006.2	1.887e3
1007.2	3.455e3
1007.9	1.379e3
1008.7	2.439e3
1009.7	2.859e3
1010.3	6.720e2
1011.0	2.930e3
1011.7	1.574e3
1012.4	3.039e3
1013.4	3.515e3
1014.3	1.938e3
1015.1	3.318e3
1015.7	7.840e2
1016.5	4.162e3
1017.1	4.990e2
1017.9	3.310e3
1018.7	1.720e3
1019.6	1.972e3
1020.5	3.128e3
1021.3	6.740e2
1022.1	2.568e3
1023.0	4.754e3
1023.8	1.333e3
1024.5	3.670e3
1025.4	1.605e3
1026.3	4.349e3
1026.9	4.170e2
1027.5	3.859e3
1028.4	1.418e3
1029.3	3.462e3
1029.8	8.400e1
1030.3	2.347e3
1031.3	3.190e3
1032.1	3.734e3
1032.9	1.082e3
1033.7	3.288e3
1034.7	3.284e3
1035.4	1.443e3
1036.2	4.174e3
1037.0	1.762e3
1037.9	3.333e3
1038.6	3.430e2
1039.1	3.518e3
1040.0	1.743e3
1040.6	1.210e2
1041.2	2.791e3
1041.9	8.700e2
1042.7	1.616e3
1043.2	7.500e1
1043.8	2.561e3
1044.8	2.684e3
1045.6	1.613e3
1046.5	3.174e3
1047.5	2.158e3
1048.1	4.500e1
1048.6	1.383e3
1049.5	2.677e3
1050.1	1.212e3
1050.8	3.013e3
1051.4	6.270e2
1052.0	3.924e3
1052.6	3.240e2
1053.2	3.708e3
1054.1	2.263e3
1054.7	4.740e2
1055.3	3.660e3
1056.0	8.340e2
1056.6	2.922e3
1057.2	9.200e1
1057.7	2.894e3
1058.3	6.850e2
1059.0	2.437e3
1059.7	3.560e2
1060.3	3.170e3
1061.2	1.807e3
1062.1	3.281e3
1062.9	1.968e3
1063.5	4.870e2
1064.1	2.663e3
1065.0	5.418e3
1065.9	1.906e3
1066.7	2.763e3
1067.6	4.174e3
1068.2	2.420e2
1068.8	2.555e3
1069.3	5.000e1
1069.9	3.255e3
1070.4	6.400e1
1070.9	2.742e3
1071.6	2.060e2
1072.1	2.591e3
1072.9	1.152e3
1073.6	2.713e3
1074.6	4.174e3
1075.5	1.957e3
1076.2	5.210e2
1076.9	2.430e3
1077.4	3.600e1
1077.9	2.176e3
1078.8	1.838e3
1079.7	2.210e3
1080.5	6.520e2
1081.1	3.365e3
1082.0	4.159e3
1083.0	2.486e3
1083.8	8.160e2
1084.5	2.394e3
1085.1	6.040e2
1086.0	2.464e3
1086.6	4.500e1
1087.1	2.579e3
1088.0	2.963e3
1088.7	1.277e3
1089.4	2.987e3
1090.4	1.326e3
1091.2	2.858e3
1092.2	2.058e3
1093.1	2.317e3
1094.1	2.603e3
1094.7	3.820e2
1095.2	2.088e3
1095.8	5.800e1
1096.3	2.576e3
1097.2	1.711e3
1098.1	2.677e3
1099.1	3.574e3
1099.9	2.161e3
1100.8	2.772e3
1101.7	3.678e3
1102.5	1.325e3
1103.3	1.938e3
1104.2	4.399e3
1105.0	9.000e2
1105.7	3.131e3
1106.3	5.790e2
1107.0	3.334e3
1107.9	1.688e3
1108.4	5.100e1
1109.0	2.582e3
1110.0	2.884e3
1110.6	1.350e2
1111.1	2.407e3
1112.1	2.764e3
1112.6	4.000e0
1113.1	2.768e3
1114.1	2.529e3
1114.7	4.900e1
1115.2	2.227e3
1115.8	2.800e1
1116.3	3.385e3
1117.3	3.068e3
1117.8	3.710e2
1118.5	3.865e3
1119.4	1.906e3
1120.3	2.414e3
1121.0	5.180e2
1121.6	3.156e3
1122.2	5.810e2
1122.9	3.509e3
1123.9	2.265e3
1124.4	2.500e1
1124.9	2.458e3
1125.8	2.095e3
1126.5	1.226e3
1127.4	2.612e3
1127.9	2.290e2
1128.5	2.764e3
1129.0	1.700e2
1129.6	2.450e3
1130.5	2.524e3
1131.3	1.130e3
1132.1	2.443e3
1132.7	1.700e2
1133.2	5.523e3
1133.7	8.500e1
1134.3	3.379e3
1135.3	2.348e3
1135.8	8.900e1
1136.3	2.448e3
1136.9	2.080e2
1137.4	2.083e3
1137.9	1.330e2
1138.5	3.538e3
1139.5	2.155e3
1140.4	3.164e3
1141.2	1.603e3
1142.0	2.317e3
1143.0	2.921e3
1143.6	5.160e2
1144.2	2.230e3
1145.0	2.135e3
1145.7	5.150e2
1146.4	2.219e3
1147.3	2.983e3
1147.8	9.400e1
1148.4	3.017e3
1148.9	8.000e1
1149.4	4.114e3
1150.2	7.690e2
1150.8	2.559e3
1151.4	1.370e2
1151.9	1.990e3
1152.9	2.764e3
1153.7	1.131e3
1154.4	2.173e3
1155.3	3.288e3
1156.2	1.875e3
1157.2	3.275e3
1157.7	1.770e2
1158.2	2.797e3
1159.3	2.761e3
1160.3	1.861e3
1160.8	1.700e1
1161.3	1.864e3
1161.9	4.900e2
1162.5	2.006e3
1163.4	3.618e3
1164.1	1.521e3
1165.0	3.092e3
1165.8	2.707e3
1166.4	2.360e2
1166.9	3.089e3
1167.4	4.100e1
1167.9	2.185e3
1168.8	1.491e3
1169.7	2.645e3
1170.6	1.836e3
1171.5	3.099e3
1172.0	9.700e1
1172.5	2.770e3
1173.1	2.700e1
1173.6	2.403e3
1174.2	2.940e2
1174.8	1.757e3
1175.6	3.360e3
1176.1	3.830e2
1176.7	2.505e3
1177.7	2.613e3
1178.7	1.914e3
1179.5	1.217e3
1180.4	2.853e3
1181.2	8.410e2
1181.9	3.671e3
1182.6	9.630e2
1183.3	2.543e3
1184.3	1.127e3
1185.1	2.873e3
1185.9	5.430e2
1186.6	3.792e3
1187.5	2.501e3
1188.1	7.970e2
1188.9	2.747e3
1189.8	1.809e3
1190.4	8.900e1
1190.9	2.551e3
1191.7	1.452e3
1192.6	3.040e3
1193.5	2.726e3
1194.5	2.737e3
1195.4	2.776e3
1196.1	9.930e2
1196.8	3.118e3
1197.8	2.195e3
1198.8	2.080e3
1199.8	2.543e3
1200.4	5.170e2
1201.1	5.904e3
1202.1	2.769e3
1202.7	4.130e2
1203.3	3.203e3
1204.0	5.400e2
1204.6	2.809e3
1205.1	1.900e1
1205.6	3.329e3
1206.3	1.057e3
1207.0	3.312e3
1207.9	1.470e3
1208.8	2.441e3
1209.3	1.920e2
1209.9	1.521e3
1210.8	3.400e3
1211.4	1.710e2
1211.9	2.684e3
1212.9	2.770e3
1213.4	6.500e1
1213.9	2.463e3
1214.4	2.400e1
1215.0	2.839e3
1216.0	2.509e3
1216.5	3.300e1
1217.1	2.154e3
1217.9	2.962e3
1218.8	1.807e3
1219.4	4.260e2
1220.0	2.679e3
1220.7	1.178e3
1221.4	2.409e3
1222.1	9.650e2
1222.8	2.917e3
1223.3	2.200e1
1223.8	2.243e3
1224.5	6.830e2
1225.3	2.477e3
1226.0	7.650e2
1226.8	2.634e3
1227.8	2.165e3
1228.5	1.106e3
1229.3	2.454e3
1229.9	4.030e2
1230.5	2.522e3
1231.3	8.830e2
1232.1	2.889e3
1232.6	5.490e2
1233.2	2.599e3
1233.9	1.042e3
1234.8	3.176e3
1235.6	2.780e2
1236.2	3.150e3
1237.1	1.353e3
1238.1	3.178e3
1239.1	2.201e3
1239.6	1.590e2
1240.1	2.492e3
1241.1	3.077e3
1242.0	1.127e3
1242.7	3.045e3
1243.7	2.529e3
1244.2	2.530e2
1244.8	2.369e3
1245.7	2.495e3
1246.6	3.398e3
1247.4	1.542e3
1248.4	2.210e3
1249.0	1.570e2
1249.5	2.606e3
1250.1	3.180e2
1250.8	2.564e3
1251.4	2.930e2
1252.0	1.896e3
1252.8	9.770e2
1253.5	1.726e3
1254.5	2.554e3
1255.2	1.112e3
1256.0	2.561e3
1257.0	2.274e3
1257.9	2.565e3
1258.9	2.769e3
1259.5	1.940e2
1260.0	2.900e3
1260.9	1.378e3
1261.7	2.347e3
1262.6	1.223e3
1263.4	1.966e3
1264.4	3.209e3
1265.1	4.040e2
1265.7	2.266e3
1266.4	3.960e2
1267.0	2.963e3
1267.9	1.374e3
1268.7	2.891e3
1269.6	4.143e3
1270.6	2.834e3
1271.3	9.020e2
1271.9	3.240e3
1272.5	3.240e2
1273.1	2.486e3
1274.0	2.911e3
1274.6	7.200e2
1275.3	2.609e3
1275.8	1.460e2
1276.4	2.048e3
1277.2	2.424e3
1278.2	2.090e3
1278.7	1.600e2
1279.3	2.506e3
1279.8	2.500e1
1280.3	1.390e3
1281.1	2.972e3
1281.7	7.000e1
1282.3	2.197e3
1283.2	2.239e3
1283.9	5.980e2
1284.5	3.091e3
1285.1	3.890e2
1285.7	2.593e3
1286.3	7.200e1
1286.8	1.934e3
1287.8	3.068e3
1288.8	3.120e3
1289.5	1.070e3
1290.2	2.699e3
1291.2	2.180e3
1292.0	1.025e3
1292.8	9.550e2
1293.5	1.774e3
1294.2	7.000e2
1295.0	2.316e3
1295.7	6.350e2
1296.3	2.631e3
1296.8	1.500e1
1297.3	2.155e3
1297.8	4.200e1
1298.4	2.967e3
1299.2	1.664e3
1299.9	1.165e3
1300.7	2.325e3
1301.6	2.680e3
1302.2	1.070e2
1302.7	2.245e3
1303.5	1.458e3
1304.1	2.960e2
1304.7	1.941e3
1305.7	2.495e3
1306.4	5.130e2
1307.0	2.471e3
1307.6	2.700e1
1308.1	2.680e3
1309.0	1.657e3
1309.8	2.637e3
1310.5	6.750e2
1311.3	2.286e3
1312.1	2.558e3
1312.7	1.250e2
1313.3	2.250e3
1313.8	1.440e2
1314.3	2.349e3
1315.3	2.244e3
1315.8	1.300e2
1316.3	2.626e3
1317.3	3.042e3
1318.3	2.497e3
1318.9	5.120e2
1319.5	2.224e3
1320.3	1.018e3
1321.0	1.562e3
1322.0	2.956e3
1322.7	8.740e2
1323.3	2.944e3
1323.9	6.400e1
1324.4	2.239e3
1325.2	1.385e3
1326.2	2.766e3
1326.7	1.660e2
1327.3	3.371e3
1328.2	2.291e3
1328.9	3.310e2
1329.6	3.054e3
1330.3	6.700e2
1330.9	2.654e3
1331.6	1.650e2
1332.2	2.651e3
1332.8	3.100e2
1333.4	2.895e3
1334.3	2.763e3
1335.2	1.396e3
1336.1	2.365e3
1337.1	2.727e3
1338.0	3.401e3
1338.6	5.830e2
1339.3	2.601e3
1340.2	1.212e3
1341.0	2.461e3
1341.7	5.070e2
1342.3	3.220e3
1343.1	1.718e3
1343.9	2.091e3
1344.7	2.481e3
1345.4	5.060e2
1346.1	1.773e3
1347.1	2.117e3
1348.1	2.779e3
1349.0	2.739e3
1350.0	2.101e3
1350.6	5.830e2
1351.2	1.941e3
1352.0	1.248e3
1352.7	3.060e3
1353.2	6.700e1
1353.7	2.570e3
1354.3	1.910e2
1355.0	3.243e3
1355.8	1.882e3
1356.7	2.422e3
1357.6	2.380e3
1358.6	2.715e3
1359.5	2.003e3
1360.4	1.431e3
1361.2	2.519e3
1362.0	9.250e2
1362.7	2.949e3
1363.7	2.254e3
1364.5	1.434e3
1365.4	2.150e3
1366.1	7.010e2
1366.8	2.402e3
1367.7	2.759e3
1368.2	1.090e2
1368.8	3.140e3
1369.8	2.544e3
1370.4	5.580e2
1371.0	1.695e3
1371.9	1.564e3
1372.5	2.290e2
1373.1	2.237e3
1373.7	4.800e2
1374.4	2.700e3
1374.9	3.000e0
1375.4	1.814e3
1376.3	2.299e3
1377.1	1.240e3
1377.9	3.191e3
1378.8	2.281e3
1379.7	2.715e3
1380.2	9.300e1
1380.8	3.221e3
1381.4	2.200e2
1381.9	1.551e3
1382.8	1.851e3
1383.7	2.642e3
1384.7	2.922e3
1385.2	5.300e1
1385.8	2.416e3
1386.7	1.885e3
1387.3	2.980e2
1387.9	2.730e3
1388.4	2.200e1
1389.0	3.084e3
1389.6	3.140e2
1390.2	3.403e3
1391.2	2.924e3
1392.0	6.790e2
1392.6	2.212e3
1393.1	1.300e1
1393.6	1.287e3
1394.5	3.255e3
1395.2	1.182e3
1395.9	2.614e3
1396.6	2.390e2
1397.3	1.823e3
1398.2	2.877e3
1399.1	1.527e3
1400.1	2.525e3
1401.1	2.026e3
1401.9	9.230e2
1402.7	2.793e3
1403.2	3.850e2
1403.8	2.576e3
1404.5	8.390e2
1405.2	3.912e3
1406.0	1.403e3
1406.8	1.591e3
1407.7	2.821e3
1408.3	2.020e2
1408.9	2.429e3
1409.6	7.530e2
1410.2	2.886e3
1411.2	1.152e3
1412.0	2.901e3
1412.8	1.836e3
1413.8	2.371e3
1414.6	1.403e3
1415.5	2.150e3
1416.5	2.277e3
1417.4	2.352e3
1418.1	6.800e2
1418.8	2.879e3
1419.4	2.660e2
1420.0	2.444e3
1421.0	2.444e3
1421.9	2.669e3
1422.8	2.062e3
1423.3	3.500e1
1423.8	2.066e3
1424.5	1.070e2
1425.0	2.314e3
1425.8	1.206e3
1426.6	2.986e3
1427.3	1.553e3
1428.4	2.205e3
1429.0	6.650e2
1429.7	1.894e3
1430.2	1.590e2
1430.9	2.827e3
1431.5	2.230e2
1432.1	2.236e3
1433.2	3.259e3
1434.1	2.372e3
1435.1	2.214e3
1436.1	2.062e3
1436.8	6.690e2
1437.5	1.760e3
1438.2	8.160e2
1438.8	2.794e3
1439.9	3.241e3
1440.5	3.580e2
1441.1	2.778e3
1441.8	3.140e2
1442.4	2.436e3
1443.2	1.488e3
1444.1	2.822e3
1445.0	1.678e3
1445.6	1.750e2
1446.2	1.621e3
1446.8	1.180e2
1447.3	2.948e3
1448.0	4.750e2
1448.7	2.030e3
1449.3	4.250e2
1449.9	1.976e3
1450.6	5.430e2
1451.3	1.661e3
1451.9	2.310e2
1452.6	2.330e3
1453.4	1.274e3
1454.1	1.797e3
1454.7	2.800e1
1455.2	1.923e3
1456.0	3.092e3
1456.6	6.400e1
1457.1	2.364e3
1457.7	4.720e2
1458.5	2.057e3
1459.0	2.800e1
1459.5	2.587e3
1460.2	1.287e3
1461.1	2.216e3
1461.8	1.294e3
1462.7	2.233e3
1463.3	5.520e2
1464.0	1.928e3
1464.9	2.880e3
1465.4	1.340e2
1466.0	2.042e3
1466.5	1.230e2
1467.1	2.541e3
1468.1	1.445e3
1469.0	1.805e3
1469.9	2.554e3
1470.8	1.396e3
1471.8	1.629e3
1472.4	2.530e2
1473.0	3.197e3
1474.0	2.017e3
1474.8	1.372e3
1475.6	2.497e3
1476.4	5.720e2
1477.1	2.256e3
1477.7	7.320e2
1478.4	2.457e3
1479.0	4.870e2
1479.6	2.481e3
1480.1	3.900e1
1480.7	1.382e3
1481.6	3.006e3
1482.2	3.830e2
1482.8	1.574e3
1483.8	1.961e3
1484.6	8.510e2
1485.3	1.588e3
1486.1	2.798e3
1486.6	1.110e2
1487.2	2.233e3
1488.0	1.172e3
1488.9	2.570e3
1489.8	9.860e2
1490.7	1.614e3
1491.6	8.920e2
1492.4	2.451e3
1493.3	1.595e3
1494.3	2.633e3
1495.1	9.090e2
1495.9	2.356e3
1496.8	1.709e3
1497.4	8.000e1
1498.0	1.892e3
1499.0	2.260e3
1499.5	1.300e1
1500.1	1.551e3
1501.0	1.509e3
1501.7	8.630e2
1502.4	3.587e3
1503.1	1.540e2
1503.8	1.830e3
1504.8	1.654e3
1505.8	2.453e3
1506.8	2.502e3
1507.6	5.370e2
1508.2	1.055e3
1509.0	2.672e3
1509.6	1.290e2
1510.1	2.435e3
1510.6	2.610e2
1511.2	2.032e3
1512.1	9.510e2
1512.9	8.990e2
1513.9	1.889e3
1514.7	3.234e3
1515.5	5.060e2
1516.2	1.310e3
1516.8	2.620e2
1517.5	9.590e2
1518.3	1.839e3
1519.0	1.000e2
1519.5	2.241e3
1520.1	1.800e1
1520.6	2.046e3
1521.2	6.600e2
1521.9	2.663e3
1522.8	1.118e3
1523.9	1.888e3
1524.6	1.406e3
1525.1	7.900e1
1525.7	2.262e3
1526.2	4.700e2
1526.8	2.820e3
1527.6	5.700e2
1528.4	2.106e3
1529.2	1.055e3
1530.0	2.869e3
1530.9	7.280e2
1531.6	2.690e3
1532.5	1.335e3
1533.4	2.847e3
1534.3	1.870e3
1535.0	5.320e2
1535.7	2.908e3
1536.6	1.355e3
1537.5	1.509e3
1538.2	8.590e2
1538.9	3.131e3
1539.8	1.236e3
1540.6	1.674e3
1541.4	2.784e3
1542.4	2.285e3
1543.1	3.620e2
1543.6	1.743e3
1544.6	1.698e3
1545.5	3.293e3
1546.5	2.434e3
1547.4	5.920e2
1548.1	2.211e3
1549.0	1.120e3
1549.9	2.016e3
1550.7	1.307e3
1551.6	2.712e3
1552.6	1.837e3
1553.6	2.260e3
1554.4	8.330e2
1554.9	1.460e2
1555.5	2.218e3
1556.2	1.890e2
1556.8	2.127e3
1557.5	3.580e2
1558.1	2.595e3
1559.0	1.437e3
1560.0	1.598e3
1560.9	1.449e3
1562.0	1.917e3
1562.6	2.460e2
1563.3	1.305e3
1564.1	9.470e2
1564.9	2.299e3
1565.7	1.714e3
1566.3	3.530e2
1566.9	2.510e3
1567.6	5.590e2
1568.3	2.054e3
1569.1	9.270e2
1569.9	2.436e3
1570.5	2.990e2
1571.2	2.712e3
1572.0	6.960e2
1572.8	2.193e3
1573.9	1.976e3
1574.7	6.150e2
1575.4	2.396e3
1576.3	1.549e3
1577.0	4.120e2
1577.5	1.745e3
1578.5	2.440e3
1579.1	1.490e2
1579.7	1.998e3
1580.6	2.022e3
1581.4	2.138e3
1582.0	1.150e2
1582.5	1.739e3
1583.3	9.060e2
1584.1	1.942e3
1584.8	1.460e2
1585.5	2.119e3
1586.5	1.084e3
1587.4	2.205e3
1588.2	7.290e2
1589.1	2.693e3
1589.6	8.400e1
1590.2	1.988e3
1591.0	1.327e3
1591.6	1.390e2
1592.1	1.914e3
1593.0	2.507e3
1593.7	1.017e3
1594.6	2.253e3
1595.6	1.951e3
1596.5	1.255e3
1597.2	1.073e3
1597.8	1.690e2
1598.3	1.734e3
1599.3	1.576e3
1599.8	5.500e1
1600.3	1.552e3
1601.0	3.110e2
1601.7	1.807e3
1602.2	6.100e1
1602.8	1.512e3
1603.7	1.947e3
1604.6	9.910e2
1605.5	1.883e3
1606.5	1.297e3
1607.2	1.980e2
1607.7	2.579e3
1608.7	1.443e3
1609.3	4.450e2
1609.9	3.028e3
1610.9	2.678e3
1611.6	5.530e2
1612.3	2.109e3
1613.2	1.526e3
1614.0	2.569e3
1614.7	2.150e2
1615.3	1.672e3
1616.3	1.239e3
1617.2	2.224e3
1618.2	2.176e3
1619.1	7.930e2
1619.9	2.101e3
1620.9	1.866e3
1621.7	1.310e3
1622.4	1.410e2
1623.0	2.051e3
1623.7	2.950e2
1624.5	1.480e3
1625.5	1.936e3
1626.6	1.994e3
1627.4	6.110e2
1628.1	2.620e3
1628.7	5.600e1
1629.2	2.132e3
1629.9	2.340e2
1630.5	2.827e3
1631.4	1.188e3
1632.3	1.917e3
1632.9	2.580e2
1633.6	2.173e3
1634.2	5.440e2
1634.9	2.060e3
1635.5	1.800e1
1636.0	1.708e3
1637.0	2.497e3
1637.6	4.100e1
1638.1	1.613e3
1638.7	4.260e2
1639.4	2.488e3
1640.1	6.100e2
1640.8	1.985e3
1641.4	3.220e2
1642.1	1.183e3
1642.8	6.750e2
1643.5	2.016e3
1644.1	3.130e2
1644.8	1.648e3
1645.4	1.700e1
1645.9	1.671e3
1646.5	2.380e2
1647.1	1.879e3
1648.2	1.689e3
1649.1	2.049e3
1649.6	1.690e2
1650.3	1.978e3
1650.9	1.900e2
1651.5	2.112e3
1652.0	3.300e1
1652.5	1.800e3
1653.1	1.310e2
1653.6	2.263e3
1654.5	1.302e3
1655.2	5.230e2
1655.8	1.970e3
1656.6	5.610e2
1657.3	2.348e3
1658.2	5.970e2
1659.0	1.927e3
1659.5	4.100e1
1660.0	1.341e3
1660.8	1.042e3
1661.8	1.687e3
1662.8	2.347e3
1663.6	7.830e2
1664.5	1.804e3
1665.3	1.432e3
1666.3	2.326e3
1667.2	1.286e3
1667.8	5.100e1
1668.3	1.641e3
1669.3	1.743e3
1670.0	6.050e2
1670.6	2.060e3
1671.4	9.240e2
1672.1	1.652e3
1673.1	1.815e3
1674.1	1.733e3
1674.7	1.260e2
1675.4	1.153e3
1676.3	1.012e3
1677.4	2.285e3
1678.1	4.940e2
1678.9	1.413e3
1679.6	4.140e2
1680.2	2.005e3
1681.1	2.554e3
1682.1	1.475e3
1683.0	1.773e3
1683.7	2.050e2
1684.3	2.209e3
1684.8	2.460e2
1685.4	1.469e3
1686.3	1.688e3
1687.1	5.510e2
1687.7	2.552e3
1688.2	1.090e2
1688.8	1.773e3
1689.3	4.500e1
1689.8	9.670e2
1690.7	1.006e3
1691.3	1.910e2
1692.0	1.194e3
1692.6	1.780e2
1693.2	1.932e3
1694.2	1.211e3
1695.0	5.950e2
1695.7	2.566e3
1696.7	1.798e3
1697.6	1.090e3
1698.5	1.455e3
1699.0	3.700e1
1699.6	1.994e3
1700.2	5.150e2
1700.9	1.685e3
1701.7	1.277e3
1702.6	2.376e3
1703.2	9.900e1
1703.7	1.669e3
1704.6	1.051e3
1705.3	3.690e2
1705.9	1.751e3
1706.6	3.440e2
1707.3	1.925e3
1707.9	2.000e2
1708.5	1.006e3
1709.4	1.495e3
1709.9	6.900e1
1710.4	6.470e2
1711.3	1.598e3
1712.3	1.029e3
1712.8	4.600e1
1713.4	1.313e3
1714.0	2.200e2
1714.6	2.344e3
1715.3	9.210e2
1716.0	1.795e3
1716.8	7.480e2
1717.7	2.092e3
1718.6	1.323e3
1719.4	6.370e2
1720.2	2.545e3
1721.0	1.362e3
1721.8	8.650e2
1722.6	2.014e3
1723.2	3.300e1
1723.7	1.649e3
1724.7	2.524e3
1725.5	4.700e2
1726.2	2.370e3
1727.2	1.115e3
1728.0	1.089e3
1729.1	1.859e3
1729.7	7.600e1
1730.2	1.149e3
1731.1	1.514e3
1732.1	2.096e3
1733.0	8.250e2
1734.0	1.205e3
1734.6	4.380e2
1735.2	2.040e3
1735.8	2.300e1
1736.4	1.601e3
1737.1	7.220e2
1737.8	4.790e2
1738.5	1.800e3
1739.5	1.171e3
1740.2	4.220e2
1740.9	1.303e3
1741.8	2.020e3
1742.3	3.210e2
1742.9	1.730e3
1743.5	3.330e2
1744.2	2.247e3
1744.9	2.020e2
1745.6	1.958e3
1746.5	8.690e2
1747.1	3.000e1
1747.7	2.052e3
1748.3	5.300e1
1748.8	1.849e3
1749.6	4.660e2
1750.3	1.730e3
1751.1	9.550e2
1752.0	5.750e2
1752.9	1.749e3
1753.8	2.033e3
1754.7	1.400e3
1755.5	1.514e3
1756.5	1.030e3
1757.3	6.080e2
1758.2	1.793e3
1759.0	6.030e2
1759.8	1.351e3
1760.6	1.027e3
1761.5	1.843e3
1762.3	1.512e3
1763.2	1.244e3
1764.2	1.678e3
1764.8	2.480e2
1765.4	1.632e3
1766.1	3.400e2
1766.9	1.456e3
1767.7	1.104e3
1768.4	3.600e2
1769.1	1.897e3
1770.0	9.440e2
1770.8	1.711e3
1771.9	1.224e3
1772.5	4.390e2
1773.2	1.738e3
1774.0	7.660e2
1775.1	1.255e3
1776.0	6.630e2
1776.8	1.792e3
1777.6	4.860e2
1778.3	1.357e3
1779.1	1.057e3
1779.9	1.730e3
1780.9	1.423e3
1781.9	9.760e2
1782.8	7.060e2
1783.8	1.330e3
1784.7	8.030e2
1785.3	3.600e2
1786.0	1.580e3
1786.7	5.420e2
1787.5	1.281e3
1788.2	5.220e2
1788.9	1.577e3
1789.6	2.790e2
1790.2	1.845e3
1791.0	4.200e2
1791.9	9.370e2
1792.6	2.950e2
1793.3	1.133e3
1794.3	1.282e3
1795.1	7.100e2
1795.9	8.130e2
1796.4	2.900e2
1797.1	1.273e3
1797.7	4.700e1
1798.3	1.182e3
1799.0	4.230e2
1799.6	1.574e3
1800.5	2.451e3
1801.0	4.000e1
1801.6	1.354e3
1802.5	1.666e3
1803.2	6.660e2
1803.8	1.699e3
1804.6	1.800e2
1805.3	1.684e3
1805.9	4.300e2
1806.7	1.424e3
1807.7	1.323e3
1808.7	1.404e3
1809.4	4.070e2
1810.2	9.010e2
1811.0	1.966e3
1811.7	3.400e2
1812.4	1.236e3
1813.5	2.024e3
1814.1	1.130e2
1814.6	1.602e3
1815.5	2.335e3
1816.3	1.180e2
1816.9	2.202e3
1818.0	1.654e3
1818.6	1.430e2
1819.2	1.034e3
1820.1	1.671e3
1820.8	5.280e2
1821.6	1.224e3
1822.4	4.350e2
1823.2	2.073e3
1824.1	7.590e2
1824.8	1.516e3
1825.7	1.156e3
1826.5	6.740e2
1827.5	1.383e3
1828.1	1.100e2
1828.7	1.830e3
1829.3	1.160e2
1829.9	9.770e2
1830.8	1.051e3
1831.8	1.177e3
1832.3	3.600e1
1832.9	1.383e3
1833.5	6.950e2
1834.4	9.970e2
1835.2	1.711e3
1836.0	4.110e2
1836.7	1.749e3
1837.4	1.710e2
1837.9	1.887e3
1838.7	3.980e2
1839.6	9.280e2
1840.6	8.210e2
1841.4	3.400e2
1842.0	2.237e3
1842.9	8.030e2
1843.8	4.050e2
1844.5	2.445e3
1845.5	9.940e2
1846.1	1.903e3
1847.1	1.835e3
1847.9	3.250e2
1848.6	6.220e2
1849.4	6.080e2
1850.3	1.316e3
1851.1	2.430e2
1851.8	1.001e3
1852.5	1.830e2
1853.2	1.638e3
1853.9	2.060e2
1854.5	1.466e3
1855.4	7.390e2
1856.4	1.669e3
1857.0	4.000e1
1857.6	1.269e3
1858.1	9.400e1
1858.6	9.010e2
1859.5	2.068e3
1860.3	9.680e2
1861.2	7.200e2
1862.1	1.743e3
1862.8	5.630e2
1863.7	1.777e3
1864.5	9.560e2
1865.5	8.030e2
1866.2	1.180e2
1866.7	8.760e2
1867.6	1.826e3
1868.2	6.500e1
1868.8	6.960e2
1869.7	1.423e3
1870.2	2.600e1
1870.8	1.313e3
1871.3	1.380e2
1871.9	1.509e3
1872.6	5.030e2
1873.3	1.488e3
1874.1	2.840e2
1875.1	1.175e3
1875.8	3.500e2
1876.8	1.743e3
1877.4	2.200e1
1878.0	1.399e3
1879.0	1.593e3
1879.6	7.800e1
1880.1	8.930e2
1880.7	1.050e2
1881.2	1.090e3
1881.9	2.790e2
1882.9	9.670e2
1883.6	7.990e2
1884.5	1.089e3
1885.0	1.300e1
1885.6	7.670e2
1886.6	1.044e3
1887.5	1.376e3
1888.1	1.400e1
1888.6	1.155e3
1889.7	1.566e3
1890.3	6.530e2
1890.9	1.521e3
1891.5	1.260e2
1892.1	1.820e3
1892.8	6.070e2
1893.4	5.700e1
1894.0	1.769e3
1894.9	8.680e2
1895.7	1.569e3
1896.3	3.060e2
1897.1	1.134e3
1897.6	2.170e2
1898.3	1.093e3
1899.1	9.890e2
1899.9	1.660e3
1900.6	2.400e2
1901.2	1.804e3
1902.0	2.430e2
1902.7	1.828e3
1903.5	4.190e2
1904.1	1.056e3
1905.0	7.070e2
1905.6	1.100e1
1906.1	9.660e2
1907.0	1.771e3
1908.0	3.130e2
1908.9	1.639e3
1909.4	3.000e0
1910.0	1.513e3
1910.8	6.470e2
1911.5	1.424e3
1912.2	4.500e2
1913.0	1.208e3
1914.2	1.508e3
1914.9	3.890e2
1915.7	1.795e3
1916.4	3.260e2
1917.2	1.456e3
1917.7	4.000e0
1918.3	1.716e3
1919.0	5.590e2
1919.9	1.225e3
1920.9	1.498e3
1921.8	1.071e3
1922.6	1.890e2
1923.3	9.570e2
1924.1	3.250e2
1925.0	1.147e3
1925.5	4.000e0
1926.0	1.359e3
1926.9	8.620e2
1927.9	8.370e2
1928.6	8.900e2
1929.5	1.475e3
1930.5	1.165e3
1931.4	1.002e3
1932.3	1.234e3
1933.5	1.389e3
1934.1	2.160e2
1934.7	9.160e2
1935.5	8.140e2
1936.4	1.816e3
1936.9	4.000e0
1937.4	8.690e2
1937.9	1.900e1
1938.5	1.328e3
1939.1	5.540e2
1939.8	8.890e2
1940.3	9.400e1
1940.8	1.435e3
1941.9	1.838e3
1943.0	9.080e2
1944.0	9.680e2
1945.1	5.880e2
1945.8	9.120e2
1946.8	1.678e3
1947.7	9.490e2
1948.5	6.130e2
1949.3	8.530e2
1949.8	2.700e1
1950.4	1.332e3
1951.3	1.000e3
1951.8	8.000e1
1952.5	1.548e3
1953.2	3.980e2
1954.0	1.123e3
1954.9	1.000e3
1955.9	7.190e2
1956.7	1.272e3
1957.4	6.500e1
1957.9	1.197e3
1958.5	2.790e2
1959.4	8.000e2
1960.1	1.387e3
1961.1	1.111e3
1961.9	5.010e2
1962.8	1.200e3
1963.7	6.090e2
1964.5	1.287e3
1965.6	1.481e3
1966.4	1.640e3
1967.2	4.780e2
1967.9	1.269e3
1968.5	2.140e2
1969.3	1.449e3
1969.9	8.700e1
1970.6	1.337e3
1971.5	6.480e2
1972.2	2.220e2
1972.9	1.371e3
1973.8	5.780e2
1974.6	1.908e3
1975.2	1.610e2
1975.9	3.650e2
1976.5	1.101e3
1977.6	9.830e2
1978.6	7.190e2
1979.5	7.710e2
1980.3	6.130e2
1981.0	1.460e2
1981.6	1.216e3
1982.2	2.730e2
1982.9	1.253e3
1983.5	4.970e2
1984.2	1.291e3
1984.7	1.650e2
1985.5	1.743e3
1986.2	6.100e2
1986.7	4.400e1
1987.4	1.165e3
1988.3	1.069e3
1989.3	1.246e3
1990.1	4.370e2
1990.8	8.390e2
1991.3	9.100e1
1991.9	7.990e2
1992.5	6.100e1
1993.0	9.490e2
1994.0	1.399e3
1994.8	2.780e2
1995.5	1.392e3
1996.3	2.470e2
1997.1	1.302e3
1997.7	1.250e2
1998.3	1.298e3
1999.0	7.700e1
1999.6	1.364e3
