100.4	1.473e5
101.0	1.814e6
101.5	1.796e3
102.0	9.522e5
103.0	9.577e5
103.5	3.541e3
104.1	2.176e5
105.0	2.060e5
106.0	2.285e5
107.0	3.752e5
108.1	1.540e6
108.9	5.694e5
109.4	2.510e4
110.0	1.661e6
111.0	2.651e6
112.0	9.036e5
113.0	3.521e5
114.0	4.804e5
114.5	2.766e3
115.0	6.227e5
116.0	2.406e5
117.0	3.391e5
118.0	7.257e5
118.9	1.694e6
119.5	2.755e3
120.0	5.114e5
121.0	4.683e5
122.1	9.971e5
123.1	2.678e5
124.0	1.347e5
125.0	2.306e5
126.0	9.289e5
126.5	1.342e3
127.1	3.210e5
128.0	1.317e5
129.0	2.981e5
130.0	1.235e5
131.0	1.306e6
132.0	3.352e5
132.5	6.000e2
133.1	8.988e5
134.0	2.679e5
135.0	1.956e5
136.0	1.954e6
137.0	5.644e5
137.6	3.248e3
138.1	1.108e6
139.1	3.353e5
140.0	2.516e5
141.0	4.089e5
142.0	1.555e6
143.0	2.432e5
144.0	7.350e5
145.0	2.899e5
146.0	3.937e5
147.0	4.490e5
148.0	1.526e5
149.0	6.441e5
150.0	3.435e5
150.5	5.240e2
151.1	1.609e5
152.1	1.352e5
153.1	1.349e5
154.0	4.873e5
154.5	3.146e3
155.1	6.070e5
156.1	2.680e5
157.0	6.336e5
158.0	6.494e5
159.0	2.919e6
160.1	6.331e5
161.0	1.484e5
162.0	3.730e5
163.0	2.640e5
164.0	8.304e5
164.5	1.681e3
165.1	4.339e5
165.9	7.368e4
166.6	1.453e5
167.4	6.550e5
168.2	2.357e5
169.1	1.426e5
170.0	1.447e5
170.6	3.109e3
171.1	5.097e5
172.1	5.470e5
173.1	5.000e5
174.1	2.676e5
174.8	6.260e4
175.4	4.647e5
176.2	1.318e5
176.9	1.036e6
177.5	3.736e4
178.0	2.670e5
178.6	3.196e3
179.1	2.749e5
180.1	1.466e5
181.1	2.509e5
182.0	2.609e5
182.5	4.583e3
183.1	1.234e6
183.6	1.032e3
184.2	2.529e5
185.1	1.891e6
185.9	4.636e5
187.0	1.675e6
188.1	4.494e5
189.0	2.064e5
190.0	1.385e5
191.1	2.199e5
192.1	2.871e5
193.1	2.251e5
193.6	6.097e3
194.2	4.908e5
195.1	2.518e5
196.2	3.121e6
197.2	8.299e5
197.7	6.446e3
198.2	1.109e6
199.2	2.671e5
200.0	5.621e5
200.6	1.927e3
201.1	3.116e5
201.6	2.446e3
202.1	1.666e5
203.0	3.714e5
204.1	2.066e5
205.1	2.230e5
205.6	3.970e2
206.1	1.841e5
207.1	1.456e5
208.1	1.357e5
209.1	3.098e5
210.1	2.004e5
211.1	1.188e5
211.6	2.220e2
212.1	1.585e5
213.0	7.396e4
214.1	1.167e7
215.2	1.517e6
216.1	8.233e5
217.1	3.568e5
217.7	4.060e2
218.2	6.626e5
219.1	2.479e5
219.6	2.292e3
220.2	2.064e5
221.2	1.818e5
222.1	1.347e5
223.1	8.002e4
224.1	2.143e5
224.6	2.240e2
225.1	1.073e5
226.0	1.229e5
227.0	2.262e5
227.6	4.154e3
228.1	1.803e5
228.6	1.464e3
229.1	1.204e5
230.1	1.014e5
230.6	3.513e3
231.1	2.240e5
232.0	2.128e5
232.6	2.114e3
233.1	1.898e5
234.1	1.786e5
235.0	1.433e5
235.5	1.527e3
236.1	2.631e6
237.1	6.599e5
238.1	2.815e5
239.1	1.592e5
239.6	2.116e3
240.1	9.193e4
241.1	1.215e5
242.0	1.976e5
243.0	1.944e5
244.0	1.059e5
244.6	3.822e3
245.1	1.142e5
246.1	7.817e4
247.1	7.471e4
248.0	9.310e4
248.5	1.159e3
249.1	6.284e4
250.1	1.531e5
250.6	1.196e3
251.1	9.884e4
252.1	2.158e5
253.1	1.251e5
254.1	2.564e5
255.1	1.524e5
256.1	8.297e4
257.1	6.257e4
258.1	6.393e4
258.7	6.130e3
259.2	5.035e5
259.7	6.287e3
260.3	1.501e5
261.3	1.326e5
262.1	7.439e4
262.9	1.124e5
263.5	5.640e3
264.0	1.014e5
264.5	1.308e3
265.1	6.920e4
266.1	8.800e4
266.6	3.870e2
267.1	6.965e4
268.1	5.401e4
269.1	5.553e4
269.6	2.510e2
270.2	5.680e4
271.1	1.015e5
272.1	7.468e4
272.6	7.370e2
273.1	6.947e4
274.1	9.420e4
275.1	9.212e4
276.0	8.855e4
276.6	2.555e3
277.1	1.082e5
278.1	8.582e4
279.1	1.099e5
280.1	6.329e4
281.1	1.061e5
281.6	9.190e2
282.1	8.844e4
282.6	2.067e3
283.2	1.521e5
284.1	7.175e4
285.0	8.280e4
286.0	5.832e4
287.0	7.901e4
288.0	5.725e4
288.6	2.811e3
289.1	8.136e4
289.6	2.601e3
290.2	4.917e4
291.1	4.968e4
292.1	6.852e4
292.6	1.123e3
293.1	4.639e4
294.1	6.629e4
295.0	6.680e4
295.6	5.030e2
296.1	6.366e4
296.6	1.106e3
297.2	4.861e4
298.1	7.583e4
298.7	7.350e2
299.2	6.317e4
300.2	6.065e4
300.7	1.026e3
301.2	7.182e4
302.1	5.230e4
303.1	8.573e4
304.0	1.211e5
304.5	1.206e3
305.1	1.436e5
306.1	4.995e4
307.1	7.189e4
308.1	5.362e4
309.1	7.360e4
310.0	5.769e4
310.5	7.590e2
311.0	5.981e4
312.0	4.268e4
312.5	3.620e2
313.1	8.996e4
313.6	1.093e3
314.1	1.371e5
314.6	1.079e3
315.2	6.289e4
316.1	9.964e4
317.1	6.141e4
317.6	9.560e2
318.1	5.358e4
318.7	7.140e2
319.2	6.982e4
320.1	5.392e4
320.6	6.600e2
321.1	9.641e4
322.1	5.917e4
323.1	5.352e4
324.1	4.882e4
325.0	4.394e4
325.5	3.203e3
326.1	1.024e5
326.7	1.683e3
327.2	6.833e4
328.1	5.993e4
329.1	7.043e4
330.1	4.944e4
330.6	2.594e3
331.1	2.989e5
332.1	2.143e5
333.1	9.169e4
334.1	7.080e4
335.1	6.514e4
336.0	5.311e4
336.6	1.131e3
337.1	4.452e4
338.1	4.061e4
338.6	3.573e3
339.2	7.169e4
340.1	5.794e4
341.1	5.256e4
342.0	5.787e4
342.6	9.110e2
343.1	4.480e4
344.1	6.841e4
345.1	7.823e4
346.1	5.471e4
346.6	1.152e3
347.1	7.477e4
348.1	6.941e4
348.6	2.401e3
349.1	2.692e5
350.1	9.488e4
351.1	6.051e4
352.1	7.336e4
353.0	5.055e4
353.5	2.866e3
354.1	2.661e5
355.1	1.570e5
356.1	6.026e4
357.1	1.134e5
358.1	5.261e4
358.6	1.850e2
359.1	2.173e5
359.6	4.310e2
360.1	6.838e4
361.0	7.457e4
362.0	5.038e4
362.6	2.605e3
363.1	6.973e4
364.1	4.395e4
365.1	5.515e4
366.1	4.851e4
367.1	4.059e4
368.0	4.435e4
369.0	5.445e4
369.5	1.840e2
370.1	4.452e4
370.6	1.128e3
371.1	4.538e4
371.6	2.330e2
372.1	7.011e4
373.1	4.441e4
373.6	2.039e3
374.2	3.281e4
375.1	6.145e4
376.1	4.037e4
376.6	1.462e3
377.2	8.590e4
378.1	4.400e4
379.1	7.099e4
380.1	3.137e4
380.6	1.590e2
381.1	6.354e4
382.1	3.855e4
383.0	3.526e4
384.0	4.482e4
384.6	7.040e2
385.1	3.445e4
386.0	2.580e4
387.0	3.530e4
387.5	1.961e3
388.1	3.537e4
389.1	2.830e4
390.1	2.692e4
391.0	4.202e4
391.9	4.911e4
392.6	9.607e3
393.3	7.066e4
394.2	2.957e4
395.0	4.444e4
395.9	1.975e4
396.7	3.365e4
397.4	1.001e4
398.1	3.459e4
399.1	4.039e4
400.1	1.922e4
401.1	2.713e4
401.7	3.686e3
402.2	2.689e4
403.1	1.996e4
404.1	3.398e4
404.6	9.440e2
405.2	3.306e4
406.1	2.577e4
407.1	3.130e4
407.6	3.640e2
408.1	2.777e4
409.1	6.409e4
409.6	4.850e2
410.1	3.287e4
411.1	4.056e4
412.0	3.024e4
412.5	7.289e3
413.2	4.116e4
414.1	3.184e4
415.1	3.431e4
415.7	3.319e3
416.2	3.355e4
416.7	2.480e2
417.2	3.288e4
417.8	4.921e3
418.4	2.396e4
419.2	1.435e4
420.1	2.055e4
421.0	1.941e4
421.6	3.851e3
422.3	2.459e4
423.1	1.307e4
424.0	1.965e4
424.6	7.560e2
425.1	2.116e4
426.0	2.095e4
426.5	2.952e3
427.1	4.756e4
427.6	8.910e2
428.1	3.165e4
429.1	2.162e4
429.7	2.376e3
430.3	2.746e4
431.3	7.192e4
432.1	3.020e4
433.1	4.386e4
434.1	2.470e4
435.0	2.793e4
435.9	2.039e4
436.5	2.556e3
437.2	2.717e4
438.1	1.922e4
439.1	2.257e4
439.8	3.672e3
440.5	1.966e4
441.3	1.858e4
442.1	1.348e4
442.9	2.126e4
443.9	1.849e4
445.0	2.941e4
446.0	3.470e4
446.6	2.307e3
447.1	4.088e4
448.1	2.545e4
448.7	1.318e3
449.3	1.494e5
450.2	4.979e4
450.8	5.567e3
451.4	4.160e4
452.3	2.078e4
453.2	2.570e4
454.0	2.419e4
454.6	2.386e3
455.2	2.338e4
456.1	1.877e4
457.1	2.007e4
458.0	1.742e4
458.5	2.368e3
459.1	1.855e4
460.0	1.005e4
460.8	1.992e4
461.5	4.064e3
462.3	1.277e4
463.2	2.854e4
464.1	1.261e4
465.1	2.650e4
465.7	3.022e3
466.4	1.835e4
467.2	1.160e4
468.2	1.882e4
469.1	1.342e4
470.1	1.914e4
471.1	1.232e4
472.0	2.023e4
472.9	8.727e3
473.6	2.314e4
474.3	3.937e3
475.1	2.022e4
475.6	2.496e3
476.1	3.041e4
477.0	1.623e4
477.8	2.345e4
478.3	6.230e2
478.9	2.136e4
479.5	1.747e3
480.1	2.105e4
481.1	1.967e4
482.1	1.740e4
483.0	1.421e4
483.8	2.126e4
484.9	1.178e4
485.9	1.797e4
486.6	3.141e3
487.2	2.002e4
488.1	1.414e4
489.0	1.330e4
489.8	2.183e4
490.6	5.567e3
491.4	1.653e4
492.1	7.289e3
493.0	1.519e4
493.7	2.336e3
494.2	2.099e4
495.2	2.342e4
496.1	1.325e4
497.0	2.257e4
497.5	3.420e2
498.1	2.509e4
498.6	6.680e2
499.1	2.458e4
500.1	1.797e4
501.1	1.601e4
501.6	6.950e2
502.2	1.558e4
503.1	1.355e4
504.0	1.394e4
505.0	1.419e4
505.9	1.028e4
506.5	1.859e3
507.0	1.158e4
508.1	1.150e4
509.0	2.307e4
509.5	1.290e2
510.0	1.643e4
511.0	1.867e4
512.0	1.365e4
513.0	1.394e4
513.9	1.569e4
514.8	2.116e4
515.5	2.748e3
516.1	1.690e4
517.1	1.464e4
518.1	1.998e4
519.0	1.008e4
519.6	3.855e3
520.3	1.983e4
521.2	1.581e4
522.2	1.372e4
522.8	2.734e3
523.4	7.650e3
524.2	1.232e4
525.1	1.658e4
525.7	2.870e3
526.2	3.455e4
526.8	1.642e3
527.4	2.806e4
528.1	1.175e4
528.9	1.602e4
529.5	9.620e2
530.1	1.210e4
531.0	1.639e4
532.0	1.491e4
532.5	6.760e2
533.1	1.687e4
534.1	1.051e4
535.0	1.280e4
536.0	1.074e4
536.9	1.331e4
537.8	1.288e4
538.5	2.195e3
539.3	1.409e4
540.0	3.508e3
540.6	1.468e4
541.2	2.960e2
541.7	1.365e4
542.7	1.357e4
543.6	1.011e4
544.3	5.136e3
545.0	1.548e4
546.1	9.652e3
547.0	2.027e4
547.6	3.510e2
548.2	1.161e4
548.9	2.960e3
549.6	1.326e4
550.6	1.417e4
551.5	1.251e4
552.2	3.465e3
552.9	1.535e4
553.4	9.350e2
554.0	1.324e4
554.7	2.072e3
555.5	2.054e4
556.2	1.237e4
557.1	7.253e3
557.9	1.297e4
558.5	1.582e3
559.1	9.710e3
560.0	1.666e4
560.5	2.950e2
561.1	1.607e4
562.0	9.506e3
562.9	6.667e3
563.7	1.009e4
564.3	1.077e3
565.0	1.020e4
566.0	1.254e4
567.1	1.750e4
568.0	7.072e3
568.5	2.350e2
569.0	1.095e4
569.7	2.714e3
570.3	1.488e4
571.3	8.214e3
572.0	2.167e3
572.6	9.225e3
573.4	7.685e3
574.3	1.687e4
575.2	9.001e3
576.2	1.073e4
577.2	1.064e4
578.0	8.574e3
578.9	8.348e3
579.5	7.370e2
580.2	8.507e3
581.1	7.487e3
582.0	1.512e4
583.0	1.919e4
583.6	3.440e2
584.1	1.111e4
584.9	7.735e3
585.8	1.150e4
586.4	3.136e3
587.1	1.143e4
588.0	1.080e4
588.9	5.037e3
589.8	1.079e4
590.3	4.050e2
590.9	5.341e3
591.8	8.894e3
592.4	1.502e3
593.0	1.035e4
593.9	8.269e3
594.9	6.362e3
595.6	7.081e3
596.3	1.078e3
596.9	1.645e4
597.8	1.157e4
598.5	1.061e3
599.0	1.008e4
600.0	1.194e4
600.6	3.190e2
601.1	1.076e4
601.9	7.880e3
602.9	8.928e3
603.5	8.740e2
604.1	7.817e3
605.0	5.503e3
605.8	7.680e3
606.6	4.593e3
607.4	1.356e4
608.1	2.438e3
608.8	1.087e4
609.9	9.729e3
610.6	1.722e3
611.2	1.437e4
612.1	3.196e3
613.0	1.034e4
613.9	4.621e3
614.5	3.130e2
615.0	1.120e4
616.0	1.089e4
616.5	3.280e2
617.1	3.892e3
618.0	9.911e3
618.5	1.300e1
619.1	6.706e3
620.0	3.814e3
620.6	1.230e2
621.1	1.005e4
621.9	3.263e3
622.8	7.303e3
623.4	8.440e2
624.0	9.851e3
625.0	6.348e3
625.6	1.151e3
626.2	3.420e3
627.2	8.363e3
628.2	4.632e3
629.1	5.670e3
630.0	1.038e4
630.9	7.295e3
631.9	4.384e3
632.4	2.840e2
632.9	6.063e3
633.8	7.970e3
634.4	1.918e3
635.0	5.618e3
636.0	7.133e3
637.1	1.201e4
637.9	4.844e3
638.8	8.620e3
639.4	7.920e2
640.0	1.029e4
641.0	9.097e3
642.0	6.866e3
642.7	3.810e2
643.2	3.836e3
644.0	5.149e3
645.0	9.624e3
645.7	1.410e3
646.6	7.850e3
647.1	1.319e3
648.1	5.942e3
648.8	1.747e3
649.7	5.670e3
650.2	1.968e3
651.0	1.221e4
651.6	1.515e3
652.3	1.004e4
653.1	6.557e3
654.1	5.931e3
655.2	9.141e3
656.0	3.868e3
656.7	6.113e3
657.3	7.540e2
657.9	5.639e3
658.7	1.533e3
659.3	5.964e3
660.1	1.358e3
660.8	1.175e4
661.7	5.887e3
662.6	9.743e3
663.2	1.570e3
664.0	5.543e3
664.6	9.900e1
665.1	8.084e3
665.7	5.840e2
666.4	2.536e3
667.2	1.029e4
667.8	3.050e2
668.3	4.248e3
669.0	2.888e3
670.0	8.475e3
671.0	9.894e3
672.1	8.362e3
672.9	3.264e3
673.8	4.355e3
674.3	1.780e2
674.9	4.798e3
675.9	7.775e3
676.9	5.179e3
677.7	4.439e3
678.3	5.490e2
679.1	5.930e3
679.6	9.730e2
680.2	6.379e3
681.2	6.685e3
682.2	9.636e3
683.2	1.036e4
684.0	5.274e3
684.9	8.513e3
685.5	3.550e2
686.0	5.226e3
686.7	2.661e3
687.8	9.389e3
688.8	5.123e3
689.3	9.580e2
690.0	7.812e3
690.8	3.019e3
691.8	4.990e3
692.6	8.570e2
693.2	5.614e3
693.8	1.080e3
694.6	6.631e3
695.5	3.635e3
696.2	2.729e3
696.9	5.872e3
697.8	7.902e3
698.7	4.942e3
699.3	2.879e3
700.1	7.265e3
700.9	7.265e3
702.0	6.663e3
702.5	3.780e2
703.0	7.020e3
704.0	7.884e3
704.9	4.908e3
705.8	7.270e3
706.7	8.685e3
707.4	1.936e3
708.0	7.650e3
708.7	3.520e2
709.2	7.330e3
709.9	1.690e2
710.4	8.077e3
711.0	1.289e3
711.7	5.953e3
712.3	2.000e2
712.9	8.686e3
713.9	2.181e3
714.7	7.277e3
715.8	7.314e3
716.9	6.257e3
717.9	8.387e3
718.4	4.020e2
718.9	8.010e3
719.9	6.569e3
720.5	1.248e3
721.1	1.047e4
721.7	9.630e2
722.4	3.088e3
723.3	7.317e3
724.2	3.067e3
724.9	8.640e2
725.8	4.547e3
726.4	8.390e2
727.1	5.868e3
727.6	6.900e1
728.1	4.778e3
729.3	7.146e3
730.3	6.805e3
730.9	5.860e2
731.6	6.548e3
732.5	4.478e3
733.5	6.326e3
734.3	2.251e3
735.0	1.026e4
735.7	5.530e2
736.3	8.908e3
737.1	3.015e3
737.9	2.963e3
738.8	4.415e3
739.8	5.563e3
740.8	6.854e3
741.8	2.943e3
742.4	3.380e2
743.0	7.646e3
743.9	4.504e3
744.7	1.935e3
745.5	5.874e3
746.5	6.090e3
747.3	3.907e3
748.0	2.791e3
748.8	3.774e3
749.6	7.159e3
750.3	1.766e3
751.1	7.763e3
752.1	7.764e3
752.6	8.960e2
753.2	9.803e3
753.9	2.186e3
754.6	3.041e3
755.3	6.900e2
755.9	3.208e3
756.7	5.255e3
757.3	3.150e2
757.9	7.709e3
758.7	6.400e2
759.3	6.031e3
760.2	3.193e3
761.2	5.751e3
762.0	1.434e3
762.7	5.926e3
763.7	7.539e3
764.7	5.862e3
765.2	2.330e2
765.9	5.813e3
766.4	1.387e3
766.9	5.048e3
767.8	6.356e3
768.8	4.945e3
769.9	6.569e3
770.7	4.561e3
771.5	4.378e3
772.3	5.170e3
773.1	1.897e3
773.8	5.480e3
774.5	7.100e2
775.2	2.971e3
776.0	7.222e3
777.0	6.815e3
777.9	3.697e3
778.7	2.800e1
779.2	5.760e3
779.9	1.842e3
780.6	8.126e3
781.3	1.770e3
782.1	5.855e3
782.9	3.246e3
783.5	5.822e3
784.3	2.345e3
785.1	4.652e3
786.1	4.097e3
786.6	2.910e2
787.1	8.454e3
788.3	5.117e3
789.4	2.809e3
790.1	3.848e3
790.9	4.734e3
791.5	9.800e1
792.0	8.134e3
793.0	5.020e3
793.9	4.281e3
794.9	7.968e3
795.9	5.584e3
797.0	4.083e3
797.9	4.172e3
798.8	2.915e3
799.7	1.876e3
800.4	4.929e3
801.4	7.077e3
802.3	3.130e3
802.9	6.021e3
803.4	2.020e2
804.0	7.468e3
805.1	4.301e3
805.6	3.720e2
806.2	7.703e3
806.8	1.209e3
807.4	4.319e3
808.3	7.255e3
809.3	4.225e3
810.1	1.680e3
810.7	2.805e3
811.6	6.117e3
812.6	4.653e3
813.3	1.889e3
814.1	3.345e3
814.8	1.336e3
815.6	2.829e3
816.6	4.235e3
817.5	3.386e3
818.4	3.211e3
819.2	4.981e3
819.9	1.219e3
820.8	5.224e3
821.6	1.792e3
822.3	5.715e3
823.3	2.137e3
824.0	5.860e2
824.6	6.284e3
825.1	9.730e2
825.9	4.914e3
827.2	4.621e3
827.8	1.527e3
828.7	7.201e3
829.7	1.860e3
830.4	5.140e2
831.0	3.070e3
832.0	2.388e3
832.8	4.680e3
834.0	5.543e3
834.9	8.590e2
835.8	6.328e3
837.0	2.838e3
837.7	6.810e2
838.4	4.601e3
839.0	1.350e2
839.7	2.335e3
840.6	3.931e3
841.6	4.122e3
842.5	4.870e3
843.3	1.318e3
844.0	4.415e3
845.1	3.989e3
846.3	3.887e3
846.9	1.180e2
847.6	5.593e3
848.4	1.794e3
849.3	5.911e3
850.1	2.258e3
851.0	3.008e3
851.8	1.021e3
852.5	4.789e3
853.4	4.771e3
854.0	2.620e2
854.6	1.759e3
855.5	6.396e3
856.2	1.384e3
856.9	4.092e3
857.5	7.610e2
858.3	2.740e3
859.2	2.560e3
860.1	3.776e3
860.7	2.930e2
861.4	7.134e3
862.4	7.260e2
863.2	5.513e3
864.0	2.779e3
865.1	6.041e3
865.7	1.560e2
866.6	5.127e3
867.3	2.044e3
868.3	1.789e3
868.9	1.212e3
869.5	7.353e3
870.6	4.681e3
871.5	4.446e3
872.2	8.480e2
872.8	3.994e3
873.7	2.599e3
874.5	3.696e3
875.3	4.946e3
876.1	7.520e2
876.7	4.845e3
877.7	6.090e2
878.3	3.267e3
879.3	6.524e3
880.1	2.276e3
880.9	3.782e3
881.9	3.186e3
882.7	3.812e3
883.5	2.427e3
884.1	2.787e3
884.8	5.279e3
885.7	1.055e3
887.1	6.166e3
887.9	1.151e3
888.8	3.995e3
889.6	1.450e3
890.4	2.354e3
891.5	2.966e3
892.3	6.403e3
892.9	1.240e2
893.5	4.851e3
894.3	7.210e2
895.1	3.260e3
895.9	1.673e3
896.6	2.509e3
897.4	3.349e3
898.1	1.379e3
899.1	3.379e3
900.1	2.626e3
901.0	4.408e3
902.0	5.465e3
903.0	2.492e3
903.6	1.540e2
904.1	4.383e3
905.1	3.564e3
905.8	1.111e3
906.5	2.775e3
907.2	1.956e3
907.9	9.680e2
908.6	4.972e3
909.6	4.233e3
910.4	2.262e3
911.5	1.450e3
912.5	4.961e3
913.4	3.398e3
914.2	4.028e3
915.2	4.473e3
915.8	5.130e2
916.4	6.367e3
917.3	1.944e3
918.0	2.098e3
918.8	6.410e2
919.5	3.615e3
920.1	1.340e2
921.0	3.992e3
921.7	2.800e2
922.2	6.019e3
922.8	1.640e2
923.4	2.528e3
924.1	1.193e3
924.7	1.700e2
925.2	3.982e3
925.8	1.605e3
926.4	3.063e3
927.2	1.231e3
927.9	3.175e3
928.6	1.499e3
929.4	4.524e3
930.1	1.574e3
930.8	4.296e3
931.6	1.015e3
932.3	1.376e3
933.2	5.379e3
934.1	9.540e2
934.8	2.926e3
935.3	1.690e2
936.0	7.730e2
936.8	6.188e3
937.5	6.600e2
938.2	2.809e3
939.1	3.596e3
939.7	1.600e2
940.3	1.870e3
941.0	1.447e3
941.6	3.166e3
942.4	1.639e3
943.1	1.080e3
944.4	7.920e2
945.2	1.885e3
946.1	3.477e3
947.1	4.600e3
947.9	1.245e3
948.8	4.508e3
949.7	2.378e3
950.6	2.801e3
951.5	1.237e3
952.2	1.187e3
953.1	3.875e3
954.1	2.550e3
955.0	4.026e3
955.8	2.079e3
956.4	3.460e2
957.0	3.291e3
957.7	2.300e3
958.5	3.003e3
959.5	2.559e3
960.1	5.540e2
960.7	2.493e3
961.2	1.110e2
961.8	2.234e3
962.5	2.537e3
963.1	1.200e1
963.7	3.312e3
964.6	1.725e3
965.6	2.379e3
966.8	1.919e3
967.7	2.071e3
968.9	4.837e3
969.5	1.223e3
970.1	4.771e3
970.8	1.491e3
971.8	5.475e3
972.9	3.504e3
973.8	2.073e3
974.8	1.374e3
975.6	4.040e3
976.4	2.403e3
977.3	2.423e3
978.3	3.625e3
979.0	2.880e2
979.7	4.040e3
980.8	6.635e3
981.9	2.493e3
982.7	7.900e1
983.3	3.742e3
983.9	8.700e1
984.7	2.539e3
985.4	1.358e3
986.0	5.150e2
986.6	4.182e3
987.7	9.720e2
988.5	2.239e3
989.0	1.310e2
989.8	5.057e3
990.9	1.236e3
991.8	4.698e3
992.7	1.344e3
993.3	2.210e2
993.9	3.329e3
995.3	3.927e3
995.9	5.270e2
996.6	2.891e3
997.5	3.341e3
998.2	1.155e3
999.0	1.912e3
999.8	3.773e3
1000.3	1.760e2
1000.9	2.779e3
1001.5	2.300e2
1002.0	4.619e3
1003.1	4.086e3
1003.8	8.990e2
1004.5	7.188e3
1005.8	1.181e3
1006.3	2.930e2
1007.0	4.348e3
1007.6	1.206e3
1008.4	3.972e3
1009.2	1.004e3
1010.1	2.987e3
1010.7	4.130e2
1011.4	4.254e3
1012.1	7.870e2
1012.7	1.385e3
1013.4	1.623e3
1014.1	1.557e3
1014.9	2.830e3
1015.9	4.995e3
1016.4	2.070e2
1017.1	3.544e3
1017.8	1.609e3
1018.6	2.650e3
1019.5	7.690e2
1020.1	3.560e2
1020.7	2.463e3
1021.7	3.017e3
1022.6	1.648e3
1023.5	4.220e3
1024.1	3.380e2
1025.0	6.677e3
1025.7	1.516e3
1026.4	1.767e3
1027.2	4.060e2
1028.1	4.853e3
1029.0	1.839e3
1030.2	4.470e2
1030.8	3.755e3
1031.8	1.397e3
1032.3	7.330e2
1032.9	9.620e2
1033.9	2.703e3
1034.8	4.380e3
1035.6	6.930e2
1036.4	2.545e3
1037.8	4.486e3
1038.5	1.228e3
1039.6	1.435e3
1040.6	1.849e3
1041.6	3.389e3
1042.2	1.301e3
1042.8	4.107e3
1043.5	4.600e2
1044.1	3.180e2
1045.0	3.457e3
1045.9	9.730e2
1046.9	1.323e3
1047.8	2.325e3
1048.8	2.104e3
1049.7	3.028e3
1050.5	2.253e3
1051.4	2.748e3
1052.5	2.723e3
1053.2	1.459e3
1054.2	2.710e3
1054.8	1.620e2
1055.5	3.211e3
1056.1	6.780e2
1056.9	8.500e1
1057.4	6.230e2
1058.0	2.308e3
1058.7	4.390e2
1059.4	3.663e3
1060.5	2.286e3
1061.2	1.300e1
1062.0	4.088e3
1063.0	3.350e2
1064.1	1.544e3
1065.1	1.203e3
1066.1	1.248e3
1066.6	2.600e2
1067.2	1.950e3
1067.9	3.100e2
1068.6	1.813e3
1069.2	7.260e2
1070.2	3.009e3
1071.1	2.227e3
1071.9	5.139e3
1072.8	1.906e3
1073.8	1.589e3
1074.4	3.140e2
1075.3	1.820e3
1076.0	2.869e3
1076.8	2.444e3
1077.4	9.100e1
1078.1	2.340e3
1079.0	3.214e3
1079.9	5.940e2
1080.5	4.385e3
1081.6	4.000e2
1082.6	6.036e3
1083.4	1.231e3
1084.0	8.110e2
1084.8	2.180e3
1085.4	1.100e1
1086.0	4.103e3
1086.6	7.160e2
1087.4	2.711e3
1088.0	7.460e2
1088.9	8.900e1
1089.9	3.973e3
1091.0	6.210e2
1091.6	3.468e3
1093.1	2.625e3
1094.2	1.774e3
1095.1	3.938e3
1096.0	1.247e3
1097.1	2.630e3
1097.8	7.660e2
1098.8	1.915e3
1099.8	3.496e3
1100.5	2.540e2
1101.0	1.128e3
1101.9	1.177e3
1102.5	1.924e3
1103.5	3.016e3
1104.5	1.287e3
1105.4	3.114e3
1106.1	1.555e3
1106.9	2.781e3
1108.1	4.034e3
1109.2	3.412e3
1110.0	8.970e2
1110.8	3.800e2
1111.4	3.036e3
1112.2	5.720e2
1112.8	2.632e3
1113.5	8.260e2
1114.1	2.990e3
1115.1	3.832e3
1116.1	1.040e2
1116.8	2.018e3
1117.4	3.870e2
1118.1	2.038e3
1118.9	1.751e3
1119.9	2.709e3
1120.9	1.614e3
1121.9	4.109e3
1123.0	4.600e3
1123.7	4.110e2
1124.3	1.870e3
1125.4	3.465e3
1126.5	1.374e3
1127.3	1.176e3
1128.0	2.346e3
1128.7	9.290e2
1129.8	2.330e2
1130.4	2.885e3
1131.5	1.795e3
1132.4	8.980e2
1133.8	3.907e3
1134.5	2.250e3
1135.2	9.640e2
1136.0	8.720e2
1136.8	2.470e3
1137.6	3.040e3
1138.6	2.113e3
1139.4	2.877e3
1140.6	1.246e3
1141.2	8.500e1
1142.4	8.440e2
1143.2	1.945e3
1144.2	1.919e3
1145.2	9.930e2
1145.8	5.150e2
1146.5	9.120e2
1147.3	1.200e1
1148.2	3.172e3
1149.1	3.379e3
1150.1	2.329e3
1150.8	5.690e2
1152.0	5.400e2
1152.6	2.930e2
1153.4	1.324e3
1154.1	2.919e3
1154.7	1.300e1
1155.4	3.434e3
1156.2	2.188e3
1157.4	3.750e2
1158.3	2.500e2
1158.9	2.875e3
1159.8	3.491e3
1160.5	4.320e2
1161.4	2.979e3
1162.0	9.810e2
1163.0	1.416e3
1163.9	2.922e3
1165.0	2.695e3
1166.1	1.179e3
1166.8	9.910e2
1167.7	1.329e3
1168.4	5.580e2
1168.9	2.780e3
1169.9	1.514e3
1170.9	2.009e3
1171.6	8.150e2
1172.5	2.481e3
1173.0	3.900e1
1173.9	1.062e3
1174.9	1.700e1
1175.5	3.692e3
1176.7	3.234e3
1177.6	1.302e3
1178.1	3.060e2
1178.7	6.980e2
1179.6	2.173e3
1180.4	9.030e2
1181.5	6.490e2
1182.2	1.406e3
1183.1	4.800e1
1183.7	1.795e3
1185.3	1.497e3
1186.4	5.376e3
1187.3	2.371e3
1188.1	1.124e3
1189.1	1.085e3
1189.9	4.650e2
1190.4	2.509e3
1191.3	2.459e3
1192.4	1.010e3
1193.2	4.217e3
1194.0	9.770e2
1194.6	1.400e1
1195.1	2.430e3
1195.6	3.220e2
1196.2	1.002e3
1196.9	2.042e3
1198.2	4.318e3
1199.1	2.058e3
1199.6	1.400e1
1200.2	1.372e3
1200.9	1.500e1
1201.6	9.210e2
1202.4	3.270e2
1203.1	1.689e3
1204.1	1.300e1
1204.8	2.295e3
1205.4	6.170e2
1206.4	7.390e2
1207.2	4.719e3
1208.1	9.790e2
1208.8	3.170e2
1210.2	2.070e2
1211.2	2.058e3
1212.2	1.351e3
1213.5	7.000e2
1214.3	9.860e2
1215.2	1.297e3
1215.9	1.070e2
1216.7	6.950e2
1217.4	1.607e3
1218.3	1.089e3
1219.2	3.370e3
1219.9	1.380e2
1220.4	2.647e3
1221.2	1.315e3
1222.2	5.800e2
1223.0	8.370e2
1223.7	1.900e2
1224.7	6.790e2
1225.3	1.200e1
1226.0	3.162e3
1227.0	1.200e1
1227.5	9.560e2
1228.4	2.390e2
1229.1	1.144e3
1229.9	2.000e2
1230.5	3.071e3
1231.6	2.360e3
1232.6	1.146e3
1233.3	3.240e2
1234.0	3.780e2
1235.1	2.042e3
1236.5	8.230e2
1237.5	1.479e3
1238.6	9.830e2
1239.3	4.890e2
1239.9	2.690e2
1240.5	7.870e2
1241.1	3.293e3
1242.0	1.623e3
1243.4	7.890e2
1244.2	1.466e3
1244.8	1.430e2
1245.6	9.460e2
1246.7	1.846e3
1247.6	2.310e3
1248.2	4.020e2
1248.8	3.436e3
1249.7	4.300e2
1250.6	3.810e2
1251.2	3.048e3
1251.8	1.280e2
1252.9	2.921e3
1253.9	2.271e3
1254.7	2.458e3
1255.2	5.500e1
1255.7	3.590e2
1256.7	1.880e3
1257.7	1.120e3
1258.2	1.630e2
1258.7	9.290e2
1259.3	5.500e1
1260.1	2.344e3
1260.6	8.360e2
1261.6	1.429e3
1262.5	2.330e3
1263.3	1.965e3
1264.3	2.390e2
1265.0	2.212e3
1265.7	8.800e2
1266.9	1.076e3
1268.1	4.420e3
1268.8	5.360e2
1269.8	2.150e3
1270.7	7.760e2
1271.3	3.330e2
1272.1	2.036e3
1273.2	2.030e3
1274.3	5.660e2
1275.2	1.054e3
1276.6	1.998e3
1278.0	8.790e2
1279.3	1.933e3
1280.1	5.250e2
1281.1	2.217e3
1282.1	1.361e3
1283.0	3.469e3
1284.0	1.067e3
1284.9	2.780e2
1285.5	1.956e3
1286.7	3.580e3
1287.4	8.380e2
1288.0	4.940e2
1288.6	1.781e3
1289.3	3.140e3
1289.9	4.130e2
1290.8	9.250e2
1292.1	1.540e2
1292.7	9.770e2
1293.5	1.164e3
1294.3	1.588e3
1295.2	2.721e3
1296.0	5.340e2
1296.6	8.930e2
1297.8	4.073e3
1299.3	7.590e2
1300.3	2.206e3
1301.5	1.876e3
1303.0	1.414e3
1304.1	4.080e3
1304.6	5.910e2
1305.9	3.000e1
1306.6	1.401e3
1307.4	1.016e3
1308.3	1.044e3
1309.3	2.190e2
1310.0	6.350e2
1310.9	2.116e3
1311.8	4.700e2
1312.6	1.864e3
1313.8	2.870e2
1314.6	5.930e2
1315.4	9.090e2
1316.1	1.360e3
1317.1	6.270e2
1318.0	1.088e3
1319.1	7.830e2
1319.8	2.879e3
1320.7	1.311e3
1321.5	2.154e3
1322.4	1.315e3
1323.4	1.960e2
1324.1	1.648e3
1324.9	3.550e3
1325.8	5.640e2
1326.5	1.670e3
1327.8	1.314e3
1328.7	4.880e2
1329.5	4.053e3
1330.8	1.108e3
1331.5	2.980e2
1332.6	6.510e2
1333.3	2.186e3
1334.2	3.575e3
1334.9	5.940e2
1335.8	5.260e2
1336.5	4.850e2
1337.5	1.078e3
1338.5	3.038e3
1339.3	1.042e3
1340.0	4.410e2
1340.5	6.570e2
1341.6	1.573e3
1342.3	5.500e2
1343.0	1.235e3
1344.1	1.422e3
1344.9	1.700e1
1345.9	3.017e3
1347.2	2.108e3
1347.7	1.510e2
1348.8	7.730e2
1349.4	7.300e1
1350.1	9.610e2
1351.0	1.383e3
1352.1	1.091e3
1353.1	4.510e2
1353.8	1.860e2
1354.4	3.364e3
1355.0	4.970e2
1356.0	1.937e3
1356.6	2.430e3
1357.2	9.980e2
1357.9	1.437e3
1358.5	1.022e3
1360.3	7.100e2
1361.1	2.410e2
1362.3	1.128e3
1362.9	2.840e2
1363.5	5.320e2
1364.1	3.517e3
1364.9	1.870e2
1365.8	1.125e3
1366.8	2.491e3
1367.8	6.800e2
1368.7	1.428e3
1369.4	4.800e1
1370.1	1.670e3
1370.7	3.830e2
1371.6	2.000e3
1372.8	1.731e3
1374.4	9.620e2
1375.4	9.500e2
1375.9	2.060e2
1376.7	1.334e3
1377.5	1.077e3
1378.1	5.130e2
1378.8	2.400e1
1379.4	4.570e2
1380.1	1.665e3
1380.8	4.310e2
1381.7	3.950e2
1382.3	1.400e1
1383.1	1.310e2
1384.1	2.880e2
1384.9	1.092e3
1385.6	7.800e1
1386.4	1.611e3
1387.4	2.169e3
1388.0	3.750e2
1388.9	1.544e3
1389.4	1.320e2
1390.1	1.305e3
1391.2	8.440e2
1391.8	2.900e2
1393.3	1.442e3
1394.1	4.500e2
1395.0	7.880e2
1396.4	2.881e3
1397.0	2.100e2
1397.6	1.092e3
1398.9	1.024e3
1400.2	3.900e1
1400.8	1.710e2
1401.5	1.906e3
1403.4	1.644e3
1404.3	1.510e3
1407.0	1.023e3
1407.8	3.370e2
1408.7	8.390e2
1409.7	5.400e2
1410.3	4.480e2
1411.9	1.438e3
1412.5	1.550e2
1413.4	2.290e2
1414.3	3.420e2
1414.9	1.037e3
1415.6	1.600e1
1416.3	1.374e3
1417.1	2.477e3
1418.4	7.260e2
1419.3	1.925e3
1420.2	1.304e3
1421.4	2.226e3
1422.0	3.650e2
1423.1	1.296e3
1424.4	1.710e2
1425.3	8.650e2
1426.6	4.630e2
1427.2	1.249e3
1428.1	1.744e3
1429.1	1.170e3
1430.0	1.901e3
1430.7	6.150e2
1431.7	4.990e2
1432.6	2.230e2
1433.6	2.048e3
1434.1	3.390e2
1434.9	3.210e2
1435.7	1.482e3
1436.8	1.952e3
1437.5	2.360e2
1438.1	3.382e3
1438.9	1.365e3
1439.8	1.970e3
1440.4	5.840e2
1441.0	9.470e2
1442.0	2.176e3
1442.7	2.060e2
1443.4	2.052e3
1444.1	1.587e3
1445.2	2.124e3
1445.9	2.800e2
1446.5	4.630e2
1447.5	1.925e3
1448.1	7.810e2
1448.7	1.080e2
1449.2	9.740e2
1450.1	1.361e3
1450.6	2.590e2
1451.3	1.220e2
1452.0	2.760e2
1452.9	1.003e3
1453.9	2.512e3
1454.7	2.640e2
1455.6	1.060e3
1456.2	3.660e2
1457.2	7.990e2
1457.8	4.100e2
1458.5	1.220e3
1459.3	1.700e1
1459.9	1.383e3
1460.7	6.760e2
1461.8	1.454e3
1463.3	3.040e2
1463.9	1.034e3
1464.9	4.770e2
1465.5	1.519e3
1466.2	2.420e2
1467.0	2.497e3
1467.7	1.480e2
1468.4	5.600e2
1470.2	2.425e3
1471.1	4.900e2
1471.8	6.770e2
1473.1	1.547e3
1473.9	8.990e2
1474.4	1.400e1
1475.4	3.620e2
1476.6	3.980e2
1477.5	4.790e2
1478.4	1.603e3
1479.3	2.126e3
1480.7	2.308e3
1482.0	1.539e3
1482.7	8.780e2
1483.8	1.272e3
1484.6	3.820e2
1485.4	3.050e2
1486.0	4.160e2
1487.2	1.140e3
1488.2	1.405e3
1489.0	6.090e2
1489.8	9.310e2
1490.4	7.600e1
1491.4	5.650e2
1492.6	3.100e2
1493.5	1.700e1
1494.1	6.970e2
1495.2	7.140e2
1495.8	1.670e2
1496.6	6.240e2
1497.2	9.470e2
1498.5	3.643e3
1499.4	1.346e3
1501.6	2.238e3
1502.1	1.500e1
1502.6	1.450e2
1503.4	9.220e2
1504.3	5.660e2
1505.2	1.086e3
1506.0	6.850e2
1506.7	8.930e2
1507.3	5.200e1
1507.9	4.690e2
1509.8	1.304e3
1510.6	1.200e1
1511.2	3.511e3
1512.2	4.650e2
1513.1	1.543e3
1514.1	9.050e2
1515.4	5.300e2
1516.1	1.070e2
1516.8	1.386e3
1517.4	4.600e1
1519.2	5.660e2
1521.1	3.530e2
1522.0	6.360e2
1522.6	9.980e2
1523.8	1.154e3
1524.9	1.100e1
1525.9	7.910e2
1526.7	4.330e2
1527.6	1.300e2
1528.8	2.353e3
1529.9	3.460e2
1530.6	4.440e2
1531.5	4.340e2
1532.1	1.300e1
1532.7	2.008e3
1534.7	8.230e2
1535.6	6.530e2
1536.1	1.400e1
1536.9	1.234e3
1538.0	1.510e2
1538.7	1.500e1
1539.4	2.040e2
1540.2	3.600e1
1540.8	4.620e2
1541.7	1.200e1
1542.6	3.700e1
1543.2	2.342e3
1543.8	2.970e2
1544.7	1.793e3
1545.4	4.540e2
1546.2	7.360e2
1547.0	7.510e2
1547.6	3.600e1
1548.7	1.171e3
1549.5	4.910e2
1550.2	4.500e1
1550.8	3.730e2
1551.9	1.800e1
1552.5	1.600e1
1553.2	2.072e3
1553.8	2.600e2
1554.6	1.840e2
1556.1	5.330e2
1556.8	3.180e2
1557.6	2.610e2
1558.2	3.960e2
1558.7	3.040e2
1559.5	1.350e2
1560.6	9.440e2
1561.5	4.130e2
1562.4	2.710e2
1563.4	1.400e1
1564.5	9.300e1
1565.5	8.510e2
1566.4	5.790e2
1567.0	5.770e2
1568.5	3.450e2
1569.2	1.880e2
1569.8	1.200e1
1570.8	1.100e1
1571.3	3.570e2
1572.0	1.163e3
1572.9	3.870e2
1573.5	1.132e3
1574.0	3.900e2
1574.9	8.410e2
1575.6	2.400e1
1576.3	1.957e3
1577.2	2.550e3
1578.2	9.110e2
1579.4	2.880e2
1581.2	4.800e2
1581.8	1.400e1
1583.0	5.660e2
1583.6	1.280e2
1584.2	1.200e1
1584.9	6.820e2
1585.7	5.920e2
1586.9	1.253e3
1588.2	4.800e2
1589.5	1.085e3
1590.9	4.360e2
1591.7	5.440e2
1592.7	1.727e3
1593.9	1.010e3
1594.4	3.810e2
1595.5	1.650e2
1596.3	1.200e1
1597.3	1.258e3
1598.6	1.270e2
1599.4	5.770e2
1600.5	1.456e3
1601.3	1.323e3
1602.5	5.230e2
1603.2	4.410e2
1603.8	1.550e2
1605.1	5.040e2
1607.5	7.200e2
1608.4	8.830e2
1610.2	1.952e3
1610.9	2.600e1
1611.5	1.870e3
1612.4	2.640e2
1613.2	1.065e3
1614.7	1.196e3
1615.7	1.300e1
1616.8	1.200e1
1617.6	1.017e3
1618.2	2.720e2
1619.4	3.580e2
1620.5	9.060e2
1621.2	6.190e2
1621.7	8.450e2
1622.7	3.500e1
1623.4	1.487e3
1624.0	4.900e1
1625.3	2.700e2
1626.5	4.100e1
1628.0	3.730e2
1629.6	1.300e1
1630.3	1.012e3
1631.2	2.790e2
1632.8	3.800e1
1633.4	4.200e2
1634.9	6.870e2
1635.6	1.200e1
1636.8	5.620e2
1637.9	5.130e2
1639.5	5.800e1
1640.4	3.640e2
1641.6	3.560e2
1642.2	8.320e2
1643.1	6.230e2
1644.0	3.800e1
1644.8	6.590e2
1645.7	1.330e3
1646.4	1.300e1
1648.5	1.439e3
1649.0	2.710e2
1649.8	3.740e2
1650.7	5.340e2
1651.6	2.230e2
1652.3	2.900e1
1653.5	6.470e2
1655.1	5.730e2
1656.1	7.990e2
1657.1	5.270e2
1657.9	1.300e1
1658.9	3.400e1
1659.8	6.120e2
1660.8	1.950e2
1661.5	2.960e2
1662.2	1.200e3
1662.7	1.300e1
1663.5	2.220e2
1664.0	1.054e3
1664.8	2.470e2
1665.3	2.460e2
1666.0	1.199e3
1666.5	1.200e1
1667.5	7.250e2
1668.4	7.530e2
1669.2	3.800e2
1670.8	1.310e2
1671.7	8.680e2
1672.8	1.225e3
1673.7	1.360e2
1674.3	6.880e2
1675.1	1.522e3
1675.7	1.700e1
1676.7	4.020e2
1677.6	1.224e3
1678.3	5.680e2
1679.4	6.600e1
1680.3	1.091e3
1681.8	1.010e3
1683.0	1.670e2
1683.8	1.000e2
1685.4	9.350e2
1686.4	5.790e2
1687.7	4.700e2
1688.2	3.430e2
1689.2	3.160e2
1689.9	8.850e2
1691.8	3.520e2
1693.2	1.369e3
1694.6	4.870e2
1695.2	1.100e1
1695.7	2.008e3
1696.7	3.490e2
1697.7	2.420e2
1698.6	6.820e2
1699.4	9.990e2
1700.3	8.080e2
1701.5	6.520e2
1703.3	6.210e2
1704.0	1.050e2
1705.3	4.410e2
1706.0	2.010e2
1706.9	1.400e1
1707.5	7.310e2
1708.7	3.090e2
1709.6	1.600e1
1710.2	6.380e2
1712.0	2.850e2
1712.8	3.900e1
1714.2	5.100e1
1715.0	1.200e1
1716.1	5.500e2
1718.0	4.200e1
1719.4	6.410e2
1719.9	2.010e2
1720.5	9.000e1
1721.4	2.880e2
1722.1	4.900e2
1723.5	9.440e2
1724.4	4.210e2
1725.3	1.500e2
1725.9	4.800e1
1726.7	5.870e2
1727.3	1.200e1
1728.2	9.170e2
1730.0	1.092e3
1730.6	1.300e1
1731.8	2.040e2
1732.7	4.200e1
1733.4	3.510e2
1734.1	3.740e2
1734.9	7.880e2
1735.8	5.460e2
1736.9	5.560e2
1738.1	5.070e2
1740.7	1.590e2
1742.2	5.390e2
1742.9	6.190e2
1743.9	1.300e1
1744.6	6.300e2
1745.9	5.400e2
1746.8	1.157e3
1748.2	1.199e3
1748.8	6.820e2
1749.9	3.650e2
1750.7	4.410e2
1751.3	3.580e2
1752.0	6.230e2
1752.6	1.356e3
1753.9	1.200e1
1754.5	7.940e2
1755.2	3.020e2
1756.1	4.200e2
1756.8	2.100e2
1758.9	1.237e3
1760.1	1.200e1
1760.7	1.400e1
1761.4	1.970e2
1763.7	6.000e2
1764.4	1.680e2
1765.7	2.440e2
1767.5	2.150e2
1769.3	1.642e3
1770.5	7.560e2
1772.7	1.531e3
1773.7	6.180e2
1774.8	1.530e3
1775.5	3.440e2
1776.1	1.930e2
1777.0	6.150e2
1778.3	3.030e2
1779.0	8.480e2
1780.6	1.060e3
1781.2	6.900e1
1782.0	3.230e2
1784.0	7.700e1
1784.7	1.340e2
1785.4	2.190e2
1787.7	3.930e2
1788.6	1.180e2
1789.2	1.328e3
1791.0	4.510e2
1792.1	1.980e2
1792.9	5.680e2
1794.3	9.650e2
1795.5	5.300e1
1796.4	2.600e1
1797.2	2.040e2
1797.9	5.980e2
1799.0	1.008e3
1800.3	7.790e2
1801.8	3.750e2
1803.4	9.500e1
1804.3	5.740e2
1805.6	1.590e2
1806.8	4.400e2
1807.6	9.900e1
1808.4	7.020e2
1808.9	1.300e1
1809.9	1.060e2
1810.8	7.540e2
1811.8	3.500e1
1812.7	5.270e2
1813.4	5.150e2
1814.4	1.130e2
1815.6	6.280e2
1816.5	7.400e2
1817.2	2.750e2
1818.1	1.720e2
1818.9	1.042e3
1820.5	6.620e2
1822.2	2.790e2
1823.2	8.280e2
1824.2	1.200e1
1825.0	2.600e1
1826.0	2.200e1
1827.6	3.720e2
1829.3	2.130e2
1830.4	5.890e2
1831.5	3.400e1
1832.9	1.233e3
1833.9	3.000e1
1834.6	1.400e1
1835.7	2.870e2
1836.4	3.200e1
1837.3	1.300e1
1838.3	1.490e3
1838.9	1.100e1
1839.5	1.200e1
1840.2	8.700e1
1841.4	3.960e2
1843.8	1.840e2
1845.4	1.300e1
1846.1	3.610e2
1847.4	1.750e2
1848.5	2.670e2
1849.5	9.800e1
1850.7	1.036e3
1852.0	2.100e1
1853.3	1.500e1
1854.2	3.020e2
1855.6	5.870e2
1857.1	9.910e2
1858.4	1.760e2
1859.0	8.480e2
1860.4	4.100e1
1861.2	1.300e1
1861.8	1.900e1
1863.6	6.130e2
1864.4	7.630e2
1865.1	4.550e2
1866.2	1.240e2
1867.4	9.240e2
1868.4	1.300e1
1868.9	7.790e2
1869.7	1.340e2
1871.4	1.400e1
1873.3	4.400e1
1874.2	3.580e2
1875.1	1.300e1
1875.9	1.300e1
1876.4	4.330e2
1877.6	4.090e2
1880.0	2.600e1
1881.4	4.360e2
1882.4	5.870e2
1883.2	1.150e2
1883.9	1.960e2
1886.5	1.900e2
1887.1	5.810e2
1888.0	1.400e1
1889.4	9.400e1
1891.9	2.890e2
1892.8	1.092e3
1893.5	8.960e2
1894.8	1.111e3
1895.6	9.200e1
1896.7	7.800e1
1897.4	4.160e2
1899.9	3.770e2
1901.1	1.430e2
1903.0	3.700e1
1904.8	5.200e2
1905.5	1.400e1
1906.3	2.510e2
1906.9	2.550e2
1908.3	2.900e1
1908.9	6.570e2
1909.5	2.040e2
1910.0	1.198e3
1910.7	1.800e1
1911.6	9.370e2
1912.9	4.250e2
1913.9	2.890e2
1914.6	3.100e2
1915.3	1.250e3
1916.5	4.240e2
1917.2	2.400e1
1917.9	1.170e2
1918.5	7.800e1
1919.3	2.900e1
1920.6	1.400e1
1921.5	5.500e1
1922.1	4.040e2
1923.1	1.600e1
1923.9	1.183e3
1924.7	2.600e1
1926.0	5.900e1
1927.4	6.590e2
1928.0	2.750e2
1929.3	1.200e1
1930.7	9.700e1
1932.8	2.040e2
1934.8	1.010e2
1935.4	2.500e1
1936.9	1.671e3
1940.2	7.450e2
1941.6	2.500e1
1943.5	1.200e1
1944.6	4.600e2
1946.3	5.040e2
1947.3	2.830e2
1950.2	1.200e2
1951.7	5.020e2
1952.4	1.200e1
1954.5	7.200e2
1955.5	7.060e2
1957.5	1.332e3
1958.2	3.420e2
1959.2	6.750e2
1960.0	5.820e2
1962.6	3.530e2
1963.5	4.030e2
1964.1	2.900e1
1964.9	4.160e2
1965.5	1.300e1
1966.6	6.730e2
1967.7	1.400e2
1968.9	7.730e2
1969.9	6.050e2
1970.8	4.230e2
1971.4	3.480e2
1972.5	3.330e2
1973.6	1.980e2
1975.3	6.310e2
1976.0	6.740e2
1978.3	2.230e2
1980.1	2.240e2
1980.7	4.800e1
1981.7	9.740e2
1982.4	3.240e2
1983.8	3.970e2
1984.8	1.200e1
1985.7	2.500e1
1987.6	9.570e2
1988.6	2.600e1
1990.0	1.390e2
1990.7	7.450e2
1991.5	2.600e1
1993.1	1.600e1
1994.0	5.840e2
1994.9	3.400e1
1996.6	2.910e2
1997.6	1.500e1
1998.5	1.200e1
1999.7	2.250e2
