100.2	3.610e3
100.9	1.329e5
101.9	2.509e4
102.9	2.723e4
103.4	1.940e2
104.0	2.577e3
104.9	5.132e3
105.9	1.129e3
107.1	1.492e3
108.0	1.504e4
109.0	3.214e3
110.0	1.500e3
111.0	1.177e4
112.0	2.660e3
113.0	1.157e5
113.5	3.000e1
114.0	5.544e3
115.0	1.413e4
116.0	8.013e3
116.9	2.203e5
117.4	2.520e2
117.9	2.397e4
118.9	1.966e4
119.9	2.673e3
120.5	4.300e1
121.0	3.584e3
122.1	1.339e3
122.9	1.684e3
123.6	8.400e1
124.1	2.133e3
125.0	5.831e3
125.9	5.386e3
126.4	6.800e1
127.0	7.062e3
127.9	6.435e3
128.5	3.800e1
129.0	9.928e3
130.0	1.338e4
131.0	6.427e3
132.0	1.953e3
133.0	4.815e3
133.5	1.100e1
134.1	1.626e3
134.9	1.044e4
135.5	1.970e2
136.0	3.387e3
137.0	1.463e4
138.0	2.860e3
138.9	4.293e3
140.0	2.711e3
141.0	4.174e3
142.0	3.915e3
142.5	9.800e1
143.0	4.953e3
144.1	3.872e3
145.0	1.452e4
146.0	8.689e3
146.5	1.350e2
147.0	2.708e4
147.5	3.200e1
148.0	7.490e3
149.0	5.214e3
150.0	6.729e3
151.0	5.470e3
151.5	1.590e2
152.0	1.257e4
153.0	1.314e4
154.0	4.144e3
155.0	6.302e3
156.0	9.394e3
157.0	7.580e3
157.5	1.300e2
158.0	4.547e3
158.9	5.529e3
159.9	3.641e3
160.9	2.905e4
161.9	2.385e3
162.9	2.548e4
163.4	4.500e1
164.0	3.139e3
164.9	1.439e4
165.4	1.120e2
166.0	3.514e3
167.0	4.846e3
168.0	3.439e3
169.0	2.395e4
170.0	3.609e3
171.0	5.220e3
172.1	4.294e3
173.0	7.610e3
174.0	7.609e3
175.0	2.400e4
175.5	1.390e2
176.0	6.541e3
176.9	6.788e3
177.4	3.100e1
178.0	3.443e3
179.0	9.182e3
179.5	7.800e1
180.0	3.438e3
181.0	4.995e4
182.0	4.480e3
183.0	1.438e4
184.0	5.722e3
184.5	6.600e1
185.0	6.366e3
186.0	6.285e3
187.0	8.218e3
188.0	5.012e3
188.9	3.900e3
189.9	4.737e3
190.5	2.440e2
191.0	6.690e4
192.0	7.121e3
193.0	2.157e4
194.0	4.202e3
195.0	1.906e4
195.8	1.903e4
196.5	1.730e2
197.0	6.808e3
197.9	2.381e4
198.4	1.710e2
199.0	4.592e3
199.9	1.414e4
200.4	1.870e2
201.0	9.720e3
202.0	6.757e3
202.5	1.700e1
203.0	6.832e3
203.9	4.593e3
205.0	4.998e3
206.0	2.286e3
207.0	1.692e4
207.9	5.437e3
208.5	2.440e2
209.1	9.020e3
210.0	4.218e3
210.5	9.100e1
211.0	5.816e3
211.6	1.190e2
212.1	1.976e4
213.0	9.122e3
214.1	6.161e3
215.0	4.654e3
215.9	3.464e3
216.9	6.784e3
217.9	5.723e3
219.0	6.374e3
219.5	1.440e2
220.0	1.092e4
220.5	2.470e2
221.1	7.756e3
221.9	3.764e3
222.5	4.400e1
223.0	8.599e3
224.0	2.753e3
224.5	3.400e1
225.0	7.976e3
226.1	4.088e3
227.0	3.867e3
227.9	4.396e3
228.5	2.650e2
229.0	6.276e3
230.0	3.916e3
231.0	4.518e3
232.0	2.626e3
233.0	4.517e3
234.0	3.932e3
234.5	9.500e1
235.1	3.610e3
236.0	9.851e3
237.0	4.498e3
237.5	2.900e1
238.0	3.159e3
239.0	8.720e3
239.5	1.700e1
240.0	6.282e3
241.0	5.691e3
242.1	6.405e3
242.6	2.110e2
243.1	8.911e3
244.0	9.083e3
244.6	4.000e1
245.1	7.402e3
246.0	4.057e3
246.5	6.500e1
247.1	4.702e3
248.0	4.197e3
248.5	7.900e1
249.0	6.574e4
250.0	7.491e3
250.5	1.460e2
251.0	6.016e3
252.0	3.928e3
252.5	2.100e1
253.1	4.635e3
254.0	2.797e3
254.8	1.286e3
255.4	6.711e3
256.2	1.899e3
257.0	5.598e3
257.5	2.300e1
258.0	5.114e3
259.0	6.698e3
260.0	3.811e3
261.0	6.877e3
262.0	4.636e3
262.5	3.600e1
263.0	9.399e3
264.0	4.838e3
264.5	6.300e1
265.1	1.147e4
266.0	7.325e3
267.0	7.976e3
268.0	4.862e3
268.5	1.100e2
269.0	8.728e3
269.5	3.500e1
270.0	4.711e3
270.5	3.900e1
271.1	5.580e3
271.6	4.500e1
272.1	4.208e3
273.1	5.620e3
274.1	3.597e3
275.0	1.890e4
276.0	5.670e3
276.6	8.600e1
277.1	5.475e3
277.6	8.800e1
278.1	3.518e3
279.0	5.069e3
280.0	6.620e3
280.5	1.300e2
281.1	1.195e4
282.0	6.678e3
282.6	4.150e2
283.2	7.109e3
284.1	3.797e3
285.0	4.220e3
286.0	2.832e3
287.0	5.253e3
288.0	1.428e4
288.5	5.300e1
289.0	6.190e3
290.0	5.738e3
291.0	9.683e3
292.0	5.758e3
292.6	1.680e2
293.1	6.397e3
294.1	3.152e3
295.1	6.224e3
296.0	3.890e3
296.5	1.800e1
297.0	6.254e3
298.0	4.378e3
298.5	5.300e1
299.0	6.623e3
300.0	3.736e3
301.0	7.253e3
302.0	4.220e3
302.5	1.300e1
303.1	7.524e3
304.0	3.869e3
305.0	7.168e3
306.0	4.600e3
307.0	9.743e3
308.0	5.979e3
308.5	1.500e1
309.1	8.470e3
310.0	5.150e3
310.5	4.000e1
311.1	9.843e3
312.1	6.881e3
313.0	1.016e4
314.0	5.063e3
315.1	6.226e3
316.0	7.472e3
317.0	7.174e4
318.0	8.882e3
319.0	7.406e3
320.0	4.223e3
320.5	1.120e2
321.0	5.827e3
321.5	7.400e1
322.0	3.951e3
322.6	6.200e1
323.1	8.710e3
324.1	5.944e3
325.1	7.624e3
326.0	5.363e3
326.6	3.820e2
327.1	9.525e3
328.1	5.091e3
329.0	1.230e4
330.0	5.459e3
330.5	1.600e1
331.0	7.835e3
332.0	4.444e3
332.5	1.180e2
333.1	9.099e3
334.0	6.834e3
334.5	1.270e2
335.1	1.033e4
336.0	5.246e3
336.6	5.630e2
337.1	6.793e3
338.1	5.439e3
338.6	8.500e1
339.1	7.443e3
340.0	5.308e3
340.5	2.100e2
341.1	9.805e3
342.0	4.757e3
343.0	1.575e4
344.0	4.753e3
345.0	5.438e3
346.1	4.451e3
347.1	7.484e3
347.9	3.713e3
348.5	1.140e2
349.1	9.645e3
350.0	4.190e3
351.0	8.272e3
352.0	5.063e3
353.0	1.227e4
353.6	8.870e2
354.1	4.146e3
355.1	9.575e3
356.1	1.635e4
357.1	8.792e3
358.1	4.994e3
359.1	6.158e3
360.1	4.073e3
361.0	4.492e3
361.9	5.409e3
362.5	5.140e2
363.1	5.140e3
364.0	3.630e3
365.0	8.842e3
366.0	5.020e3
367.0	5.978e3
367.5	6.300e1
368.0	3.974e3
368.6	4.000e0
369.1	1.165e4
369.9	4.577e3
370.5	1.120e2
371.1	7.374e3
372.1	3.346e3
372.7	1.910e2
373.2	6.011e3
374.1	2.113e3
375.0	5.799e3
376.0	3.274e3
377.0	5.789e3
378.0	4.435e3
379.0	8.864e3
380.0	5.424e3
380.5	2.480e2
381.1	9.013e3
382.1	4.763e3
382.6	3.350e2
383.2	1.087e4
384.1	4.515e3
385.0	3.859e4
386.0	5.599e3
386.7	3.980e2
387.2	1.466e4
388.2	5.666e3
389.1	7.624e3
390.0	4.056e3
390.6	8.400e1
391.1	5.341e3
391.9	2.578e3
392.5	4.820e3
393.2	2.172e3
394.0	4.450e3
395.0	8.375e3
396.0	4.154e3
396.5	4.400e2
397.1	1.031e4
398.0	5.641e3
399.0	7.759e3
400.0	3.908e3
401.0	5.060e3
402.0	4.564e3
403.0	5.446e3
404.0	3.200e3
404.5	1.560e2
405.1	4.772e3
406.0	3.597e3
406.6	5.700e1
407.1	3.292e3
408.0	4.775e3
408.6	3.960e2
409.1	6.801e3
410.0	4.151e3
411.0	1.087e4
412.0	3.778e3
412.6	3.300e1
413.1	6.009e3
414.1	4.369e3
415.0	3.824e3
415.6	7.000e2
416.1	4.181e3
417.1	6.959e3
417.9	3.029e3
418.8	3.714e3
419.6	5.809e3
420.3	6.900e2
421.0	7.148e3
421.6	3.100e1
422.1	4.023e3
423.1	4.944e3
424.0	1.022e4
425.0	6.799e3
426.0	3.958e3
426.5	1.150e2
427.1	7.828e3
428.1	3.451e3
429.1	5.230e3
430.1	4.679e3
431.1	4.654e3
432.0	4.527e3
432.7	8.680e2
433.3	9.915e3
434.0	2.441e3
434.7	5.341e3
435.6	2.595e3
436.4	1.091e4
437.2	6.336e3
438.2	4.811e3
439.0	5.280e3
440.0	4.887e3
440.5	3.920e2
441.2	4.604e3
442.1	3.474e3
442.6	4.400e1
443.1	6.550e3
444.1	4.140e3
445.1	4.481e3
445.9	4.637e3
446.5	2.800e1
447.0	5.557e3
447.9	4.357e3
448.9	5.583e3
449.5	2.900e1
450.0	4.460e3
450.9	5.640e3
451.5	6.500e2
452.2	4.493e3
453.0	2.955e4
454.0	5.475e3
454.6	6.130e2
455.2	5.285e3
456.1	5.285e3
456.8	9.360e2
457.3	6.707e3
458.3	4.684e3
459.2	6.806e3
460.1	4.657e3
461.1	4.673e3
461.7	1.289e3
462.3	1.497e4
463.2	8.339e3
464.2	8.206e3
465.0	1.628e4
465.8	4.615e3
466.7	7.185e3
467.2	3.770e2
467.8	5.178e3
468.3	6.540e2
469.0	5.445e3
469.9	6.817e3
470.5	3.770e2
471.1	5.777e3
472.1	4.193e3
472.9	2.336e3
473.7	5.379e3
474.3	1.135e3
475.0	4.867e3
475.6	2.930e2
476.1	4.617e3
477.0	3.837e3
477.8	5.038e3
478.7	1.980e4
479.5	4.890e3
480.4	9.859e3
481.2	7.137e3
482.0	3.446e3
483.0	3.938e3
483.9	4.441e3
484.5	3.010e2
485.0	6.268e3
485.6	5.600e1
486.1	3.721e3
486.6	2.400e1
487.1	6.054e3
488.1	4.866e3
489.0	5.428e3
489.6	1.960e2
490.2	3.057e3
491.1	5.736e3
492.1	1.223e4
492.6	5.480e2
493.2	6.711e3
494.1	4.643e3
495.1	7.273e3
496.0	5.200e3
497.0	5.548e3
497.6	8.100e1
498.1	4.135e3
499.0	5.207e3
499.9	3.627e3
500.5	2.410e2
501.1	6.645e3
501.6	3.700e1
502.1	4.451e3
502.7	9.450e2
503.2	7.714e3
503.8	3.660e2
504.3	7.063e3
505.2	5.297e3
505.9	1.948e3
506.6	1.828e4
507.5	7.838e3
508.5	5.687e3
509.2	1.697e3
509.9	5.123e3
510.4	2.900e1
511.0	7.406e3
511.9	4.343e3
512.5	2.720e2
513.0	5.433e3
514.0	4.119e3
515.0	5.736e3
515.5	3.560e2
516.0	5.134e3
517.0	6.852e3
517.5	5.730e2
518.1	4.551e3
519.0	5.761e3
520.0	3.416e3
521.0	2.304e4
521.6	3.180e2
522.1	4.552e3
523.1	4.108e3
524.0	4.436e3
525.0	5.063e3
525.7	1.427e3
526.5	4.682e3
527.3	5.485e3
528.2	4.531e3
529.2	4.775e3
530.1	4.597e3
531.0	6.106e3
531.5	1.170e2
532.0	4.157e3
533.0	8.351e3
533.5	3.310e2
534.0	5.268e3
534.9	5.707e3
535.6	1.030e3
536.2	4.100e3
537.1	5.768e3
538.0	5.669e3
538.7	5.890e2
539.3	5.399e3
539.8	3.160e2
540.4	6.149e3
541.1	2.845e3
541.8	4.859e3
542.4	3.830e2
543.1	4.469e3
544.0	3.423e3
544.5	3.500e1
545.1	4.903e3
545.6	2.160e2
546.1	4.119e3
547.0	1.141e4
547.5	1.280e2
548.0	4.716e3
549.0	6.459e3
549.5	7.000e1
550.1	4.288e3
551.0	4.594e3
551.9	2.912e3
552.6	7.727e3
553.4	4.492e3
554.4	3.826e3
555.1	1.941e3
555.8	4.308e3
556.5	1.778e3
557.3	5.038e3
558.1	1.942e3
558.9	4.769e3
559.4	3.000e1
560.0	9.317e3
561.0	5.863e3
561.5	4.200e1
562.0	3.973e3
562.5	1.430e2
563.1	6.443e3
563.6	1.730e2
564.1	4.041e3
565.1	4.387e3
565.9	1.892e3
566.6	8.200e3
567.5	4.393e3
568.3	2.827e3
569.2	3.956e3
570.1	2.859e3
571.0	4.235e3
572.0	3.815e3
573.0	5.407e3
573.6	3.880e2
574.2	4.932e3
575.1	3.652e3
575.9	2.501e3
576.7	3.834e3
577.7	3.303e3
578.3	1.210e3
579.0	5.559e3
579.8	2.310e3
580.5	5.124e3
581.4	2.670e3
582.3	4.314e3
583.2	3.496e3
584.1	3.890e3
585.1	4.626e3
586.1	3.850e3
587.0	2.808e3
587.5	4.100e1
588.0	3.331e3
589.0	1.979e4
589.6	3.320e2
590.1	4.673e3
590.9	2.544e3
591.6	4.732e3
592.5	1.939e3
593.4	6.308e3
594.4	4.074e3
594.9	4.000e2
595.5	3.913e3
596.4	2.398e3
597.3	3.884e3
598.1	2.725e3
599.0	4.079e3
599.6	6.500e2
600.2	3.478e3
601.2	6.818e3
601.7	1.240e2
602.2	5.000e3
602.8	4.430e2
603.3	4.064e3
604.1	1.523e3
605.0	6.030e3
605.5	1.950e2
606.1	3.672e3
606.6	1.350e2
607.1	3.363e3
607.7	2.240e2
608.2	3.549e3
609.2	3.304e3
609.7	1.310e2
610.2	2.459e3
611.1	4.017e3
612.1	3.284e3
613.1	3.241e3
614.0	3.074e3
614.9	8.042e3
615.5	4.380e2
616.1	3.827e3
617.0	6.117e3
617.6	6.470e2
618.3	3.953e3
619.2	5.370e3
620.0	2.559e3
620.6	9.000e1
621.1	4.319e3
622.1	2.489e3
623.0	3.785e3
624.0	2.769e3
625.0	3.962e3
625.5	1.160e2
626.1	3.483e3
627.1	3.817e3
628.0	5.449e3
629.0	4.075e3
629.6	3.570e2
630.2	2.652e3
631.1	6.379e3
631.6	4.120e2
632.2	5.887e3
633.1	4.894e3
634.1	3.539e3
634.7	1.530e2
635.2	3.878e3
636.1	2.861e3
636.9	4.288e3
637.4	1.740e2
638.0	3.164e3
639.0	3.409e3
639.5	4.800e1
640.0	3.498e3
640.6	1.170e2
641.1	4.867e3
641.7	3.000e1
642.2	3.775e3
642.8	4.580e2
643.3	4.040e3
644.2	2.990e3
645.2	3.056e3
646.0	2.356e3
646.9	4.441e3
647.5	4.720e2
648.1	3.950e3
649.0	2.819e3
649.6	3.460e2
650.2	3.109e3
650.9	1.031e3
651.5	4.123e3
652.2	1.109e3
653.0	4.349e3
654.0	3.870e3
654.6	4.170e2
655.1	4.343e3
655.6	2.400e1
656.2	3.455e3
657.1	1.203e4
657.6	9.700e1
658.1	4.810e3
659.0	4.191e3
659.7	3.750e2
660.3	5.051e3
660.9	5.000e1
661.4	3.741e3
662.2	2.676e3
662.8	3.790e2
663.3	4.427e3
664.1	1.798e3
665.0	3.586e3
665.5	1.130e2
666.1	2.972e3
667.0	4.608e3
667.5	6.000e1
668.0	2.450e3
669.0	5.300e3
669.9	3.998e3
670.9	3.432e3
671.7	4.738e3
672.3	9.670e2
673.0	5.017e3
673.9	3.827e3
674.5	2.100e1
675.0	2.544e3
676.0	3.411e3
676.9	4.324e3
677.9	3.717e3
678.9	4.582e3
679.6	1.324e3
680.4	4.784e3
681.2	2.628e3
682.1	2.760e3
683.0	8.996e3
684.0	4.955e3
684.6	4.110e2
685.1	5.423e3
686.2	4.576e3
686.7	3.100e1
687.2	3.713e3
688.1	3.447e3
689.1	4.119e3
690.1	3.103e3
690.7	5.480e2
691.4	3.970e3
692.2	2.259e3
693.0	4.085e3
694.0	3.622e3
695.0	4.052e3
695.5	6.300e1
696.1	6.272e3
696.6	2.130e2
697.2	3.576e3
697.9	1.643e3
698.6	5.931e3
699.5	3.776e3
700.1	6.970e2
700.8	5.055e3
701.7	3.471e3
702.3	7.790e2
703.0	3.440e3
703.9	4.010e3
704.6	9.960e2
705.3	4.064e3
706.2	2.373e3
707.2	3.742e3
708.2	3.978e3
709.2	5.237e3
709.7	1.230e2
710.2	3.227e3
711.2	3.949e3
712.0	2.609e3
712.9	3.469e3
713.9	2.410e3
714.8	5.356e3
715.4	2.010e2
715.9	3.008e3
716.4	2.700e1
717.0	4.939e3
717.9	2.779e3
718.4	9.000e1
719.0	2.254e3
719.8	2.386e3
720.7	3.791e3
721.3	6.480e2
722.0	4.427e3
722.5	1.900e1
723.1	4.506e3
723.6	2.150e2
724.1	2.665e3
725.1	1.031e4
726.0	4.811e3
726.8	1.642e3
727.7	4.408e3
728.5	1.420e3
729.3	4.166e3
730.0	1.128e3
730.7	3.290e3
731.8	4.534e3
732.3	5.360e2
732.8	4.080e3
733.8	3.433e3
734.3	4.500e1
734.8	4.717e3
735.8	3.255e3
736.5	8.230e2
737.1	4.591e3
737.9	1.216e3
738.5	3.767e3
739.4	3.035e3
740.2	1.143e3
740.9	3.308e3
741.7	1.266e3
742.5	3.606e3
743.3	2.167e3
744.1	3.834e3
745.1	3.069e3
746.0	3.374e3
746.8	1.215e3
747.4	4.087e3
748.0	1.010e2
748.5	3.087e3
749.5	2.504e3
750.2	1.053e3
751.0	8.118e3
751.5	1.690e2
752.0	4.314e3
753.0	4.243e3
754.0	2.601e3
754.6	1.340e2
755.2	3.598e3
755.7	1.700e1
756.2	2.874e3
757.0	1.805e3
757.8	2.837e3
758.4	4.080e2
759.1	2.761e3
760.0	2.061e3
760.9	3.032e3
761.9	2.320e3
762.5	1.060e2
763.0	3.675e3
763.5	5.800e1
764.0	4.937e3
765.0	3.520e3
766.0	3.263e3
766.5	3.200e1
767.0	3.993e3
767.9	1.967e3
768.8	3.251e3
769.6	2.523e3
770.5	4.138e3
771.2	6.750e2
771.9	2.909e3
772.9	2.491e3
773.9	3.955e3
774.5	8.400e1
775.0	2.688e3
776.0	2.699e3
777.0	3.919e3
777.9	2.341e3
778.4	1.570e2
779.0	3.387e3
779.5	2.440e2
780.0	2.760e3
780.9	1.185e3
781.5	3.148e3
782.3	1.205e3
783.0	4.270e3
783.6	8.900e1
784.1	2.155e3
784.7	2.320e2
785.2	4.185e3
786.1	1.722e3
786.8	2.963e3
787.4	7.000e1
787.9	4.315e3
788.8	2.773e3
789.4	2.580e2
790.0	2.649e3
790.5	4.400e1
791.0	2.222e3
792.0	2.760e3
792.5	3.370e2
793.1	7.232e3
794.0	3.344e3
794.8	1.057e3
795.5	2.818e3
796.1	1.089e3
796.9	2.329e3
797.4	1.740e2
798.0	3.544e3
798.6	3.390e2
799.3	4.078e3
800.0	8.570e2
800.8	4.049e3
801.3	5.040e2
801.9	2.515e3
802.4	3.400e1
803.0	5.593e3
803.9	2.554e3
804.6	4.880e2
805.1	3.697e3
806.0	2.548e3
807.1	3.345e3
808.0	2.656e3
809.0	3.381e3
810.0	3.730e3
810.5	1.180e2
811.0	3.502e3
811.9	1.633e3
812.7	1.741e3
813.6	3.283e3
814.4	1.637e3
815.2	3.194e3
816.1	2.448e3
817.2	2.447e3
818.0	1.758e3
819.0	8.183e3
819.9	3.222e3
820.5	2.040e2
821.0	2.846e3
821.8	5.460e2
822.4	2.630e3
823.4	2.651e3
823.9	2.640e2
824.5	2.629e3
825.4	3.415e3
826.2	2.077e3
827.2	3.367e3
828.0	1.312e3
828.8	3.154e3
829.4	1.570e2
829.9	2.189e3
830.9	2.122e3
831.7	4.158e3
832.6	4.770e3
833.3	4.590e2
833.9	3.514e3
834.9	2.481e3
835.9	2.629e3
836.5	6.210e2
837.1	3.477e3
838.0	2.317e3
838.6	1.690e2
839.1	3.726e3
840.1	2.077e3
841.1	2.149e3
841.9	2.629e3
842.8	9.060e2
843.6	2.948e3
844.3	6.210e2
845.0	3.813e3
845.9	1.830e3
846.7	2.724e3
847.7	3.192e3
848.5	1.217e3
849.3	2.766e3
850.2	1.742e3
851.0	3.018e3
852.0	2.533e3
852.6	2.120e2
853.2	3.463e3
853.9	1.321e3
854.8	3.464e3
855.7	2.328e3
856.3	2.720e2
856.9	2.955e3
857.4	1.270e2
858.0	4.255e3
858.9	2.822e3
859.5	3.920e2
860.2	2.664e3
861.1	5.893e3
862.0	2.878e3
862.6	2.870e2
863.2	3.080e3
864.0	9.560e2
864.8	2.686e3
865.3	2.510e2
865.9	2.605e3
866.7	1.556e3
867.6	2.614e3
868.3	6.370e2
869.0	4.484e3
869.6	1.420e2
870.1	1.657e3
871.1	3.186e3
872.2	2.314e3
873.1	2.807e3
874.2	2.661e3
875.0	1.970e3
876.0	1.878e3
876.9	2.476e3
877.5	2.200e1
878.0	3.446e3
878.5	4.600e1
879.0	2.141e3
880.0	2.862e3
880.9	2.242e3
881.5	3.140e2
882.2	2.620e3
882.7	1.130e2
883.2	2.398e3
883.8	9.200e1
884.4	2.708e3
885.1	1.189e3
885.9	2.147e3
886.9	5.733e3
887.4	2.350e2
887.9	3.321e3
888.5	1.240e2
889.0	2.475e3
890.1	2.648e3
890.8	1.549e3
891.6	2.805e3
892.2	1.500e2
892.7	2.641e3
893.2	8.800e1
893.8	3.067e3
894.3	1.600e1
894.8	2.036e3
895.7	3.007e3
896.2	1.260e2
896.8	2.572e3
897.3	5.350e2
898.0	2.682e3
898.6	2.350e2
899.1	3.702e3
900.0	2.928e3
901.0	3.969e3
902.0	1.635e3
903.0	2.973e3
904.0	2.669e3
904.6	1.600e2
905.1	3.313e3
905.7	5.400e2
906.3	3.213e3
907.3	2.059e3
908.2	1.398e3
909.2	2.381e3
910.0	1.330e3
910.9	2.597e3
911.7	1.646e3
912.6	1.370e3
913.4	3.073e3
913.9	2.140e2
914.5	2.820e3
915.3	9.100e2
916.0	2.223e3
916.6	8.600e1
917.1	2.450e3
917.6	5.500e1
918.2	3.084e3
918.9	9.320e2
919.6	1.784e3
920.5	1.777e3
921.4	2.069e3
922.1	6.450e2
922.8	2.286e3
923.8	1.793e3
924.8	2.573e3
925.4	5.000e2
926.0	3.356e3
926.6	2.380e2
927.1	3.076e3
928.1	1.874e3
929.0	5.282e3
929.7	8.440e2
930.4	3.657e3
931.2	1.650e3
932.0	1.900e3
932.6	3.490e2
933.1	3.419e3
933.7	2.430e2
934.3	2.215e3
935.3	3.098e3
936.3	3.113e3
936.9	2.740e2
937.4	2.362e3
938.4	2.208e3
939.3	2.397e3
939.8	6.400e1
940.3	2.587e3
941.3	1.885e3
942.0	2.602e3
943.0	2.943e3
943.7	8.560e2
944.4	2.390e3
945.3	1.921e3
945.9	1.970e2
946.5	2.972e3
947.4	2.451e3
948.0	1.110e2
948.5	3.004e3
949.0	1.480e2
949.5	3.063e3
950.3	1.236e3
951.0	2.309e3
951.9	1.848e3
952.8	2.431e3
953.4	3.440e2
954.1	3.528e3
955.0	5.468e3
955.5	7.700e1
956.1	2.535e3
956.9	2.951e3
957.9	2.098e3
958.9	2.192e3
959.4	1.240e2
960.0	2.598e3
960.7	1.645e3
961.5	3.860e3
962.3	1.137e3
963.2	2.884e3
964.0	1.964e3
964.9	3.143e3
965.4	8.100e1
965.9	2.817e3
966.5	8.000e0
967.0	3.147e3
967.9	3.324e3
969.0	3.915e3
970.0	2.203e3
971.0	3.420e3
971.5	1.200e1
972.0	2.027e3
973.0	2.541e3
974.0	2.549e3
975.0	2.330e3
975.7	6.270e2
976.5	1.788e3
977.2	9.220e2
978.0	2.384e3
978.5	2.700e1
979.1	3.182e3
979.7	4.480e2
980.3	2.125e3
981.3	2.247e3
981.8	9.300e1
982.4	2.842e3
983.2	1.501e3
984.1	3.534e3
984.9	1.269e3
985.6	2.703e3
986.3	6.720e2
986.9	2.259e3
987.7	2.390e3
988.4	6.340e2
989.1	2.557e3
989.8	5.340e2
990.4	2.660e3
991.2	1.450e3
992.0	1.144e3
992.8	2.019e3
993.5	5.230e2
994.1	2.573e3
994.9	1.622e3
995.9	2.221e3
996.4	3.680e2
997.0	5.263e3
997.9	1.945e3
998.5	8.400e1
999.1	2.343e3
1000.0	2.283e3
1001.0	1.588e3
1002.1	2.369e3
1002.9	2.225e3
1003.9	1.831e3
1004.4	5.900e1
1005.0	2.818e3
1005.9	2.798e3
1006.4	1.240e2
1006.9	2.102e3
1007.9	2.834e3
1008.9	2.043e3
1009.8	1.963e3
1010.8	2.327e3
1011.4	3.410e2
1012.1	2.397e3
1012.6	1.300e1
1013.3	2.397e3
1013.9	1.330e2
1014.4	2.299e3
1014.9	5.300e1
1015.4	1.897e3
1016.3	2.225e3
1016.9	1.560e2
1017.4	1.863e3
1018.2	6.590e2
1018.9	2.295e3
1019.9	2.014e3
1020.9	3.441e3
1021.8	2.423e3
1022.3	1.310e2
1022.9	4.543e3
1023.9	2.763e3
1024.8	2.333e3
1025.3	1.820e2
1025.9	2.759e3
1026.9	2.493e3
1027.5	2.890e2
1028.0	1.940e3
1028.5	2.600e1
1029.1	3.195e3
1030.0	1.582e3
1030.9	2.376e3
1031.9	2.915e3
1032.8	2.071e3
1033.6	8.980e2
1034.3	2.312e3
1035.1	2.417e3
1036.1	3.281e3
1036.8	1.495e3
1037.5	3.093e3
1038.1	3.960e2
1038.7	3.065e3
1039.6	7.660e2
1040.4	2.720e3
1041.0	4.070e2
1041.6	3.130e3
1042.5	1.004e3
1043.3	1.789e3
1044.1	2.398e3
1045.0	2.495e3
1045.9	2.493e3
1046.9	2.331e3
1047.7	3.118e3
1048.4	9.300e2
1049.1	3.645e3
1050.0	2.280e3
1050.9	2.861e3
1051.5	1.100e2
1052.1	2.422e3
1053.1	1.891e3
1054.0	2.688e3
1054.5	1.680e2
1055.1	2.581e3
1056.0	2.589e3
1056.9	2.804e3
1057.9	1.855e3
1058.9	1.888e3
1059.8	3.002e3
1060.8	2.444e3
1061.4	9.900e1
1062.0	1.398e3
1062.9	2.623e3
1063.4	8.000e1
1064.0	2.591e3
1064.6	2.200e2
1065.1	3.998e3
1066.1	3.198e3
1066.9	2.051e3
1067.8	2.558e3
1068.4	1.250e2
1069.0	1.782e3
1069.9	3.009e3
1070.8	2.454e3
1071.4	2.310e2
1072.0	3.163e3
1072.8	2.193e3
1073.8	1.378e3
1074.3	6.100e1
1074.8	3.413e3
1075.8	2.701e3
1076.6	5.480e2
1077.2	2.153e3
1078.0	1.755e3
1079.0	3.055e3
1079.9	1.449e3
1080.7	3.584e3
1081.2	1.300e2
1081.7	2.371e3
1082.7	2.885e3
1083.6	2.546e3
1084.4	9.180e2
1085.1	2.824e3
1085.9	1.194e3
1086.8	2.405e3
1087.8	3.015e3
1088.4	5.100e1
1089.0	2.069e3
1089.6	4.190e2
1090.3	2.185e3
1091.1	4.190e3
1092.1	2.378e3
1093.0	3.081e3
1094.0	2.862e3
1094.6	1.690e2
1095.1	2.852e3
1095.7	8.900e1
1096.2	1.925e3
1097.2	2.777e3
1097.8	7.880e2
1098.4	2.541e3
1099.0	2.790e2
1099.6	2.357e3
1100.3	6.020e2
1101.1	3.347e3
1101.9	1.491e3
1102.7	2.823e3
1103.4	5.270e2
1104.1	2.888e3
1105.0	2.463e3
1105.9	2.546e3
1106.5	3.490e2
1107.0	3.037e3
1107.7	1.042e3
1108.4	2.059e3
1109.3	1.917e3
1110.0	6.030e2
1110.8	2.189e3
1111.4	4.810e2
1112.0	1.550e3
1112.8	2.436e3
1113.4	2.900e1
1113.9	2.951e3
1114.5	4.750e2
1115.1	2.144e3
1115.9	1.594e3
1116.8	1.805e3
1117.8	2.000e3
1118.3	1.210e2
1118.8	2.038e3
1119.8	2.674e3
1120.4	4.330e2
1121.1	3.259e3
1121.6	1.380e2
1122.2	2.526e3
1123.1	1.546e3
1123.9	3.373e3
1125.0	3.272e3
1125.6	3.040e2
1126.1	2.362e3
1127.2	2.327e3
1128.1	2.218e3
1129.0	2.958e3
1129.8	1.137e3
1130.6	2.381e3
1131.5	1.623e3
1132.5	2.323e3
1133.3	4.998e3
1134.2	1.750e3
1135.1	1.903e3
1135.9	2.756e3
1136.6	5.600e1
1137.2	1.901e3
1138.2	2.825e3
1138.9	1.274e3
1139.6	2.477e3
1140.4	6.740e2
1141.0	2.272e3
1142.0	3.557e3
1142.9	2.201e3
1143.8	2.959e3
1144.3	1.720e2
1144.9	2.053e3
1145.5	6.700e1
1146.0	2.798e3
1147.0	2.459e3
1147.9	1.843e3
1148.9	3.011e3
1149.4	5.470e2
1150.1	2.680e3
1150.7	5.860e2
1151.3	3.313e3
1151.9	6.500e2
1152.6	2.993e3
1153.4	2.287e3
1154.1	1.001e3
1154.9	2.711e3
1155.5	5.400e1
1156.1	3.560e3
1156.6	1.810e2
1157.3	2.984e3
1158.2	2.129e3
1159.1	2.398e3
1160.1	2.739e3
1161.1	2.489e3
1162.1	2.653e3
1162.9	1.234e3
1163.6	3.599e3
1164.5	1.209e3
1165.3	2.860e3
1166.3	1.856e3
1167.2	2.883e3
1168.2	2.616e3
1168.7	1.000e2
1169.3	3.116e3
1170.1	1.671e3
1170.8	2.530e3
1171.6	2.023e3
1172.5	3.366e3
1173.4	1.900e3
1174.0	3.670e2
1174.6	2.817e3
1175.5	2.908e3
1176.0	2.160e2
1176.6	3.097e3
1177.1	9.700e1
1177.6	2.363e3
1178.2	3.300e1
1178.7	1.871e3
1179.5	9.170e2
1180.2	2.185e3
1180.9	1.630e2
1181.5	3.564e3
1182.3	1.273e3
1183.2	2.822e3
1183.9	3.950e2
1184.5	3.782e3
1185.5	2.246e3
1186.5	2.866e3
1187.3	1.417e3
1188.2	2.272e3
1189.1	1.090e3
1190.0	2.227e3
1191.0	4.049e3
1191.6	1.560e2
1192.2	2.108e3
1193.2	3.211e3
1193.8	5.860e2
1194.4	2.605e3
1195.2	1.140e3
1196.0	2.092e3
1197.0	2.217e3
1197.8	9.230e2
1198.5	4.432e3
1199.4	2.320e3
1200.3	1.623e3
1201.2	3.178e3
1202.0	1.815e3
1202.8	2.657e3
1203.7	1.096e3
1204.6	2.134e3
1205.1	1.460e2
1205.7	2.197e3
1206.6	2.764e3
1207.4	2.944e3
1208.4	3.628e3
1209.2	1.390e3
1209.9	2.452e3
1210.9	2.963e3
1211.5	2.390e2
1212.1	1.977e3
1212.6	1.250e2
1213.2	1.542e3
1214.0	3.222e3
1214.9	1.162e3
1215.7	2.624e3
1216.4	6.670e2
1217.2	2.665e3
1217.7	2.400e1
1218.2	1.976e3
1219.2	2.590e3
1220.1	3.123e3
1220.8	7.130e2
1221.5	2.208e3
1222.1	8.790e2
1222.8	3.343e3
1223.6	8.030e2
1224.2	2.550e3
1225.1	2.722e3
1225.8	9.060e2
1226.6	3.220e3
1227.3	1.768e3
1228.3	1.710e3
1229.2	3.456e3
1229.9	1.023e3
1230.8	2.977e3
1231.8	2.861e3
1232.7	1.754e3
1233.5	2.851e3
1234.2	5.230e2
1234.7	1.390e3
1235.6	3.158e3
1236.4	1.293e3
1237.2	2.421e3
1237.7	4.200e1
1238.3	2.195e3
1239.1	1.319e3
1239.9	3.389e3
1241.0	2.705e3
1241.9	1.871e3
1242.4	8.300e1
1242.9	2.686e3
1243.9	1.856e3
1244.9	1.918e3
1245.8	1.875e3
1246.3	8.300e1
1246.8	1.734e3
1247.4	4.360e2
1248.0	2.645e3
1248.7	4.710e2
1249.3	2.097e3
1250.2	2.704e3
1251.1	2.722e3
1252.0	1.492e3
1253.0	2.583e3
1253.8	2.185e3
1254.7	2.710e3
1255.4	5.780e2
1256.1	2.732e3
1256.7	2.150e2
1257.2	2.253e3
1258.2	1.613e3
1259.2	2.732e3
1259.7	1.700e1
1260.2	1.672e3
1261.1	3.010e3
1261.8	6.460e2
1262.4	2.711e3
1262.9	5.500e1
1263.5	2.801e3
1264.5	2.425e3
1265.3	2.703e3
1266.0	1.180e2
1266.6	2.763e3
1267.2	7.380e2
1267.9	2.544e3
1268.6	8.160e2
1269.4	2.789e3
1270.2	2.628e3
1271.1	1.851e3
1272.0	1.851e3
1272.6	3.420e2
1273.3	2.394e3
1274.2	1.679e3
1275.0	3.281e3
1275.9	2.517e3
1276.6	3.250e2
1277.2	2.157e3
1278.0	1.190e3
1278.8	2.373e3
1279.8	1.802e3
1280.3	1.400e2
1280.9	1.908e3
1281.5	2.710e2
1282.0	2.401e3
1282.7	4.400e2
1283.4	2.647e3
1284.2	1.365e3
1285.0	2.332e3
1286.0	2.285e3
1286.7	5.900e2
1287.4	2.306e3
1287.9	1.180e2
1288.5	2.687e3
1289.0	1.400e1
1289.5	2.166e3
1290.3	9.420e2
1291.2	3.211e3
1292.0	1.489e3
1292.9	2.709e3
1293.8	1.122e3
1294.7	2.208e3
1295.3	4.190e2
1296.0	1.830e3
1296.6	3.380e2
1297.2	2.743e3
1298.2	2.136e3
1299.1	2.854e3
1300.2	2.752e3
1301.1	1.864e3
1302.0	2.313e3
1303.0	1.837e3
1303.9	2.335e3
1304.9	2.399e3
1305.5	1.330e2
1306.1	2.127e3
1307.1	2.882e3
1308.0	1.369e3
1308.9	2.499e3
1309.8	1.906e3
1310.8	3.020e3
1311.4	2.550e2
1312.0	2.993e3
1312.6	2.960e2
1313.2	2.826e3
1313.8	1.550e2
1314.3	2.101e3
1315.0	7.710e2
1315.7	1.913e3
1316.7	2.687e3
1317.6	9.050e2
1318.5	3.683e3
1319.3	2.730e3
1320.2	2.302e3
1321.2	1.608e3
1322.1	2.113e3
1323.0	4.987e3
1323.8	1.122e3
1324.6	1.862e3
1325.5	3.391e3
1326.1	1.900e1
1326.6	2.473e3
1327.5	1.400e3
1328.4	2.641e3
1329.3	3.155e3
1329.9	2.940e2
1330.5	1.762e3
1331.5	2.020e3
1332.4	3.759e3
1333.2	1.579e3
1334.1	2.162e3
1335.0	2.202e3
1335.7	9.060e2
1336.5	2.347e3
1337.3	1.075e3
1338.1	1.920e3
1339.0	2.522e3
1339.7	3.380e2
1340.4	1.897e3
1341.0	3.860e2
1341.7	2.257e3
1342.6	1.203e3
1343.2	6.240e2
1344.0	2.496e3
1344.5	3.440e2
1345.1	2.014e3
1345.7	1.640e2
1346.3	1.757e3
1347.2	1.292e3
1348.0	2.069e3
1348.5	5.800e1
1349.0	1.358e3
1350.0	3.313e3
1350.6	3.540e2
1351.2	2.593e3
1352.2	2.555e3
1353.0	1.114e3
1353.7	3.522e3
1354.4	8.150e2
1355.2	2.278e3
1355.7	7.600e1
1356.2	2.413e3
1357.2	1.540e3
1358.1	1.499e3
1359.0	1.695e3
1360.0	2.204e3
1360.6	4.230e2
1361.2	2.509e3
1361.8	1.040e2
1362.3	3.561e3
1363.2	1.658e3
1364.2	2.984e3
1365.2	2.084e3
1366.1	2.079e3
1367.0	1.346e3
1367.8	2.623e3
1368.7	1.304e3
1369.5	3.233e3
1370.2	6.110e2
1370.9	4.488e3
1371.8	1.802e3
1372.8	1.720e3
1373.4	1.090e2
1373.9	1.326e3
1374.9	2.948e3
1375.4	1.310e2
1376.0	1.606e3
1377.0	3.105e3
1377.8	1.558e3
1378.8	1.368e3
1379.3	3.000e1
1379.8	2.048e3
1380.6	1.529e3
1381.2	7.380e2
1381.8	1.718e3
1382.7	2.074e3
1383.3	3.820e2
1384.0	1.265e3
1385.0	2.502e3
1385.5	1.900e2
1386.0	2.159e3
1386.8	5.190e2
1387.5	2.205e3
1388.5	1.505e3
1389.5	2.617e3
1390.4	7.660e2
1391.1	3.319e3
1392.1	2.244e3
1392.9	7.760e2
1393.7	1.411e3
1394.5	1.080e3
1395.2	2.478e3
1396.1	1.125e3
1396.7	2.690e2
1397.3	1.702e3
1398.3	1.055e3
1399.2	2.087e3
1399.8	5.350e2
1400.5	1.765e3
1401.2	1.790e2
1401.8	2.072e3
1402.8	2.023e3
1403.6	2.117e3
1404.2	6.300e1
1404.7	2.033e3
1405.4	5.080e2
1406.1	3.814e3
1407.0	1.533e3
1408.1	2.860e3
1408.6	3.900e1
1409.1	1.702e3
1409.7	6.390e2
1410.4	1.986e3
1411.3	4.672e3
1412.3	2.441e3
1413.0	7.590e2
1413.8	2.399e3
1414.5	3.610e2
1415.2	2.718e3
1415.9	1.519e3
1416.6	4.071e3
1417.3	1.341e3
1418.1	2.678e3
1418.7	1.420e2
1419.2	2.716e3
1419.7	1.870e2
1420.3	9.880e2
1421.0	2.274e3
1421.9	9.990e2
1422.7	2.027e3
1423.3	2.360e2
1423.9	1.904e3
1424.9	7.690e2
1425.8	2.539e3
1426.6	7.110e2
1427.3	1.823e3
1427.8	3.800e1
1428.4	2.607e3
1429.0	2.900e1
1429.5	1.414e3
1430.1	5.530e2
1430.7	1.745e3
1431.4	5.190e2
1432.0	1.954e3
1432.8	9.400e2
1433.6	2.663e3
1434.2	4.300e2
1434.9	2.086e3
1435.4	2.300e2
1436.0	1.242e3
1437.0	2.112e3
1437.9	2.133e3
1438.5	2.010e2
1439.1	3.012e3
1440.1	1.475e3
1441.1	2.504e3
1441.7	1.790e2
1442.3	2.549e3
1443.0	1.366e3
1443.7	2.564e3
1444.3	2.330e2
1444.9	2.157e3
1445.8	1.251e3
1446.6	3.007e3
1447.6	1.719e3
1448.3	9.070e2
1449.3	2.471e3
1450.1	1.206e3
1450.9	2.174e3
1451.5	5.600e1
1452.0	1.871e3
1452.6	2.840e2
1453.3	1.485e3
1454.4	1.892e3
1455.4	1.817e3
1456.3	3.014e3
1456.9	4.800e1
1457.4	1.225e3
1458.2	1.750e3
1459.1	2.187e3
1459.8	3.820e2
1460.5	2.129e3
1461.1	9.400e1
1461.6	1.410e3
1462.5	2.818e3
1463.3	9.080e2
1464.0	1.951e3
1464.5	8.800e1
1465.1	2.418e3
1465.9	1.531e3
1466.6	2.300e1
1467.1	2.472e3
1467.6	1.000e2
1468.1	1.745e3
1469.1	1.647e3
1470.0	1.373e3
1470.5	3.200e1
1471.2	3.088e3
1471.8	1.130e2
1472.3	1.587e3
1473.0	1.082e3
1473.8	2.066e3
1474.4	7.200e1
1475.1	2.231e3
1476.0	1.551e3
1477.0	1.834e3
1478.0	1.346e3
1478.5	2.730e2
1479.1	1.331e3
1479.8	4.740e2
1480.5	1.569e3
1481.4	1.752e3
1482.1	7.370e2
1482.8	1.252e3
1483.3	9.300e1
1483.9	1.124e3
1484.8	2.001e3
1485.5	4.210e2
1486.4	2.182e3
1487.3	1.711e3
1487.9	6.200e1
1488.4	1.301e3
1489.2	6.630e2
1490.0	1.986e3
1490.6	7.300e1
1491.1	2.410e3
1491.7	7.500e1
1492.2	1.948e3
1492.8	1.040e2
1493.4	2.222e3
1494.5	2.278e3
1495.4	1.425e3
1496.4	1.565e3
1497.2	9.620e2
1498.0	1.408e3
1499.0	2.006e3
1500.0	1.380e3
1500.5	1.500e2
1501.1	1.300e3
1502.0	7.460e2
1502.7	2.282e3
1503.2	1.840e2
1503.9	1.741e3
1504.4	4.000e1
1504.9	1.458e3
1505.8	1.460e3
1506.6	5.550e2
1507.4	2.928e3
1508.3	1.590e3
1509.0	2.140e2
1509.6	1.402e3
1510.5	2.852e3
1511.2	3.700e2
1511.9	2.732e3
1512.8	1.962e3
1513.7	1.684e3
1514.6	1.504e3
1515.5	1.469e3
1516.5	1.948e3
1517.0	1.470e2
1517.7	7.850e2
1518.5	2.294e3
1519.4	1.072e3
1520.4	2.675e3
1521.1	8.160e2
1521.8	1.820e3
1522.8	1.882e3
1523.3	2.570e2
1523.9	1.350e3
1524.7	2.156e3
1525.5	7.510e2
1526.2	2.341e3
1527.1	1.361e3
1527.9	2.000e3
1528.8	2.850e3
1529.4	2.400e2
1530.0	1.632e3
1531.0	1.434e3
1531.8	2.348e3
1532.3	1.280e2
1532.9	1.990e3
1534.0	2.004e3
1534.9	9.870e2
1535.9	1.828e3
1536.7	8.600e2
1537.5	2.503e3
1538.0	9.600e1
1538.5	2.019e3
1539.1	3.700e1
1539.6	2.522e3
1540.5	1.978e3
1541.4	1.216e3
1542.2	8.540e2
1543.1	2.057e3
1543.8	6.610e2
1544.7	2.107e3
1545.4	6.520e2
1546.0	1.631e3
1546.7	3.130e2
1547.2	2.606e3
1548.2	1.456e3
1549.2	1.952e3
1550.2	1.730e3
1551.1	1.349e3
1551.8	4.640e2
1552.5	1.839e3
1553.4	1.912e3
1554.4	2.697e3
1555.1	9.000e2
1556.0	2.014e3
1556.7	7.020e2
1557.3	9.040e2
1558.2	1.764e3
1558.7	1.200e1
1559.2	1.969e3
1559.8	2.950e2
1560.4	1.820e3
1561.2	1.062e3
1562.1	2.384e3
1562.7	1.630e2
1563.3	2.105e3
1564.3	1.634e3
1565.0	4.030e2
1565.6	1.957e3
1566.1	1.200e1
1566.6	1.907e3
1567.5	2.077e3
1568.3	1.020e2
1568.9	1.180e3
1569.8	1.988e3
1570.7	9.420e2
1571.2	1.760e2
1571.8	1.340e3
1572.7	8.800e2
1573.7	1.833e3
1574.3	1.410e2
1574.9	1.680e3
1575.8	1.144e3
1576.6	2.356e3
1577.3	4.850e2
1578.0	2.067e3
1578.9	6.980e2
1579.8	1.541e3
1580.4	1.000e2
1581.2	1.581e3
1582.2	1.076e3
1583.1	1.810e3
1583.8	8.180e2
1584.6	1.648e3
1585.2	3.700e1
1585.7	2.531e3
1586.8	2.195e3
1587.8	2.464e3
1588.6	1.081e3
1589.5	9.680e2
1590.2	5.910e2
1591.1	2.175e3
1592.0	1.354e3
1592.9	7.690e2
1593.8	1.749e3
1594.5	4.270e2
1595.1	2.061e3
1595.8	7.060e2
1596.5	1.747e3
1597.1	2.600e2
1597.8	2.101e3
1598.3	1.210e2
1598.9	1.427e3
1599.8	2.711e3
1600.3	1.360e2
1600.9	2.262e3
1601.5	9.300e1
1602.0	9.400e2
1602.6	7.000e0
1603.1	1.749e3
1603.6	3.000e1
1604.1	1.472e3
1604.9	7.710e2
1605.9	2.058e3
1606.5	3.260e2
1607.2	1.522e3
1608.1	1.069e3
1608.7	3.200e1
1609.3	1.780e3
1609.8	2.400e1
1610.3	1.406e3
1611.4	2.802e3
1612.1	9.240e2
1612.9	2.558e3
1613.8	1.550e3
1614.7	1.395e3
1615.3	2.250e2
1615.9	1.517e3
1616.8	2.069e3
1617.6	9.740e2
1618.5	1.351e3
1619.3	8.100e2
1620.3	2.043e3
1621.1	1.398e3
1621.6	6.100e1
1622.3	1.714e3
1622.8	1.810e2
1623.4	1.476e3
1624.1	3.330e2
1624.8	1.387e3
1626.0	1.935e3
1626.5	7.700e1
1627.0	1.795e3
1627.6	2.400e1
1628.1	1.581e3
1629.0	1.552e3
1629.5	1.600e2
1630.1	2.694e3
1630.8	6.280e2
1631.5	2.495e3
1632.0	1.050e2
1632.6	1.542e3
1633.6	2.275e3
1634.2	3.570e2
1634.9	2.266e3
1635.8	1.897e3
1636.5	3.710e2
1637.2	1.562e3
1637.8	3.800e1
1638.4	2.104e3
1639.0	2.200e2
1639.5	2.449e3
1640.5	5.750e2
1641.2	1.580e3
1642.2	7.890e2
1643.2	1.786e3
1644.1	7.740e2
1645.0	1.915e3
1645.7	3.550e2
1646.3	1.743e3
1647.0	4.330e2
1647.8	1.563e3
1648.8	9.320e2
1649.4	1.590e2
1650.1	2.463e3
1651.1	5.340e2
1651.9	1.053e3
1652.5	5.690e2
1653.2	1.762e3
1653.9	3.920e2
1654.6	1.165e3
1655.4	5.950e2
1656.2	1.577e3
1656.8	1.700e2
1657.4	9.520e2
1658.0	7.500e1
1658.5	1.016e3
1659.5	1.220e3
1660.3	2.669e3
1661.0	4.750e2
1661.7	2.296e3
1662.7	1.172e3
1663.6	1.984e3
1664.3	7.900e2
1665.2	2.149e3
1666.0	1.175e3
1667.0	1.465e3
1667.9	9.300e2
1668.4	3.500e1
1669.1	1.662e3
1669.6	4.000e1
1670.1	1.398e3
1671.1	1.318e3
1672.0	1.683e3
1672.5	1.070e2
1673.1	1.435e3
1674.1	1.641e3
1675.0	1.342e3
1675.7	2.420e2
1676.3	1.436e3
1677.1	9.030e2
1677.9	2.173e3
1678.5	2.300e1
1679.0	1.953e3
1679.9	9.230e2
1680.5	5.500e1
1681.0	1.549e3
1681.6	4.110e2
1682.2	1.852e3
1683.2	1.325e3
1684.2	1.841e3
1685.0	1.587e3
1685.7	3.890e2
1686.4	2.243e3
1687.2	3.570e2
1687.8	1.269e3
1688.6	1.087e3
1689.2	2.220e2
1689.8	2.173e3
1690.7	1.090e3
1691.4	2.078e3
1692.0	5.200e1
1692.6	1.912e3
1693.2	1.500e1
1693.8	1.902e3
1694.9	2.548e3
1695.9	1.267e3
1696.4	4.200e1
1697.0	1.329e3
1697.9	2.031e3
1698.6	3.070e2
1699.3	1.531e3
1699.8	2.820e2
1700.4	1.262e3
1701.2	1.199e3
1702.2	1.373e3
1703.1	1.439e3
1704.0	1.975e3
1704.7	1.135e3
1705.5	1.743e3
1706.5	1.801e3
1707.3	5.810e2
1708.0	1.276e3
1709.0	9.060e2
1709.7	6.720e2
1710.6	1.048e3
1711.1	1.200e2
1711.8	1.743e3
1712.5	4.840e2
1713.1	1.161e3
1713.8	1.179e3
1714.9	1.743e3
1715.9	7.160e2
1716.7	1.587e3
1717.4	2.490e2
1717.9	1.086e3
1718.8	2.253e3
1719.7	1.449e3
1720.5	8.590e2
1721.3	1.529e3
1722.0	1.500e1
1722.5	9.670e2
1723.3	6.240e2
1724.0	2.015e3
1724.6	4.400e1
1725.1	2.195e3
1725.7	1.350e2
1726.3	7.230e2
1727.1	1.719e3
1727.9	5.570e2
1728.7	1.550e3
1729.2	1.740e2
1729.8	1.141e3
1730.3	4.900e1
1730.8	1.645e3
1731.9	1.129e3
1732.7	5.470e2
1733.6	1.586e3
1734.5	1.054e3
1735.7	1.470e3
1736.3	3.450e2
1736.9	1.455e3
1737.6	4.190e2
1738.2	1.595e3
1739.2	2.430e3
1739.8	8.200e1
1740.4	1.171e3
1741.2	7.480e2
1742.1	1.696e3
1743.1	1.526e3
1744.0	1.193e3
1745.0	1.939e3
1745.6	4.100e1
1746.1	1.790e3
1746.9	2.096e3
1747.7	1.039e3
1748.7	9.350e2
1749.4	6.800e1
1750.0	1.457e3
1750.9	2.121e3
1751.9	2.197e3
1752.7	3.440e2
1753.4	1.271e3
1754.1	8.360e2
1755.0	1.128e3
1755.9	1.812e3
1756.6	4.450e2
1757.4	1.517e3
1758.4	1.889e3
1759.0	7.330e2
1759.7	1.935e3
1760.4	6.580e2
1761.1	2.220e3
1762.2	2.610e3
1763.1	1.265e3
1763.9	1.710e3
1764.7	5.630e2
1765.5	1.433e3
1766.2	6.600e1
1766.7	1.136e3
1767.3	1.510e2
1767.9	1.725e3
1768.6	1.329e3
1769.5	1.898e3
1770.4	6.840e2
1771.2	2.040e3
1772.1	7.480e2
1772.9	1.086e3
1774.0	1.799e3
1774.7	2.320e2
1775.4	1.553e3
1776.0	2.130e2
1776.9	1.931e3
1777.8	8.170e2
1779.0	9.420e2
1780.0	1.751e3
1780.5	6.900e1
1781.1	1.534e3
1781.6	1.650e2
1782.3	9.610e2
1783.4	1.829e3
1784.4	1.331e3
1785.1	6.230e2
1785.7	1.850e2
1786.3	5.540e2
1787.1	9.180e2
1788.0	8.450e2
1788.8	1.239e3
1789.4	2.490e2
1790.0	1.401e3
1791.0	1.824e3
1792.0	1.708e3
1793.0	1.192e3
1793.7	1.478e3
1794.3	9.500e1
1794.9	1.131e3
1795.8	1.207e3
1796.4	7.900e1
1796.9	1.803e3
1797.7	8.080e2
1798.5	1.286e3
1799.5	1.843e3
1800.4	1.472e3
1801.4	1.831e3
1801.9	4.000e0
1802.4	2.581e3
1802.9	6.700e1
1803.4	1.414e3
1804.4	1.470e3
1805.0	2.240e2
1805.7	9.920e2
1806.6	1.294e3
1807.6	1.707e3
1808.6	1.246e3
1809.5	1.325e3
1810.2	4.340e2
1810.9	1.447e3
1811.7	1.011e3
1812.6	1.200e3
1813.4	1.462e3
1814.4	1.157e3
1815.2	7.150e2
1815.9	6.780e2
1816.6	2.074e3
1817.5	7.690e2
1818.5	2.576e3
1819.2	3.900e2
1819.9	1.503e3
1820.7	5.850e2
1821.6	1.157e3
1822.5	1.338e3
1823.5	6.700e2
1824.3	2.064e3
1825.2	7.580e2
1825.7	1.600e1
1826.2	1.651e3
1826.9	6.700e1
1827.5	1.258e3
1828.3	9.150e2
1829.1	9.950e2
1830.0	1.530e3
1831.1	1.494e3
1832.1	1.680e3
1832.6	1.700e2
1833.2	1.570e3
1834.1	9.410e2
1834.7	2.920e2
1835.4	2.210e3
1836.0	1.600e1
1836.5	1.150e3
1837.4	7.160e2
1838.3	1.394e3
1839.3	1.562e3
1840.3	1.250e3
1841.1	1.039e3
1841.7	1.730e2
1842.4	1.398e3
1843.4	1.605e3
1844.3	1.091e3
1845.3	7.080e2
1846.1	8.770e2
1847.0	6.810e2
1847.8	1.316e3
1848.6	1.491e3
1849.4	8.610e2
1850.1	1.150e2
1850.7	1.056e3
1851.2	1.350e2
1851.8	1.517e3
1852.7	2.770e2
1853.4	5.890e2
1854.2	6.090e2
1855.0	7.420e2
1855.7	1.638e3
1856.4	3.660e2
1857.3	2.244e3
1857.9	1.300e2
1858.5	1.141e3
1859.3	6.620e2
1860.1	1.852e3
1860.8	9.780e2
1861.6	1.100e3
1862.5	6.660e2
1863.5	1.772e3
1864.5	1.279e3
1865.0	9.500e1
1865.5	2.194e3
1866.3	4.250e2
1866.9	1.337e3
1867.6	2.330e2
1868.3	1.638e3
1869.0	5.070e2
1869.7	1.592e3
1870.4	2.540e2
1871.0	1.287e3
1872.0	1.128e3
1872.8	1.558e3
1873.8	1.614e3
1874.7	7.790e2
1875.6	1.685e3
1876.5	1.439e3
1877.1	4.000e0
1877.7	1.713e3
1878.5	6.750e2
1879.2	1.008e3
1879.8	1.020e2
1880.4	1.614e3
1881.4	1.401e3
1882.0	1.410e2
1882.6	2.012e3
1883.6	1.077e3
1884.2	1.580e2
1884.9	1.899e3
1885.4	9.100e1
1886.0	1.714e3
1886.7	6.000e2
1887.4	2.122e3
1888.3	1.072e3
1889.4	1.512e3
1890.0	2.810e2
1890.7	1.305e3
1891.4	3.100e2
1892.1	2.035e3
1892.7	3.940e2
1893.3	1.345e3
1894.1	6.750e2
1894.7	3.110e2
1895.3	3.590e2
1896.0	1.122e3
1897.0	1.313e3
1897.5	1.150e2
1898.2	1.979e3
1898.8	3.190e2
1899.4	1.934e3
1900.4	1.389e3
1901.2	1.489e3
1901.8	3.820e2
1902.5	1.036e3
1903.2	1.475e3
1904.1	1.241e3
1904.9	6.900e2
1905.8	2.680e2
1906.5	1.705e3
1907.4	8.350e2
1908.3	1.888e3
1908.8	1.400e1
1909.4	8.430e2
1910.1	2.040e2
1910.8	1.012e3
1911.3	6.000e1
1911.8	8.020e2
1912.7	1.140e3
1913.5	1.111e3
1914.3	1.855e3
1915.0	4.410e2
1915.7	1.236e3
1916.7	8.810e2
1917.2	4.100e1
1917.8	9.630e2
1918.6	5.910e2
1919.4	1.075e3
1920.0	1.470e2
1920.6	1.206e3
1921.5	5.820e2
1922.2	1.160e2
1922.8	1.561e3
1923.4	7.200e1
1924.0	1.169e3
1924.9	1.671e3
1925.7	5.860e2
1926.4	1.331e3
1927.2	4.400e2
1927.7	2.018e3
1928.7	1.098e3
1929.6	1.125e3
1930.5	8.660e2
1931.4	1.507e3
1932.1	2.690e2
1932.6	1.451e3
1933.2	1.190e2
1933.7	1.540e3
1934.5	6.870e2
1935.2	1.157e3
1936.3	1.101e3
1937.1	7.240e2
1937.7	9.350e2
1938.5	1.056e3
1939.3	8.950e2
1940.1	1.260e3
1940.6	4.000e0
1941.2	9.300e2
1941.9	6.000e2
1942.5	1.494e3
1943.4	1.759e3
1944.3	1.672e3
1945.1	6.680e2
1946.0	1.545e3
1946.6	6.000e0
1947.1	5.250e2
1948.3	1.549e3
1949.2	7.340e2
1950.0	5.280e2
1950.7	1.455e3
1951.3	2.460e2
1951.8	9.620e2
1952.6	3.900e2
1953.6	1.723e3
1954.6	1.479e3
1955.4	7.310e2
1956.1	2.163e3
1957.1	1.088e3
1957.7	4.600e1
1958.3	9.550e2
1959.5	1.438e3
1960.5	1.185e3
1961.5	1.303e3
1962.5	6.080e2
1963.3	9.380e2
1964.4	1.500e3
1965.3	1.343e3
1966.0	1.700e1
1966.6	1.541e3
1967.1	1.170e2
1967.8	1.763e3
1968.5	5.930e2
1969.5	1.393e3
1970.5	1.134e3
1971.2	4.030e2
1972.0	9.380e2
1973.0	1.442e3
1973.7	6.340e2
1974.5	6.060e2
1975.3	1.067e3
1976.3	9.040e2
1977.1	1.620e3
1977.7	4.910e2
1978.3	1.188e3
1978.9	9.000e1
1979.5	1.211e3
1980.1	2.000e2
1980.7	2.196e3
1981.7	1.657e3
1982.5	4.200e2
1983.3	1.120e3
1984.2	1.479e3
1985.1	9.010e2
1986.0	1.272e3
1986.9	6.050e2
1987.9	1.443e3
1988.9	1.708e3
1989.5	1.740e2
1990.1	1.653e3
1990.7	2.910e2
1991.4	1.480e3
1992.4	1.301e3
1993.3	4.740e2
1994.2	5.880e2
1995.2	1.287e3
1996.0	1.363e3
1996.8	1.404e3
1997.5	3.080e2
1998.4	1.670e3
1998.9	2.570e2
1999.4	1.054e3
